,Table Name,State Code,District Code,Area Name,Residence,Age Group,Disabled Persons,Disabled Males,Disabled Females,In Seeing Persons,In Seeing Males,In Seeing Females,In Hearing Persons,In Hearing Males,In Hearing Females,In Speech Persons,In Speech Males,In Speech Females,In Movement Persons,In Movement Males,In Movement Females,In Mental Retardation Persons,In Mental Retardation Males,In Mental Retardation Females,In Mental Illness Persons,In Mental Illness Males,In Mental Illness Females,In Any Other Persons,In Any Other Males,In Any Other Females,In Multiple Disability Persons,In Multiple Disability Males,In Multiple Disability Females
0,C4920,35,0,State-ANDAMAN & NICOBAR ISLANDS,Total,0-4,240,132,108,21,8,13,41,17,24,13,8,5,34,20,14,8,7,1,5,3,2,85,46,39,33,23,10
1,C4920,35,0,State-ANDAMAN & NICOBAR ISLANDS,Total,5-9,358,206,152,24,11,13,54,32,22,58,35,23,62,40,22,19,13,6,12,4,8,55,34,21,74,37,37
2,C4920,35,0,State-ANDAMAN & NICOBAR ISLANDS,Total,10-19,946,492,454,98,53,45,137,60,77,134,75,59,138,87,51,76,37,39,64,29,35,161,79,82,138,72,66
3,C4920,35,0,State-ANDAMAN & NICOBAR ISLANDS,Total,20-29,1102,619,483,114,67,47,176,98,78,133,82,51,236,146,90,86,46,40,80,34,46,158,84,74,119,62,57
4,C4920,35,0,State-ANDAMAN & NICOBAR ISLANDS,Total,30-39,990,593,397,138,73,65,185,93,92,75,43,32,269,180,89,37,23,14,66,34,32,143,91,52,77,56,21
5,C4920,35,0,State-ANDAMAN & NICOBAR ISLANDS,Total,40-49,826,499,327,158,93,65,148,75,73,45,28,17,261,173,88,31,14,17,50,29,21,96,66,30,37,21,16
6,C4920,35,0,State-ANDAMAN & NICOBAR ISLANDS,Total,50-59,715,434,281,158,84,74,147,96,51,30,20,10,207,146,61,19,10,9,53,18,35,58,38,20,43,22,21
7,C4920,35,0,State-ANDAMAN & NICOBAR ISLANDS,Total,60-69,697,405,292,178,89,89,158,93,65,25,13,12,187,121,66,14,7,7,19,6,13,52,34,18,64,42,22
8,C4920,35,0,State-ANDAMAN & NICOBAR ISLANDS,Total,70-79,499,326,173,139,84,55,108,68,40,13,8,5,134,97,37,3,3,0,8,4,4,19,12,7,75,50,25
9,C4920,35,0,State-ANDAMAN & NICOBAR ISLANDS,Total,80-89,210,121,89,46,29,17,47,25,22,2,2,0,50,30,20,1,0,1,5,2,3,8,3,5,51,30,21
10,C4920,35,0,State-ANDAMAN & NICOBAR ISLANDS,Total,90+,74,32,42,10,7,3,18,7,11,3,2,1,14,3,11,0,0,0,2,0,2,2,2,0,25,11,14
11,C4920,35,0,State-ANDAMAN & NICOBAR ISLANDS,Total,Age Not Stated,3,2,1,0,0,0,0,0,0,0,0,0,1,0,1,0,0,0,0,0,0,1,1,0,1,1,0
12,C4920,35,0,State-ANDAMAN & NICOBAR ISLANDS,Rural,Total,4880,2834,2046,919,511,408,834,464,370,362,216,146,1195,776,419,189,107,82,264,107,157,545,324,221,572,329,243
13,C4920,35,0,State-ANDAMAN & NICOBAR ISLANDS,Rural,0-4,169,99,70,15,6,9,21,12,9,10,6,4,27,16,11,5,4,1,3,2,1,63,36,27,25,17,8
14,C4920,35,0,State-ANDAMAN & NICOBAR ISLANDS,Rural,5-9,233,138,95,15,7,8,31,20,11,42,25,17,48,31,17,10,7,3,10,3,7,36,26,10,41,19,22
15,C4920,35,0,State-ANDAMAN & NICOBAR ISLANDS,Rural,10-19,632,325,307,75,44,31,76,31,45,98,54,44,95,60,35,47,23,24,49,20,29,101,49,52,91,44,47
16,C4920,35,0,State-ANDAMAN & NICOBAR ISLANDS,Rural,20-29,760,441,319,83,50,33,116,65,51,88,57,31,158,102,56,57,32,25,57,24,33,112,62,50,89,49,40
17,C4920,35,0,State-ANDAMAN & NICOBAR ISLANDS,Rural,30-39,672,403,269,109,58,51,112,58,54,44,25,19,199,131,68,26,16,10,44,21,23,85,57,28,53,37,16
18,C4920,35,0,State-ANDAMAN & NICOBAR ISLANDS,Rural,40-49,592,350,242,141,84,57,90,45,45,28,18,10,191,125,66,21,10,11,34,17,17,54,34,20,33,17,16
19,C4920,35,0,State-ANDAMAN & NICOBAR ISLANDS,Rural,50-59,544,318,226,138,71,67,107,67,40,22,14,8,149,102,47,12,7,5,40,12,28,35,25,10,41,20,21
20,C4920,35,0,State-ANDAMAN & NICOBAR ISLANDS,Rural,60-69,584,334,250,164,81,83,128,76,52,16,8,8,161,101,60,8,5,3,15,5,10,35,21,14,57,37,20
21,C4920,35,0,State-ANDAMAN & NICOBAR ISLANDS,Rural,70-79,439,285,154,127,76,51,94,61,33,10,6,4,111,78,33,3,3,0,6,2,4,16,10,6,72,49,23
22,C4920,35,0,State-ANDAMAN & NICOBAR ISLANDS,Rural,80-89,183,108,75,42,27,15,41,22,19,1,1,0,44,27,17,0,0,0,4,1,3,6,2,4,45,28,17
23,C4920,35,0,State-ANDAMAN & NICOBAR ISLANDS,Rural,90+,69,31,38,10,7,3,18,7,11,3,2,1,11,3,8,0,0,0,2,0,2,1,1,0,24,11,13
24,C4920,35,0,State-ANDAMAN & NICOBAR ISLANDS,Rural,Age Not Stated,3,2,1,0,0,0,0,0,0,0,0,0,1,0,1,0,0,0,0,0,0,1,1,0,1,1,0
25,C4920,35,0,State-ANDAMAN & NICOBAR ISLANDS,Urban,Total,1780,1027,753,165,87,78,385,200,185,169,100,69,398,267,131,105,53,52,100,56,44,293,166,127,165,98,67
26,C4920,35,0,State-ANDAMAN & NICOBAR ISLANDS,Urban,0-4,71,33,38,6,2,4,20,5,15,3,2,1,7,4,3,3,3,0,2,1,1,22,10,12,8,6,2
27,C4920,35,0,State-ANDAMAN & NICOBAR ISLANDS,Urban,5-9,125,68,57,9,4,5,23,12,11,16,10,6,14,9,5,9,6,3,2,1,1,19,8,11,33,18,15
28,C4920,35,0,State-ANDAMAN & NICOBAR ISLANDS,Urban,10-19,314,167,147,23,9,14,61,29,32,36,21,15,43,27,16,29,14,15,15,9,6,60,30,30,47,28,19
29,C4920,35,0,State-ANDAMAN & NICOBAR ISLANDS,Urban,20-29,342,178,164,31,17,14,60,33,27,45,25,20,78,44,34,29,14,15,23,10,13,46,22,24,30,13,17
30,C4920,35,0,State-ANDAMAN & NICOBAR ISLANDS,Urban,30-39,318,190,128,29,15,14,73,35,38,31,18,13,70,49,21,11,7,4,22,13,9,58,34,24,24,19,5
31,C4920,35,0,State-ANDAMAN & NICOBAR ISLANDS,Urban,40-49,234,149,85,17,9,8,58,30,28,17,10,7,70,48,22,10,4,6,16,12,4,42,32,10,4,4,0
32,C4920,35,0,State-ANDAMAN & NICOBAR ISLANDS,Urban,50-59,171,116,55,20,13,7,40,29,11,8,6,2,58,44,14,7,3,4,13,6,7,23,13,10,2,2,0
33,C4920,35,0,State-ANDAMAN & NICOBAR ISLANDS,Urban,60-69,113,71,42,14,8,6,30,17,13,9,5,4,26,20,6,6,2,4,4,1,3,17,13,4,7,5,2
34,C4920,35,0,State-ANDAMAN & NICOBAR ISLANDS,Urban,70-79,60,41,19,12,8,4,14,7,7,3,2,1,23,19,4,0,0,0,2,2,0,3,2,1,3,1,2
35,C4920,35,0,State-ANDAMAN & NICOBAR ISLANDS,Urban,80-89,27,13,14,4,2,2,6,3,3,1,1,0,6,3,3,1,0,1,1,1,0,2,1,1,6,2,4
36,C4920,35,0,State-ANDAMAN & NICOBAR ISLANDS,Urban,90+,5,1,4,0,0,0,0,0,0,0,0,0,3,0,3,0,0,0,0,0,0,1,1,0,1,0,1
37,C4920,35,0,State-ANDAMAN & NICOBAR ISLANDS,Urban,Age Not Stated,0,0,0,0,0,0,0,0,0,0,0,0,0,0,0,0,0,0,0,0,0,0,0,0,0,0,0
38,C4920,35,638,District-Nicobars,Total,Total,646,368,278,113,57,56,96,50,46,39,20,19,175,117,58,21,10,11,46,18,28,69,44,25,87,52,35
39,C4920,35,638,District-Nicobars,Total,0-4,33,17,16,2,1,1,0,0,0,0,0,0,2,0,2,0,0,0,0,0,0,25,14,11,4,2,2
40,C4920,35,638,District-Nicobars,Total,5-9,26,19,7,2,0,2,1,1,0,5,3,2,8,6,2,0,0,0,0,0,0,4,4,0,6,5,1
41,C4920,35,638,District-Nicobars,Total,10-19,66,33,33,6,4,2,5,2,3,15,6,9,10,8,2,3,0,3,7,2,5,5,3,2,15,8,7
42,C4920,35,638,District-Nicobars,Total,20-29,80,43,37,15,10,5,7,5,2,7,4,3,20,10,10,3,1,2,11,5,6,6,5,1,11,3,8
43,C4920,35,638,District-Nicobars,Total,30-39,90,51,39,23,10,13,11,5,6,5,3,2,19,13,6,5,2,3,8,4,4,7,6,1,12,8,4
44,C4920,35,638,District-Nicobars,Total,40-49,85,50,35,16,7,9,11,6,5,1,0,1,34,23,11,5,3,2,5,3,2,6,4,2,7,4,3
45,C4920,35,638,District-Nicobars,Total,50-59,85,53,32,14,9,5,15,9,6,5,3,2,26,18,8,4,3,1,9,3,6,7,4,3,5,4,1
46,C4920,35,638,District-Nicobars,Total,60-69,87,46,41,17,7,10,19,10,9,0,0,0,29,18,11,1,1,0,3,1,2,6,3,3,12,6,6
47,C4920,35,638,District-Nicobars,Total,70-79,60,36,24,14,6,8,20,10,10,0,0,0,17,13,4,0,0,0,0,0,0,1,1,0,8,6,2
48,C4920,35,638,District-Nicobars,Total,80-89,26,16,10,4,3,1,4,0,4,1,1,0,10,8,2,0,0,0,1,0,1,2,0,2,4,4,0
49,C4920,35,638,District-Nicobars,Total,90+,8,4,4,0,0,0,3,2,1,0,0,0,0,0,0,0,0,0,2,0,2,0,0,0,3,2,1
50,C4920,35,638,District-Nicobars,Total,Age Not Stated,0,0,0,0,0,0,0,0,0,0,0,0,0,0,0,0,0,0,0,0,0,0,0,0,0,0,0
51,C4920,35,638,District-Nicobars,Rural,Total,646,368,278,113,57,56,96,50,46,39,20,19,175,117,58,21,10,11,46,18,28,69,44,25,87,52,35
52,C4920,35,638,District-Nicobars,Rural,0-4,33,17,16,2,1,1,0,0,0,0,0,0,2,0,2,0,0,0,0,0,0,25,14,11,4,2,2
53,C4920,35,638,District-Nicobars,Rural,5-9,26,19,7,2,0,2,1,1,0,5,3,2,8,6,2,0,0,0,0,0,0,4,4,0,6,5,1
54,C4920,35,638,District-Nicobars,Rural,10-19,66,33,33,6,4,2,5,2,3,15,6,9,10,8,2,3,0,3,7,2,5,5,3,2,15,8,7
55,C4920,35,638,District-Nicobars,Rural,20-29,80,43,37,15,10,5,7,5,2,7,4,3,20,10,10,3,1,2,11,5,6,6,5,1,11,3,8
56,C4920,35,638,District-Nicobars,Rural,30-39,90,51,39,23,10,13,11,5,6,5,3,2,19,13,6,5,2,3,8,4,4,7,6,1,12,8,4
57,C4920,35,638,District-Nicobars,Rural,40-49,85,50,35,16,7,9,11,6,5,1,0,1,34,23,11,5,3,2,5,3,2,6,4,2,7,4,3
58,C4920,35,638,District-Nicobars,Rural,50-59,85,53,32,14,9,5,15,9,6,5,3,2,26,18,8,4,3,1,9,3,6,7,4,3,5,4,1
59,C4920,35,638,District-Nicobars,Rural,60-69,87,46,41,17,7,10,19,10,9,0,0,0,29,18,11,1,1,0,3,1,2,6,3,3,12,6,6
60,C4920,35,638,District-Nicobars,Rural,70-79,60,36,24,14,6,8,20,10,10,0,0,0,17,13,4,0,0,0,0,0,0,1,1,0,8,6,2
61,C4920,35,638,District-Nicobars,Rural,80-89,26,16,10,4,3,1,4,0,4,1,1,0,10,8,2,0,0,0,1,0,1,2,0,2,4,4,0
62,C4920,35,638,District-Nicobars,Rural,90+,8,4,4,0,0,0,3,2,1,0,0,0,0,0,0,0,0,0,2,0,2,0,0,0,3,2,1
63,C4920,35,638,District-Nicobars,Rural,Age Not Stated,0,0,0,0,0,0,0,0,0,0,0,0,0,0,0,0,0,0,0,0,0,0,0,0,0,0,0
64,C4920,35,638,District-Nicobars,Urban,Total,0,0,0,0,0,0,0,0,0,0,0,0,0,0,0,0,0,0,0,0,0,0,0,0,0,0,0
65,C4920,35,638,District-Nicobars,Urban,0-4,0,0,0,0,0,0,0,0,0,0,0,0,0,0,0,0,0,0,0,0,0,0,0,0,0,0,0
66,C4920,35,638,District-Nicobars,Urban,5-9,0,0,0,0,0,0,0,0,0,0,0,0,0,0,0,0,0,0,0,0,0,0,0,0,0,0,0
67,C4920,35,638,District-Nicobars,Urban,10-19,0,0,0,0,0,0,0,0,0,0,0,0,0,0,0,0,0,0,0,0,0,0,0,0,0,0,0
68,C4920,35,638,District-Nicobars,Urban,20-29,0,0,0,0,0,0,0,0,0,0,0,0,0,0,0,0,0,0,0,0,0,0,0,0,0,0,0
69,C4920,35,638,District-Nicobars,Urban,30-39,0,0,0,0,0,0,0,0,0,0,0,0,0,0,0,0,0,0,0,0,0,0,0,0,0,0,0
70,C4920,35,638,District-Nicobars,Urban,40-49,0,0,0,0,0,0,0,0,0,0,0,0,0,0,0,0,0,0,0,0,0,0,0,0,0,0,0
71,C4920,35,638,District-Nicobars,Urban,50-59,0,0,0,0,0,0,0,0,0,0,0,0,0,0,0,0,0,0,0,0,0,0,0,0,0,0,0
72,C4920,35,638,District-Nicobars,Urban,60-69,0,0,0,0,0,0,0,0,0,0,0,0,0,0,0,0,0,0,0,0,0,0,0,0,0,0,0
73,C4920,35,638,District-Nicobars,Urban,70-79,0,0,0,0,0,0,0,0,0,0,0,0,0,0,0,0,0,0,0,0,0,0,0,0,0,0,0
74,C4920,35,638,District-Nicobars,Urban,80-89,0,0,0,0,0,0,0,0,0,0,0,0,0,0,0,0,0,0,0,0,0,0,0,0,0,0,0
75,C4920,35,638,District-Nicobars,Urban,90+,0,0,0,0,0,0,0,0,0,0,0,0,0,0,0,0,0,0,0,0,0,0,0,0,0,0,0
76,C4920,35,638,District-Nicobars,Urban,Age Not Stated,0,0,0,0,0,0,0,0,0,0,0,0,0,0,0,0,0,0,0,0,0,0,0,0,0,0,0
77,C4920,35,639,District-North  & Middle Andaman,Total,Total,2538,1484,1054,605,341,264,344,192,152,182,107,75,648,413,235,92,61,31,128,49,79,213,133,80,326,188,138
78,C4920,35,639,District-North  & Middle Andaman,Total,0-4,70,46,24,6,3,3,6,4,2,7,5,2,15,11,4,3,2,1,1,0,1,20,12,8,12,9,3
79,C4920,35,639,District-North  & Middle Andaman,Total,5-9,120,66,54,6,4,2,11,7,4,23,11,12,30,17,13,4,3,1,8,3,5,16,11,5,22,10,12
80,C4920,35,639,District-North  & Middle Andaman,Total,10-19,311,170,141,48,27,21,25,11,14,49,29,20,58,36,22,20,13,7,21,13,8,46,23,23,44,18,26
81,C4920,35,639,District-North  & Middle Andaman,Total,20-29,339,212,127,41,28,13,25,16,9,50,31,19,87,61,26,31,19,12,19,7,12,39,25,14,47,25,22
82,C4920,35,639,District-North  & Middle Andaman,Total,30-39,290,183,107,59,33,26,32,19,13,15,7,8,101,70,31,14,11,3,19,7,12,29,20,9,21,16,5
83,C4920,35,639,District-North  & Middle Andaman,Total,40-49,295,176,119,91,58,33,39,16,23,12,9,3,89,56,33,9,5,4,19,8,11,21,15,6,15,9,6
84,C4920,35,639,District-North  & Middle Andaman,Total,50-59,303,158,145,98,42,56,49,28,21,8,5,3,79,50,29,3,2,1,24,7,17,15,10,5,27,14,13
85,C4920,35,639,District-North  & Middle Andaman,Total,60-69,364,198,166,123,62,61,74,40,34,11,6,5,92,52,40,5,3,2,8,1,7,13,7,6,38,27,11
86,C4920,35,639,District-North  & Middle Andaman,Total,70-79,289,193,96,98,63,35,48,32,16,5,3,2,71,49,22,3,3,0,6,2,4,10,7,3,48,34,14
87,C4920,35,639,District-North  & Middle Andaman,Total,80-89,108,61,47,27,16,11,23,14,9,0,0,0,19,10,9,0,0,0,3,1,2,3,2,1,33,18,15
88,C4920,35,639,District-North  & Middle Andaman,Total,90+,49,21,28,8,5,3,12,5,7,2,1,1,7,1,6,0,0,0,0,0,0,1,1,0,19,8,11
89,C4920,35,639,District-North  & Middle Andaman,Total,Age Not Stated,0,0,0,0,0,0,0,0,0,0,0,0,0,0,0,0,0,0,0,0,0,0,0,0,0,0,0
90,C4920,35,639,District-North  & Middle Andaman,Rural,Total,2497,1459,1038,598,338,260,341,189,152,182,107,75,633,405,228,89,58,31,124,46,78,211,132,79,319,184,135
91,C4920,35,639,District-North  & Middle Andaman,Rural,0-4,70,46,24,6,3,3,6,4,2,7,5,2,15,11,4,3,2,1,1,0,1,20,12,8,12,9,3
92,C4920,35,639,District-North  & Middle Andaman,Rural,5-9,118,65,53,6,4,2,11,7,4,23,11,12,30,17,13,4,3,1,8,3,5,16,11,5,20,9,11
93,C4920,35,639,District-North  & Middle Andaman,Rural,10-19,307,167,140,48,27,21,25,11,14,49,29,20,56,35,21,20,13,7,20,12,8,46,23,23,43,17,26
94,C4920,35,639,District-North  & Middle Andaman,Rural,20-29,329,206,123,39,27,12,25,16,9,50,31,19,84,59,25,29,17,12,18,7,11,39,25,14,45,24,21
95,C4920,35,639,District-North  & Middle Andaman,Rural,30-39,287,182,105,59,33,26,32,19,13,15,7,8,99,69,30,14,11,3,19,7,12,29,20,9,20,16,4
96,C4920,35,639,District-North  & Middle Andaman,Rural,40-49,291,175,116,91,58,33,39,16,23,12,9,3,86,56,30,8,4,4,19,8,11,21,15,6,15,9,6
97,C4920,35,639,District-North  & Middle Andaman,Rural,50-59,297,154,143,97,42,55,48,27,21,8,5,3,77,48,29,3,2,1,23,6,17,14,10,4,27,14,13
98,C4920,35,639,District-North  & Middle Andaman,Rural,60-69,358,195,163,119,60,59,74,40,34,11,6,5,91,52,39,5,3,2,8,1,7,13,7,6,37,26,11
99,C4920,35,639,District-North  & Middle Andaman,Rural,70-79,283,187,96,98,63,35,46,30,16,5,3,2,69,47,22,3,3,0,5,1,4,9,6,3,48,34,14
100,C4920,35,639,District-North  & Middle Andaman,Rural,80-89,108,61,47,27,16,11,23,14,9,0,0,0,19,10,9,0,0,0,3,1,2,3,2,1,33,18,15
101,C4920,35,639,District-North  & Middle Andaman,Rural,90+,49,21,28,8,5,3,12,5,7,2,1,1,7,1,6,0,0,0,0,0,0,1,1,0,19,8,11
102,C4920,35,639,District-North  & Middle Andaman,Rural,Age Not Stated,0,0,0,0,0,0,0,0,0,0,0,0,0,0,0,0,0,0,0,0,0,0,0,0,0,0,0
103,C4920,35,639,District-North  & Middle Andaman,Urban,Total,41,25,16,7,3,4,3,3,0,0,0,0,15,8,7,3,3,0,4,3,1,2,1,1,7,4,3
104,C4920,35,639,District-North  & Middle Andaman,Urban,0-4,0,0,0,0,0,0,0,0,0,0,0,0,0,0,0,0,0,0,0,0,0,0,0,0,0,0,0
105,C4920,35,639,District-North  & Middle Andaman,Urban,5-9,2,1,1,0,0,0,0,0,0,0,0,0,0,0,0,0,0,0,0,0,0,0,0,0,2,1,1
106,C4920,35,639,District-North  & Middle Andaman,Urban,10-19,4,3,1,0,0,0,0,0,0,0,0,0,2,1,1,0,0,0,1,1,0,0,0,0,1,1,0
107,C4920,35,639,District-North  & Middle Andaman,Urban,20-29,10,6,4,2,1,1,0,0,0,0,0,0,3,2,1,2,2,0,1,0,1,0,0,0,2,1,1
108,C4920,35,639,District-North  & Middle Andaman,Urban,30-39,3,1,2,0,0,0,0,0,0,0,0,0,2,1,1,0,0,0,0,0,0,0,0,0,1,0,1
109,C4920,35,639,District-North  & Middle Andaman,Urban,40-49,4,1,3,0,0,0,0,0,0,0,0,0,3,0,3,1,1,0,0,0,0,0,0,0,0,0,0
110,C4920,35,639,District-North  & Middle Andaman,Urban,50-59,6,4,2,1,0,1,1,1,0,0,0,0,2,2,0,0,0,0,1,1,0,1,0,1,0,0,0
111,C4920,35,639,District-North  & Middle Andaman,Urban,60-69,6,3,3,4,2,2,0,0,0,0,0,0,1,0,1,0,0,0,0,0,0,0,0,0,1,1,0
112,C4920,35,639,District-North  & Middle Andaman,Urban,70-79,6,6,0,0,0,0,2,2,0,0,0,0,2,2,0,0,0,0,1,1,0,1,1,0,0,0,0
113,C4920,35,639,District-North  & Middle Andaman,Urban,80-89,0,0,0,0,0,0,0,0,0,0,0,0,0,0,0,0,0,0,0,0,0,0,0,0,0,0,0
114,C4920,35,639,District-North  & Middle Andaman,Urban,90+,0,0,0,0,0,0,0,0,0,0,0,0,0,0,0,0,0,0,0,0,0,0,0,0,0,0,0
115,C4920,35,639,District-North  & Middle Andaman,Urban,Age Not Stated,0,0,0,0,0,0,0,0,0,0,0,0,0,0,0,0,0,0,0,0,0,0,0,0,0,0,0
116,C4920,35,640,District-South Andaman,Total,Total,3476,2009,1467,366,200,166,779,422,357,310,189,121,770,513,257,181,89,92,190,96,94,556,313,243,324,187,137
117,C4920,35,640,District-South Andaman,Total,0-4,137,69,68,13,4,9,35,13,22,6,3,3,17,9,8,5,5,0,4,3,1,40,20,20,17,12,5
118,C4920,35,640,District-South Andaman,Total,5-9,212,121,91,16,7,9,42,24,18,30,21,9,24,17,7,15,10,5,4,1,3,35,19,16,46,22,24
119,C4920,35,640,District-South Andaman,Total,10-19,569,289,280,44,22,22,107,47,60,70,40,30,70,43,27,53,24,29,36,14,22,110,53,57,79,46,33
120,C4920,35,640,District-South Andaman,Total,20-29,683,364,319,58,29,29,144,77,67,76,47,29,129,75,54,52,26,26,50,22,28,113,54,59,61,34,27
121,C4920,35,640,District-South Andaman,Total,30-39,610,359,251,56,30,26,142,69,73,55,33,22,149,97,52,18,10,8,39,23,16,107,65,42,44,32,12
122,C4920,35,640,District-South Andaman,Total,40-49,446,273,173,51,28,23,98,53,45,32,19,13,138,94,44,17,6,11,26,18,8,69,47,22,15,8,7
123,C4920,35,640,District-South Andaman,Total,50-59,327,223,104,46,33,13,83,59,24,17,12,5,102,78,24,12,5,7,20,8,12,36,24,12,11,4,7
124,C4920,35,640,District-South Andaman,Total,60-69,246,161,85,38,20,18,65,43,22,14,7,7,66,51,15,8,3,5,8,4,4,33,24,9,14,9,5
125,C4920,35,640,District-South Andaman,Total,70-79,150,97,53,27,15,12,40,26,14,8,5,3,46,35,11,0,0,0,2,2,0,8,4,4,19,10,9
126,C4920,35,640,District-South Andaman,Total,80-89,76,44,32,15,10,5,20,11,9,1,1,0,21,12,9,1,0,1,1,1,0,3,1,2,14,8,6
127,C4920,35,640,District-South Andaman,Total,90+,17,7,10,2,2,0,3,0,3,1,1,0,7,2,5,0,0,0,0,0,0,1,1,0,3,1,2
128,C4920,35,640,District-South Andaman,Total,Age Not Stated,3,2,1,0,0,0,0,0,0,0,0,0,1,0,1,0,0,0,0,0,0,1,1,0,1,1,0
129,C4920,35,640,District-South Andaman,Rural,Total,1737,1007,730,208,116,92,397,225,172,141,89,52,387,254,133,79,39,40,94,43,51,265,148,117,166,93,73
130,C4920,35,640,District-South Andaman,Rural,0-4,66,36,30,7,2,5,15,8,7,3,1,2,10,5,5,2,2,0,2,2,0,18,10,8,9,6,3
131,C4920,35,640,District-South Andaman,Rural,5-9,89,54,35,7,3,4,19,12,7,14,11,3,10,8,2,6,4,2,2,0,2,16,11,5,15,5,10
132,C4920,35,640,District-South Andaman,Rural,10-19,259,125,134,21,13,8,46,18,28,34,19,15,29,17,12,24,10,14,22,6,16,50,23,27,33,19,14
133,C4920,35,640,District-South Andaman,Rural,20-29,351,192,159,29,13,16,84,44,40,31,22,9,54,33,21,25,14,11,28,12,16,67,32,35,33,22,11
134,C4920,35,640,District-South Andaman,Rural,30-39,295,170,125,27,15,12,69,34,35,24,15,9,81,49,32,7,3,4,17,10,7,49,31,18,21,13,8
135,C4920,35,640,District-South Andaman,Rural,40-49,216,125,91,34,19,15,40,23,17,15,9,6,71,46,25,8,3,5,10,6,4,27,15,12,11,4,7
136,C4920,35,640,District-South Andaman,Rural,50-59,162,111,51,27,20,7,44,31,13,9,6,3,46,36,10,5,2,3,8,3,5,14,11,3,9,2,7
137,C4920,35,640,District-South Andaman,Rural,60-69,139,93,46,28,14,14,35,26,9,5,2,3,41,31,10,2,1,1,4,3,1,16,11,5,8,5,3
138,C4920,35,640,District-South Andaman,Rural,70-79,96,62,34,15,7,8,28,21,7,5,3,2,25,18,7,0,0,0,1,1,0,6,3,3,16,9,7
139,C4920,35,640,District-South Andaman,Rural,80-89,49,31,18,11,8,3,14,8,6,0,0,0,15,9,6,0,0,0,0,0,0,1,0,1,8,6,2
140,C4920,35,640,District-South Andaman,Rural,90+,12,6,6,2,2,0,3,0,3,1,1,0,4,2,2,0,0,0,0,0,0,0,0,0,2,1,1
141,C4920,35,640,District-South Andaman,Rural,Age Not Stated,3,2,1,0,0,0,0,0,0,0,0,0,1,0,1,0,0,0,0,0,0,1,1,0,1,1,0
142,C4920,35,640,District-South Andaman,Urban,Total,1739,1002,737,158,84,74,382,197,185,169,100,69,383,259,124,102,50,52,96,53,43,291,165,126,158,94,64
143,C4920,35,640,District-South Andaman,Urban,0-4,71,33,38,6,2,4,20,5,15,3,2,1,7,4,3,3,3,0,2,1,1,22,10,12,8,6,2
144,C4920,35,640,District-South Andaman,Urban,5-9,123,67,56,9,4,5,23,12,11,16,10,6,14,9,5,9,6,3,2,1,1,19,8,11,31,17,14
145,C4920,35,640,District-South Andaman,Urban,10-19,310,164,146,23,9,14,61,29,32,36,21,15,41,26,15,29,14,15,14,8,6,60,30,30,46,27,19
146,C4920,35,640,District-South Andaman,Urban,20-29,332,172,160,29,16,13,60,33,27,45,25,20,75,42,33,27,12,15,22,10,12,46,22,24,28,12,16
147,C4920,35,640,District-South Andaman,Urban,30-39,315,189,126,29,15,14,73,35,38,31,18,13,68,48,20,11,7,4,22,13,9,58,34,24,23,19,4
148,C4920,35,640,District-South Andaman,Urban,40-49,230,148,82,17,9,8,58,30,28,17,10,7,67,48,19,9,3,6,16,12,4,42,32,10,4,4,0
149,C4920,35,640,District-South Andaman,Urban,50-59,165,112,53,19,13,6,39,28,11,8,6,2,56,42,14,7,3,4,12,5,7,22,13,9,2,2,0
150,C4920,35,640,District-South Andaman,Urban,60-69,107,68,39,10,6,4,30,17,13,9,5,4,25,20,5,6,2,4,4,1,3,17,13,4,6,4,2
151,C4920,35,640,District-South Andaman,Urban,70-79,54,35,19,12,8,4,12,5,7,3,2,1,21,17,4,0,0,0,1,1,0,2,1,1,3,1,2
152,C4920,35,640,District-South Andaman,Urban,80-89,27,13,14,4,2,2,6,3,3,1,1,0,6,3,3,1,0,1,1,1,0,2,1,1,6,2,4
153,C4920,35,640,District-South Andaman,Urban,90+,5,1,4,0,0,0,0,0,0,0,0,0,3,0,3,0,0,0,0,0,0,1,1,0,1,0,1
154,C4920,35,640,District-South Andaman,Urban,Age Not Stated,0,0,0,0,0,0,0,0,0,0,0,0,0,0,0,0,0,0,0,0,0,0,0,0,0,0,0
155,C4920,4,0,State-CHANDIGARH,Total,0-4,554,317,237,81,47,34,136,72,64,17,10,7,68,44,24,25,13,12,14,8,6,158,90,68,55,33,22
156,C4920,4,0,State-CHANDIGARH,Total,5-9,977,545,432,109,66,43,141,58,83,107,65,42,148,87,61,102,60,42,43,22,21,178,103,75,149,84,65
157,C4920,4,0,State-CHANDIGARH,Total,10-19,2540,1538,1002,313,207,106,370,181,189,197,120,77,439,268,171,350,215,135,136,86,50,435,269,166,300,192,108
158,C4920,4,0,State-CHANDIGARH,Total,20-29,2795,1651,1144,246,145,101,479,234,245,228,131,97,684,437,247,260,168,92,158,105,53,538,317,221,202,114,88
159,C4920,4,0,State-CHANDIGARH,Total,30-39,2096,1278,818,198,130,68,351,179,172,136,83,53,624,405,219,159,98,61,140,82,58,374,236,138,114,65,49
160,C4920,4,0,State-CHANDIGARH,Total,40-49,1893,1190,703,214,134,80,329,186,143,97,53,44,543,382,161,100,68,32,124,61,63,356,225,131,130,81,49
161,C4920,4,0,State-CHANDIGARH,Total,50-59,1526,955,571,222,141,81,224,124,100,90,52,38,485,333,152,61,41,20,68,42,26,252,156,96,124,66,58
162,C4920,4,0,State-CHANDIGARH,Total,60-69,1156,638,518,204,107,97,170,87,83,52,28,24,399,219,180,25,17,8,39,23,16,173,102,71,94,55,39
163,C4920,4,0,State-CHANDIGARH,Total,70-79,722,376,346,121,66,55,134,63,71,21,14,7,266,144,122,6,2,4,23,12,11,71,32,39,80,43,37
164,C4920,4,0,State-CHANDIGARH,Total,80-89,411,204,207,50,29,21,106,66,40,13,6,7,131,51,80,1,0,1,10,4,6,33,16,17,67,32,35
165,C4920,4,0,State-CHANDIGARH,Total,90+,114,45,69,14,4,10,32,17,15,3,0,3,28,8,20,1,1,0,1,0,1,8,5,3,27,10,17
166,C4920,4,0,State-CHANDIGARH,Total,Age Not Stated,12,6,6,2,2,0,3,1,2,0,0,0,0,0,0,0,0,0,0,0,0,7,3,4,0,0,0
167,C4920,4,0,State-CHANDIGARH,Rural,Total,346,212,134,31,14,17,32,25,7,49,26,23,129,85,44,16,6,10,20,11,9,40,28,12,29,17,12
168,C4920,4,0,State-CHANDIGARH,Rural,0-4,22,18,4,2,1,1,2,2,0,2,2,0,4,3,1,0,0,0,1,1,0,8,7,1,3,2,1
169,C4920,4,0,State-CHANDIGARH,Rural,5-9,32,17,15,8,3,5,2,1,1,3,1,2,5,4,1,3,2,1,3,1,2,5,3,2,3,2,1
170,C4920,4,0,State-CHANDIGARH,Rural,10-19,52,28,24,2,2,0,4,3,1,9,5,4,10,6,4,5,1,4,4,1,3,9,5,4,9,5,4
171,C4920,4,0,State-CHANDIGARH,Rural,20-29,78,46,32,5,1,4,5,4,1,10,4,6,34,22,12,3,1,2,5,4,1,7,5,2,9,5,4
172,C4920,4,0,State-CHANDIGARH,Rural,30-39,61,40,21,3,1,2,5,4,1,13,9,4,28,19,9,2,1,1,3,2,1,5,2,3,2,2,0
173,C4920,4,0,State-CHANDIGARH,Rural,40-49,32,22,10,4,1,3,3,3,0,4,2,2,16,12,4,0,0,0,1,0,1,4,4,0,0,0,0
174,C4920,4,0,State-CHANDIGARH,Rural,50-59,31,17,14,3,2,1,3,2,1,4,1,3,13,7,6,1,0,1,3,2,1,2,2,0,2,1,1
175,C4920,4,0,State-CHANDIGARH,Rural,60-69,17,11,6,2,2,0,4,3,1,3,1,2,8,5,3,0,0,0,0,0,0,0,0,0,0,0,0
176,C4920,4,0,State-CHANDIGARH,Rural,70-79,14,9,5,2,1,1,2,1,1,1,1,0,7,5,2,2,1,1,0,0,0,0,0,0,0,0,0
177,C4920,4,0,State-CHANDIGARH,Rural,80-89,6,4,2,0,0,0,2,2,0,0,0,0,4,2,2,0,0,0,0,0,0,0,0,0,0,0,0
178,C4920,4,0,State-CHANDIGARH,Rural,90+,1,0,1,0,0,0,0,0,0,0,0,0,0,0,0,0,0,0,0,0,0,0,0,0,1,0,1
179,C4920,4,0,State-CHANDIGARH,Rural,Age Not Stated,0,0,0,0,0,0,0,0,0,0,0,0,0,0,0,0,0,0,0,0,0,0,0,0,0,0,0
180,C4920,4,0,State-CHANDIGARH,Urban,Total,14450,8531,5919,1743,1064,679,2443,1243,1200,912,536,376,3686,2293,1393,1074,677,397,736,434,302,2543,1526,1017,1313,758,555
181,C4920,4,0,State-CHANDIGARH,Urban,0-4,532,299,233,79,46,33,134,70,64,15,8,7,64,41,23,25,13,12,13,7,6,150,83,67,52,31,21
182,C4920,4,0,State-CHANDIGARH,Urban,5-9,945,528,417,101,63,38,139,57,82,104,64,40,143,83,60,99,58,41,40,21,19,173,100,73,146,82,64
183,C4920,4,0,State-CHANDIGARH,Urban,10-19,2488,1510,978,311,205,106,366,178,188,188,115,73,429,262,167,345,214,131,132,85,47,426,264,162,291,187,104
184,C4920,4,0,State-CHANDIGARH,Urban,20-29,2717,1605,1112,241,144,97,474,230,244,218,127,91,650,415,235,257,167,90,153,101,52,531,312,219,193,109,84
185,C4920,4,0,State-CHANDIGARH,Urban,30-39,2035,1238,797,195,129,66,346,175,171,123,74,49,596,386,210,157,97,60,137,80,57,369,234,135,112,63,49
186,C4920,4,0,State-CHANDIGARH,Urban,40-49,1861,1168,693,210,133,77,326,183,143,93,51,42,527,370,157,100,68,32,123,61,62,352,221,131,130,81,49
187,C4920,4,0,State-CHANDIGARH,Urban,50-59,1495,938,557,219,139,80,221,122,99,86,51,35,472,326,146,60,41,19,65,40,25,250,154,96,122,65,57
188,C4920,4,0,State-CHANDIGARH,Urban,60-69,1139,627,512,202,105,97,166,84,82,49,27,22,391,214,177,25,17,8,39,23,16,173,102,71,94,55,39
189,C4920,4,0,State-CHANDIGARH,Urban,70-79,708,367,341,119,65,54,132,62,70,20,13,7,259,139,120,4,1,3,23,12,11,71,32,39,80,43,37
190,C4920,4,0,State-CHANDIGARH,Urban,80-89,405,200,205,50,29,21,104,64,40,13,6,7,127,49,78,1,0,1,10,4,6,33,16,17,67,32,35
191,C4920,4,0,State-CHANDIGARH,Urban,90+,113,45,68,14,4,10,32,17,15,3,0,3,28,8,20,1,1,0,1,0,1,8,5,3,26,10,16
192,C4920,4,0,State-CHANDIGARH,Urban,Age Not Stated,12,6,6,2,2,0,3,1,2,0,0,0,0,0,0,0,0,0,0,0,0,7,3,4,0,0,0
193,C4920,4,55,District-Chandigarh,Total,Total,14796,8743,6053,1774,1078,696,2475,1268,1207,961,562,399,3815,2378,1437,1090,683,407,756,445,311,2583,1554,1029,1342,775,567
194,C4920,4,55,District-Chandigarh,Total,0-4,554,317,237,81,47,34,136,72,64,17,10,7,68,44,24,25,13,12,14,8,6,158,90,68,55,33,22
195,C4920,4,55,District-Chandigarh,Total,5-9,977,545,432,109,66,43,141,58,83,107,65,42,148,87,61,102,60,42,43,22,21,178,103,75,149,84,65
196,C4920,4,55,District-Chandigarh,Total,10-19,2540,1538,1002,313,207,106,370,181,189,197,120,77,439,268,171,350,215,135,136,86,50,435,269,166,300,192,108
197,C4920,4,55,District-Chandigarh,Total,20-29,2795,1651,1144,246,145,101,479,234,245,228,131,97,684,437,247,260,168,92,158,105,53,538,317,221,202,114,88
198,C4920,4,55,District-Chandigarh,Total,30-39,2096,1278,818,198,130,68,351,179,172,136,83,53,624,405,219,159,98,61,140,82,58,374,236,138,114,65,49
199,C4920,4,55,District-Chandigarh,Total,40-49,1893,1190,703,214,134,80,329,186,143,97,53,44,543,382,161,100,68,32,124,61,63,356,225,131,130,81,49
200,C4920,4,55,District-Chandigarh,Total,50-59,1526,955,571,222,141,81,224,124,100,90,52,38,485,333,152,61,41,20,68,42,26,252,156,96,124,66,58
201,C4920,4,55,District-Chandigarh,Total,60-69,1156,638,518,204,107,97,170,87,83,52,28,24,399,219,180,25,17,8,39,23,16,173,102,71,94,55,39
202,C4920,4,55,District-Chandigarh,Total,70-79,722,376,346,121,66,55,134,63,71,21,14,7,266,144,122,6,2,4,23,12,11,71,32,39,80,43,37
203,C4920,4,55,District-Chandigarh,Total,80-89,411,204,207,50,29,21,106,66,40,13,6,7,131,51,80,1,0,1,10,4,6,33,16,17,67,32,35
204,C4920,4,55,District-Chandigarh,Total,90+,114,45,69,14,4,10,32,17,15,3,0,3,28,8,20,1,1,0,1,0,1,8,5,3,27,10,17
205,C4920,4,55,District-Chandigarh,Total,Age Not Stated,12,6,6,2,2,0,3,1,2,0,0,0,0,0,0,0,0,0,0,0,0,7,3,4,0,0,0
206,C4920,4,55,District-Chandigarh,Rural,Total,346,212,134,31,14,17,32,25,7,49,26,23,129,85,44,16,6,10,20,11,9,40,28,12,29,17,12
207,C4920,4,55,District-Chandigarh,Rural,0-4,22,18,4,2,1,1,2,2,0,2,2,0,4,3,1,0,0,0,1,1,0,8,7,1,3,2,1
208,C4920,4,55,District-Chandigarh,Rural,5-9,32,17,15,8,3,5,2,1,1,3,1,2,5,4,1,3,2,1,3,1,2,5,3,2,3,2,1
209,C4920,4,55,District-Chandigarh,Rural,10-19,52,28,24,2,2,0,4,3,1,9,5,4,10,6,4,5,1,4,4,1,3,9,5,4,9,5,4
210,C4920,4,55,District-Chandigarh,Rural,20-29,78,46,32,5,1,4,5,4,1,10,4,6,34,22,12,3,1,2,5,4,1,7,5,2,9,5,4
211,C4920,4,55,District-Chandigarh,Rural,30-39,61,40,21,3,1,2,5,4,1,13,9,4,28,19,9,2,1,1,3,2,1,5,2,3,2,2,0
212,C4920,4,55,District-Chandigarh,Rural,40-49,32,22,10,4,1,3,3,3,0,4,2,2,16,12,4,0,0,0,1,0,1,4,4,0,0,0,0
213,C4920,4,55,District-Chandigarh,Rural,50-59,31,17,14,3,2,1,3,2,1,4,1,3,13,7,6,1,0,1,3,2,1,2,2,0,2,1,1
214,C4920,4,55,District-Chandigarh,Rural,60-69,17,11,6,2,2,0,4,3,1,3,1,2,8,5,3,0,0,0,0,0,0,0,0,0,0,0,0
215,C4920,4,55,District-Chandigarh,Rural,70-79,14,9,5,2,1,1,2,1,1,1,1,0,7,5,2,2,1,1,0,0,0,0,0,0,0,0,0
216,C4920,4,55,District-Chandigarh,Rural,80-89,6,4,2,0,0,0,2,2,0,0,0,0,4,2,2,0,0,0,0,0,0,0,0,0,0,0,0
217,C4920,4,55,District-Chandigarh,Rural,90+,1,0,1,0,0,0,0,0,0,0,0,0,0,0,0,0,0,0,0,0,0,0,0,0,1,0,1
218,C4920,4,55,District-Chandigarh,Rural,Age Not Stated,0,0,0,0,0,0,0,0,0,0,0,0,0,0,0,0,0,0,0,0,0,0,0,0,0,0,0
219,C4920,4,55,District-Chandigarh,Urban,Total,14450,8531,5919,1743,1064,679,2443,1243,1200,912,536,376,3686,2293,1393,1074,677,397,736,434,302,2543,1526,1017,1313,758,555
220,C4920,4,55,District-Chandigarh,Urban,0-4,532,299,233,79,46,33,134,70,64,15,8,7,64,41,23,25,13,12,13,7,6,150,83,67,52,31,21
221,C4920,4,55,District-Chandigarh,Urban,5-9,945,528,417,101,63,38,139,57,82,104,64,40,143,83,60,99,58,41,40,21,19,173,100,73,146,82,64
222,C4920,4,55,District-Chandigarh,Urban,10-19,2488,1510,978,311,205,106,366,178,188,188,115,73,429,262,167,345,214,131,132,85,47,426,264,162,291,187,104
223,C4920,4,55,District-Chandigarh,Urban,20-29,2717,1605,1112,241,144,97,474,230,244,218,127,91,650,415,235,257,167,90,153,101,52,531,312,219,193,109,84
224,C4920,4,55,District-Chandigarh,Urban,30-39,2035,1238,797,195,129,66,346,175,171,123,74,49,596,386,210,157,97,60,137,80,57,369,234,135,112,63,49
225,C4920,4,55,District-Chandigarh,Urban,40-49,1861,1168,693,210,133,77,326,183,143,93,51,42,527,370,157,100,68,32,123,61,62,352,221,131,130,81,49
226,C4920,4,55,District-Chandigarh,Urban,50-59,1495,938,557,219,139,80,221,122,99,86,51,35,472,326,146,60,41,19,65,40,25,250,154,96,122,65,57
227,C4920,4,55,District-Chandigarh,Urban,60-69,1139,627,512,202,105,97,166,84,82,49,27,22,391,214,177,25,17,8,39,23,16,173,102,71,94,55,39
228,C4920,4,55,District-Chandigarh,Urban,70-79,708,367,341,119,65,54,132,62,70,20,13,7,259,139,120,4,1,3,23,12,11,71,32,39,80,43,37
229,C4920,4,55,District-Chandigarh,Urban,80-89,405,200,205,50,29,21,104,64,40,13,6,7,127,49,78,1,0,1,10,4,6,33,16,17,67,32,35
230,C4920,4,55,District-Chandigarh,Urban,90+,113,45,68,14,4,10,32,17,15,3,0,3,28,8,20,1,1,0,1,0,1,8,5,3,26,10,16
231,C4920,4,55,District-Chandigarh,Urban,Age Not Stated,12,6,6,2,2,0,3,1,2,0,0,0,0,0,0,0,0,0,0,0,0,7,3,4,0,0,0
232,C4920,28,0,State-ANDHRA PRADESH,Total,0-4,78258,41969,36289,12619,6534,6085,14155,7251,6904,2653,1462,1191,8253,4841,3412,3784,2105,1679,564,330,234,29600,15691,13909,6630,3755,2875
233,C4920,28,0,State-ANDHRA PRADESH,Total,5-9,133968,73491,60477,17970,9627,8343,19574,10196,9378,19523,10881,8642,16371,9657,6714,12434,6903,5531,1688,988,700,28677,15182,13495,17731,10057,7674
234,C4920,28,0,State-ANDHRA PRADESH,Total,10-19,339404,184217,155187,46107,24805,21302,49222,25714,23508,42526,23056,19470,53433,31087,22346,35675,19224,16451,6701,3588,3113,65866,34547,31319,39874,22196,17678
235,C4920,28,0,State-ANDHRA PRADESH,Total,20-29,370116,199349,170767,43866,23262,20604,50057,24628,25429,41235,21586,19649,98071,58475,39596,28637,14767,13870,8624,4546,4078,69096,35358,33738,30530,16727,13803
236,C4920,28,0,State-ANDHRA PRADESH,Total,30-39,319177,178432,140745,41959,22859,19100,46348,23490,22858,37395,20979,16416,81914,52288,29626,20650,10666,9984,8888,4548,4340,61454,32342,29112,20569,11260,9309
237,C4920,28,0,State-ANDHRA PRADESH,Total,40-49,276850,160253,116597,44355,24337,20018,40813,21203,19610,30521,17964,12557,73084,48345,24739,14156,7803,6353,7276,3765,3511,51058,27862,23196,15587,8974,6613
238,C4920,28,0,State-ANDHRA PRADESH,Total,50-59,230937,125887,105050,47305,22669,24636,33678,16492,17186,19755,11233,8522,67476,42387,25089,7823,4156,3667,4296,2098,2198,38096,19976,18120,12508,6876,5632
239,C4920,28,0,State-ANDHRA PRADESH,Total,60-69,274586,140236,134350,75031,32972,42059,40672,19097,21575,15471,8582,6889,79894,47531,32363,5337,2709,2628,3247,1544,1703,35467,17981,17486,19467,9820,9647
240,C4920,28,0,State-ANDHRA PRADESH,Total,70-79,152803,78520,74283,46268,21522,24746,24226,11977,12249,6158,3527,2631,41528,24025,17503,1892,968,924,1152,554,598,15503,8020,7483,16076,7927,8149
241,C4920,28,0,State-ANDHRA PRADESH,Total,80-89,51751,23176,28575,15339,6526,8813,8976,4032,4944,1608,826,782,12769,6153,6616,557,243,314,323,133,190,4448,2053,2395,7731,3210,4521
242,C4920,28,0,State-ANDHRA PRADESH,Total,90+,12676,5095,7581,3174,1262,1912,2143,896,1247,473,251,222,2626,1068,1558,203,86,117,86,33,53,1546,656,890,2425,843,1582
243,C4920,28,0,State-ANDHRA PRADESH,Total,Age Not Stated,26081,13834,12247,4151,2098,2053,4428,2250,2178,2225,1297,928,3515,2090,1425,1232,642,590,324,156,168,8964,4670,4294,1242,631,611
244,C4920,28,0,State-ANDHRA PRADESH,Rural,Total,1512961,812882,700079,261467,127379,134088,197246,96517,100729,138068,76156,61912,411720,249840,161880,92195,47964,44231,30581,15303,15278,238999,123976,115023,142685,75747,66938
245,C4920,28,0,State-ANDHRA PRADESH,Rural,0-4,43012,23268,19744,5239,2713,2526,6137,3097,3040,1787,984,803,6277,3718,2559,2309,1264,1045,312,188,124,16161,8573,7588,4790,2731,2059
246,C4920,28,0,State-ANDHRA PRADESH,Rural,5-9,85079,47001,38078,9001,4828,4173,10008,5145,4863,13499,7646,5853,12703,7526,5177,9259,5113,4146,1131,654,477,16148,8535,7613,13330,7554,5776
247,C4920,28,0,State-ANDHRA PRADESH,Rural,10-19,214657,116908,97749,23925,13101,10824,26005,13534,12471,28026,15255,12771,40913,23824,17089,25543,13540,12003,4617,2418,2199,36663,19215,17448,28965,16021,12944
248,C4920,28,0,State-ANDHRA PRADESH,Rural,20-29,229673,125990,103683,21734,11981,9753,24895,12380,12515,25198,13383,11815,72954,44009,28945,19715,10000,9715,5889,3018,2871,37696,19455,18241,21592,11764,9828
249,C4920,28,0,State-ANDHRA PRADESH,Rural,30-39,199114,110963,88151,22648,12305,10343,24585,11843,12742,22272,12375,9897,60221,38619,21602,14095,6980,7115,6328,3127,3201,34382,17826,16556,14583,7888,6695
250,C4920,28,0,State-ANDHRA PRADESH,Rural,40-49,180228,103649,76579,27400,14691,12709,24122,12255,11867,18301,10588,7713,54270,35689,18581,9664,5208,4456,5249,2610,2639,29982,16205,13777,11240,6403,4837
251,C4920,28,0,State-ANDHRA PRADESH,Rural,50-59,158907,84514,74393,33430,15395,18035,21727,10184,11543,11866,6556,5310,50807,31295,19512,5363,2775,2588,3214,1505,1709,23339,11872,11467,9161,4932,4229
252,C4920,28,0,State-ANDHRA PRADESH,Rural,60-69,214484,107652,106832,61511,26561,34950,30905,14268,16637,10447,5605,4842,64459,37984,26475,3831,1888,1943,2489,1159,1330,24945,12351,12594,15897,7836,8061
253,C4920,28,0,State-ANDHRA PRADESH,Rural,70-79,123664,63468,60196,39234,18297,20937,19030,9377,9653,4221,2412,1809,34100,19731,14369,1351,682,669,877,426,451,11166,5809,5357,13685,6734,6951
254,C4920,28,0,State-ANDHRA PRADESH,Rural,80-89,41747,18902,22845,12955,5611,7344,6968,3147,3821,1055,550,505,10521,5148,5373,377,166,211,247,99,148,3055,1422,1633,6569,2759,3810
255,C4920,28,0,State-ANDHRA PRADESH,Rural,90+,9594,3828,5766,2517,988,1529,1525,635,890,261,142,119,2112,887,1225,127,49,78,56,18,38,915,380,535,2081,729,1352
256,C4920,28,0,State-ANDHRA PRADESH,Rural,Age Not Stated,12802,6739,6063,1873,908,965,1339,652,687,1135,660,475,2383,1410,973,561,299,262,172,81,91,4547,2333,2214,792,396,396
257,C4920,28,0,State-ANDHRA PRADESH,Urban,Total,753646,411577,342069,136677,71094,65583,137046,70709,66337,81475,45488,35987,127214,78107,49107,40185,22308,17877,12588,6980,5608,170776,90362,80414,47685,26529,21156
258,C4920,28,0,State-ANDHRA PRADESH,Urban,0-4,35246,18701,16545,7380,3821,3559,8018,4154,3864,866,478,388,1976,1123,853,1475,841,634,252,142,110,13439,7118,6321,1840,1024,816
259,C4920,28,0,State-ANDHRA PRADESH,Urban,5-9,48889,26490,22399,8969,4799,4170,9566,5051,4515,6024,3235,2789,3668,2131,1537,3175,1790,1385,557,334,223,12529,6647,5882,4401,2503,1898
260,C4920,28,0,State-ANDHRA PRADESH,Urban,10-19,124747,67309,57438,22182,11704,10478,23217,12180,11037,14500,7801,6699,12520,7263,5257,10132,5684,4448,2084,1170,914,29203,15332,13871,10909,6175,4734
261,C4920,28,0,State-ANDHRA PRADESH,Urban,20-29,140443,73359,67084,22132,11281,10851,25162,12248,12914,16037,8203,7834,25117,14466,10651,8922,4767,4155,2735,1528,1207,31400,15903,15497,8938,4963,3975
262,C4920,28,0,State-ANDHRA PRADESH,Urban,30-39,120063,67469,52594,19311,10554,8757,21763,11647,10116,15123,8604,6519,21693,13669,8024,6555,3686,2869,2560,1421,1139,27072,14516,12556,5986,3372,2614
263,C4920,28,0,State-ANDHRA PRADESH,Urban,40-49,96622,56604,40018,16955,9646,7309,16691,8948,7743,12220,7376,4844,18814,12656,6158,4492,2595,1897,2027,1155,872,21076,11657,9419,4347,2571,1776
264,C4920,28,0,State-ANDHRA PRADESH,Urban,50-59,72030,41373,30657,13875,7274,6601,11951,6308,5643,7889,4677,3212,16669,11092,5577,2460,1381,1079,1082,593,489,14757,8104,6653,3347,1944,1403
265,C4920,28,0,State-ANDHRA PRADESH,Urban,60-69,60102,32584,27518,13520,6411,7109,9767,4829,4938,5024,2977,2047,15435,9547,5888,1506,821,685,758,385,373,10522,5630,4892,3570,1984,1586
266,C4920,28,0,State-ANDHRA PRADESH,Urban,70-79,29139,15052,14087,7034,3225,3809,5196,2600,2596,1937,1115,822,7428,4294,3134,541,286,255,275,128,147,4337,2211,2126,2391,1193,1198
267,C4920,28,0,State-ANDHRA PRADESH,Urban,80-89,10004,4274,5730,2384,915,1469,2008,885,1123,553,276,277,2248,1005,1243,180,77,103,76,34,42,1393,631,762,1162,451,711
268,C4920,28,0,State-ANDHRA PRADESH,Urban,90+,3082,1267,1815,657,274,383,618,261,357,212,109,103,514,181,333,76,37,39,30,15,15,631,276,355,344,114,230
269,C4920,28,0,State-ANDHRA PRADESH,Urban,Age Not Stated,13279,7095,6184,2278,1190,1088,3089,1598,1491,1090,637,453,1132,680,452,671,343,328,152,75,77,4417,2337,2080,450,235,215
270,C4920,28,532,District-Adilabad,Total,Total,75542,40669,34873,13568,6632,6936,10360,5222,5138,6429,3541,2888,17773,10928,6845,3841,2011,1830,1745,909,836,15956,8300,7656,5870,3126,2744
271,C4920,28,532,District-Adilabad,Total,0-4,2620,1414,1206,329,158,171,463,251,212,82,45,37,327,201,126,114,61,53,21,11,10,1086,579,507,198,108,90
272,C4920,28,532,District-Adilabad,Total,5-9,4600,2604,1996,544,300,244,723,400,323,617,363,254,674,419,255,366,202,164,66,43,23,1091,576,515,519,301,218
273,C4920,28,532,District-Adilabad,Total,10-19,11821,6323,5498,1500,807,693,1672,878,794,1375,732,643,2069,1210,859,1050,519,531,305,154,151,2668,1358,1310,1182,665,517
274,C4920,28,532,District-Adilabad,Total,20-29,11315,6246,5069,1177,648,529,1530,761,769,1244,654,590,2894,1792,1102,804,428,376,346,172,174,2443,1316,1127,877,475,402
275,C4920,28,532,District-Adilabad,Total,30-39,9834,5632,4202,1170,694,476,1364,682,682,1008,563,445,2700,1773,927,548,292,256,362,209,153,2143,1120,1023,539,299,240
276,C4920,28,532,District-Adilabad,Total,40-49,8607,4994,3613,1269,665,604,1290,667,623,834,495,339,2387,1613,774,401,213,188,287,152,135,1732,943,789,407,246,161
277,C4920,28,532,District-Adilabad,Total,50-59,7326,3961,3365,1640,743,897,945,491,454,528,306,222,2129,1314,815,236,125,111,159,78,81,1306,687,619,383,217,166
278,C4920,28,532,District-Adilabad,Total,60-69,9043,4443,4600,2866,1261,1605,1189,529,660,383,200,183,2449,1426,1023,169,83,86,112,51,61,1245,594,651,630,299,331
279,C4920,28,532,District-Adilabad,Total,70-79,5266,2542,2724,1924,856,1068,669,319,350,125,60,65,1296,731,565,54,31,23,36,11,25,578,263,315,584,271,313
280,C4920,28,532,District-Adilabad,Total,80-89,1895,826,1069,654,270,384,248,107,141,48,26,22,398,182,216,8,1,7,14,6,8,190,85,105,335,149,186
281,C4920,28,532,District-Adilabad,Total,90+,552,191,361,153,51,102,67,23,44,12,5,7,105,39,66,4,2,2,2,0,2,85,31,54,124,40,84
282,C4920,28,532,District-Adilabad,Total,Age Not Stated,2663,1493,1170,342,179,163,200,114,86,173,92,81,345,228,117,87,54,33,35,22,13,1389,748,641,92,56,36
283,C4920,28,532,District-Adilabad,Rural,Total,56946,30310,26636,11105,5360,5745,7880,3951,3929,4433,2467,1966,13360,8081,5279,2788,1450,1338,1275,644,631,11675,6039,5636,4430,2318,2112
284,C4920,28,532,District-Adilabad,Rural,0-4,1958,1058,900,249,116,133,343,187,156,64,36,28,260,159,101,85,48,37,16,8,8,783,420,363,158,84,74
285,C4920,28,532,District-Adilabad,Rural,5-9,3595,2043,1552,421,236,185,554,309,245,464,278,186,545,335,210,299,166,133,51,32,19,860,458,402,401,229,172
286,C4920,28,532,District-Adilabad,Rural,10-19,8775,4698,4077,1158,627,531,1292,684,608,962,510,452,1567,914,653,791,385,406,221,106,115,1940,999,941,844,473,371
287,C4920,28,532,District-Adilabad,Rural,20-29,8004,4377,3627,878,476,402,1067,512,555,836,450,386,2089,1280,809,528,281,247,239,120,119,1775,941,834,592,317,275
288,C4920,28,532,District-Adilabad,Rural,30-39,7095,4087,3008,874,506,368,1003,502,501,669,394,275,1997,1316,681,377,200,177,261,146,115,1542,809,733,372,214,158
289,C4920,28,532,District-Adilabad,Rural,40-49,6218,3530,2688,986,513,473,965,493,472,531,306,225,1743,1137,606,305,160,145,217,110,107,1187,641,546,284,170,114
290,C4920,28,532,District-Adilabad,Rural,50-59,5489,2866,2623,1307,591,716,709,357,352,362,208,154,1589,935,654,170,86,84,121,55,66,942,478,464,289,156,133
291,C4920,28,532,District-Adilabad,Rural,60-69,7429,3615,3814,2516,1098,1418,980,435,545,297,153,144,1915,1112,803,123,59,64,86,40,46,988,475,513,524,243,281
292,C4920,28,532,District-Adilabad,Rural,70-79,4509,2158,2351,1743,776,967,568,277,291,96,49,47,1047,577,470,41,27,14,29,10,19,476,210,266,509,232,277
293,C4920,28,532,District-Adilabad,Rural,80-89,1600,697,903,588,245,343,198,87,111,36,19,17,310,138,172,5,0,5,11,3,8,163,77,86,289,128,161
294,C4920,28,532,District-Adilabad,Rural,90+,449,161,288,135,47,88,52,18,34,11,5,6,75,33,42,3,2,1,1,0,1,61,20,41,111,36,75
295,C4920,28,532,District-Adilabad,Rural,Age Not Stated,1825,1020,805,250,129,121,149,90,59,105,59,46,223,145,78,61,36,25,22,14,8,958,511,447,57,36,21
296,C4920,28,532,District-Adilabad,Urban,Total,18596,10359,8237,2463,1272,1191,2480,1271,1209,1996,1074,922,4413,2847,1566,1053,561,492,470,265,205,4281,2261,2020,1440,808,632
297,C4920,28,532,District-Adilabad,Urban,0-4,662,356,306,80,42,38,120,64,56,18,9,9,67,42,25,29,13,16,5,3,2,303,159,144,40,24,16
298,C4920,28,532,District-Adilabad,Urban,5-9,1005,561,444,123,64,59,169,91,78,153,85,68,129,84,45,67,36,31,15,11,4,231,118,113,118,72,46
299,C4920,28,532,District-Adilabad,Urban,10-19,3046,1625,1421,342,180,162,380,194,186,413,222,191,502,296,206,259,134,125,84,48,36,728,359,369,338,192,146
300,C4920,28,532,District-Adilabad,Urban,20-29,3311,1869,1442,299,172,127,463,249,214,408,204,204,805,512,293,276,147,129,107,52,55,668,375,293,285,158,127
301,C4920,28,532,District-Adilabad,Urban,30-39,2739,1545,1194,296,188,108,361,180,181,339,169,170,703,457,246,171,92,79,101,63,38,601,311,290,167,85,82
302,C4920,28,532,District-Adilabad,Urban,40-49,2389,1464,925,283,152,131,325,174,151,303,189,114,644,476,168,96,53,43,70,42,28,545,302,243,123,76,47
303,C4920,28,532,District-Adilabad,Urban,50-59,1837,1095,742,333,152,181,236,134,102,166,98,68,540,379,161,66,39,27,38,23,15,364,209,155,94,61,33
304,C4920,28,532,District-Adilabad,Urban,60-69,1614,828,786,350,163,187,209,94,115,86,47,39,534,314,220,46,24,22,26,11,15,257,119,138,106,56,50
305,C4920,28,532,District-Adilabad,Urban,70-79,757,384,373,181,80,101,101,42,59,29,11,18,249,154,95,13,4,9,7,1,6,102,53,49,75,39,36
306,C4920,28,532,District-Adilabad,Urban,80-89,295,129,166,66,25,41,50,20,30,12,7,5,88,44,44,3,1,2,3,3,0,27,8,19,46,21,25
307,C4920,28,532,District-Adilabad,Urban,90+,103,30,73,18,4,14,15,5,10,1,0,1,30,6,24,1,0,1,1,0,1,24,11,13,13,4,9
308,C4920,28,532,District-Adilabad,Urban,Age Not Stated,838,473,365,92,50,42,51,24,27,68,33,35,122,83,39,26,18,8,13,8,5,431,237,194,35,20,15
309,C4920,28,533,District-Nizamabad,Total,Total,65943,34901,31042,10094,4675,5419,7901,4035,3866,7684,4101,3583,17109,10249,6860,4164,2202,1962,1365,702,663,12641,6338,6303,4985,2599,2386
310,C4920,28,533,District-Nizamabad,Total,0-4,2113,1139,974,233,129,104,268,153,115,81,35,46,234,134,100,117,64,53,22,8,14,998,521,477,160,95,65
311,C4920,28,533,District-Nizamabad,Total,5-9,3745,2023,1722,401,197,204,435,232,203,629,323,306,541,317,224,376,223,153,49,27,22,863,447,416,451,257,194
312,C4920,28,533,District-Nizamabad,Total,10-19,9668,5323,4345,1003,554,449,1146,676,470,1545,837,708,1654,995,659,1034,542,492,236,117,119,2044,1044,1000,1006,558,448
313,C4920,28,533,District-Nizamabad,Total,20-29,9655,5193,4462,890,462,428,982,508,474,1408,713,695,2606,1580,1026,850,410,440,267,139,128,1949,991,958,703,390,313
314,C4920,28,533,District-Nizamabad,Total,30-39,9359,5192,4167,931,484,447,1093,562,531,1331,716,615,2631,1697,934,707,364,343,279,149,130,1859,934,925,528,286,242
315,C4920,28,533,District-Nizamabad,Total,40-49,8016,4653,3363,1047,570,477,936,518,418,1073,591,482,2296,1538,758,480,288,192,235,127,108,1593,818,775,356,203,153
316,C4920,28,533,District-Nizamabad,Total,50-59,6702,3532,3170,1220,519,701,823,397,426,670,362,308,2176,1315,861,245,132,113,118,64,54,1108,550,558,342,193,149
317,C4920,28,533,District-Nizamabad,Total,60-69,8490,4188,4302,2159,908,1251,1106,513,593,524,288,236,2689,1519,1170,213,111,102,102,42,60,1148,550,598,549,257,292
318,C4920,28,533,District-Nizamabad,Total,70-79,4931,2319,2612,1398,572,826,706,312,394,228,120,108,1504,803,701,68,31,37,38,21,17,491,239,252,498,221,277
319,C4920,28,533,District-Nizamabad,Total,80-89,1758,664,1094,545,174,371,252,98,154,59,38,21,484,215,269,26,9,17,7,2,5,150,46,104,235,82,153
320,C4920,28,533,District-Nizamabad,Total,90+,481,152,329,119,34,85,68,25,43,22,9,13,103,30,73,8,3,5,2,1,1,50,18,32,109,32,77
321,C4920,28,533,District-Nizamabad,Total,Age Not Stated,1025,523,502,148,72,76,86,41,45,114,69,45,191,106,85,40,25,15,10,5,5,388,180,208,48,25,23
322,C4920,28,533,District-Nizamabad,Rural,Total,54174,28428,25746,8548,3907,4641,6315,3173,3142,6017,3200,2817,14433,8613,5820,3199,1658,1541,1064,533,531,10425,5212,5213,4173,2132,2041
323,C4920,28,533,District-Nizamabad,Rural,0-4,1644,903,741,169,98,71,197,115,82,63,29,34,186,108,78,82,46,36,15,6,9,803,425,378,129,76,53
324,C4920,28,533,District-Nizamabad,Rural,5-9,2933,1593,1340,300,150,150,323,176,147,493,256,237,433,257,176,293,174,119,28,14,14,711,363,348,352,203,149
325,C4920,28,533,District-Nizamabad,Rural,10-19,7714,4252,3462,770,430,340,850,487,363,1232,675,557,1371,824,547,812,420,392,177,83,94,1675,876,799,827,457,370
326,C4920,28,533,District-Nizamabad,Rural,20-29,7561,4069,3492,671,362,309,716,357,359,1084,548,536,2129,1297,832,638,302,336,203,105,98,1559,790,769,561,308,253
327,C4920,28,533,District-Nizamabad,Rural,30-39,7385,4070,3315,734,370,364,845,437,408,1005,534,471,2165,1404,761,517,258,259,215,113,102,1495,744,751,409,210,199
328,C4920,28,533,District-Nizamabad,Rural,40-49,6551,3720,2831,891,472,419,734,400,334,823,434,389,1926,1269,657,373,212,161,193,101,92,1327,674,653,284,158,126
329,C4920,28,533,District-Nizamabad,Rural,50-59,5670,2939,2731,1047,434,613,694,331,363,525,287,238,1858,1111,747,196,104,92,99,52,47,950,459,491,301,161,140
330,C4920,28,533,District-Nizamabad,Rural,60-69,7461,3656,3805,1972,827,1145,980,453,527,430,235,195,2340,1319,1021,171,90,81,85,33,52,981,467,514,502,232,270
331,C4920,28,533,District-Nizamabad,Rural,70-79,4365,2040,2325,1254,508,746,623,272,351,192,97,95,1326,711,615,56,24,32,34,20,14,424,205,219,456,203,253
332,C4920,28,533,District-Nizamabad,Rural,80-89,1592,606,986,509,168,341,222,88,134,51,35,16,436,192,244,23,7,16,7,2,5,129,40,89,215,74,141
333,C4920,28,533,District-Nizamabad,Rural,90+,421,134,287,108,29,79,56,22,34,20,8,12,92,28,64,7,2,5,2,1,1,44,16,28,92,28,64
334,C4920,28,533,District-Nizamabad,Rural,Age Not Stated,877,446,431,123,59,64,75,35,40,99,62,37,171,93,78,31,19,12,6,3,3,327,153,174,45,22,23
335,C4920,28,533,District-Nizamabad,Urban,Total,11769,6473,5296,1546,768,778,1586,862,724,1667,901,766,2676,1636,1040,965,544,421,301,169,132,2216,1126,1090,812,467,345
336,C4920,28,533,District-Nizamabad,Urban,0-4,469,236,233,64,31,33,71,38,33,18,6,12,48,26,22,35,18,17,7,2,5,195,96,99,31,19,12
337,C4920,28,533,District-Nizamabad,Urban,5-9,812,430,382,101,47,54,112,56,56,136,67,69,108,60,48,83,49,34,21,13,8,152,84,68,99,54,45
338,C4920,28,533,District-Nizamabad,Urban,10-19,1954,1071,883,233,124,109,296,189,107,313,162,151,283,171,112,222,122,100,59,34,25,369,168,201,179,101,78
339,C4920,28,533,District-Nizamabad,Urban,20-29,2094,1124,970,219,100,119,266,151,115,324,165,159,477,283,194,212,108,104,64,34,30,390,201,189,142,82,60
340,C4920,28,533,District-Nizamabad,Urban,30-39,1974,1122,852,197,114,83,248,125,123,326,182,144,466,293,173,190,106,84,64,36,28,364,190,174,119,76,43
341,C4920,28,533,District-Nizamabad,Urban,40-49,1465,933,532,156,98,58,202,118,84,250,157,93,370,269,101,107,76,31,42,26,16,266,144,122,72,45,27
342,C4920,28,533,District-Nizamabad,Urban,50-59,1032,593,439,173,85,88,129,66,63,145,75,70,318,204,114,49,28,21,19,12,7,158,91,67,41,32,9
343,C4920,28,533,District-Nizamabad,Urban,60-69,1029,532,497,187,81,106,126,60,66,94,53,41,349,200,149,42,21,21,17,9,8,167,83,84,47,25,22
344,C4920,28,533,District-Nizamabad,Urban,70-79,566,279,287,144,64,80,83,40,43,36,23,13,178,92,86,12,7,5,4,1,3,67,34,33,42,18,24
345,C4920,28,533,District-Nizamabad,Urban,80-89,166,58,108,36,6,30,30,10,20,8,3,5,48,23,25,3,2,1,0,0,0,21,6,15,20,8,12
346,C4920,28,533,District-Nizamabad,Urban,90+,60,18,42,11,5,6,12,3,9,2,1,1,11,2,9,1,1,0,0,0,0,6,2,4,17,4,13
347,C4920,28,533,District-Nizamabad,Urban,Age Not Stated,148,77,71,25,13,12,11,6,5,15,7,8,20,13,7,9,6,3,4,2,2,61,27,34,3,3,0
348,C4920,28,534,District-Karimnagar,Total,Total,114822,61504,53318,19855,9790,10065,15267,7410,7857,13033,7243,5790,28903,17416,11487,6756,3511,3245,2435,1233,1202,18631,9792,8839,9942,5109,4833
349,C4920,28,534,District-Karimnagar,Total,0-4,2810,1562,1248,521,269,252,433,222,211,118,65,53,289,177,112,117,63,54,13,6,7,1103,631,472,216,129,87
350,C4920,28,534,District-Karimnagar,Total,5-9,4830,2660,2170,754,388,366,550,295,255,776,428,348,624,385,239,472,260,212,50,30,20,992,513,479,612,361,251
351,C4920,28,534,District-Karimnagar,Total,10-19,15100,8090,7010,2076,1131,945,1890,951,939,2229,1156,1073,2226,1298,928,1879,1004,875,312,162,150,2592,1341,1251,1896,1047,849
352,C4920,28,534,District-Karimnagar,Total,20-29,16284,8791,7493,2022,1070,952,1880,934,946,2289,1213,1076,3682,2247,1435,1572,823,749,458,232,226,2935,1520,1415,1446,752,694
353,C4920,28,534,District-Karimnagar,Total,30-39,15211,8509,6702,2010,1081,929,1992,1014,978,2220,1289,931,3681,2338,1343,1032,508,524,553,286,267,2769,1487,1282,954,506,448
354,C4920,28,534,District-Karimnagar,Total,40-49,13914,8028,5886,2159,1174,985,1797,891,906,1963,1190,773,3672,2413,1259,723,379,344,471,244,227,2410,1329,1081,719,408,311
355,C4920,28,534,District-Karimnagar,Total,50-59,12037,6503,5534,2182,1028,1154,1658,815,843,1318,743,575,3784,2320,1464,388,201,187,246,122,124,1870,954,916,591,320,271
356,C4920,28,534,District-Karimnagar,Total,60-69,16191,8043,8148,3704,1611,2093,2380,1050,1330,1126,590,536,5441,3118,2323,297,145,152,193,95,98,1852,883,969,1198,551,647
357,C4920,28,534,District-Karimnagar,Total,70-79,10828,5662,5166,2766,1311,1455,1665,787,878,555,332,223,3533,2070,1463,125,55,70,65,28,37,919,517,402,1200,562,638
358,C4920,28,534,District-Karimnagar,Total,80-89,4218,1943,2275,1057,449,608,713,310,403,162,75,87,1211,620,591,34,12,22,26,9,17,294,154,140,721,314,407
359,C4920,28,534,District-Karimnagar,Total,90+,847,333,514,211,76,135,103,44,59,34,16,18,211,90,121,7,4,3,7,3,4,67,28,39,207,72,135
360,C4920,28,534,District-Karimnagar,Total,Age Not Stated,2552,1380,1172,393,202,191,206,97,109,243,146,97,549,340,209,110,57,53,41,16,25,828,435,393,182,87,95
361,C4920,28,534,District-Karimnagar,Rural,Total,91718,48794,42924,15684,7666,8018,11699,5606,6093,10088,5593,4495,24352,14555,9797,5206,2670,2536,2002,977,1025,14507,7599,6908,8180,4128,4052
362,C4920,28,534,District-Karimnagar,Rural,0-4,1977,1105,872,351,186,165,277,142,135,93,52,41,231,142,89,80,37,43,8,2,6,778,451,327,159,93,66
363,C4920,28,534,District-Karimnagar,Rural,5-9,3571,1975,1596,526,279,247,351,187,164,586,325,261,489,310,179,369,201,168,41,24,17,730,365,365,479,284,195
364,C4920,28,534,District-Karimnagar,Rural,10-19,11546,6184,5362,1511,843,668,1325,662,663,1711,896,815,1772,1035,737,1477,787,690,249,125,124,1965,1011,954,1536,825,711
365,C4920,28,534,District-Karimnagar,Rural,20-29,11987,6449,5538,1352,711,641,1284,637,647,1723,922,801,2883,1769,1114,1164,583,581,352,173,179,2134,1092,1042,1095,562,533
366,C4920,28,534,District-Karimnagar,Rural,30-39,11600,6401,5199,1428,756,672,1418,705,713,1687,974,713,2993,1878,1115,782,372,410,459,224,235,2109,1124,985,724,368,356
367,C4920,28,534,District-Karimnagar,Rural,40-49,10851,6240,4611,1610,861,749,1329,654,675,1510,920,590,3002,1948,1054,552,296,256,388,200,188,1867,1032,835,593,329,264
368,C4920,28,534,District-Karimnagar,Rural,50-59,9698,5144,4554,1725,797,928,1293,612,681,1018,553,465,3190,1925,1265,317,165,152,219,103,116,1449,732,717,487,257,230
369,C4920,28,534,District-Karimnagar,Rural,60-69,13983,6852,7131,3211,1381,1830,2053,894,1159,920,465,455,4768,2682,2086,247,126,121,164,76,88,1585,755,830,1035,473,562
370,C4920,28,534,District-Karimnagar,Rural,70-79,9722,5125,4597,2480,1186,1294,1475,707,768,478,292,186,3229,1892,1337,100,49,51,58,25,33,824,472,352,1078,502,576
371,C4920,28,534,District-Karimnagar,Rural,80-89,3744,1771,1973,950,414,536,618,278,340,128,58,70,1098,574,524,28,11,17,23,8,15,257,141,116,642,287,355
372,C4920,28,534,District-Karimnagar,Rural,90+,741,300,441,187,67,120,96,41,55,28,15,13,186,81,105,6,3,3,6,3,3,53,23,30,179,67,112
373,C4920,28,534,District-Karimnagar,Rural,Age Not Stated,2298,1248,1050,353,185,168,180,87,93,206,121,85,511,319,192,84,40,44,35,14,21,756,401,355,173,81,92
374,C4920,28,534,District-Karimnagar,Urban,Total,23104,12710,10394,4171,2124,2047,3568,1804,1764,2945,1650,1295,4551,2861,1690,1550,841,709,433,256,177,4124,2193,1931,1762,981,781
375,C4920,28,534,District-Karimnagar,Urban,0-4,833,457,376,170,83,87,156,80,76,25,13,12,58,35,23,37,26,11,5,4,1,325,180,145,57,36,21
376,C4920,28,534,District-Karimnagar,Urban,5-9,1259,685,574,228,109,119,199,108,91,190,103,87,135,75,60,103,59,44,9,6,3,262,148,114,133,77,56
377,C4920,28,534,District-Karimnagar,Urban,10-19,3554,1906,1648,565,288,277,565,289,276,518,260,258,454,263,191,402,217,185,63,37,26,627,330,297,360,222,138
378,C4920,28,534,District-Karimnagar,Urban,20-29,4297,2342,1955,670,359,311,596,297,299,566,291,275,799,478,321,408,240,168,106,59,47,801,428,373,351,190,161
379,C4920,28,534,District-Karimnagar,Urban,30-39,3611,2108,1503,582,325,257,574,309,265,533,315,218,688,460,228,250,136,114,94,62,32,660,363,297,230,138,92
380,C4920,28,534,District-Karimnagar,Urban,40-49,3063,1788,1275,549,313,236,468,237,231,453,270,183,670,465,205,171,83,88,83,44,39,543,297,246,126,79,47
381,C4920,28,534,District-Karimnagar,Urban,50-59,2339,1359,980,457,231,226,365,203,162,300,190,110,594,395,199,71,36,35,27,19,8,421,222,199,104,63,41
382,C4920,28,534,District-Karimnagar,Urban,60-69,2208,1191,1017,493,230,263,327,156,171,206,125,81,673,436,237,50,19,31,29,19,10,267,128,139,163,78,85
383,C4920,28,534,District-Karimnagar,Urban,70-79,1106,537,569,286,125,161,190,80,110,77,40,37,304,178,126,25,6,19,7,3,4,95,45,50,122,60,62
384,C4920,28,534,District-Karimnagar,Urban,80-89,474,172,302,107,35,72,95,32,63,34,17,17,113,46,67,6,1,5,3,1,2,37,13,24,79,27,52
385,C4920,28,534,District-Karimnagar,Urban,90+,106,33,73,24,9,15,7,3,4,6,1,5,25,9,16,1,1,0,1,0,1,14,5,9,28,5,23
386,C4920,28,534,District-Karimnagar,Urban,Age Not Stated,254,132,122,40,17,23,26,10,16,37,25,12,38,21,17,26,17,9,6,2,4,72,34,38,9,6,3
387,C4920,28,535,District-Medak,Total,Total,67647,37212,30435,12171,5863,6308,8007,4073,3934,5041,2806,2235,20608,12872,7736,4021,2122,1899,1512,827,685,10039,5280,4759,6248,3369,2879
388,C4920,28,535,District-Medak,Total,0-4,1976,1036,940,214,92,122,318,156,162,73,44,29,355,202,153,83,43,40,13,9,4,693,377,316,227,113,114
389,C4920,28,535,District-Medak,Total,5-9,3891,2221,1670,384,241,143,465,263,202,704,404,300,681,408,273,378,200,178,60,41,19,662,350,312,557,314,243
390,C4920,28,535,District-Medak,Total,10-19,9897,5453,4444,1041,559,482,1106,593,513,1312,736,576,2273,1348,925,1149,631,518,258,131,127,1523,753,770,1235,702,533
391,C4920,28,535,District-Medak,Total,20-29,10435,5940,4495,966,571,395,1233,612,621,986,546,440,3564,2224,1340,928,486,442,310,176,134,1620,863,757,828,462,366
392,C4920,28,535,District-Medak,Total,30-39,8717,5063,3654,1110,586,524,981,511,470,673,362,311,3071,2051,1020,618,322,296,331,172,159,1400,772,628,533,287,246
393,C4920,28,535,District-Medak,Total,40-49,7459,4505,2954,1233,645,588,835,449,386,470,268,202,2629,1817,812,381,212,169,225,136,89,1222,681,541,464,297,167
394,C4920,28,535,District-Medak,Total,50-59,7006,3796,3210,1482,667,815,805,394,411,365,191,174,2511,1598,913,227,105,122,151,80,71,1029,509,520,436,252,184
395,C4920,28,535,District-Medak,Total,60-69,9639,4938,4701,2854,1173,1681,1163,559,604,292,160,132,3150,1919,1231,176,85,91,105,51,54,1082,557,525,817,434,383
396,C4920,28,535,District-Medak,Total,70-79,5818,3014,2804,1998,937,1061,706,371,335,112,67,45,1682,971,711,57,31,26,43,22,21,522,276,246,698,339,359
397,C4920,28,535,District-Medak,Total,80-89,2110,953,1157,703,325,378,298,123,175,31,16,15,546,272,274,14,3,11,10,4,6,166,78,88,342,132,210
398,C4920,28,535,District-Medak,Total,90+,499,187,312,158,53,105,71,28,43,8,5,3,108,42,66,3,0,3,4,3,1,41,20,21,106,36,70
399,C4920,28,535,District-Medak,Total,Age Not Stated,200,106,94,28,14,14,26,14,12,15,7,8,38,20,18,7,4,3,2,2,0,79,44,35,5,1,4
400,C4920,28,535,District-Medak,Rural,Total,54582,29803,24779,10514,5032,5482,6162,3165,2997,3941,2186,1755,17087,10561,6526,3180,1662,1518,1178,613,565,7356,3842,3514,5164,2742,2422
401,C4920,28,535,District-Medak,Rural,0-4,1468,772,696,180,81,99,193,97,96,61,38,23,289,163,126,63,33,30,8,5,3,499,268,231,175,87,88
402,C4920,28,535,District-Medak,Rural,5-9,3111,1788,1323,321,209,112,328,186,142,573,331,242,576,343,233,312,166,146,53,35,18,477,252,225,471,266,205
403,C4920,28,535,District-Medak,Rural,10-19,7821,4318,3503,831,446,385,797,437,360,1054,590,464,1913,1125,788,932,513,419,198,97,101,1092,542,550,1004,568,436
404,C4920,28,535,District-Medak,Rural,20-29,7865,4468,3397,728,432,296,862,446,416,725,403,322,2879,1781,1098,712,358,354,231,127,104,1100,573,527,628,348,280
405,C4920,28,535,District-Medak,Rural,30-39,6696,3856,2840,914,480,434,708,357,351,500,268,232,2441,1628,813,463,234,229,266,132,134,995,544,451,409,213,196
406,C4920,28,535,District-Medak,Rural,40-49,5840,3510,2330,1046,545,501,638,359,279,370,209,161,2088,1420,668,298,165,133,168,95,73,868,481,387,364,236,128
407,C4920,28,535,District-Medak,Rural,50-59,5775,3069,2706,1284,565,719,649,314,335,287,144,143,2101,1312,789,184,88,96,117,58,59,802,395,407,351,193,158
408,C4920,28,535,District-Medak,Rural,60-69,8411,4257,4154,2597,1062,1535,1022,493,529,236,130,106,2721,1634,1087,148,73,75,89,40,49,881,456,425,717,369,348
409,C4920,28,535,District-Medak,Rural,70-79,5164,2699,2465,1820,864,956,619,330,289,95,53,42,1482,866,616,51,29,22,34,17,17,431,231,200,632,309,323
410,C4920,28,535,District-Medak,Rural,80-89,1880,850,1030,637,295,342,270,113,157,28,14,14,470,237,233,10,2,8,10,4,6,143,65,78,312,120,192
411,C4920,28,535,District-Medak,Rural,90+,440,162,278,137,44,93,61,25,36,6,4,2,96,35,61,3,0,3,4,3,1,34,19,15,99,32,67
412,C4920,28,535,District-Medak,Rural,Age Not Stated,111,54,57,19,9,10,15,8,7,6,2,4,31,17,14,4,1,3,0,0,0,34,16,18,2,1,1
413,C4920,28,535,District-Medak,Urban,Total,13065,7409,5656,1657,831,826,1845,908,937,1100,620,480,3521,2311,1210,841,460,381,334,214,120,2683,1438,1245,1084,627,457
414,C4920,28,535,District-Medak,Urban,0-4,508,264,244,34,11,23,125,59,66,12,6,6,66,39,27,20,10,10,5,4,1,194,109,85,52,26,26
415,C4920,28,535,District-Medak,Urban,5-9,780,433,347,63,32,31,137,77,60,131,73,58,105,65,40,66,34,32,7,6,1,185,98,87,86,48,38
416,C4920,28,535,District-Medak,Urban,10-19,2076,1135,941,210,113,97,309,156,153,258,146,112,360,223,137,217,118,99,60,34,26,431,211,220,231,134,97
417,C4920,28,535,District-Medak,Urban,20-29,2570,1472,1098,238,139,99,371,166,205,261,143,118,685,443,242,216,128,88,79,49,30,520,290,230,200,114,86
418,C4920,28,535,District-Medak,Urban,30-39,2021,1207,814,196,106,90,273,154,119,173,94,79,630,423,207,155,88,67,65,40,25,405,228,177,124,74,50
419,C4920,28,535,District-Medak,Urban,40-49,1619,995,624,187,100,87,197,90,107,100,59,41,541,397,144,83,47,36,57,41,16,354,200,154,100,61,39
420,C4920,28,535,District-Medak,Urban,50-59,1231,727,504,198,102,96,156,80,76,78,47,31,410,286,124,43,17,26,34,22,12,227,114,113,85,59,26
421,C4920,28,535,District-Medak,Urban,60-69,1228,681,547,257,111,146,141,66,75,56,30,26,429,285,144,28,12,16,16,11,5,201,101,100,100,65,35
422,C4920,28,535,District-Medak,Urban,70-79,654,315,339,178,73,105,87,41,46,17,14,3,200,105,95,6,2,4,9,5,4,91,45,46,66,30,36
423,C4920,28,535,District-Medak,Urban,80-89,230,103,127,66,30,36,28,10,18,3,2,1,76,35,41,4,1,3,0,0,0,23,13,10,30,12,18
424,C4920,28,535,District-Medak,Urban,90+,59,25,34,21,9,12,10,3,7,2,1,1,12,7,5,0,0,0,0,0,0,7,1,6,7,4,3
425,C4920,28,535,District-Medak,Urban,Age Not Stated,89,52,37,9,5,4,11,6,5,9,5,4,7,3,4,3,3,0,2,2,0,45,28,17,3,0,3
426,C4920,28,536,District-Hyderabad,Total,Total,177909,96038,81871,46882,24602,22280,41201,21542,19659,16424,9307,7117,9056,5508,3548,6991,3897,3094,1767,1038,729,49278,26756,22522,6310,3388,2922
427,C4920,28,536,District-Hyderabad,Total,0-4,12342,6518,5824,3664,1889,1775,3068,1621,1447,174,88,86,263,155,108,443,258,185,63,32,31,4207,2227,1980,460,248,212
428,C4920,28,536,District-Hyderabad,Total,5-9,14788,7893,6895,4088,2178,1910,3511,1868,1643,1193,645,548,357,188,169,632,343,289,113,72,41,4246,2262,1984,648,337,311
429,C4920,28,536,District-Hyderabad,Total,10-19,33126,17473,15653,9177,4759,4418,7686,4064,3622,2619,1390,1229,1023,569,454,1509,827,682,353,206,147,9345,4922,4423,1414,736,678
430,C4920,28,536,District-Hyderabad,Total,20-29,34114,17427,16687,8938,4519,4419,8114,3984,4130,3157,1617,1540,1649,938,711,1418,749,669,397,227,170,9257,4774,4483,1184,619,565
431,C4920,28,536,District-Hyderabad,Total,30-39,27994,15429,12565,7046,3682,3364,6578,3477,3101,3088,1768,1320,1539,962,577,1123,636,487,307,174,133,7536,4307,3229,777,423,354
432,C4920,28,536,District-Hyderabad,Total,40-49,21095,12113,8982,5349,2996,2353,4677,2533,2144,2612,1589,1023,1255,827,428,808,478,330,226,148,78,5556,3196,2360,612,346,266
433,C4920,28,536,District-Hyderabad,Total,50-59,14288,8212,6076,3554,1939,1615,3007,1639,1368,1696,1056,640,1146,788,358,470,282,188,141,97,44,3852,2174,1678,422,237,185
434,C4920,28,536,District-Hyderabad,Total,60-69,9268,5279,3989,2337,1284,1053,1920,1011,909,995,610,385,932,591,341,262,162,100,85,44,41,2386,1369,1017,351,208,143
435,C4920,28,536,District-Hyderabad,Total,70-79,4304,2296,2008,1083,559,524,953,512,441,418,260,158,513,284,229,95,46,49,34,16,18,1002,504,498,206,115,91
436,C4920,28,536,District-Hyderabad,Total,80-89,1641,785,856,404,165,239,394,199,195,141,76,65,166,81,85,43,17,26,14,6,8,376,193,183,103,48,55
437,C4920,28,536,District-Hyderabad,Total,90+,662,308,354,170,73,97,165,77,88,50,28,22,44,15,29,24,11,13,7,5,2,181,89,92,21,10,11
438,C4920,28,536,District-Hyderabad,Total,Age Not Stated,4287,2305,1982,1072,559,513,1128,557,571,281,180,101,169,110,59,164,88,76,27,11,16,1334,739,595,112,61,51
439,C4920,28,536,District-Hyderabad,Rural,Total,0,0,0,0,0,0,0,0,0,0,0,0,0,0,0,0,0,0,0,0,0,0,0,0,0,0,0
440,C4920,28,536,District-Hyderabad,Rural,0-4,0,0,0,0,0,0,0,0,0,0,0,0,0,0,0,0,0,0,0,0,0,0,0,0,0,0,0
441,C4920,28,536,District-Hyderabad,Rural,5-9,0,0,0,0,0,0,0,0,0,0,0,0,0,0,0,0,0,0,0,0,0,0,0,0,0,0,0
442,C4920,28,536,District-Hyderabad,Rural,10-19,0,0,0,0,0,0,0,0,0,0,0,0,0,0,0,0,0,0,0,0,0,0,0,0,0,0,0
443,C4920,28,536,District-Hyderabad,Rural,20-29,0,0,0,0,0,0,0,0,0,0,0,0,0,0,0,0,0,0,0,0,0,0,0,0,0,0,0
444,C4920,28,536,District-Hyderabad,Rural,30-39,0,0,0,0,0,0,0,0,0,0,0,0,0,0,0,0,0,0,0,0,0,0,0,0,0,0,0
445,C4920,28,536,District-Hyderabad,Rural,40-49,0,0,0,0,0,0,0,0,0,0,0,0,0,0,0,0,0,0,0,0,0,0,0,0,0,0,0
446,C4920,28,536,District-Hyderabad,Rural,50-59,0,0,0,0,0,0,0,0,0,0,0,0,0,0,0,0,0,0,0,0,0,0,0,0,0,0,0
447,C4920,28,536,District-Hyderabad,Rural,60-69,0,0,0,0,0,0,0,0,0,0,0,0,0,0,0,0,0,0,0,0,0,0,0,0,0,0,0
448,C4920,28,536,District-Hyderabad,Rural,70-79,0,0,0,0,0,0,0,0,0,0,0,0,0,0,0,0,0,0,0,0,0,0,0,0,0,0,0
449,C4920,28,536,District-Hyderabad,Rural,80-89,0,0,0,0,0,0,0,0,0,0,0,0,0,0,0,0,0,0,0,0,0,0,0,0,0,0,0
450,C4920,28,536,District-Hyderabad,Rural,90+,0,0,0,0,0,0,0,0,0,0,0,0,0,0,0,0,0,0,0,0,0,0,0,0,0,0,0
451,C4920,28,536,District-Hyderabad,Rural,Age Not Stated,0,0,0,0,0,0,0,0,0,0,0,0,0,0,0,0,0,0,0,0,0,0,0,0,0,0,0
452,C4920,28,536,District-Hyderabad,Urban,Total,177909,96038,81871,46882,24602,22280,41201,21542,19659,16424,9307,7117,9056,5508,3548,6991,3897,3094,1767,1038,729,49278,26756,22522,6310,3388,2922
453,C4920,28,536,District-Hyderabad,Urban,0-4,12342,6518,5824,3664,1889,1775,3068,1621,1447,174,88,86,263,155,108,443,258,185,63,32,31,4207,2227,1980,460,248,212
454,C4920,28,536,District-Hyderabad,Urban,5-9,14788,7893,6895,4088,2178,1910,3511,1868,1643,1193,645,548,357,188,169,632,343,289,113,72,41,4246,2262,1984,648,337,311
455,C4920,28,536,District-Hyderabad,Urban,10-19,33126,17473,15653,9177,4759,4418,7686,4064,3622,2619,1390,1229,1023,569,454,1509,827,682,353,206,147,9345,4922,4423,1414,736,678
456,C4920,28,536,District-Hyderabad,Urban,20-29,34114,17427,16687,8938,4519,4419,8114,3984,4130,3157,1617,1540,1649,938,711,1418,749,669,397,227,170,9257,4774,4483,1184,619,565
457,C4920,28,536,District-Hyderabad,Urban,30-39,27994,15429,12565,7046,3682,3364,6578,3477,3101,3088,1768,1320,1539,962,577,1123,636,487,307,174,133,7536,4307,3229,777,423,354
458,C4920,28,536,District-Hyderabad,Urban,40-49,21095,12113,8982,5349,2996,2353,4677,2533,2144,2612,1589,1023,1255,827,428,808,478,330,226,148,78,5556,3196,2360,612,346,266
459,C4920,28,536,District-Hyderabad,Urban,50-59,14288,8212,6076,3554,1939,1615,3007,1639,1368,1696,1056,640,1146,788,358,470,282,188,141,97,44,3852,2174,1678,422,237,185
460,C4920,28,536,District-Hyderabad,Urban,60-69,9268,5279,3989,2337,1284,1053,1920,1011,909,995,610,385,932,591,341,262,162,100,85,44,41,2386,1369,1017,351,208,143
461,C4920,28,536,District-Hyderabad,Urban,70-79,4304,2296,2008,1083,559,524,953,512,441,418,260,158,513,284,229,95,46,49,34,16,18,1002,504,498,206,115,91
462,C4920,28,536,District-Hyderabad,Urban,80-89,1641,785,856,404,165,239,394,199,195,141,76,65,166,81,85,43,17,26,14,6,8,376,193,183,103,48,55
463,C4920,28,536,District-Hyderabad,Urban,90+,662,308,354,170,73,97,165,77,88,50,28,22,44,15,29,24,11,13,7,5,2,181,89,92,21,10,11
464,C4920,28,536,District-Hyderabad,Urban,Age Not Stated,4287,2305,1982,1072,559,513,1128,557,571,281,180,101,169,110,59,164,88,76,27,11,16,1334,739,595,112,61,51
465,C4920,28,537,District-Rangareddy,Total,Total,171071,93572,77499,32473,17018,15455,36704,19050,17654,16291,9331,6960,23839,15103,8736,6592,3624,2968,2250,1258,992,45300,23929,21371,7622,4259,3363
466,C4920,28,537,District-Rangareddy,Total,0-4,9481,5075,4406,1874,986,888,2433,1260,1173,205,124,81,440,245,195,264,146,118,60,38,22,3859,2075,1784,346,201,145
467,C4920,28,537,District-Rangareddy,Total,5-9,11394,6037,5357,2018,1068,950,2674,1380,1294,1365,726,639,723,427,296,552,313,239,127,76,51,3296,1677,1619,639,370,269
468,C4920,28,537,District-Rangareddy,Total,10-19,26172,13848,12324,4576,2432,2144,6007,3087,2920,2826,1461,1365,2278,1341,937,1545,837,708,411,228,183,7159,3688,3471,1370,774,596
469,C4920,28,537,District-Rangareddy,Total,20-29,32037,16669,15368,5215,2622,2593,7227,3486,3741,3213,1683,1530,4411,2738,1673,1442,760,682,505,281,224,8711,4382,4329,1313,717,596
470,C4920,28,537,District-Rangareddy,Total,30-39,27635,15808,11827,4772,2671,2101,6083,3257,2826,3152,1905,1247,3695,2518,1177,1125,616,509,425,251,174,7468,4033,3435,915,557,358
471,C4920,28,537,District-Rangareddy,Total,40-49,20662,12303,8359,3875,2218,1657,4080,2246,1834,2289,1453,836,3371,2380,991,737,424,313,287,167,120,5339,2996,2343,684,419,265
472,C4920,28,537,District-Rangareddy,Total,50-59,15204,8677,6527,3171,1640,1531,2851,1554,1297,1411,875,536,3051,2002,1049,414,245,169,170,91,79,3566,1948,1618,570,322,248
473,C4920,28,537,District-Rangareddy,Total,60-69,13809,7523,6286,3544,1686,1858,2236,1151,1085,1029,650,379,3196,1964,1232,248,134,114,150,77,73,2695,1471,1224,711,390,321
474,C4920,28,537,District-Rangareddy,Total,70-79,6654,3541,3113,1846,908,938,1097,594,503,352,207,145,1543,892,651,80,42,38,52,21,31,1109,589,520,575,288,287
475,C4920,28,537,District-Rangareddy,Total,80-89,2387,1097,1290,663,295,368,464,230,234,98,49,49,506,239,267,28,16,12,15,7,8,351,157,194,262,104,158
476,C4920,28,537,District-Rangareddy,Total,90+,841,426,415,182,95,87,181,85,96,44,30,14,123,63,60,12,6,6,7,2,5,198,99,99,94,46,48
477,C4920,28,537,District-Rangareddy,Total,Age Not Stated,4795,2568,2227,737,397,340,1371,720,651,307,168,139,502,294,208,145,85,60,41,19,22,1549,814,735,143,71,72
478,C4920,28,537,District-Rangareddy,Rural,Total,53982,29578,24404,11882,6060,5822,7426,3797,3629,4519,2567,1952,12500,7880,4620,2421,1246,1175,776,424,352,11101,5799,5302,3357,1805,1552
479,C4920,28,537,District-Rangareddy,Rural,0-4,2253,1229,1024,493,269,224,367,199,168,59,42,17,205,115,90,82,43,39,14,11,3,910,472,438,123,78,45
480,C4920,28,537,District-Rangareddy,Rural,5-9,3378,1805,1573,620,328,292,516,254,262,465,250,215,350,207,143,237,130,107,39,19,20,846,435,411,305,182,123
481,C4920,28,537,District-Rangareddy,Rural,10-19,8108,4337,3771,1507,820,687,1278,642,636,931,503,428,1200,732,468,617,306,311,137,72,65,1812,933,879,626,329,297
482,C4920,28,537,District-Rangareddy,Rural,20-29,8493,4762,3731,1361,734,627,1067,541,526,861,467,394,2209,1448,761,519,264,255,148,78,70,1932,1009,923,396,221,175
483,C4920,28,537,District-Rangareddy,Rural,30-39,7207,4230,2977,1295,741,554,1010,526,484,725,445,280,1774,1228,546,364,175,189,161,96,65,1595,853,742,283,166,117
484,C4920,28,537,District-Rangareddy,Rural,40-49,6108,3640,2468,1239,671,568,796,437,359,548,326,222,1639,1160,479,257,143,114,112,61,51,1251,685,566,266,157,109
485,C4920,28,537,District-Rangareddy,Rural,50-59,5178,2804,2374,1289,614,675,675,358,317,343,208,135,1509,935,574,151,87,64,61,33,28,929,451,478,221,118,103
486,C4920,28,537,District-Rangareddy,Rural,60-69,6708,3445,3263,2022,898,1124,849,394,455,364,206,158,1986,1168,818,102,43,59,61,32,29,897,480,417,427,224,203
487,C4920,28,537,District-Rangareddy,Rural,70-79,3766,1963,1803,1256,607,649,515,272,243,134,73,61,1000,560,440,29,16,13,27,12,15,394,219,175,411,204,207
488,C4920,28,537,District-Rangareddy,Rural,80-89,1264,573,691,426,196,230,200,93,107,25,11,14,314,151,163,12,7,5,4,3,1,93,37,56,190,75,115
489,C4920,28,537,District-Rangareddy,Rural,90+,383,190,193,107,50,57,60,27,33,7,6,1,81,49,32,4,2,2,2,1,1,52,23,29,70,32,38
490,C4920,28,537,District-Rangareddy,Rural,Age Not Stated,1136,600,536,267,132,135,93,54,39,57,30,27,233,127,106,47,30,17,10,6,4,390,202,188,39,19,20
491,C4920,28,537,District-Rangareddy,Urban,Total,117089,63994,53095,20591,10958,9633,29278,15253,14025,11772,6764,5008,11339,7223,4116,4171,2378,1793,1474,834,640,34199,18130,16069,4265,2454,1811
492,C4920,28,537,District-Rangareddy,Urban,0-4,7228,3846,3382,1381,717,664,2066,1061,1005,146,82,64,235,130,105,182,103,79,46,27,19,2949,1603,1346,223,123,100
493,C4920,28,537,District-Rangareddy,Urban,5-9,8016,4232,3784,1398,740,658,2158,1126,1032,900,476,424,373,220,153,315,183,132,88,57,31,2450,1242,1208,334,188,146
494,C4920,28,537,District-Rangareddy,Urban,10-19,18064,9511,8553,3069,1612,1457,4729,2445,2284,1895,958,937,1078,609,469,928,531,397,274,156,118,5347,2755,2592,744,445,299
495,C4920,28,537,District-Rangareddy,Urban,20-29,23544,11907,11637,3854,1888,1966,6160,2945,3215,2352,1216,1136,2202,1290,912,923,496,427,357,203,154,6779,3373,3406,917,496,421
496,C4920,28,537,District-Rangareddy,Urban,30-39,20428,11578,8850,3477,1930,1547,5073,2731,2342,2427,1460,967,1921,1290,631,761,441,320,264,155,109,5873,3180,2693,632,391,241
497,C4920,28,537,District-Rangareddy,Urban,40-49,14554,8663,5891,2636,1547,1089,3284,1809,1475,1741,1127,614,1732,1220,512,480,281,199,175,106,69,4088,2311,1777,418,262,156
498,C4920,28,537,District-Rangareddy,Urban,50-59,10026,5873,4153,1882,1026,856,2176,1196,980,1068,667,401,1542,1067,475,263,158,105,109,58,51,2637,1497,1140,349,204,145
499,C4920,28,537,District-Rangareddy,Urban,60-69,7101,4078,3023,1522,788,734,1387,757,630,665,444,221,1210,796,414,146,91,55,89,45,44,1798,991,807,284,166,118
500,C4920,28,537,District-Rangareddy,Urban,70-79,2888,1578,1310,590,301,289,582,322,260,218,134,84,543,332,211,51,26,25,25,9,16,715,370,345,164,84,80
501,C4920,28,537,District-Rangareddy,Urban,80-89,1123,524,599,237,99,138,264,137,127,73,38,35,192,88,104,16,9,7,11,4,7,258,120,138,72,29,43
502,C4920,28,537,District-Rangareddy,Urban,90+,458,236,222,75,45,30,121,58,63,37,24,13,42,14,28,8,4,4,5,1,4,146,76,70,24,14,10
503,C4920,28,537,District-Rangareddy,Urban,Age Not Stated,3659,1968,1691,470,265,205,1278,666,612,250,138,112,269,167,102,98,55,43,31,13,18,1159,612,547,104,52,52
504,C4920,28,538,District-Mahbubnagar,Total,Total,107782,57827,49955,17552,8588,8964,15511,7752,7759,7855,4367,3488,29528,17735,11793,5643,2920,2723,2040,992,1048,21179,10996,10183,8474,4477,3997
505,C4920,28,538,District-Mahbubnagar,Total,0-4,3968,2154,1814,363,185,178,652,338,314,144,74,70,553,325,228,177,97,80,38,25,13,1706,903,803,335,207,128
506,C4920,28,538,District-Mahbubnagar,Total,5-9,7167,3983,3184,659,363,296,988,530,458,1055,597,458,1123,678,445,631,334,297,90,50,40,1796,967,829,825,464,361
507,C4920,28,538,District-Mahbubnagar,Total,10-19,16791,9065,7726,1702,928,774,2423,1277,1146,2034,1149,885,3510,1993,1517,1598,835,763,338,172,166,3601,1866,1735,1585,845,740
508,C4920,28,538,District-Mahbubnagar,Total,20-29,16088,8854,7234,1385,796,589,2139,1079,1060,1361,719,642,5188,3168,2020,1155,558,597,401,198,203,3413,1749,1664,1046,587,459
509,C4920,28,538,District-Mahbubnagar,Total,30-39,14246,7986,6260,1476,842,634,2071,979,1092,1136,648,488,4496,2900,1596,827,424,403,375,179,196,3073,1581,1492,792,433,359
510,C4920,28,538,District-Mahbubnagar,Total,40-49,12253,7060,5193,1836,974,862,1879,957,922,816,464,352,3654,2457,1197,573,310,263,339,164,175,2480,1354,1126,676,380,296
511,C4920,28,538,District-Mahbubnagar,Total,50-59,11055,5930,5125,2349,1105,1244,1601,763,838,525,276,249,3519,2179,1340,342,183,159,230,93,137,1831,953,878,658,378,280
512,C4920,28,538,District-Mahbubnagar,Total,60-69,14042,6864,7178,4039,1675,2364,2050,981,1069,474,259,215,4279,2374,1905,204,105,99,149,66,83,1790,900,890,1057,504,553
513,C4920,28,538,District-Mahbubnagar,Total,70-79,8017,4036,3981,2573,1212,1361,1140,580,560,197,121,76,2196,1208,988,75,47,28,57,30,27,841,393,448,938,445,493
514,C4920,28,538,District-Mahbubnagar,Total,80-89,2712,1187,1525,907,383,524,394,180,214,41,19,22,713,302,411,23,12,11,13,8,5,232,113,119,389,170,219
515,C4920,28,538,District-Mahbubnagar,Total,90+,697,288,409,183,76,107,101,47,54,18,10,8,154,65,89,10,4,6,2,1,1,86,36,50,143,49,94
516,C4920,28,538,District-Mahbubnagar,Total,Age Not Stated,746,420,326,80,49,31,73,41,32,54,31,23,143,86,57,28,11,17,8,6,2,330,181,149,30,15,15
517,C4920,28,538,District-Mahbubnagar,Rural,Total,95015,50698,44317,15798,7638,8160,13740,6824,6916,6648,3682,2966,26251,15697,10554,4892,2502,2390,1738,834,904,18374,9536,8838,7574,3985,3589
518,C4920,28,538,District-Mahbubnagar,Rural,0-4,3519,1922,1597,322,162,160,565,298,267,129,63,66,510,300,210,156,83,73,30,19,11,1506,812,694,301,185,116
519,C4920,28,538,District-Mahbubnagar,Rural,5-9,6310,3504,2806,535,291,244,864,464,400,930,533,397,1018,615,403,564,295,269,77,44,33,1580,848,732,742,414,328
520,C4920,28,538,District-Mahbubnagar,Rural,10-19,14521,7821,6700,1337,710,627,2111,1104,1007,1740,984,756,3151,1796,1355,1397,723,674,284,147,137,3106,1611,1495,1395,746,649
521,C4920,28,538,District-Mahbubnagar,Rural,20-29,13864,7691,6173,1196,695,501,1830,924,906,1135,597,538,4561,2821,1740,995,481,514,340,164,176,2923,1506,1417,884,503,381
522,C4920,28,538,District-Mahbubnagar,Rural,30-39,12266,6835,5431,1306,736,570,1776,831,945,929,525,404,3904,2506,1398,702,351,351,314,143,171,2647,1369,1278,688,374,314
523,C4920,28,538,District-Mahbubnagar,Rural,40-49,10633,6046,4587,1650,854,796,1646,829,817,668,375,293,3176,2110,1066,489,259,230,291,142,149,2124,1149,975,589,328,261
524,C4920,28,538,District-Mahbubnagar,Rural,50-59,9832,5194,4638,2138,998,1140,1463,686,777,421,220,201,3129,1907,1222,295,158,137,196,76,120,1599,813,786,591,336,255
525,C4920,28,538,District-Mahbubnagar,Rural,60-69,12938,6283,6655,3791,1570,2221,1908,906,1002,428,233,195,3905,2147,1758,179,93,86,138,62,76,1604,809,795,985,463,522
526,C4920,28,538,District-Mahbubnagar,Rural,70-79,7408,3724,3684,2430,1151,1279,1058,535,523,173,102,71,1996,1092,904,65,38,27,49,26,23,751,360,391,886,420,466
527,C4920,28,538,District-Mahbubnagar,Rural,80-89,2505,1103,1402,859,367,492,365,168,197,37,17,20,647,275,372,20,11,9,12,7,5,208,100,108,357,158,199
528,C4920,28,538,District-Mahbubnagar,Rural,90+,635,263,372,169,69,100,94,46,48,14,8,6,137,57,80,10,4,6,2,1,1,79,34,45,130,44,86
529,C4920,28,538,District-Mahbubnagar,Rural,Age Not Stated,584,312,272,65,35,30,60,33,27,44,25,19,117,71,46,20,6,14,5,3,2,247,125,122,26,14,12
530,C4920,28,538,District-Mahbubnagar,Urban,Total,12767,7129,5638,1754,950,804,1771,928,843,1207,685,522,3277,2038,1239,751,418,333,302,158,144,2805,1460,1345,900,492,408
531,C4920,28,538,District-Mahbubnagar,Urban,0-4,449,232,217,41,23,18,87,40,47,15,11,4,43,25,18,21,14,7,8,6,2,200,91,109,34,22,12
532,C4920,28,538,District-Mahbubnagar,Urban,5-9,857,479,378,124,72,52,124,66,58,125,64,61,105,63,42,67,39,28,13,6,7,216,119,97,83,50,33
533,C4920,28,538,District-Mahbubnagar,Urban,10-19,2270,1244,1026,365,218,147,312,173,139,294,165,129,359,197,162,201,112,89,54,25,29,495,255,240,190,99,91
534,C4920,28,538,District-Mahbubnagar,Urban,20-29,2224,1163,1061,189,101,88,309,155,154,226,122,104,627,347,280,160,77,83,61,34,27,490,243,247,162,84,78
535,C4920,28,538,District-Mahbubnagar,Urban,30-39,1980,1151,829,170,106,64,295,148,147,207,123,84,592,394,198,125,73,52,61,36,25,426,212,214,104,59,45
536,C4920,28,538,District-Mahbubnagar,Urban,40-49,1620,1014,606,186,120,66,233,128,105,148,89,59,478,347,131,84,51,33,48,22,26,356,205,151,87,52,35
537,C4920,28,538,District-Mahbubnagar,Urban,50-59,1223,736,487,211,107,104,138,77,61,104,56,48,390,272,118,47,25,22,34,17,17,232,140,92,67,42,25
538,C4920,28,538,District-Mahbubnagar,Urban,60-69,1104,581,523,248,105,143,142,75,67,46,26,20,374,227,147,25,12,13,11,4,7,186,91,95,72,41,31
539,C4920,28,538,District-Mahbubnagar,Urban,70-79,609,312,297,143,61,82,82,45,37,24,19,5,200,116,84,10,9,1,8,4,4,90,33,57,52,25,27
540,C4920,28,538,District-Mahbubnagar,Urban,80-89,207,84,123,48,16,32,29,12,17,4,2,2,66,27,39,3,1,2,1,1,0,24,13,11,32,12,20
541,C4920,28,538,District-Mahbubnagar,Urban,90+,62,25,37,14,7,7,7,1,6,4,2,2,17,8,9,0,0,0,0,0,0,7,2,5,13,5,8
542,C4920,28,538,District-Mahbubnagar,Urban,Age Not Stated,162,108,54,15,14,1,13,8,5,10,6,4,26,15,11,8,5,3,3,3,0,83,56,27,4,1,3
543,C4920,28,539,District-Nalgonda,Total,Total,95972,52450,43522,13891,6964,6927,10999,5463,5536,7522,4263,3259,32629,19603,13026,6273,3207,3066,1987,1028,959,13984,7241,6743,8687,4681,4006
544,C4920,28,539,District-Nalgonda,Total,0-4,2391,1297,1094,236,122,114,310,146,164,101,53,48,411,252,159,133,68,65,22,14,8,900,470,430,278,172,106
545,C4920,28,539,District-Nalgonda,Total,5-9,4996,2817,2179,453,246,207,534,295,239,728,424,304,880,517,363,534,285,249,71,45,26,931,494,437,865,511,354
546,C4920,28,539,District-Nalgonda,Total,10-19,13815,7653,6162,1225,671,554,1411,760,651,1673,921,752,3223,1883,1340,1840,990,850,304,161,143,2269,1217,1052,1870,1050,820
547,C4920,28,539,District-Nalgonda,Total,20-29,15815,8843,6972,1211,671,540,1480,754,726,1464,826,638,6039,3675,2364,1450,737,713,435,238,197,2344,1167,1177,1392,775,617
548,C4920,28,539,District-Nalgonda,Total,30-39,12481,7035,5446,1185,663,522,1276,627,649,1199,704,495,4493,2851,1642,972,463,509,419,193,226,2006,1015,991,931,519,412
549,C4920,28,539,District-Nalgonda,Total,40-49,10934,6353,4581,1423,768,655,1288,647,641,911,530,381,3996,2590,1406,619,313,306,343,171,172,1684,971,713,670,363,307
550,C4920,28,539,District-Nalgonda,Total,50-59,10040,5353,4687,1708,803,905,1252,551,701,614,354,260,4112,2473,1639,359,180,179,165,89,76,1322,636,686,508,267,241
551,C4920,28,539,District-Nalgonda,Total,60-69,13264,6727,6537,3186,1448,1738,1738,819,919,514,262,252,5170,2922,2248,225,103,122,149,76,73,1479,718,761,803,379,424
552,C4920,28,539,District-Nalgonda,Total,70-79,8201,4443,3758,2194,1069,1125,1099,574,525,218,134,84,3071,1810,1261,103,55,48,54,27,27,680,374,306,782,400,382
553,C4920,28,539,District-Nalgonda,Total,80-89,3093,1498,1595,860,405,455,486,229,257,72,36,36,972,506,466,26,9,17,17,10,7,221,112,109,439,191,248
554,C4920,28,539,District-Nalgonda,Total,90+,684,301,383,170,83,87,97,52,45,15,10,5,206,89,117,3,0,3,3,0,3,63,23,40,127,44,83
555,C4920,28,539,District-Nalgonda,Total,Age Not Stated,258,130,128,40,15,25,28,9,19,13,9,4,56,35,21,9,4,5,5,4,1,85,44,41,22,10,12
556,C4920,28,539,District-Nalgonda,Rural,Total,81187,44353,36834,12093,6076,6017,9274,4581,4693,6132,3495,2637,27765,16680,11085,5253,2686,2567,1653,824,829,11598,5998,5600,7419,4013,3406
557,C4920,28,539,District-Nalgonda,Rural,0-4,1992,1088,904,205,104,101,241,112,129,95,50,45,343,214,129,109,56,53,18,11,7,735,387,348,246,154,92
558,C4920,28,539,District-Nalgonda,Rural,5-9,4278,2405,1873,383,209,174,433,231,202,623,360,263,757,445,312,465,246,219,62,40,22,781,417,364,774,457,317
559,C4920,28,539,District-Nalgonda,Rural,10-19,11534,6425,5109,1000,559,441,1104,596,508,1368,758,610,2773,1623,1150,1567,847,720,259,135,124,1869,1004,865,1594,903,691
560,C4920,28,539,District-Nalgonda,Rural,20-29,13095,7395,5700,1012,570,442,1191,624,567,1182,685,497,5115,3142,1973,1168,601,567,347,184,163,1925,951,974,1155,638,517
561,C4920,28,539,District-Nalgonda,Rural,30-39,10227,5780,4447,998,558,440,1046,498,548,941,572,369,3685,2361,1324,818,376,442,346,148,198,1606,824,782,787,443,344
562,C4920,28,539,District-Nalgonda,Rural,40-49,9056,5218,3838,1173,626,547,1080,538,542,746,424,322,3315,2148,1167,528,267,261,287,135,152,1355,771,584,572,309,263
563,C4920,28,539,District-Nalgonda,Rural,50-59,8452,4449,4003,1501,700,801,1092,478,614,466,265,201,3432,2026,1406,291,143,148,133,70,63,1123,545,578,414,222,192
564,C4920,28,539,District-Nalgonda,Rural,60-69,11725,5903,5822,2861,1295,1566,1567,731,836,439,222,217,4547,2552,1995,196,92,104,131,64,67,1302,628,674,682,319,363
565,C4920,28,539,District-Nalgonda,Rural,70-79,7302,3990,3312,1988,982,1006,982,516,466,193,117,76,2720,1615,1105,82,47,35,48,24,24,606,333,273,683,356,327
566,C4920,28,539,District-Nalgonda,Rural,80-89,2735,1345,1390,781,384,397,425,201,224,59,30,29,867,454,413,20,8,12,14,9,5,192,95,97,377,164,213
567,C4920,28,539,District-Nalgonda,Rural,90+,599,265,334,156,76,80,89,48,41,11,7,4,173,77,96,2,0,2,3,0,3,48,17,31,117,40,77
568,C4920,28,539,District-Nalgonda,Rural,Age Not Stated,192,90,102,35,13,22,24,8,16,9,5,4,38,23,15,7,3,4,5,4,1,56,26,30,18,8,10
569,C4920,28,539,District-Nalgonda,Urban,Total,14785,8097,6688,1798,888,910,1725,882,843,1390,768,622,4864,2923,1941,1020,521,499,334,204,130,2386,1243,1143,1268,668,600
570,C4920,28,539,District-Nalgonda,Urban,0-4,399,209,190,31,18,13,69,34,35,6,3,3,68,38,30,24,12,12,4,3,1,165,83,82,32,18,14
571,C4920,28,539,District-Nalgonda,Urban,5-9,718,412,306,70,37,33,101,64,37,105,64,41,123,72,51,69,39,30,9,5,4,150,77,73,91,54,37
572,C4920,28,539,District-Nalgonda,Urban,10-19,2281,1228,1053,225,112,113,307,164,143,305,163,142,450,260,190,273,143,130,45,26,19,400,213,187,276,147,129
573,C4920,28,539,District-Nalgonda,Urban,20-29,2720,1448,1272,199,101,98,289,130,159,282,141,141,924,533,391,282,136,146,88,54,34,419,216,203,237,137,100
574,C4920,28,539,District-Nalgonda,Urban,30-39,2254,1255,999,187,105,82,230,129,101,258,132,126,808,490,318,154,87,67,73,45,28,400,191,209,144,76,68
575,C4920,28,539,District-Nalgonda,Urban,40-49,1878,1135,743,250,142,108,208,109,99,165,106,59,681,442,239,91,46,45,56,36,20,329,200,129,98,54,44
576,C4920,28,539,District-Nalgonda,Urban,50-59,1588,904,684,207,103,104,160,73,87,148,89,59,680,447,233,68,37,31,32,19,13,199,91,108,94,45,49
577,C4920,28,539,District-Nalgonda,Urban,60-69,1539,824,715,325,153,172,171,88,83,75,40,35,623,370,253,29,11,18,18,12,6,177,90,87,121,60,61
578,C4920,28,539,District-Nalgonda,Urban,70-79,899,453,446,206,87,119,117,58,59,25,17,8,351,195,156,21,8,13,6,3,3,74,41,33,99,44,55
579,C4920,28,539,District-Nalgonda,Urban,80-89,358,153,205,79,21,58,61,28,33,13,6,7,105,52,53,6,1,5,3,1,2,29,17,12,62,27,35
580,C4920,28,539,District-Nalgonda,Urban,90+,85,36,49,14,7,7,8,4,4,4,3,1,33,12,21,1,0,1,0,0,0,15,6,9,10,4,6
581,C4920,28,539,District-Nalgonda,Urban,Age Not Stated,66,40,26,5,2,3,4,1,3,4,4,0,18,12,6,2,1,1,0,0,0,29,18,11,4,2,2
582,C4920,28,540,District-Warangal,Total,Total,87478,47790,39688,12634,6456,6178,12319,6073,6246,8761,4831,3930,24995,15326,9669,5390,2824,2566,1657,868,789,13926,7285,6641,7796,4127,3669
583,C4920,28,540,District-Warangal,Total,0-4,2316,1255,1061,284,147,137,412,218,194,92,50,42,324,202,122,135,70,65,17,11,6,820,423,397,232,134,98
584,C4920,28,540,District-Warangal,Total,5-9,4591,2506,2085,468,263,205,665,334,331,747,417,330,704,423,281,421,238,183,58,34,24,923,471,452,605,326,279
585,C4920,28,540,District-Warangal,Total,10-19,13406,7283,6123,1389,754,635,1879,952,927,1814,975,839,2419,1427,992,1532,819,713,252,134,118,2305,1228,1077,1816,994,822
586,C4920,28,540,District-Warangal,Total,20-29,14214,7690,6524,1233,658,575,1704,855,849,1645,837,808,4439,2602,1837,1194,613,581,338,176,162,2345,1215,1130,1316,734,582
587,C4920,28,540,District-Warangal,Total,30-39,12089,6804,5285,1280,722,558,1575,764,811,1482,825,657,3613,2342,1271,822,414,408,367,190,177,2098,1103,995,852,444,408
588,C4920,28,540,District-Warangal,Total,40-49,10262,6137,4125,1341,761,580,1487,781,706,1149,689,460,3165,2151,1014,577,325,252,271,153,118,1720,947,773,552,330,222
589,C4920,28,540,District-Warangal,Total,50-59,8725,4775,3950,1475,712,763,1185,549,636,731,395,336,3025,1922,1103,332,162,170,160,79,81,1365,712,653,452,244,208
590,C4920,28,540,District-Warangal,Total,60-69,11387,5885,5502,2478,1135,1343,1698,757,941,668,373,295,4058,2409,1649,244,112,132,126,58,68,1366,676,690,749,365,384
591,C4920,28,540,District-Warangal,Total,70-79,6856,3777,3079,1754,911,843,1116,586,530,297,179,118,2219,1325,894,80,46,34,50,28,22,648,354,294,692,348,344
592,C4920,28,540,District-Warangal,Total,80-89,2666,1272,1394,755,326,429,437,204,233,86,60,26,751,392,359,28,10,18,10,4,6,214,106,108,385,170,215
593,C4920,28,540,District-Warangal,Total,90+,635,248,387,139,55,84,111,46,65,10,5,5,204,92,112,5,3,2,2,0,2,47,17,30,117,30,87
594,C4920,28,540,District-Warangal,Total,Age Not Stated,331,158,173,38,12,26,50,27,23,40,26,14,74,39,35,20,12,8,6,1,5,75,33,42,28,8,20
595,C4920,28,540,District-Warangal,Rural,Total,67647,36603,31044,10193,5158,5035,9970,4861,5109,6273,3417,2856,19944,12115,7829,4025,2081,1944,1237,635,602,9756,5063,4693,6249,3273,2976
596,C4920,28,540,District-Warangal,Rural,0-4,1748,945,803,204,102,102,334,175,159,77,42,35,276,171,105,105,54,51,12,8,4,556,289,267,184,104,80
597,C4920,28,540,District-Warangal,Rural,5-9,3563,1937,1626,351,187,164,541,268,273,568,321,247,591,350,241,342,194,148,46,27,19,625,319,306,499,271,228
598,C4920,28,540,District-Warangal,Rural,10-19,10134,5517,4617,1055,583,472,1509,777,732,1323,719,604,1926,1135,791,1162,615,547,187,97,90,1552,810,742,1420,781,639
599,C4920,28,540,District-Warangal,Rural,20-29,10455,5665,4790,858,474,384,1312,654,658,1159,582,577,3463,2036,1427,868,445,423,245,121,124,1549,800,749,1001,553,448
600,C4920,28,540,District-Warangal,Rural,30-39,8840,4939,3901,915,501,414,1196,559,637,1033,568,465,2799,1818,981,609,302,307,265,131,134,1408,735,673,615,325,290
601,C4920,28,540,District-Warangal,Rural,40-49,7559,4489,3070,1020,580,440,1173,613,560,756,449,307,2389,1606,783,409,217,192,203,121,82,1178,645,533,431,258,173
602,C4920,28,540,District-Warangal,Rural,50-59,6715,3583,3132,1186,560,626,974,440,534,498,249,249,2366,1471,895,239,118,121,118,56,62,980,501,479,354,188,166
603,C4920,28,540,District-Warangal,Rural,60-69,9546,4818,4728,2177,985,1192,1450,641,809,516,278,238,3372,1957,1415,187,82,105,109,51,58,1091,533,558,644,291,353
604,C4920,28,540,District-Warangal,Rural,70-79,5971,3283,2688,1588,822,766,968,505,463,240,144,96,1905,1143,762,63,34,29,38,19,19,544,302,242,625,314,311
605,C4920,28,540,District-Warangal,Rural,80-89,2332,1112,1220,684,307,377,388,179,209,70,48,22,639,321,318,22,8,14,8,3,5,176,92,84,345,154,191
606,C4920,28,540,District-Warangal,Rural,90+,557,216,341,129,49,80,96,39,57,7,3,4,172,82,90,4,2,2,2,0,2,40,13,27,107,28,79
607,C4920,28,540,District-Warangal,Rural,Age Not Stated,227,99,128,26,8,18,29,11,18,26,14,12,46,25,21,15,10,5,4,1,3,57,24,33,24,6,18
608,C4920,28,540,District-Warangal,Urban,Total,19831,11187,8644,2441,1298,1143,2349,1212,1137,2488,1414,1074,5051,3211,1840,1365,743,622,420,233,187,4170,2222,1948,1547,854,693
609,C4920,28,540,District-Warangal,Urban,0-4,568,310,258,80,45,35,78,43,35,15,8,7,48,31,17,30,16,14,5,3,2,264,134,130,48,30,18
610,C4920,28,540,District-Warangal,Urban,5-9,1028,569,459,117,76,41,124,66,58,179,96,83,113,73,40,79,44,35,12,7,5,298,152,146,106,55,51
611,C4920,28,540,District-Warangal,Urban,10-19,3272,1766,1506,334,171,163,370,175,195,491,256,235,493,292,201,370,204,166,65,37,28,753,418,335,396,213,183
612,C4920,28,540,District-Warangal,Urban,20-29,3759,2025,1734,375,184,191,392,201,191,486,255,231,976,566,410,326,168,158,93,55,38,796,415,381,315,181,134
613,C4920,28,540,District-Warangal,Urban,30-39,3249,1865,1384,365,221,144,379,205,174,449,257,192,814,524,290,213,112,101,102,59,43,690,368,322,237,119,118
614,C4920,28,540,District-Warangal,Urban,40-49,2703,1648,1055,321,181,140,314,168,146,393,240,153,776,545,231,168,108,60,68,32,36,542,302,240,121,72,49
615,C4920,28,540,District-Warangal,Urban,50-59,2010,1192,818,289,152,137,211,109,102,233,146,87,659,451,208,93,44,49,42,23,19,385,211,174,98,56,42
616,C4920,28,540,District-Warangal,Urban,60-69,1841,1067,774,301,150,151,248,116,132,152,95,57,686,452,234,57,30,27,17,7,10,275,143,132,105,74,31
617,C4920,28,540,District-Warangal,Urban,70-79,885,494,391,166,89,77,148,81,67,57,35,22,314,182,132,17,12,5,12,9,3,104,52,52,67,34,33
618,C4920,28,540,District-Warangal,Urban,80-89,334,160,174,71,19,52,49,25,24,16,12,4,112,71,41,6,2,4,2,1,1,38,14,24,40,16,24
619,C4920,28,540,District-Warangal,Urban,90+,78,32,46,10,6,4,15,7,8,3,2,1,32,10,22,1,1,0,0,0,0,7,4,3,10,2,8
620,C4920,28,540,District-Warangal,Urban,Age Not Stated,104,59,45,12,4,8,21,16,5,14,12,2,28,14,14,5,2,3,2,0,2,18,9,9,4,2,2
621,C4920,28,541,District-Khammam,Total,Total,82656,43450,39206,15857,7701,8156,9610,4668,4942,6770,3751,3019,21712,12660,9052,5087,2675,2412,1867,911,956,13313,6590,6723,8440,4494,3946
622,C4920,28,541,District-Khammam,Total,0-4,2197,1182,1015,327,177,150,290,149,141,81,52,29,329,187,142,146,80,66,23,13,10,766,400,366,235,124,111
623,C4920,28,541,District-Khammam,Total,5-9,4402,2404,1998,584,303,281,489,259,230,661,356,305,589,367,222,482,262,220,73,37,36,839,432,407,685,388,297
624,C4920,28,541,District-Khammam,Total,10-19,12229,6248,5981,1481,771,710,1550,698,852,1277,660,617,2201,1242,959,1385,745,640,328,173,155,2311,1034,1277,1696,925,771
625,C4920,28,541,District-Khammam,Total,20-29,13317,7137,6180,1334,738,596,1341,652,689,1305,707,598,4298,2420,1878,1097,568,529,349,175,174,2213,1095,1118,1380,782,598
626,C4920,28,541,District-Khammam,Total,30-39,11001,6038,4963,1352,726,626,1227,617,610,1102,634,468,3267,1992,1275,799,395,404,351,179,172,2032,1031,1001,871,464,407
627,C4920,28,541,District-Khammam,Total,40-49,9561,5375,4186,1626,810,816,1105,589,516,904,522,382,2772,1737,1035,535,292,243,319,160,159,1644,894,750,656,371,285
628,C4920,28,541,District-Khammam,Total,50-59,8363,4335,4028,2015,916,1099,947,442,505,599,335,264,2580,1546,1034,295,156,139,189,81,108,1238,606,632,500,253,247
629,C4920,28,541,District-Khammam,Total,60-69,11115,5498,5617,3668,1599,2069,1303,599,704,497,274,223,3054,1772,1282,227,119,108,155,61,94,1290,615,675,921,459,462
630,C4920,28,541,District-Khammam,Total,70-79,6677,3481,3196,2360,1159,1201,835,421,414,218,133,85,1674,945,729,67,35,32,55,24,31,643,320,323,825,444,381
631,C4920,28,541,District-Khammam,Total,80-89,2673,1267,1406,868,394,474,380,182,198,67,44,23,671,336,335,25,12,13,15,5,10,176,83,93,471,211,260
632,C4920,28,541,District-Khammam,Total,90+,718,274,444,173,75,98,104,38,66,25,13,12,178,58,120,8,2,6,1,0,1,61,25,36,168,63,105
633,C4920,28,541,District-Khammam,Total,Age Not Stated,403,211,192,69,33,36,39,22,17,34,21,13,99,58,41,21,9,12,9,3,6,100,55,45,32,10,22
634,C4920,28,541,District-Khammam,Rural,Total,66516,34678,31838,13696,6645,7051,7805,3788,4017,5184,2891,2293,17444,10074,7370,3942,2040,1902,1478,714,764,10067,4932,5135,6900,3594,3306
635,C4920,28,541,District-Khammam,Rural,0-4,1677,886,791,244,135,109,216,107,109,64,40,24,275,150,125,105,55,50,17,9,8,562,293,269,194,97,97
636,C4920,28,541,District-Khammam,Rural,5-9,3571,1952,1619,476,250,226,392,205,187,544,291,253,495,311,184,398,219,179,63,32,31,638,326,312,565,318,247
637,C4920,28,541,District-Khammam,Rural,10-19,9819,4961,4858,1208,633,575,1258,540,718,1033,538,495,1841,1042,799,1101,589,512,265,146,119,1777,763,1014,1336,710,626
638,C4920,28,541,District-Khammam,Rural,20-29,10211,5501,4710,1047,592,455,1035,521,514,983,544,439,3377,1913,1464,823,419,404,267,131,136,1617,796,821,1062,585,477
639,C4920,28,541,District-Khammam,Rural,30-39,8428,4589,3839,1071,563,508,987,499,488,813,473,340,2527,1539,988,602,279,323,262,132,130,1500,761,739,666,343,323
640,C4920,28,541,District-Khammam,Rural,40-49,7460,4190,3270,1388,685,703,851,463,388,644,376,268,2151,1342,809,423,227,196,255,123,132,1227,674,553,521,300,221
641,C4920,28,541,District-Khammam,Rural,50-59,6642,3338,3304,1759,799,960,768,362,406,439,243,196,1995,1139,856,225,117,108,160,65,95,891,421,470,405,192,213
642,C4920,28,541,District-Khammam,Rural,60-69,9553,4664,4889,3330,1458,1872,1123,513,610,403,220,183,2550,1452,1098,169,85,84,120,47,73,1057,498,559,801,391,410
643,C4920,28,541,District-Khammam,Rural,70-79,5848,3050,2798,2172,1077,1095,718,366,352,161,100,61,1429,800,629,55,30,25,49,22,27,519,256,263,745,399,346
644,C4920,28,541,District-Khammam,Rural,80-89,2337,1119,1218,781,355,426,332,158,174,53,39,14,578,292,286,16,10,6,12,4,8,140,70,70,425,191,234
645,C4920,28,541,District-Khammam,Rural,90+,614,238,376,152,66,86,92,35,57,17,9,8,140,45,95,7,2,5,1,0,1,51,22,29,154,59,95
646,C4920,28,541,District-Khammam,Rural,Age Not Stated,356,190,166,68,32,36,33,19,14,30,18,12,86,49,37,18,8,10,7,3,4,88,52,36,26,9,17
647,C4920,28,541,District-Khammam,Urban,Total,16140,8772,7368,2161,1056,1105,1805,880,925,1586,860,726,4268,2586,1682,1145,635,510,389,197,192,3246,1658,1588,1540,900,640
648,C4920,28,541,District-Khammam,Urban,0-4,520,296,224,83,42,41,74,42,32,17,12,5,54,37,17,41,25,16,6,4,2,204,107,97,41,27,14
649,C4920,28,541,District-Khammam,Urban,5-9,831,452,379,108,53,55,97,54,43,117,65,52,94,56,38,84,43,41,10,5,5,201,106,95,120,70,50
650,C4920,28,541,District-Khammam,Urban,10-19,2410,1287,1123,273,138,135,292,158,134,244,122,122,360,200,160,284,156,128,63,27,36,534,271,263,360,215,145
651,C4920,28,541,District-Khammam,Urban,20-29,3106,1636,1470,287,146,141,306,131,175,322,163,159,921,507,414,274,149,125,82,44,38,596,299,297,318,197,121
652,C4920,28,541,District-Khammam,Urban,30-39,2573,1449,1124,281,163,118,240,118,122,289,161,128,740,453,287,197,116,81,89,47,42,532,270,262,205,121,84
653,C4920,28,541,District-Khammam,Urban,40-49,2101,1185,916,238,125,113,254,126,128,260,146,114,621,395,226,112,65,47,64,37,27,417,220,197,135,71,64
654,C4920,28,541,District-Khammam,Urban,50-59,1721,997,724,256,117,139,179,80,99,160,92,68,585,407,178,70,39,31,29,16,13,347,185,162,95,61,34
655,C4920,28,541,District-Khammam,Urban,60-69,1562,834,728,338,141,197,180,86,94,94,54,40,504,320,184,58,34,24,35,14,21,233,117,116,120,68,52
656,C4920,28,541,District-Khammam,Urban,70-79,829,431,398,188,82,106,117,55,62,57,33,24,245,145,100,12,5,7,6,2,4,124,64,60,80,45,35
657,C4920,28,541,District-Khammam,Urban,80-89,336,148,188,87,39,48,48,24,24,14,5,9,93,44,49,9,2,7,3,1,2,36,13,23,46,20,26
658,C4920,28,541,District-Khammam,Urban,90+,104,36,68,21,9,12,12,3,9,8,4,4,38,13,25,1,0,1,0,0,0,10,3,7,14,4,10
659,C4920,28,541,District-Khammam,Urban,Age Not Stated,47,21,26,1,1,0,6,3,3,4,3,1,13,9,4,3,1,2,2,0,2,12,3,9,6,1,5
660,C4920,28,542,District-Srikakulam,Total,Total,72125,39041,33084,14558,7129,7429,9193,4548,4645,4950,2646,2304,21180,13015,8165,4728,2392,2336,1368,666,702,8740,4674,4066,7408,3971,3437
661,C4920,28,542,District-Srikakulam,Total,0-4,1678,915,763,221,118,103,221,105,116,88,43,45,297,184,113,95,48,47,14,9,5,494,262,232,248,146,102
662,C4920,28,542,District-Srikakulam,Total,5-9,3834,2156,1678,431,241,190,432,212,220,535,303,232,609,359,250,521,304,217,50,28,22,539,297,242,717,412,305
663,C4920,28,542,District-Srikakulam,Total,10-19,9407,5260,4147,1269,730,539,1025,552,473,1086,594,492,2003,1164,839,1203,633,570,188,108,80,1262,685,577,1371,794,577
664,C4920,28,542,District-Srikakulam,Total,20-29,10472,5698,4774,1195,666,529,964,469,495,984,496,488,3420,2044,1376,1087,541,546,239,118,121,1373,720,653,1210,644,566
665,C4920,28,542,District-Srikakulam,Total,30-39,9075,5049,4026,1221,686,535,1011,481,530,768,397,371,3032,1943,1089,733,326,407,280,124,156,1272,675,597,758,417,341
666,C4920,28,542,District-Srikakulam,Total,40-49,9132,5430,3702,1565,896,669,1174,608,566,637,364,273,3157,2111,1046,525,268,257,260,126,134,1163,689,474,651,368,283
667,C4920,28,542,District-Srikakulam,Total,50-59,8356,4507,3849,1902,869,1033,1185,547,638,362,193,169,2990,1893,1097,289,143,146,154,73,81,951,493,458,523,296,227
668,C4920,28,542,District-Srikakulam,Total,60-69,11659,5874,5785,3715,1564,2151,1819,894,925,332,161,171,3529,2130,1399,199,98,101,117,49,68,1078,537,541,870,441,429
669,C4920,28,542,District-Srikakulam,Total,70-79,6312,3196,3116,2253,1025,1228,998,494,504,115,68,47,1691,978,713,51,23,28,51,27,24,468,255,213,685,326,359
670,C4920,28,542,District-Srikakulam,Total,80-89,1759,757,1002,651,275,376,299,153,146,19,9,10,378,169,209,18,7,11,9,3,6,91,40,51,294,101,193
671,C4920,28,542,District-Srikakulam,Total,90+,318,131,187,103,44,59,51,29,22,6,3,3,58,26,32,4,1,3,3,0,3,23,7,16,70,21,49
672,C4920,28,542,District-Srikakulam,Total,Age Not Stated,123,68,55,32,15,17,14,4,10,18,15,3,16,14,2,3,0,3,3,1,2,26,14,12,11,5,6
673,C4920,28,542,District-Srikakulam,Rural,Total,61837,33337,28500,12680,6194,6486,8043,3980,4063,4179,2224,1955,17865,11000,6865,3965,1984,1981,1162,547,615,7585,4033,3552,6358,3375,2983
674,C4920,28,542,District-Srikakulam,Rural,0-4,1447,770,677,177,90,87,191,86,105,80,38,42,262,163,99,82,41,41,10,5,5,430,224,206,215,123,92
675,C4920,28,542,District-Srikakulam,Rural,5-9,3341,1878,1463,368,201,167,379,180,199,460,262,198,516,309,207,455,271,184,47,27,20,483,262,221,633,366,267
676,C4920,28,542,District-Srikakulam,Rural,10-19,7968,4449,3519,1068,617,451,897,486,411,935,507,428,1686,978,708,982,513,469,153,85,68,1072,583,489,1175,680,495
677,C4920,28,542,District-Srikakulam,Rural,20-29,8801,4788,4013,963,530,433,822,400,422,825,419,406,2881,1751,1130,907,435,472,204,97,107,1191,627,564,1008,529,479
678,C4920,28,542,District-Srikakulam,Rural,30-39,7591,4201,3390,1008,568,440,883,423,460,647,335,312,2502,1603,899,618,268,350,239,102,137,1071,560,511,623,342,281
679,C4920,28,542,District-Srikakulam,Rural,40-49,7731,4598,3133,1331,769,562,1030,535,495,521,297,224,2606,1751,855,444,228,216,224,108,116,1016,598,418,559,312,247
680,C4920,28,542,District-Srikakulam,Rural,50-59,7107,3779,3328,1664,760,904,1015,465,550,298,158,140,2510,1571,939,243,112,131,129,58,71,813,417,396,435,238,197
681,C4920,28,542,District-Srikakulam,Rural,60-69,10299,5168,5131,3344,1415,1929,1622,799,823,285,130,155,3042,1834,1208,171,90,81,101,40,61,968,477,491,766,383,383
682,C4920,28,542,District-Srikakulam,Rural,70-79,5626,2851,2775,2046,935,1111,890,443,447,94,58,36,1479,857,622,44,19,25,43,22,21,424,233,191,606,284,322
683,C4920,28,542,District-Srikakulam,Rural,80-89,1550,681,869,596,259,337,259,132,127,16,8,8,316,147,169,14,6,8,7,2,5,78,34,44,264,93,171
684,C4920,28,542,District-Srikakulam,Rural,90+,282,121,161,91,39,52,44,27,17,5,2,3,52,24,28,3,1,2,2,0,2,20,7,13,65,21,44
685,C4920,28,542,District-Srikakulam,Rural,Age Not Stated,94,53,41,24,11,13,11,4,7,13,10,3,13,12,1,2,0,2,3,1,2,19,11,8,9,4,5
686,C4920,28,542,District-Srikakulam,Urban,Total,10288,5704,4584,1878,935,943,1150,568,582,771,422,349,3315,2015,1300,763,408,355,206,119,87,1155,641,514,1050,596,454
687,C4920,28,542,District-Srikakulam,Urban,0-4,231,145,86,44,28,16,30,19,11,8,5,3,35,21,14,13,7,6,4,4,0,64,38,26,33,23,10
688,C4920,28,542,District-Srikakulam,Urban,5-9,493,278,215,63,40,23,53,32,21,75,41,34,93,50,43,66,33,33,3,1,2,56,35,21,84,46,38
689,C4920,28,542,District-Srikakulam,Urban,10-19,1439,811,628,201,113,88,128,66,62,151,87,64,317,186,131,221,120,101,35,23,12,190,102,88,196,114,82
690,C4920,28,542,District-Srikakulam,Urban,20-29,1671,910,761,232,136,96,142,69,73,159,77,82,539,293,246,180,106,74,35,21,14,182,93,89,202,115,87
691,C4920,28,542,District-Srikakulam,Urban,30-39,1484,848,636,213,118,95,128,58,70,121,62,59,530,340,190,115,58,57,41,22,19,201,115,86,135,75,60
692,C4920,28,542,District-Srikakulam,Urban,40-49,1401,832,569,234,127,107,144,73,71,116,67,49,551,360,191,81,40,41,36,18,18,147,91,56,92,56,36
693,C4920,28,542,District-Srikakulam,Urban,50-59,1249,728,521,238,109,129,170,82,88,64,35,29,480,322,158,46,31,15,25,15,10,138,76,62,88,58,30
694,C4920,28,542,District-Srikakulam,Urban,60-69,1360,706,654,371,149,222,197,95,102,47,31,16,487,296,191,28,8,20,16,9,7,110,60,50,104,58,46
695,C4920,28,542,District-Srikakulam,Urban,70-79,686,345,341,207,90,117,108,51,57,21,10,11,212,121,91,7,4,3,8,5,3,44,22,22,79,42,37
696,C4920,28,542,District-Srikakulam,Urban,80-89,209,76,133,55,16,39,40,21,19,3,1,2,62,22,40,4,1,3,2,1,1,13,6,7,30,8,22
697,C4920,28,542,District-Srikakulam,Urban,90+,36,10,26,12,5,7,7,2,5,1,1,0,6,2,4,1,0,1,1,0,1,3,0,3,5,0,5
698,C4920,28,542,District-Srikakulam,Urban,Age Not Stated,29,15,14,8,4,4,3,0,3,5,5,0,3,2,1,1,0,1,0,0,0,7,3,4,2,1,1
699,C4920,28,543,District-Vizianagaram,Total,Total,73024,38527,34497,15531,7186,8345,9033,4410,4623,7320,3964,3356,19487,11842,7645,3662,1942,1720,1007,483,524,10773,5423,5350,6211,3277,2934
700,C4920,28,543,District-Vizianagaram,Total,0-4,1759,944,815,165,82,83,211,103,108,93,53,40,260,161,99,100,63,37,13,8,5,694,347,347,223,127,96
701,C4920,28,543,District-Vizianagaram,Total,5-9,3798,2107,1691,425,246,179,409,191,218,626,361,265,619,360,259,465,271,194,34,19,15,637,337,300,583,322,261
702,C4920,28,543,District-Vizianagaram,Total,10-19,9458,5200,4258,1218,724,494,1037,529,508,1374,736,638,1919,1097,822,1020,555,465,131,66,65,1533,802,731,1226,691,535
703,C4920,28,543,District-Vizianagaram,Total,20-29,9809,5229,4580,935,492,443,924,437,487,1349,683,666,3204,1884,1320,793,409,384,177,88,89,1548,786,762,879,450,429
704,C4920,28,543,District-Vizianagaram,Total,30-39,9183,5078,4105,1150,593,557,1050,513,537,1271,689,582,2774,1794,980,490,239,251,220,104,116,1578,785,793,650,361,289
705,C4920,28,543,District-Vizianagaram,Total,40-49,9349,5326,4023,1719,888,831,1220,629,591,1029,594,435,2899,1895,1004,354,184,170,178,82,96,1480,776,704,470,278,192
706,C4920,28,543,District-Vizianagaram,Total,50-59,9240,4768,4472,2544,1082,1462,1237,583,654,716,370,346,2825,1762,1063,197,99,98,128,57,71,1163,581,582,430,234,196
707,C4920,28,543,District-Vizianagaram,Total,60-69,12701,6188,6513,4672,1913,2759,1761,848,913,584,316,268,3310,1973,1337,146,71,75,82,40,42,1274,606,668,872,421,451
708,C4920,28,543,District-Vizianagaram,Total,70-79,5367,2598,2769,2078,895,1183,848,420,428,167,98,69,1236,705,531,44,22,22,24,8,16,404,187,217,566,263,303
709,C4920,28,543,District-Vizianagaram,Total,80-89,1241,534,707,423,181,242,213,100,113,34,18,16,261,112,149,17,8,9,7,2,5,71,24,47,215,89,126
710,C4920,28,543,District-Vizianagaram,Total,90+,259,119,140,85,42,43,25,11,14,10,7,3,50,24,26,5,3,2,2,1,1,30,14,16,52,17,35
711,C4920,28,543,District-Vizianagaram,Total,Age Not Stated,860,436,424,117,48,69,98,46,52,67,39,28,130,75,55,31,18,13,11,8,3,361,178,183,45,24,21
712,C4920,28,543,District-Vizianagaram,Rural,Total,59275,31190,28085,13381,6141,7240,7525,3677,3848,5427,2976,2451,15726,9574,6152,2893,1496,1397,775,357,418,8589,4373,4216,4959,2596,2363
713,C4920,28,543,District-Vizianagaram,Rural,0-4,1445,781,664,143,72,71,182,88,94,70,40,30,227,143,84,88,55,33,9,5,4,531,267,264,195,111,84
714,C4920,28,543,District-Vizianagaram,Rural,5-9,3161,1754,1407,351,200,151,342,157,185,497,288,209,538,315,223,396,229,167,27,14,13,521,275,246,489,276,213
715,C4920,28,543,District-Vizianagaram,Rural,10-19,7454,4075,3379,968,570,398,828,425,403,1024,534,490,1634,945,689,780,410,370,95,47,48,1230,630,600,895,514,381
716,C4920,28,543,District-Vizianagaram,Rural,20-29,7672,4131,3541,757,396,361,758,364,394,969,514,455,2539,1516,1023,603,300,303,135,66,69,1221,632,589,690,343,347
717,C4920,28,543,District-Vizianagaram,Rural,30-39,7193,3947,3246,925,474,451,869,411,458,933,514,419,2177,1398,779,388,181,207,176,81,95,1241,631,610,484,257,227
718,C4920,28,543,District-Vizianagaram,Rural,40-49,7432,4231,3201,1430,728,702,1019,528,491,767,446,321,2287,1496,791,279,145,134,135,59,76,1164,624,540,351,205,146
719,C4920,28,543,District-Vizianagaram,Rural,50-59,7577,3885,3692,2203,929,1274,1020,482,538,530,284,246,2253,1393,860,161,78,83,100,41,59,959,490,469,351,188,163
720,C4920,28,543,District-Vizianagaram,Rural,60-69,10899,5292,5607,4223,1722,2501,1501,736,765,436,238,198,2714,1623,1091,125,61,64,68,32,36,1075,517,558,757,363,394
721,C4920,28,543,District-Vizianagaram,Rural,70-79,4588,2239,2349,1850,819,1031,732,361,371,125,77,48,1003,571,432,35,17,18,18,6,12,339,159,180,486,229,257
722,C4920,28,543,District-Vizianagaram,Rural,80-89,1042,455,587,376,163,213,172,79,93,28,15,13,211,93,118,11,5,6,6,1,5,55,23,32,183,76,107
723,C4920,28,543,District-Vizianagaram,Rural,90+,195,91,104,70,34,36,19,10,9,4,3,1,34,17,17,3,1,2,1,1,0,23,11,12,41,14,27
724,C4920,28,543,District-Vizianagaram,Rural,Age Not Stated,617,309,308,85,34,51,83,36,47,44,23,21,109,64,45,24,14,10,5,4,1,230,114,116,37,20,17
725,C4920,28,543,District-Vizianagaram,Urban,Total,13749,7337,6412,2150,1045,1105,1508,733,775,1893,988,905,3761,2268,1493,769,446,323,232,126,106,2184,1050,1134,1252,681,571
726,C4920,28,543,District-Vizianagaram,Urban,0-4,314,163,151,22,10,12,29,15,14,23,13,10,33,18,15,12,8,4,4,3,1,163,80,83,28,16,12
727,C4920,28,543,District-Vizianagaram,Urban,5-9,637,353,284,74,46,28,67,34,33,129,73,56,81,45,36,69,42,27,7,5,2,116,62,54,94,46,48
728,C4920,28,543,District-Vizianagaram,Urban,10-19,2004,1125,879,250,154,96,209,104,105,350,202,148,285,152,133,240,145,95,36,19,17,303,172,131,331,177,154
729,C4920,28,543,District-Vizianagaram,Urban,20-29,2137,1098,1039,178,96,82,166,73,93,380,169,211,665,368,297,190,109,81,42,22,20,327,154,173,189,107,82
730,C4920,28,543,District-Vizianagaram,Urban,30-39,1990,1131,859,225,119,106,181,102,79,338,175,163,597,396,201,102,58,44,44,23,21,337,154,183,166,104,62
731,C4920,28,543,District-Vizianagaram,Urban,40-49,1917,1095,822,289,160,129,201,101,100,262,148,114,612,399,213,75,39,36,43,23,20,316,152,164,119,73,46
732,C4920,28,543,District-Vizianagaram,Urban,50-59,1663,883,780,341,153,188,217,101,116,186,86,100,572,369,203,36,21,15,28,16,12,204,91,113,79,46,33
733,C4920,28,543,District-Vizianagaram,Urban,60-69,1802,896,906,449,191,258,260,112,148,148,78,70,596,350,246,21,10,11,14,8,6,199,89,110,115,58,57
734,C4920,28,543,District-Vizianagaram,Urban,70-79,779,359,420,228,76,152,116,59,57,42,21,21,233,134,99,9,5,4,6,2,4,65,28,37,80,34,46
735,C4920,28,543,District-Vizianagaram,Urban,80-89,199,79,120,47,18,29,41,21,20,6,3,3,50,19,31,6,3,3,1,1,0,16,1,15,32,13,19
736,C4920,28,543,District-Vizianagaram,Urban,90+,64,28,36,15,8,7,6,1,5,6,4,2,16,7,9,2,2,0,1,0,1,7,3,4,11,3,8
737,C4920,28,543,District-Vizianagaram,Urban,Age Not Stated,243,127,116,32,14,18,15,10,5,23,16,7,21,11,10,7,4,3,6,4,2,131,64,67,8,4,4
738,C4920,28,544,District-Visakhapatnam,Total,Total,132086,71960,60126,26908,13796,13112,22706,12032,10674,15677,8621,7056,24267,15097,9170,6422,3337,3085,1975,1004,971,24544,12926,11618,9587,5147,4440
739,C4920,28,544,District-Visakhapatnam,Total,0-4,5266,2817,2449,1181,632,549,1115,578,537,184,103,81,417,240,177,228,119,109,32,21,11,1767,947,820,342,177,165
740,C4920,28,544,District-Visakhapatnam,Total,5-9,7944,4251,3693,1557,850,707,1362,708,654,1123,580,543,783,475,308,536,280,256,85,44,41,1655,854,801,843,460,383
741,C4920,28,544,District-Visakhapatnam,Total,10-19,20182,10936,9246,3787,1963,1824,3687,2073,1614,2565,1353,1212,2347,1378,969,1551,797,754,311,161,150,3947,2110,1837,1987,1101,886
742,C4920,28,544,District-Visakhapatnam,Total,20-29,21879,11506,10373,3807,1947,1860,3598,1781,1817,2809,1454,1355,4211,2496,1715,1253,637,616,363,185,178,4246,2141,2105,1592,865,727
743,C4920,28,544,District-Visakhapatnam,Total,30-39,20358,11339,9019,3695,2008,1687,3456,1844,1612,3000,1642,1358,3759,2423,1336,1022,538,484,380,192,188,3938,2066,1872,1108,626,482
744,C4920,28,544,District-Visakhapatnam,Total,40-49,18208,10768,7440,3540,2028,1512,3185,1806,1379,2479,1489,990,3779,2581,1198,725,391,334,331,173,158,3305,1798,1507,864,502,362
745,C4920,28,544,District-Visakhapatnam,Total,50-59,13925,7894,6031,3039,1594,1445,2308,1223,1085,1620,932,688,3387,2168,1219,423,248,175,197,93,104,2292,1272,1020,659,364,295
746,C4920,28,544,District-Visakhapatnam,Total,60-69,14699,7756,6943,3863,1725,2138,2318,1174,1144,1226,718,508,3697,2302,1395,287,149,138,168,84,84,1969,1032,937,1171,572,599
747,C4920,28,544,District-Visakhapatnam,Total,70-79,5917,2980,2937,1647,717,930,1022,511,511,394,204,190,1369,787,582,106,58,48,63,31,32,627,339,288,689,333,356
748,C4920,28,544,District-Visakhapatnam,Total,80-89,1461,627,834,406,158,248,262,119,143,85,43,42,287,129,158,23,7,16,15,4,11,163,74,89,220,93,127
749,C4920,28,544,District-Visakhapatnam,Total,90+,386,161,225,90,38,52,81,34,47,23,13,10,58,18,40,10,6,4,3,2,1,69,28,41,52,22,30
750,C4920,28,544,District-Visakhapatnam,Total,Age Not Stated,1861,925,936,296,136,160,312,181,131,169,90,79,173,100,73,258,107,151,27,14,13,566,265,301,60,32,28
751,C4920,28,544,District-Visakhapatnam,Rural,Total,68956,37139,31817,13826,6772,7054,10628,5407,5221,7511,4170,3341,15742,9703,6039,3266,1634,1632,1077,515,562,10542,5603,4939,6364,3335,3029
752,C4920,28,544,District-Visakhapatnam,Rural,0-4,2520,1363,1157,484,266,218,527,269,258,86,56,30,293,171,122,120,60,60,13,12,1,758,404,354,239,125,114
753,C4920,28,544,District-Visakhapatnam,Rural,5-9,4306,2328,1978,736,410,326,677,354,323,609,331,278,562,330,232,313,160,153,46,21,25,784,399,385,579,323,256
754,C4920,28,544,District-Visakhapatnam,Rural,10-19,10229,5433,4796,1703,875,828,1584,841,743,1271,654,617,1583,921,662,873,427,446,164,85,79,1723,913,810,1328,717,611
755,C4920,28,544,District-Visakhapatnam,Rural,20-29,10407,5621,4786,1517,789,728,1520,762,758,1294,694,600,2589,1546,1043,660,335,325,169,78,91,1733,908,825,925,509,416
756,C4920,28,544,District-Visakhapatnam,Rural,30-39,9555,5280,4275,1518,768,750,1422,685,737,1395,788,607,2291,1484,807,500,238,262,216,103,113,1588,873,715,625,341,284
757,C4920,28,544,District-Visakhapatnam,Rural,40-49,9197,5412,3785,1696,914,782,1448,797,651,1195,733,462,2380,1609,771,346,178,168,196,93,103,1423,799,624,513,289,224
758,C4920,28,544,District-Visakhapatnam,Rural,50-59,7565,4155,3410,1755,884,871,1125,568,557,732,410,322,2205,1368,837,203,113,90,115,51,64,999,530,469,431,231,200
759,C4920,28,544,District-Visakhapatnam,Rural,60-69,9910,5038,4872,2829,1201,1628,1489,731,758,670,374,296,2651,1635,1016,158,73,85,106,51,55,1062,530,532,945,443,502
760,C4920,28,544,District-Visakhapatnam,Rural,70-79,3946,1936,2010,1230,520,710,637,308,329,205,105,100,917,512,405,62,37,25,37,19,18,297,168,129,561,267,294
761,C4920,28,544,District-Visakhapatnam,Rural,80-89,889,374,515,255,100,155,142,66,76,34,15,19,197,91,106,11,2,9,10,2,8,78,31,47,162,67,95
762,C4920,28,544,District-Visakhapatnam,Rural,90+,163,68,95,41,17,24,20,7,13,4,4,0,35,12,23,3,2,1,1,0,1,22,10,12,37,16,21
763,C4920,28,544,District-Visakhapatnam,Rural,Age Not Stated,269,131,138,62,28,34,37,19,18,16,6,10,39,24,15,17,9,8,4,0,4,75,38,37,19,7,12
764,C4920,28,544,District-Visakhapatnam,Urban,Total,63130,34821,28309,13082,7024,6058,12078,6625,5453,8166,4451,3715,8525,5394,3131,3156,1703,1453,898,489,409,14002,7323,6679,3223,1812,1411
765,C4920,28,544,District-Visakhapatnam,Urban,0-4,2746,1454,1292,697,366,331,588,309,279,98,47,51,124,69,55,108,59,49,19,9,10,1009,543,466,103,52,51
766,C4920,28,544,District-Visakhapatnam,Urban,5-9,3638,1923,1715,821,440,381,685,354,331,514,249,265,221,145,76,223,120,103,39,23,16,871,455,416,264,137,127
767,C4920,28,544,District-Visakhapatnam,Urban,10-19,9953,5503,4450,2084,1088,996,2103,1232,871,1294,699,595,764,457,307,678,370,308,147,76,71,2224,1197,1027,659,384,275
768,C4920,28,544,District-Visakhapatnam,Urban,20-29,11472,5885,5587,2290,1158,1132,2078,1019,1059,1515,760,755,1622,950,672,593,302,291,194,107,87,2513,1233,1280,667,356,311
769,C4920,28,544,District-Visakhapatnam,Urban,30-39,10803,6059,4744,2177,1240,937,2034,1159,875,1605,854,751,1468,939,529,522,300,222,164,89,75,2350,1193,1157,483,285,198
770,C4920,28,544,District-Visakhapatnam,Urban,40-49,9011,5356,3655,1844,1114,730,1737,1009,728,1284,756,528,1399,972,427,379,213,166,135,80,55,1882,999,883,351,213,138
771,C4920,28,544,District-Visakhapatnam,Urban,50-59,6360,3739,2621,1284,710,574,1183,655,528,888,522,366,1182,800,382,220,135,85,82,42,40,1293,742,551,228,133,95
772,C4920,28,544,District-Visakhapatnam,Urban,60-69,4789,2718,2071,1034,524,510,829,443,386,556,344,212,1046,667,379,129,76,53,62,33,29,907,502,405,226,129,97
773,C4920,28,544,District-Visakhapatnam,Urban,70-79,1971,1044,927,417,197,220,385,203,182,189,99,90,452,275,177,44,21,23,26,12,14,330,171,159,128,66,62
774,C4920,28,544,District-Visakhapatnam,Urban,80-89,572,253,319,151,58,93,120,53,67,51,28,23,90,38,52,12,5,7,5,2,3,85,43,42,58,26,32
775,C4920,28,544,District-Visakhapatnam,Urban,90+,223,93,130,49,21,28,61,27,34,19,9,10,23,6,17,7,4,3,2,2,0,47,18,29,15,6,9
776,C4920,28,544,District-Visakhapatnam,Urban,Age Not Stated,1592,794,798,234,108,126,275,162,113,153,84,69,134,76,58,241,98,143,23,14,9,491,227,264,41,25,16
777,C4920,28,545,District-East Godavari,Total,Total,115028,62731,52297,19388,9699,9689,14642,6845,7797,7828,4175,3653,35389,21785,13604,7476,4036,3440,2703,1325,1378,14001,7451,6550,13601,7415,6186
778,C4920,28,545,District-East Godavari,Total,0-4,2365,1257,1108,280,129,151,420,192,228,86,52,34,405,230,175,156,87,69,24,15,9,641,336,305,353,216,137
779,C4920,28,545,District-East Godavari,Total,5-9,5490,2940,2550,555,303,252,611,273,338,793,441,352,880,486,394,629,339,290,85,44,41,772,409,363,1165,645,520
780,C4920,28,545,District-East Godavari,Total,10-19,16302,9034,7268,1793,1006,787,1834,890,944,1916,1055,861,3305,1972,1333,2080,1175,905,366,196,170,2071,1100,971,2937,1640,1297
781,C4920,28,545,District-East Godavari,Total,20-29,19095,10549,8546,1553,871,682,1834,963,871,1690,903,787,7058,4179,2879,1823,947,876,545,260,285,2227,1144,1083,2365,1282,1083
782,C4920,28,545,District-East Godavari,Total,30-39,15204,8448,6756,1642,913,729,1778,811,967,1145,594,551,5289,3329,1960,1160,604,556,588,296,292,2068,1067,1001,1534,834,700
783,C4920,28,545,District-East Godavari,Total,40-49,14512,8378,6134,2316,1269,1047,1782,854,928,948,492,456,5027,3300,1727,788,445,343,459,209,250,2009,1138,871,1183,671,512
784,C4920,28,545,District-East Godavari,Total,50-59,12684,6950,5734,2900,1381,1519,1707,778,929,557,289,268,4332,2760,1572,399,207,192,294,140,154,1589,868,721,906,527,379
785,C4920,28,545,District-East Godavari,Total,60-69,17157,8995,8162,4825,2160,2665,2517,1109,1408,465,234,231,5591,3512,2079,307,163,144,245,121,124,1677,871,806,1530,825,705
786,C4920,28,545,District-East Godavari,Total,70-79,9032,4719,4313,2682,1276,1406,1534,703,831,172,87,85,2665,1605,1060,97,53,44,71,34,37,736,420,316,1075,541,534
787,C4920,28,545,District-East Godavari,Total,80-89,2602,1223,1379,712,338,374,518,234,284,44,21,23,701,351,350,28,13,15,18,8,10,156,70,86,425,188,237
788,C4920,28,545,District-East Godavari,Total,90+,506,193,313,115,45,70,91,32,59,9,6,3,118,50,68,7,1,6,7,1,6,36,14,22,123,44,79
789,C4920,28,545,District-East Godavari,Total,Age Not Stated,79,45,34,15,8,7,16,6,10,3,1,2,18,11,7,2,2,0,1,1,0,19,14,5,5,2,3
790,C4920,28,545,District-East Godavari,Rural,Total,90015,48918,41097,15673,7777,7896,10985,5072,5913,5959,3110,2849,28350,17463,10887,5895,3153,2742,2125,1015,1110,10063,5393,4670,10965,5935,5030
791,C4920,28,545,District-East Godavari,Rural,0-4,1782,949,833,206,99,107,275,118,157,70,39,31,332,194,138,113,63,50,13,8,5,475,247,228,298,181,117
792,C4920,28,545,District-East Godavari,Rural,5-9,4311,2294,2017,408,215,193,441,187,254,647,363,284,717,388,329,535,291,244,65,30,35,550,291,259,948,529,419
793,C4920,28,545,District-East Godavari,Rural,10-19,12325,6795,5530,1329,731,598,1272,627,645,1458,781,677,2627,1560,1067,1626,915,711,287,150,137,1458,796,662,2268,1235,1033
794,C4920,28,545,District-East Godavari,Rural,20-29,14449,8019,6430,1152,655,497,1224,660,564,1230,636,594,5533,3293,2240,1446,738,708,428,202,226,1573,821,752,1863,1014,849
795,C4920,28,545,District-East Godavari,Rural,30-39,11481,6348,5133,1236,693,543,1199,508,691,882,442,440,4102,2575,1527,906,462,444,458,230,228,1472,757,715,1226,681,545
796,C4920,28,545,District-East Godavari,Rural,40-49,10981,6346,4635,1749,966,783,1323,629,694,720,370,350,3903,2560,1343,625,351,274,359,153,206,1377,792,585,925,525,400
797,C4920,28,545,District-East Godavari,Rural,50-59,9877,5364,4513,2301,1078,1223,1332,604,728,425,217,208,3466,2201,1265,298,151,147,246,113,133,1114,615,499,695,385,310
798,C4920,28,545,District-East Godavari,Rural,60-69,14420,7522,6898,4186,1859,2327,2108,920,1188,354,177,177,4705,2960,1745,241,130,111,190,93,97,1322,675,647,1314,708,606
799,C4920,28,545,District-East Godavari,Rural,70-79,7705,4033,3672,2378,1144,1234,1300,598,702,126,60,66,2243,1362,881,79,40,39,59,29,30,572,329,243,948,471,477
800,C4920,28,545,District-East Godavari,Rural,80-89,2197,1047,1150,621,293,328,424,192,232,38,18,20,605,314,291,19,9,10,15,6,9,116,54,62,359,161,198
801,C4920,28,545,District-East Godavari,Rural,90+,437,172,265,98,40,58,76,25,51,8,6,2,102,46,56,5,1,4,5,1,4,27,10,17,116,43,73
802,C4920,28,545,District-East Godavari,Rural,Age Not Stated,50,29,21,9,4,5,11,4,7,1,1,0,15,10,5,2,2,0,0,0,0,7,6,1,5,2,3
803,C4920,28,545,District-East Godavari,Urban,Total,25013,13813,11200,3715,1922,1793,3657,1773,1884,1869,1065,804,7039,4322,2717,1581,883,698,578,310,268,3938,2058,1880,2636,1480,1156
804,C4920,28,545,District-East Godavari,Urban,0-4,583,308,275,74,30,44,145,74,71,16,13,3,73,36,37,43,24,19,11,7,4,166,89,77,55,35,20
805,C4920,28,545,District-East Godavari,Urban,5-9,1179,646,533,147,88,59,170,86,84,146,78,68,163,98,65,94,48,46,20,14,6,222,118,104,217,116,101
806,C4920,28,545,District-East Godavari,Urban,10-19,3977,2239,1738,464,275,189,562,263,299,458,274,184,678,412,266,454,260,194,79,46,33,613,304,309,669,405,264
807,C4920,28,545,District-East Godavari,Urban,20-29,4646,2530,2116,401,216,185,610,303,307,460,267,193,1525,886,639,377,209,168,117,58,59,654,323,331,502,268,234
808,C4920,28,545,District-East Godavari,Urban,30-39,3723,2100,1623,406,220,186,579,303,276,263,152,111,1187,754,433,254,142,112,130,66,64,596,310,286,308,153,155
809,C4920,28,545,District-East Godavari,Urban,40-49,3531,2032,1499,567,303,264,459,225,234,228,122,106,1124,740,384,163,94,69,100,56,44,632,346,286,258,146,112
810,C4920,28,545,District-East Godavari,Urban,50-59,2807,1586,1221,599,303,296,375,174,201,132,72,60,866,559,307,101,56,45,48,27,21,475,253,222,211,142,69
811,C4920,28,545,District-East Godavari,Urban,60-69,2737,1473,1264,639,301,338,409,189,220,111,57,54,886,552,334,66,33,33,55,28,27,355,196,159,216,117,99
812,C4920,28,545,District-East Godavari,Urban,70-79,1327,686,641,304,132,172,234,105,129,46,27,19,422,243,179,18,13,5,12,5,7,164,91,73,127,70,57
813,C4920,28,545,District-East Godavari,Urban,80-89,405,176,229,91,45,46,94,42,52,6,3,3,96,37,59,9,4,5,3,2,1,40,16,24,66,27,39
814,C4920,28,545,District-East Godavari,Urban,90+,69,21,48,17,5,12,15,7,8,1,0,1,16,4,12,2,0,2,2,0,2,9,4,5,7,1,6
815,C4920,28,545,District-East Godavari,Urban,Age Not Stated,29,16,13,6,4,2,5,2,3,2,0,2,3,1,2,0,0,0,1,1,0,12,8,4,0,0,0
816,C4920,28,546,District-West Godavari,Total,Total,79873,43809,36064,10823,5369,5454,8463,3983,4480,5910,3144,2766,27734,16884,10850,6052,3273,2779,2259,1129,1130,9083,4816,4267,9549,5211,4338
817,C4920,28,546,District-West Godavari,Total,0-4,1627,906,721,155,76,79,187,101,86,57,36,21,350,201,149,97,51,46,12,3,9,499,287,212,270,151,119
818,C4920,28,546,District-West Godavari,Total,5-9,3988,2226,1762,328,183,145,325,160,165,592,329,263,673,413,260,514,285,229,62,39,23,542,287,255,952,530,422
819,C4920,28,546,District-West Godavari,Total,10-19,11483,6372,5111,966,545,421,940,488,452,1346,709,637,2675,1583,1092,1717,919,798,314,162,152,1364,728,636,2161,1238,923
820,C4920,28,546,District-West Godavari,Total,20-29,14613,8138,6475,975,572,403,1069,526,543,1220,600,620,6024,3567,2457,1424,777,647,444,249,195,1571,820,751,1886,1027,859
821,C4920,28,546,District-West Godavari,Total,30-39,11329,6398,4931,938,527,411,1006,480,526,960,523,437,4505,2809,1696,965,522,443,468,225,243,1301,679,622,1186,633,553
822,C4920,28,546,District-West Godavari,Total,40-49,10031,5790,4241,1260,708,552,1062,506,556,763,436,327,3881,2506,1375,647,347,300,415,207,208,1181,629,552,822,451,371
823,C4920,28,546,District-West Godavari,Total,50-59,7952,4377,3575,1287,603,684,949,434,515,411,227,184,3184,2001,1183,330,190,140,256,110,146,951,509,442,584,303,281
824,C4920,28,546,District-West Godavari,Total,60-69,10396,5299,5097,2503,1052,1451,1467,620,847,365,184,181,3780,2241,1539,244,126,118,197,91,106,1060,550,510,780,435,345
825,C4920,28,546,District-West Godavari,Total,70-79,6128,3274,2854,1781,834,947,997,474,523,153,79,74,1986,1248,738,82,39,43,66,29,37,469,256,213,594,315,279
826,C4920,28,546,District-West Godavari,Total,80-89,1876,824,1052,514,223,291,377,156,221,33,18,15,560,259,301,18,9,9,21,11,10,112,52,60,241,96,145
827,C4920,28,546,District-West Godavari,Total,90+,414,183,231,107,43,64,79,34,45,8,3,5,111,54,57,10,5,5,2,1,1,24,11,13,73,32,41
828,C4920,28,546,District-West Godavari,Total,Age Not Stated,36,22,14,9,3,6,5,4,1,2,0,2,5,2,3,4,3,1,2,2,0,9,8,1,0,0,0
829,C4920,28,546,District-West Godavari,Rural,Total,65420,35676,29744,9163,4516,4647,7018,3278,3740,4826,2561,2265,22402,13630,8772,4893,2573,2320,1804,896,908,7323,3866,3457,7991,4356,3635
830,C4920,28,546,District-West Godavari,Rural,0-4,1363,757,606,129,62,67,154,80,74,51,33,18,295,174,121,76,38,38,8,2,6,427,245,182,223,123,100
831,C4920,28,546,District-West Godavari,Rural,5-9,3292,1824,1468,269,152,117,251,124,127,478,260,218,558,341,217,430,231,199,47,29,18,442,233,209,817,454,363
832,C4920,28,546,District-West Godavari,Rural,10-19,9361,5202,4159,760,432,328,768,406,362,1109,591,518,2191,1302,889,1407,729,678,254,133,121,1085,578,507,1787,1031,756
833,C4920,28,546,District-West Godavari,Rural,20-29,11811,6617,5194,767,462,305,859,432,427,979,483,496,4898,2919,1979,1139,602,537,351,200,151,1252,664,588,1566,855,711
834,C4920,28,546,District-West Godavari,Rural,30-39,9094,5096,3998,753,419,334,811,367,444,773,412,361,3618,2269,1349,787,421,366,361,173,188,1026,526,500,965,509,456
835,C4920,28,546,District-West Godavari,Rural,40-49,7965,4547,3418,1017,558,459,864,395,469,628,361,267,3021,1954,1067,504,255,249,318,152,166,931,503,428,682,369,313
836,C4920,28,546,District-West Godavari,Rural,50-59,6386,3456,2930,1087,503,584,781,352,429,325,178,147,2493,1549,944,260,153,107,217,94,123,755,392,363,468,235,233
837,C4920,28,546,District-West Godavari,Rural,60-69,8809,4447,4362,2212,933,1279,1260,540,720,316,158,158,3093,1808,1285,198,101,97,170,79,91,889,453,436,671,375,296
838,C4920,28,546,District-West Godavari,Rural,70-79,5314,2830,2484,1604,753,851,867,416,451,134,67,67,1656,1042,614,65,29,36,57,23,34,398,213,185,533,287,246
839,C4920,28,546,District-West Godavari,Rural,80-89,1642,726,916,463,202,261,331,133,198,25,15,10,486,228,258,16,8,8,17,8,9,93,44,49,211,88,123
840,C4920,28,546,District-West Godavari,Rural,90+,358,160,198,96,39,57,67,29,38,7,3,4,89,43,46,9,5,4,2,1,1,20,10,10,68,30,38
841,C4920,28,546,District-West Godavari,Rural,Age Not Stated,25,14,11,6,1,5,5,4,1,1,0,1,4,1,3,2,1,1,2,2,0,5,5,0,0,0,0
842,C4920,28,546,District-West Godavari,Urban,Total,14453,8133,6320,1660,853,807,1445,705,740,1084,583,501,5332,3254,2078,1159,700,459,455,233,222,1760,950,810,1558,855,703
843,C4920,28,546,District-West Godavari,Urban,0-4,264,149,115,26,14,12,33,21,12,6,3,3,55,27,28,21,13,8,4,1,3,72,42,30,47,28,19
844,C4920,28,546,District-West Godavari,Urban,5-9,696,402,294,59,31,28,74,36,38,114,69,45,115,72,43,84,54,30,15,10,5,100,54,46,135,76,59
845,C4920,28,546,District-West Godavari,Urban,10-19,2122,1170,952,206,113,93,172,82,90,237,118,119,484,281,203,310,190,120,60,29,31,279,150,129,374,207,167
846,C4920,28,546,District-West Godavari,Urban,20-29,2802,1521,1281,208,110,98,210,94,116,241,117,124,1126,648,478,285,175,110,93,49,44,319,156,163,320,172,148
847,C4920,28,546,District-West Godavari,Urban,30-39,2235,1302,933,185,108,77,195,113,82,187,111,76,887,540,347,178,101,77,107,52,55,275,153,122,221,124,97
848,C4920,28,546,District-West Godavari,Urban,40-49,2066,1243,823,243,150,93,198,111,87,135,75,60,860,552,308,143,92,51,97,55,42,250,126,124,140,82,58
849,C4920,28,546,District-West Godavari,Urban,50-59,1566,921,645,200,100,100,168,82,86,86,49,37,691,452,239,70,37,33,39,16,23,196,117,79,116,68,48
850,C4920,28,546,District-West Godavari,Urban,60-69,1587,852,735,291,119,172,207,80,127,49,26,23,687,433,254,46,25,21,27,12,15,171,97,74,109,60,49
851,C4920,28,546,District-West Godavari,Urban,70-79,814,444,370,177,81,96,130,58,72,19,12,7,330,206,124,17,10,7,9,6,3,71,43,28,61,28,33
852,C4920,28,546,District-West Godavari,Urban,80-89,234,98,136,51,21,30,46,23,23,8,3,5,74,31,43,2,1,1,4,3,1,19,8,11,30,8,22
853,C4920,28,546,District-West Godavari,Urban,90+,56,23,33,11,4,7,12,5,7,1,0,1,22,11,11,1,0,1,0,0,0,4,1,3,5,2,3
854,C4920,28,546,District-West Godavari,Urban,Age Not Stated,11,8,3,3,2,1,0,0,0,1,0,1,1,1,0,2,2,0,0,0,0,4,3,1,0,0,0
855,C4920,28,547,District-Krishna,Total,Total,135469,72636,62833,16097,8059,8038,16676,8360,8316,20367,11284,9083,28739,17309,11430,7214,3826,3388,2568,1336,1232,33012,16553,16459,10796,5909,4887
856,C4920,28,547,District-Krishna,Total,0-4,4846,2577,2269,467,244,223,548,258,290,182,99,83,447,269,178,195,110,85,38,22,16,2614,1360,1254,355,215,140
857,C4920,28,547,District-Krishna,Total,5-9,7432,3988,3444,649,316,333,793,402,391,1334,747,587,809,440,369,604,330,274,106,64,42,2246,1180,1066,891,509,382
858,C4920,28,547,District-Krishna,Total,10-19,20160,10923,9237,1865,974,891,2482,1255,1227,3300,1828,1472,2511,1447,1064,1943,1041,902,397,231,166,5379,2894,2485,2283,1253,1030
859,C4920,28,547,District-Krishna,Total,20-29,23559,12365,11194,1920,1028,892,2452,1206,1246,3878,2006,1872,5420,3127,2293,1615,828,787,523,266,257,5709,2820,2889,2042,1084,958
860,C4920,28,547,District-Krishna,Total,30-39,20199,10956,9243,1839,957,882,2324,1232,1092,3667,2053,1614,4638,2853,1785,1100,569,531,501,242,259,4803,2305,2498,1327,745,582
861,C4920,28,547,District-Krishna,Total,40-49,18245,10244,8001,2037,1098,939,2155,1120,1035,3193,1879,1314,4355,2806,1549,774,422,352,448,230,218,4220,2080,2140,1063,609,454
862,C4920,28,547,District-Krishna,Total,50-59,13934,7648,6286,1913,970,943,1806,909,897,2081,1169,912,3681,2323,1358,446,235,211,254,130,124,3009,1496,1513,744,416,328
863,C4920,28,547,District-Krishna,Total,60-69,14638,7522,7116,2814,1250,1564,2097,999,1098,1614,895,719,3977,2359,1618,289,156,133,186,94,92,2753,1303,1450,908,466,442
864,C4920,28,547,District-Krishna,Total,70-79,7665,4073,3592,1749,818,931,1271,622,649,684,379,305,1950,1211,739,107,61,46,59,32,27,1193,597,596,652,353,299
865,C4920,28,547,District-Krishna,Total,80-89,2366,1139,1227,494,234,260,459,218,241,170,87,83,556,274,282,38,20,18,18,6,12,339,157,182,292,143,149
866,C4920,28,547,District-Krishna,Total,90+,676,285,391,116,50,66,100,41,59,59,30,29,121,50,71,15,4,11,4,3,1,144,53,91,117,54,63
867,C4920,28,547,District-Krishna,Total,Age Not Stated,1749,916,833,234,120,114,189,98,91,205,112,93,274,150,124,88,50,38,34,16,18,603,308,295,122,62,60
868,C4920,28,547,District-Krishna,Rural,Total,82683,44222,38461,9436,4699,4737,9127,4477,4650,11757,6454,5303,19388,11674,7714,4768,2507,2261,1644,843,801,18991,9485,9506,7572,4083,3489
869,C4920,28,547,District-Krishna,Rural,0-4,2646,1426,1220,206,106,100,234,112,122,109,50,59,300,191,109,112,60,52,15,11,4,1423,748,675,247,148,99
870,C4920,28,547,District-Krishna,Rural,5-9,4492,2441,2051,304,150,154,407,203,204,854,482,372,567,316,251,415,230,185,59,36,23,1269,674,595,617,350,267
871,C4920,28,547,District-Krishna,Rural,10-19,11637,6363,5274,848,458,390,1149,610,539,1889,1029,860,1649,952,697,1315,718,597,249,145,104,2956,1593,1363,1582,858,724
872,C4920,28,547,District-Krishna,Rural,20-29,13689,7272,6417,975,551,424,1196,560,636,2145,1123,1022,3497,2033,1464,1057,547,510,322,161,161,3125,1583,1542,1372,714,658
873,C4920,28,547,District-Krishna,Rural,30-39,11772,6341,5431,945,495,450,1180,586,594,2001,1112,889,3010,1873,1137,718,353,365,321,152,169,2685,1272,1413,912,498,414
874,C4920,28,547,District-Krishna,Rural,40-49,11046,6115,4931,1142,597,545,1187,598,589,1847,1066,781,2890,1844,1046,513,262,251,292,146,146,2464,1209,1255,711,393,318
875,C4920,28,547,District-Krishna,Rural,50-59,8589,4587,4002,1157,558,599,1006,474,532,1194,660,534,2459,1511,948,291,146,145,175,87,88,1802,868,934,505,283,222
876,C4920,28,547,District-Krishna,Rural,60-69,10164,5184,4980,1986,894,1092,1389,653,736,1030,559,471,2906,1718,1188,195,106,89,135,67,68,1837,838,999,686,349,337
877,C4920,28,547,District-Krishna,Rural,70-79,5563,2958,2605,1317,618,699,893,442,451,448,248,200,1464,910,554,70,41,29,47,28,19,800,390,410,524,281,243
878,C4920,28,547,District-Krishna,Rural,80-89,1723,857,866,381,186,195,333,167,166,112,58,54,395,197,198,24,13,11,16,5,11,225,112,113,237,119,118
879,C4920,28,547,District-Krishna,Rural,90+,466,211,255,85,37,48,76,33,43,25,14,11,97,44,53,9,3,6,2,1,1,77,33,44,95,46,49
880,C4920,28,547,District-Krishna,Rural,Age Not Stated,896,467,429,90,49,41,77,39,38,103,53,50,154,85,69,49,28,21,11,4,7,328,165,163,84,44,40
881,C4920,28,547,District-Krishna,Urban,Total,52786,28414,24372,6661,3360,3301,7549,3883,3666,8610,4830,3780,9351,5635,3716,2446,1319,1127,924,493,431,14021,7068,6953,3224,1826,1398
882,C4920,28,547,District-Krishna,Urban,0-4,2200,1151,1049,261,138,123,314,146,168,73,49,24,147,78,69,83,50,33,23,11,12,1191,612,579,108,67,41
883,C4920,28,547,District-Krishna,Urban,5-9,2940,1547,1393,345,166,179,386,199,187,480,265,215,242,124,118,189,100,89,47,28,19,977,506,471,274,159,115
884,C4920,28,547,District-Krishna,Urban,10-19,8523,4560,3963,1017,516,501,1333,645,688,1411,799,612,862,495,367,628,323,305,148,86,62,2423,1301,1122,701,395,306
885,C4920,28,547,District-Krishna,Urban,20-29,9870,5093,4777,945,477,468,1256,646,610,1733,883,850,1923,1094,829,558,281,277,201,105,96,2584,1237,1347,670,370,300
886,C4920,28,547,District-Krishna,Urban,30-39,8427,4615,3812,894,462,432,1144,646,498,1666,941,725,1628,980,648,382,216,166,180,90,90,2118,1033,1085,415,247,168
887,C4920,28,547,District-Krishna,Urban,40-49,7199,4129,3070,895,501,394,968,522,446,1346,813,533,1465,962,503,261,160,101,156,84,72,1756,871,885,352,216,136
888,C4920,28,547,District-Krishna,Urban,50-59,5345,3061,2284,756,412,344,800,435,365,887,509,378,1222,812,410,155,89,66,79,43,36,1207,628,579,239,133,106
889,C4920,28,547,District-Krishna,Urban,60-69,4474,2338,2136,828,356,472,708,346,362,584,336,248,1071,641,430,94,50,44,51,27,24,916,465,451,222,117,105
890,C4920,28,547,District-Krishna,Urban,70-79,2102,1115,987,432,200,232,378,180,198,236,131,105,486,301,185,37,20,17,12,4,8,393,207,186,128,72,56
891,C4920,28,547,District-Krishna,Urban,80-89,643,282,361,113,48,65,126,51,75,58,29,29,161,77,84,14,7,7,2,1,1,114,45,69,55,24,31
892,C4920,28,547,District-Krishna,Urban,90+,210,74,136,31,13,18,24,8,16,34,16,18,24,6,18,6,1,5,2,2,0,67,20,47,22,8,14
893,C4920,28,547,District-Krishna,Urban,Age Not Stated,853,449,404,144,71,73,112,59,53,102,59,43,120,65,55,39,22,17,23,12,11,275,143,132,38,18,20
894,C4920,28,548,District-Guntur,Total,Total,90087,48465,41622,14197,6959,7238,11502,5537,5965,7308,3965,3343,26030,15463,10567,6853,3649,3204,2115,1128,987,11851,6208,5643,10231,5556,4675
895,C4920,28,548,District-Guntur,Total,0-4,2195,1188,1007,277,144,133,377,207,170,86,51,35,345,196,149,147,92,55,16,9,7,596,307,289,351,182,169
896,C4920,28,548,District-Guntur,Total,5-9,5160,2932,2228,492,283,209,633,310,323,776,440,336,772,454,318,594,346,248,68,37,31,838,480,358,987,582,405
897,C4920,28,548,District-Guntur,Total,10-19,13466,7570,5896,1389,822,567,1569,848,721,1863,1038,825,2534,1464,1070,1816,983,833,311,180,131,1868,1009,859,2116,1226,890
898,C4920,28,548,District-Guntur,Total,20-29,15647,8447,7200,1371,718,653,1590,783,807,1473,801,672,5353,3051,2302,1526,787,739,428,236,192,2022,1031,991,1884,1040,844
899,C4920,28,548,District-Guntur,Total,30-39,12764,7040,5724,1270,690,580,1469,723,746,1061,542,519,4298,2610,1688,1163,595,568,483,255,228,1755,933,822,1265,692,573
900,C4920,28,548,District-Guntur,Total,40-49,10837,6195,4642,1588,832,756,1285,642,643,840,477,363,3577,2314,1263,784,434,350,372,201,171,1488,785,703,903,510,393
901,C4920,28,548,District-Guntur,Total,50-59,9433,5047,4386,1937,913,1024,1192,566,626,568,289,279,3215,1967,1248,396,205,191,197,99,98,1263,648,615,665,360,305
902,C4920,28,548,District-Guntur,Total,60-69,10687,5343,5344,2891,1233,1658,1526,635,891,390,198,192,3352,1999,1353,278,141,137,149,68,81,1250,641,609,851,428,423
903,C4920,28,548,District-Guntur,Total,70-79,6716,3361,3355,2076,949,1127,1201,554,647,191,108,83,1821,1054,767,107,50,57,60,31,29,549,271,278,711,344,367
904,C4920,28,548,District-Guntur,Total,80-89,2526,1068,1458,763,308,455,529,218,311,48,14,34,627,290,337,15,6,9,18,8,10,166,78,88,360,146,214
905,C4920,28,548,District-Guntur,Total,90+,568,228,340,131,60,71,115,43,72,7,4,3,114,49,65,20,9,11,11,3,8,43,17,26,127,43,84
906,C4920,28,548,District-Guntur,Total,Age Not Stated,88,46,42,12,7,5,16,8,8,5,3,2,22,15,7,7,1,6,2,1,1,13,8,5,11,3,8
907,C4920,28,548,District-Guntur,Rural,Total,63928,34350,29578,10620,5080,5540,7638,3703,3935,5249,2855,2394,18550,11071,7479,5019,2649,2370,1457,788,669,7756,4084,3672,7639,4120,3519
908,C4920,28,548,District-Guntur,Rural,0-4,1392,751,641,172,81,91,188,104,84,69,41,28,242,135,107,97,61,36,9,6,3,368,192,176,247,131,116
909,C4920,28,548,District-Guntur,Rural,5-9,3584,2039,1545,309,179,130,359,181,178,595,339,256,557,333,224,456,259,197,38,22,16,507,282,225,763,444,319
910,C4920,28,548,District-Guntur,Rural,10-19,9265,5269,3996,879,503,376,952,545,407,1373,772,601,1797,1054,743,1301,700,601,214,127,87,1202,676,526,1547,892,655
911,C4920,28,548,District-Guntur,Rural,20-29,10658,5848,4810,886,471,415,937,481,456,1025,561,464,3698,2146,1552,1117,572,545,288,163,125,1321,689,632,1386,765,621
912,C4920,28,548,District-Guntur,Rural,30-39,8629,4726,3903,886,470,416,902,428,474,736,373,363,2902,1768,1134,848,422,426,325,175,150,1145,612,533,885,478,407
913,C4920,28,548,District-Guntur,Rural,40-49,7455,4265,3190,1147,582,565,830,412,418,577,322,255,2488,1638,850,573,318,255,250,130,120,956,503,453,634,360,274
914,C4920,28,548,District-Guntur,Rural,50-59,6730,3606,3124,1496,690,806,823,399,424,401,207,194,2249,1377,872,294,160,134,148,78,70,817,419,398,502,276,226
915,C4920,28,548,District-Guntur,Rural,60-69,8150,4014,4136,2334,986,1348,1156,480,676,288,143,145,2524,1486,1038,220,109,111,117,55,62,860,434,426,651,321,330
916,C4920,28,548,District-Guntur,Rural,70-79,5409,2695,2714,1721,789,932,951,443,508,139,80,59,1459,837,622,84,36,48,42,23,19,409,200,209,604,287,317
917,C4920,28,548,District-Guntur,Rural,80-89,2109,913,1196,659,267,392,434,192,242,36,11,25,526,249,277,11,5,6,15,6,9,128,57,71,300,126,174
918,C4920,28,548,District-Guntur,Rural,90+,476,188,288,119,55,64,96,34,62,5,3,2,90,37,53,14,7,7,9,2,7,32,13,19,111,37,74
919,C4920,28,548,District-Guntur,Rural,Age Not Stated,71,36,35,12,7,5,10,4,6,5,3,2,18,11,7,4,0,4,2,1,1,11,7,4,9,3,6
920,C4920,28,548,District-Guntur,Urban,Total,26159,14115,12044,3577,1879,1698,3864,1834,2030,2059,1110,949,7480,4392,3088,1834,1000,834,658,340,318,4095,2124,1971,2592,1436,1156
921,C4920,28,548,District-Guntur,Urban,0-4,803,437,366,105,63,42,189,103,86,17,10,7,103,61,42,50,31,19,7,3,4,228,115,113,104,51,53
922,C4920,28,548,District-Guntur,Urban,5-9,1576,893,683,183,104,79,274,129,145,181,101,80,215,121,94,138,87,51,30,15,15,331,198,133,224,138,86
923,C4920,28,548,District-Guntur,Urban,10-19,4201,2301,1900,510,319,191,617,303,314,490,266,224,737,410,327,515,283,232,97,53,44,666,333,333,569,334,235
924,C4920,28,548,District-Guntur,Urban,20-29,4989,2599,2390,485,247,238,653,302,351,448,240,208,1655,905,750,409,215,194,140,73,67,701,342,359,498,275,223
925,C4920,28,548,District-Guntur,Urban,30-39,4135,2314,1821,384,220,164,567,295,272,325,169,156,1396,842,554,315,173,142,158,80,78,610,321,289,380,214,166
926,C4920,28,548,District-Guntur,Urban,40-49,3382,1930,1452,441,250,191,455,230,225,263,155,108,1089,676,413,211,116,95,122,71,51,532,282,250,269,150,119
927,C4920,28,548,District-Guntur,Urban,50-59,2703,1441,1262,441,223,218,369,167,202,167,82,85,966,590,376,102,45,57,49,21,28,446,229,217,163,84,79
928,C4920,28,548,District-Guntur,Urban,60-69,2537,1329,1208,557,247,310,370,155,215,102,55,47,828,513,315,58,32,26,32,13,19,390,207,183,200,107,93
929,C4920,28,548,District-Guntur,Urban,70-79,1307,666,641,355,160,195,250,111,139,52,28,24,362,217,145,23,14,9,18,8,10,140,71,69,107,57,50
930,C4920,28,548,District-Guntur,Urban,80-89,417,155,262,104,41,63,95,26,69,12,3,9,101,41,60,4,1,3,3,2,1,38,21,17,60,20,40
931,C4920,28,548,District-Guntur,Urban,90+,92,40,52,12,5,7,19,9,10,2,1,1,24,12,12,6,2,4,2,1,1,11,4,7,16,6,10
932,C4920,28,548,District-Guntur,Urban,Age Not Stated,17,10,7,0,0,0,6,4,2,0,0,0,4,4,0,3,1,2,0,0,0,2,1,1,2,0,2
933,C4920,28,549,District-Prakasam,Total,Total,64272,35075,29197,10549,5305,5244,7699,3832,3867,5300,2898,2402,19063,11480,7583,4871,2579,2292,1505,815,690,7967,4209,3758,7318,3957,3361
934,C4920,28,549,District-Prakasam,Total,0-4,1886,1013,873,189,105,84,273,140,133,80,45,35,313,176,137,138,74,64,11,7,4,621,320,301,261,146,115
935,C4920,28,549,District-Prakasam,Total,5-9,4144,2352,1792,427,225,202,406,226,180,675,406,269,721,394,327,482,276,206,54,34,20,562,309,253,817,482,335
936,C4920,28,549,District-Prakasam,Total,10-19,9703,5277,4426,1041,551,490,967,508,459,1257,668,589,1906,1087,819,1363,729,634,205,114,91,1290,689,601,1674,931,743
937,C4920,28,549,District-Prakasam,Total,20-29,11259,6266,4993,979,526,453,1091,561,530,1108,600,508,4160,2457,1703,1048,525,523,328,189,139,1374,743,631,1171,665,506
938,C4920,28,549,District-Prakasam,Total,30-39,8985,5137,3848,932,549,383,1024,529,495,773,425,348,3191,2035,1156,767,390,377,341,184,157,1149,604,545,808,421,387
939,C4920,28,549,District-Prakasam,Total,40-49,7106,4162,2944,1028,582,446,889,443,446,577,313,264,2380,1557,823,521,294,227,250,132,118,921,502,419,540,339,201
940,C4920,28,549,District-Prakasam,Total,50-59,6276,3412,2864,1276,622,654,835,373,462,379,205,174,2090,1326,764,304,168,136,146,67,79,790,423,367,456,228,228
941,C4920,28,549,District-Prakasam,Total,60-69,7690,3900,3790,2402,1058,1344,1054,502,552,290,154,136,2330,1399,931,166,86,80,124,63,61,722,355,367,602,283,319
942,C4920,28,549,District-Prakasam,Total,70-79,4975,2544,2431,1640,807,833,758,369,389,120,59,61,1429,790,639,49,21,28,39,21,18,367,187,180,573,290,283
943,C4920,28,549,District-Prakasam,Total,80-89,1795,815,980,532,235,297,329,151,178,29,16,13,450,214,236,21,8,13,6,3,3,111,48,63,317,140,177
944,C4920,28,549,District-Prakasam,Total,90+,331,125,206,78,32,46,65,25,40,4,1,3,70,30,40,3,3,0,0,0,0,24,8,16,87,26,61
945,C4920,28,549,District-Prakasam,Total,Age Not Stated,122,72,50,25,13,12,8,5,3,8,6,2,23,15,8,9,5,4,1,1,0,36,21,15,12,6,6
946,C4920,28,549,District-Prakasam,Rural,Total,52886,28829,24057,8960,4502,4458,6291,3141,3150,4461,2431,2030,15631,9435,6196,4079,2128,1951,1251,659,592,6360,3363,2997,5853,3170,2683
947,C4920,28,549,District-Prakasam,Rural,0-4,1564,839,725,162,92,70,219,108,111,70,38,32,261,145,116,110,59,51,9,6,3,517,270,247,216,121,95
948,C4920,28,549,District-Prakasam,Rural,5-9,3467,1984,1483,355,184,171,330,192,138,577,350,227,613,332,281,427,242,185,46,29,17,464,259,205,655,396,259
949,C4920,28,549,District-Prakasam,Rural,10-19,7918,4286,3632,824,441,383,775,405,370,1069,567,502,1610,911,699,1158,611,547,164,87,77,1019,543,476,1299,721,578
950,C4920,28,549,District-Prakasam,Rural,20-29,9296,5213,4083,820,441,379,885,473,412,933,504,429,3436,2062,1374,879,435,444,271,151,120,1107,601,506,965,546,419
951,C4920,28,549,District-Prakasam,Rural,30-39,7211,4144,3067,770,452,318,814,415,399,627,343,284,2544,1649,895,621,307,314,273,147,126,909,484,425,653,347,306
952,C4920,28,549,District-Prakasam,Rural,40-49,5767,3355,2412,865,489,376,703,356,347,495,266,229,1910,1245,665,418,233,185,207,103,104,716,385,331,453,278,175
953,C4920,28,549,District-Prakasam,Rural,50-59,5024,2677,2347,1068,510,558,653,289,364,311,166,145,1661,1025,636,252,139,113,133,61,72,622,328,294,324,159,165
954,C4920,28,549,District-Prakasam,Rural,60-69,6439,3254,3185,2083,921,1162,908,420,488,240,126,114,1917,1164,753,143,71,72,112,54,58,577,285,292,459,213,246
955,C4920,28,549,District-Prakasam,Rural,70-79,4246,2190,2056,1445,721,724,650,320,330,102,51,51,1210,676,534,42,16,26,30,17,13,295,153,142,472,236,236
956,C4920,28,549,District-Prakasam,Rural,80-89,1583,725,858,485,215,270,291,135,156,26,14,12,386,187,199,21,8,13,5,3,2,95,40,55,274,123,151
957,C4920,28,549,District-Prakasam,Rural,90+,280,108,172,64,27,37,56,23,33,4,1,3,62,26,36,2,2,0,0,0,0,17,5,12,75,24,51
958,C4920,28,549,District-Prakasam,Rural,Age Not Stated,91,54,37,19,9,10,7,5,2,7,5,2,21,13,8,6,5,1,1,1,0,22,10,12,8,6,2
959,C4920,28,549,District-Prakasam,Urban,Total,11386,6246,5140,1589,803,786,1408,691,717,839,467,372,3432,2045,1387,792,451,341,254,156,98,1607,846,761,1465,787,678
960,C4920,28,549,District-Prakasam,Urban,0-4,322,174,148,27,13,14,54,32,22,10,7,3,52,31,21,28,15,13,2,1,1,104,50,54,45,25,20
961,C4920,28,549,District-Prakasam,Urban,5-9,677,368,309,72,41,31,76,34,42,98,56,42,108,62,46,55,34,21,8,5,3,98,50,48,162,86,76
962,C4920,28,549,District-Prakasam,Urban,10-19,1785,991,794,217,110,107,192,103,89,188,101,87,296,176,120,205,118,87,41,27,14,271,146,125,375,210,165
963,C4920,28,549,District-Prakasam,Urban,20-29,1963,1053,910,159,85,74,206,88,118,175,96,79,724,395,329,169,90,79,57,38,19,267,142,125,206,119,87
964,C4920,28,549,District-Prakasam,Urban,30-39,1774,993,781,162,97,65,210,114,96,146,82,64,647,386,261,146,83,63,68,37,31,240,120,120,155,74,81
965,C4920,28,549,District-Prakasam,Urban,40-49,1339,807,532,163,93,70,186,87,99,82,47,35,470,312,158,103,61,42,43,29,14,205,117,88,87,61,26
966,C4920,28,549,District-Prakasam,Urban,50-59,1252,735,517,208,112,96,182,84,98,68,39,29,429,301,128,52,29,23,13,6,7,168,95,73,132,69,63
967,C4920,28,549,District-Prakasam,Urban,60-69,1251,646,605,319,137,182,146,82,64,50,28,22,413,235,178,23,15,8,12,9,3,145,70,75,143,70,73
968,C4920,28,549,District-Prakasam,Urban,70-79,729,354,375,195,86,109,108,49,59,18,8,10,219,114,105,7,5,2,9,4,5,72,34,38,101,54,47
969,C4920,28,549,District-Prakasam,Urban,80-89,212,90,122,47,20,27,38,16,22,3,2,1,64,27,37,0,0,0,1,0,1,16,8,8,43,17,26
970,C4920,28,549,District-Prakasam,Urban,90+,51,17,34,14,5,9,9,2,7,0,0,0,8,4,4,1,1,0,0,0,0,7,3,4,12,2,10
971,C4920,28,549,District-Prakasam,Urban,Age Not Stated,31,18,13,6,4,2,1,0,1,1,1,0,2,2,0,3,0,3,0,0,0,14,11,3,4,0,4
972,C4920,28,550,District-Sri Potti Sriramulu Nellore,Total,Total,66248,35569,30679,13226,6437,6789,9371,4370,5001,4693,2646,2047,17426,10599,6827,4692,2579,2113,1525,814,711,8040,4277,3763,7275,3847,3428
973,C4920,28,550,District-Sri Potti Sriramulu Nellore,Total,0-4,1455,810,645,177,93,84,185,88,97,62,39,23,284,169,115,99,67,32,8,7,1,427,226,201,213,121,92
974,C4920,28,550,District-Sri Potti Sriramulu Nellore,Total,5-9,3530,2071,1459,339,188,151,343,181,162,532,336,196,522,318,204,497,286,211,51,36,15,544,323,221,702,403,299
975,C4920,28,550,District-Sri Potti Sriramulu Nellore,Total,10-19,9126,5161,3965,1228,697,531,959,490,469,1063,601,462,1565,911,654,1389,829,560,207,106,101,1371,771,600,1344,756,588
976,C4920,28,550,District-Sri Potti Sriramulu Nellore,Total,20-29,9899,5320,4579,857,460,397,1171,547,624,908,476,432,3245,1915,1330,1030,531,499,307,176,131,1282,638,644,1099,577,522
977,C4920,28,550,District-Sri Potti Sriramulu Nellore,Total,30-39,9095,4999,4096,958,497,461,1378,610,768,736,412,324,2999,1881,1118,727,372,355,353,187,166,1139,615,524,805,425,380
978,C4920,28,550,District-Sri Potti Sriramulu Nellore,Total,40-49,8455,4778,3677,1484,770,714,1365,632,733,552,317,235,2564,1670,894,491,268,223,273,154,119,1074,586,488,652,381,271
979,C4920,28,550,District-Sri Potti Sriramulu Nellore,Total,50-59,7502,3956,3546,1923,896,1027,1246,577,669,389,224,165,2195,1364,831,238,115,123,163,76,87,842,425,417,506,279,227
980,C4920,28,550,District-Sri Potti Sriramulu Nellore,Total,60-69,9474,4722,4752,3411,1518,1893,1462,629,833,283,154,129,2414,1481,933,139,70,69,106,46,60,853,433,420,806,391,415
981,C4920,28,550,District-Sri Potti Sriramulu Nellore,Total,70-79,5563,2807,2756,2121,994,1127,896,449,447,132,71,61,1213,692,521,56,31,25,39,18,21,370,185,185,736,367,369
982,C4920,28,550,District-Sri Potti Sriramulu Nellore,Total,80-89,1751,770,981,621,274,347,298,137,161,19,8,11,358,174,184,17,6,11,13,6,7,91,47,44,334,118,216
983,C4920,28,550,District-Sri Potti Sriramulu Nellore,Total,90+,299,116,183,84,40,44,58,22,36,9,3,6,57,18,39,3,0,3,3,1,2,14,8,6,71,24,47
984,C4920,28,550,District-Sri Potti Sriramulu Nellore,Total,Age Not Stated,99,59,40,23,10,13,10,8,2,8,5,3,10,6,4,6,4,2,2,1,1,33,20,13,7,5,2
985,C4920,28,550,District-Sri Potti Sriramulu Nellore,Rural,Total,51760,27566,24194,10693,5117,5576,7335,3399,3936,3616,2059,1557,13393,8138,5255,3551,1897,1654,1228,657,571,6026,3162,2864,5918,3137,2781
986,C4920,28,550,District-Sri Potti Sriramulu Nellore,Rural,0-4,1123,644,479,126,69,57,133,65,68,56,34,22,235,145,90,75,53,22,7,7,0,318,171,147,173,100,73
987,C4920,28,550,District-Sri Potti Sriramulu Nellore,Rural,5-9,2853,1671,1182,263,143,120,264,138,126,442,285,157,432,270,162,421,239,182,44,30,14,396,233,163,591,333,258
988,C4920,28,550,District-Sri Potti Sriramulu Nellore,Rural,10-19,6472,3595,2877,664,362,302,697,363,334,811,454,357,1214,694,520,995,555,440,169,85,84,841,466,375,1081,616,465
989,C4920,28,550,District-Sri Potti Sriramulu Nellore,Rural,20-29,7585,4108,3477,635,345,290,904,432,472,681,367,314,2461,1470,991,793,405,388,258,150,108,989,488,501,864,451,413
990,C4920,28,550,District-Sri Potti Sriramulu Nellore,Rural,30-39,7005,3808,3197,714,361,353,1088,468,620,566,312,254,2262,1427,835,567,280,287,278,145,133,892,477,415,638,338,300
991,C4920,28,550,District-Sri Potti Sriramulu Nellore,Rural,40-49,6514,3661,2853,1199,621,578,1047,482,565,411,242,169,1944,1250,694,373,205,168,208,119,89,831,448,383,501,294,207
992,C4920,28,550,District-Sri Potti Sriramulu Nellore,Rural,50-59,5844,3021,2823,1591,720,871,977,437,540,303,176,127,1624,997,627,170,82,88,133,66,67,648,317,331,398,226,172
993,C4920,28,550,District-Sri Potti Sriramulu Nellore,Rural,60-69,7948,3929,4019,3021,1346,1675,1200,516,684,219,119,100,1913,1170,743,102,51,51,89,36,53,710,360,350,694,331,363
994,C4920,28,550,District-Sri Potti Sriramulu Nellore,Rural,70-79,4660,2344,2316,1861,870,991,736,362,374,98,56,42,970,554,416,39,21,18,30,13,17,302,150,152,624,318,306
995,C4920,28,550,District-Sri Potti Sriramulu Nellore,Rural,80-89,1468,659,809,538,242,296,241,114,127,17,7,10,287,142,145,10,4,6,11,6,5,76,39,37,288,105,183
996,C4920,28,550,District-Sri Potti Sriramulu Nellore,Rural,90+,232,94,138,68,34,34,40,16,24,8,3,5,43,15,28,2,0,2,1,0,1,11,6,5,59,20,39
997,C4920,28,550,District-Sri Potti Sriramulu Nellore,Rural,Age Not Stated,56,32,24,13,4,9,8,6,2,4,4,0,8,4,4,4,2,2,0,0,0,12,7,5,7,5,2
998,C4920,28,550,District-Sri Potti Sriramulu Nellore,Urban,Total,14488,8003,6485,2533,1320,1213,2036,971,1065,1077,587,490,4033,2461,1572,1141,682,459,297,157,140,2014,1115,899,1357,710,647
999,C4920,28,550,District-Sri Potti Sriramulu Nellore,Urban,0-4,332,166,166,51,24,27,52,23,29,6,5,1,49,24,25,24,14,10,1,0,1,109,55,54,40,21,19
1000,C4920,28,550,District-Sri Potti Sriramulu Nellore,Urban,5-9,677,400,277,76,45,31,79,43,36,90,51,39,90,48,42,76,47,29,7,6,1,148,90,58,111,70,41
1001,C4920,28,550,District-Sri Potti Sriramulu Nellore,Urban,10-19,2654,1566,1088,564,335,229,262,127,135,252,147,105,351,217,134,394,274,120,38,21,17,530,305,225,263,140,123
1002,C4920,28,550,District-Sri Potti Sriramulu Nellore,Urban,20-29,2314,1212,1102,222,115,107,267,115,152,227,109,118,784,445,339,237,126,111,49,26,23,293,150,143,235,126,109
1003,C4920,28,550,District-Sri Potti Sriramulu Nellore,Urban,30-39,2090,1191,899,244,136,108,290,142,148,170,100,70,737,454,283,160,92,68,75,42,33,247,138,109,167,87,80
1004,C4920,28,550,District-Sri Potti Sriramulu Nellore,Urban,40-49,1941,1117,824,285,149,136,318,150,168,141,75,66,620,420,200,118,63,55,65,35,30,243,138,105,151,87,64
1005,C4920,28,550,District-Sri Potti Sriramulu Nellore,Urban,50-59,1658,935,723,332,176,156,269,140,129,86,48,38,571,367,204,68,33,35,30,10,20,194,108,86,108,53,55
1006,C4920,28,550,District-Sri Potti Sriramulu Nellore,Urban,60-69,1526,793,733,390,172,218,262,113,149,64,35,29,501,311,190,37,19,18,17,10,7,143,73,70,112,60,52
1007,C4920,28,550,District-Sri Potti Sriramulu Nellore,Urban,70-79,903,463,440,260,124,136,160,87,73,34,15,19,243,138,105,17,10,7,9,5,4,68,35,33,112,49,63
1008,C4920,28,550,District-Sri Potti Sriramulu Nellore,Urban,80-89,283,111,172,83,32,51,57,23,34,2,1,1,71,32,39,7,2,5,2,0,2,15,8,7,46,13,33
1009,C4920,28,550,District-Sri Potti Sriramulu Nellore,Urban,90+,67,22,45,16,6,10,18,6,12,1,0,1,14,3,11,1,0,1,2,1,1,3,2,1,12,4,8
1010,C4920,28,550,District-Sri Potti Sriramulu Nellore,Urban,Age Not Stated,43,27,16,10,6,4,2,2,0,4,1,3,2,2,0,2,2,0,2,1,1,21,13,8,0,0,0
1011,C4920,28,551,District-Y.S.R.,Total,Total,66007,35369,30638,11614,5523,6091,10498,4938,5560,4530,2502,2028,17171,10501,6670,4961,2749,2212,1463,759,704,9173,4827,4346,6597,3570,3027
1012,C4920,28,551,District-Y.S.R.,Total,0-4,1745,944,801,180,95,85,250,129,121,70,38,32,313,180,133,131,81,50,11,7,4,552,276,276,238,138,100
1013,C4920,28,551,District-Y.S.R.,Total,5-9,3974,2211,1763,337,165,172,477,241,236,579,330,249,593,358,235,603,346,257,67,34,33,662,358,304,656,379,277
1014,C4920,28,551,District-Y.S.R.,Total,10-19,8896,4916,3980,864,455,409,1222,649,573,980,544,436,1640,941,699,1331,772,559,200,108,92,1402,748,654,1257,699,558
1015,C4920,28,551,District-Y.S.R.,Total,20-29,9797,5430,4367,842,457,385,1318,638,680,839,449,390,3148,1875,1273,1001,539,462,284,165,119,1414,748,666,951,559,392
1016,C4920,28,551,District-Y.S.R.,Total,30-39,8708,4835,3873,978,539,439,1358,617,741,694,370,324,2540,1680,860,765,400,365,306,144,162,1349,698,651,718,387,331
1017,C4920,28,551,District-Y.S.R.,Total,40-49,7840,4481,3359,1227,692,535,1393,641,752,562,319,243,2129,1413,716,537,302,235,261,134,127,1163,657,506,568,323,245
1018,C4920,28,551,District-Y.S.R.,Total,50-59,7100,3857,3243,1545,725,820,1177,530,647,373,202,171,2130,1369,761,278,156,122,159,87,72,986,528,458,452,260,192
1019,C4920,28,551,District-Y.S.R.,Total,60-69,9925,4994,4931,3040,1298,1742,1727,794,933,304,170,134,2745,1678,1067,196,92,104,117,50,67,1027,508,519,769,404,365
1020,C4920,28,551,District-Y.S.R.,Total,70-79,5651,2771,2880,1925,835,1090,1066,501,565,97,62,35,1371,769,602,75,34,41,46,24,22,458,240,218,613,306,307
1021,C4920,28,551,District-Y.S.R.,Total,80-89,1850,729,1121,548,213,335,391,152,239,18,10,8,465,201,264,18,7,11,7,4,3,116,45,71,287,97,190
1022,C4920,28,551,District-Y.S.R.,Total,90+,430,146,284,111,40,71,101,39,62,8,4,4,88,31,57,8,4,4,5,2,3,27,11,16,82,15,67
1023,C4920,28,551,District-Y.S.R.,Total,Age Not Stated,91,55,36,17,9,8,18,7,11,6,4,2,9,6,3,18,16,2,0,0,0,17,10,7,6,3,3
1024,C4920,28,551,District-Y.S.R.,Rural,Total,48297,25722,22575,8879,4157,4722,7955,3751,4204,3177,1747,1430,12437,7614,4823,3466,1897,1569,1020,520,500,6516,3449,3067,4847,2587,2260
1025,C4920,28,551,District-Y.S.R.,Rural,0-4,1209,644,565,127,65,62,164,83,81,48,26,22,223,131,92,87,51,36,8,4,4,362,178,184,190,106,84
1026,C4920,28,551,District-Y.S.R.,Rural,5-9,2902,1598,1304,225,104,121,360,184,176,428,238,190,435,263,172,452,257,195,49,27,22,477,258,219,476,267,209
1027,C4920,28,551,District-Y.S.R.,Rural,10-19,6233,3431,2802,588,308,280,872,476,396,685,383,302,1150,652,498,916,511,405,131,65,66,969,528,441,922,508,414
1028,C4920,28,551,District-Y.S.R.,Rural,20-29,6853,3834,3019,581,317,264,965,467,498,568,307,261,2229,1356,873,672,360,312,195,107,88,997,539,458,646,381,265
1029,C4920,28,551,District-Y.S.R.,Rural,30-39,6154,3432,2722,695,385,310,1005,459,546,482,252,230,1773,1175,598,535,284,251,222,104,118,932,496,436,510,277,233
1030,C4920,28,551,District-Y.S.R.,Rural,40-49,5615,3194,2421,854,475,379,1055,485,570,389,220,169,1528,1015,513,380,219,161,180,100,80,832,461,371,397,219,178
1031,C4920,28,551,District-Y.S.R.,Rural,50-59,5088,2718,2370,1120,511,609,894,399,495,249,124,125,1512,964,548,194,110,84,115,60,55,690,368,322,314,182,132
1032,C4920,28,551,District-Y.S.R.,Rural,60-69,7839,3913,3926,2517,1071,1446,1382,635,747,233,136,97,2113,1287,826,138,58,80,80,34,46,782,384,398,594,308,286
1033,C4920,28,551,District-Y.S.R.,Rural,70-79,4521,2195,2326,1628,700,928,843,399,444,74,47,27,1046,584,462,53,23,30,30,15,15,354,182,172,493,245,248
1034,C4920,28,551,District-Y.S.R.,Rural,80-89,1485,604,881,447,183,264,327,128,199,11,7,4,354,160,194,18,7,11,5,2,3,86,37,49,237,80,157
1035,C4920,28,551,District-Y.S.R.,Rural,90+,335,116,219,85,31,54,79,33,46,5,3,2,69,24,45,6,2,4,5,2,3,23,9,14,63,12,51
1036,C4920,28,551,District-Y.S.R.,Rural,Age Not Stated,63,43,20,12,7,5,9,3,6,5,4,1,5,3,2,15,15,0,0,0,0,12,9,3,5,2,3
1037,C4920,28,551,District-Y.S.R.,Urban,Total,17710,9647,8063,2735,1366,1369,2543,1187,1356,1353,755,598,4734,2887,1847,1495,852,643,443,239,204,2657,1378,1279,1750,983,767
1038,C4920,28,551,District-Y.S.R.,Urban,0-4,536,300,236,53,30,23,86,46,40,22,12,10,90,49,41,44,30,14,3,3,0,190,98,92,48,32,16
1039,C4920,28,551,District-Y.S.R.,Urban,5-9,1072,613,459,112,61,51,117,57,60,151,92,59,158,95,63,151,89,62,18,7,11,185,100,85,180,112,68
1040,C4920,28,551,District-Y.S.R.,Urban,10-19,2663,1485,1178,276,147,129,350,173,177,295,161,134,490,289,201,415,261,154,69,43,26,433,220,213,335,191,144
1041,C4920,28,551,District-Y.S.R.,Urban,20-29,2944,1596,1348,261,140,121,353,171,182,271,142,129,919,519,400,329,179,150,89,58,31,417,209,208,305,178,127
1042,C4920,28,551,District-Y.S.R.,Urban,30-39,2554,1403,1151,283,154,129,353,158,195,212,118,94,767,505,262,230,116,114,84,40,44,417,202,215,208,110,98
1043,C4920,28,551,District-Y.S.R.,Urban,40-49,2225,1287,938,373,217,156,338,156,182,173,99,74,601,398,203,157,83,74,81,34,47,331,196,135,171,104,67
1044,C4920,28,551,District-Y.S.R.,Urban,50-59,2012,1139,873,425,214,211,283,131,152,124,78,46,618,405,213,84,46,38,44,27,17,296,160,136,138,78,60
1045,C4920,28,551,District-Y.S.R.,Urban,60-69,2086,1081,1005,523,227,296,345,159,186,71,34,37,632,391,241,58,34,24,37,16,21,245,124,121,175,96,79
1046,C4920,28,551,District-Y.S.R.,Urban,70-79,1130,576,554,297,135,162,223,102,121,23,15,8,325,185,140,22,11,11,16,9,7,104,58,46,120,61,59
1047,C4920,28,551,District-Y.S.R.,Urban,80-89,365,125,240,101,30,71,64,24,40,7,3,4,111,41,70,0,0,0,2,2,0,30,8,22,50,17,33
1048,C4920,28,551,District-Y.S.R.,Urban,90+,95,30,65,26,9,17,22,6,16,3,1,2,19,7,12,2,2,0,0,0,0,4,2,2,19,3,16
1049,C4920,28,551,District-Y.S.R.,Urban,Age Not Stated,28,12,16,5,2,3,9,4,5,1,0,1,4,3,1,3,1,2,0,0,0,5,1,4,1,1,0
1050,C4920,28,552,District-Kurnool,Total,Total,94157,50185,43972,16611,7910,8701,15654,7532,8122,8660,4808,3852,22640,13852,8788,6127,3192,2935,1815,910,905,14873,7830,7043,7777,4151,3626
1051,C4920,28,552,District-Kurnool,Total,0-4,3639,1928,1711,517,269,248,791,391,400,135,80,55,452,247,205,236,128,108,42,25,17,1115,586,529,351,202,149
1052,C4920,28,552,District-Kurnool,Total,5-9,6746,3680,3066,813,426,387,1208,617,591,970,536,434,853,502,351,712,410,302,93,47,46,1194,636,558,903,506,397
1053,C4920,28,552,District-Kurnool,Total,10-19,16035,8645,7390,1987,1074,913,2787,1385,1402,1877,1041,836,2998,1704,1294,1716,892,824,310,159,151,2586,1375,1211,1774,1015,759
1054,C4920,28,552,District-Kurnool,Total,20-29,15847,8661,7186,1628,848,780,2429,1184,1245,1543,812,731,4972,3046,1926,1223,607,616,369,186,183,2546,1337,1209,1137,641,496
1055,C4920,28,552,District-Kurnool,Total,30-39,12977,7295,5682,1563,834,729,2083,1030,1053,1434,822,612,3586,2314,1272,928,488,440,347,181,166,2243,1197,1046,793,429,364
1056,C4920,28,552,District-Kurnool,Total,40-49,10983,6244,4739,1714,923,791,1846,933,913,1148,631,517,2920,1934,986,644,344,300,290,140,150,1856,1026,830,565,313,252
1057,C4920,28,552,District-Kurnool,Total,50-59,9034,4849,4185,2066,931,1135,1434,661,773,729,423,306,2422,1587,835,336,168,168,192,92,100,1364,723,641,491,264,227
1058,C4920,28,552,District-Kurnool,Total,60-69,10277,5046,5231,3331,1391,1940,1656,735,921,550,304,246,2571,1535,1036,194,93,101,126,66,60,1166,578,588,683,344,339
1059,C4920,28,552,District-Kurnool,Total,70-79,5758,2719,3039,2104,898,1206,925,427,498,171,101,70,1309,726,583,79,37,42,27,10,17,485,231,254,658,289,369
1060,C4920,28,552,District-Kurnool,Total,80-89,1896,725,1171,665,249,416,312,100,212,38,18,20,397,175,222,23,12,11,10,3,7,148,60,88,303,108,195
1061,C4920,28,552,District-Kurnool,Total,90+,433,147,286,135,37,98,70,22,48,15,8,7,73,30,43,6,3,3,1,0,1,49,22,27,84,25,59
1062,C4920,28,552,District-Kurnool,Total,Age Not Stated,532,246,286,88,30,58,113,47,66,50,32,18,87,52,35,30,10,20,8,1,7,121,59,62,35,15,20
1063,C4920,28,552,District-Kurnool,Rural,Total,68726,36515,32211,12242,5759,6483,10099,4739,5360,6418,3584,2834,17367,10676,6691,4508,2306,2202,1356,664,692,10569,5523,5046,6167,3264,2903
1064,C4920,28,552,District-Kurnool,Rural,0-4,2554,1356,1198,338,171,167,435,214,221,102,60,42,345,193,152,172,96,76,34,19,15,834,429,405,294,174,120
1065,C4920,28,552,District-Kurnool,Rural,5-9,4875,2643,2232,555,281,274,694,338,356,757,427,330,676,391,285,552,316,236,65,34,31,853,453,400,723,403,320
1066,C4920,28,552,District-Kurnool,Rural,10-19,11378,6109,5269,1305,731,574,1689,800,889,1370,757,613,2303,1300,1003,1309,676,633,230,116,114,1804,944,860,1368,785,583
1067,C4920,28,552,District-Kurnool,Rural,20-29,11082,6116,4966,1040,557,483,1448,701,747,1106,585,521,3733,2309,1424,886,433,453,267,131,136,1740,925,815,862,475,387
1068,C4920,28,552,District-Kurnool,Rural,30-39,9158,5169,3989,1052,568,484,1283,608,675,1057,603,454,2668,1757,911,672,342,330,250,126,124,1548,828,720,628,337,291
1069,C4920,28,552,District-Kurnool,Rural,40-49,7941,4523,3418,1189,642,547,1227,613,614,866,480,386,2255,1502,753,438,225,213,221,102,119,1309,713,596,436,246,190
1070,C4920,28,552,District-Kurnool,Rural,50-59,6640,3570,3070,1534,664,870,989,449,540,537,318,219,1823,1215,608,245,117,128,155,76,79,970,523,447,387,208,179
1071,C4920,28,552,District-Kurnool,Rural,60-69,8072,3914,4158,2715,1116,1599,1234,558,676,412,226,186,2045,1215,830,125,54,71,96,50,46,888,426,462,557,269,288
1072,C4920,28,552,District-Kurnool,Rural,70-79,4724,2209,2515,1778,771,1007,744,338,406,129,80,49,1057,570,487,62,29,33,22,7,15,376,171,205,556,243,313
1073,C4920,28,552,District-Kurnool,Rural,80-89,1559,612,947,569,214,355,236,80,156,29,15,14,331,154,177,18,9,9,8,2,6,107,45,62,261,93,168
1074,C4920,28,552,District-Kurnool,Rural,90+,341,116,225,107,30,77,50,16,34,12,6,6,60,26,34,5,2,3,1,0,1,39,17,22,67,19,48
1075,C4920,28,552,District-Kurnool,Rural,Age Not Stated,402,178,224,60,14,46,70,24,46,41,27,14,71,44,27,24,7,17,7,1,6,101,49,52,28,12,16
1076,C4920,28,552,District-Kurnool,Urban,Total,25431,13670,11761,4369,2151,2218,5555,2793,2762,2242,1224,1018,5273,3176,2097,1619,886,733,459,246,213,4304,2307,1997,1610,887,723
1077,C4920,28,552,District-Kurnool,Urban,0-4,1085,572,513,179,98,81,356,177,179,33,20,13,107,54,53,64,32,32,8,6,2,281,157,124,57,28,29
1078,C4920,28,552,District-Kurnool,Urban,5-9,1871,1037,834,258,145,113,514,279,235,213,109,104,177,111,66,160,94,66,28,13,15,341,183,158,180,103,77
1079,C4920,28,552,District-Kurnool,Urban,10-19,4657,2536,2121,682,343,339,1098,585,513,507,284,223,695,404,291,407,216,191,80,43,37,782,431,351,406,230,176
1080,C4920,28,552,District-Kurnool,Urban,20-29,4765,2545,2220,588,291,297,981,483,498,437,227,210,1239,737,502,337,174,163,102,55,47,806,412,394,275,166,109
1081,C4920,28,552,District-Kurnool,Urban,30-39,3819,2126,1693,511,266,245,800,422,378,377,219,158,918,557,361,256,146,110,97,55,42,695,369,326,165,92,73
1082,C4920,28,552,District-Kurnool,Urban,40-49,3042,1721,1321,525,281,244,619,320,299,282,151,131,665,432,233,206,119,87,69,38,31,547,313,234,129,67,62
1083,C4920,28,552,District-Kurnool,Urban,50-59,2394,1279,1115,532,267,265,445,212,233,192,105,87,599,372,227,91,51,40,37,16,21,394,200,194,104,56,48
1084,C4920,28,552,District-Kurnool,Urban,60-69,2205,1132,1073,616,275,341,422,177,245,138,78,60,526,320,206,69,39,30,30,16,14,278,152,126,126,75,51
1085,C4920,28,552,District-Kurnool,Urban,70-79,1034,510,524,326,127,199,181,89,92,42,21,21,252,156,96,17,8,9,5,3,2,109,60,49,102,46,56
1086,C4920,28,552,District-Kurnool,Urban,80-89,337,113,224,96,35,61,76,20,56,9,3,6,66,21,45,5,3,2,2,1,1,41,15,26,42,15,27
1087,C4920,28,552,District-Kurnool,Urban,90+,92,31,61,28,7,21,20,6,14,3,2,1,13,4,9,1,1,0,0,0,0,10,5,5,17,6,11
1088,C4920,28,552,District-Kurnool,Urban,Age Not Stated,130,68,62,28,16,12,43,23,20,9,5,4,16,8,8,6,3,3,1,0,1,20,10,10,7,3,4
1089,C4920,28,553,District-Anantapur,Total,Total,121908,65939,55969,18420,9111,9309,16003,7899,8104,14857,8393,6464,30684,18655,12029,7829,4100,3729,2207,1116,1091,21935,11383,10552,9973,5282,4691
1090,C4920,28,553,District-Anantapur,Total,0-4,3860,2026,1834,327,159,168,445,201,244,187,87,100,512,302,210,213,106,107,28,17,11,1768,947,821,380,207,173
1091,C4920,28,553,District-Anantapur,Total,5-9,6970,3729,3241,586,287,299,782,394,388,1310,737,573,943,530,413,734,389,345,86,50,36,1562,840,722,967,502,465
1092,C4920,28,553,District-Anantapur,Total,10-19,17969,9820,8149,1893,1020,873,2106,1141,965,2633,1501,1132,3167,1844,1323,2265,1183,1082,335,173,162,3236,1711,1525,2334,1247,1087
1093,C4920,28,553,District-Anantapur,Total,20-29,18804,10167,8637,1845,1037,808,2036,931,1105,2633,1385,1248,5437,3279,2158,1559,789,770,444,218,226,3390,1703,1687,1460,825,635
1094,C4920,28,553,District-Anantapur,Total,30-39,17216,9685,7531,1802,1004,798,2192,1100,1092,2632,1508,1124,4664,2963,1701,1222,649,573,465,243,222,3250,1665,1585,989,553,436
1095,C4920,28,553,District-Anantapur,Total,40-49,14999,8717,6282,2032,1128,904,2065,1074,991,2141,1290,851,4011,2643,1368,780,443,337,369,182,187,2830,1502,1328,771,455,316
1096,C4920,28,553,District-Anantapur,Total,50-59,12743,6858,5885,2349,1093,1256,1767,828,939,1387,808,579,3836,2392,1444,480,248,232,218,107,111,2091,1058,1033,615,324,291
1097,C4920,28,553,District-Anantapur,Total,60-69,15821,8308,7513,3972,1789,2183,2390,1150,1240,1184,655,529,4664,2832,1832,339,166,173,157,79,78,2127,1112,1015,988,525,463
1098,C4920,28,553,District-Anantapur,Total,70-79,8387,4307,4080,2330,1070,1260,1389,715,674,469,266,203,2301,1295,1006,125,68,57,59,33,26,884,461,423,830,399,431
1099,C4920,28,553,District-Anantapur,Total,80-89,2904,1284,1620,915,375,540,486,218,268,102,57,45,703,357,346,28,16,12,16,5,11,256,111,145,398,145,253
1100,C4920,28,553,District-Anantapur,Total,90+,793,289,504,207,68,139,134,51,83,33,15,18,159,56,103,16,8,8,2,0,2,98,42,56,144,49,95
1101,C4920,28,553,District-Anantapur,Total,Age Not Stated,1442,749,693,162,81,81,211,96,115,146,84,62,287,162,125,68,35,33,28,9,19,443,231,212,97,51,46
1102,C4920,28,553,District-Anantapur,Rural,Total,95961,51972,43989,14759,7307,7452,12963,6372,6591,10751,6100,4651,24473,14998,9475,6043,3130,2913,1736,869,867,17422,9061,8361,7814,4135,3679
1103,C4920,28,553,District-Anantapur,Rural,0-4,3005,1585,1420,254,127,127,346,152,194,135,60,75,419,245,174,162,82,80,20,12,8,1365,739,626,304,168,136
1104,C4920,28,553,District-Anantapur,Rural,5-9,5504,2958,2546,480,236,244,641,325,316,987,569,418,745,431,314,587,308,279,68,42,26,1222,659,563,774,388,386
1105,C4920,28,553,District-Anantapur,Rural,10-19,14098,7747,6351,1546,836,710,1686,928,758,1944,1119,825,2512,1468,1044,1758,907,851,272,141,131,2517,1350,1167,1863,998,865
1106,C4920,28,553,District-Anantapur,Rural,20-29,14442,7888,6554,1480,841,639,1614,727,887,1839,999,840,4230,2604,1626,1182,609,573,356,168,188,2627,1313,1314,1114,627,487
1107,C4920,28,553,District-Anantapur,Rural,30-39,13294,7432,5862,1441,801,640,1714,844,870,1915,1065,850,3618,2341,1277,941,480,461,364,183,181,2533,1286,1247,768,432,336
1108,C4920,28,553,District-Anantapur,Rural,40-49,11588,6716,4872,1488,826,662,1645,853,792,1504,906,598,3222,2108,1114,593,335,258,277,134,143,2263,1203,1060,596,351,245
1109,C4920,28,553,District-Anantapur,Rural,50-59,9921,5311,4610,1777,823,954,1448,673,775,976,574,402,3034,1869,1165,374,192,182,170,87,83,1684,850,834,458,243,215
1110,C4920,28,553,District-Anantapur,Rural,60-69,12972,6830,6142,3239,1457,1782,2008,967,1041,878,488,390,3887,2383,1504,267,131,136,122,63,59,1794,937,857,777,404,373
1111,C4920,28,553,District-Anantapur,Rural,70-79,6905,3577,3328,1971,912,1059,1169,602,567,352,195,157,1861,1066,795,91,45,46,46,26,20,760,403,357,655,328,327
1112,C4920,28,553,District-Anantapur,Rural,80-89,2400,1076,1324,769,318,451,400,182,218,80,46,34,572,295,277,21,12,9,14,5,9,215,94,121,329,124,205
1113,C4920,28,553,District-Anantapur,Rural,90+,648,234,414,181,61,120,114,41,73,23,10,13,127,43,84,11,5,6,1,0,1,76,34,42,115,40,75
1114,C4920,28,553,District-Anantapur,Rural,Age Not Stated,1184,618,566,133,69,64,178,78,100,118,69,49,246,145,101,56,24,32,26,8,18,366,193,173,61,32,29
1115,C4920,28,553,District-Anantapur,Urban,Total,25947,13967,11980,3661,1804,1857,3040,1527,1513,4106,2293,1813,6211,3657,2554,1786,970,816,471,247,224,4513,2322,2191,2159,1147,1012
1116,C4920,28,553,District-Anantapur,Urban,0-4,855,441,414,73,32,41,99,49,50,52,27,25,93,57,36,51,24,27,8,5,3,403,208,195,76,39,37
1117,C4920,28,553,District-Anantapur,Urban,5-9,1466,771,695,106,51,55,141,69,72,323,168,155,198,99,99,147,81,66,18,8,10,340,181,159,193,114,79
1118,C4920,28,553,District-Anantapur,Urban,10-19,3871,2073,1798,347,184,163,420,213,207,689,382,307,655,376,279,507,276,231,63,32,31,719,361,358,471,249,222
1119,C4920,28,553,District-Anantapur,Urban,20-29,4362,2279,2083,365,196,169,422,204,218,794,386,408,1207,675,532,377,180,197,88,50,38,763,390,373,346,198,148
1120,C4920,28,553,District-Anantapur,Urban,30-39,3922,2253,1669,361,203,158,478,256,222,717,443,274,1046,622,424,281,169,112,101,60,41,717,379,338,221,121,100
1121,C4920,28,553,District-Anantapur,Urban,40-49,3411,2001,1410,544,302,242,420,221,199,637,384,253,789,535,254,187,108,79,92,48,44,567,299,268,175,104,71
1122,C4920,28,553,District-Anantapur,Urban,50-59,2822,1547,1275,572,270,302,319,155,164,411,234,177,802,523,279,106,56,50,48,20,28,407,208,199,157,81,76
1123,C4920,28,553,District-Anantapur,Urban,60-69,2849,1478,1371,733,332,401,382,183,199,306,167,139,777,449,328,72,35,37,35,16,19,333,175,158,211,121,90
1124,C4920,28,553,District-Anantapur,Urban,70-79,1482,730,752,359,158,201,220,113,107,117,71,46,440,229,211,34,23,11,13,7,6,124,58,66,175,71,104
1125,C4920,28,553,District-Anantapur,Urban,80-89,504,208,296,146,57,89,86,36,50,22,11,11,131,62,69,7,4,3,2,0,2,41,17,24,69,21,48
1126,C4920,28,553,District-Anantapur,Urban,90+,145,55,90,26,7,19,20,10,10,10,5,5,32,13,19,5,3,2,1,0,1,22,8,14,29,9,20
1127,C4920,28,553,District-Anantapur,Urban,Age Not Stated,258,131,127,29,12,17,33,18,15,28,15,13,41,17,24,12,11,1,2,1,1,77,38,39,36,19,17
1128,C4920,28,554,District-Chittoor,Total,Total,109501,59740,49761,15245,7701,7544,14973,7652,7321,16333,9057,7276,22972,14065,8907,6735,3625,3110,2034,1032,1002,21536,11254,10282,9673,5354,4319
1129,C4920,28,554,District-Chittoor,Total,0-4,3723,2012,1711,438,234,204,485,244,241,192,106,86,333,206,127,220,129,91,23,13,10,1674,884,790,358,196,162
1130,C4920,28,554,District-Chittoor,Total,5-9,6554,3700,2854,678,367,311,759,425,334,1203,652,551,698,439,259,699,381,318,90,57,33,1285,683,602,1142,696,446
1131,C4920,28,554,District-Chittoor,Total,10-19,15192,8344,6848,1637,878,759,1837,970,867,2562,1371,1191,1987,1189,798,1760,967,793,329,186,143,2740,1474,1266,2340,1309,1031
1132,C4920,28,554,District-Chittoor,Total,20-29,16162,8783,7379,1588,885,703,1951,977,974,2729,1406,1323,3649,2171,1478,1345,718,627,367,196,171,3164,1655,1509,1369,775,594
1133,C4920,28,554,District-Chittoor,Total,30-39,15517,8677,6840,1639,911,728,1979,1030,949,2863,1588,1275,3453,2230,1223,1035,540,495,387,189,198,3225,1670,1555,936,519,417
1134,C4920,28,554,District-Chittoor,Total,40-49,14390,8219,6171,1687,942,745,2018,1037,981,2631,1572,1059,3208,2092,1116,752,427,325,367,173,194,2988,1565,1423,739,411,328
1135,C4920,28,554,District-Chittoor,Total,50-59,12012,6690,5322,1828,918,910,1761,888,873,1726,1009,717,3156,2018,1138,399,203,196,209,93,116,2318,1223,1095,615,338,277
1136,C4920,28,554,District-Chittoor,Total,60-69,13214,6901,6313,2757,1241,1516,2095,1039,1056,1382,773,609,3516,2076,1440,288,139,149,147,72,75,2178,1122,1056,851,439,412
1137,C4920,28,554,District-Chittoor,Total,70-79,7780,4060,3720,1986,910,1076,1335,682,653,573,332,241,1956,1126,830,110,52,58,64,28,36,1060,562,498,696,368,328
1138,C4920,28,554,District-Chittoor,Total,80-89,2571,1189,1382,679,277,402,437,214,223,164,68,96,608,303,305,38,23,15,24,9,15,258,120,138,363,175,188
1139,C4920,28,554,District-Chittoor,Total,90+,647,264,383,154,52,102,105,48,57,44,23,21,113,49,64,12,4,8,6,4,2,86,35,51,127,49,78
1140,C4920,28,554,District-Chittoor,Total,Age Not Stated,1739,901,838,174,86,88,211,98,113,264,157,107,295,166,129,77,42,35,21,12,9,560,261,299,137,79,58
1141,C4920,28,554,District-Chittoor,Rural,Total,81450,44201,37249,11642,5816,5826,11368,5775,5593,11502,6387,5115,17260,10608,6652,4943,2615,2328,1545,775,770,16398,8561,7837,6792,3664,3128
1142,C4920,28,554,District-Chittoor,Rural,0-4,2726,1495,1231,298,160,138,356,186,170,136,77,59,268,166,102,148,90,58,19,12,7,1221,642,579,280,162,118
1143,C4920,28,554,District-Chittoor,Rural,5-9,4681,2587,2094,445,234,211,561,302,259,922,507,415,533,334,199,541,289,252,70,46,24,932,474,458,677,401,276
1144,C4920,28,554,District-Chittoor,Rural,10-19,10347,5641,4706,1066,586,480,1312,693,619,1734,934,800,1443,861,582,1267,683,584,258,144,114,1999,1066,933,1268,674,594
1145,C4920,28,554,District-Chittoor,Rural,20-29,11393,6158,5235,1058,580,478,1399,705,694,1916,993,923,2525,1517,1008,959,495,464,273,141,132,2306,1207,1099,957,520,437
1146,C4920,28,554,District-Chittoor,Rural,30-39,11233,6252,4981,1170,640,530,1426,727,699,1956,1071,885,2469,1622,847,760,395,365,296,141,155,2443,1261,1182,713,395,318
1147,C4920,28,554,District-Chittoor,Rural,40-49,10720,6103,4617,1290,717,573,1532,786,746,1785,1060,725,2407,1577,830,544,308,236,268,123,145,2316,1215,1101,578,317,261
1148,C4920,28,554,District-Chittoor,Rural,50-59,9108,4999,4109,1441,707,734,1347,655,692,1226,707,519,2349,1494,855,310,156,154,154,65,89,1801,960,841,480,255,225
1149,C4920,28,554,District-Chittoor,Rural,60-69,10809,5654,5155,2345,1066,1279,1716,853,863,1053,589,464,2845,1678,1167,226,110,116,120,60,60,1795,934,861,709,364,345
1150,C4920,28,554,District-Chittoor,Rural,70-79,6402,3379,3023,1674,772,902,1092,565,527,433,261,172,1601,934,667,83,35,48,50,23,27,871,470,401,598,319,279
1151,C4920,28,554,District-Chittoor,Rural,80-89,2111,997,1114,581,238,343,360,182,178,116,50,66,496,257,239,27,14,13,17,8,9,202,95,107,312,153,159
1152,C4920,28,554,District-Chittoor,Rural,90+,542,220,322,132,47,85,92,40,52,30,19,11,100,43,57,9,1,8,3,1,2,66,28,38,110,41,69
1153,C4920,28,554,District-Chittoor,Rural,Age Not Stated,1378,716,662,142,69,73,175,81,94,195,119,76,224,125,99,69,39,30,17,11,6,446,209,237,110,63,47
1154,C4920,28,554,District-Chittoor,Urban,Total,28051,15539,12512,3603,1885,1718,3605,1877,1728,4831,2670,2161,5712,3457,2255,1792,1010,782,489,257,232,5138,2693,2445,2881,1690,1191
1155,C4920,28,554,District-Chittoor,Urban,0-4,997,517,480,140,74,66,129,58,71,56,29,27,65,40,25,72,39,33,4,1,3,453,242,211,78,34,44
1156,C4920,28,554,District-Chittoor,Urban,5-9,1873,1113,760,233,133,100,198,123,75,281,145,136,165,105,60,158,92,66,20,11,9,353,209,144,465,295,170
1157,C4920,28,554,District-Chittoor,Urban,10-19,4845,2703,2142,571,292,279,525,277,248,828,437,391,544,328,216,493,284,209,71,42,29,741,408,333,1072,635,437
1158,C4920,28,554,District-Chittoor,Urban,20-29,4769,2625,2144,530,305,225,552,272,280,813,413,400,1124,654,470,386,223,163,94,55,39,858,448,410,412,255,157
1159,C4920,28,554,District-Chittoor,Urban,30-39,4284,2425,1859,469,271,198,553,303,250,907,517,390,984,608,376,275,145,130,91,48,43,782,409,373,223,124,99
1160,C4920,28,554,District-Chittoor,Urban,40-49,3670,2116,1554,397,225,172,486,251,235,846,512,334,801,515,286,208,119,89,99,50,49,672,350,322,161,94,67
1161,C4920,28,554,District-Chittoor,Urban,50-59,2904,1691,1213,387,211,176,414,233,181,500,302,198,807,524,283,89,47,42,55,28,27,517,263,254,135,83,52
1162,C4920,28,554,District-Chittoor,Urban,60-69,2405,1247,1158,412,175,237,379,186,193,329,184,145,671,398,273,62,29,33,27,12,15,383,188,195,142,75,67
1163,C4920,28,554,District-Chittoor,Urban,70-79,1378,681,697,312,138,174,243,117,126,140,71,69,355,192,163,27,17,10,14,5,9,189,92,97,98,49,49
1164,C4920,28,554,District-Chittoor,Urban,80-89,460,192,268,98,39,59,77,32,45,48,18,30,112,46,66,11,9,2,7,1,6,56,25,31,51,22,29
1165,C4920,28,554,District-Chittoor,Urban,90+,105,44,61,22,5,17,13,8,5,14,4,10,13,6,7,3,3,0,3,3,0,20,7,13,17,8,9
1166,C4920,28,554,District-Chittoor,Urban,Age Not Stated,361,185,176,32,17,15,36,17,19,69,38,31,71,41,30,8,3,5,4,1,3,114,52,62,27,16,11
1167,C4920,0,0,INDIA,Total,0-4,1291637,690506,601131,277082,144532,132550,315625,163060,152565,32465,18059,14406,117331,68512,48819,49384,27159,22225,8353,4860,3493,412735,218968,193767,78662,45356,33306
1168,C4920,0,0,INDIA,Total,5-9,1955926,1081831,874095,359195,191455,167740,406449,213075,193374,212848,120845,92003,210674,127226,83448,135736,79028,56708,26242,15680,10562,417290,223004,194286,187492,111518,75974
1169,C4920,0,0,INDIA,Total,10-19,4617073,2610723,2006350,774277,421572,352705,872909,467036,405873,438458,248537,189921,717703,442735,274968,410111,239492,170619,101196,59179,42017,890061,487265,402796,412358,244907,167451
1170,C4920,0,0,INDIA,Total,20-29,4190732,2419434,1771298,621741,343104,278637,744022,399360,344662,362476,200472,162004,932402,598939,333463,308453,180733,127720,125277,76716,48561,813084,452194,360890,283277,167916,115361
1171,C4920,0,0,INDIA,Total,30-39,3636301,2113099,1523202,555437,307799,247638,657215,354651,302564,312200,172805,139395,810223,530468,279755,239699,138765,100934,146023,87703,58320,711908,401918,309990,203596,118990,84606
1172,C4920,0,0,INDIA,Total,40-49,3116130,1851895,1264235,543095,305407,237688,569797,315769,254028,254596,145479,109117,675857,457086,218771,173505,102167,71338,135511,79113,56398,596997,347082,249915,166772,99792,66980
1173,C4920,0,0,INDIA,Total,50-59,2492780,1430952,1061828,518738,274930,243808,453569,242212,211357,169703,97160,72543,598104,388591,209513,93659,53466,40193,85983,46876,39107,431709,246703,185006,141315,81014,60301
1174,C4920,0,0,INDIA,Total,60-69,2657913,1394443,1263470,669250,318937,350313,491776,245411,246365,125676,70033,55643,681055,398191,282864,57392,30562,26830,56401,28187,28214,360917,196825,164092,215446,106297,109149
1175,C4920,0,0,INDIA,Total,70-79,1769486,884940,884546,465462,218203,247259,342962,171327,171635,55751,31195,24556,452530,242975,209555,22715,11610,11105,25064,11720,13344,175649,93763,81886,229353,104147,125206
1176,C4920,0,0,INDIA,Total,80-89,723632,337195,386437,177080,79695,97385,144451,70212,74239,16338,8507,7831,177086,85386,91700,7053,3344,3709,7837,3321,4516,57408,28684,28724,136379,58046,78333
1177,C4920,0,0,INDIA,Total,90+,225588,97417,128171,47593,20301,27292,43241,19879,23362,5849,3010,2839,48592,21177,27415,2865,1436,1429,2275,979,1296,19654,9452,10202,55519,21183,34336
1178,C4920,0,0,INDIA,Total,Age Not Stated,137796,76158,61638,24481,13093,11388,30898,16592,14306,12332,6885,5447,15269,9215,6054,5392,3136,2256,2718,1424,1294,40177,22267,17910,6529,3546,2983
1179,C4920,0,0,INDIA,Rural,Total,18636358,10410559,8225799,3503558,1821448,1682110,3393728,1784426,1609302,1303940,734998,568942,4035741,2503529,1532212,1025900,591598,434302,495880,283458,212422,3293107,1827881,1465226,1584504,863221,721283
1180,C4920,0,0,INDIA,Rural,0-4,907887,485619,422268,191308,99379,91929,215884,111529,104355,22968,12789,10179,92293,53866,38427,33581,18363,15218,5690,3315,2375,287011,152185,134826,59152,34193,24959
1181,C4920,0,0,INDIA,Rural,5-9,1418969,785588,633381,255309,135665,119644,286488,149834,136654,154946,88515,66431,165901,100366,65535,98909,57380,41529,19166,11438,7728,297709,158628,139081,140541,83762,56779
1182,C4920,0,0,INDIA,Rural,10-19,3265326,1853846,1411480,528280,287674,240606,591006,317168,273838,308016,176028,131988,559810,345837,213973,289297,168301,120996,72225,41951,30274,615275,337694,277581,301417,179193,122224
1183,C4920,0,0,INDIA,Rural,20-29,2736922,1601812,1135110,380192,211707,168485,448711,241607,207104,227925,127601,100324,683201,445067,238134,201758,118060,83698,85530,52136,33394,511028,287401,223627,198577,118233,80344
1184,C4920,0,0,INDIA,Rural,30-39,2378325,1392327,985998,348100,193654,154446,406443,217945,188498,192102,106362,85740,576148,381192,194956,158624,91736,66888,99675,59284,40391,455202,258818,196384,142031,83336,58695
1185,C4920,0,0,INDIA,Rural,40-49,2056995,1226850,830145,352743,198323,154420,361905,199661,162244,155429,88428,67001,478004,323886,154118,115634,68039,47595,91191,52876,38315,384322,225186,159136,117767,70451,47316
1186,C4920,0,0,INDIA,Rural,50-59,1686472,960258,726214,357152,186330,170822,300847,158763,142084,102090,57800,44290,424580,273830,150750,61990,35163,26827,57482,30873,26609,280570,160089,120481,101761,57410,44351
1187,C4920,0,0,INDIA,Rural,60-69,1990287,1030739,959548,519610,243954,275656,365419,180790,184629,82345,45314,37031,516717,298820,217897,40427,21265,19162,39168,19555,19613,255234,138470,116764,171367,82571,88796
1188,C4920,0,0,INDIA,Rural,70-79,1373881,685589,688292,375133,175466,199667,260224,130078,130146,36902,20731,16171,352219,189451,162768,15846,8141,7705,17307,8177,9130,126731,67953,58778,189519,85592,103927
1189,C4920,0,0,INDIA,Rural,80-89,560094,263771,296323,142471,64831,77640,107084,52627,54457,10544,5590,4954,137443,67392,70051,4705,2304,2401,5164,2268,2896,40830,20691,20139,111853,48068,63785
1190,C4920,0,0,INDIA,Rural,90+,174765,76551,98214,37711,16267,21444,31880,14876,17004,3672,1932,1740,38359,17178,21181,1898,962,936,1604,689,915,13618,6633,6985,46023,18014,28009
1191,C4920,0,0,INDIA,Rural,Age Not Stated,86435,47609,38826,15549,8198,7351,17837,9548,8289,7001,3908,3093,11066,6644,4422,3231,1884,1347,1678,896,782,25577,14133,11444,4496,2398,2098
1192,C4920,0,0,INDIA,Urban,Total,8178636,4578034,3600602,1529873,817580,712293,1679186,894158,785028,694752,387989,306763,1401085,866972,534113,480064,279300,200764,227000,132300,94700,1634482,900244,734238,532194,299491,232703
1193,C4920,0,0,INDIA,Urban,0-4,383750,204887,178863,85774,45153,40621,99741,51531,48210,9497,5270,4227,25038,14646,10392,15803,8796,7007,2663,1545,1118,125724,66783,58941,19510,11163,8347
1194,C4920,0,0,INDIA,Urban,5-9,536957,296243,240714,103886,55790,48096,119961,63241,56720,57902,32330,25572,44773,26860,17913,36827,21648,15179,7076,4242,2834,119581,64376,55205,46951,27756,19195
1195,C4920,0,0,INDIA,Urban,10-19,1351747,756877,594870,245997,133898,112099,281903,149868,132035,130442,72509,57933,157893,96898,60995,120814,71191,49623,28971,17228,11743,274786,149571,125215,110941,65714,45227
1196,C4920,0,0,INDIA,Urban,20-29,1453810,817622,636188,241549,131397,110152,295311,157753,137558,134551,72871,61680,249201,153872,95329,106695,62673,44022,39747,24580,15167,302056,164793,137263,84700,49683,35017
1197,C4920,0,0,INDIA,Urban,30-39,1257976,720772,537204,207337,114145,93192,250772,136706,114066,120098,66443,53655,234075,149276,84799,81075,47029,34046,46348,28419,17929,256706,143100,113606,61565,35654,25911
1198,C4920,0,0,INDIA,Urban,40-49,1059135,625045,434090,190352,107084,83268,207892,116108,91784,99167,57051,42116,197853,133200,64653,57871,34128,23743,44320,26237,18083,212675,121896,90779,49005,29341,19664
1199,C4920,0,0,INDIA,Urban,50-59,806308,470694,335614,161586,88600,72986,152722,83449,69273,67613,39360,28253,173524,114761,58763,31669,18303,13366,28501,16003,12498,151139,86614,64525,39554,23604,15950
1200,C4920,0,0,INDIA,Urban,60-69,667626,363704,303922,149640,74983,74657,126357,64621,61736,43331,24719,18612,164338,99371,64967,16965,9297,7668,17233,8632,8601,105683,58355,47328,44079,23726,20353
1201,C4920,0,0,INDIA,Urban,70-79,395605,199351,196254,90329,42737,47592,82738,41249,41489,18849,10464,8385,100311,53524,46787,6869,3469,3400,7757,3543,4214,48918,25810,23108,39834,18555,21279
1202,C4920,0,0,INDIA,Urban,80-89,163538,73424,90114,34609,14864,19745,37367,17585,19782,5794,2917,2877,39643,17994,21649,2348,1040,1308,2673,1053,1620,16578,7993,8585,24526,9978,14548
1203,C4920,0,0,INDIA,Urban,90+,50823,20866,29957,9882,4034,5848,11361,5003,6358,2177,1078,1099,10233,3999,6234,967,474,493,671,290,381,6036,2819,3217,9496,3169,6327
1204,C4920,0,0,INDIA,Urban,Age Not Stated,51361,28549,22812,8932,4895,4037,13061,7044,6017,5331,2977,2354,4203,2571,1632,2161,1252,909,1040,528,512,14600,8134,6466,2033,1148,885
1205,C4920,1,0,State-JAMMU & KASHMIR,Total,Total,361153,204834,156319,66448,35656,30792,74096,42744,31352,18681,11351,7330,58137,35145,22992,16724,9798,6926,15669,8810,6859,66957,36852,30105,44441,24478,19963
1206,C4920,1,0,State-JAMMU & KASHMIR,Total,0-4,17771,9712,8059,3591,1923,1668,5126,2728,2398,376,209,167,1467,861,606,721,398,323,240,137,103,4871,2672,2199,1379,784,595
1207,C4920,1,0,State-JAMMU & KASHMIR,Total,5-9,25395,14165,11230,4667,2498,2169,5356,2896,2460,2493,1518,975,2762,1602,1160,1324,768,556,731,402,329,5023,2722,2301,3039,1759,1280
1208,C4920,1,0,State-JAMMU & KASHMIR,Total,10-19,58262,32489,25773,9822,5402,4420,10973,5918,5055,4736,2866,1870,7753,4570,3183,3666,2063,1603,2595,1458,1137,11268,5981,5287,7449,4231,3218
1209,C4920,1,0,State-JAMMU & KASHMIR,Total,20-29,52668,31737,20931,7432,4101,3331,11394,7533,3861,3050,1833,1217,8497,5160,3337,3156,1892,1264,2732,1625,1107,10963,6446,4517,5444,3147,2297
1210,C4920,1,0,State-JAMMU & KASHMIR,Total,30-39,46691,28588,18103,6490,3695,2795,9820,6262,3558,2698,1692,1006,8309,5401,2908,2726,1688,1038,2790,1628,1162,9429,5502,3927,4429,2720,1709
1211,C4920,1,0,State-JAMMU & KASHMIR,Total,40-49,41709,24775,16934,6588,3705,2883,8169,5011,3158,2301,1442,859,7497,4819,2678,2296,1391,905,2612,1452,1160,8270,4606,3664,3976,2349,1627
1212,C4920,1,0,State-JAMMU & KASHMIR,Total,50-59,34356,19050,15306,7004,3725,3279,6470,3549,2921,1302,793,509,6747,4106,2641,1304,754,550,1734,947,787,6481,3393,3088,3314,1783,1531
1213,C4920,1,0,State-JAMMU & KASHMIR,Total,60-69,36585,19271,17314,8624,4348,4276,7140,3672,3468,973,564,409,7008,4103,2905,858,492,366,1266,671,595,5684,2906,2778,5032,2515,2517
1214,C4920,1,0,State-JAMMU & KASHMIR,Total,70-79,29260,15266,13994,7503,3754,3749,5938,3143,2795,503,290,213,5235,2971,2264,455,247,208,672,330,342,3361,1743,1618,5593,2788,2805
1215,C4920,1,0,State-JAMMU & KASHMIR,Total,80-89,13363,6973,6390,3523,1835,1688,2698,1439,1259,174,96,78,2130,1157,973,167,84,83,219,113,106,1152,603,549,3300,1646,1654
1216,C4920,1,0,State-JAMMU & KASHMIR,Total,90+,4679,2551,2128,1140,631,509,885,503,382,50,29,21,692,375,317,43,18,25,62,37,25,347,210,137,1460,748,712
1217,C4920,1,0,State-JAMMU & KASHMIR,Total,Age Not Stated,414,257,157,64,39,25,127,90,37,25,19,6,40,20,20,8,3,5,16,10,6,108,68,40,26,8,18
1218,C4920,1,0,State-JAMMU & KASHMIR,Rural,Total,273952,154892,119060,50142,27019,23123,51889,29201,22688,14872,9096,5776,47772,28978,18794,12214,7121,5093,11581,6447,5134,49399,27069,22330,36083,19961,16122
1219,C4920,1,0,State-JAMMU & KASHMIR,Rural,0-4,13915,7608,6307,2780,1506,1274,3777,1987,1790,305,173,132,1265,750,515,532,291,241,194,108,86,3894,2128,1766,1168,665,503
1220,C4920,1,0,State-JAMMU & KASHMIR,Rural,5-9,20426,11376,9050,3652,1948,1704,4071,2193,1878,2093,1282,811,2387,1405,982,1039,597,442,592,320,272,3996,2139,1857,2596,1492,1104
1221,C4920,1,0,State-JAMMU & KASHMIR,Rural,10-19,46234,25737,20497,7572,4148,3424,8232,4432,3800,3919,2388,1531,6646,3888,2758,2802,1574,1228,1969,1100,869,8840,4679,4161,6254,3528,2726
1222,C4920,1,0,State-JAMMU & KASHMIR,Rural,20-29,38076,22722,15354,5264,2928,2336,6930,4362,2568,2373,1437,936,7025,4270,2755,2301,1387,914,1963,1171,792,7798,4597,3201,4422,2570,1852
1223,C4920,1,0,State-JAMMU & KASHMIR,Rural,30-39,33638,20456,13182,4613,2666,1947,6150,3709,2441,2083,1319,764,6776,4410,2366,1939,1217,722,1974,1147,827,6648,3853,2795,3455,2135,1320
1224,C4920,1,0,State-JAMMU & KASHMIR,Rural,40-49,30272,17760,12512,4681,2594,2087,5340,3120,2220,1789,1123,666,5997,3841,2156,1597,949,648,1908,1040,868,5847,3257,2590,3113,1836,1277
1225,C4920,1,0,State-JAMMU & KASHMIR,Rural,50-59,25419,14119,11300,5033,2715,2318,4616,2513,2103,965,594,371,5491,3347,2144,892,499,393,1291,684,607,4566,2375,2191,2565,1392,1173
1226,C4920,1,0,State-JAMMU & KASHMIR,Rural,60-69,28112,14878,13234,6613,3343,3270,5395,2802,2593,743,433,310,5645,3339,2306,616,346,270,967,504,463,4136,2104,2032,3997,2007,1990
1227,C4920,1,0,State-JAMMU & KASHMIR,Rural,70-79,22843,12092,10751,5972,3008,2964,4475,2452,2023,392,223,169,4179,2410,1769,336,178,158,506,253,253,2509,1295,1214,4474,2273,2201
1228,C4920,1,0,State-JAMMU & KASHMIR,Rural,80-89,10786,5777,5009,2942,1582,1360,2103,1165,938,145,80,65,1741,976,765,126,68,58,158,84,74,828,434,394,2743,1388,1355
1229,C4920,1,0,State-JAMMU & KASHMIR,Rural,90+,3926,2183,1743,969,549,420,714,408,306,44,28,16,589,325,264,30,14,16,48,30,18,258,161,97,1274,668,606
1230,C4920,1,0,State-JAMMU & KASHMIR,Rural,Age Not Stated,305,184,121,51,32,19,86,58,28,21,16,5,31,17,14,4,1,3,11,6,5,79,47,32,22,7,15
1231,C4920,1,0,State-JAMMU & KASHMIR,Urban,Total,87201,49942,37259,16306,8637,7669,22207,13543,8664,3809,2255,1554,10365,6167,4198,4510,2677,1833,4088,2363,1725,17558,9783,7775,8358,4517,3841
1232,C4920,1,0,State-JAMMU & KASHMIR,Urban,0-4,3856,2104,1752,811,417,394,1349,741,608,71,36,35,202,111,91,189,107,82,46,29,17,977,544,433,211,119,92
1233,C4920,1,0,State-JAMMU & KASHMIR,Urban,5-9,4969,2789,2180,1015,550,465,1285,703,582,400,236,164,375,197,178,285,171,114,139,82,57,1027,583,444,443,267,176
1234,C4920,1,0,State-JAMMU & KASHMIR,Urban,10-19,12028,6752,5276,2250,1254,996,2741,1486,1255,817,478,339,1107,682,425,864,489,375,626,358,268,2428,1302,1126,1195,703,492
1235,C4920,1,0,State-JAMMU & KASHMIR,Urban,20-29,14592,9015,5577,2168,1173,995,4464,3171,1293,677,396,281,1472,890,582,855,505,350,769,454,315,3165,1849,1316,1022,577,445
1236,C4920,1,0,State-JAMMU & KASHMIR,Urban,30-39,13053,8132,4921,1877,1029,848,3670,2553,1117,615,373,242,1533,991,542,787,471,316,816,481,335,2781,1649,1132,974,585,389
1237,C4920,1,0,State-JAMMU & KASHMIR,Urban,40-49,11437,7015,4422,1907,1111,796,2829,1891,938,512,319,193,1500,978,522,699,442,257,704,412,292,2423,1349,1074,863,513,350
1238,C4920,1,0,State-JAMMU & KASHMIR,Urban,50-59,8937,4931,4006,1971,1010,961,1854,1036,818,337,199,138,1256,759,497,412,255,157,443,263,180,1915,1018,897,749,391,358
1239,C4920,1,0,State-JAMMU & KASHMIR,Urban,60-69,8473,4393,4080,2011,1005,1006,1745,870,875,230,131,99,1363,764,599,242,146,96,299,167,132,1548,802,746,1035,508,527
1240,C4920,1,0,State-JAMMU & KASHMIR,Urban,70-79,6417,3174,3243,1531,746,785,1463,691,772,111,67,44,1056,561,495,119,69,50,166,77,89,852,448,404,1119,515,604
1241,C4920,1,0,State-JAMMU & KASHMIR,Urban,80-89,2577,1196,1381,581,253,328,595,274,321,29,16,13,389,181,208,41,16,25,61,29,32,324,169,155,557,258,299
1242,C4920,1,0,State-JAMMU & KASHMIR,Urban,90+,753,368,385,171,82,89,171,95,76,6,1,5,103,50,53,13,4,9,14,7,7,89,49,40,186,80,106
1243,C4920,1,0,State-JAMMU & KASHMIR,Urban,Age Not Stated,109,73,36,13,7,6,41,32,9,4,3,1,9,3,6,4,2,2,5,4,1,29,21,8,4,1,3
1244,C4920,2,0,State-HIMACHAL PRADESH,Total,Total,155316,86321,68995,26076,13382,12694,26700,14243,12457,8278,4879,3399,32550,19447,13103,8986,5310,3676,5166,3030,2136,29024,15964,13060,18536,10066,8470
1245,C4920,2,0,State-HIMACHAL PRADESH,Total,0-4,4467,2453,2014,687,385,302,830,424,406,96,49,47,371,221,150,152,79,73,31,21,10,1871,1026,845,429,248,181
1246,C4920,2,0,State-HIMACHAL PRADESH,Total,5-9,7611,4327,3284,1045,567,478,1053,553,500,861,518,343,788,499,289,693,411,282,144,83,61,1839,981,858,1188,715,473
1247,C4920,2,0,State-HIMACHAL PRADESH,Total,10-19,19126,10935,8191,2661,1460,1201,2757,1480,1277,1635,987,648,2343,1488,855,2209,1257,952,615,342,273,4210,2310,1900,2696,1611,1085
1248,C4920,2,0,State-HIMACHAL PRADESH,Total,20-29,19620,11357,8263,2316,1334,982,2930,1629,1301,1420,831,589,3486,2232,1254,1862,1116,746,912,568,344,4630,2419,2211,2064,1228,836
1249,C4920,2,0,State-HIMACHAL PRADESH,Total,30-39,20253,12154,8099,2214,1285,929,2950,1651,1299,1110,659,451,5016,3236,1780,1566,987,579,1078,667,411,4654,2673,1981,1665,996,669
1250,C4920,2,0,State-HIMACHAL PRADESH,Total,40-49,18322,11065,7257,2406,1378,1028,2787,1604,1183,1041,618,423,4650,3108,1542,1186,708,478,956,569,387,3964,2291,1673,1332,789,543
1251,C4920,2,0,State-HIMACHAL PRADESH,Total,50-59,16912,9766,7146,3070,1612,1458,2619,1437,1182,792,449,343,4492,2814,1678,640,387,253,673,388,285,3276,1890,1386,1350,789,561
1252,C4920,2,0,State-HIMACHAL PRADESH,Total,60-69,18376,9697,8679,4126,1912,2214,3654,1924,1730,676,418,258,4730,2655,2075,382,215,167,420,226,194,2410,1304,1106,1978,1043,935
1253,C4920,2,0,State-HIMACHAL PRADESH,Total,70-79,16368,7998,8370,4225,1926,2299,3767,1873,1894,421,241,180,3794,1900,1894,188,97,91,211,114,97,1330,673,657,2432,1174,1258
1254,C4920,2,0,State-HIMACHAL PRADESH,Total,80-89,10128,4780,5348,2528,1176,1352,2433,1243,1190,165,85,80,2094,937,1157,74,39,35,81,36,45,572,288,284,2181,976,1205
1255,C4920,2,0,State-HIMACHAL PRADESH,Total,90+,3904,1673,2231,768,332,436,886,408,478,49,20,29,752,337,415,24,10,14,39,13,26,181,66,115,1205,487,718
1256,C4920,2,0,State-HIMACHAL PRADESH,Total,Age Not Stated,229,116,113,30,15,15,34,17,17,12,4,8,34,20,14,10,4,6,6,3,3,87,43,44,16,10,6
1257,C4920,2,0,State-HIMACHAL PRADESH,Rural,Total,142665,78963,63702,24140,12291,11849,23939,12653,11286,7548,4463,3085,30427,18140,12287,8127,4809,3318,4764,2769,1995,26252,14430,11822,17468,9408,8060
1258,C4920,2,0,State-HIMACHAL PRADESH,Rural,0-4,4041,2219,1822,612,341,271,706,367,339,93,46,47,347,210,137,135,70,65,27,18,9,1713,931,782,408,236,172
1259,C4920,2,0,State-HIMACHAL PRADESH,Rural,5-9,6874,3901,2973,940,511,429,878,457,421,794,482,312,737,466,271,621,364,257,134,78,56,1675,896,779,1095,647,448
1260,C4920,2,0,State-HIMACHAL PRADESH,Rural,10-19,17223,9843,7380,2392,1296,1096,2380,1285,1095,1464,918,546,2194,1385,809,1992,1133,859,560,309,251,3798,2088,1710,2443,1429,1014
1261,C4920,2,0,State-HIMACHAL PRADESH,Rural,20-29,17488,10102,7386,2037,1167,870,2404,1297,1107,1262,734,528,3219,2066,1153,1696,1022,674,836,518,318,4106,2145,1961,1928,1153,775
1262,C4920,2,0,State-HIMACHAL PRADESH,Rural,30-39,18317,11000,7317,1966,1142,824,2525,1394,1131,1004,591,413,4682,3024,1658,1422,907,515,1003,617,386,4151,2393,1758,1564,932,632
1263,C4920,2,0,State-HIMACHAL PRADESH,Rural,40-49,16573,9967,6606,2124,1207,917,2451,1388,1063,961,570,391,4285,2850,1435,1066,632,434,892,527,365,3571,2065,1506,1223,728,495
1264,C4920,2,0,State-HIMACHAL PRADESH,Rural,50-59,15552,8912,6640,2850,1487,1363,2388,1288,1100,722,406,316,4181,2606,1575,576,347,229,627,359,268,2962,1697,1265,1246,722,524
1265,C4920,2,0,State-HIMACHAL PRADESH,Rural,60-69,17367,9144,8223,3936,1821,2115,3456,1821,1635,644,396,248,4462,2501,1961,346,196,150,375,195,180,2253,1218,1035,1895,996,899
1266,C4920,2,0,State-HIMACHAL PRADESH,Rural,70-79,15562,7572,7990,4065,1844,2221,3587,1783,1804,393,221,172,3560,1786,1774,177,92,85,195,102,93,1236,621,615,2349,1123,1226
1267,C4920,2,0,State-HIMACHAL PRADESH,Rural,80-89,9689,4567,5122,2438,1135,1303,2294,1169,1125,153,76,77,2004,898,1106,65,32,33,74,31,43,537,272,265,2124,954,1170
1268,C4920,2,0,State-HIMACHAL PRADESH,Rural,90+,3759,1624,2135,752,326,426,838,389,449,46,19,27,723,328,395,22,10,12,36,12,24,164,62,102,1178,478,700
1269,C4920,2,0,State-HIMACHAL PRADESH,Rural,Age Not Stated,220,112,108,28,14,14,32,15,17,12,4,8,33,20,13,9,4,5,5,3,2,86,42,44,15,10,5
1270,C4920,2,0,State-HIMACHAL PRADESH,Urban,Total,12651,7358,5293,1936,1091,845,2761,1590,1171,730,416,314,2123,1307,816,859,501,358,402,261,141,2772,1534,1238,1068,658,410
1271,C4920,2,0,State-HIMACHAL PRADESH,Urban,0-4,426,234,192,75,44,31,124,57,67,3,3,0,24,11,13,17,9,8,4,3,1,158,95,63,21,12,9
1272,C4920,2,0,State-HIMACHAL PRADESH,Urban,5-9,737,426,311,105,56,49,175,96,79,67,36,31,51,33,18,72,47,25,10,5,5,164,85,79,93,68,25
1273,C4920,2,0,State-HIMACHAL PRADESH,Urban,10-19,1903,1092,811,269,164,105,377,195,182,171,69,102,149,103,46,217,124,93,55,33,22,412,222,190,253,182,71
1274,C4920,2,0,State-HIMACHAL PRADESH,Urban,20-29,2132,1255,877,279,167,112,526,332,194,158,97,61,267,166,101,166,94,72,76,50,26,524,274,250,136,75,61
1275,C4920,2,0,State-HIMACHAL PRADESH,Urban,30-39,1936,1154,782,248,143,105,425,257,168,106,68,38,334,212,122,144,80,64,75,50,25,503,280,223,101,64,37
1276,C4920,2,0,State-HIMACHAL PRADESH,Urban,40-49,1749,1098,651,282,171,111,336,216,120,80,48,32,365,258,107,120,76,44,64,42,22,393,226,167,109,61,48
1277,C4920,2,0,State-HIMACHAL PRADESH,Urban,50-59,1360,854,506,220,125,95,231,149,82,70,43,27,311,208,103,64,40,24,46,29,17,314,193,121,104,67,37
1278,C4920,2,0,State-HIMACHAL PRADESH,Urban,60-69,1009,553,456,190,91,99,198,103,95,32,22,10,268,154,114,36,19,17,45,31,14,157,86,71,83,47,36
1279,C4920,2,0,State-HIMACHAL PRADESH,Urban,70-79,806,426,380,160,82,78,180,90,90,28,20,8,234,114,120,11,5,6,16,12,4,94,52,42,83,51,32
1280,C4920,2,0,State-HIMACHAL PRADESH,Urban,80-89,439,213,226,90,41,49,139,74,65,12,9,3,90,39,51,9,7,2,7,5,2,35,16,19,57,22,35
1281,C4920,2,0,State-HIMACHAL PRADESH,Urban,90+,145,49,96,16,6,10,48,19,29,3,1,2,29,9,20,2,0,2,3,1,2,17,4,13,27,9,18
1282,C4920,2,0,State-HIMACHAL PRADESH,Urban,Age Not Stated,9,4,5,2,1,1,2,2,0,0,0,0,1,0,1,1,0,1,1,0,1,1,1,0,1,0,1
1283,C4920,3,0,State-PUNJAB,Total,Total,654063,379551,274512,82199,44811,37388,146696,78761,67935,24549,14297,10252,130044,81534,48510,45070,27332,17738,21925,13581,8344,165607,96325,69282,37973,22910,15063
1284,C4920,3,0,State-PUNJAB,Total,0-4,28202,15520,12682,3953,2146,1807,9089,4894,4195,413,255,158,1796,1082,714,1265,712,553,274,158,116,10049,5487,4562,1363,786,577
1285,C4920,3,0,State-PUNJAB,Total,5-9,40150,23118,17032,4762,2682,2080,10336,5623,4713,2605,1585,1020,3631,2262,1369,3260,1953,1307,728,465,263,11259,6287,4972,3569,2261,1308
1286,C4920,3,0,State-PUNJAB,Total,10-19,104913,61661,43252,11499,6515,4984,24409,13442,10967,5581,3421,2160,14377,9077,5300,10965,6678,4287,2733,1693,1040,27138,15584,11554,8211,5251,2960
1287,C4920,3,0,State-PUNJAB,Total,20-29,117377,68748,48629,10544,5888,4656,25616,13760,11856,4472,2596,1876,27842,17469,10373,9611,5917,3694,3649,2441,1208,29701,16880,12821,5942,3797,2145
1288,C4920,3,0,State-PUNJAB,Total,30-39,99618,58767,40851,8768,4881,3887,20679,11261,9418,3555,1942,1613,26284,16586,9698,7535,4628,2907,3991,2525,1466,24650,14380,10270,4156,2564,1592
1289,C4920,3,0,State-PUNJAB,Total,40-49,81757,49290,32467,9047,5143,3904,17368,9519,7849,2922,1695,1227,16436,10864,5572,5912,3634,2278,3863,2424,1439,22779,13828,8951,3430,2183,1247
1290,C4920,3,0,State-PUNJAB,Total,50-59,59235,35528,23707,8283,4621,3662,12441,6657,5784,1977,1156,821,12319,8234,4085,3144,1951,1193,2566,1577,989,16068,9810,6258,2437,1522,915
1291,C4920,3,0,State-PUNJAB,Total,60-69,60394,33895,26499,11530,5966,5564,12185,6205,5980,1640,894,746,13754,8436,5318,2081,1143,938,2259,1307,952,13852,8232,5620,3093,1712,1381
1292,C4920,3,0,State-PUNJAB,Total,70-79,36315,20201,16114,8138,4280,3858,7986,4180,3806,866,495,371,8177,4780,3397,812,476,336,1164,660,504,6471,3887,2584,2701,1443,1258
1293,C4920,3,0,State-PUNJAB,Total,80-89,17847,9008,8839,4072,1982,2090,4498,2221,2277,356,184,172,3892,2043,1849,298,147,151,462,227,235,2405,1316,1089,1864,888,976
1294,C4920,3,0,State-PUNJAB,Total,90+,6996,3125,3871,1424,611,813,1782,834,948,128,58,70,1360,586,774,128,59,69,201,87,114,810,413,397,1163,477,686
1295,C4920,3,0,State-PUNJAB,Total,Age Not Stated,1259,690,569,179,96,83,307,165,142,34,16,18,176,115,61,59,34,25,35,17,18,425,221,204,44,26,18
1296,C4920,3,0,State-PUNJAB,Rural,Total,430313,251289,179024,55165,29839,25326,83735,44782,38953,16018,9296,6722,94776,59803,34973,29943,18216,11727,15150,9364,5786,108907,63931,44976,26619,16058,10561
1297,C4920,3,0,State-PUNJAB,Rural,0-4,17410,9644,7766,2423,1318,1105,5061,2774,2287,277,168,109,1312,801,511,760,434,326,186,111,75,6453,3481,2972,938,557,381
1298,C4920,3,0,State-PUNJAB,Rural,5-9,26056,15198,10858,3049,1716,1333,5828,3232,2596,1840,1119,721,2623,1633,990,2289,1388,901,504,324,180,7328,4117,3211,2595,1669,926
1299,C4920,3,0,State-PUNJAB,Rural,10-19,68952,40709,28243,7373,4176,3197,14033,7746,6287,3791,2337,1454,10543,6657,3886,7526,4585,2941,1868,1157,711,17977,10277,7700,5841,3774,2067
1300,C4920,3,0,State-PUNJAB,Rural,20-29,74104,43790,30314,6255,3510,2745,13292,6996,6296,2854,1667,1187,20653,13061,7592,6267,3848,2419,2385,1576,809,18379,10516,7863,4019,2616,1403
1301,C4920,3,0,State-PUNJAB,Rural,30-39,64219,38330,25889,5278,2936,2342,10894,5876,5018,2215,1189,1026,19423,12406,7017,4925,3047,1878,2732,1740,992,16017,9453,6564,2735,1683,1052
1302,C4920,3,0,State-PUNJAB,Rural,40-49,52765,32318,20447,5729,3257,2472,9587,5275,4312,1806,1046,760,11699,7792,3907,3869,2395,1474,2642,1661,981,15177,9435,5742,2256,1457,799
1303,C4920,3,0,State-PUNJAB,Rural,50-59,37506,22850,14656,5388,3005,2383,6814,3708,3106,1178,670,508,8438,5720,2718,1987,1244,743,1757,1072,685,10397,6464,3933,1547,967,580
1304,C4920,3,0,State-PUNJAB,Rural,60-69,42545,23732,18813,8573,4358,4215,7886,3946,3940,1083,573,510,9883,6033,3850,1436,782,654,1674,972,702,9828,5906,3922,2182,1162,1020
1305,C4920,3,0,State-PUNJAB,Rural,70-79,26656,14864,11792,6475,3382,3093,5504,2887,2617,596,340,256,5975,3528,2447,547,328,219,877,495,382,4657,2850,1807,2025,1054,971
1306,C4920,3,0,State-PUNJAB,Rural,80-89,13671,6874,6797,3312,1609,1703,3300,1626,1674,255,129,126,2997,1588,1409,200,95,105,342,173,169,1792,967,825,1473,687,786
1307,C4920,3,0,State-PUNJAB,Rural,90+,5548,2490,3058,1187,510,677,1340,612,728,101,46,55,1087,489,598,92,43,49,157,70,87,606,306,300,978,414,564
1308,C4920,3,0,State-PUNJAB,Rural,Age Not Stated,881,490,391,123,62,61,196,104,92,22,12,10,143,95,48,45,27,18,26,13,13,296,159,137,30,18,12
1309,C4920,3,0,State-PUNJAB,Urban,Total,223750,128262,95488,27034,14972,12062,62961,33979,28982,8531,5001,3530,35268,21731,13537,15127,9116,6011,6775,4217,2558,56700,32394,24306,11354,6852,4502
1310,C4920,3,0,State-PUNJAB,Urban,0-4,10792,5876,4916,1530,828,702,4028,2120,1908,136,87,49,484,281,203,505,278,227,88,47,41,3596,2006,1590,425,229,196
1311,C4920,3,0,State-PUNJAB,Urban,5-9,14094,7920,6174,1713,966,747,4508,2391,2117,765,466,299,1008,629,379,971,565,406,224,141,83,3931,2170,1761,974,592,382
1312,C4920,3,0,State-PUNJAB,Urban,10-19,35961,20952,15009,4126,2339,1787,10376,5696,4680,1790,1084,706,3834,2420,1414,3439,2093,1346,865,536,329,9161,5307,3854,2370,1477,893
1313,C4920,3,0,State-PUNJAB,Urban,20-29,43273,24958,18315,4289,2378,1911,12324,6764,5560,1618,929,689,7189,4408,2781,3344,2069,1275,1264,865,399,11322,6364,4958,1923,1181,742
1314,C4920,3,0,State-PUNJAB,Urban,30-39,35399,20437,14962,3490,1945,1545,9785,5385,4400,1340,753,587,6861,4180,2681,2610,1581,1029,1259,785,474,8633,4927,3706,1421,881,540
1315,C4920,3,0,State-PUNJAB,Urban,40-49,28992,16972,12020,3318,1886,1432,7781,4244,3537,1116,649,467,4737,3072,1665,2043,1239,804,1221,763,458,7602,4393,3209,1174,726,448
1316,C4920,3,0,State-PUNJAB,Urban,50-59,21729,12678,9051,2895,1616,1279,5627,2949,2678,799,486,313,3881,2514,1367,1157,707,450,809,505,304,5671,3346,2325,890,555,335
1317,C4920,3,0,State-PUNJAB,Urban,60-69,17849,10163,7686,2957,1608,1349,4299,2259,2040,557,321,236,3871,2403,1468,645,361,284,585,335,250,4024,2326,1698,911,550,361
1318,C4920,3,0,State-PUNJAB,Urban,70-79,9659,5337,4322,1663,898,765,2482,1293,1189,270,155,115,2202,1252,950,265,148,117,287,165,122,1814,1037,777,676,389,287
1319,C4920,3,0,State-PUNJAB,Urban,80-89,4176,2134,2042,760,373,387,1198,595,603,101,55,46,895,455,440,98,52,46,120,54,66,613,349,264,391,201,190
1320,C4920,3,0,State-PUNJAB,Urban,90+,1448,635,813,237,101,136,442,222,220,27,12,15,273,97,176,36,16,20,44,17,27,204,107,97,185,63,122
1321,C4920,3,0,State-PUNJAB,Urban,Age Not Stated,378,200,178,56,34,22,111,61,50,12,4,8,33,20,13,14,7,7,9,4,5,129,62,67,14,8,6
1322,C4920,4,0,State-CHANDIGARH,Total,Total,14796,8743,6053,1774,1078,696,2475,1268,1207,961,562,399,3815,2378,1437,1090,683,407,756,445,311,2583,1554,1029,1342,775,567
1323,C4920,4,0,State-CHANDIGARH,Total,0-4,554,317,237,81,47,34,136,72,64,17,10,7,68,44,24,25,13,12,14,8,6,158,90,68,55,33,22
1324,C4920,4,0,State-CHANDIGARH,Total,5-9,977,545,432,109,66,43,141,58,83,107,65,42,148,87,61,102,60,42,43,22,21,178,103,75,149,84,65
1325,C4920,4,0,State-CHANDIGARH,Total,10-19,2540,1538,1002,313,207,106,370,181,189,197,120,77,439,268,171,350,215,135,136,86,50,435,269,166,300,192,108
1326,C4920,4,0,State-CHANDIGARH,Total,20-29,2795,1651,1144,246,145,101,479,234,245,228,131,97,684,437,247,260,168,92,158,105,53,538,317,221,202,114,88
1327,C4920,4,0,State-CHANDIGARH,Total,30-39,2096,1278,818,198,130,68,351,179,172,136,83,53,624,405,219,159,98,61,140,82,58,374,236,138,114,65,49
1328,C4920,4,0,State-CHANDIGARH,Total,40-49,1893,1190,703,214,134,80,329,186,143,97,53,44,543,382,161,100,68,32,124,61,63,356,225,131,130,81,49
1329,C4920,4,0,State-CHANDIGARH,Total,50-59,1526,955,571,222,141,81,224,124,100,90,52,38,485,333,152,61,41,20,68,42,26,252,156,96,124,66,58
1330,C4920,4,0,State-CHANDIGARH,Total,60-69,1156,638,518,204,107,97,170,87,83,52,28,24,399,219,180,25,17,8,39,23,16,173,102,71,94,55,39
1331,C4920,4,0,State-CHANDIGARH,Total,70-79,722,376,346,121,66,55,134,63,71,21,14,7,266,144,122,6,2,4,23,12,11,71,32,39,80,43,37
1332,C4920,4,0,State-CHANDIGARH,Total,80-89,411,204,207,50,29,21,106,66,40,13,6,7,131,51,80,1,0,1,10,4,6,33,16,17,67,32,35
1333,C4920,4,0,State-CHANDIGARH,Total,90+,114,45,69,14,4,10,32,17,15,3,0,3,28,8,20,1,1,0,1,0,1,8,5,3,27,10,17
1334,C4920,4,0,State-CHANDIGARH,Total,Age Not Stated,12,6,6,2,2,0,3,1,2,0,0,0,0,0,0,0,0,0,0,0,0,7,3,4,0,0,0
1335,C4920,4,0,State-CHANDIGARH,Rural,Total,346,212,134,31,14,17,32,25,7,49,26,23,129,85,44,16,6,10,20,11,9,40,28,12,29,17,12
1336,C4920,4,0,State-CHANDIGARH,Rural,0-4,22,18,4,2,1,1,2,2,0,2,2,0,4,3,1,0,0,0,1,1,0,8,7,1,3,2,1
1337,C4920,4,0,State-CHANDIGARH,Rural,5-9,32,17,15,8,3,5,2,1,1,3,1,2,5,4,1,3,2,1,3,1,2,5,3,2,3,2,1
1338,C4920,4,0,State-CHANDIGARH,Rural,10-19,52,28,24,2,2,0,4,3,1,9,5,4,10,6,4,5,1,4,4,1,3,9,5,4,9,5,4
1339,C4920,4,0,State-CHANDIGARH,Rural,20-29,78,46,32,5,1,4,5,4,1,10,4,6,34,22,12,3,1,2,5,4,1,7,5,2,9,5,4
1340,C4920,4,0,State-CHANDIGARH,Rural,30-39,61,40,21,3,1,2,5,4,1,13,9,4,28,19,9,2,1,1,3,2,1,5,2,3,2,2,0
1341,C4920,4,0,State-CHANDIGARH,Rural,40-49,32,22,10,4,1,3,3,3,0,4,2,2,16,12,4,0,0,0,1,0,1,4,4,0,0,0,0
1342,C4920,4,0,State-CHANDIGARH,Rural,50-59,31,17,14,3,2,1,3,2,1,4,1,3,13,7,6,1,0,1,3,2,1,2,2,0,2,1,1
1343,C4920,4,0,State-CHANDIGARH,Rural,60-69,17,11,6,2,2,0,4,3,1,3,1,2,8,5,3,0,0,0,0,0,0,0,0,0,0,0,0
1344,C4920,4,0,State-CHANDIGARH,Rural,70-79,14,9,5,2,1,1,2,1,1,1,1,0,7,5,2,2,1,1,0,0,0,0,0,0,0,0,0
1345,C4920,4,0,State-CHANDIGARH,Rural,80-89,6,4,2,0,0,0,2,2,0,0,0,0,4,2,2,0,0,0,0,0,0,0,0,0,0,0,0
1346,C4920,4,0,State-CHANDIGARH,Rural,90+,1,0,1,0,0,0,0,0,0,0,0,0,0,0,0,0,0,0,0,0,0,0,0,0,1,0,1
1347,C4920,4,0,State-CHANDIGARH,Rural,Age Not Stated,0,0,0,0,0,0,0,0,0,0,0,0,0,0,0,0,0,0,0,0,0,0,0,0,0,0,0
1348,C4920,4,0,State-CHANDIGARH,Urban,Total,14450,8531,5919,1743,1064,679,2443,1243,1200,912,536,376,3686,2293,1393,1074,677,397,736,434,302,2543,1526,1017,1313,758,555
1349,C4920,4,0,State-CHANDIGARH,Urban,0-4,532,299,233,79,46,33,134,70,64,15,8,7,64,41,23,25,13,12,13,7,6,150,83,67,52,31,21
1350,C4920,4,0,State-CHANDIGARH,Urban,5-9,945,528,417,101,63,38,139,57,82,104,64,40,143,83,60,99,58,41,40,21,19,173,100,73,146,82,64
1351,C4920,4,0,State-CHANDIGARH,Urban,10-19,2488,1510,978,311,205,106,366,178,188,188,115,73,429,262,167,345,214,131,132,85,47,426,264,162,291,187,104
1352,C4920,4,0,State-CHANDIGARH,Urban,20-29,2717,1605,1112,241,144,97,474,230,244,218,127,91,650,415,235,257,167,90,153,101,52,531,312,219,193,109,84
1353,C4920,4,0,State-CHANDIGARH,Urban,30-39,2035,1238,797,195,129,66,346,175,171,123,74,49,596,386,210,157,97,60,137,80,57,369,234,135,112,63,49
1354,C4920,4,0,State-CHANDIGARH,Urban,40-49,1861,1168,693,210,133,77,326,183,143,93,51,42,527,370,157,100,68,32,123,61,62,352,221,131,130,81,49
1355,C4920,4,0,State-CHANDIGARH,Urban,50-59,1495,938,557,219,139,80,221,122,99,86,51,35,472,326,146,60,41,19,65,40,25,250,154,96,122,65,57
1356,C4920,4,0,State-CHANDIGARH,Urban,60-69,1139,627,512,202,105,97,166,84,82,49,27,22,391,214,177,25,17,8,39,23,16,173,102,71,94,55,39
1357,C4920,4,0,State-CHANDIGARH,Urban,70-79,708,367,341,119,65,54,132,62,70,20,13,7,259,139,120,4,1,3,23,12,11,71,32,39,80,43,37
1358,C4920,4,0,State-CHANDIGARH,Urban,80-89,405,200,205,50,29,21,104,64,40,13,6,7,127,49,78,1,0,1,10,4,6,33,16,17,67,32,35
1359,C4920,4,0,State-CHANDIGARH,Urban,90+,113,45,68,14,4,10,32,17,15,3,0,3,28,8,20,1,1,0,1,0,1,8,5,3,26,10,16
1360,C4920,4,0,State-CHANDIGARH,Urban,Age Not Stated,12,6,6,2,2,0,3,1,2,0,0,0,0,0,0,0,0,0,0,0,0,7,3,4,0,0,0
1361,C4920,5,0,State-UTTARAKHAND,Total,Total,185272,102787,82485,29107,14486,14621,37681,19192,18489,12348,7008,5340,36996,22743,14253,11450,6952,4498,6443,3935,2508,30723,17159,13564,20524,11312,9212
1362,C4920,5,0,State-UTTARAKHAND,Total,0-4,7385,3976,3409,1073,575,498,1961,986,975,197,106,91,734,422,312,258,148,110,67,39,28,2362,1299,1063,733,401,332
1363,C4920,5,0,State-UTTARAKHAND,Total,5-9,12343,6929,5414,1572,872,700,2498,1272,1226,1369,779,590,1403,868,535,939,553,386,238,138,100,2629,1415,1214,1695,1032,663
1364,C4920,5,0,State-UTTARAKHAND,Total,10-19,32144,18374,13770,3799,2113,1686,6212,3261,2951,2831,1666,1165,5440,3320,2120,3106,1815,1291,1023,622,401,6035,3339,2696,3698,2238,1460
1365,C4920,5,0,State-UTTARAKHAND,Total,20-29,28657,16888,11769,2849,1594,1255,5662,3241,2421,2074,1156,918,6482,4083,2399,2455,1517,938,1243,799,444,5006,2814,2192,2886,1684,1202
1366,C4920,5,0,State-UTTARAKHAND,Total,30-39,22693,13421,9272,2500,1419,1081,4145,2155,1990,1647,916,731,5177,3386,1791,1809,1151,658,1334,876,458,4198,2390,1808,1883,1128,755
1367,C4920,5,0,State-UTTARAKHAND,Total,40-49,20350,12126,8224,2590,1421,1169,3709,1923,1786,1645,923,722,4525,3045,1480,1398,933,465,1120,710,410,3519,2047,1472,1844,1124,720
1368,C4920,5,0,State-UTTARAKHAND,Total,50-59,16828,9348,7480,2982,1453,1529,3248,1559,1689,1140,637,503,3980,2515,1465,738,434,304,636,368,268,2688,1549,1139,1416,833,583
1369,C4920,5,0,State-UTTARAKHAND,Total,60-69,19387,9883,9504,4972,2166,2806,4028,1903,2125,847,484,363,4331,2526,1805,474,264,210,454,236,218,2357,1307,1050,1924,997,927
1370,C4920,5,0,State-UTTARAKHAND,Total,70-79,15188,7300,7888,4301,1869,2432,3575,1686,1889,407,237,170,3116,1713,1403,169,85,84,228,106,122,1233,642,591,2159,962,1197
1371,C4920,5,0,State-UTTARAKHAND,Total,80-89,7518,3315,4203,1906,776,1130,1954,890,1064,123,62,61,1369,669,700,61,28,33,73,28,45,440,219,221,1592,643,949
1372,C4920,5,0,State-UTTARAKHAND,Total,90+,2280,911,1369,461,164,297,551,228,323,35,16,19,391,163,228,26,14,12,18,8,10,132,60,72,666,258,408
1373,C4920,5,0,State-UTTARAKHAND,Total,Age Not Stated,499,316,183,102,64,38,138,88,50,33,26,7,48,33,15,17,10,7,9,5,4,124,78,46,28,12,16
1374,C4920,5,0,State-UTTARAKHAND,Rural,Total,134097,73244,60853,21483,10341,11142,25312,12410,12902,8808,4966,3842,27947,16970,10977,8368,5090,3278,4763,2982,1781,21542,11859,9683,15874,8626,7248
1375,C4920,5,0,State-UTTARAKHAND,Rural,0-4,5133,2767,2366,685,357,328,1260,650,610,138,73,65,571,325,246,177,97,80,45,28,17,1714,939,775,543,298,245
1376,C4920,5,0,State-UTTARAKHAND,Rural,5-9,8698,4879,3819,998,550,448,1583,799,784,1024,579,445,1074,666,408,741,434,307,158,92,66,1836,966,870,1284,793,491
1377,C4920,5,0,State-UTTARAKHAND,Rural,10-19,22230,12663,9567,2352,1305,1047,3822,1969,1853,2017,1191,826,4063,2478,1585,2321,1352,969,693,422,271,4270,2311,1959,2692,1635,1057
1378,C4920,5,0,State-UTTARAKHAND,Rural,20-29,18698,10823,7875,1767,971,796,2922,1483,1439,1362,753,609,4646,2898,1748,1737,1065,672,917,602,315,3266,1815,1451,2081,1236,845
1379,C4920,5,0,State-UTTARAKHAND,Rural,30-39,15429,9202,6227,1596,916,680,2461,1228,1233,1125,621,504,3764,2472,1292,1286,840,446,1013,693,320,2821,1603,1218,1363,829,534
1380,C4920,5,0,State-UTTARAKHAND,Rural,40-49,14434,8606,5828,1766,966,800,2427,1236,1191,1214,672,542,3402,2259,1143,1003,681,322,853,564,289,2441,1413,1028,1328,815,513
1381,C4920,5,0,State-UTTARAKHAND,Rural,50-59,12488,6796,5692,2237,1046,1191,2316,1100,1216,853,460,393,3044,1879,1165,545,325,220,488,290,198,1938,1097,841,1067,599,468
1382,C4920,5,0,State-UTTARAKHAND,Rural,60-69,15593,7756,7837,4163,1761,2402,3275,1530,1745,631,366,265,3426,1940,1486,363,204,159,351,187,164,1770,966,804,1614,802,812
1383,C4920,5,0,State-UTTARAKHAND,Rural,70-79,12794,6024,6770,3781,1616,2165,3042,1425,1617,308,172,136,2512,1365,1147,125,61,64,170,75,95,972,490,482,1884,820,1064
1384,C4920,5,0,State-UTTARAKHAND,Rural,80-89,6412,2782,3630,1703,681,1022,1663,753,910,86,46,40,1107,533,574,44,17,27,53,20,33,337,170,167,1419,562,857
1385,C4920,5,0,State-UTTARAKHAND,Rural,90+,1872,752,1120,389,142,247,452,185,267,25,13,12,302,131,171,21,12,9,14,5,9,93,38,55,576,226,350
1386,C4920,5,0,State-UTTARAKHAND,Rural,Age Not Stated,316,194,122,46,30,16,89,52,37,25,20,5,36,24,12,5,2,3,8,4,4,84,51,33,23,11,12
1387,C4920,5,0,State-UTTARAKHAND,Urban,Total,51175,29543,21632,7624,4145,3479,12369,6782,5587,3540,2042,1498,9049,5773,3276,3082,1862,1220,1680,953,727,9181,5300,3881,4650,2686,1964
1388,C4920,5,0,State-UTTARAKHAND,Urban,0-4,2252,1209,1043,388,218,170,701,336,365,59,33,26,163,97,66,81,51,30,22,11,11,648,360,288,190,103,87
1389,C4920,5,0,State-UTTARAKHAND,Urban,5-9,3645,2050,1595,574,322,252,915,473,442,345,200,145,329,202,127,198,119,79,80,46,34,793,449,344,411,239,172
1390,C4920,5,0,State-UTTARAKHAND,Urban,10-19,9914,5711,4203,1447,808,639,2390,1292,1098,814,475,339,1377,842,535,785,463,322,330,200,130,1765,1028,737,1006,603,403
1391,C4920,5,0,State-UTTARAKHAND,Urban,20-29,9959,6065,3894,1082,623,459,2740,1758,982,712,403,309,1836,1185,651,718,452,266,326,197,129,1740,999,741,805,448,357
1392,C4920,5,0,State-UTTARAKHAND,Urban,30-39,7264,4219,3045,904,503,401,1684,927,757,522,295,227,1413,914,499,523,311,212,321,183,138,1377,787,590,520,299,221
1393,C4920,5,0,State-UTTARAKHAND,Urban,40-49,5916,3520,2396,824,455,369,1282,687,595,431,251,180,1123,786,337,395,252,143,267,146,121,1078,634,444,516,309,207
1394,C4920,5,0,State-UTTARAKHAND,Urban,50-59,4340,2552,1788,745,407,338,932,459,473,287,177,110,936,636,300,193,109,84,148,78,70,750,452,298,349,234,115
1395,C4920,5,0,State-UTTARAKHAND,Urban,60-69,3794,2127,1667,809,405,404,753,373,380,216,118,98,905,586,319,111,60,51,103,49,54,587,341,246,310,195,115
1396,C4920,5,0,State-UTTARAKHAND,Urban,70-79,2394,1276,1118,520,253,267,533,261,272,99,65,34,604,348,256,44,24,20,58,31,27,261,152,109,275,142,133
1397,C4920,5,0,State-UTTARAKHAND,Urban,80-89,1106,533,573,203,95,108,291,137,154,37,16,21,262,136,126,17,11,6,20,8,12,103,49,54,173,81,92
1398,C4920,5,0,State-UTTARAKHAND,Urban,90+,408,159,249,72,22,50,99,43,56,10,3,7,89,32,57,5,2,3,4,3,1,39,22,17,90,32,58
1399,C4920,5,0,State-UTTARAKHAND,Urban,Age Not Stated,183,122,61,56,34,22,49,36,13,8,6,2,12,9,3,12,8,4,1,1,0,40,27,13,5,1,4
1400,C4920,6,0,State-HARYANA,Total,Total,546374,315533,230841,82702,43624,39078,115527,60916,54611,21787,13321,8466,116026,72761,43265,30070,19268,10802,16191,10298,5893,116821,67528,49293,47250,27817,19433
1401,C4920,6,0,State-HARYANA,Total,0-4,24491,13585,10906,3176,1718,1458,7661,4061,3600,443,261,182,2019,1217,802,893,515,378,220,145,75,8439,4660,3779,1640,1008,632
1402,C4920,6,0,State-HARYANA,Total,5-9,34711,20141,14570,3977,2202,1775,8646,4730,3916,2744,1693,1051,3718,2364,1354,2481,1509,972,743,463,280,8607,4750,3857,3795,2430,1365
1403,C4920,6,0,State-HARYANA,Total,10-19,87740,52430,35310,9935,5598,4337,19752,10911,8841,5498,3528,1970,12765,8320,4445,8256,5237,3019,2965,1794,1171,20010,11432,8578,8559,5610,2949
1404,C4920,6,0,State-HARYANA,Total,20-29,87398,53534,33864,7767,4536,3231,18238,9848,8390,3830,2371,1459,22487,14911,7576,6182,4206,1976,3013,2087,926,20066,11720,8346,5815,3855,1960
1405,C4920,6,0,State-HARYANA,Total,30-39,75068,45873,29195,7078,4074,3004,14767,7879,6888,2988,1731,1257,20659,13768,6891,4919,3280,1639,2999,2011,988,17374,10354,7020,4284,2776,1508
1406,C4920,6,0,State-HARYANA,Total,40-49,62077,37942,24135,8652,4878,3774,12210,6519,5691,2228,1349,879,14194,9689,4505,3437,2197,1240,2591,1707,884,15207,9272,5935,3558,2331,1227
1407,C4920,6,0,State-HARYANA,Total,50-59,49745,28745,21000,9406,4981,4425,9257,4713,4544,1632,999,633,11696,7429,4267,1847,1160,687,1672,1025,647,11003,6487,4516,3232,1951,1281
1408,C4920,6,0,State-HARYANA,Total,60-69,57628,30439,27189,14860,7194,7666,10698,5267,5431,1396,839,557,13786,7790,5996,1268,738,530,1266,702,564,9374,5260,4114,4980,2649,2331
1409,C4920,6,0,State-HARYANA,Total,70-79,38547,19293,19254,10845,5192,5653,7838,3896,3942,694,400,294,8786,4528,4258,506,265,241,461,238,223,4277,2347,1930,5140,2427,2713
1410,C4920,6,0,State-HARYANA,Total,80-89,20805,9839,10966,5451,2575,2876,4645,2259,2386,227,104,123,4400,2041,2359,177,98,79,193,102,91,1622,800,822,4090,1860,2230
1411,C4920,6,0,State-HARYANA,Total,90+,7205,3164,4041,1443,615,828,1589,720,869,86,35,51,1402,631,771,72,40,32,53,18,35,476,229,247,2084,876,1208
1412,C4920,6,0,State-HARYANA,Total,Age Not Stated,959,548,411,112,61,51,226,113,113,21,11,10,114,73,41,32,23,9,15,6,9,366,217,149,73,44,29
1413,C4920,6,0,State-HARYANA,Rural,Total,357663,208784,148879,55737,29219,26518,66421,35029,31392,14578,9035,5543,82283,52540,29743,20160,13044,7116,10657,6820,3837,74374,43340,31034,33453,19757,13696
1414,C4920,6,0,State-HARYANA,Rural,0-4,15090,8398,6692,1977,1080,897,4220,2220,2000,307,180,127,1477,885,592,567,339,228,143,92,51,5328,2923,2405,1071,679,392
1415,C4920,6,0,State-HARYANA,Rural,5-9,22524,13141,9383,2496,1393,1103,4808,2627,2181,1971,1236,735,2762,1736,1026,1731,1055,676,506,319,187,5507,3012,2495,2743,1763,980
1416,C4920,6,0,State-HARYANA,Rural,10-19,57327,34496,22831,6219,3500,2719,11167,6146,5021,3861,2515,1346,9338,6096,3242,5876,3753,2123,1943,1176,767,12879,7319,5560,6044,3991,2053
1417,C4920,6,0,State-HARYANA,Rural,20-29,54719,34722,19997,4481,2724,1757,9317,5172,4145,2511,1599,912,16398,11093,5305,3963,2798,1165,1928,1358,570,12287,7369,4918,3834,2609,1225
1418,C4920,6,0,State-HARYANA,Rural,30-39,47989,30053,17936,4192,2485,1707,7772,4178,3594,1926,1117,809,15125,10273,4852,3216,2162,1054,1985,1325,660,10964,6650,4314,2809,1863,946
1419,C4920,6,0,State-HARYANA,Rural,40-49,39294,24596,14698,5281,3005,2276,6726,3683,3043,1420,856,564,9924,6929,2995,2254,1448,806,1694,1141,553,9637,5956,3681,2358,1578,780
1420,C4920,6,0,State-HARYANA,Rural,50-59,31328,18200,13128,5981,3122,2859,5248,2651,2597,988,606,382,7760,5001,2759,1153,705,448,1113,687,426,6937,4138,2799,2148,1290,858
1421,C4920,6,0,State-HARYANA,Rural,60-69,39825,20892,18933,10965,5179,5786,7049,3445,3604,938,564,374,9316,5349,3967,852,477,375,876,493,383,6256,3502,2754,3573,1883,1690
1422,C4920,6,0,State-HARYANA,Rural,70-79,27737,13950,13787,8483,4091,4392,5504,2695,2809,444,259,185,5904,3136,2768,350,185,165,290,142,148,2877,1595,1282,3885,1847,2038
1423,C4920,6,0,State-HARYANA,Rural,80-89,15624,7484,8140,4407,2081,2326,3329,1634,1695,147,75,72,3140,1497,1643,127,74,53,132,71,61,1133,570,563,3209,1482,1727
1424,C4920,6,0,State-HARYANA,Rural,90+,5617,2513,3104,1181,524,657,1170,525,645,53,22,31,1054,493,561,51,31,20,38,12,26,323,156,167,1747,750,997
1425,C4920,6,0,State-HARYANA,Rural,Age Not Stated,589,339,250,74,35,39,111,53,58,12,6,6,85,52,33,20,17,3,9,4,5,246,150,96,32,22,10
1426,C4920,6,0,State-HARYANA,Urban,Total,188711,106749,81962,26965,14405,12560,49106,25887,23219,7209,4286,2923,33743,20221,13522,9910,6224,3686,5534,3478,2056,42447,24188,18259,13797,8060,5737
1427,C4920,6,0,State-HARYANA,Urban,0-4,9401,5187,4214,1199,638,561,3441,1841,1600,136,81,55,542,332,210,326,176,150,77,53,24,3111,1737,1374,569,329,240
1428,C4920,6,0,State-HARYANA,Urban,5-9,12187,7000,5187,1481,809,672,3838,2103,1735,773,457,316,956,628,328,750,454,296,237,144,93,3100,1738,1362,1052,667,385
1429,C4920,6,0,State-HARYANA,Urban,10-19,30413,17934,12479,3716,2098,1618,8585,4765,3820,1637,1013,624,3427,2224,1203,2380,1484,896,1022,618,404,7131,4113,3018,2515,1619,896
1430,C4920,6,0,State-HARYANA,Urban,20-29,32679,18812,13867,3286,1812,1474,8921,4676,4245,1319,772,547,6089,3818,2271,2219,1408,811,1085,729,356,7779,4351,3428,1981,1246,735
1431,C4920,6,0,State-HARYANA,Urban,30-39,27079,15820,11259,2886,1589,1297,6995,3701,3294,1062,614,448,5534,3495,2039,1703,1118,585,1014,686,328,6410,3704,2706,1475,913,562
1432,C4920,6,0,State-HARYANA,Urban,40-49,22783,13346,9437,3371,1873,1498,5484,2836,2648,808,493,315,4270,2760,1510,1183,749,434,897,566,331,5570,3316,2254,1200,753,447
1433,C4920,6,0,State-HARYANA,Urban,50-59,18417,10545,7872,3425,1859,1566,4009,2062,1947,644,393,251,3936,2428,1508,694,455,239,559,338,221,4066,2349,1717,1084,661,423
1434,C4920,6,0,State-HARYANA,Urban,60-69,17803,9547,8256,3895,2015,1880,3649,1822,1827,458,275,183,4470,2441,2029,416,261,155,390,209,181,3118,1758,1360,1407,766,641
1435,C4920,6,0,State-HARYANA,Urban,70-79,10810,5343,5467,2362,1101,1261,2334,1201,1133,250,141,109,2882,1392,1490,156,80,76,171,96,75,1400,752,648,1255,580,675
1436,C4920,6,0,State-HARYANA,Urban,80-89,5181,2355,2826,1044,494,550,1316,625,691,80,29,51,1260,544,716,50,24,26,61,31,30,489,230,259,881,378,503
1437,C4920,6,0,State-HARYANA,Urban,90+,1588,651,937,262,91,171,419,195,224,33,13,20,348,138,210,21,9,12,15,6,9,153,73,80,337,126,211
1438,C4920,6,0,State-HARYANA,Urban,Age Not Stated,370,209,161,38,26,12,115,60,55,9,5,4,29,21,8,12,6,6,6,2,4,120,67,53,41,22,19
1439,C4920,7,0,State-NCT OF DELHI,Total,Total,234882,138379,96503,30124,16864,13260,34499,19277,15222,15094,8946,6148,67383,40727,26656,16338,10385,5953,10046,6292,3754,37013,21783,15230,24385,14105,10280
1440,C4920,7,0,State-NCT OF DELHI,Total,0-4,8333,4576,3757,1110,600,510,1758,908,850,279,158,121,1017,607,410,436,259,177,158,103,55,2832,1515,1317,743,426,317
1441,C4920,7,0,State-NCT OF DELHI,Total,5-9,14142,8263,5879,1603,909,694,2049,1109,940,1704,1020,684,1946,1129,817,1300,820,480,501,324,177,2758,1539,1219,2281,1413,868
1442,C4920,7,0,State-NCT OF DELHI,Total,10-19,38188,22702,15486,4170,2477,1693,5095,2777,2318,3589,2114,1475,7084,4427,2657,4912,3029,1883,1874,1143,731,6270,3565,2705,5194,3170,2024
1443,C4920,7,0,State-NCT OF DELHI,Total,20-29,40038,24922,15116,3935,2307,1628,5585,3194,2391,2995,1808,1187,11211,7420,3791,3916,2589,1327,1981,1323,658,6921,4050,2871,3494,2231,1263
1444,C4920,7,0,State-NCT OF DELHI,Total,30-39,32907,20808,12099,3379,2029,1350,4951,3036,1915,2256,1266,990,10079,6765,3314,2463,1579,884,1835,1172,663,5698,3499,2199,2246,1462,784
1445,C4920,7,0,State-NCT OF DELHI,Total,40-49,28166,18143,10023,3758,2244,1514,4111,2511,1600,1708,1034,674,8695,5940,2755,1701,1133,568,1616,1034,582,4758,3047,1711,1819,1200,619
1446,C4920,7,0,State-NCT OF DELHI,Total,50-59,22598,13691,8907,3713,2191,1522,3104,1746,1358,1179,749,430,7843,4816,3027,832,536,296,1004,600,404,3314,2051,1263,1609,1002,607
1447,C4920,7,0,State-NCT OF DELHI,Total,60-69,24425,13186,11239,4568,2318,2250,3300,1692,1608,808,475,333,9545,5212,4333,488,290,198,678,394,284,2631,1530,1101,2407,1275,1132
1448,C4920,7,0,State-NCT OF DELHI,Total,70-79,15773,7532,8241,2578,1214,1364,2571,1292,1279,391,225,166,6279,2880,3399,183,98,85,270,139,131,1208,666,542,2293,1018,1275
1449,C4920,7,0,State-NCT OF DELHI,Total,80-89,7882,3461,4421,1001,441,560,1524,758,766,127,66,61,2992,1251,1741,63,24,39,99,45,54,387,187,200,1689,689,1000
1450,C4920,7,0,State-NCT OF DELHI,Total,90+,2005,825,1180,253,102,151,331,165,166,30,12,18,641,249,392,26,16,10,26,12,14,116,65,51,582,204,378
1451,C4920,7,0,State-NCT OF DELHI,Total,Age Not Stated,425,270,155,56,32,24,120,89,31,28,19,9,51,31,20,18,12,6,4,3,1,120,69,51,28,15,13
1452,C4920,7,0,State-NCT OF DELHI,Rural,Total,6116,3668,2448,792,430,362,825,432,393,339,208,131,1885,1198,687,350,245,105,247,172,75,1005,586,419,673,397,276
1453,C4920,7,0,State-NCT OF DELHI,Rural,0-4,259,147,112,35,20,15,46,22,24,10,9,1,30,21,9,8,4,4,6,4,2,105,56,49,19,11,8
1454,C4920,7,0,State-NCT OF DELHI,Rural,5-9,396,249,147,40,20,20,50,30,20,61,36,25,69,45,24,25,18,7,9,8,1,72,43,29,70,49,21
1455,C4920,7,0,State-NCT OF DELHI,Rural,10-19,1022,646,376,96,62,34,139,84,55,84,53,31,228,154,74,110,76,34,44,29,15,172,93,79,149,95,54
1456,C4920,7,0,State-NCT OF DELHI,Rural,20-29,973,609,364,74,37,37,111,55,56,69,45,24,337,217,120,83,60,23,46,34,12,174,107,67,79,54,25
1457,C4920,7,0,State-NCT OF DELHI,Rural,30-39,834,552,282,71,51,20,100,56,44,45,26,19,311,215,96,53,34,19,53,39,14,145,94,51,56,37,19
1458,C4920,7,0,State-NCT OF DELHI,Rural,40-49,668,441,227,78,51,27,83,44,39,32,16,16,235,172,63,35,26,9,38,27,11,125,80,45,42,25,17
1459,C4920,7,0,State-NCT OF DELHI,Rural,50-59,509,296,213,99,47,52,56,29,27,12,7,5,182,111,71,21,18,3,23,14,9,79,46,33,37,24,13
1460,C4920,7,0,State-NCT OF DELHI,Rural,60-69,673,373,300,157,80,77,87,41,46,16,12,4,250,144,106,10,6,4,15,10,5,81,52,29,57,28,29
1461,C4920,7,0,State-NCT OF DELHI,Rural,70-79,440,201,239,98,43,55,86,34,52,6,3,3,141,76,65,3,2,1,12,7,5,21,3,18,73,33,40
1462,C4920,7,0,State-NCT OF DELHI,Rural,80-89,241,104,137,29,13,16,58,30,28,3,1,2,76,27,49,2,1,1,1,0,1,16,5,11,56,27,29
1463,C4920,7,0,State-NCT OF DELHI,Rural,90+,90,46,44,14,5,9,9,7,2,1,0,1,24,15,9,0,0,0,0,0,0,7,5,2,35,14,21
1464,C4920,7,0,State-NCT OF DELHI,Rural,Age Not Stated,11,4,7,1,1,0,0,0,0,0,0,0,2,1,1,0,0,0,0,0,0,8,2,6,0,0,0
1465,C4920,7,0,State-NCT OF DELHI,Urban,Total,228766,134711,94055,29332,16434,12898,33674,18845,14829,14755,8738,6017,65498,39529,25969,15988,10140,5848,9799,6120,3679,36008,21197,14811,23712,13708,10004
1466,C4920,7,0,State-NCT OF DELHI,Urban,0-4,8074,4429,3645,1075,580,495,1712,886,826,269,149,120,987,586,401,428,255,173,152,99,53,2727,1459,1268,724,415,309
1467,C4920,7,0,State-NCT OF DELHI,Urban,5-9,13746,8014,5732,1563,889,674,1999,1079,920,1643,984,659,1877,1084,793,1275,802,473,492,316,176,2686,1496,1190,2211,1364,847
1468,C4920,7,0,State-NCT OF DELHI,Urban,10-19,37166,22056,15110,4074,2415,1659,4956,2693,2263,3505,2061,1444,6856,4273,2583,4802,2953,1849,1830,1114,716,6098,3472,2626,5045,3075,1970
1469,C4920,7,0,State-NCT OF DELHI,Urban,20-29,39065,24313,14752,3861,2270,1591,5474,3139,2335,2926,1763,1163,10874,7203,3671,3833,2529,1304,1935,1289,646,6747,3943,2804,3415,2177,1238
1470,C4920,7,0,State-NCT OF DELHI,Urban,30-39,32073,20256,11817,3308,1978,1330,4851,2980,1871,2211,1240,971,9768,6550,3218,2410,1545,865,1782,1133,649,5553,3405,2148,2190,1425,765
1471,C4920,7,0,State-NCT OF DELHI,Urban,40-49,27498,17702,9796,3680,2193,1487,4028,2467,1561,1676,1018,658,8460,5768,2692,1666,1107,559,1578,1007,571,4633,2967,1666,1777,1175,602
1472,C4920,7,0,State-NCT OF DELHI,Urban,50-59,22089,13395,8694,3614,2144,1470,3048,1717,1331,1167,742,425,7661,4705,2956,811,518,293,981,586,395,3235,2005,1230,1572,978,594
1473,C4920,7,0,State-NCT OF DELHI,Urban,60-69,23752,12813,10939,4411,2238,2173,3213,1651,1562,792,463,329,9295,5068,4227,478,284,194,663,384,279,2550,1478,1072,2350,1247,1103
1474,C4920,7,0,State-NCT OF DELHI,Urban,70-79,15333,7331,8002,2480,1171,1309,2485,1258,1227,385,222,163,6138,2804,3334,180,96,84,258,132,126,1187,663,524,2220,985,1235
1475,C4920,7,0,State-NCT OF DELHI,Urban,80-89,7641,3357,4284,972,428,544,1466,728,738,124,65,59,2916,1224,1692,61,23,38,98,45,53,371,182,189,1633,662,971
1476,C4920,7,0,State-NCT OF DELHI,Urban,90+,1915,779,1136,239,97,142,322,158,164,29,12,17,617,234,383,26,16,10,26,12,14,109,60,49,547,190,357
1477,C4920,7,0,State-NCT OF DELHI,Urban,Age Not Stated,414,266,148,55,31,24,120,89,31,28,19,9,49,30,19,18,12,6,4,3,1,112,67,45,28,15,13
1478,C4920,8,0,State-RAJASTHAN,Total,Total,1563694,848287,715407,314618,156044,158574,218873,113199,105674,69484,42182,27302,427364,241049,186315,81389,52533,28856,41047,25233,15814,199696,113458,86238,211223,104589,106634
1479,C4920,8,0,State-RAJASTHAN,Total,0-4,55748,30579,25169,13746,7389,6357,10587,5518,5069,1379,795,584,6605,3901,2704,1932,1127,805,429,243,186,16457,8884,7573,4613,2722,1891
1480,C4920,8,0,State-RAJASTHAN,Total,5-9,89131,51546,37585,17004,9187,7817,13977,7495,6482,9360,5735,3625,11857,7404,4453,7432,4619,2813,1592,984,608,16107,8690,7417,11802,7432,4370
1481,C4920,8,0,State-RAJASTHAN,Total,10-19,217619,130234,87385,36126,19980,16146,30092,16649,13443,17915,11391,6524,40944,25889,15055,24004,15618,8386,6440,3915,2525,35794,20080,15714,26304,16712,9592
1482,C4920,8,0,State-RAJASTHAN,Total,20-29,188989,118580,70409,27446,15572,11874,24449,13938,10511,11568,7109,4459,57860,38778,19082,15071,10394,4677,7197,4771,2426,29968,17701,12267,15430,10317,5113
1483,C4920,8,0,State-RAJASTHAN,Total,30-39,165565,103132,62433,23702,13460,10242,21367,12353,9014,9281,5428,3853,52603,34645,17958,12407,8241,4166,8082,5337,2745,27153,16593,10560,10970,7075,3895
1484,C4920,8,0,State-RAJASTHAN,Total,40-49,143903,88812,55091,26170,14782,11388,19690,11449,8241,7634,4585,3049,39796,26309,13487,9667,6280,3387,7568,4714,2854,23500,14522,8978,9878,6171,3707
1485,C4920,8,0,State-RAJASTHAN,Total,50-59,138135,77486,60649,32773,16808,15965,19913,10374,9539,5150,3106,2044,40629,24171,16458,5411,3334,2077,4629,2675,1954,17835,10658,7177,11795,6360,5435
1486,C4920,8,0,State-RAJASTHAN,Total,60-69,212414,98141,114273,57622,25314,32308,31294,14147,17147,4010,2283,1727,66624,31726,34898,3255,1778,1477,3135,1629,1506,16517,8702,7815,29957,12562,17395
1487,C4920,8,0,State-RAJASTHAN,Total,70-79,214483,93906,120577,53466,22865,30601,30061,13587,16474,2188,1208,980,69042,31065,37977,1402,708,694,1383,678,705,10409,4950,5459,46532,18845,27687
1488,C4920,8,0,State-RAJASTHAN,Total,80-89,103104,42555,60549,21168,8662,12506,13428,5994,7434,631,331,300,31921,13471,18450,402,185,217,390,170,220,3617,1551,2066,31547,12191,19356
1489,C4920,8,0,State-RAJASTHAN,Total,90+,28191,10030,18161,4319,1545,2774,3210,1282,1928,175,88,87,7837,2855,4982,120,61,59,65,26,39,982,382,600,11483,3791,7692
1490,C4920,8,0,State-RAJASTHAN,Total,Age Not Stated,6412,3286,3126,1076,480,596,805,413,392,193,123,70,1646,835,811,286,188,98,137,91,46,1357,745,612,912,411,501
1491,C4920,8,0,State-RAJASTHAN,Rural,Total,1219186,655135,564051,238859,116476,122383,160791,82121,78670,47865,29685,18180,350056,195563,154493,61380,39674,21706,31241,19044,12197,149770,85184,64586,179224,87388,91836
1492,C4920,8,0,State-RAJASTHAN,Rural,0-4,40064,22092,17972,9071,4897,4174,7107,3682,3425,1006,583,423,5409,3225,2184,1347,783,564,317,182,135,12168,6566,5602,3639,2174,1465
1493,C4920,8,0,State-RAJASTHAN,Rural,5-9,67023,39018,28005,11652,6289,5363,9738,5245,4493,7119,4424,2695,9724,6093,3631,5981,3683,2298,1225,770,455,12161,6544,5617,9423,5970,3453
1494,C4920,8,0,State-RAJASTHAN,Rural,10-19,162315,98052,64263,24014,13324,10690,20769,11549,9220,13152,8575,4577,33379,21110,12269,18861,12362,6499,4827,2943,1884,26839,15132,11707,20474,13057,7417
1495,C4920,8,0,State-RAJASTHAN,Rural,20-29,133935,86283,47652,16698,9752,6946,15409,9045,6364,7477,4790,2687,45427,30840,14587,10621,7486,3135,5277,3523,1754,21364,12885,8479,11662,7962,3700
1496,C4920,8,0,State-RAJASTHAN,Rural,30-39,118097,74529,43568,14958,8706,6252,13636,7982,5654,6009,3622,2387,40309,26645,13664,8987,5963,3024,6110,3995,2115,19660,12150,7510,8428,5466,2962
1497,C4920,8,0,State-RAJASTHAN,Rural,40-49,105390,65178,40212,17949,10164,7785,13298,7702,5596,4833,2947,1886,30988,20407,10581,7214,4666,2548,5832,3581,2251,17341,10751,6590,7935,4960,2975
1498,C4920,8,0,State-RAJASTHAN,Rural,50-59,106389,58778,47611,25089,12637,12452,14752,7539,7213,3292,1984,1308,32452,18982,13470,4060,2466,1594,3579,2004,1575,13322,7974,5348,9843,5192,4651
1499,C4920,8,0,State-RAJASTHAN,Rural,60-69,179804,81630,98174,49144,21282,27862,26197,11597,14600,2691,1523,1168,56706,26647,30059,2583,1372,1211,2504,1292,1212,13315,6895,6420,26664,11022,15642
1500,C4920,8,0,State-RAJASTHAN,Rural,70-79,186984,81237,105747,47094,20056,27038,25509,11432,14077,1556,837,719,59992,26832,33160,1110,566,544,1114,539,575,8674,4086,4588,41935,16889,25046
1501,C4920,8,0,State-RAJASTHAN,Rural,80-89,89833,37058,52775,18633,7666,10967,11172,4989,6183,453,241,212,27645,11633,16012,310,140,170,304,129,175,3029,1292,1737,28287,10968,17319
1502,C4920,8,0,State-RAJASTHAN,Rural,90+,24015,8596,15419,3670,1324,2346,2562,1026,1536,118,55,63,6637,2461,4176,85,45,40,50,22,28,777,298,479,10116,3365,6751
1503,C4920,8,0,State-RAJASTHAN,Rural,Age Not Stated,5337,2684,2653,887,379,508,642,333,309,159,104,55,1388,688,700,221,142,79,102,64,38,1120,611,509,818,363,455
1504,C4920,8,0,State-RAJASTHAN,Urban,Total,344508,193152,151356,75759,39568,36191,58082,31078,27004,21619,12497,9122,77308,45486,31822,20009,12859,7150,9806,6189,3617,49926,28274,21652,31999,17201,14798
1505,C4920,8,0,State-RAJASTHAN,Urban,0-4,15684,8487,7197,4675,2492,2183,3480,1836,1644,373,212,161,1196,676,520,585,344,241,112,61,51,4289,2318,1971,974,548,426
1506,C4920,8,0,State-RAJASTHAN,Urban,5-9,22108,12528,9580,5352,2898,2454,4239,2250,1989,2241,1311,930,2133,1311,822,1451,936,515,367,214,153,3946,2146,1800,2379,1462,917
1507,C4920,8,0,State-RAJASTHAN,Urban,10-19,55304,32182,23122,12112,6656,5456,9323,5100,4223,4763,2816,1947,7565,4779,2786,5143,3256,1887,1613,972,641,8955,4948,4007,5830,3655,2175
1508,C4920,8,0,State-RAJASTHAN,Urban,20-29,55054,32297,22757,10748,5820,4928,9040,4893,4147,4091,2319,1772,12433,7938,4495,4450,2908,1542,1920,1248,672,8604,4816,3788,3768,2355,1413
1509,C4920,8,0,State-RAJASTHAN,Urban,30-39,47468,28603,18865,8744,4754,3990,7731,4371,3360,3272,1806,1466,12294,8000,4294,3420,2278,1142,1972,1342,630,7493,4443,3050,2542,1609,933
1510,C4920,8,0,State-RAJASTHAN,Urban,40-49,38513,23634,14879,8221,4618,3603,6392,3747,2645,2801,1638,1163,8808,5902,2906,2453,1614,839,1736,1133,603,6159,3771,2388,1943,1211,732
1511,C4920,8,0,State-RAJASTHAN,Urban,50-59,31746,18708,13038,7684,4171,3513,5161,2835,2326,1858,1122,736,8177,5189,2988,1351,868,483,1050,671,379,4513,2684,1829,1952,1168,784
1512,C4920,8,0,State-RAJASTHAN,Urban,60-69,32610,16511,16099,8478,4032,4446,5097,2550,2547,1319,760,559,9918,5079,4839,672,406,266,631,337,294,3202,1807,1395,3293,1540,1753
1513,C4920,8,0,State-RAJASTHAN,Urban,70-79,27499,12669,14830,6372,2809,3563,4552,2155,2397,632,371,261,9050,4233,4817,292,142,150,269,139,130,1735,864,871,4597,1956,2641
1514,C4920,8,0,State-RAJASTHAN,Urban,80-89,13271,5497,7774,2535,996,1539,2256,1005,1251,178,90,88,4276,1838,2438,92,45,47,86,41,45,588,259,329,3260,1223,2037
1515,C4920,8,0,State-RAJASTHAN,Urban,90+,4176,1434,2742,649,221,428,648,256,392,57,33,24,1200,394,806,35,16,19,15,4,11,205,84,121,1367,426,941
1516,C4920,8,0,State-RAJASTHAN,Urban,Age Not Stated,1075,602,473,189,101,88,163,80,83,34,19,15,258,147,111,65,46,19,35,27,8,237,134,103,94,48,46
1517,C4920,9,0,State-UTTAR PRADESH,Total,Total,4157514,2364171,1793343,763988,407862,356126,1027835,545179,482656,266586,151170,115416,677713,441615,236098,181342,113841,67501,76603,49121,27482,946436,528964,417472,217011,126419,90592
1518,C4920,9,0,State-UTTAR PRADESH,Total,0-4,262840,139638,123202,53560,28086,25474,83397,43208,40189,5094,2823,2271,15372,8897,6475,6867,3772,3095,1340,828,512,88040,46763,41277,9170,5261,3909
1519,C4920,9,0,State-UTTAR PRADESH,Total,5-9,382914,209100,173814,70532,37324,33208,108161,56430,51731,33453,18802,14651,31060,18864,12196,16588,9826,6762,4308,2602,1706,97541,52193,45348,21271,13059,8212
1520,C4920,9,0,State-UTTAR PRADESH,Total,10-19,905394,512595,392799,142921,76688,66233,222809,118240,104569,70377,39911,30466,144136,91594,52542,52713,32185,20528,17828,10829,6999,205154,112547,92607,49456,30601,18855
1521,C4920,9,0,State-UTTAR PRADESH,Total,20-29,669835,402009,267826,97154,53356,43798,156759,84679,72080,46300,26706,19594,141110,99065,42045,35348,23460,11888,15426,10385,5041,148393,85029,63364,29345,19329,10016
1522,C4920,9,0,State-UTTAR PRADESH,Total,30-39,523705,306085,217620,82223,44809,37414,127678,67670,60008,36932,20601,16331,91140,62652,28488,28005,18407,9598,13836,9474,4362,124889,70351,54538,19002,12121,6881
1523,C4920,9,0,State-UTTAR PRADESH,Total,40-49,404929,243899,161030,72108,41050,31058,99279,54829,44450,27961,15963,11998,63682,45390,18292,19422,12852,6570,10604,7179,3425,97659,57394,40265,14214,9242,4972
1524,C4920,9,0,State-UTTAR PRADESH,Total,50-59,306141,176150,129991,66512,36104,30408,72332,38409,33923,18724,10590,8134,51623,34486,17137,10178,6370,3808,5959,3671,2288,68770,39467,29303,12043,7053,4990
1525,C4920,9,0,State-UTTAR PRADESH,Total,60-69,333428,181485,151943,87316,44736,42580,74632,38511,36121,15160,8611,6549,64880,39090,25790,6726,3833,2893,4156,2442,1714,60461,34217,26244,20097,10045,10052
1526,C4920,9,0,State-UTTAR PRADESH,Total,70-79,208609,110356,98253,55787,28054,27733,46064,24028,22036,6884,3997,2887,45036,25384,19652,2696,1512,1184,1879,1020,859,28645,16166,12479,21618,10195,11423
1527,C4920,9,0,State-UTTAR PRADESH,Total,80-89,84523,43061,41462,21252,10279,10973,18264,9575,8689,2190,1229,961,18944,10131,8813,882,479,403,524,263,261,9447,5130,4317,13020,5975,7045
1528,C4920,9,0,State-UTTAR PRADESH,Total,90+,33685,16584,17101,7275,3430,3845,7265,3670,3595,1002,554,448,6661,3418,3243,548,311,237,263,129,134,4288,2316,1972,6383,2756,3627
1529,C4920,9,0,State-UTTAR PRADESH,Total,Age Not Stated,41511,23209,18302,7348,3946,3402,11195,5930,5265,2509,1383,1126,4069,2644,1425,1369,834,535,480,299,181,13149,7391,5758,1392,782,610
1530,C4920,9,0,State-UTTAR PRADESH,Rural,Total,3166615,1803715,1362900,579182,307821,271361,753704,398665,355039,202152,114665,87487,543203,355061,188142,140097,88236,51861,57497,37021,20476,720020,402738,317282,170760,99508,71252
1531,C4920,9,0,State-UTTAR PRADESH,Rural,0-4,204864,108601,96263,41404,21568,19836,63995,33098,30897,3989,2215,1774,12494,7220,5274,5290,2889,2401,1003,628,375,69489,36838,32651,7200,4145,3055
1532,C4920,9,0,State-UTTAR PRADESH,Rural,5-9,302405,165088,137317,54748,28891,25857,83479,43558,39921,26682,15003,11679,25700,15614,10086,13446,7948,5498,3395,2056,1339,77975,41559,36416,16980,10459,6521
1533,C4920,9,0,State-UTTAR PRADESH,Rural,10-19,699178,396999,302179,107643,57544,50099,165169,87743,77426,54706,30986,23720,118691,75689,43002,41879,25607,16272,13616,8263,5353,158488,86864,71624,38986,24303,14683
1534,C4920,9,0,State-UTTAR PRADESH,Rural,20-29,487110,295888,191222,68453,37820,30633,106315,57275,49040,33760,19675,14085,112171,79627,32544,26341,17711,8630,11289,7650,3639,106964,61622,45342,21817,14508,7309
1535,C4920,9,0,State-UTTAR PRADESH,Rural,30-39,387946,228072,159874,59476,32448,27028,89443,47184,42259,27396,15253,12143,72311,49834,22477,21516,14260,7256,10423,7235,3188,93078,52683,40395,14303,9175,5128
1536,C4920,9,0,State-UTTAR PRADESH,Rural,40-49,295406,178735,116671,51685,29317,22368,69181,38046,31135,20530,11681,8849,49349,35229,14120,14541,9695,4846,7840,5383,2457,71584,42377,29207,10696,7007,3689
1537,C4920,9,0,State-UTTAR PRADESH,Rural,50-59,226654,130081,96573,49349,26551,22798,52342,27516,24826,13614,7666,5948,39456,26362,13094,7570,4731,2839,4371,2681,1690,50909,29305,21604,9043,5269,3774
1538,C4920,9,0,State-UTTAR PRADESH,Rural,60-69,266304,144187,122117,70789,36018,34771,58999,30341,28658,11730,6596,5134,51994,31232,20762,5326,3000,2326,3182,1834,1348,47903,27075,20828,16381,8091,8290
1539,C4920,9,0,State-UTTAR PRADESH,Rural,70-79,171039,90689,80350,46656,23465,23191,37381,19549,17832,5412,3151,2261,36832,20934,15898,2109,1176,933,1457,796,661,23102,13091,10011,18090,8527,9563
1540,C4920,9,0,State-UTTAR PRADESH,Rural,80-89,69520,35624,33896,17834,8610,9224,14809,7789,7020,1735,980,755,15607,8462,7145,682,383,299,394,205,189,7621,4151,3470,10838,5044,5794
1541,C4920,9,0,State-UTTAR PRADESH,Rural,90+,27052,13455,13597,5917,2805,3112,5597,2868,2729,737,423,314,5515,2844,2671,393,223,170,195,94,101,3266,1784,1482,5432,2414,3018
1542,C4920,9,0,State-UTTAR PRADESH,Rural,Age Not Stated,29137,16296,12841,5228,2784,2444,6994,3698,3296,1861,1036,825,3083,2014,1069,1004,613,391,332,196,136,9641,5389,4252,994,566,428
1543,C4920,9,0,State-UTTAR PRADESH,Urban,Total,990899,560456,430443,184806,100041,84765,274131,146514,127617,64434,36505,27929,134510,86554,47956,41245,25605,15640,19106,12100,7006,226416,126226,100190,46251,26911,19340
1544,C4920,9,0,State-UTTAR PRADESH,Urban,0-4,57976,31037,26939,12156,6518,5638,19402,10110,9292,1105,608,497,2878,1677,1201,1577,883,694,337,200,137,18551,9925,8626,1970,1116,854
1545,C4920,9,0,State-UTTAR PRADESH,Urban,5-9,80509,44012,36497,15784,8433,7351,24682,12872,11810,6771,3799,2972,5360,3250,2110,3142,1878,1264,913,546,367,19566,10634,8932,4291,2600,1691
1546,C4920,9,0,State-UTTAR PRADESH,Urban,10-19,206216,115596,90620,35278,19144,16134,57640,30497,27143,15671,8925,6746,25445,15905,9540,10834,6578,4256,4212,2566,1646,46666,25683,20983,10470,6298,4172
1547,C4920,9,0,State-UTTAR PRADESH,Urban,20-29,182725,106121,76604,28701,15536,13165,50444,27404,23040,12540,7031,5509,28939,19438,9501,9007,5749,3258,4137,2735,1402,41429,23407,18022,7528,4821,2707
1548,C4920,9,0,State-UTTAR PRADESH,Urban,30-39,135759,78013,57746,22747,12361,10386,38235,20486,17749,9536,5348,4188,18829,12818,6011,6489,4147,2342,3413,2239,1174,31811,17668,14143,4699,2946,1753
1549,C4920,9,0,State-UTTAR PRADESH,Urban,40-49,109523,65164,44359,20423,11733,8690,30098,16783,13315,7431,4282,3149,14333,10161,4172,4881,3157,1724,2764,1796,968,26075,15017,11058,3518,2235,1283
1550,C4920,9,0,State-UTTAR PRADESH,Urban,50-59,79487,46069,33418,17163,9553,7610,19990,10893,9097,5110,2924,2186,12167,8124,4043,2608,1639,969,1588,990,598,17861,10162,7699,3000,1784,1216
1551,C4920,9,0,State-UTTAR PRADESH,Urban,60-69,67124,37298,29826,16527,8718,7809,15633,8170,7463,3430,2015,1415,12886,7858,5028,1400,833,567,974,608,366,12558,7142,5416,3716,1954,1762
1552,C4920,9,0,State-UTTAR PRADESH,Urban,70-79,37570,19667,17903,9131,4589,4542,8683,4479,4204,1472,846,626,8204,4450,3754,587,336,251,422,224,198,5543,3075,2468,3528,1668,1860
1553,C4920,9,0,State-UTTAR PRADESH,Urban,80-89,15003,7437,7566,3418,1669,1749,3455,1786,1669,455,249,206,3337,1669,1668,200,96,104,130,58,72,1826,979,847,2182,931,1251
1554,C4920,9,0,State-UTTAR PRADESH,Urban,90+,6633,3129,3504,1358,625,733,1668,802,866,265,131,134,1146,574,572,155,88,67,68,35,33,1022,532,490,951,342,609
1555,C4920,9,0,State-UTTAR PRADESH,Urban,Age Not Stated,12374,6913,5461,2120,1162,958,4201,2232,1969,648,347,301,986,630,356,365,221,144,148,103,45,3508,2002,1506,398,216,182
1556,C4920,10,0,State-BIHAR,Total,Total,2331009,1343100,987909,549080,297043,252037,572163,308071,264092,170845,97893,72952,369577,245576,124001,89251,55335,33916,37521,24901,12620,431728,246460,185268,110844,67821,43023
1557,C4920,10,0,State-BIHAR,Total,0-4,186314,97813,88501,52471,26942,25529,54676,28044,26632,4165,2258,1907,14044,8007,6037,4697,2522,2175,863,521,342,48555,25475,23080,6843,4044,2799
1558,C4920,10,0,State-BIHAR,Total,5-9,257526,139317,118209,65271,34324,30947,69781,36084,33697,24862,13852,11010,23848,14250,9598,9101,5262,3839,2484,1532,952,49018,25906,23112,13161,8107,5054
1559,C4920,10,0,State-BIHAR,Total,10-19,489183,280903,208280,107608,58534,49074,116533,62862,53671,42770,24711,18059,80024,51299,28725,23276,14163,9113,7809,4908,2901,84946,47666,37280,26217,16760,9457
1560,C4920,10,0,State-BIHAR,Total,20-29,344286,203108,141178,72164,39086,33078,81236,43338,37898,28772,16627,12145,60345,42235,18110,15868,10309,5559,6951,4852,2099,64002,36849,27153,14948,9812,5136
1561,C4920,10,0,State-BIHAR,Total,30-39,301885,179092,122793,66135,36507,29628,74616,40413,34203,24872,14358,10514,44883,31566,13317,14106,9191,4915,6886,4868,2018,59293,34981,24312,11094,7208,3886
1562,C4920,10,0,State-BIHAR,Total,40-49,233928,143342,90586,53181,30679,22502,57333,32372,24961,17956,10475,7481,36664,26443,10221,10075,6712,3363,5477,3862,1615,44774,27335,17439,8468,5464,3004
1563,C4920,10,0,State-BIHAR,Total,50-59,175737,102992,72745,42658,23219,19439,41955,22807,19148,11643,6568,5075,32729,22479,10250,5486,3351,2135,3173,1997,1176,31312,18599,12713,6781,3972,2809
1564,C4920,10,0,State-BIHAR,Total,60-69,191367,109980,81387,50421,26666,23755,42323,23071,19252,9710,5518,4192,42490,27713,14777,4125,2365,1760,2467,1497,970,29543,17504,12039,10288,5646,4642
1565,C4920,10,0,State-BIHAR,Total,70-79,95687,56238,39449,25625,14045,11580,20451,11713,8738,3599,2148,1451,23824,15371,8453,1552,897,655,949,581,368,11846,7297,4549,7841,4186,3655
1566,C4920,10,0,State-BIHAR,Total,80-89,29838,16373,13465,7690,3944,3746,6312,3549,2763,994,538,456,7510,4343,3167,459,249,210,250,150,100,3260,1916,1344,3363,1684,1679
1567,C4920,10,0,State-BIHAR,Total,90+,10280,5333,4947,2483,1240,1243,2178,1142,1036,456,244,212,2235,1220,1015,180,105,75,98,59,39,1277,674,603,1373,649,724
1568,C4920,10,0,State-BIHAR,Total,Age Not Stated,14978,8609,6369,3373,1857,1516,4769,2676,2093,1046,596,450,981,650,331,326,209,117,114,74,40,3902,2258,1644,467,289,178
1569,C4920,10,0,State-BIHAR,Rural,Total,2046351,1180813,865538,480118,259515,220603,497756,268272,229484,150197,86236,63961,330394,220062,110332,78520,48621,29899,32691,21594,11097,378081,216107,161974,98594,60406,38188
1570,C4920,10,0,State-BIHAR,Rural,0-4,166776,87543,79233,46753,24000,22753,48812,25066,23746,3737,2032,1705,12737,7246,5491,4237,2261,1976,796,484,312,43498,22812,20686,6206,3642,2564
1571,C4920,10,0,State-BIHAR,Rural,5-9,230462,124716,105746,58022,30419,27603,62154,32118,30036,22436,12530,9906,21606,12934,8672,8172,4717,3455,2236,1373,863,44007,23319,20688,11829,7306,4523
1572,C4920,10,0,State-BIHAR,Rural,10-19,428473,247169,181304,93509,50937,42572,100916,54710,46206,37721,21878,15843,71628,46177,25451,20499,12527,7972,6851,4285,2566,74037,41638,32399,23312,15017,8295
1573,C4920,10,0,State-BIHAR,Rural,20-29,296118,175352,120766,61551,33391,28160,69104,36879,32225,25049,14564,10485,52921,37271,15650,13681,8854,4827,5936,4144,1792,54863,31662,23201,13013,8587,4426
1574,C4920,10,0,State-BIHAR,Rural,30-39,262311,156155,106156,56910,31504,25406,64234,34837,29397,21770,12626,9144,39769,28027,11742,12377,8075,4302,5957,4183,1774,51489,30502,20987,9805,6401,3404
1575,C4920,10,0,State-BIHAR,Rural,40-49,202909,124446,78463,45866,26451,19415,49161,27818,21343,15561,9032,6529,32598,23488,9110,8787,5836,2951,4712,3295,1417,38788,23744,15044,7436,4782,2654
1576,C4920,10,0,State-BIHAR,Rural,50-59,153272,89763,63509,37038,20104,16934,36196,19649,16547,10038,5637,4401,29184,20041,9143,4816,2929,1887,2757,1747,1010,27211,16153,11058,6032,3503,2529
1577,C4920,10,0,State-BIHAR,Rural,60-69,171506,98333,73173,45260,23790,21470,37560,20385,17175,8540,4836,3704,38631,25251,13380,3734,2120,1614,2192,1320,872,26345,15599,10746,9244,5032,4212
1578,C4920,10,0,State-BIHAR,Rural,70-79,86081,50589,35492,23140,12653,10487,18223,10435,7788,3179,1894,1285,21688,14032,7656,1382,804,578,856,521,335,10556,6485,4071,7057,3765,3292
1579,C4920,10,0,State-BIHAR,Rural,80-89,26682,14699,11983,6939,3560,3379,5569,3155,2414,868,472,396,6756,3921,2835,399,221,178,217,127,90,2899,1709,1190,3035,1534,1501
1580,C4920,10,0,State-BIHAR,Rural,90+,9124,4778,4346,2238,1123,1115,1883,1004,879,405,224,181,2013,1106,907,161,95,66,83,51,32,1113,581,532,1228,594,634
1581,C4920,10,0,State-BIHAR,Rural,Age Not Stated,12637,7270,5367,2892,1583,1309,3944,2216,1728,893,511,382,863,568,295,275,182,93,98,64,34,3275,1903,1372,397,243,154
1582,C4920,10,0,State-BIHAR,Urban,Total,284658,162287,122371,68962,37528,31434,74407,39799,34608,20648,11657,8991,39183,25514,13669,10731,6714,4017,4830,3307,1523,53647,30353,23294,12250,7415,4835
1583,C4920,10,0,State-BIHAR,Urban,0-4,19538,10270,9268,5718,2942,2776,5864,2978,2886,428,226,202,1307,761,546,460,261,199,67,37,30,5057,2663,2394,637,402,235
1584,C4920,10,0,State-BIHAR,Urban,5-9,27064,14601,12463,7249,3905,3344,7627,3966,3661,2426,1322,1104,2242,1316,926,929,545,384,248,159,89,5011,2587,2424,1332,801,531
1585,C4920,10,0,State-BIHAR,Urban,10-19,60710,33734,26976,14099,7597,6502,15617,8152,7465,5049,2833,2216,8396,5122,3274,2777,1636,1141,958,623,335,10909,6028,4881,2905,1743,1162
1586,C4920,10,0,State-BIHAR,Urban,20-29,48168,27756,20412,10613,5695,4918,12132,6459,5673,3723,2063,1660,7424,4964,2460,2187,1455,732,1015,708,307,9139,5187,3952,1935,1225,710
1587,C4920,10,0,State-BIHAR,Urban,30-39,39574,22937,16637,9225,5003,4222,10382,5576,4806,3102,1732,1370,5114,3539,1575,1729,1116,613,929,685,244,7804,4479,3325,1289,807,482
1588,C4920,10,0,State-BIHAR,Urban,40-49,31019,18896,12123,7315,4228,3087,8172,4554,3618,2395,1443,952,4066,2955,1111,1288,876,412,765,567,198,5986,3591,2395,1032,682,350
1589,C4920,10,0,State-BIHAR,Urban,50-59,22465,13229,9236,5620,3115,2505,5759,3158,2601,1605,931,674,3545,2438,1107,670,422,248,416,250,166,4101,2446,1655,749,469,280
1590,C4920,10,0,State-BIHAR,Urban,60-69,19861,11647,8214,5161,2876,2285,4763,2686,2077,1170,682,488,3859,2462,1397,391,245,146,275,177,98,3198,1905,1293,1044,614,430
1591,C4920,10,0,State-BIHAR,Urban,70-79,9606,5649,3957,2485,1392,1093,2228,1278,950,420,254,166,2136,1339,797,170,93,77,93,60,33,1290,812,478,784,421,363
1592,C4920,10,0,State-BIHAR,Urban,80-89,3156,1674,1482,751,384,367,743,394,349,126,66,60,754,422,332,60,28,32,33,23,10,361,207,154,328,150,178
1593,C4920,10,0,State-BIHAR,Urban,90+,1156,555,601,245,117,128,295,138,157,51,20,31,222,114,108,19,10,9,15,8,7,164,93,71,145,55,90
1594,C4920,10,0,State-BIHAR,Urban,Age Not Stated,2341,1339,1002,481,274,207,825,460,365,153,85,68,118,82,36,51,27,24,16,10,6,627,355,272,70,46,24
1595,C4920,11,0,State-SIKKIM,Total,Total,18187,9779,8408,2772,1421,1351,5343,2987,2356,1577,818,759,2067,1218,849,516,274,242,513,255,258,2459,1282,1177,2940,1524,1416
1596,C4920,11,0,State-SIKKIM,Total,0-4,368,206,162,45,22,23,108,63,45,17,9,8,43,25,18,14,9,5,6,3,3,83,46,37,52,29,23
1597,C4920,11,0,State-SIKKIM,Total,5-9,716,367,349,92,55,37,209,105,104,88,46,42,71,40,31,28,17,11,15,8,7,110,50,60,103,46,57
1598,C4920,11,0,State-SIKKIM,Total,10-19,2014,1073,941,300,158,142,524,288,236,217,111,106,229,131,98,98,60,38,64,27,37,360,181,179,222,117,105
1599,C4920,11,0,State-SIKKIM,Total,20-29,2674,1441,1233,316,159,157,775,428,347,290,142,148,265,169,96,100,54,46,98,58,40,421,214,207,409,217,192
1600,C4920,11,0,State-SIKKIM,Total,30-39,2813,1486,1327,274,135,139,874,502,372,345,179,166,238,140,98,91,44,47,98,44,54,378,203,175,515,239,276
1601,C4920,11,0,State-SIKKIM,Total,40-49,2684,1424,1260,343,167,176,763,419,344,291,152,139,286,161,125,74,38,36,109,47,62,311,181,130,507,259,248
1602,C4920,11,0,State-SIKKIM,Total,50-59,2354,1285,1069,397,211,186,669,378,291,181,91,90,302,182,120,58,32,26,64,29,35,291,144,147,392,218,174
1603,C4920,11,0,State-SIKKIM,Total,60-69,1955,1039,916,427,213,214,608,335,273,84,50,34,291,158,133,27,9,18,31,19,12,212,114,98,275,141,134
1604,C4920,11,0,State-SIKKIM,Total,70-79,1619,922,697,350,188,162,512,300,212,43,27,16,212,131,81,12,6,6,21,15,6,188,94,94,281,161,120
1605,C4920,11,0,State-SIKKIM,Total,80-89,789,446,343,191,100,91,233,139,94,14,7,7,110,71,39,6,3,3,7,5,2,85,46,39,143,75,68
1606,C4920,11,0,State-SIKKIM,Total,90+,164,68,96,28,10,18,55,21,34,4,2,2,18,8,10,4,0,4,0,0,0,14,5,9,41,22,19
1607,C4920,11,0,State-SIKKIM,Total,Age Not Stated,37,22,15,9,3,6,13,9,4,3,2,1,2,2,0,4,2,2,0,0,0,6,4,2,0,0,0
1608,C4920,11,0,State-SIKKIM,Rural,Total,15859,8548,7311,2484,1271,1213,4703,2638,2065,1339,699,640,1792,1064,728,416,221,195,443,209,234,2023,1063,960,2659,1383,1276
1609,C4920,11,0,State-SIKKIM,Rural,0-4,301,173,128,38,17,21,84,51,33,16,9,7,37,20,17,13,9,4,5,3,2,63,38,25,45,26,19
1610,C4920,11,0,State-SIKKIM,Rural,5-9,619,312,307,77,48,29,176,84,92,78,42,36,66,38,28,22,12,10,12,5,7,95,43,52,93,40,53
1611,C4920,11,0,State-SIKKIM,Rural,10-19,1731,928,803,273,144,129,444,246,198,182,94,88,197,116,81,74,48,26,54,22,32,309,155,154,198,103,95
1612,C4920,11,0,State-SIKKIM,Rural,20-29,2275,1227,1048,271,132,139,674,378,296,240,116,124,229,145,84,81,42,39,84,47,37,329,171,158,367,196,171
1613,C4920,11,0,State-SIKKIM,Rural,30-39,2425,1296,1129,232,115,117,766,453,313,305,158,147,207,122,85,72,33,39,84,36,48,297,163,134,462,216,246
1614,C4920,11,0,State-SIKKIM,Rural,40-49,2315,1225,1090,304,147,157,653,356,297,239,125,114,234,140,94,61,31,30,95,38,57,258,148,110,471,240,231
1615,C4920,11,0,State-SIKKIM,Rural,50-59,2039,1111,928,355,189,166,594,334,260,155,80,75,246,145,101,50,28,22,58,25,33,235,118,117,346,192,154
1616,C4920,11,0,State-SIKKIM,Rural,60-69,1769,935,834,392,195,197,562,307,255,68,42,26,257,138,119,21,7,14,28,16,12,186,100,86,255,130,125
1617,C4920,11,0,State-SIKKIM,Rural,70-79,1484,850,634,327,176,151,475,277,198,40,25,15,200,123,77,10,6,4,16,12,4,162,81,81,254,150,104
1618,C4920,11,0,State-SIKKIM,Rural,80-89,722,410,312,182,95,87,212,125,87,10,5,5,102,68,34,5,3,2,7,5,2,74,38,36,130,71,59
1619,C4920,11,0,State-SIKKIM,Rural,90+,147,61,86,26,10,16,50,18,32,4,2,2,15,7,8,3,0,3,0,0,0,11,5,6,38,19,19
1620,C4920,11,0,State-SIKKIM,Rural,Age Not Stated,32,20,12,7,3,4,13,9,4,2,1,1,2,2,0,4,2,2,0,0,0,4,3,1,0,0,0
1621,C4920,11,0,State-SIKKIM,Urban,Total,2328,1231,1097,288,150,138,640,349,291,238,119,119,275,154,121,100,53,47,70,46,24,436,219,217,281,141,140
1622,C4920,11,0,State-SIKKIM,Urban,0-4,67,33,34,7,5,2,24,12,12,1,0,1,6,5,1,1,0,1,1,0,1,20,8,12,7,3,4
1623,C4920,11,0,State-SIKKIM,Urban,5-9,97,55,42,15,7,8,33,21,12,10,4,6,5,2,3,6,5,1,3,3,0,15,7,8,10,6,4
1624,C4920,11,0,State-SIKKIM,Urban,10-19,283,145,138,27,14,13,80,42,38,35,17,18,32,15,17,24,12,12,10,5,5,51,26,25,24,14,10
1625,C4920,11,0,State-SIKKIM,Urban,20-29,399,214,185,45,27,18,101,50,51,50,26,24,36,24,12,19,12,7,14,11,3,92,43,49,42,21,21
1626,C4920,11,0,State-SIKKIM,Urban,30-39,388,190,198,42,20,22,108,49,59,40,21,19,31,18,13,19,11,8,14,8,6,81,40,41,53,23,30
1627,C4920,11,0,State-SIKKIM,Urban,40-49,369,199,170,39,20,19,110,63,47,52,27,25,52,21,31,13,7,6,14,9,5,53,33,20,36,19,17
1628,C4920,11,0,State-SIKKIM,Urban,50-59,315,174,141,42,22,20,75,44,31,26,11,15,56,37,19,8,4,4,6,4,2,56,26,30,46,26,20
1629,C4920,11,0,State-SIKKIM,Urban,60-69,186,104,82,35,18,17,46,28,18,16,8,8,34,20,14,6,2,4,3,3,0,26,14,12,20,11,9
1630,C4920,11,0,State-SIKKIM,Urban,70-79,135,72,63,23,12,11,37,23,14,3,2,1,12,8,4,2,0,2,5,3,2,26,13,13,27,11,16
1631,C4920,11,0,State-SIKKIM,Urban,80-89,67,36,31,9,5,4,21,14,7,4,2,2,8,3,5,1,0,1,0,0,0,11,8,3,13,4,9
1632,C4920,11,0,State-SIKKIM,Urban,90+,17,7,10,2,0,2,5,3,2,0,0,0,3,1,2,1,0,1,0,0,0,3,0,3,3,3,0
1633,C4920,11,0,State-SIKKIM,Urban,Age Not Stated,5,2,3,2,0,2,0,0,0,1,1,0,0,0,0,0,0,0,0,0,0,2,1,1,0,0,0
1634,C4920,12,0,State-ARUNACHAL PRADESH,Total,Total,26734,14245,12489,5652,2862,2790,8127,4209,3918,1538,880,658,3235,1935,1300,1264,635,629,631,344,287,3878,2080,1798,2409,1300,1109
1635,C4920,12,0,State-ARUNACHAL PRADESH,Total,0-4,1330,665,665,297,159,138,434,189,245,16,9,7,98,56,42,77,40,37,10,7,3,322,161,161,76,44,32
1636,C4920,12,0,State-ARUNACHAL PRADESH,Total,5-9,2082,1099,983,435,229,206,653,324,329,162,97,65,169,104,65,128,69,59,32,18,14,344,176,168,159,82,77
1637,C4920,12,0,State-ARUNACHAL PRADESH,Total,10-19,5026,2633,2393,1018,507,511,1529,778,751,370,222,148,523,284,239,315,156,159,101,56,45,811,409,402,359,221,138
1638,C4920,12,0,State-ARUNACHAL PRADESH,Total,20-29,4087,2247,1840,721,376,345,1267,695,572,281,148,133,429,262,167,230,115,115,141,88,53,721,393,328,297,170,127
1639,C4920,12,0,State-ARUNACHAL PRADESH,Total,30-39,3458,1885,1573,657,334,323,1042,536,506,252,131,121,389,240,149,207,98,109,109,67,42,545,332,213,257,147,110
1640,C4920,12,0,State-ARUNACHAL PRADESH,Total,40-49,3186,1765,1421,614,345,269,951,515,436,193,109,84,457,283,174,145,71,74,98,42,56,466,259,207,262,141,121
1641,C4920,12,0,State-ARUNACHAL PRADESH,Total,50-59,2678,1522,1156,561,305,256,816,427,389,142,93,49,419,282,137,84,51,33,57,28,29,308,178,130,291,158,133
1642,C4920,12,0,State-ARUNACHAL PRADESH,Total,60-69,2453,1220,1233,672,303,369,757,389,368,77,39,38,364,212,152,44,18,26,50,22,28,190,88,102,299,149,150
1643,C4920,12,0,State-ARUNACHAL PRADESH,Total,70-79,1546,776,770,420,191,229,449,236,213,33,22,11,265,149,116,23,11,12,21,8,13,109,57,52,226,102,124
1644,C4920,12,0,State-ARUNACHAL PRADESH,Total,80-89,644,316,328,195,85,110,166,83,83,9,7,2,92,49,43,5,2,3,10,7,3,41,20,21,126,63,63
1645,C4920,12,0,State-ARUNACHAL PRADESH,Total,90+,203,96,107,56,25,31,49,31,18,1,1,0,29,13,16,3,2,1,2,1,1,8,2,6,55,21,34
1646,C4920,12,0,State-ARUNACHAL PRADESH,Total,Age Not Stated,41,21,20,6,3,3,14,6,8,2,2,0,1,1,0,3,2,1,0,0,0,13,5,8,2,2,0
1647,C4920,12,0,State-ARUNACHAL PRADESH,Rural,Total,22308,11780,10528,4669,2334,2335,6916,3565,3351,1299,737,562,2735,1620,1115,1011,512,499,533,291,242,3005,1582,1423,2140,1139,1001
1648,C4920,12,0,State-ARUNACHAL PRADESH,Rural,0-4,1103,544,559,244,128,116,373,158,215,14,7,7,81,46,35,65,37,28,7,4,3,258,128,130,61,36,25
1649,C4920,12,0,State-ARUNACHAL PRADESH,Rural,5-9,1661,868,793,346,183,163,524,259,265,120,70,50,137,81,56,102,55,47,22,11,11,270,140,130,140,69,71
1650,C4920,12,0,State-ARUNACHAL PRADESH,Rural,10-19,4010,2107,1903,794,389,405,1219,616,603,318,190,128,438,233,205,235,121,114,76,44,32,629,331,298,301,183,118
1651,C4920,12,0,State-ARUNACHAL PRADESH,Rural,20-29,3213,1777,1436,544,289,255,1044,581,463,232,123,109,355,223,132,181,91,90,117,74,43,496,255,241,244,141,103
1652,C4920,12,0,State-ARUNACHAL PRADESH,Rural,30-39,2804,1518,1286,510,252,258,878,461,417,216,110,106,304,189,115,168,78,90,99,59,40,405,242,163,224,127,97
1653,C4920,12,0,State-ARUNACHAL PRADESH,Rural,40-49,2607,1409,1198,479,260,219,794,419,375,166,93,73,367,223,144,116,56,60,88,38,50,365,197,168,232,123,109
1654,C4920,12,0,State-ARUNACHAL PRADESH,Rural,50-59,2311,1279,1032,497,264,233,712,364,348,121,80,41,345,230,115,73,43,30,45,24,21,252,133,119,266,141,125
1655,C4920,12,0,State-ARUNACHAL PRADESH,Rural,60-69,2306,1138,1168,621,280,341,728,371,357,72,36,36,339,193,146,41,16,25,48,21,27,173,80,93,284,141,143
1656,C4920,12,0,State-ARUNACHAL PRADESH,Rural,70-79,1464,738,726,392,180,212,432,227,205,29,19,10,253,143,110,20,9,11,19,8,11,103,53,50,216,99,117
1657,C4920,12,0,State-ARUNACHAL PRADESH,Rural,80-89,605,294,311,183,83,100,154,73,81,9,7,2,88,46,42,4,2,2,10,7,3,36,18,18,121,58,63
1658,C4920,12,0,State-ARUNACHAL PRADESH,Rural,90+,188,90,98,53,23,30,47,31,16,0,0,0,27,12,15,3,2,1,2,1,1,7,2,5,49,19,30
1659,C4920,12,0,State-ARUNACHAL PRADESH,Rural,Age Not Stated,36,18,18,6,3,3,11,5,6,2,2,0,1,1,0,3,2,1,0,0,0,11,3,8,2,2,0
1660,C4920,12,0,State-ARUNACHAL PRADESH,Urban,Total,4426,2465,1961,983,528,455,1211,644,567,239,143,96,500,315,185,253,123,130,98,53,45,873,498,375,269,161,108
1661,C4920,12,0,State-ARUNACHAL PRADESH,Urban,0-4,227,121,106,53,31,22,61,31,30,2,2,0,17,10,7,12,3,9,3,3,0,64,33,31,15,8,7
1662,C4920,12,0,State-ARUNACHAL PRADESH,Urban,5-9,421,231,190,89,46,43,129,65,64,42,27,15,32,23,9,26,14,12,10,7,3,74,36,38,19,13,6
1663,C4920,12,0,State-ARUNACHAL PRADESH,Urban,10-19,1016,526,490,224,118,106,310,162,148,52,32,20,85,51,34,80,35,45,25,12,13,182,78,104,58,38,20
1664,C4920,12,0,State-ARUNACHAL PRADESH,Urban,20-29,874,470,404,177,87,90,223,114,109,49,25,24,74,39,35,49,24,25,24,14,10,225,138,87,53,29,24
1665,C4920,12,0,State-ARUNACHAL PRADESH,Urban,30-39,654,367,287,147,82,65,164,75,89,36,21,15,85,51,34,39,20,19,10,8,2,140,90,50,33,20,13
1666,C4920,12,0,State-ARUNACHAL PRADESH,Urban,40-49,579,356,223,135,85,50,157,96,61,27,16,11,90,60,30,29,15,14,10,4,6,101,62,39,30,18,12
1667,C4920,12,0,State-ARUNACHAL PRADESH,Urban,50-59,367,243,124,64,41,23,104,63,41,21,13,8,74,52,22,11,8,3,12,4,8,56,45,11,25,17,8
1668,C4920,12,0,State-ARUNACHAL PRADESH,Urban,60-69,147,82,65,51,23,28,29,18,11,5,3,2,25,19,6,3,2,1,2,1,1,17,8,9,15,8,7
1669,C4920,12,0,State-ARUNACHAL PRADESH,Urban,70-79,82,38,44,28,11,17,17,9,8,4,3,1,12,6,6,3,2,1,2,0,2,6,4,2,10,3,7
1670,C4920,12,0,State-ARUNACHAL PRADESH,Urban,80-89,39,22,17,12,2,10,12,10,2,0,0,0,4,3,1,1,0,1,0,0,0,5,2,3,5,5,0
1671,C4920,12,0,State-ARUNACHAL PRADESH,Urban,90+,15,6,9,3,2,1,2,0,2,1,1,0,2,1,1,0,0,0,0,0,0,1,0,1,6,2,4
1672,C4920,12,0,State-ARUNACHAL PRADESH,Urban,Age Not Stated,5,3,2,0,0,0,3,1,2,0,0,0,0,0,0,0,0,0,0,0,0,2,2,0,0,0,0
1673,C4920,13,0,State-NAGALAND,Total,Total,29631,16148,13483,4150,2130,2020,8940,5007,3933,2294,1261,1033,3828,2235,1593,1250,666,584,995,547,448,4838,2529,2309,3336,1773,1563
1674,C4920,13,0,State-NAGALAND,Total,0-4,1172,622,550,129,60,69,439,235,204,25,15,10,87,54,33,34,24,10,4,4,0,367,182,185,87,48,39
1675,C4920,13,0,State-NAGALAND,Total,5-9,1937,1053,884,254,130,124,499,253,246,230,133,97,191,121,70,64,33,31,37,19,18,429,234,195,233,130,103
1676,C4920,13,0,State-NAGALAND,Total,10-19,4631,2529,2102,618,323,295,1229,663,566,475,266,209,577,342,235,231,124,107,130,67,63,958,512,446,413,232,181
1677,C4920,13,0,State-NAGALAND,Total,20-29,4291,2319,1972,482,230,252,1090,564,526,377,212,165,590,351,239,258,144,114,209,129,80,840,428,412,445,261,184
1678,C4920,13,0,State-NAGALAND,Total,30-39,3575,1980,1595,379,223,156,948,551,397,360,177,183,473,300,173,219,117,102,233,140,93,673,328,345,290,144,146
1679,C4920,13,0,State-NAGALAND,Total,40-49,3719,2125,1594,463,272,191,1073,648,425,364,196,168,430,276,154,192,103,89,174,88,86,612,323,289,411,219,192
1680,C4920,13,0,State-NAGALAND,Total,50-59,3113,1763,1350,520,284,236,974,566,408,242,138,104,426,247,179,128,68,60,99,51,48,380,216,164,344,193,151
1681,C4920,13,0,State-NAGALAND,Total,60-69,2862,1503,1359,537,255,282,1003,538,465,143,84,59,421,236,185,73,34,39,61,26,35,289,164,125,335,166,169
1682,C4920,13,0,State-NAGALAND,Total,70-79,2387,1195,1192,428,195,233,897,504,393,59,32,27,374,178,196,38,14,24,30,12,18,183,90,93,378,170,208
1683,C4920,13,0,State-NAGALAND,Total,80-89,1367,726,641,253,112,141,559,341,218,15,7,8,183,88,95,8,2,6,15,8,7,77,38,39,257,130,127
1684,C4920,13,0,State-NAGALAND,Total,90+,529,297,232,82,42,40,207,127,80,3,1,2,71,39,32,3,2,1,1,1,0,21,7,14,141,78,63
1685,C4920,13,0,State-NAGALAND,Total,Age Not Stated,48,36,12,5,4,1,22,17,5,1,0,1,5,3,2,2,1,1,2,2,0,9,7,2,2,2,0
1686,C4920,13,0,State-NAGALAND,Rural,Total,23549,12761,10788,3291,1689,1602,7237,4050,3187,1889,1033,856,2941,1689,1252,949,499,450,776,425,351,3699,1910,1789,2767,1466,1301
1687,C4920,13,0,State-NAGALAND,Rural,0-4,873,474,399,91,43,48,316,181,135,21,14,7,65,37,28,23,16,7,3,3,0,288,145,143,66,35,31
1688,C4920,13,0,State-NAGALAND,Rural,5-9,1477,806,671,206,106,100,373,194,179,181,107,74,139,91,48,46,23,23,30,15,15,321,172,149,181,98,83
1689,C4920,13,0,State-NAGALAND,Rural,10-19,3542,1937,1605,465,242,223,960,522,438,387,216,171,445,268,177,173,95,78,104,57,47,687,357,330,321,180,141
1690,C4920,13,0,State-NAGALAND,Rural,20-29,3219,1749,1470,345,165,180,819,431,388,295,166,129,432,253,179,182,100,82,157,93,64,623,325,298,366,216,150
1691,C4920,13,0,State-NAGALAND,Rural,30-39,2700,1467,1233,290,171,119,700,398,302,294,140,154,335,203,132,171,89,82,176,109,67,506,244,262,228,113,115
1692,C4920,13,0,State-NAGALAND,Rural,40-49,2997,1679,1318,361,215,146,857,497,360,317,168,149,331,210,121,148,77,71,134,66,68,487,254,233,362,192,170
1693,C4920,13,0,State-NAGALAND,Rural,50-59,2561,1425,1136,419,222,197,836,481,355,204,116,88,314,176,138,106,59,47,84,40,44,300,163,137,298,168,130
1694,C4920,13,0,State-NAGALAND,Rural,60-69,2441,1259,1182,450,212,238,898,479,419,124,70,54,327,176,151,57,23,34,49,25,24,244,131,113,292,143,149
1695,C4920,13,0,State-NAGALAND,Rural,70-79,2089,1056,1033,366,171,195,809,453,356,53,30,23,327,159,168,36,14,22,26,8,18,154,77,77,318,144,174
1696,C4920,13,0,State-NAGALAND,Rural,80-89,1165,625,540,226,102,124,476,290,186,12,6,6,157,77,80,4,2,2,11,7,4,63,31,32,216,110,106
1697,C4920,13,0,State-NAGALAND,Rural,90+,445,254,191,68,37,31,173,108,65,1,0,1,64,36,28,1,0,1,1,1,0,20,7,13,117,65,52
1698,C4920,13,0,State-NAGALAND,Rural,Age Not Stated,40,30,10,4,3,1,20,16,4,0,0,0,5,3,2,2,1,1,1,1,0,6,4,2,2,2,0
1699,C4920,13,0,State-NAGALAND,Urban,Total,6082,3387,2695,859,441,418,1703,957,746,405,228,177,887,546,341,301,167,134,219,122,97,1139,619,520,569,307,262
1700,C4920,13,0,State-NAGALAND,Urban,0-4,299,148,151,38,17,21,123,54,69,4,1,3,22,17,5,11,8,3,1,1,0,79,37,42,21,13,8
1701,C4920,13,0,State-NAGALAND,Urban,5-9,460,247,213,48,24,24,126,59,67,49,26,23,52,30,22,18,10,8,7,4,3,108,62,46,52,32,20
1702,C4920,13,0,State-NAGALAND,Urban,10-19,1089,592,497,153,81,72,269,141,128,88,50,38,132,74,58,58,29,29,26,10,16,271,155,116,92,52,40
1703,C4920,13,0,State-NAGALAND,Urban,20-29,1072,570,502,137,65,72,271,133,138,82,46,36,158,98,60,76,44,32,52,36,16,217,103,114,79,45,34
1704,C4920,13,0,State-NAGALAND,Urban,30-39,875,513,362,89,52,37,248,153,95,66,37,29,138,97,41,48,28,20,57,31,26,167,84,83,62,31,31
1705,C4920,13,0,State-NAGALAND,Urban,40-49,722,446,276,102,57,45,216,151,65,47,28,19,99,66,33,44,26,18,40,22,18,125,69,56,49,27,22
1706,C4920,13,0,State-NAGALAND,Urban,50-59,552,338,214,101,62,39,138,85,53,38,22,16,112,71,41,22,9,13,15,11,4,80,53,27,46,25,21
1707,C4920,13,0,State-NAGALAND,Urban,60-69,421,244,177,87,43,44,105,59,46,19,14,5,94,60,34,16,11,5,12,1,11,45,33,12,43,23,20
1708,C4920,13,0,State-NAGALAND,Urban,70-79,298,139,159,62,24,38,88,51,37,6,2,4,47,19,28,2,0,2,4,4,0,29,13,16,60,26,34
1709,C4920,13,0,State-NAGALAND,Urban,80-89,202,101,101,27,10,17,83,51,32,3,1,2,26,11,15,4,0,4,4,1,3,14,7,7,41,20,21
1710,C4920,13,0,State-NAGALAND,Urban,90+,84,43,41,14,5,9,34,19,15,2,1,1,7,3,4,2,2,0,0,0,0,1,0,1,24,13,11
1711,C4920,13,0,State-NAGALAND,Urban,Age Not Stated,8,6,2,1,1,0,2,1,1,1,0,1,0,0,0,0,0,0,1,1,0,3,3,0,0,0,0
1712,C4920,14,0,State-MANIPUR,Total,Total,58547,31174,27373,19194,9915,9279,12891,6688,6203,2661,1488,1173,5315,3165,2150,4846,2626,2220,1459,842,617,8628,4516,4112,3553,1934,1619
1713,C4920,14,0,State-MANIPUR,Total,0-4,3406,1778,1628,1444,747,697,814,420,394,43,21,22,117,66,51,216,106,110,14,12,2,634,335,299,124,71,53
1714,C4920,14,0,State-MANIPUR,Total,5-9,4360,2282,2078,1604,811,793,901,487,414,291,159,132,229,130,99,302,163,139,33,23,10,740,378,362,260,131,129
1715,C4920,14,0,State-MANIPUR,Total,10-19,10130,5314,4816,3605,1846,1759,2063,1045,1018,580,337,243,593,353,240,920,463,457,163,85,78,1613,851,762,593,334,259
1716,C4920,14,0,State-MANIPUR,Total,20-29,10127,5221,4906,3399,1684,1715,2133,1033,1100,456,242,214,756,452,304,911,495,416,265,157,108,1694,868,826,513,290,223
1717,C4920,14,0,State-MANIPUR,Total,30-39,8543,4635,3908,2729,1420,1309,1825,969,856,415,231,184,667,400,267,910,514,396,310,185,125,1268,678,590,419,238,181
1718,C4920,14,0,State-MANIPUR,Total,40-49,7148,4007,3141,2237,1202,1035,1511,833,678,339,198,141,731,459,272,673,390,283,283,179,104,1012,541,471,362,205,157
1719,C4920,14,0,State-MANIPUR,Total,50-59,5663,3092,2571,1726,932,794,1209,640,569,248,130,118,787,458,329,487,271,216,169,89,80,734,392,342,303,180,123
1720,C4920,14,0,State-MANIPUR,Total,60-69,4398,2384,2014,1239,667,572,1112,564,548,167,96,71,680,426,254,248,138,110,129,69,60,454,237,217,369,187,182
1721,C4920,14,0,State-MANIPUR,Total,70-79,2839,1490,1349,786,388,398,744,380,364,77,47,30,471,278,193,120,56,64,60,32,28,278,145,133,303,164,139
1722,C4920,14,0,State-MANIPUR,Total,80-89,1429,727,702,298,153,145,446,243,203,36,22,14,223,120,103,42,23,19,26,8,18,143,69,74,215,89,126
1723,C4920,14,0,State-MANIPUR,Total,90+,347,163,184,64,33,31,107,60,47,2,2,0,56,20,36,4,1,3,3,2,1,30,8,22,81,37,44
1724,C4920,14,0,State-MANIPUR,Total,Age Not Stated,157,81,76,63,32,31,26,14,12,7,3,4,5,3,2,13,6,7,4,1,3,28,14,14,11,8,3
1725,C4920,14,0,State-MANIPUR,Rural,Total,40488,21726,18762,13429,6970,6459,9663,5050,4613,1833,1038,795,3508,2095,1413,3148,1754,1394,841,474,367,5654,3016,2638,2412,1329,1083
1726,C4920,14,0,State-MANIPUR,Rural,0-4,2448,1285,1163,1018,527,491,624,321,303,26,15,11,88,52,36,159,83,76,10,9,1,445,235,210,78,43,35
1727,C4920,14,0,State-MANIPUR,Rural,5-9,3185,1671,1514,1149,582,567,702,381,321,220,119,101,163,92,71,216,120,96,26,20,6,527,265,262,182,92,90
1728,C4920,14,0,State-MANIPUR,Rural,10-19,7313,3870,3443,2583,1331,1252,1636,838,798,416,241,175,426,262,164,634,323,311,105,54,51,1107,596,511,406,225,181
1729,C4920,14,0,State-MANIPUR,Rural,20-29,7018,3653,3365,2397,1209,1188,1606,781,825,298,160,138,532,321,211,599,330,269,162,95,67,1086,569,517,338,188,150
1730,C4920,14,0,State-MANIPUR,Rural,30-39,5680,3116,2564,1827,949,878,1312,697,615,291,170,121,442,263,179,570,344,226,174,105,69,809,441,368,255,147,108
1731,C4920,14,0,State-MANIPUR,Rural,40-49,4780,2653,2127,1541,810,731,1086,597,489,229,133,96,475,294,181,416,244,172,157,91,66,632,340,292,244,144,100
1732,C4920,14,0,State-MANIPUR,Rural,50-59,3829,2127,1702,1193,663,530,925,500,425,160,87,73,499,289,210,292,162,130,85,38,47,472,264,208,203,124,79
1733,C4920,14,0,State-MANIPUR,Rural,60-69,3071,1679,1392,902,488,414,847,433,414,115,63,52,427,269,158,159,95,64,74,38,36,275,152,123,272,141,131
1734,C4920,14,0,State-MANIPUR,Rural,70-79,1926,1034,892,541,268,273,543,286,257,45,30,15,294,169,125,66,32,34,30,16,14,180,98,82,227,135,92
1735,C4920,14,0,State-MANIPUR,Rural,80-89,912,474,438,191,97,94,294,167,127,27,17,10,123,66,57,29,18,11,13,6,7,85,42,43,150,61,89
1736,C4920,14,0,State-MANIPUR,Rural,90+,227,112,115,47,25,22,71,41,30,1,1,0,36,16,20,3,1,2,2,1,1,18,4,14,49,23,26
1737,C4920,14,0,State-MANIPUR,Rural,Age Not Stated,99,52,47,40,21,19,17,8,9,5,2,3,3,2,1,5,2,3,3,1,2,18,10,8,8,6,2
1738,C4920,14,0,State-MANIPUR,Urban,Total,18059,9448,8611,5765,2945,2820,3228,1638,1590,828,450,378,1807,1070,737,1698,872,826,618,368,250,2974,1500,1474,1141,605,536
1739,C4920,14,0,State-MANIPUR,Urban,0-4,958,493,465,426,220,206,190,99,91,17,6,11,29,14,15,57,23,34,4,3,1,189,100,89,46,28,18
1740,C4920,14,0,State-MANIPUR,Urban,5-9,1175,611,564,455,229,226,199,106,93,71,40,31,66,38,28,86,43,43,7,3,4,213,113,100,78,39,39
1741,C4920,14,0,State-MANIPUR,Urban,10-19,2817,1444,1373,1022,515,507,427,207,220,164,96,68,167,91,76,286,140,146,58,31,27,506,255,251,187,109,78
1742,C4920,14,0,State-MANIPUR,Urban,20-29,3109,1568,1541,1002,475,527,527,252,275,158,82,76,224,131,93,312,165,147,103,62,41,608,299,309,175,102,73
1743,C4920,14,0,State-MANIPUR,Urban,30-39,2863,1519,1344,902,471,431,513,272,241,124,61,63,225,137,88,340,170,170,136,80,56,459,237,222,164,91,73
1744,C4920,14,0,State-MANIPUR,Urban,40-49,2368,1354,1014,696,392,304,425,236,189,110,65,45,256,165,91,257,146,111,126,88,38,380,201,179,118,61,57
1745,C4920,14,0,State-MANIPUR,Urban,50-59,1834,965,869,533,269,264,284,140,144,88,43,45,288,169,119,195,109,86,84,51,33,262,128,134,100,56,44
1746,C4920,14,0,State-MANIPUR,Urban,60-69,1327,705,622,337,179,158,265,131,134,52,33,19,253,157,96,89,43,46,55,31,24,179,85,94,97,46,51
1747,C4920,14,0,State-MANIPUR,Urban,70-79,913,456,457,245,120,125,201,94,107,32,17,15,177,109,68,54,24,30,30,16,14,98,47,51,76,29,47
1748,C4920,14,0,State-MANIPUR,Urban,80-89,517,253,264,107,56,51,152,76,76,9,5,4,100,54,46,13,5,8,13,2,11,58,27,31,65,28,37
1749,C4920,14,0,State-MANIPUR,Urban,90+,120,51,69,17,8,9,36,19,17,1,1,0,20,4,16,1,0,1,1,1,0,12,4,8,32,14,18
1750,C4920,14,0,State-MANIPUR,Urban,Age Not Stated,58,29,29,23,11,12,9,6,3,2,1,1,2,1,1,8,4,4,1,0,1,10,4,6,3,2,1
1751,C4920,15,0,State-MIZORAM,Total,Total,15160,8198,6962,2035,1087,948,3354,1828,1526,1163,601,562,1976,1162,814,1585,843,742,1050,576,474,1914,1009,905,2083,1092,991
1752,C4920,15,0,State-MIZORAM,Total,0-4,541,288,253,82,38,44,93,53,40,16,7,9,63,38,25,32,17,15,7,6,1,184,95,89,64,34,30
1753,C4920,15,0,State-MIZORAM,Total,5-9,988,559,429,159,91,68,153,83,70,112,61,51,98,56,42,92,61,31,37,19,18,173,94,79,164,94,70
1754,C4920,15,0,State-MIZORAM,Total,10-19,2219,1225,994,322,179,143,363,198,165,216,133,83,250,140,110,302,163,139,136,70,66,307,165,142,323,177,146
1755,C4920,15,0,State-MIZORAM,Total,20-29,2232,1190,1042,255,135,120,360,186,174,183,93,90,310,175,135,327,180,147,188,122,66,328,149,179,281,150,131
1756,C4920,15,0,State-MIZORAM,Total,30-39,2193,1223,970,253,141,112,410,220,190,170,82,88,304,195,109,280,160,120,248,153,95,269,136,133,259,136,123
1757,C4920,15,0,State-MIZORAM,Total,40-49,2119,1147,972,250,142,108,452,241,211,172,85,87,306,190,116,232,111,121,181,84,97,246,144,102,280,150,130
1758,C4920,15,0,State-MIZORAM,Total,50-59,1940,1048,892,256,152,104,505,261,244,172,88,84,247,151,96,171,80,91,118,52,66,182,107,75,289,157,132
1759,C4920,15,0,State-MIZORAM,Total,60-69,1385,739,646,210,104,106,423,242,181,79,37,42,207,128,79,92,48,44,64,28,36,114,60,54,196,92,104
1760,C4920,15,0,State-MIZORAM,Total,70-79,933,462,471,148,62,86,348,200,148,32,9,23,126,60,66,39,12,27,25,9,16,81,45,36,134,65,69
1761,C4920,15,0,State-MIZORAM,Total,80-89,466,241,225,85,34,51,197,122,75,10,6,4,60,27,33,14,7,7,7,3,4,24,11,13,69,31,38
1762,C4920,15,0,State-MIZORAM,Total,90+,93,39,54,11,6,5,49,22,27,0,0,0,4,1,3,1,1,0,1,1,0,4,2,2,23,6,17
1763,C4920,15,0,State-MIZORAM,Total,Age Not Stated,51,37,14,4,3,1,1,0,1,1,0,1,1,1,0,3,3,0,38,29,9,2,1,1,1,0,1
1764,C4920,15,0,State-MIZORAM,Rural,Total,8627,4584,4043,1237,669,568,1989,1055,934,735,399,336,1141,651,490,776,410,366,423,197,226,1121,588,533,1205,615,590
1765,C4920,15,0,State-MIZORAM,Rural,0-4,306,164,142,43,17,26,54,31,23,11,4,7,39,26,13,17,9,8,3,2,1,101,56,45,38,19,19
1766,C4920,15,0,State-MIZORAM,Rural,5-9,571,321,250,91,49,42,91,48,43,63,36,27,65,37,28,47,31,16,24,10,14,109,60,49,81,50,31
1767,C4920,15,0,State-MIZORAM,Rural,10-19,1278,721,557,184,107,77,219,124,95,146,91,55,160,92,68,152,81,71,70,39,31,173,96,77,174,91,83
1768,C4920,15,0,State-MIZORAM,Rural,20-29,1237,622,615,136,75,61,219,102,117,120,66,54,175,92,83,171,88,83,72,41,31,192,79,113,152,79,73
1769,C4920,15,0,State-MIZORAM,Rural,30-39,1146,613,533,162,93,69,231,116,115,105,54,51,137,84,53,132,76,56,76,36,40,148,73,75,155,81,74
1770,C4920,15,0,State-MIZORAM,Rural,40-49,1176,635,541,154,89,65,256,134,122,104,56,48,171,100,71,106,52,54,76,32,44,143,83,60,166,89,77
1771,C4920,15,0,State-MIZORAM,Rural,50-59,1137,605,532,164,100,64,301,148,153,111,59,52,150,90,60,76,36,40,51,19,32,115,69,46,169,84,85
1772,C4920,15,0,State-MIZORAM,Rural,60-69,851,455,396,146,70,76,261,153,108,50,23,27,128,79,49,45,25,20,35,13,22,71,38,33,115,54,61
1773,C4920,15,0,State-MIZORAM,Rural,70-79,581,281,300,95,42,53,218,122,96,19,6,13,78,36,42,20,6,14,12,4,8,50,25,25,89,40,49
1774,C4920,15,0,State-MIZORAM,Rural,80-89,285,143,142,54,23,31,112,65,47,6,4,2,36,14,22,8,4,4,3,1,2,17,8,9,49,24,25
1775,C4920,15,0,State-MIZORAM,Rural,90+,53,20,33,6,3,3,27,12,15,0,0,0,2,1,1,0,0,0,0,0,0,1,0,1,17,4,13
1776,C4920,15,0,State-MIZORAM,Rural,Age Not Stated,6,4,2,2,1,1,0,0,0,0,0,0,0,0,0,2,2,0,1,0,1,1,1,0,0,0,0
1777,C4920,15,0,State-MIZORAM,Urban,Total,6533,3614,2919,798,418,380,1365,773,592,428,202,226,835,511,324,809,433,376,627,379,248,793,421,372,878,477,401
1778,C4920,15,0,State-MIZORAM,Urban,0-4,235,124,111,39,21,18,39,22,17,5,3,2,24,12,12,15,8,7,4,4,0,83,39,44,26,15,11
1779,C4920,15,0,State-MIZORAM,Urban,5-9,417,238,179,68,42,26,62,35,27,49,25,24,33,19,14,45,30,15,13,9,4,64,34,30,83,44,39
1780,C4920,15,0,State-MIZORAM,Urban,10-19,941,504,437,138,72,66,144,74,70,70,42,28,90,48,42,150,82,68,66,31,35,134,69,65,149,86,63
1781,C4920,15,0,State-MIZORAM,Urban,20-29,995,568,427,119,60,59,141,84,57,63,27,36,135,83,52,156,92,64,116,81,35,136,70,66,129,71,58
1782,C4920,15,0,State-MIZORAM,Urban,30-39,1047,610,437,91,48,43,179,104,75,65,28,37,167,111,56,148,84,64,172,117,55,121,63,58,104,55,49
1783,C4920,15,0,State-MIZORAM,Urban,40-49,943,512,431,96,53,43,196,107,89,68,29,39,135,90,45,126,59,67,105,52,53,103,61,42,114,61,53
1784,C4920,15,0,State-MIZORAM,Urban,50-59,803,443,360,92,52,40,204,113,91,61,29,32,97,61,36,95,44,51,67,33,34,67,38,29,120,73,47
1785,C4920,15,0,State-MIZORAM,Urban,60-69,534,284,250,64,34,30,162,89,73,29,14,15,79,49,30,47,23,24,29,15,14,43,22,21,81,38,43
1786,C4920,15,0,State-MIZORAM,Urban,70-79,352,181,171,53,20,33,130,78,52,13,3,10,48,24,24,19,6,13,13,5,8,31,20,11,45,25,20
1787,C4920,15,0,State-MIZORAM,Urban,80-89,181,98,83,31,11,20,85,57,28,4,2,2,24,13,11,6,3,3,4,2,2,7,3,4,20,7,13
1788,C4920,15,0,State-MIZORAM,Urban,90+,40,19,21,5,3,2,22,10,12,0,0,0,2,0,2,1,1,0,1,1,0,3,2,1,6,2,4
1789,C4920,15,0,State-MIZORAM,Urban,Age Not Stated,45,33,12,2,2,0,1,0,1,1,0,1,1,1,0,1,1,0,37,29,8,1,0,1,1,0,1
1790,C4920,16,0,State-TRIPURA,Total,Total,64346,35482,28864,10828,5512,5316,11695,6382,5313,4567,2538,2029,11707,7126,4581,4307,2358,1949,2909,1583,1326,11825,6505,5320,6508,3478,3030
1791,C4920,16,0,State-TRIPURA,Total,0-4,2631,1382,1249,326,164,162,504,259,245,89,41,48,300,172,128,141,83,58,20,10,10,1027,516,511,224,137,87
1792,C4920,16,0,State-TRIPURA,Total,5-9,4114,2311,1803,480,263,217,600,324,276,493,288,205,534,316,218,218,126,92,76,37,39,1159,631,528,554,326,228
1793,C4920,16,0,State-TRIPURA,Total,10-19,9764,5412,4352,1289,704,585,1517,804,713,1068,608,460,1490,845,645,805,453,352,342,202,140,1997,1048,949,1256,748,508
1794,C4920,16,0,State-TRIPURA,Total,20-29,10410,5899,4511,1211,659,552,1834,1054,780,1010,552,458,1887,1153,734,885,459,426,503,307,196,2111,1177,934,969,538,431
1795,C4920,16,0,State-TRIPURA,Total,30-39,9070,5351,3719,1202,689,513,1773,1087,686,718,379,339,1622,1082,540,795,447,348,587,347,240,1723,969,754,650,351,299
1796,C4920,16,0,State-TRIPURA,Total,40-49,8413,4942,3471,1392,799,593,1615,929,686,539,299,240,1586,1074,512,692,385,307,596,306,290,1448,845,603,545,305,240
1797,C4920,16,0,State-TRIPURA,Total,50-59,6573,3821,2752,1296,677,619,1188,641,547,332,195,137,1432,996,436,416,237,179,376,177,199,1075,629,446,458,269,189
1798,C4920,16,0,State-TRIPURA,Total,60-69,5750,2954,2796,1498,640,858,1149,569,580,194,116,78,1257,739,518,252,127,125,213,113,100,688,393,295,499,257,242
1799,C4920,16,0,State-TRIPURA,Total,70-79,4369,2068,2301,1259,542,717,907,448,459,84,47,37,933,475,458,57,27,30,116,51,65,391,201,190,622,277,345
1800,C4920,16,0,State-TRIPURA,Total,80-89,2211,958,1253,630,277,353,419,188,231,25,7,18,463,202,261,29,9,20,52,28,24,143,72,71,450,175,275
1801,C4920,16,0,State-TRIPURA,Total,90+,994,360,634,237,91,146,181,72,109,13,6,7,198,70,128,11,3,8,24,4,20,54,21,33,276,93,183
1802,C4920,16,0,State-TRIPURA,Total,Age Not Stated,47,24,23,8,7,1,8,7,1,2,0,2,5,2,3,6,2,4,4,1,3,9,3,6,5,2,3
1803,C4920,16,0,State-TRIPURA,Rural,Total,44942,24636,20306,7675,3913,3762,8585,4652,3933,3039,1702,1337,8015,4846,3169,3027,1640,1387,1865,993,872,8449,4611,3838,4287,2279,2008
1804,C4920,16,0,State-TRIPURA,Rural,0-4,2067,1087,980,281,141,140,423,218,205,69,35,34,229,133,96,116,71,45,18,9,9,765,375,390,166,105,61
1805,C4920,16,0,State-TRIPURA,Rural,5-9,3111,1743,1368,384,207,177,474,248,226,372,217,155,393,238,155,171,99,72,57,28,29,869,479,390,391,227,164
1806,C4920,16,0,State-TRIPURA,Rural,10-19,7190,3939,3251,927,494,433,1217,635,582,754,422,332,1137,642,495,576,321,255,234,131,103,1518,798,720,827,496,331
1807,C4920,16,0,State-TRIPURA,Rural,20-29,7374,4116,3258,869,463,406,1336,752,584,684,373,311,1356,829,527,633,325,308,333,193,140,1498,817,681,665,364,301
1808,C4920,16,0,State-TRIPURA,Rural,30-39,6244,3679,2565,853,494,359,1289,795,494,459,249,210,1078,716,362,545,301,244,379,227,152,1228,676,552,413,221,192
1809,C4920,16,0,State-TRIPURA,Rural,40-49,5531,3268,2263,925,550,375,1096,635,461,326,189,137,1027,692,335,464,257,207,375,186,189,978,576,402,340,183,157
1810,C4920,16,0,State-TRIPURA,Rural,50-59,4176,2405,1771,873,452,421,837,453,384,168,98,70,861,603,258,277,155,122,203,93,110,673,388,285,284,163,121
1811,C4920,16,0,State-TRIPURA,Rural,60-69,3884,1957,1927,1016,431,585,830,408,422,123,74,49,816,457,359,178,83,95,127,66,61,482,279,203,312,159,153
1812,C4920,16,0,State-TRIPURA,Rural,70-79,3036,1442,1594,897,389,508,644,310,334,56,34,22,658,341,317,37,18,19,78,34,44,280,145,135,386,171,215
1813,C4920,16,0,State-TRIPURA,Rural,80-89,1562,701,861,463,213,250,295,138,157,17,5,12,315,140,175,19,7,12,41,22,19,110,57,53,302,119,183
1814,C4920,16,0,State-TRIPURA,Rural,90+,738,281,457,180,73,107,138,55,83,11,6,5,143,54,89,8,2,6,18,3,15,42,19,23,198,69,129
1815,C4920,16,0,State-TRIPURA,Rural,Age Not Stated,29,18,11,7,6,1,6,5,1,0,0,0,2,1,1,3,1,2,2,1,1,6,2,4,3,2,1
1816,C4920,16,0,State-TRIPURA,Urban,Total,19404,10846,8558,3153,1599,1554,3110,1730,1380,1528,836,692,3692,2280,1412,1280,718,562,1044,590,454,3376,1894,1482,2221,1199,1022
1817,C4920,16,0,State-TRIPURA,Urban,0-4,564,295,269,45,23,22,81,41,40,20,6,14,71,39,32,25,12,13,2,1,1,262,141,121,58,32,26
1818,C4920,16,0,State-TRIPURA,Urban,5-9,1003,568,435,96,56,40,126,76,50,121,71,50,141,78,63,47,27,20,19,9,10,290,152,138,163,99,64
1819,C4920,16,0,State-TRIPURA,Urban,10-19,2574,1473,1101,362,210,152,300,169,131,314,186,128,353,203,150,229,132,97,108,71,37,479,250,229,429,252,177
1820,C4920,16,0,State-TRIPURA,Urban,20-29,3036,1783,1253,342,196,146,498,302,196,326,179,147,531,324,207,252,134,118,170,114,56,613,360,253,304,174,130
1821,C4920,16,0,State-TRIPURA,Urban,30-39,2826,1672,1154,349,195,154,484,292,192,259,130,129,544,366,178,250,146,104,208,120,88,495,293,202,237,130,107
1822,C4920,16,0,State-TRIPURA,Urban,40-49,2882,1674,1208,467,249,218,519,294,225,213,110,103,559,382,177,228,128,100,221,120,101,470,269,201,205,122,83
1823,C4920,16,0,State-TRIPURA,Urban,50-59,2397,1416,981,423,225,198,351,188,163,164,97,67,571,393,178,139,82,57,173,84,89,402,241,161,174,106,68
1824,C4920,16,0,State-TRIPURA,Urban,60-69,1866,997,869,482,209,273,319,161,158,71,42,29,441,282,159,74,44,30,86,47,39,206,114,92,187,98,89
1825,C4920,16,0,State-TRIPURA,Urban,70-79,1333,626,707,362,153,209,263,138,125,28,13,15,275,134,141,20,9,11,38,17,21,111,56,55,236,106,130
1826,C4920,16,0,State-TRIPURA,Urban,80-89,649,257,392,167,64,103,124,50,74,8,2,6,148,62,86,10,2,8,11,6,5,33,15,18,148,56,92
1827,C4920,16,0,State-TRIPURA,Urban,90+,256,79,177,57,18,39,43,17,26,2,0,2,55,16,39,3,1,2,6,1,5,12,2,10,78,24,54
1828,C4920,16,0,State-TRIPURA,Urban,Age Not Stated,18,6,12,1,1,0,2,2,0,2,0,2,3,1,2,3,1,2,2,0,2,3,1,2,2,0,2
1829,C4920,17,0,State-MEGHALAYA,Total,Total,44317,23326,20991,6980,3494,3486,12353,6551,5802,2707,1412,1295,5312,2998,2314,2332,1235,1097,2340,1174,1166,8717,4586,4131,3576,1876,1700
1830,C4920,17,0,State-MEGHALAYA,Total,0-4,3330,1729,1601,474,236,238,991,496,495,72,34,38,360,186,174,90,43,47,55,32,23,1036,549,487,252,153,99
1831,C4920,17,0,State-MEGHALAYA,Total,5-9,4459,2456,2003,642,348,294,1200,663,537,422,215,207,500,290,210,172,94,78,133,81,52,963,512,451,427,253,174
1832,C4920,17,0,State-MEGHALAYA,Total,10-19,9624,5101,4523,1297,671,626,2649,1422,1227,748,405,343,1095,617,478,635,325,310,528,281,247,1817,933,884,855,447,408
1833,C4920,17,0,State-MEGHALAYA,Total,20-29,7362,3898,3464,853,447,406,1951,1040,911,513,259,254,954,527,427,546,306,240,499,272,227,1502,771,731,544,276,268
1834,C4920,17,0,State-MEGHALAYA,Total,30-39,5281,2748,2533,642,314,328,1394,712,682,401,202,199,610,353,257,369,207,162,439,207,232,1089,563,526,337,190,147
1835,C4920,17,0,State-MEGHALAYA,Total,40-49,4882,2596,2286,818,417,401,1275,683,592,279,154,125,590,360,230,239,121,118,353,172,181,993,527,466,335,162,173
1836,C4920,17,0,State-MEGHALAYA,Total,50-59,3557,1848,1709,832,426,406,990,512,478,138,72,66,445,258,187,160,79,81,176,63,113,594,330,264,222,108,114
1837,C4920,17,0,State-MEGHALAYA,Total,60-69,2969,1524,1445,761,342,419,838,424,414,78,48,30,409,245,164,77,41,36,100,46,54,452,255,197,254,123,131
1838,C4920,17,0,State-MEGHALAYA,Total,70-79,1618,774,844,427,191,236,490,232,258,39,17,22,232,120,112,26,11,15,39,12,27,171,99,72,194,92,102
1839,C4920,17,0,State-MEGHALAYA,Total,80-89,633,279,354,165,70,95,202,96,106,8,2,6,82,32,50,10,5,5,9,4,5,57,28,29,100,42,58
1840,C4920,17,0,State-MEGHALAYA,Total,90+,240,95,145,55,24,31,71,26,45,6,3,3,28,7,21,2,1,1,5,1,4,29,12,17,44,21,23
1841,C4920,17,0,State-MEGHALAYA,Total,Age Not Stated,362,278,84,14,8,6,302,245,57,3,1,2,7,3,4,6,2,4,4,3,1,14,7,7,12,9,3
1842,C4920,17,0,State-MEGHALAYA,Rural,Total,37566,19576,17990,6069,3026,3043,10602,5496,5106,2329,1228,1101,4500,2535,1965,1788,928,860,1881,922,959,7360,3844,3516,3037,1597,1440
1843,C4920,17,0,State-MEGHALAYA,Rural,0-4,3018,1573,1445,433,218,215,912,453,459,62,30,32,314,165,149,73,34,39,47,28,19,950,506,444,227,139,88
1844,C4920,17,0,State-MEGHALAYA,Rural,5-9,3968,2208,1760,582,320,262,1088,612,476,370,188,182,440,256,184,151,86,65,119,73,46,864,464,400,354,209,145
1845,C4920,17,0,State-MEGHALAYA,Rural,10-19,8182,4319,3863,1109,575,534,2297,1212,1085,639,350,289,937,522,415,494,258,236,428,221,207,1565,809,756,713,372,341
1846,C4920,17,0,State-MEGHALAYA,Rural,20-29,6006,3108,2898,717,367,350,1594,805,789,448,230,218,801,448,353,388,204,184,398,215,183,1207,607,600,453,232,221
1847,C4920,17,0,State-MEGHALAYA,Rural,30-39,4386,2260,2126,533,258,275,1211,617,594,340,175,165,510,291,219,270,147,123,353,157,196,884,452,432,285,163,122
1848,C4920,17,0,State-MEGHALAYA,Rural,40-49,4098,2179,1919,700,365,335,1091,582,509,237,134,103,492,299,193,192,97,95,272,132,140,827,427,400,287,143,144
1849,C4920,17,0,State-MEGHALAYA,Rural,50-59,3047,1550,1497,733,363,370,885,459,426,114,61,53,374,216,158,124,55,69,140,45,95,490,266,224,187,85,102
1850,C4920,17,0,State-MEGHALAYA,Rural,60-69,2549,1292,1257,678,297,381,745,383,362,67,39,28,345,206,139,64,34,30,79,35,44,349,191,158,222,107,115
1851,C4920,17,0,State-MEGHALAYA,Rural,70-79,1394,668,726,371,168,203,431,207,224,36,15,21,194,96,98,20,7,13,33,9,24,139,84,55,170,82,88
1852,C4920,17,0,State-MEGHALAYA,Rural,80-89,539,240,299,149,65,84,170,81,89,7,2,5,67,26,41,6,4,2,5,4,1,47,21,26,88,37,51
1853,C4920,17,0,State-MEGHALAYA,Rural,90+,209,91,118,52,23,29,61,25,36,6,3,3,20,7,13,1,1,0,4,1,3,25,11,14,40,20,20
1854,C4920,17,0,State-MEGHALAYA,Rural,Age Not Stated,170,88,82,12,7,5,117,60,57,3,1,2,6,3,3,5,1,4,3,2,1,13,6,7,11,8,3
1855,C4920,17,0,State-MEGHALAYA,Urban,Total,6751,3750,3001,911,468,443,1751,1055,696,378,184,194,812,463,349,544,307,237,459,252,207,1357,742,615,539,279,260
1856,C4920,17,0,State-MEGHALAYA,Urban,0-4,312,156,156,41,18,23,79,43,36,10,4,6,46,21,25,17,9,8,8,4,4,86,43,43,25,14,11
1857,C4920,17,0,State-MEGHALAYA,Urban,5-9,491,248,243,60,28,32,112,51,61,52,27,25,60,34,26,21,8,13,14,8,6,99,48,51,73,44,29
1858,C4920,17,0,State-MEGHALAYA,Urban,10-19,1442,782,660,188,96,92,352,210,142,109,55,54,158,95,63,141,67,74,100,60,40,252,124,128,142,75,67
1859,C4920,17,0,State-MEGHALAYA,Urban,20-29,1356,790,566,136,80,56,357,235,122,65,29,36,153,79,74,158,102,56,101,57,44,295,164,131,91,44,47
1860,C4920,17,0,State-MEGHALAYA,Urban,30-39,895,488,407,109,56,53,183,95,88,61,27,34,100,62,38,99,60,39,86,50,36,205,111,94,52,27,25
1861,C4920,17,0,State-MEGHALAYA,Urban,40-49,784,417,367,118,52,66,184,101,83,42,20,22,98,61,37,47,24,23,81,40,41,166,100,66,48,19,29
1862,C4920,17,0,State-MEGHALAYA,Urban,50-59,510,298,212,99,63,36,105,53,52,24,11,13,71,42,29,36,24,12,36,18,18,104,64,40,35,23,12
1863,C4920,17,0,State-MEGHALAYA,Urban,60-69,420,232,188,83,45,38,93,41,52,11,9,2,64,39,25,13,7,6,21,11,10,103,64,39,32,16,16
1864,C4920,17,0,State-MEGHALAYA,Urban,70-79,224,106,118,56,23,33,59,25,34,3,2,1,38,24,14,6,4,2,6,3,3,32,15,17,24,10,14
1865,C4920,17,0,State-MEGHALAYA,Urban,80-89,94,39,55,16,5,11,32,15,17,1,0,1,15,6,9,4,1,3,4,0,4,10,7,3,12,5,7
1866,C4920,17,0,State-MEGHALAYA,Urban,90+,31,4,27,3,1,2,10,1,9,0,0,0,8,0,8,1,0,1,1,0,1,4,1,3,4,1,3
1867,C4920,17,0,State-MEGHALAYA,Urban,Age Not Stated,192,190,2,2,1,1,185,185,0,0,0,0,1,0,1,1,1,0,1,1,0,1,1,0,1,1,0
1868,C4920,18,0,State-ASSAM,Total,Total,480065,257385,222680,80553,41052,39501,101577,51782,49795,39750,21885,17865,76007,45099,30908,26374,14864,11510,18819,10625,8194,87461,46525,40936,49524,25553,23971
1869,C4920,18,0,State-ASSAM,Total,0-4,22587,12002,10585,3852,1993,1859,5092,2589,2503,622,366,256,2592,1507,1085,1041,545,496,158,86,72,7505,3932,3573,1725,984,741
1870,C4920,18,0,State-ASSAM,Total,5-9,35211,19190,16021,5253,2787,2466,7804,3936,3868,4701,2677,2024,4125,2482,1643,1691,947,744,457,280,177,7719,4061,3658,3461,2020,1441
1871,C4920,18,0,State-ASSAM,Total,10-19,76681,42041,34640,10873,5826,5047,15848,8293,7555,9607,5354,4253,9943,5867,4076,5025,2830,2195,2195,1239,956,15500,8328,7172,7690,4304,3386
1872,C4920,18,0,State-ASSAM,Total,20-29,69749,37982,31767,8942,4763,4179,13606,6924,6682,8065,4192,3873,9915,6250,3665,5160,2916,2244,3148,1904,1244,14542,7507,7035,6371,3526,2845
1873,C4920,18,0,State-ASSAM,Total,30-39,62662,34941,27721,8380,4530,3850,12569,6520,6049,6431,3476,2955,8970,5787,3183,4910,2837,2073,3998,2384,1614,12412,6648,5764,4992,2759,2233
1874,C4920,18,0,State-ASSAM,Total,40-49,57728,32989,24739,9229,4940,4289,12135,6512,5623,4530,2551,1979,9341,6183,3158,3941,2315,1626,3618,2061,1557,10623,6043,4580,4311,2384,1927
1875,C4920,18,0,State-ASSAM,Total,50-59,47178,26075,21103,9703,4860,4843,10189,5330,4859,2783,1590,1193,8800,5685,3115,2303,1311,992,2201,1182,1019,7366,4070,3296,3833,2047,1786
1876,C4920,18,0,State-ASSAM,Total,60-69,49075,24257,24818,11657,5375,6282,11185,5254,5931,1833,1041,792,9799,5400,4399,1362,697,665,1567,794,773,6106,3101,3005,5566,2595,2971
1877,C4920,18,0,State-ASSAM,Total,70-79,36350,17318,19032,8349,3979,4370,8342,4023,4319,831,455,376,7615,3759,3856,619,311,308,961,435,526,3688,1845,1843,5945,2511,3434
1878,C4920,18,0,State-ASSAM,Total,80-89,15779,7330,8449,3218,1504,1714,3351,1690,1661,217,114,103,3470,1535,1935,206,93,113,354,178,176,1328,641,687,3635,1575,2060
1879,C4920,18,0,State-ASSAM,Total,90+,6478,2963,3515,1040,473,567,1226,595,631,93,49,44,1397,618,779,81,45,36,146,73,73,542,282,260,1953,828,1125
1880,C4920,18,0,State-ASSAM,Total,Age Not Stated,587,297,290,57,22,35,230,116,114,37,20,17,40,26,14,35,17,18,16,9,7,130,67,63,42,20,22
1881,C4920,18,0,State-ASSAM,Rural,Total,415457,222422,193035,70574,35952,34622,89057,45552,43505,34498,18944,15554,66866,39551,27315,22416,12519,9897,16014,8908,7106,72044,38395,33649,43988,22601,21387
1882,C4920,18,0,State-ASSAM,Rural,0-4,20105,10683,9422,3469,1798,1671,4525,2298,2227,555,331,224,2375,1379,996,921,482,439,137,71,66,6588,3451,3137,1535,873,662
1883,C4920,18,0,State-ASSAM,Rural,5-9,31283,17012,14271,4743,2514,2229,7018,3523,3495,4206,2401,1805,3752,2249,1503,1457,808,649,411,249,162,6658,3510,3148,3038,1758,1280
1884,C4920,18,0,State-ASSAM,Rural,10-19,66958,36812,30146,9606,5154,4452,13912,7310,6602,8468,4727,3741,8957,5289,3668,4271,2372,1899,1919,1070,849,13087,7112,5975,6738,3778,2960
1885,C4920,18,0,State-ASSAM,Rural,20-29,58904,32067,26837,7632,4067,3565,11603,5892,5711,6951,3597,3354,8771,5547,3224,4316,2420,1896,2620,1561,1059,11485,5958,5527,5526,3025,2501
1886,C4920,18,0,State-ASSAM,Rural,30-39,52831,29533,23298,7063,3826,3237,10636,5565,5071,5540,2993,2547,7821,5030,2791,4173,2396,1777,3358,1967,1391,9842,5309,4533,4398,2447,1951
1887,C4920,18,0,State-ASSAM,Rural,40-49,48905,27874,21031,7836,4204,3632,10513,5703,4810,3837,2146,1691,8038,5283,2755,3346,1932,1414,3048,1709,1339,8482,4785,3697,3805,2112,1693
1888,C4920,18,0,State-ASSAM,Rural,50-59,40483,22192,18291,8424,4185,4239,9044,4757,4287,2366,1331,1035,7565,4822,2743,1953,1093,860,1867,973,894,5894,3242,2652,3370,1789,1581
1889,C4920,18,0,State-ASSAM,Rural,60-69,43338,21309,22029,10406,4791,5615,10098,4746,5352,1545,866,679,8568,4697,3871,1170,600,570,1355,694,661,5159,2579,2580,5037,2336,2701
1890,C4920,18,0,State-ASSAM,Rural,70-79,32368,15456,16912,7543,3616,3927,7476,3626,3850,730,393,337,6670,3303,3367,538,280,258,849,391,458,3155,1589,1566,5407,2258,3149
1891,C4920,18,0,State-ASSAM,Rural,80-89,13939,6522,7417,2856,1342,1514,2958,1504,1454,193,102,91,3040,1352,1688,174,83,91,300,147,153,1123,548,575,3295,1444,1851
1892,C4920,18,0,State-ASSAM,Rural,90+,5882,2726,3156,951,438,513,1079,532,547,81,45,36,1279,580,699,74,41,33,137,68,69,476,257,219,1805,765,1040
1893,C4920,18,0,State-ASSAM,Rural,Age Not Stated,461,236,225,45,17,28,195,96,99,26,12,14,30,20,10,23,12,11,13,8,5,95,55,40,34,16,18
1894,C4920,18,0,State-ASSAM,Urban,Total,64608,34963,29645,9979,5100,4879,12520,6230,6290,5252,2941,2311,9141,5548,3593,3958,2345,1613,2805,1717,1088,15417,8130,7287,5536,2952,2584
1895,C4920,18,0,State-ASSAM,Urban,0-4,2482,1319,1163,383,195,188,567,291,276,67,35,32,217,128,89,120,63,57,21,15,6,917,481,436,190,111,79
1896,C4920,18,0,State-ASSAM,Urban,5-9,3928,2178,1750,510,273,237,786,413,373,495,276,219,373,233,140,234,139,95,46,31,15,1061,551,510,423,262,161
1897,C4920,18,0,State-ASSAM,Urban,10-19,9723,5229,4494,1267,672,595,1936,983,953,1139,627,512,986,578,408,754,458,296,276,169,107,2413,1216,1197,952,526,426
1898,C4920,18,0,State-ASSAM,Urban,20-29,10845,5915,4930,1310,696,614,2003,1032,971,1114,595,519,1144,703,441,844,496,348,528,343,185,3057,1549,1508,845,501,344
1899,C4920,18,0,State-ASSAM,Urban,30-39,9831,5408,4423,1317,704,613,1933,955,978,891,483,408,1149,757,392,737,441,296,640,417,223,2570,1339,1231,594,312,282
1900,C4920,18,0,State-ASSAM,Urban,40-49,8823,5115,3708,1393,736,657,1622,809,813,693,405,288,1303,900,403,595,383,212,570,352,218,2141,1258,883,506,272,234
1901,C4920,18,0,State-ASSAM,Urban,50-59,6695,3883,2812,1279,675,604,1145,573,572,417,259,158,1235,863,372,350,218,132,334,209,125,1472,828,644,463,258,205
1902,C4920,18,0,State-ASSAM,Urban,60-69,5737,2948,2789,1251,584,667,1087,508,579,288,175,113,1231,703,528,192,97,95,212,100,112,947,522,425,529,259,270
1903,C4920,18,0,State-ASSAM,Urban,70-79,3982,1862,2120,806,363,443,866,397,469,101,62,39,945,456,489,81,31,50,112,44,68,533,256,277,538,253,285
1904,C4920,18,0,State-ASSAM,Urban,80-89,1840,808,1032,362,162,200,393,186,207,24,12,12,430,183,247,32,10,22,54,31,23,205,93,112,340,131,209
1905,C4920,18,0,State-ASSAM,Urban,90+,596,237,359,89,35,54,147,63,84,12,4,8,118,38,80,7,4,3,9,5,4,66,25,41,148,63,85
1906,C4920,18,0,State-ASSAM,Urban,Age Not Stated,126,61,65,12,5,7,35,20,15,11,8,3,10,6,4,12,5,7,3,1,2,35,12,23,8,4,4
1907,C4920,19,0,State-WEST BENGAL,Total,Total,2017406,1127181,890225,424473,223325,201148,315192,165753,149439,147336,81255,66081,322945,204942,118003,136523,76270,60253,71515,40745,30770,402921,228263,174658,196501,106628,89873
1908,C4920,19,0,State-WEST BENGAL,Total,0-4,82491,43841,38650,17639,9071,8568,14260,7220,7040,2359,1337,1022,8029,4726,3303,4087,2140,1947,687,400,287,28155,14783,13372,7275,4164,3111
1909,C4920,19,0,State-WEST BENGAL,Total,5-9,132038,72742,59296,23245,12379,10866,19725,10273,9452,16087,9041,7046,13426,8143,5283,9022,5076,3946,2627,1578,1049,31479,16773,14706,16427,9479,6948
1910,C4920,19,0,State-WEST BENGAL,Total,10-19,334013,185773,148240,59293,31948,27345,49354,25701,23653,34720,19235,15485,42751,25893,16858,30021,16630,13391,10869,6349,4520,68164,37721,30443,38841,22296,16545
1911,C4920,19,0,State-WEST BENGAL,Total,20-29,319203,181629,137574,54386,30075,24311,46645,24469,22176,27508,14821,12687,49373,31770,17603,27342,15307,12035,12841,7783,5058,73105,41529,31576,28003,15875,12128
1912,C4920,19,0,State-WEST BENGAL,Total,30-39,281601,161631,119970,52910,29097,23813,43810,23274,20536,22376,11995,10381,43803,29376,14427,23455,13175,10280,13668,7982,5686,60913,35143,25770,20666,11589,9077
1913,C4920,19,0,State-WEST BENGAL,Total,40-49,277116,162907,114209,60181,32803,27378,43532,23857,19675,19576,11041,8535,46703,32473,14230,19729,11359,8370,12742,7317,5425,55696,33182,22514,18957,10875,8082
1914,C4920,19,0,State-WEST BENGAL,Total,50-59,222050,129857,92193,55265,29577,25688,35171,19469,15702,12141,6962,5179,43145,29371,13774,11809,6734,5075,8564,4665,3899,39876,23900,15976,16079,9179,6900
1915,C4920,19,0,State-WEST BENGAL,Total,60-69,192803,103419,89384,53553,26111,27442,32001,16266,15735,7613,4263,3350,40665,25108,15557,6854,3723,3131,5544,2782,2762,26820,15252,11568,19753,9914,9839
1916,C4920,19,0,State-WEST BENGAL,Total,70-79,115677,57575,58102,32758,15334,17424,20211,10139,10072,3339,1733,1606,23713,12689,11024,2815,1437,1378,2689,1335,1354,12494,6829,5665,17658,8079,9579
1917,C4920,19,0,State-WEST BENGAL,Total,80-89,43062,20229,22833,11162,5114,6048,7512,3730,3782,966,489,477,8650,4249,4401,832,416,416,937,406,531,3933,1975,1958,9070,3850,5220
1918,C4920,19,0,State-WEST BENGAL,Total,90+,14350,5913,8437,3386,1440,1946,2385,1056,1329,421,212,209,2426,983,1443,343,161,182,275,110,165,1508,714,794,3606,1237,2369
1919,C4920,19,0,State-WEST BENGAL,Total,Age Not Stated,3002,1665,1337,695,376,319,586,299,287,230,126,104,261,161,100,214,112,102,72,38,34,778,462,316,166,91,75
1920,C4920,19,0,State-WEST BENGAL,Rural,Total,1368942,768621,600321,277366,145670,131696,200419,105505,94914,94298,52419,41879,239059,152327,86732,92526,51475,41051,49881,28075,21806,262727,150461,112266,152666,82689,69977
1921,C4920,19,0,State-WEST BENGAL,Rural,0-4,57609,30840,26769,11514,5917,5597,8906,4527,4379,1762,987,775,6464,3776,2688,2775,1467,1308,507,298,209,19829,10500,9329,5852,3368,2484
1922,C4920,19,0,State-WEST BENGAL,Rural,5-9,95672,53008,42664,15644,8343,7301,13051,6764,6287,11916,6777,5139,10786,6567,4219,6497,3686,2811,2019,1204,815,22616,12133,10483,13143,7534,5609
1923,C4920,19,0,State-WEST BENGAL,Rural,10-19,239370,134022,105348,39741,21580,18161,32609,17181,15428,24829,13823,11006,33929,20468,13461,21816,12037,9779,7970,4590,3380,47653,26676,20977,30823,17667,13156
1924,C4920,19,0,State-WEST BENGAL,Rural,20-29,210621,121229,89392,33273,18796,14477,27811,14782,13029,17508,9552,7956,37387,24121,13266,18746,10327,8419,9107,5453,3654,45561,26171,19390,21228,12027,9201
1925,C4920,19,0,State-WEST BENGAL,Rural,30-39,182909,106001,76908,31952,17607,14345,26229,13972,12257,13440,7279,6161,31976,21590,10386,15577,8751,6826,9394,5333,4061,38899,22809,16090,15442,8660,6782
1926,C4920,19,0,State-WEST BENGAL,Rural,40-49,182490,108291,74199,38103,20884,17219,27311,15015,12296,11509,6524,4985,33830,23659,10171,12856,7364,5492,8772,4929,3843,35592,21606,13986,14517,8310,6207
1927,C4920,19,0,State-WEST BENGAL,Rural,50-59,145178,85622,59556,35649,19002,16647,22230,12336,9894,6680,3859,2821,30635,21058,9577,7393,4245,3148,5785,3152,2633,24729,15059,9670,12077,6911,5166
1928,C4920,19,0,State-WEST BENGAL,Rural,60-69,133834,71420,62414,37476,18005,19471,21840,10974,10866,4182,2362,1820,29634,18400,11234,4440,2380,2060,3767,1907,1860,16787,9607,7180,15708,7785,7923
1929,C4920,19,0,State-WEST BENGAL,Rural,70-79,80682,39612,41070,23437,10742,12695,13725,6729,6996,1708,870,838,16689,8988,7701,1697,840,857,1802,891,911,7593,4130,3463,14031,6422,7609
1930,C4920,19,0,State-WEST BENGAL,Rural,80-89,29475,13802,15673,7926,3654,4272,4909,2398,2511,468,237,231,5899,2910,2989,467,238,229,552,231,321,2251,1139,1112,7003,2995,4008
1931,C4920,19,0,State-WEST BENGAL,Rural,90+,9678,3978,5700,2351,975,1376,1529,686,843,201,99,102,1670,695,975,188,97,91,168,68,100,839,405,434,2732,953,1779
1932,C4920,19,0,State-WEST BENGAL,Rural,Age Not Stated,1424,796,628,300,165,135,269,141,128,95,50,45,160,95,65,74,43,31,38,19,19,378,226,152,110,57,53
1933,C4920,19,0,State-WEST BENGAL,Urban,Total,648464,358560,289904,147107,77655,69452,114773,60248,54525,53038,28836,24202,83886,52615,31271,43997,24795,19202,21634,12670,8964,140194,77802,62392,43835,23939,19896
1934,C4920,19,0,State-WEST BENGAL,Urban,0-4,24882,13001,11881,6125,3154,2971,5354,2693,2661,597,350,247,1565,950,615,1312,673,639,180,102,78,8326,4283,4043,1423,796,627
1935,C4920,19,0,State-WEST BENGAL,Urban,5-9,36366,19734,16632,7601,4036,3565,6674,3509,3165,4171,2264,1907,2640,1576,1064,2525,1390,1135,608,374,234,8863,4640,4223,3284,1945,1339
1936,C4920,19,0,State-WEST BENGAL,Urban,10-19,94643,51751,42892,19552,10368,9184,16745,8520,8225,9891,5412,4479,8822,5425,3397,8205,4593,3612,2899,1759,1140,20511,11045,9466,8018,4629,3389
1937,C4920,19,0,State-WEST BENGAL,Urban,20-29,108582,60400,48182,21113,11279,9834,18834,9687,9147,10000,5269,4731,11986,7649,4337,8596,4980,3616,3734,2330,1404,27544,15358,12186,6775,3848,2927
1938,C4920,19,0,State-WEST BENGAL,Urban,30-39,98692,55630,43062,20958,11490,9468,17581,9302,8279,8936,4716,4220,11827,7786,4041,7878,4424,3454,4274,2649,1625,22014,12334,9680,5224,2929,2295
1939,C4920,19,0,State-WEST BENGAL,Urban,40-49,94626,54616,40010,22078,11919,10159,16221,8842,7379,8067,4517,3550,12873,8814,4059,6873,3995,2878,3970,2388,1582,20104,11576,8528,4440,2565,1875
1940,C4920,19,0,State-WEST BENGAL,Urban,50-59,76872,44235,32637,19616,10575,9041,12941,7133,5808,5461,3103,2358,12510,8313,4197,4416,2489,1927,2779,1513,1266,15147,8841,6306,4002,2268,1734
1941,C4920,19,0,State-WEST BENGAL,Urban,60-69,58969,31999,26970,16077,8106,7971,10161,5292,4869,3431,1901,1530,11031,6708,4323,2414,1343,1071,1777,875,902,10033,5645,4388,4045,2129,1916
1942,C4920,19,0,State-WEST BENGAL,Urban,70-79,34995,17963,17032,9321,4592,4729,6486,3410,3076,1631,863,768,7024,3701,3323,1118,597,521,887,444,443,4901,2699,2202,3627,1657,1970
1943,C4920,19,0,State-WEST BENGAL,Urban,80-89,13587,6427,7160,3236,1460,1776,2603,1332,1271,498,252,246,2751,1339,1412,365,178,187,385,175,210,1682,836,846,2067,855,1212
1944,C4920,19,0,State-WEST BENGAL,Urban,90+,4672,1935,2737,1035,465,570,856,370,486,220,113,107,756,288,468,155,64,91,107,42,65,669,309,360,874,284,590
1945,C4920,19,0,State-WEST BENGAL,Urban,Age Not Stated,1578,869,709,395,211,184,317,158,159,135,76,59,101,66,35,140,69,71,34,19,15,400,236,164,56,34,22
1946,C4920,20,0,State-JHARKHAND,Total,Total,769980,426876,343104,180721,96042,84679,165861,88142,77719,46684,26169,20515,147892,89103,58789,37458,21601,15857,20157,11718,8439,112372,62136,50236,58835,31965,26870
1947,C4920,20,0,State-JHARKHAND,Total,0-4,46455,24406,22049,14154,7208,6946,12307,6329,5978,1057,582,475,3945,2324,1621,1545,822,723,292,173,119,10382,5417,4965,2773,1551,1222
1948,C4920,20,0,State-JHARKHAND,Total,5-9,67427,36416,31011,17628,9202,8426,15706,8058,7648,6578,3655,2923,6767,3978,2789,3631,2034,1597,984,568,416,10392,5530,4862,5741,3391,2350
1949,C4920,20,0,State-JHARKHAND,Total,10-19,144770,79989,64781,32509,17355,15154,29541,15824,13717,12669,6996,5673,23003,13582,9421,10276,5819,4457,3612,2060,1552,21142,11471,9671,12018,6882,5136
1950,C4920,20,0,State-JHARKHAND,Total,20-29,111923,63708,48215,23563,12732,10831,22810,12087,10723,8179,4589,3590,21510,13806,7704,7196,4195,3001,4151,2501,1650,17500,9697,7803,7014,4101,2913
1951,C4920,20,0,State-JHARKHAND,Total,30-39,95138,55563,39575,21067,11824,9243,20967,11512,9455,6451,3660,2791,16442,10900,5542,5675,3377,2298,3933,2373,1560,15718,8991,6727,4885,2926,1959
1952,C4920,20,0,State-JHARKHAND,Total,40-49,83172,49573,33599,18902,10952,7950,18137,10276,7861,4855,2797,2058,16656,10962,5694,4235,2594,1641,3270,1941,1329,13102,7646,5456,4015,2405,1610
1953,C4920,20,0,State-JHARKHAND,Total,50-59,70032,39482,30550,16818,9019,7799,15250,8211,7039,3067,1761,1306,16959,10437,6522,2422,1424,998,1924,1039,885,9594,5384,4210,3998,2207,1791
1954,C4920,20,0,State-JHARKHAND,Total,60-69,82083,42582,39501,20251,9934,10317,17438,8690,8748,2286,1289,997,22750,12659,10091,1658,882,776,1342,701,641,8822,4858,3964,7536,3569,3967
1955,C4920,20,0,State-JHARKHAND,Total,70-79,45933,23450,22483,11016,5428,5588,9227,4778,4449,964,531,433,13599,7215,6384,530,289,241,458,253,205,3555,1955,1600,6584,3001,3583
1956,C4920,20,0,State-JHARKHAND,Total,80-89,15218,7680,7538,3279,1624,1655,2883,1520,1363,279,153,126,4652,2437,2215,131,68,63,104,52,52,919,492,427,2971,1334,1637
1957,C4920,20,0,State-JHARKHAND,Total,90+,4450,2153,2297,855,402,453,793,425,368,66,37,29,1252,603,649,45,25,20,37,25,12,259,126,133,1143,510,633
1958,C4920,20,0,State-JHARKHAND,Total,Age Not Stated,3379,1874,1505,679,362,317,802,432,370,233,119,114,357,200,157,114,72,42,50,32,18,987,569,418,157,88,69
1959,C4920,20,0,State-JHARKHAND,Rural,Total,597544,328696,268848,142001,74799,67202,126741,66751,59990,34544,19305,15239,118928,71213,47715,28693,16360,12333,15161,8554,6607,83788,46183,37605,47688,25531,22157
1960,C4920,20,0,State-JHARKHAND,Rural,0-4,36824,19295,17529,11458,5802,5656,9612,4956,4656,816,443,373,3272,1929,1343,1236,652,584,228,129,99,7946,4120,3826,2256,1264,992
1961,C4920,20,0,State-JHARKHAND,Rural,5-9,53846,29001,24845,14243,7403,6840,12321,6293,6028,5220,2870,2350,5606,3308,2298,2956,1651,1305,805,469,336,8016,4246,3770,4679,2761,1918
1962,C4920,20,0,State-JHARKHAND,Rural,10-19,112045,61896,50149,24989,13304,11685,22433,12023,10410,9741,5407,4334,18696,11000,7696,8019,4517,3502,2784,1566,1218,15937,8684,7253,9446,5395,4051
1963,C4920,20,0,State-JHARKHAND,Rural,20-29,82009,46654,35355,17475,9374,8101,16264,8623,7641,5886,3320,2566,16565,10708,5857,5237,3035,2202,2940,1707,1233,12318,6810,5508,5324,3077,2247
1964,C4920,20,0,State-JHARKHAND,Rural,30-39,71067,41307,29760,15951,8929,7022,15297,8306,6991,4572,2594,1978,12837,8482,4355,4213,2454,1759,2847,1658,1189,11570,6637,4933,3780,2247,1533
1965,C4920,20,0,State-JHARKHAND,Rural,40-49,62533,37011,25522,14344,8305,6039,13401,7446,5955,3416,1953,1463,12899,8468,4431,3215,1930,1285,2498,1437,1061,9609,5608,4001,3151,1864,1287
1966,C4920,20,0,State-JHARKHAND,Rural,50-59,53765,29836,23929,13157,6958,6199,11703,6171,5532,2101,1187,914,13229,8057,5172,1830,1063,767,1471,772,699,7111,3917,3194,3163,1711,1452
1967,C4920,20,0,State-JHARKHAND,Rural,60-69,68296,34788,33508,17027,8181,8846,14576,7140,7436,1714,943,771,19063,10462,8601,1360,709,651,1103,558,545,7005,3827,3178,6448,2968,3480
1968,C4920,20,0,State-JHARKHAND,Rural,70-79,39041,19722,19319,9491,4621,4870,7785,4013,3772,715,378,337,11553,6090,5463,429,237,192,356,184,172,2926,1597,1329,5786,2602,3184
1969,C4920,20,0,State-JHARKHAND,Rural,80-89,12687,6418,6269,2761,1365,1396,2311,1222,1089,207,118,89,3951,2079,1872,103,54,49,82,45,37,697,380,317,2575,1155,1420
1970,C4920,20,0,State-JHARKHAND,Rural,90+,3730,1826,1904,712,345,367,641,351,290,47,29,18,1061,524,537,37,18,19,28,17,11,199,100,99,1005,442,563
1971,C4920,20,0,State-JHARKHAND,Rural,Age Not Stated,1701,942,759,393,212,181,397,207,190,109,63,46,196,106,90,58,40,18,19,12,7,454,257,197,75,45,30
1972,C4920,20,0,State-JHARKHAND,Urban,Total,172436,98180,74256,38720,21243,17477,39120,21391,17729,12140,6864,5276,28964,17890,11074,8765,5241,3524,4996,3164,1832,28584,15953,12631,11147,6434,4713
1973,C4920,20,0,State-JHARKHAND,Urban,0-4,9631,5111,4520,2696,1406,1290,2695,1373,1322,241,139,102,673,395,278,309,170,139,64,44,20,2436,1297,1139,517,287,230
1974,C4920,20,0,State-JHARKHAND,Urban,5-9,13581,7415,6166,3385,1799,1586,3385,1765,1620,1358,785,573,1161,670,491,675,383,292,179,99,80,2376,1284,1092,1062,630,432
1975,C4920,20,0,State-JHARKHAND,Urban,10-19,32725,18093,14632,7520,4051,3469,7108,3801,3307,2928,1589,1339,4307,2582,1725,2257,1302,955,828,494,334,5205,2787,2418,2572,1487,1085
1976,C4920,20,0,State-JHARKHAND,Urban,20-29,29914,17054,12860,6088,3358,2730,6546,3464,3082,2293,1269,1024,4945,3098,1847,1959,1160,799,1211,794,417,5182,2887,2295,1690,1024,666
1977,C4920,20,0,State-JHARKHAND,Urban,30-39,24071,14256,9815,5116,2895,2221,5670,3206,2464,1879,1066,813,3605,2418,1187,1462,923,539,1086,715,371,4148,2354,1794,1105,679,426
1978,C4920,20,0,State-JHARKHAND,Urban,40-49,20639,12562,8077,4558,2647,1911,4736,2830,1906,1439,844,595,3757,2494,1263,1020,664,356,772,504,268,3493,2038,1455,864,541,323
1979,C4920,20,0,State-JHARKHAND,Urban,50-59,16267,9646,6621,3661,2061,1600,3547,2040,1507,966,574,392,3730,2380,1350,592,361,231,453,267,186,2483,1467,1016,835,496,339
1980,C4920,20,0,State-JHARKHAND,Urban,60-69,13787,7794,5993,3224,1753,1471,2862,1550,1312,572,346,226,3687,2197,1490,298,173,125,239,143,96,1817,1031,786,1088,601,487
1981,C4920,20,0,State-JHARKHAND,Urban,70-79,6892,3728,3164,1525,807,718,1442,765,677,249,153,96,2046,1125,921,101,52,49,102,69,33,629,358,271,798,399,399
1982,C4920,20,0,State-JHARKHAND,Urban,80-89,2531,1262,1269,518,259,259,572,298,274,72,35,37,701,358,343,28,14,14,22,7,15,222,112,110,396,179,217
1983,C4920,20,0,State-JHARKHAND,Urban,90+,720,327,393,143,57,86,152,74,78,19,8,11,191,79,112,8,7,1,9,8,1,60,26,34,138,68,70
1984,C4920,20,0,State-JHARKHAND,Urban,Age Not Stated,1678,932,746,286,150,136,405,225,180,124,56,68,161,94,67,56,32,24,31,20,11,533,312,221,82,43,39
1985,C4920,21,0,State-ODISHA,Total,Total,1244402,674775,569627,263799,136851,126948,237858,123245,114613,68517,38506,30011,259899,152999,106900,72399,40320,32079,42837,22913,19924,172881,93980,78901,126212,65961,60251
1986,C4920,21,0,State-ODISHA,Total,0-4,50207,27003,23204,11929,6248,5681,10669,5466,5203,1268,728,540,5863,3380,2483,2494,1386,1108,348,196,152,13237,7022,6215,4399,2577,1822
1987,C4920,21,0,State-ODISHA,Total,5-9,83308,46211,37097,16309,8710,7599,15871,8214,7657,8227,4756,3471,9559,5719,3840,7537,4336,3201,1227,726,501,14259,7604,6655,10319,6146,4173
1988,C4920,21,0,State-ODISHA,Total,10-19,187834,103022,84812,36189,19260,16929,36215,18647,17568,15433,8539,6894,27018,15833,11185,18405,10638,7767,4398,2426,1972,29459,15812,13647,20717,11867,8850
1989,C4920,21,0,State-ODISHA,Total,20-29,166007,91296,74711,28284,15057,13227,30569,15567,15002,12008,6443,5565,33119,20311,12808,13571,7529,6042,7431,4259,3172,26869,14300,12569,14156,7830,6326
1990,C4920,21,0,State-ODISHA,Total,30-39,152036,85456,66580,26289,14267,12022,28575,14876,13699,10160,5689,4471,30938,19862,11076,11510,6234,5276,9529,5246,4283,24499,13549,10950,10536,5733,4803
1991,C4920,21,0,State-ODISHA,Total,40-49,146269,84690,61579,28869,16247,12622,27918,15179,12739,8671,5021,3650,32524,21169,11355,8782,4878,3904,8917,4824,4093,21829,12542,9287,8759,4830,3929
1992,C4920,21,0,State-ODISHA,Total,50-59,125869,69015,56854,29561,15333,14228,23925,12442,11483,5744,3384,2360,31748,19149,12599,4939,2646,2293,5435,2649,2786,16179,9084,7095,8338,4328,4010
1993,C4920,21,0,State-ODISHA,Total,60-69,157944,80135,77809,42617,20318,22299,30698,15401,15297,4285,2438,1847,42289,23229,19060,3244,1691,1553,3536,1628,1908,14737,7835,6902,16538,7595,8943
1994,C4920,21,0,State-ODISHA,Total,70-79,115484,57251,58233,30256,14533,15723,22392,11488,10904,1911,1069,842,31468,16257,15211,1275,623,652,1473,687,786,7743,4039,3704,18966,8555,10411
1995,C4920,21,0,State-ODISHA,Total,80-89,43996,22867,21129,10333,5258,5075,8105,4454,3651,502,272,230,11926,6321,5605,337,190,147,351,172,179,2471,1324,1147,9971,4876,5095
1996,C4920,21,0,State-ODISHA,Total,90+,10928,5395,5533,2186,1091,1095,1789,939,850,105,56,49,2864,1443,1421,103,51,52,83,42,41,603,310,293,3195,1463,1732
1997,C4920,21,0,State-ODISHA,Total,Age Not Stated,4520,2434,2086,977,529,448,1132,572,560,203,111,92,583,326,257,202,118,84,109,58,51,996,559,437,318,161,157
1998,C4920,21,0,State-ODISHA,Rural,Total,1067739,576672,491067,227522,117590,109932,200619,103763,96856,56130,31472,24658,228590,133798,94792,61727,34110,27617,37227,19738,17489,143718,77960,65758,112206,58241,53965
1999,C4920,21,0,State-ODISHA,Rural,0-4,42946,23069,19877,10254,5320,4934,8752,4484,4268,1083,622,461,5311,3067,2244,2147,1190,957,307,164,143,11167,5925,5242,3925,2297,1628
2000,C4920,21,0,State-ODISHA,Rural,5-9,72172,39917,32255,14073,7500,6573,13505,6940,6565,7189,4155,3034,8590,5153,3437,6671,3800,2871,1068,634,434,12128,6434,5694,8948,5301,3647
2001,C4920,21,0,State-ODISHA,Rural,10-19,158724,86835,71889,30225,15990,14235,29904,15179,14725,13013,7260,5753,23788,13942,9846,15897,9156,6741,3799,2098,1701,24323,13075,11248,17775,10135,7640
2002,C4920,21,0,State-ODISHA,Rural,20-29,136945,75283,61662,22896,12182,10714,24171,12348,11823,9614,5155,4459,28696,17572,11124,11302,6237,5065,6412,3656,2756,21659,11472,10187,12195,6661,5534
2003,C4920,21,0,State-ODISHA,Rural,30-39,126824,71231,55593,21803,11846,9957,23198,12116,11082,8081,4492,3589,26679,17138,9541,9619,5137,4482,8276,4491,3785,19990,11022,8968,9178,4989,4189
2004,C4920,21,0,State-ODISHA,Rural,40-49,122933,71006,51927,24386,13719,10667,23203,12591,10612,6811,3910,2901,27846,18032,9814,7423,4090,3333,7744,4157,3587,17827,10286,7541,7693,4221,3472
2005,C4920,21,0,State-ODISHA,Rural,50-59,108054,58592,49462,25641,13209,12432,20487,10560,9927,4554,2653,1901,27400,16302,11098,4199,2202,1997,4732,2268,2464,13558,7563,5995,7483,3835,3648
2006,C4920,21,0,State-ODISHA,Rural,60-69,141878,71635,70243,38579,18352,20227,27587,13910,13677,3574,2014,1560,38029,20664,17365,2832,1467,1365,3146,1436,1710,12893,6821,6072,15238,6971,8267
2007,C4920,21,0,State-ODISHA,Rural,70-79,104383,51686,52697,27502,13241,14261,20225,10407,9818,1581,877,704,28465,14633,13832,1104,539,565,1288,605,683,6696,3472,3224,17522,7912,9610
2008,C4920,21,0,State-ODISHA,Rural,80-89,39539,20637,18902,9415,4822,4593,7194,3973,3221,397,213,184,10726,5712,5014,290,165,125,290,146,144,2152,1169,983,9075,4437,4638
2009,C4920,21,0,State-ODISHA,Rural,90+,9709,4856,4853,1972,990,982,1533,815,718,82,45,37,2560,1317,1243,87,39,48,75,37,38,505,269,236,2895,1344,1551
2010,C4920,21,0,State-ODISHA,Rural,Age Not Stated,3632,1925,1707,776,419,357,860,440,420,151,76,75,500,266,234,156,88,68,90,46,44,820,452,368,279,138,141
2011,C4920,21,0,State-ODISHA,Urban,Total,176663,98103,78560,36277,19261,17016,37239,19482,17757,12387,7034,5353,31309,19201,12108,10672,6210,4462,5610,3175,2435,29163,16020,13143,14006,7720,6286
2012,C4920,21,0,State-ODISHA,Urban,0-4,7261,3934,3327,1675,928,747,1917,982,935,185,106,79,552,313,239,347,196,151,41,32,9,2070,1097,973,474,280,194
2013,C4920,21,0,State-ODISHA,Urban,5-9,11136,6294,4842,2236,1210,1026,2366,1274,1092,1038,601,437,969,566,403,866,536,330,159,92,67,2131,1170,961,1371,845,526
2014,C4920,21,0,State-ODISHA,Urban,10-19,29110,16187,12923,5964,3270,2694,6311,3468,2843,2420,1279,1141,3230,1891,1339,2508,1482,1026,599,328,271,5136,2737,2399,2942,1732,1210
2015,C4920,21,0,State-ODISHA,Urban,20-29,29062,16013,13049,5388,2875,2513,6398,3219,3179,2394,1288,1106,4423,2739,1684,2269,1292,977,1019,603,416,5210,2828,2382,1961,1169,792
2016,C4920,21,0,State-ODISHA,Urban,30-39,25212,14225,10987,4486,2421,2065,5377,2760,2617,2079,1197,882,4259,2724,1535,1891,1097,794,1253,755,498,4509,2527,1982,1358,744,614
2017,C4920,21,0,State-ODISHA,Urban,40-49,23336,13684,9652,4483,2528,1955,4715,2588,2127,1860,1111,749,4678,3137,1541,1359,788,571,1173,667,506,4002,2256,1746,1066,609,457
2018,C4920,21,0,State-ODISHA,Urban,50-59,17815,10423,7392,3920,2124,1796,3438,1882,1556,1190,731,459,4348,2847,1501,740,444,296,703,381,322,2621,1521,1100,855,493,362
2019,C4920,21,0,State-ODISHA,Urban,60-69,16066,8500,7566,4038,1966,2072,3111,1491,1620,711,424,287,4260,2565,1695,412,224,188,390,192,198,1844,1014,830,1300,624,676
2020,C4920,21,0,State-ODISHA,Urban,70-79,11101,5565,5536,2754,1292,1462,2167,1081,1086,330,192,138,3003,1624,1379,171,84,87,185,82,103,1047,567,480,1444,643,801
2021,C4920,21,0,State-ODISHA,Urban,80-89,4457,2230,2227,918,436,482,911,481,430,105,59,46,1200,609,591,47,25,22,61,26,35,319,155,164,896,439,457
2022,C4920,21,0,State-ODISHA,Urban,90+,1219,539,680,214,101,113,256,124,132,23,11,12,304,126,178,16,12,4,8,5,3,98,41,57,300,119,181
2023,C4920,21,0,State-ODISHA,Urban,Age Not Stated,888,509,379,201,110,91,272,132,140,52,35,17,83,60,23,46,30,16,19,12,7,176,107,69,39,23,16
2024,C4920,22,0,State-CHHATTISGARH,Total,Total,624937,334093,290844,111169,56066,55103,92315,47940,44375,28262,15509,12753,190328,108415,81913,33171,17562,15609,20832,10891,9941,76903,41849,35054,71957,35861,36096
2025,C4920,22,0,State-CHHATTISGARH,Total,0-4,21189,11352,9837,4478,2262,2216,2828,1446,1382,602,325,277,4178,2429,1749,825,451,374,193,101,92,5535,2934,2601,2550,1404,1146
2026,C4920,22,0,State-CHHATTISGARH,Total,5-9,37296,20843,16453,6334,3366,2968,4698,2526,2172,3758,2112,1646,7004,4199,2805,3153,1783,1370,740,431,309,5736,3129,2607,5873,3297,2576
2027,C4920,22,0,State-CHHATTISGARH,Total,10-19,93826,51557,42269,14572,7934,6638,11526,6326,5200,7281,3907,3374,21919,12620,9299,9569,5088,4481,3115,1672,1443,13599,7224,6375,12245,6786,5459
2028,C4920,22,0,State-CHHATTISGARH,Total,20-29,90095,51263,38832,10800,6068,4732,10242,5752,4490,5143,2805,2338,32340,19426,12914,6735,3500,3235,4176,2221,1955,12636,7141,5495,8023,4350,3673
2029,C4920,22,0,State-CHHATTISGARH,Total,30-39,75696,44160,31536,9678,5626,4052,10092,5596,4496,3813,2119,1694,25491,16077,9414,5359,2796,2563,4724,2579,2145,11161,6370,4791,5378,2997,2381
2030,C4920,22,0,State-CHHATTISGARH,Total,40-49,69453,40620,28833,10937,6205,4732,10451,5826,4625,3096,1741,1355,22623,14260,8363,3955,2156,1799,3959,2092,1867,9834,5690,4144,4598,2650,1948
2031,C4920,22,0,State-CHHATTISGARH,Total,50-59,61814,33961,27853,12562,6370,6192,10081,5352,4729,1954,1123,831,21346,12748,8598,1855,974,881,2080,995,1085,7365,4000,3365,4571,2399,2172
2032,C4920,22,0,State-CHHATTISGARH,Total,60-69,85205,39855,45350,21631,9347,12284,15408,7125,8283,1636,888,748,27660,13889,13771,1104,511,593,1249,539,710,6610,3231,3379,9907,4325,5582
2033,C4920,22,0,State-CHHATTISGARH,Total,70-79,61318,27681,33637,14660,6456,8204,11781,5519,6262,696,355,341,18955,8840,10115,439,221,218,429,179,250,3072,1475,1597,11286,4636,6650
2034,C4920,22,0,State-CHHATTISGARH,Total,80-89,21968,9690,12278,4395,1909,2486,4030,1914,2116,197,89,108,6816,3035,3781,106,50,56,109,50,59,919,440,479,5396,2203,3193
2035,C4920,22,0,State-CHHATTISGARH,Total,90+,6435,2765,3670,998,456,542,1058,505,553,57,27,30,1868,826,1042,45,19,26,43,22,21,301,133,168,2065,777,1288
2036,C4920,22,0,State-CHHATTISGARH,Total,Age Not Stated,642,346,296,124,67,57,120,53,67,29,18,11,128,66,62,26,13,13,15,10,5,135,82,53,65,37,28
2037,C4920,22,0,State-CHHATTISGARH,Rural,Total,498228,263598,234630,88065,43912,44153,73436,37867,35569,21308,11628,9680,155537,87583,67954,25455,13279,12176,16297,8320,7977,58278,31556,26722,59852,29453,30399
2038,C4920,22,0,State-CHHATTISGARH,Rural,0-4,16434,8821,7613,3338,1683,1655,2016,1032,984,463,251,212,3548,2066,1482,612,332,280,160,83,77,4240,2240,2000,2057,1134,923
2039,C4920,22,0,State-CHHATTISGARH,Rural,5-9,29607,16586,13021,4721,2518,2203,3540,1898,1642,3022,1688,1334,5923,3560,2363,2562,1448,1114,601,348,253,4506,2457,2049,4732,2669,2063
2040,C4920,22,0,State-CHHATTISGARH,Rural,10-19,74192,40718,33474,10755,5903,4852,8858,4897,3961,5673,3035,2638,18355,10494,7861,7637,4033,3604,2511,1308,1203,10640,5683,4957,9763,5365,4398
2041,C4920,22,0,State-CHHATTISGARH,Rural,20-29,68153,38866,29287,7406,4191,3215,7375,4212,3163,3764,2054,1710,25724,15529,10195,4989,2522,2467,3230,1685,1545,9314,5268,4046,6351,3405,2946
2042,C4920,22,0,State-CHHATTISGARH,Rural,30-39,57176,33292,23884,6812,4031,2781,7401,4107,3294,2807,1547,1260,19959,12562,7397,3934,1992,1942,3673,1943,1730,8249,4695,3554,4341,2415,1926
2043,C4920,22,0,State-CHHATTISGARH,Rural,40-49,53359,30820,22539,8193,4614,3579,8078,4446,3632,2217,1242,975,17942,11077,6865,3006,1626,1380,3062,1579,1483,7131,4110,3021,3730,2126,1604
2044,C4920,22,0,State-CHHATTISGARH,Rural,50-59,49446,26557,22889,10258,5070,5188,8248,4330,3918,1407,794,613,17202,10032,7170,1399,708,691,1639,763,876,5478,2914,2564,3815,1946,1869
2045,C4920,22,0,State-CHHATTISGARH,Rural,60-69,72522,33410,39112,18885,8097,10788,13383,6114,7269,1221,645,576,23402,11531,11871,844,381,463,989,427,562,5195,2519,2676,8603,3696,4907
2046,C4920,22,0,State-CHHATTISGARH,Rural,70-79,52516,23527,28989,12893,5678,7215,10124,4719,5405,531,273,258,15981,7367,8614,342,176,166,305,124,181,2456,1146,1310,9884,4044,5840
2047,C4920,22,0,State-CHHATTISGARH,Rural,80-89,18865,8345,10520,3869,1686,2183,3444,1648,1796,148,67,81,5791,2596,3195,81,39,42,83,37,46,725,354,371,4724,1918,2806
2048,C4920,22,0,State-CHHATTISGARH,Rural,90+,5542,2437,3105,861,400,461,893,432,461,36,19,17,1619,723,896,34,14,20,33,16,17,260,120,140,1806,713,1093
2049,C4920,22,0,State-CHHATTISGARH,Rural,Age Not Stated,416,219,197,74,41,33,76,32,44,19,13,6,91,46,45,15,8,7,11,7,4,84,50,34,46,22,24
2050,C4920,22,0,State-CHHATTISGARH,Urban,Total,126709,70495,56214,23104,12154,10950,18879,10073,8806,6954,3881,3073,34791,20832,13959,7716,4283,3433,4535,2571,1964,18625,10293,8332,12105,6408,5697
2051,C4920,22,0,State-CHHATTISGARH,Urban,0-4,4755,2531,2224,1140,579,561,812,414,398,139,74,65,630,363,267,213,119,94,33,18,15,1295,694,601,493,270,223
2052,C4920,22,0,State-CHHATTISGARH,Urban,5-9,7689,4257,3432,1613,848,765,1158,628,530,736,424,312,1081,639,442,591,335,256,139,83,56,1230,672,558,1141,628,513
2053,C4920,22,0,State-CHHATTISGARH,Urban,10-19,19634,10839,8795,3817,2031,1786,2668,1429,1239,1608,872,736,3564,2126,1438,1932,1055,877,604,364,240,2959,1541,1418,2482,1421,1061
2054,C4920,22,0,State-CHHATTISGARH,Urban,20-29,21942,12397,9545,3394,1877,1517,2867,1540,1327,1379,751,628,6616,3897,2719,1746,978,768,946,536,410,3322,1873,1449,1672,945,727
2055,C4920,22,0,State-CHHATTISGARH,Urban,30-39,18520,10868,7652,2866,1595,1271,2691,1489,1202,1006,572,434,5532,3515,2017,1425,804,621,1051,636,415,2912,1675,1237,1037,582,455
2056,C4920,22,0,State-CHHATTISGARH,Urban,40-49,16094,9800,6294,2744,1591,1153,2373,1380,993,879,499,380,4681,3183,1498,949,530,419,897,513,384,2703,1580,1123,868,524,344
2057,C4920,22,0,State-CHHATTISGARH,Urban,50-59,12368,7404,4964,2304,1300,1004,1833,1022,811,547,329,218,4144,2716,1428,456,266,190,441,232,209,1887,1086,801,756,453,303
2058,C4920,22,0,State-CHHATTISGARH,Urban,60-69,12683,6445,6238,2746,1250,1496,2025,1011,1014,415,243,172,4258,2358,1900,260,130,130,260,112,148,1415,712,703,1304,629,675
2059,C4920,22,0,State-CHHATTISGARH,Urban,70-79,8802,4154,4648,1767,778,989,1657,800,857,165,82,83,2974,1473,1501,97,45,52,124,55,69,616,329,287,1402,592,810
2060,C4920,22,0,State-CHHATTISGARH,Urban,80-89,3103,1345,1758,526,223,303,586,266,320,49,22,27,1025,439,586,25,11,14,26,13,13,194,86,108,672,285,387
2061,C4920,22,0,State-CHHATTISGARH,Urban,90+,893,328,565,137,56,81,165,73,92,21,8,13,249,103,146,11,5,6,10,6,4,41,13,28,259,64,195
2062,C4920,22,0,State-CHHATTISGARH,Urban,Age Not Stated,226,127,99,50,26,24,44,21,23,10,5,5,37,20,17,11,5,6,4,3,1,51,32,19,19,15,4
2063,C4920,23,0,State-MADHYA PRADESH,Total,Total,1551931,888751,663180,270751,144282,126469,267361,145035,122326,69324,40317,29007,404738,252385,152353,77803,46571,31232,39513,23766,15747,295035,166124,128911,127406,70271,57135
2064,C4920,23,0,State-MADHYA PRADESH,Total,0-4,74222,39525,34697,14345,7404,6941,16375,8344,8031,1411,790,621,9675,5564,4111,2416,1312,1104,535,298,237,24312,12815,11497,5153,2998,2155
2065,C4920,23,0,State-MADHYA PRADESH,Total,5-9,114479,63245,51234,18846,10078,8768,21075,10994,10081,9447,5427,4020,16808,10133,6675,6867,3946,2921,2030,1172,858,26898,14134,12764,12508,7361,5147
2066,C4920,23,0,State-MADHYA PRADESH,Total,10-19,274660,157767,116893,43740,24261,19479,47245,25597,21648,17912,10463,7449,56206,34700,21506,20735,12233,8502,7213,4204,3009,56889,31248,25641,24720,15061,9659
2067,C4920,23,0,State-MADHYA PRADESH,Total,20-29,244277,149860,94417,32258,19154,13104,38676,21793,16883,12471,7490,4981,74326,49571,24755,15318,9499,5819,7657,4849,2808,48617,28244,20373,14954,9260,5694
2068,C4920,23,0,State-MADHYA PRADESH,Total,30-39,206158,126261,79897,27820,16368,11452,34055,19247,14808,9446,5435,4011,61416,41016,20400,12845,7906,4939,8040,5096,2944,42333,24981,17352,10203,6212,3991
2069,C4920,23,0,State-MADHYA PRADESH,Total,40-49,170613,106026,64587,26270,15522,10748,29300,16981,12319,7245,4262,2983,47557,32397,15160,9698,6129,3569,6727,4201,2526,35434,21239,14195,8382,5295,3087
2070,C4920,23,0,State-MADHYA PRADESH,Total,50-59,131139,78861,52278,25052,13991,11061,22316,12676,9640,4715,2777,1938,38778,25446,13332,5075,3026,2049,3680,2142,1538,24147,14294,9853,7376,4509,2867
2071,C4920,23,0,State-MADHYA PRADESH,Total,60-69,151927,79230,72697,36730,17181,19549,25782,13104,12678,3811,2120,1691,46775,26671,20104,3040,1633,1407,2275,1152,1123,20209,10944,9265,13305,6425,6880
2072,C4920,23,0,State-MADHYA PRADESH,Total,70-79,116068,56631,59437,29997,13477,16520,20507,10316,10191,1912,1073,839,34640,18061,16579,1219,598,621,978,477,501,10563,5455,5108,16252,7174,9078
2073,C4920,23,0,State-MADHYA PRADESH,Total,80-89,49141,22744,26397,11839,5182,6657,8699,4337,4362,627,319,308,13994,6782,7212,335,158,177,268,117,151,3446,1682,1764,9933,4167,5766
2074,C4920,23,0,State-MADHYA PRADESH,Total,90+,16576,7148,9428,3449,1459,1990,2772,1344,1428,219,101,118,4229,1854,2375,161,76,85,67,30,37,1201,554,647,4478,1730,2748
2075,C4920,23,0,State-MADHYA PRADESH,Total,Age Not Stated,2671,1453,1218,405,205,200,559,302,257,108,60,48,334,190,144,94,55,39,43,28,15,986,534,452,142,79,63
2076,C4920,23,0,State-MADHYA PRADESH,Rural,Total,1105704,631523,474181,192819,101623,91196,179058,97217,81841,46389,27252,19137,309148,191581,117567,52079,31080,20999,27111,16225,10886,202346,114075,88271,96754,52470,44284
2077,C4920,23,0,State-MADHYA PRADESH,Rural,0-4,51684,27585,24099,9273,4795,4478,10808,5501,5307,983,567,416,7771,4437,3334,1594,873,721,358,191,167,17094,9015,8079,3803,2206,1597
2078,C4920,23,0,State-MADHYA PRADESH,Rural,5-9,83109,45882,37227,13047,6956,6091,14510,7549,6961,6898,3987,2911,13523,8114,5409,5047,2920,2127,1534,892,642,19291,10029,9262,9259,5435,3824
2079,C4920,23,0,State-MADHYA PRADESH,Rural,10-19,195442,112683,82759,29737,16512,13225,31458,17100,14358,12502,7393,5109,44421,27426,16995,14417,8466,5951,5116,2939,2177,39988,22040,17948,17803,10807,6996
2080,C4920,23,0,State-MADHYA PRADESH,Rural,20-29,163366,102622,60744,19346,11880,7466,23407,13595,9812,7998,4958,3040,55760,37649,18111,9715,6092,3623,5128,3299,1829,31682,18721,12961,10330,6428,3902
2081,C4920,23,0,State-MADHYA PRADESH,Rural,30-39,139207,86277,52930,17355,10310,7045,21052,12108,8944,6058,3548,2510,45564,30505,15059,8350,5138,3212,5458,3453,2005,28062,16762,11300,7308,4453,2855
2082,C4920,23,0,State-MADHYA PRADESH,Rural,40-49,115492,71750,43742,17510,10350,7160,18526,10754,7772,4533,2673,1860,34665,23364,11301,6280,3952,2328,4476,2786,1690,23513,14123,9390,5989,3748,2241
2083,C4920,23,0,State-MADHYA PRADESH,Rural,50-59,91866,54619,37247,18242,10091,8151,14867,8352,6515,2930,1693,1237,28495,18381,10114,3326,1954,1372,2458,1402,1056,16113,9503,6610,5435,3243,2192
2084,C4920,23,0,State-MADHYA PRADESH,Rural,60-69,117090,59690,57400,29759,13707,16052,19414,9722,9692,2577,1399,1178,36283,20164,16119,2105,1090,1015,1611,810,801,14476,7737,6739,10865,5061,5804
2085,C4920,23,0,State-MADHYA PRADESH,Rural,70-79,93829,45174,48655,25402,11277,14125,15947,7956,7991,1314,731,583,27829,14374,13455,856,411,445,709,325,384,8063,4120,3943,13709,5980,7729
2086,C4920,23,0,State-MADHYA PRADESH,Rural,80-89,39894,18569,21325,10049,4402,5647,6746,3386,3360,414,210,204,11226,5506,5720,229,105,124,185,89,96,2642,1324,1318,8403,3547,4856
2087,C4920,23,0,State-MADHYA PRADESH,Rural,90+,13278,5870,7408,2894,1243,1651,2074,1053,1021,138,70,68,3375,1521,1854,114,52,62,50,21,29,874,399,475,3759,1511,2248
2088,C4920,23,0,State-MADHYA PRADESH,Rural,Age Not Stated,1447,802,645,205,100,105,249,141,108,44,23,21,236,140,96,46,27,19,28,18,10,548,302,246,91,51,40
2089,C4920,23,0,State-MADHYA PRADESH,Urban,Total,446227,257228,188999,77932,42659,35273,88303,47818,40485,22935,13065,9870,95590,60804,34786,25724,15491,10233,12402,7541,4861,92689,52049,40640,30652,17801,12851
2090,C4920,23,0,State-MADHYA PRADESH,Urban,0-4,22538,11940,10598,5072,2609,2463,5567,2843,2724,428,223,205,1904,1127,777,822,439,383,177,107,70,7218,3800,3418,1350,792,558
2091,C4920,23,0,State-MADHYA PRADESH,Urban,5-9,31370,17363,14007,5799,3122,2677,6565,3445,3120,2549,1440,1109,3285,2019,1266,1820,1026,794,496,280,216,7607,4105,3502,3249,1926,1323
2092,C4920,23,0,State-MADHYA PRADESH,Urban,10-19,79218,45084,34134,14003,7749,6254,15787,8497,7290,5410,3070,2340,11785,7274,4511,6318,3767,2551,2097,1265,832,16901,9208,7693,6917,4254,2663
2093,C4920,23,0,State-MADHYA PRADESH,Urban,20-29,80911,47238,33673,12912,7274,5638,15269,8198,7071,4473,2532,1941,18566,11922,6644,5603,3407,2196,2529,1550,979,16935,9523,7412,4624,2832,1792
2094,C4920,23,0,State-MADHYA PRADESH,Urban,30-39,66951,39984,26967,10465,6058,4407,13003,7139,5864,3388,1887,1501,15852,10511,5341,4495,2768,1727,2582,1643,939,14271,8219,6052,2895,1759,1136
2095,C4920,23,0,State-MADHYA PRADESH,Urban,40-49,55121,34276,20845,8760,5172,3588,10774,6227,4547,2712,1589,1123,12892,9033,3859,3418,2177,1241,2251,1415,836,11921,7116,4805,2393,1547,846
2096,C4920,23,0,State-MADHYA PRADESH,Urban,50-59,39273,24242,15031,6810,3900,2910,7449,4324,3125,1785,1084,701,10283,7065,3218,1749,1072,677,1222,740,482,8034,4791,3243,1941,1266,675
2097,C4920,23,0,State-MADHYA PRADESH,Urban,60-69,34837,19540,15297,6971,3474,3497,6368,3382,2986,1234,721,513,10492,6507,3985,935,543,392,664,342,322,5733,3207,2526,2440,1364,1076
2098,C4920,23,0,State-MADHYA PRADESH,Urban,70-79,22239,11457,10782,4595,2200,2395,4560,2360,2200,598,342,256,6811,3687,3124,363,187,176,269,152,117,2500,1335,1165,2543,1194,1349
2099,C4920,23,0,State-MADHYA PRADESH,Urban,80-89,9247,4175,5072,1790,780,1010,1953,951,1002,213,109,104,2768,1276,1492,106,53,53,83,28,55,804,358,446,1530,620,910
2100,C4920,23,0,State-MADHYA PRADESH,Urban,90+,3298,1278,2020,555,216,339,698,291,407,81,31,50,854,333,521,47,24,23,17,9,8,327,155,172,719,219,500
2101,C4920,23,0,State-MADHYA PRADESH,Urban,Age Not Stated,1224,651,573,200,105,95,310,161,149,64,37,27,98,50,48,48,28,20,15,10,5,438,232,206,51,28,23
2102,C4920,24,0,State-GUJARAT,Total,Total,1092302,612804,479498,214150,113617,100533,190675,100441,90234,60332,35277,25055,245879,149263,96616,66393,39309,27084,42037,24943,17094,197725,107415,90310,75111,42539,32572
2103,C4920,24,0,State-GUJARAT,Total,0-4,49920,27210,22710,10960,5786,5174,9990,5355,4635,1179,665,514,4861,2813,2048,1502,885,617,633,364,269,17985,9694,8291,2810,1648,1162
2104,C4920,24,0,State-GUJARAT,Total,5-9,77504,44438,33066,14667,8009,6658,12430,6847,5583,7348,4453,2895,9245,5582,3663,7319,4398,2921,1745,1067,678,16267,8912,7355,8483,5170,3313
2105,C4920,24,0,State-GUJARAT,Total,10-19,186450,107366,79084,34424,19133,15291,28317,15692,12625,14450,8755,5695,28987,17363,11624,21148,12751,8397,5697,3364,2333,35441,19363,16078,17986,10945,7041
2106,C4920,24,0,State-GUJARAT,Total,20-29,177825,102500,75325,29135,16193,12942,26314,14234,12080,11134,6401,4733,46991,28610,18381,13118,7808,5310,7060,4427,2633,33231,18195,15036,10842,6632,4210
2107,C4920,24,0,State-GUJARAT,Total,30-39,163951,95962,67989,25606,14282,11324,24181,13465,10716,8764,4987,3777,49410,30865,18545,9955,5852,4103,8878,5567,3311,29447,16317,13130,7710,4627,3083
2108,C4920,24,0,State-GUJARAT,Total,40-49,134992,79918,55074,25110,14064,11046,22008,12387,9621,7034,4069,2965,35144,23082,12062,6931,4064,2867,8109,4912,3197,24989,13889,11100,5667,3451,2216
2109,C4920,24,0,State-GUJARAT,Total,50-59,105750,61300,44450,23840,13060,10780,19268,10520,8748,4901,2913,1988,26792,17339,9453,3534,2044,1490,5081,2925,2156,17835,9823,8012,4499,2676,1823
2110,C4920,24,0,State-GUJARAT,Total,60-69,91670,47591,44079,23734,11623,12111,19848,9563,10285,3120,1756,1364,22654,13197,9457,1657,899,758,2883,1471,1412,12282,6284,5998,5492,2798,2694
2111,C4920,24,0,State-GUJARAT,Total,70-79,62785,29222,33563,16733,7398,9335,16771,7635,9136,1555,841,714,14143,7119,7024,671,308,363,1268,559,709,6044,2921,3123,5600,2441,3159
2112,C4920,24,0,State-GUJARAT,Total,80-89,27094,11248,15846,6909,2872,4037,7982,3342,4640,460,227,233,5295,2267,3028,217,86,131,394,152,242,2073,908,1165,3764,1394,2370
2113,C4920,24,0,State-GUJARAT,Total,90+,9964,3555,6409,2220,772,1448,2766,973,1793,200,96,104,1649,610,1039,95,43,52,148,49,99,860,387,473,2026,625,1401
2114,C4920,24,0,State-GUJARAT,Total,Age Not Stated,4397,2494,1903,812,425,387,800,428,372,187,114,73,708,416,292,246,171,75,141,86,55,1271,722,549,232,132,100
2115,C4920,24,0,State-GUJARAT,Rural,Total,570479,321906,248573,98315,51468,46847,85434,44201,41233,29348,17554,11794,153695,94479,59216,39554,23361,16193,24821,14563,10258,93382,50458,42924,45930,25822,20108
2116,C4920,24,0,State-GUJARAT,Rural,0-4,23351,12695,10656,4008,2075,1933,3741,1977,1764,652,368,284,3264,1893,1371,745,443,302,300,167,133,8835,4718,4117,1806,1054,752
2117,C4920,24,0,State-GUJARAT,Rural,5-9,43468,25132,18336,6660,3627,3033,5441,3023,2418,4477,2764,1713,6535,3974,2561,5169,3108,2061,1113,669,444,8355,4500,3855,5718,3467,2251
2118,C4920,24,0,State-GUJARAT,Rural,10-19,100692,58284,42408,15249,8451,6798,11912,6603,5309,7891,4907,2984,19716,11742,7974,13953,8436,5517,3459,2049,1410,17519,9461,8058,10993,6635,4358
2119,C4920,24,0,State-GUJARAT,Rural,20-29,86161,51338,34823,10175,5951,4224,8848,4961,3887,4912,2941,1971,30330,18872,11458,7135,4253,2882,4063,2554,1509,14344,7829,6515,6354,3977,2377
2120,C4920,24,0,State-GUJARAT,Rural,30-39,81367,49082,32285,9440,5552,3888,8888,5049,3839,3861,2221,1640,30821,19709,11112,5493,3201,2292,5407,3391,2016,13103,7307,5796,4354,2652,1702
2121,C4920,24,0,State-GUJARAT,Rural,40-49,66377,40195,26182,10264,5877,4387,8841,5040,3801,3023,1784,1239,21093,14103,6990,3816,2192,1624,4788,2857,1931,11392,6410,4982,3160,1932,1228
2122,C4920,24,0,State-GUJARAT,Rural,50-59,53262,30820,22442,11230,6035,5195,8795,4697,4098,2080,1245,835,15734,10225,5509,1764,998,766,2891,1614,1277,8284,4559,3725,2484,1447,1037
2123,C4920,24,0,State-GUJARAT,Rural,60-69,51744,26344,25400,13846,6559,7287,11223,5250,5973,1366,761,605,13270,7697,5573,837,448,389,1676,820,856,6222,3154,3068,3304,1655,1649
2124,C4920,24,0,State-GUJARAT,Rural,70-79,38402,17501,20901,10842,4664,6178,10517,4691,5826,708,376,332,8319,4230,4089,377,162,215,743,293,450,3229,1539,1690,3667,1546,2121
2125,C4920,24,0,State-GUJARAT,Rural,80-89,17027,7032,9995,4710,1941,2769,5070,2097,2973,206,92,114,3136,1391,1745,117,44,73,220,79,141,1068,467,601,2500,921,1579
2126,C4920,24,0,State-GUJARAT,Rural,90+,6543,2285,4258,1504,528,976,1807,611,1196,83,37,46,1068,396,672,44,20,24,94,28,66,473,204,269,1470,461,1009
2127,C4920,24,0,State-GUJARAT,Rural,Age Not Stated,2085,1198,887,387,208,179,351,202,149,89,58,31,409,247,162,104,56,48,67,42,25,558,310,248,120,75,45
2128,C4920,24,0,State-GUJARAT,Urban,Total,521823,290898,230925,115835,62149,53686,105241,56240,49001,30984,17723,13261,92184,54784,37400,26839,15948,10891,17216,10380,6836,104343,56957,47386,29181,16717,12464
2129,C4920,24,0,State-GUJARAT,Urban,0-4,26569,14515,12054,6952,3711,3241,6249,3378,2871,527,297,230,1597,920,677,757,442,315,333,197,136,9150,4976,4174,1004,594,410
2130,C4920,24,0,State-GUJARAT,Urban,5-9,34036,19306,14730,8007,4382,3625,6989,3824,3165,2871,1689,1182,2710,1608,1102,2150,1290,860,632,398,234,7912,4412,3500,2765,1703,1062
2131,C4920,24,0,State-GUJARAT,Urban,10-19,85758,49082,36676,19175,10682,8493,16405,9089,7316,6559,3848,2711,9271,5621,3650,7195,4315,2880,2238,1315,923,17922,9902,8020,6993,4310,2683
2132,C4920,24,0,State-GUJARAT,Urban,20-29,91664,51162,40502,18960,10242,8718,17466,9273,8193,6222,3460,2762,16661,9738,6923,5983,3555,2428,2997,1873,1124,18887,10366,8521,4488,2655,1833
2133,C4920,24,0,State-GUJARAT,Urban,30-39,82584,46880,35704,16166,8730,7436,15293,8416,6877,4903,2766,2137,18589,11156,7433,4462,2651,1811,3471,2176,1295,16344,9010,7334,3356,1975,1381
2134,C4920,24,0,State-GUJARAT,Urban,40-49,68615,39723,28892,14846,8187,6659,13167,7347,5820,4011,2285,1726,14051,8979,5072,3115,1872,1243,3321,2055,1266,13597,7479,6118,2507,1519,988
2135,C4920,24,0,State-GUJARAT,Urban,50-59,52488,30480,22008,12610,7025,5585,10473,5823,4650,2821,1668,1153,11058,7114,3944,1770,1046,724,2190,1311,879,9551,5264,4287,2015,1229,786
2136,C4920,24,0,State-GUJARAT,Urban,60-69,39926,21247,18679,9888,5064,4824,8625,4313,4312,1754,995,759,9384,5500,3884,820,451,369,1207,651,556,6060,3130,2930,2188,1143,1045
2137,C4920,24,0,State-GUJARAT,Urban,70-79,24383,11721,12662,5891,2734,3157,6254,2944,3310,847,465,382,5824,2889,2935,294,146,148,525,266,259,2815,1382,1433,1933,895,1038
2138,C4920,24,0,State-GUJARAT,Urban,80-89,10067,4216,5851,2199,931,1268,2912,1245,1667,254,135,119,2159,876,1283,100,42,58,174,73,101,1005,441,564,1264,473,791
2139,C4920,24,0,State-GUJARAT,Urban,90+,3421,1270,2151,716,244,472,959,362,597,117,59,58,581,214,367,51,23,28,54,21,33,387,183,204,556,164,392
2140,C4920,24,0,State-GUJARAT,Urban,Age Not Stated,2312,1296,1016,425,217,208,449,226,223,98,56,42,299,169,130,142,115,27,74,44,30,713,412,301,112,57,55
2141,C4920,25,0,State-DAMAN & DIU,Total,Total,2196,1300,896,382,222,160,309,158,151,149,103,46,620,367,253,176,98,78,89,54,35,264,182,82,207,116,91
2142,C4920,25,0,State-DAMAN & DIU,Total,0-4,71,31,40,14,6,8,16,4,12,1,0,1,11,4,7,3,0,3,2,1,1,20,13,7,4,3,1
2143,C4920,25,0,State-DAMAN & DIU,Total,5-9,103,66,37,17,12,5,13,7,6,9,6,3,12,5,7,12,9,3,5,4,1,13,8,5,22,15,7
2144,C4920,25,0,State-DAMAN & DIU,Total,10-19,328,213,115,49,27,22,46,30,16,40,28,12,65,45,20,44,29,15,13,8,5,31,20,11,40,26,14
2145,C4920,25,0,State-DAMAN & DIU,Total,20-29,443,288,155,56,36,20,60,39,21,45,33,12,110,68,42,33,16,17,14,12,2,86,63,23,39,21,18
2146,C4920,25,0,State-DAMAN & DIU,Total,30-39,380,239,141,51,34,17,41,22,19,25,17,8,141,95,46,44,24,20,17,9,8,43,29,14,18,9,9
2147,C4920,25,0,State-DAMAN & DIU,Total,40-49,278,183,95,68,45,23,25,17,8,13,11,2,76,48,28,28,14,14,11,9,2,29,23,6,28,16,12
2148,C4920,25,0,State-DAMAN & DIU,Total,50-59,187,107,80,44,22,22,21,14,7,8,5,3,58,36,22,9,6,3,14,6,8,22,12,10,11,6,5
2149,C4920,25,0,State-DAMAN & DIU,Total,60-69,186,97,89,51,25,26,24,8,16,5,2,3,69,37,32,1,0,1,9,5,4,14,10,4,13,10,3
2150,C4920,25,0,State-DAMAN & DIU,Total,70-79,134,57,77,20,10,10,31,11,20,3,1,2,55,22,33,2,0,2,3,0,3,4,3,1,16,10,6
2151,C4920,25,0,State-DAMAN & DIU,Total,80-89,61,14,47,8,3,5,25,5,20,0,0,0,18,5,13,0,0,0,1,0,1,1,1,0,8,0,8
2152,C4920,25,0,State-DAMAN & DIU,Total,90+,19,3,16,2,1,1,7,1,6,0,0,0,3,1,2,0,0,0,0,0,0,0,0,0,7,0,7
2153,C4920,25,0,State-DAMAN & DIU,Total,Age Not Stated,6,2,4,2,1,1,0,0,0,0,0,0,2,1,1,0,0,0,0,0,0,1,0,1,1,0,1
2154,C4920,25,0,State-DAMAN & DIU,Rural,Total,777,451,326,146,95,51,80,36,44,56,33,23,254,145,109,66,37,29,34,20,14,65,37,28,76,48,28
2155,C4920,25,0,State-DAMAN & DIU,Rural,0-4,19,11,8,2,2,0,2,1,1,0,0,0,4,1,3,2,0,2,1,0,1,6,5,1,2,2,0
2156,C4920,25,0,State-DAMAN & DIU,Rural,5-9,29,18,11,4,4,0,1,1,0,5,4,1,5,1,4,3,3,0,2,1,1,3,0,3,6,4,2
2157,C4920,25,0,State-DAMAN & DIU,Rural,10-19,125,77,48,16,10,6,15,8,7,12,5,7,30,20,10,20,14,6,4,2,2,9,5,4,19,13,6
2158,C4920,25,0,State-DAMAN & DIU,Rural,20-29,127,70,57,16,10,6,10,4,6,16,9,7,38,19,19,14,6,8,7,6,1,12,8,4,14,8,6
2159,C4920,25,0,State-DAMAN & DIU,Rural,30-39,140,85,55,13,10,3,6,3,3,11,6,5,67,44,23,15,8,7,7,3,4,12,6,6,9,5,4
2160,C4920,25,0,State-DAMAN & DIU,Rural,40-49,107,74,33,37,29,8,10,5,5,5,4,1,28,18,10,9,4,5,3,3,0,6,4,2,9,7,2
2161,C4920,25,0,State-DAMAN & DIU,Rural,50-59,85,49,36,23,12,11,9,6,3,4,4,0,23,13,10,3,2,1,7,4,3,12,6,6,4,2,2
2162,C4920,25,0,State-DAMAN & DIU,Rural,60-69,61,34,27,19,11,8,8,2,6,1,0,1,23,15,8,0,0,0,3,1,2,3,2,1,4,3,1
2163,C4920,25,0,State-DAMAN & DIU,Rural,70-79,53,25,28,7,3,4,13,5,8,2,1,1,26,11,15,0,0,0,0,0,0,1,1,0,4,4,0
2164,C4920,25,0,State-DAMAN & DIU,Rural,80-89,20,5,15,6,2,4,4,0,4,0,0,0,8,3,5,0,0,0,0,0,0,0,0,0,2,0,2
2165,C4920,25,0,State-DAMAN & DIU,Rural,90+,6,2,4,1,1,0,2,1,1,0,0,0,1,0,1,0,0,0,0,0,0,0,0,0,2,0,2
2166,C4920,25,0,State-DAMAN & DIU,Rural,Age Not Stated,5,1,4,2,1,1,0,0,0,0,0,0,1,0,1,0,0,0,0,0,0,1,0,1,1,0,1
2167,C4920,25,0,State-DAMAN & DIU,Urban,Total,1419,849,570,236,127,109,229,122,107,93,70,23,366,222,144,110,61,49,55,34,21,199,145,54,131,68,63
2168,C4920,25,0,State-DAMAN & DIU,Urban,0-4,52,20,32,12,4,8,14,3,11,1,0,1,7,3,4,1,0,1,1,1,0,14,8,6,2,1,1
2169,C4920,25,0,State-DAMAN & DIU,Urban,5-9,74,48,26,13,8,5,12,6,6,4,2,2,7,4,3,9,6,3,3,3,0,10,8,2,16,11,5
2170,C4920,25,0,State-DAMAN & DIU,Urban,10-19,203,136,67,33,17,16,31,22,9,28,23,5,35,25,10,24,15,9,9,6,3,22,15,7,21,13,8
2171,C4920,25,0,State-DAMAN & DIU,Urban,20-29,316,218,98,40,26,14,50,35,15,29,24,5,72,49,23,19,10,9,7,6,1,74,55,19,25,13,12
2172,C4920,25,0,State-DAMAN & DIU,Urban,30-39,240,154,86,38,24,14,35,19,16,14,11,3,74,51,23,29,16,13,10,6,4,31,23,8,9,4,5
2173,C4920,25,0,State-DAMAN & DIU,Urban,40-49,171,109,62,31,16,15,15,12,3,8,7,1,48,30,18,19,10,9,8,6,2,23,19,4,19,9,10
2174,C4920,25,0,State-DAMAN & DIU,Urban,50-59,102,58,44,21,10,11,12,8,4,4,1,3,35,23,12,6,4,2,7,2,5,10,6,4,7,4,3
2175,C4920,25,0,State-DAMAN & DIU,Urban,60-69,125,63,62,32,14,18,16,6,10,4,2,2,46,22,24,1,0,1,6,4,2,11,8,3,9,7,2
2176,C4920,25,0,State-DAMAN & DIU,Urban,70-79,81,32,49,13,7,6,18,6,12,1,0,1,29,11,18,2,0,2,3,0,3,3,2,1,12,6,6
2177,C4920,25,0,State-DAMAN & DIU,Urban,80-89,41,9,32,2,1,1,21,5,16,0,0,0,10,2,8,0,0,0,1,0,1,1,1,0,6,0,6
2178,C4920,25,0,State-DAMAN & DIU,Urban,90+,13,1,12,1,0,1,5,0,5,0,0,0,2,1,1,0,0,0,0,0,0,0,0,0,5,0,5
2179,C4920,25,0,State-DAMAN & DIU,Urban,Age Not Stated,1,1,0,0,0,0,0,0,0,0,0,0,1,1,0,0,0,0,0,0,0,0,0,0,0,0,0
2180,C4920,26,0,State-DADRA & NAGAR HAVELI,Total,Total,3294,1893,1401,429,234,195,715,404,311,201,115,86,682,440,242,180,95,85,115,70,45,483,266,217,489,269,220
2181,C4920,26,0,State-DADRA & NAGAR HAVELI,Total,0-4,205,119,86,25,13,12,61,36,25,7,3,4,22,18,4,6,4,2,2,2,0,39,18,21,43,25,18
2182,C4920,26,0,State-DADRA & NAGAR HAVELI,Total,5-9,289,159,130,32,16,16,49,23,26,29,21,8,37,23,14,23,15,8,4,3,1,43,16,27,72,42,30
2183,C4920,26,0,State-DADRA & NAGAR HAVELI,Total,10-19,650,391,259,60,29,31,105,69,36,52,28,24,95,67,28,71,37,34,19,10,9,94,57,37,154,94,60
2184,C4920,26,0,State-DADRA & NAGAR HAVELI,Total,20-29,638,361,277,87,52,35,136,80,56,50,27,23,133,79,54,38,17,21,20,9,11,112,64,48,62,33,29
2185,C4920,26,0,State-DADRA & NAGAR HAVELI,Total,30-39,476,300,176,48,32,16,101,68,33,30,19,11,123,83,40,16,7,9,28,20,8,77,42,35,53,29,24
2186,C4920,26,0,State-DADRA & NAGAR HAVELI,Total,40-49,373,225,148,57,37,20,73,41,32,19,10,9,94,57,37,12,8,4,26,15,11,58,38,20,34,19,15
2187,C4920,26,0,State-DADRA & NAGAR HAVELI,Total,50-59,227,129,98,31,18,13,47,21,26,7,4,3,70,49,21,8,3,5,5,3,2,33,18,15,26,13,13
2188,C4920,26,0,State-DADRA & NAGAR HAVELI,Total,60-69,237,126,111,45,18,27,61,34,27,5,3,2,70,46,24,5,3,2,7,5,2,16,8,8,28,9,19
2189,C4920,26,0,State-DADRA & NAGAR HAVELI,Total,70-79,145,60,85,33,11,22,57,22,35,1,0,1,31,14,17,0,0,0,4,3,1,9,5,4,10,5,5
2190,C4920,26,0,State-DADRA & NAGAR HAVELI,Total,80-89,40,16,24,8,6,2,17,6,11,1,0,1,7,4,3,0,0,0,0,0,0,2,0,2,5,0,5
2191,C4920,26,0,State-DADRA & NAGAR HAVELI,Total,90+,8,4,4,3,2,1,2,1,1,0,0,0,0,0,0,1,1,0,0,0,0,0,0,0,2,0,2
2192,C4920,26,0,State-DADRA & NAGAR HAVELI,Total,Age Not Stated,6,3,3,0,0,0,6,3,3,0,0,0,0,0,0,0,0,0,0,0,0,0,0,0,0,0,0
2193,C4920,26,0,State-DADRA & NAGAR HAVELI,Rural,Total,1956,1097,859,260,136,124,393,220,173,119,68,51,388,243,145,118,67,51,85,50,35,248,135,113,345,178,167
2194,C4920,26,0,State-DADRA & NAGAR HAVELI,Rural,0-4,110,61,49,13,7,6,24,15,9,6,2,4,9,7,2,3,2,1,1,1,0,21,9,12,33,18,15
2195,C4920,26,0,State-DADRA & NAGAR HAVELI,Rural,5-9,165,86,79,12,5,7,27,13,14,15,10,5,17,11,6,15,8,7,2,1,1,27,10,17,50,28,22
2196,C4920,26,0,State-DADRA & NAGAR HAVELI,Rural,10-19,404,243,161,36,21,15,57,39,18,31,17,14,57,40,17,49,28,21,14,6,8,51,32,19,109,60,49
2197,C4920,26,0,State-DADRA & NAGAR HAVELI,Rural,20-29,337,192,145,50,31,19,60,36,24,23,12,11,72,45,27,27,13,14,18,8,10,43,22,21,44,25,19
2198,C4920,26,0,State-DADRA & NAGAR HAVELI,Rural,30-39,247,162,85,25,16,9,43,30,13,21,14,7,62,42,20,6,4,2,21,15,6,33,21,12,36,20,16
2199,C4920,26,0,State-DADRA & NAGAR HAVELI,Rural,40-49,226,131,95,36,21,15,39,19,20,12,6,6,58,34,24,8,6,2,17,11,6,33,22,11,23,12,11
2200,C4920,26,0,State-DADRA & NAGAR HAVELI,Rural,50-59,147,81,66,21,13,8,35,16,19,5,4,1,41,26,15,5,3,2,4,3,1,21,10,11,15,6,9
2201,C4920,26,0,State-DADRA & NAGAR HAVELI,Rural,60-69,169,83,86,34,11,23,46,25,21,4,3,1,42,27,15,4,2,2,7,5,2,10,5,5,22,5,17
2202,C4920,26,0,State-DADRA & NAGAR HAVELI,Rural,70-79,115,44,71,26,7,19,44,20,24,1,0,1,26,9,17,0,0,0,1,0,1,8,4,4,9,4,5
2203,C4920,26,0,State-DADRA & NAGAR HAVELI,Rural,80-89,26,10,16,6,4,2,11,4,7,1,0,1,4,2,2,0,0,0,0,0,0,1,0,1,3,0,3
2204,C4920,26,0,State-DADRA & NAGAR HAVELI,Rural,90+,4,1,3,1,0,1,1,0,1,0,0,0,0,0,0,1,1,0,0,0,0,0,0,0,1,0,1
2205,C4920,26,0,State-DADRA & NAGAR HAVELI,Rural,Age Not Stated,6,3,3,0,0,0,6,3,3,0,0,0,0,0,0,0,0,0,0,0,0,0,0,0,0,0,0
2206,C4920,26,0,State-DADRA & NAGAR HAVELI,Urban,Total,1338,796,542,169,98,71,322,184,138,82,47,35,294,197,97,62,28,34,30,20,10,235,131,104,144,91,53
2207,C4920,26,0,State-DADRA & NAGAR HAVELI,Urban,0-4,95,58,37,12,6,6,37,21,16,1,1,0,13,11,2,3,2,1,1,1,0,18,9,9,10,7,3
2208,C4920,26,0,State-DADRA & NAGAR HAVELI,Urban,5-9,124,73,51,20,11,9,22,10,12,14,11,3,20,12,8,8,7,1,2,2,0,16,6,10,22,14,8
2209,C4920,26,0,State-DADRA & NAGAR HAVELI,Urban,10-19,246,148,98,24,8,16,48,30,18,21,11,10,38,27,11,22,9,13,5,4,1,43,25,18,45,34,11
2210,C4920,26,0,State-DADRA & NAGAR HAVELI,Urban,20-29,301,169,132,37,21,16,76,44,32,27,15,12,61,34,27,11,4,7,2,1,1,69,42,27,18,8,10
2211,C4920,26,0,State-DADRA & NAGAR HAVELI,Urban,30-39,229,138,91,23,16,7,58,38,20,9,5,4,61,41,20,10,3,7,7,5,2,44,21,23,17,9,8
2212,C4920,26,0,State-DADRA & NAGAR HAVELI,Urban,40-49,147,94,53,21,16,5,34,22,12,7,4,3,36,23,13,4,2,2,9,4,5,25,16,9,11,7,4
2213,C4920,26,0,State-DADRA & NAGAR HAVELI,Urban,50-59,80,48,32,10,5,5,12,5,7,2,0,2,29,23,6,3,0,3,1,0,1,12,8,4,11,7,4
2214,C4920,26,0,State-DADRA & NAGAR HAVELI,Urban,60-69,68,43,25,11,7,4,15,9,6,1,0,1,28,19,9,1,1,0,0,0,0,6,3,3,6,4,2
2215,C4920,26,0,State-DADRA & NAGAR HAVELI,Urban,70-79,30,16,14,7,4,3,13,2,11,0,0,0,5,5,0,0,0,0,3,3,0,1,1,0,1,1,0
2216,C4920,26,0,State-DADRA & NAGAR HAVELI,Urban,80-89,14,6,8,2,2,0,6,2,4,0,0,0,3,2,1,0,0,0,0,0,0,1,0,1,2,0,2
2217,C4920,26,0,State-DADRA & NAGAR HAVELI,Urban,90+,4,3,1,2,2,0,1,1,0,0,0,0,0,0,0,0,0,0,0,0,0,0,0,0,1,0,1
2218,C4920,26,0,State-DADRA & NAGAR HAVELI,Urban,Age Not Stated,0,0,0,0,0,0,0,0,0,0,0,0,0,0,0,0,0,0,0,0,0,0,0,0,0,0,0
2219,C4920,27,0,State-MAHARASHTRA,Total,Total,2963392,1692285,1271107,574052,311835,262217,473271,264956,208315,473610,260792,212818,548418,357348,191070,160209,90408,69801,58753,32907,25846,510736,279048,231688,164343,94991,69352
2220,C4920,27,0,State-MAHARASHTRA,Total,0-4,141926,76954,64972,32197,17223,14974,24678,12993,11685,5718,3099,2619,12463,7459,5004,5845,3276,2569,719,386,333,53173,28301,24872,7133,4217,2916
2221,C4920,27,0,State-MAHARASHTRA,Total,5-9,199445,110981,88464,40075,21613,18462,30891,16718,14173,34038,18599,15439,20946,12845,8101,16617,9709,6908,1586,912,674,38482,20694,17788,16810,9891,6919
2222,C4920,27,0,State-MAHARASHTRA,Total,10-19,484883,275083,209800,93353,51658,41695,74733,41352,33381,77534,42534,35000,60708,38423,22285,51319,29884,21435,5838,3322,2516,84448,46074,38374,36950,21836,15114
2223,C4920,27,0,State-MAHARASHTRA,Total,20-29,492115,283598,208517,85904,48930,36974,74317,42360,31957,85942,46561,39381,90219,58295,31924,34547,19419,15128,9577,5588,3989,85849,47331,38518,25760,15114,10646
2224,C4920,27,0,State-MAHARASHTRA,Total,30-39,447379,262291,185088,72682,41588,31094,67073,38993,28080,84255,46208,38047,93685,62845,30840,22468,12218,10250,12848,7489,5359,76516,42439,34077,17852,10511,7341
2225,C4920,27,0,State-MAHARASHTRA,Total,40-49,378502,228610,149892,65928,38283,27645,58401,35103,23298,72602,40831,31771,78239,55315,22924,14408,7967,6441,12218,6999,5219,62806,35508,27298,13900,8604,5296
2226,C4920,27,0,State-MAHARASHTRA,Total,50-59,285267,171870,113397,54401,30642,23759,44413,26298,18115,50499,28696,21803,65794,46254,19540,7332,4061,3271,7750,4298,3452,44439,24929,19510,10639,6692,3947
2227,C4920,27,0,State-MAHARASHTRA,Total,60-69,268581,145211,123370,62021,29709,32312,45274,23622,21652,35886,19395,16491,67633,42314,25319,4345,2193,2152,4897,2357,2540,35428,18256,17172,13097,7365,5732
2228,C4920,27,0,State-MAHARASHTRA,Total,70-79,168107,89186,78921,44058,20989,23069,33750,17581,16169,16044,8912,7132,40491,24272,16219,1783,900,883,2222,1050,1172,17266,9071,8195,12493,6411,6082
2229,C4920,27,0,State-MAHARASHTRA,Total,80-89,58140,28650,29490,15182,7134,8048,12835,6415,6420,4408,2348,2060,13085,6780,6305,542,233,309,587,261,326,5196,2584,2612,6305,2895,3410
2230,C4920,27,0,State-MAHARASHTRA,Total,90+,18928,8421,10507,4621,1973,2648,3823,1771,2052,1789,927,862,3516,1524,1992,304,158,146,202,81,121,2041,984,1057,2632,1003,1629
2231,C4920,27,0,State-MAHARASHTRA,Total,Age Not Stated,20119,11430,8689,3630,2093,1537,3083,1750,1333,4895,2682,2213,1639,1022,617,699,390,309,309,164,145,5092,2877,2215,772,452,320
2232,C4920,27,0,State-MAHARASHTRA,Rural,Total,1666135,950781,715354,321266,171367,149899,237739,132348,105391,240835,131871,108964,363353,237783,125570,92318,51165,41153,33972,18658,15314,270742,146452,124290,105910,61137,44773
2233,C4920,27,0,State-MAHARASHTRA,Rural,0-4,77630,42493,35137,16794,9005,7789,11325,6101,5224,3044,1647,1397,8931,5355,3576,3238,1797,1441,336,183,153,29234,15615,13619,4728,2790,1938
2234,C4920,27,0,State-MAHARASHTRA,Rural,5-9,115839,65184,50655,22612,12241,10371,15078,8317,6761,19236,10650,8586,14674,9002,5672,10682,6208,4474,790,459,331,21888,11778,10110,10879,6529,4350
2235,C4920,27,0,State-MAHARASHTRA,Rural,10-19,280310,160258,120052,52215,28997,23218,37678,21238,16440,43516,24122,19394,41142,26098,15044,31816,18245,13571,3153,1773,1380,47266,25802,21464,23524,13983,9541
2236,C4920,27,0,State-MAHARASHTRA,Rural,20-29,251522,146098,105424,39528,22428,17100,31201,17857,13344,41003,22229,18774,58580,38365,20215,18618,10133,8485,5406,3077,2329,41655,22910,18745,15531,9099,6432
2237,C4920,27,0,State-MAHARASHTRA,Rural,30-39,229939,135724,94215,34154,19556,14598,29009,16871,12138,39540,21322,18218,60184,40977,19207,11934,6288,5646,7539,4218,3321,37038,20224,16814,10541,6268,4273
2238,C4920,27,0,State-MAHARASHTRA,Rural,40-49,199982,121697,78285,33265,19323,13942,27100,16245,10855,35065,19461,15604,49735,35456,14279,7822,4234,3588,7261,4171,3090,31338,17534,13804,8396,5273,3123
2239,C4920,27,0,State-MAHARASHTRA,Rural,50-59,156113,93506,62607,29916,16518,13398,22351,12977,9374,24347,13591,10756,41867,29335,12532,3867,2115,1752,4452,2438,2014,22931,12516,10415,6382,4016,2366
2240,C4920,27,0,State-MAHARASHTRA,Rural,60-69,173569,91511,82058,42693,19610,23083,28281,14327,13954,20094,10534,9560,46497,28815,17682,2490,1212,1278,3083,1431,1652,21330,10589,10741,9101,4993,4108
2241,C4920,27,0,State-MAHARASHTRA,Rural,70-79,118115,62772,55343,33367,15767,17600,23274,12111,11163,9399,5301,4098,28997,17646,11351,1041,532,509,1369,642,727,11060,5859,5201,9608,4914,4694
2242,C4920,27,0,State-MAHARASHTRA,Rural,80-89,40245,20199,20046,11511,5447,6064,8533,4328,4205,2452,1352,1100,9138,4966,4172,293,132,161,329,146,183,3181,1582,1599,4808,2246,2562
2243,C4920,27,0,State-MAHARASHTRA,Rural,90+,12806,5677,7129,3352,1420,1932,2489,1168,1321,959,492,467,2556,1116,1440,164,86,78,121,44,77,1166,569,597,1999,782,1217
2244,C4920,27,0,State-MAHARASHTRA,Rural,Age Not Stated,10065,5662,4403,1859,1055,804,1420,808,612,2180,1170,1010,1052,652,400,353,183,170,133,76,57,2655,1474,1181,413,244,169
2245,C4920,27,0,State-MAHARASHTRA,Urban,Total,1297257,741504,555753,252786,140468,112318,235532,132608,102924,232775,128921,103854,185065,119565,65500,67891,39243,28648,24781,14249,10532,239994,132596,107398,58433,33854,24579
2246,C4920,27,0,State-MAHARASHTRA,Urban,0-4,64296,34461,29835,15403,8218,7185,13353,6892,6461,2674,1452,1222,3532,2104,1428,2607,1479,1128,383,203,180,23939,12686,11253,2405,1427,978
2247,C4920,27,0,State-MAHARASHTRA,Urban,5-9,83606,45797,37809,17463,9372,8091,15813,8401,7412,14802,7949,6853,6272,3843,2429,5935,3501,2434,796,453,343,16594,8916,7678,5931,3362,2569
2248,C4920,27,0,State-MAHARASHTRA,Urban,10-19,204573,114825,89748,41138,22661,18477,37055,20114,16941,34018,18412,15606,19566,12325,7241,19503,11639,7864,2685,1549,1136,37182,20272,16910,13426,7853,5573
2249,C4920,27,0,State-MAHARASHTRA,Urban,20-29,240593,137500,103093,46376,26502,19874,43116,24503,18613,44939,24332,20607,31639,19930,11709,15929,9286,6643,4171,2511,1660,44194,24421,19773,10229,6015,4214
2250,C4920,27,0,State-MAHARASHTRA,Urban,30-39,217440,126567,90873,38528,22032,16496,38064,22122,15942,44715,24886,19829,33501,21868,11633,10534,5930,4604,5309,3271,2038,39478,22215,17263,7311,4243,3068
2251,C4920,27,0,State-MAHARASHTRA,Urban,40-49,178520,106913,71607,32663,18960,13703,31301,18858,12443,37537,21370,16167,28504,19859,8645,6586,3733,2853,4957,2828,2129,31468,17974,13494,5504,3331,2173
2252,C4920,27,0,State-MAHARASHTRA,Urban,50-59,129154,78364,50790,24485,14124,10361,22062,13321,8741,26152,15105,11047,23927,16919,7008,3465,1946,1519,3298,1860,1438,21508,12413,9095,4257,2676,1581
2253,C4920,27,0,State-MAHARASHTRA,Urban,60-69,95012,53700,41312,19328,10099,9229,16993,9295,7698,15792,8861,6931,21136,13499,7637,1855,981,874,1814,926,888,14098,7667,6431,3996,2372,1624
2254,C4920,27,0,State-MAHARASHTRA,Urban,70-79,49992,26414,23578,10691,5222,5469,10476,5470,5006,6645,3611,3034,11494,6626,4868,742,368,374,853,408,445,6206,3212,2994,2885,1497,1388
2255,C4920,27,0,State-MAHARASHTRA,Urban,80-89,17895,8451,9444,3671,1687,1984,4302,2087,2215,1956,996,960,3947,1814,2133,249,101,148,258,115,143,2015,1002,1013,1497,649,848
2256,C4920,27,0,State-MAHARASHTRA,Urban,90+,6122,2744,3378,1269,553,716,1334,603,731,830,435,395,960,408,552,140,72,68,81,37,44,875,415,460,633,221,412
2257,C4920,27,0,State-MAHARASHTRA,Urban,Age Not Stated,10054,5768,4286,1771,1038,733,1663,942,721,2715,1512,1203,587,370,217,346,207,139,176,88,88,2437,1403,1034,359,208,151
2258,C4920,28,0,State-ANDHRA PRADESH,Total,Total,2266607,1224459,1042148,398144,198473,199671,334292,167226,167066,219543,121644,97899,538934,327947,210987,132380,70272,62108,43169,22283,20886,409775,214338,195437,190370,102276,88094
2259,C4920,28,0,State-ANDHRA PRADESH,Total,0-4,78258,41969,36289,12619,6534,6085,14155,7251,6904,2653,1462,1191,8253,4841,3412,3784,2105,1679,564,330,234,29600,15691,13909,6630,3755,2875
2260,C4920,28,0,State-ANDHRA PRADESH,Total,5-9,133968,73491,60477,17970,9627,8343,19574,10196,9378,19523,10881,8642,16371,9657,6714,12434,6903,5531,1688,988,700,28677,15182,13495,17731,10057,7674
2261,C4920,28,0,State-ANDHRA PRADESH,Total,10-19,339404,184217,155187,46107,24805,21302,49222,25714,23508,42526,23056,19470,53433,31087,22346,35675,19224,16451,6701,3588,3113,65866,34547,31319,39874,22196,17678
2262,C4920,28,0,State-ANDHRA PRADESH,Total,20-29,370116,199349,170767,43866,23262,20604,50057,24628,25429,41235,21586,19649,98071,58475,39596,28637,14767,13870,8624,4546,4078,69096,35358,33738,30530,16727,13803
2263,C4920,28,0,State-ANDHRA PRADESH,Total,30-39,319177,178432,140745,41959,22859,19100,46348,23490,22858,37395,20979,16416,81914,52288,29626,20650,10666,9984,8888,4548,4340,61454,32342,29112,20569,11260,9309
2264,C4920,28,0,State-ANDHRA PRADESH,Total,40-49,276850,160253,116597,44355,24337,20018,40813,21203,19610,30521,17964,12557,73084,48345,24739,14156,7803,6353,7276,3765,3511,51058,27862,23196,15587,8974,6613
2265,C4920,28,0,State-ANDHRA PRADESH,Total,50-59,230937,125887,105050,47305,22669,24636,33678,16492,17186,19755,11233,8522,67476,42387,25089,7823,4156,3667,4296,2098,2198,38096,19976,18120,12508,6876,5632
2266,C4920,28,0,State-ANDHRA PRADESH,Total,60-69,274586,140236,134350,75031,32972,42059,40672,19097,21575,15471,8582,6889,79894,47531,32363,5337,2709,2628,3247,1544,1703,35467,17981,17486,19467,9820,9647
2267,C4920,28,0,State-ANDHRA PRADESH,Total,70-79,152803,78520,74283,46268,21522,24746,24226,11977,12249,6158,3527,2631,41528,24025,17503,1892,968,924,1152,554,598,15503,8020,7483,16076,7927,8149
2268,C4920,28,0,State-ANDHRA PRADESH,Total,80-89,51751,23176,28575,15339,6526,8813,8976,4032,4944,1608,826,782,12769,6153,6616,557,243,314,323,133,190,4448,2053,2395,7731,3210,4521
2269,C4920,28,0,State-ANDHRA PRADESH,Total,90+,12676,5095,7581,3174,1262,1912,2143,896,1247,473,251,222,2626,1068,1558,203,86,117,86,33,53,1546,656,890,2425,843,1582
2270,C4920,28,0,State-ANDHRA PRADESH,Total,Age Not Stated,26081,13834,12247,4151,2098,2053,4428,2250,2178,2225,1297,928,3515,2090,1425,1232,642,590,324,156,168,8964,4670,4294,1242,631,611
2271,C4920,28,0,State-ANDHRA PRADESH,Rural,Total,1512961,812882,700079,261467,127379,134088,197246,96517,100729,138068,76156,61912,411720,249840,161880,92195,47964,44231,30581,15303,15278,238999,123976,115023,142685,75747,66938
2272,C4920,28,0,State-ANDHRA PRADESH,Rural,0-4,43012,23268,19744,5239,2713,2526,6137,3097,3040,1787,984,803,6277,3718,2559,2309,1264,1045,312,188,124,16161,8573,7588,4790,2731,2059
2273,C4920,28,0,State-ANDHRA PRADESH,Rural,5-9,85079,47001,38078,9001,4828,4173,10008,5145,4863,13499,7646,5853,12703,7526,5177,9259,5113,4146,1131,654,477,16148,8535,7613,13330,7554,5776
2274,C4920,28,0,State-ANDHRA PRADESH,Rural,10-19,214657,116908,97749,23925,13101,10824,26005,13534,12471,28026,15255,12771,40913,23824,17089,25543,13540,12003,4617,2418,2199,36663,19215,17448,28965,16021,12944
2275,C4920,28,0,State-ANDHRA PRADESH,Rural,20-29,229673,125990,103683,21734,11981,9753,24895,12380,12515,25198,13383,11815,72954,44009,28945,19715,10000,9715,5889,3018,2871,37696,19455,18241,21592,11764,9828
2276,C4920,28,0,State-ANDHRA PRADESH,Rural,30-39,199114,110963,88151,22648,12305,10343,24585,11843,12742,22272,12375,9897,60221,38619,21602,14095,6980,7115,6328,3127,3201,34382,17826,16556,14583,7888,6695
2277,C4920,28,0,State-ANDHRA PRADESH,Rural,40-49,180228,103649,76579,27400,14691,12709,24122,12255,11867,18301,10588,7713,54270,35689,18581,9664,5208,4456,5249,2610,2639,29982,16205,13777,11240,6403,4837
2278,C4920,28,0,State-ANDHRA PRADESH,Rural,50-59,158907,84514,74393,33430,15395,18035,21727,10184,11543,11866,6556,5310,50807,31295,19512,5363,2775,2588,3214,1505,1709,23339,11872,11467,9161,4932,4229
2279,C4920,28,0,State-ANDHRA PRADESH,Rural,60-69,214484,107652,106832,61511,26561,34950,30905,14268,16637,10447,5605,4842,64459,37984,26475,3831,1888,1943,2489,1159,1330,24945,12351,12594,15897,7836,8061
2280,C4920,28,0,State-ANDHRA PRADESH,Rural,70-79,123664,63468,60196,39234,18297,20937,19030,9377,9653,4221,2412,1809,34100,19731,14369,1351,682,669,877,426,451,11166,5809,5357,13685,6734,6951
2281,C4920,28,0,State-ANDHRA PRADESH,Rural,80-89,41747,18902,22845,12955,5611,7344,6968,3147,3821,1055,550,505,10521,5148,5373,377,166,211,247,99,148,3055,1422,1633,6569,2759,3810
2282,C4920,28,0,State-ANDHRA PRADESH,Rural,90+,9594,3828,5766,2517,988,1529,1525,635,890,261,142,119,2112,887,1225,127,49,78,56,18,38,915,380,535,2081,729,1352
2283,C4920,28,0,State-ANDHRA PRADESH,Rural,Age Not Stated,12802,6739,6063,1873,908,965,1339,652,687,1135,660,475,2383,1410,973,561,299,262,172,81,91,4547,2333,2214,792,396,396
2284,C4920,28,0,State-ANDHRA PRADESH,Urban,Total,753646,411577,342069,136677,71094,65583,137046,70709,66337,81475,45488,35987,127214,78107,49107,40185,22308,17877,12588,6980,5608,170776,90362,80414,47685,26529,21156
2285,C4920,28,0,State-ANDHRA PRADESH,Urban,0-4,35246,18701,16545,7380,3821,3559,8018,4154,3864,866,478,388,1976,1123,853,1475,841,634,252,142,110,13439,7118,6321,1840,1024,816
2286,C4920,28,0,State-ANDHRA PRADESH,Urban,5-9,48889,26490,22399,8969,4799,4170,9566,5051,4515,6024,3235,2789,3668,2131,1537,3175,1790,1385,557,334,223,12529,6647,5882,4401,2503,1898
2287,C4920,28,0,State-ANDHRA PRADESH,Urban,10-19,124747,67309,57438,22182,11704,10478,23217,12180,11037,14500,7801,6699,12520,7263,5257,10132,5684,4448,2084,1170,914,29203,15332,13871,10909,6175,4734
2288,C4920,28,0,State-ANDHRA PRADESH,Urban,20-29,140443,73359,67084,22132,11281,10851,25162,12248,12914,16037,8203,7834,25117,14466,10651,8922,4767,4155,2735,1528,1207,31400,15903,15497,8938,4963,3975
2289,C4920,28,0,State-ANDHRA PRADESH,Urban,30-39,120063,67469,52594,19311,10554,8757,21763,11647,10116,15123,8604,6519,21693,13669,8024,6555,3686,2869,2560,1421,1139,27072,14516,12556,5986,3372,2614
2290,C4920,28,0,State-ANDHRA PRADESH,Urban,40-49,96622,56604,40018,16955,9646,7309,16691,8948,7743,12220,7376,4844,18814,12656,6158,4492,2595,1897,2027,1155,872,21076,11657,9419,4347,2571,1776
2291,C4920,28,0,State-ANDHRA PRADESH,Urban,50-59,72030,41373,30657,13875,7274,6601,11951,6308,5643,7889,4677,3212,16669,11092,5577,2460,1381,1079,1082,593,489,14757,8104,6653,3347,1944,1403
2292,C4920,28,0,State-ANDHRA PRADESH,Urban,60-69,60102,32584,27518,13520,6411,7109,9767,4829,4938,5024,2977,2047,15435,9547,5888,1506,821,685,758,385,373,10522,5630,4892,3570,1984,1586
2293,C4920,28,0,State-ANDHRA PRADESH,Urban,70-79,29139,15052,14087,7034,3225,3809,5196,2600,2596,1937,1115,822,7428,4294,3134,541,286,255,275,128,147,4337,2211,2126,2391,1193,1198
2294,C4920,28,0,State-ANDHRA PRADESH,Urban,80-89,10004,4274,5730,2384,915,1469,2008,885,1123,553,276,277,2248,1005,1243,180,77,103,76,34,42,1393,631,762,1162,451,711
2295,C4920,28,0,State-ANDHRA PRADESH,Urban,90+,3082,1267,1815,657,274,383,618,261,357,212,109,103,514,181,333,76,37,39,30,15,15,631,276,355,344,114,230
2296,C4920,28,0,State-ANDHRA PRADESH,Urban,Age Not Stated,13279,7095,6184,2278,1190,1088,3089,1598,1491,1090,637,453,1132,680,452,671,343,328,152,75,77,4417,2337,2080,450,235,215
2297,C4920,29,0,State-KARNATAKA,Total,Total,1324205,726521,597684,264170,133909,130261,235691,122685,113006,90741,49848,40893,271982,171139,100843,93974,49501,44473,20913,10828,10085,246721,133079,113642,100013,55532,44481
2298,C4920,29,0,State-KARNATAKA,Total,0-4,58602,30721,27881,13334,6841,6493,13182,6650,6532,1325,732,593,6214,3628,2586,3376,1771,1605,252,135,117,16411,8441,7970,4508,2523,1985
2299,C4920,29,0,State-KARNATAKA,Total,5-9,93449,51342,42107,15870,8403,7467,16196,8370,7826,10657,6138,4519,11688,6986,4702,8702,4883,3819,621,346,275,18280,9507,8773,11435,6709,4726
2300,C4920,29,0,State-KARNATAKA,Total,10-19,237332,130720,106612,39912,21598,18314,39372,20720,18652,23449,13108,10341,38546,22910,15636,26113,14254,11859,2627,1423,1204,43087,22948,20139,24226,13759,10467
2301,C4920,29,0,State-KARNATAKA,Total,20-29,243962,133564,110398,40641,21634,19007,42740,22494,20246,18367,9779,8588,56504,34077,22427,20624,10723,9901,3733,1948,1785,45115,23874,21241,16238,9035,7203
2302,C4920,29,0,State-KARNATAKA,Total,30-39,193941,108554,85387,33276,17645,15631,34493,18241,16252,13276,6891,6385,44458,28807,15651,14512,7326,7186,4318,2280,2038,38768,21385,17383,10840,5979,4861
2303,C4920,29,0,State-KARNATAKA,Total,40-49,157235,91900,65335,28558,15454,13104,28245,15436,12809,10061,5627,4434,36126,24705,11421,10073,5301,4772,4107,2159,1948,31667,18165,13502,8398,5053,3345
2304,C4920,29,0,State-KARNATAKA,Total,50-59,118482,67791,50691,25262,12796,12466,20904,10976,9928,6287,3585,2702,29638,20121,9517,5424,2783,2641,2655,1334,1321,22300,12584,9716,6012,3612,2400
2305,C4920,29,0,State-KARNATAKA,Total,60-69,113719,60679,53040,31488,14274,17214,19966,10018,9948,4605,2560,2045,27657,17951,9706,3313,1613,1700,1705,816,889,17952,9631,8321,7033,3816,3217
2306,C4920,29,0,State-KARNATAKA,Total,70-79,69151,34765,34386,22991,10127,12864,12845,6306,6539,1908,1061,847,14622,8927,5695,1220,556,664,629,293,336,8852,4529,4323,6084,2966,3118
2307,C4920,29,0,State-KARNATAKA,Total,80-89,28285,12345,15940,9878,3983,5895,5599,2528,3071,571,254,317,4959,2383,2576,395,179,216,192,65,127,3058,1446,1612,3633,1507,2126
2308,C4920,29,0,State-KARNATAKA,Total,90+,8513,3298,5215,2698,1009,1689,1651,682,969,153,73,80,1410,553,857,145,61,84,60,22,38,875,369,506,1521,529,992
2309,C4920,29,0,State-KARNATAKA,Total,Age Not Stated,1534,842,692,262,145,117,498,264,234,82,40,42,160,91,69,77,51,26,14,7,7,356,200,156,85,44,41
2310,C4920,29,0,State-KARNATAKA,Rural,Total,792694,438605,354089,139405,69266,70139,120294,62341,57953,60633,33680,26953,195850,124089,71761,59116,30810,28306,13225,6698,6527,135183,73633,61550,68988,38088,30900
2311,C4920,29,0,State-KARNATAKA,Rural,0-4,31159,16574,14585,5391,2746,2645,6134,3149,2985,882,492,390,4590,2699,1891,1901,985,916,122,69,53,9046,4701,4345,3093,1733,1360
2312,C4920,29,0,State-KARNATAKA,Rural,5-9,56330,31340,24990,7483,4014,3469,8158,4225,3933,7440,4328,3112,8719,5208,3511,5807,3265,2542,313,168,145,10222,5313,4909,8188,4819,3369
2313,C4920,29,0,State-KARNATAKA,Rural,10-19,147239,82388,64851,20443,11344,9099,20686,11093,9593,16544,9446,7098,28933,17223,11710,17602,9556,8046,1577,850,727,24772,13338,11434,16682,9538,7144
2314,C4920,29,0,State-KARNATAKA,Rural,20-29,134156,75354,58802,15770,8705,7065,18226,9764,8462,11845,6402,5443,40278,24665,15613,12676,6544,6132,2315,1144,1171,22265,12147,10118,10781,5983,4798
2315,C4920,29,0,State-KARNATAKA,Rural,30-39,105581,59878,45703,13386,7112,6274,15208,7894,7314,8330,4314,4016,30972,20393,10579,8599,4205,4394,2768,1430,1338,19382,10760,8622,6936,3770,3166
2316,C4920,29,0,State-KARNATAKA,Rural,40-49,91454,54238,37216,13653,7411,6242,14135,7633,6502,6672,3733,2939,25514,17634,7880,6172,3170,3002,2680,1389,1291,17160,9951,7209,5468,3317,2151
2317,C4920,29,0,State-KARNATAKA,Rural,50-59,71198,40889,30309,13798,6767,7031,11186,5762,5424,4095,2320,1775,20822,14136,6686,3208,1614,1594,1755,854,901,12475,7104,5371,3859,2332,1527
2318,C4920,29,0,State-KARNATAKA,Rural,60-69,77067,40817,36250,21673,9481,12192,12639,6305,6334,3085,1729,1356,20186,13069,7117,2075,984,1091,1139,543,596,11218,6019,5199,5052,2687,2365
2319,C4920,29,0,State-KARNATAKA,Rural,70-79,50543,25258,25285,17788,7696,10092,8782,4276,4506,1256,691,565,10974,6780,4194,745,338,407,394,187,207,5894,3020,2874,4710,2270,2440
2320,C4920,29,0,State-KARNATAKA,Rural,80-89,20952,9101,11851,7824,3177,4647,3889,1730,2159,348,158,190,3676,1794,1882,202,79,123,108,42,66,2012,945,1067,2893,1176,1717
2321,C4920,29,0,State-KARNATAKA,Rural,90+,6324,2399,3925,2077,754,1323,1135,457,678,96,45,51,1064,420,644,79,35,44,47,18,29,562,236,326,1264,434,830
2322,C4920,29,0,State-KARNATAKA,Rural,Age Not Stated,691,369,322,119,59,60,116,53,63,40,22,18,122,68,54,50,35,15,7,4,3,175,99,76,62,29,33
2323,C4920,29,0,State-KARNATAKA,Urban,Total,531511,287916,243595,124765,64643,60122,115397,60344,55053,30108,16168,13940,76132,47050,29082,34858,18691,16167,7688,4130,3558,111538,59446,52092,31025,17444,13581
2324,C4920,29,0,State-KARNATAKA,Urban,0-4,27443,14147,13296,7943,4095,3848,7048,3501,3547,443,240,203,1624,929,695,1475,786,689,130,66,64,7365,3740,3625,1415,790,625
2325,C4920,29,0,State-KARNATAKA,Urban,5-9,37119,20002,17117,8387,4389,3998,8038,4145,3893,3217,1810,1407,2969,1778,1191,2895,1618,1277,308,178,130,8058,4194,3864,3247,1890,1357
2326,C4920,29,0,State-KARNATAKA,Urban,10-19,90093,48332,41761,19469,10254,9215,18686,9627,9059,6905,3662,3243,9613,5687,3926,8511,4698,3813,1050,573,477,18315,9610,8705,7544,4221,3323
2327,C4920,29,0,State-KARNATAKA,Urban,20-29,109806,58210,51596,24871,12929,11942,24514,12730,11784,6522,3377,3145,16226,9412,6814,7948,4179,3769,1418,804,614,22850,11727,11123,5457,3052,2405
2328,C4920,29,0,State-KARNATAKA,Urban,30-39,88360,48676,39684,19890,10533,9357,19285,10347,8938,4946,2577,2369,13486,8414,5072,5913,3121,2792,1550,850,700,19386,10625,8761,3904,2209,1695
2329,C4920,29,0,State-KARNATAKA,Urban,40-49,65781,37662,28119,14905,8043,6862,14110,7803,6307,3389,1894,1495,10612,7071,3541,3901,2131,1770,1427,770,657,14507,8214,6293,2930,1736,1194
2330,C4920,29,0,State-KARNATAKA,Urban,50-59,47284,26902,20382,11464,6029,5435,9718,5214,4504,2192,1265,927,8816,5985,2831,2216,1169,1047,900,480,420,9825,5480,4345,2153,1280,873
2331,C4920,29,0,State-KARNATAKA,Urban,60-69,36652,19862,16790,9815,4793,5022,7327,3713,3614,1520,831,689,7471,4882,2589,1238,629,609,566,273,293,6734,3612,3122,1981,1129,852
2332,C4920,29,0,State-KARNATAKA,Urban,70-79,18608,9507,9101,5203,2431,2772,4063,2030,2033,652,370,282,3648,2147,1501,475,218,257,235,106,129,2958,1509,1449,1374,696,678
2333,C4920,29,0,State-KARNATAKA,Urban,80-89,7333,3244,4089,2054,806,1248,1710,798,912,223,96,127,1283,589,694,193,100,93,84,23,61,1046,501,545,740,331,409
2334,C4920,29,0,State-KARNATAKA,Urban,90+,2189,899,1290,621,255,366,516,225,291,57,28,29,346,133,213,66,26,40,13,4,9,313,133,180,257,95,162
2335,C4920,29,0,State-KARNATAKA,Urban,Age Not Stated,843,473,370,143,86,57,382,211,171,42,18,24,38,23,15,27,16,11,7,3,4,181,101,80,23,15,8
2336,C4920,30,0,State-GOA,Total,Total,33012,17016,15996,4964,2350,2614,5347,2621,2726,5272,2807,2465,5578,3153,2425,1817,965,852,1675,875,800,5784,2933,2851,2575,1312,1263
2337,C4920,30,0,State-GOA,Total,0-4,980,498,482,126,62,64,180,80,100,44,27,17,58,36,22,59,24,35,10,7,3,428,227,201,75,35,40
2338,C4920,30,0,State-GOA,Total,5-9,1407,728,679,151,73,78,242,120,122,345,176,169,85,48,37,108,62,46,43,21,22,298,146,152,135,82,53
2339,C4920,30,0,State-GOA,Total,10-19,3644,2027,1617,414,224,190,568,287,281,681,368,313,317,197,120,459,267,192,144,90,54,711,382,329,350,212,138
2340,C4920,30,0,State-GOA,Total,20-29,4128,2286,1842,448,231,217,653,367,286,921,496,425,421,269,152,340,196,144,214,123,91,823,425,398,308,179,129
2341,C4920,30,0,State-GOA,Total,30-39,4549,2402,2147,520,244,276,656,354,302,959,506,453,667,400,267,301,148,153,354,189,165,789,403,386,303,158,145
2342,C4920,30,0,State-GOA,Total,40-49,4687,2617,2070,709,364,345,680,363,317,861,491,370,720,497,223,264,133,131,340,178,162,868,445,423,245,146,99
2343,C4920,30,0,State-GOA,Total,50-59,4295,2287,2008,774,388,386,624,312,312,661,341,320,878,547,331,137,66,71,260,138,122,709,358,351,252,137,115
2344,C4920,30,0,State-GOA,Total,60-69,4434,2198,2236,901,395,506,750,336,414,516,260,256,1057,605,452,85,42,43,178,84,94,617,313,304,330,163,167
2345,C4920,30,0,State-GOA,Total,70-79,3089,1319,1770,636,252,384,606,259,347,195,101,94,845,392,453,51,23,28,83,31,52,361,153,208,312,108,204
2346,C4920,30,0,State-GOA,Total,80-89,1409,514,895,222,90,132,310,117,193,53,18,35,433,138,295,11,4,7,39,11,28,145,66,79,196,70,126
2347,C4920,30,0,State-GOA,Total,90+,302,100,202,52,23,29,60,21,39,17,13,4,90,21,69,2,0,2,4,1,3,18,5,13,59,16,43
2348,C4920,30,0,State-GOA,Total,Age Not Stated,88,40,48,11,4,7,18,5,13,19,10,9,7,3,4,0,0,0,6,2,4,17,10,7,10,6,4
2349,C4920,30,0,State-GOA,Rural,Total,14622,7479,7143,2418,1138,1280,2272,1072,1200,2148,1119,1029,2446,1418,1028,793,418,375,764,404,360,2553,1312,1241,1228,598,630
2350,C4920,30,0,State-GOA,Rural,0-4,389,200,189,46,26,20,70,27,43,17,10,7,26,15,11,22,9,13,3,2,1,173,97,76,32,14,18
2351,C4920,30,0,State-GOA,Rural,5-9,567,288,279,67,32,35,105,56,49,131,64,67,36,22,14,40,24,16,16,7,9,127,57,70,45,26,19
2352,C4920,30,0,State-GOA,Rural,10-19,1537,861,676,158,79,79,208,107,101,288,156,132,156,105,51,231,131,100,58,38,20,307,172,135,131,73,58
2353,C4920,30,0,State-GOA,Rural,20-29,1639,891,748,182,94,88,227,119,108,364,192,172,190,119,71,129,76,53,102,57,45,303,159,144,142,75,67
2354,C4920,30,0,State-GOA,Rural,30-39,2002,1052,950,241,111,130,276,148,128,393,207,186,305,183,122,116,58,58,150,78,72,369,195,174,152,72,80
2355,C4920,30,0,State-GOA,Rural,40-49,2058,1154,904,326,168,158,265,142,123,349,192,157,324,228,96,120,58,62,166,86,80,381,199,182,127,81,46
2356,C4920,30,0,State-GOA,Rural,50-59,1999,1060,939,391,203,188,279,133,146,286,142,144,368,233,135,62,29,33,132,76,56,350,175,175,131,69,62
2357,C4920,30,0,State-GOA,Rural,60-69,2202,1078,1124,516,236,280,371,151,220,219,109,110,485,282,203,42,19,23,84,46,38,308,152,156,177,83,94
2358,C4920,30,0,State-GOA,Rural,70-79,1444,597,847,337,124,213,309,135,174,70,34,36,356,166,190,25,12,13,35,7,28,153,67,86,159,52,107
2359,C4920,30,0,State-GOA,Rural,80-89,608,233,375,124,54,70,129,45,84,17,4,13,162,55,107,5,2,3,11,4,7,65,29,36,95,40,55
2360,C4920,30,0,State-GOA,Rural,90+,143,47,96,27,10,17,28,8,20,11,8,3,33,7,26,1,0,1,3,1,2,8,3,5,32,10,22
2361,C4920,30,0,State-GOA,Rural,Age Not Stated,34,18,16,3,1,2,5,1,4,3,1,2,5,3,2,0,0,0,4,2,2,9,7,2,5,3,2
2362,C4920,30,0,State-GOA,Urban,Total,18390,9537,8853,2546,1212,1334,3075,1549,1526,3124,1688,1436,3132,1735,1397,1024,547,477,911,471,440,3231,1621,1610,1347,714,633
2363,C4920,30,0,State-GOA,Urban,0-4,591,298,293,80,36,44,110,53,57,27,17,10,32,21,11,37,15,22,7,5,2,255,130,125,43,21,22
2364,C4920,30,0,State-GOA,Urban,5-9,840,440,400,84,41,43,137,64,73,214,112,102,49,26,23,68,38,30,27,14,13,171,89,82,90,56,34
2365,C4920,30,0,State-GOA,Urban,10-19,2107,1166,941,256,145,111,360,180,180,393,212,181,161,92,69,228,136,92,86,52,34,404,210,194,219,139,80
2366,C4920,30,0,State-GOA,Urban,20-29,2489,1395,1094,266,137,129,426,248,178,557,304,253,231,150,81,211,120,91,112,66,46,520,266,254,166,104,62
2367,C4920,30,0,State-GOA,Urban,30-39,2547,1350,1197,279,133,146,380,206,174,566,299,267,362,217,145,185,90,95,204,111,93,420,208,212,151,86,65
2368,C4920,30,0,State-GOA,Urban,40-49,2629,1463,1166,383,196,187,415,221,194,512,299,213,396,269,127,144,75,69,174,92,82,487,246,241,118,65,53
2369,C4920,30,0,State-GOA,Urban,50-59,2296,1227,1069,383,185,198,345,179,166,375,199,176,510,314,196,75,37,38,128,62,66,359,183,176,121,68,53
2370,C4920,30,0,State-GOA,Urban,60-69,2232,1120,1112,385,159,226,379,185,194,297,151,146,572,323,249,43,23,20,94,38,56,309,161,148,153,80,73
2371,C4920,30,0,State-GOA,Urban,70-79,1645,722,923,299,128,171,297,124,173,125,67,58,489,226,263,26,11,15,48,24,24,208,86,122,153,56,97
2372,C4920,30,0,State-GOA,Urban,80-89,801,281,520,98,36,62,181,72,109,36,14,22,271,83,188,6,2,4,28,7,21,80,37,43,101,30,71
2373,C4920,30,0,State-GOA,Urban,90+,159,53,106,25,13,12,32,13,19,6,5,1,57,14,43,1,0,1,1,0,1,10,2,8,27,6,21
2374,C4920,30,0,State-GOA,Urban,Age Not Stated,54,22,32,8,3,5,13,4,9,16,9,7,2,0,2,0,0,0,2,0,2,8,3,5,5,3,2
2375,C4920,31,0,State-LAKSHADWEEP,Total,Total,1615,838,777,337,149,188,224,105,119,73,48,25,361,210,151,112,75,37,96,34,62,183,100,83,229,117,112
2376,C4920,31,0,State-LAKSHADWEEP,Total,0-4,44,25,19,3,2,1,8,4,4,2,1,1,11,5,6,1,1,0,0,0,0,12,8,4,7,4,3
2377,C4920,31,0,State-LAKSHADWEEP,Total,5-9,103,50,53,17,6,11,12,3,9,4,4,0,14,7,7,13,10,3,0,0,0,20,11,9,23,9,14
2378,C4920,31,0,State-LAKSHADWEEP,Total,10-19,235,124,111,50,28,22,38,19,19,13,7,6,25,12,13,34,18,16,0,0,0,29,16,13,46,24,22
2379,C4920,31,0,State-LAKSHADWEEP,Total,20-29,259,146,113,42,21,21,44,20,24,20,12,8,43,30,13,28,21,7,10,3,7,33,17,16,39,22,17
2380,C4920,31,0,State-LAKSHADWEEP,Total,30-39,247,134,113,30,8,22,30,16,14,14,10,4,78,48,30,19,15,4,23,9,14,19,9,10,34,19,15
2381,C4920,31,0,State-LAKSHADWEEP,Total,40-49,211,102,109,46,18,28,30,16,14,9,7,2,43,27,16,8,4,4,29,8,21,22,13,9,24,9,15
2382,C4920,31,0,State-LAKSHADWEEP,Total,50-59,198,104,94,56,24,32,19,9,10,4,2,2,48,28,20,6,5,1,22,9,13,28,17,11,15,10,5
2383,C4920,31,0,State-LAKSHADWEEP,Total,60-69,173,85,88,51,23,28,20,9,11,6,4,2,57,29,28,2,0,2,11,5,6,10,5,5,16,10,6
2384,C4920,31,0,State-LAKSHADWEEP,Total,70-79,92,45,47,29,12,17,13,5,8,1,1,0,24,15,9,1,1,0,1,0,1,10,4,6,13,7,6
2385,C4920,31,0,State-LAKSHADWEEP,Total,80-89,42,21,21,12,7,5,9,4,5,0,0,0,15,8,7,0,0,0,0,0,0,0,0,0,6,2,4
2386,C4920,31,0,State-LAKSHADWEEP,Total,90+,11,2,9,1,0,1,1,0,1,0,0,0,3,1,2,0,0,0,0,0,0,0,0,0,6,1,5
2387,C4920,31,0,State-LAKSHADWEEP,Total,Age Not Stated,0,0,0,0,0,0,0,0,0,0,0,0,0,0,0,0,0,0,0,0,0,0,0,0,0,0,0
2388,C4920,31,0,State-LAKSHADWEEP,Rural,Total,396,188,208,104,45,59,47,22,25,10,7,3,79,44,35,24,13,11,39,12,27,35,16,19,58,29,29
2389,C4920,31,0,State-LAKSHADWEEP,Rural,0-4,7,3,4,1,0,1,2,1,1,0,0,0,3,1,2,0,0,0,0,0,0,0,0,0,1,1,0
2390,C4920,31,0,State-LAKSHADWEEP,Rural,5-9,20,7,13,1,0,1,4,2,2,1,1,0,4,1,3,1,1,0,0,0,0,0,0,0,9,2,7
2391,C4920,31,0,State-LAKSHADWEEP,Rural,10-19,51,23,28,15,4,11,8,5,3,1,0,1,5,2,3,10,4,6,0,0,0,4,3,1,8,5,3
2392,C4920,31,0,State-LAKSHADWEEP,Rural,20-29,50,25,25,10,7,3,8,2,6,1,0,1,5,4,1,7,4,3,5,1,4,6,2,4,8,5,3
2393,C4920,31,0,State-LAKSHADWEEP,Rural,30-39,58,28,30,7,1,6,7,4,3,2,1,1,15,9,6,3,2,1,11,5,6,7,3,4,6,3,3
2394,C4920,31,0,State-LAKSHADWEEP,Rural,40-49,55,23,32,21,5,16,4,3,1,2,2,0,6,3,3,2,1,1,11,3,8,7,4,3,2,2,0
2395,C4920,31,0,State-LAKSHADWEEP,Rural,50-59,51,26,25,18,12,6,5,2,3,1,1,0,7,3,4,1,1,0,7,1,6,7,3,4,5,3,2
2396,C4920,31,0,State-LAKSHADWEEP,Rural,60-69,58,28,30,17,8,9,4,1,3,1,1,0,22,11,11,0,0,0,5,2,3,2,1,1,7,4,3
2397,C4920,31,0,State-LAKSHADWEEP,Rural,70-79,29,13,16,10,5,5,2,0,2,1,1,0,8,6,2,0,0,0,0,0,0,2,0,2,6,1,5
2398,C4920,31,0,State-LAKSHADWEEP,Rural,80-89,15,11,4,4,3,1,3,2,1,0,0,0,4,4,0,0,0,0,0,0,0,0,0,0,4,2,2
2399,C4920,31,0,State-LAKSHADWEEP,Rural,90+,2,1,1,0,0,0,0,0,0,0,0,0,0,0,0,0,0,0,0,0,0,0,0,0,2,1,1
2400,C4920,31,0,State-LAKSHADWEEP,Rural,Age Not Stated,0,0,0,0,0,0,0,0,0,0,0,0,0,0,0,0,0,0,0,0,0,0,0,0,0,0,0
2401,C4920,31,0,State-LAKSHADWEEP,Urban,Total,1219,650,569,233,104,129,177,83,94,63,41,22,282,166,116,88,62,26,57,22,35,148,84,64,171,88,83
2402,C4920,31,0,State-LAKSHADWEEP,Urban,0-4,37,22,15,2,2,0,6,3,3,2,1,1,8,4,4,1,1,0,0,0,0,12,8,4,6,3,3
2403,C4920,31,0,State-LAKSHADWEEP,Urban,5-9,83,43,40,16,6,10,8,1,7,3,3,0,10,6,4,12,9,3,0,0,0,20,11,9,14,7,7
2404,C4920,31,0,State-LAKSHADWEEP,Urban,10-19,184,101,83,35,24,11,30,14,16,12,7,5,20,10,10,24,14,10,0,0,0,25,13,12,38,19,19
2405,C4920,31,0,State-LAKSHADWEEP,Urban,20-29,209,121,88,32,14,18,36,18,18,19,12,7,38,26,12,21,17,4,5,2,3,27,15,12,31,17,14
2406,C4920,31,0,State-LAKSHADWEEP,Urban,30-39,189,106,83,23,7,16,23,12,11,12,9,3,63,39,24,16,13,3,12,4,8,12,6,6,28,16,12
2407,C4920,31,0,State-LAKSHADWEEP,Urban,40-49,156,79,77,25,13,12,26,13,13,7,5,2,37,24,13,6,3,3,18,5,13,15,9,6,22,7,15
2408,C4920,31,0,State-LAKSHADWEEP,Urban,50-59,147,78,69,38,12,26,14,7,7,3,1,2,41,25,16,5,4,1,15,8,7,21,14,7,10,7,3
2409,C4920,31,0,State-LAKSHADWEEP,Urban,60-69,115,57,58,34,15,19,16,8,8,5,3,2,35,18,17,2,0,2,6,3,3,8,4,4,9,6,3
2410,C4920,31,0,State-LAKSHADWEEP,Urban,70-79,63,32,31,19,7,12,11,5,6,0,0,0,16,9,7,1,1,0,1,0,1,8,4,4,7,6,1
2411,C4920,31,0,State-LAKSHADWEEP,Urban,80-89,27,10,17,8,4,4,6,2,4,0,0,0,11,4,7,0,0,0,0,0,0,0,0,0,2,0,2
2412,C4920,31,0,State-LAKSHADWEEP,Urban,90+,9,1,8,1,0,1,1,0,1,0,0,0,3,1,2,0,0,0,0,0,0,0,0,0,4,0,4
2413,C4920,31,0,State-LAKSHADWEEP,Urban,Age Not Stated,0,0,0,0,0,0,0,0,0,0,0,0,0,0,0,0,0,0,0,0,0,0,0,0,0,0,0
2414,C4920,32,0,State-KERALA,Total,Total,761843,394706,367137,115513,53167,62346,105366,48087,57279,41346,22319,19027,171630,100894,70736,65709,35614,30095,66915,33819,33096,96131,49498,46633,99233,51308,47925
2415,C4920,32,0,State-KERALA,Total,0-4,16039,8698,7341,1390,689,701,3428,1756,1672,584,333,251,2293,1364,929,909,511,398,78,30,48,5072,2730,2342,2285,1285,1000
2416,C4920,32,0,State-KERALA,Total,5-9,28183,15925,12258,2979,1601,1378,4359,2267,2092,3449,2044,1405,3300,1969,1331,3766,2253,1513,182,110,72,4734,2541,2193,5414,3140,2274
2417,C4920,32,0,State-KERALA,Total,10-19,76235,43621,32614,9101,5127,3974,10781,5831,4950,6633,3900,2733,8970,5430,3540,15149,8955,6194,1369,765,604,10955,6013,4942,13277,7600,5677
2418,C4920,32,0,State-KERALA,Total,20-29,86477,47514,38963,6630,3771,2859,10755,5217,5538,6365,3254,3111,15400,9168,6232,15194,8569,6625,6287,3584,2703,12306,6443,5863,13540,7508,6032
2419,C4920,32,0,State-KERALA,Total,30-39,102996,54831,48165,8184,4042,4142,11466,5231,6235,6541,3197,3344,24669,14847,9822,13001,6700,6301,13309,7417,5892,12546,6353,6193,13280,7044,6236
2420,C4920,32,0,State-KERALA,Total,40-49,116500,62792,53708,14480,6986,7494,13119,5976,7143,6374,3369,3005,29523,18543,10980,9216,4631,4585,17308,9368,7940,14377,7367,7010,12103,6552,5551
2421,C4920,32,0,State-KERALA,Total,50-59,108815,59296,49519,18727,9130,9597,12764,5952,6812,4917,2768,2149,30725,19336,11389,4719,2345,2374,13774,7005,6769,13597,7344,6253,9592,5416,4176
2422,C4920,32,0,State-KERALA,Total,60-69,98490,49211,49279,22538,9650,12888,13154,5702,7452,3640,2041,1599,27802,16640,11162,2254,1054,1200,8445,3573,4872,11324,5788,5536,9333,4763,4570
2423,C4920,32,0,State-KERALA,Total,70-79,75192,32729,42463,19555,7806,11749,13559,5492,8067,1943,1011,932,18259,9290,8969,933,369,564,3964,1318,2646,7220,3281,3939,9759,4162,5597
2424,C4920,32,0,State-KERALA,Total,80-89,41903,16110,25793,10045,3711,6334,9598,3767,5831,726,331,395,8787,3640,5147,391,133,258,1389,364,1025,3172,1301,1871,7795,2863,4932
2425,C4920,32,0,State-KERALA,Total,90+,9270,3148,6122,1788,607,1181,2130,783,1347,96,38,58,1734,578,1156,68,26,42,192,63,129,591,212,379,2671,841,1830
2426,C4920,32,0,State-KERALA,Total,Age Not Stated,1743,831,912,96,47,49,253,113,140,78,33,45,168,89,79,109,68,41,618,222,396,237,125,112,184,134,50
2427,C4920,32,0,State-KERALA,Rural,Total,414875,215752,199123,63409,29155,34254,56110,25617,30493,22534,12267,10267,93297,55511,37786,35170,18926,16244,37432,18941,18491,52351,27088,25263,54572,28247,26325
2428,C4920,32,0,State-KERALA,Rural,0-4,8522,4628,3894,727,349,378,1702,857,845,299,173,126,1292,783,509,494,274,220,46,18,28,2683,1464,1219,1279,710,569
2429,C4920,32,0,State-KERALA,Rural,5-9,15196,8685,6511,1587,865,722,2200,1144,1056,1924,1151,773,1862,1153,709,2066,1261,805,95,57,38,2536,1346,1190,2926,1708,1218
2430,C4920,32,0,State-KERALA,Rural,10-19,41011,23377,17634,4786,2685,2101,5490,2968,2522,3699,2167,1532,4969,3034,1935,8085,4737,3348,769,422,347,5920,3214,2706,7293,4150,3143
2431,C4920,32,0,State-KERALA,Rural,20-29,46814,25693,21121,3528,1959,1569,5575,2691,2884,3441,1766,1675,8539,5164,3375,8152,4548,3604,3508,2003,1505,6800,3541,3259,7271,4021,3250
2432,C4920,32,0,State-KERALA,Rural,30-39,55721,29680,26041,4449,2163,2286,5894,2659,3235,3578,1778,1800,13577,8234,5343,6856,3473,3383,7432,4107,3325,6756,3440,3316,7179,3826,3353
2433,C4920,32,0,State-KERALA,Rural,40-49,63001,33954,29047,7904,3785,4119,6957,3165,3792,3439,1818,1621,16006,10135,5871,4916,2431,2485,9515,5094,4421,7779,4014,3765,6485,3512,2973
2434,C4920,32,0,State-KERALA,Rural,50-59,59109,32571,26538,10192,4985,5207,6712,3217,3495,2705,1553,1152,16484,10511,5973,2555,1285,1270,7815,3975,3840,7393,4051,3342,5253,2994,2259
2435,C4920,32,0,State-KERALA,Rural,60-69,53732,27052,26680,12468,5365,7103,7182,3151,4031,1930,1108,822,14883,9002,5881,1221,590,631,4715,2038,2677,6219,3185,3034,5114,2613,2501
2436,C4920,32,0,State-KERALA,Rural,70-79,41365,18193,23172,10934,4384,6550,7392,2994,4398,1031,540,491,9733,5033,4700,512,204,308,2241,793,1448,3980,1858,2122,5542,2387,3155
2437,C4920,32,0,State-KERALA,Rural,80-89,23776,9447,14329,5690,2205,3485,5520,2196,3324,390,173,217,4845,2068,2777,217,75,142,797,227,570,1823,780,1043,4494,1723,2771
2438,C4920,32,0,State-KERALA,Rural,90+,5652,2001,3651,1103,389,714,1311,491,820,58,22,36,1013,348,665,35,11,24,108,34,74,343,131,212,1681,575,1106
2439,C4920,32,0,State-KERALA,Rural,Age Not Stated,976,471,505,41,21,20,175,84,91,40,18,22,94,46,48,61,37,24,391,173,218,119,64,55,55,28,27
2440,C4920,32,0,State-KERALA,Urban,Total,346968,178954,168014,52104,24012,28092,49256,22470,26786,18812,10052,8760,78333,45383,32950,30539,16688,13851,29483,14878,14605,43780,22410,21370,44661,23061,21600
2441,C4920,32,0,State-KERALA,Urban,0-4,7517,4070,3447,663,340,323,1726,899,827,285,160,125,1001,581,420,415,237,178,32,12,20,2389,1266,1123,1006,575,431
2442,C4920,32,0,State-KERALA,Urban,5-9,12987,7240,5747,1392,736,656,2159,1123,1036,1525,893,632,1438,816,622,1700,992,708,87,53,34,2198,1195,1003,2488,1432,1056
2443,C4920,32,0,State-KERALA,Urban,10-19,35224,20244,14980,4315,2442,1873,5291,2863,2428,2934,1733,1201,4001,2396,1605,7064,4218,2846,600,343,257,5035,2799,2236,5984,3450,2534
2444,C4920,32,0,State-KERALA,Urban,20-29,39663,21821,17842,3102,1812,1290,5180,2526,2654,2924,1488,1436,6861,4004,2857,7042,4021,3021,2779,1581,1198,5506,2902,2604,6269,3487,2782
2445,C4920,32,0,State-KERALA,Urban,30-39,47275,25151,22124,3735,1879,1856,5572,2572,3000,2963,1419,1544,11092,6613,4479,6145,3227,2918,5877,3310,2567,5790,2913,2877,6101,3218,2883
2446,C4920,32,0,State-KERALA,Urban,40-49,53499,28838,24661,6576,3201,3375,6162,2811,3351,2935,1551,1384,13517,8408,5109,4300,2200,2100,7793,4274,3519,6598,3353,3245,5618,3040,2578
2447,C4920,32,0,State-KERALA,Urban,50-59,49706,26725,22981,8535,4145,4390,6052,2735,3317,2212,1215,997,14241,8825,5416,2164,1060,1104,5959,3030,2929,6204,3293,2911,4339,2422,1917
2448,C4920,32,0,State-KERALA,Urban,60-69,44758,22159,22599,10070,4285,5785,5972,2551,3421,1710,933,777,12919,7638,5281,1033,464,569,3730,1535,2195,5105,2603,2502,4219,2150,2069
2449,C4920,32,0,State-KERALA,Urban,70-79,33827,14536,19291,8621,3422,5199,6167,2498,3669,912,471,441,8526,4257,4269,421,165,256,1723,525,1198,3240,1423,1817,4217,1775,2442
2450,C4920,32,0,State-KERALA,Urban,80-89,18127,6663,11464,4355,1506,2849,4078,1571,2507,336,158,178,3942,1572,2370,174,58,116,592,137,455,1349,521,828,3301,1140,2161
2451,C4920,32,0,State-KERALA,Urban,90+,3618,1147,2471,685,218,467,819,292,527,38,16,22,721,230,491,33,15,18,84,29,55,248,81,167,990,266,724
2452,C4920,32,0,State-KERALA,Urban,Age Not Stated,767,360,407,55,26,29,78,29,49,38,15,23,74,43,31,48,31,17,227,49,178,118,61,57,129,106,23
2453,C4920,33,0,State-TAMIL NADU,Total,Total,1179963,657418,522545,127405,67744,59661,220241,109879,110362,80077,44512,35565,287241,177476,109765,100847,55854,44993,32964,17707,15257,238392,131150,107242,92796,53096,39700
2454,C4920,33,0,State-TAMIL NADU,Total,0-4,38538,20766,17772,3680,1907,1773,9561,4873,4688,864,530,334,4183,2494,1689,3543,2004,1539,121,71,50,13231,6992,6239,3355,1895,1460
2455,C4920,33,0,State-TAMIL NADU,Total,5-9,66459,37425,29034,5463,2944,2519,11288,5860,5428,7093,4181,2912,8063,4889,3174,10356,6145,4211,410,247,163,14810,7922,6888,8976,5237,3739
2456,C4920,33,0,State-TAMIL NADU,Total,10-19,173297,97267,76030,15890,8761,7129,30464,15679,14785,16216,9227,6989,24923,15286,9637,28610,16433,12177,1786,1022,764,34825,18805,16020,20583,12054,8529
2457,C4920,33,0,State-TAMIL NADU,Total,20-29,215111,116308,98803,17129,9249,7880,33769,16478,17291,16717,8911,7806,57182,32945,24237,22990,12593,10397,4975,2769,2206,44503,23359,21144,17846,10004,7842
2458,C4920,33,0,State-TAMIL NADU,Total,30-39,198406,110061,88345,17531,9502,8029,32100,15784,16316,13692,7324,6368,56962,34825,22137,15985,8423,7562,8194,4576,3618,40649,22276,18373,13293,7351,5942
2459,C4920,33,0,State-TAMIL NADU,Total,40-49,167506,96731,70775,17878,10007,7871,31235,15855,15380,11118,6157,4961,44487,29049,15438,10365,5561,4804,8256,4495,3761,34041,19624,14417,10126,5983,4143
2460,C4920,33,0,State-TAMIL NADU,Total,50-59,128846,74231,54615,16394,8793,7601,25966,12835,13131,6982,4005,2977,37664,24679,12985,4966,2667,2299,4885,2521,2364,25070,14574,10496,6919,4157,2762
2461,C4920,33,0,State-TAMIL NADU,Total,60-69,105818,59434,46384,16603,8376,8227,23199,11203,11996,4724,2736,1988,31707,20459,11248,2546,1321,1225,2628,1243,1385,18704,10738,7966,5707,3358,2349
2462,C4920,33,0,State-TAMIL NADU,Total,70-79,58214,31622,26592,11168,5594,5574,15142,7670,7472,1889,1037,852,15519,9458,6061,947,469,478,1160,514,646,8821,4941,3880,3568,1939,1629
2463,C4920,33,0,State-TAMIL NADU,Total,80-89,21689,10786,10903,4578,2140,2438,6108,2988,3120,588,300,288,5302,2822,2480,286,107,179,349,152,197,2728,1431,1297,1750,846,904
2464,C4920,33,0,State-TAMIL NADU,Total,90+,4533,1998,2535,966,406,560,1141,532,609,110,55,55,1074,475,599,72,39,33,67,29,38,520,239,281,583,223,360
2465,C4920,33,0,State-TAMIL NADU,Total,Age Not Stated,1546,789,757,125,65,60,268,122,146,84,49,35,175,95,80,181,92,89,133,68,65,490,249,241,90,49,41
2466,C4920,33,0,State-TAMIL NADU,Rural,Total,621745,346846,274899,71650,37833,33817,107621,53739,53882,47160,26156,21004,158624,98242,60382,52522,28518,24004,17344,9009,8335,113844,63088,50756,52980,30261,22719
2467,C4920,33,0,State-TAMIL NADU,Rural,0-4,19945,10812,9133,1843,942,901,4262,2178,2084,521,309,212,2599,1544,1055,2032,1146,886,57,35,22,6589,3499,3090,2042,1159,883
2468,C4920,33,0,State-TAMIL NADU,Rural,5-9,36427,20531,15896,2921,1551,1370,5395,2792,2603,4257,2499,1758,4957,3013,1944,5795,3392,2403,199,117,82,7428,3975,3453,5475,3192,2283
2469,C4920,33,0,State-TAMIL NADU,Rural,10-19,94480,53284,41196,8658,4844,3814,14892,7895,6997,10007,5744,4263,14981,9163,5818,15481,8675,6806,966,545,421,17524,9464,8060,11971,6954,5017
2470,C4920,33,0,State-TAMIL NADU,Rural,20-29,112410,61495,50915,9091,4930,4161,15520,7717,7803,10139,5402,4737,31970,18612,13358,11864,6330,5534,2784,1521,1263,20844,11179,9665,10198,5804,4394
2471,C4920,33,0,State-TAMIL NADU,Rural,30-39,97506,54342,43164,9060,4954,4106,14680,7070,7610,7834,4148,3686,28777,17988,10789,7856,4011,3845,4296,2296,2000,17904,9935,7969,7099,3940,3159
2472,C4920,33,0,State-TAMIL NADU,Rural,40-49,84294,48541,35753,9492,5294,4198,14874,7448,7426,6348,3476,2872,23381,15261,8120,5025,2655,2370,4192,2201,1991,15621,9054,6567,5361,3152,2209
2473,C4920,33,0,State-TAMIL NADU,Rural,50-59,66670,37922,28748,9123,4731,4392,12921,6303,6618,3889,2214,1675,20283,13177,7106,2393,1247,1146,2506,1220,1286,11822,6826,4996,3733,2204,1529
2474,C4920,33,0,State-TAMIL NADU,Rural,60-69,59879,33281,26598,10505,5191,5314,12680,6068,6612,2700,1563,1137,18338,11672,6666,1322,696,626,1381,643,738,9632,5541,4091,3321,1907,1414
2475,C4920,33,0,State-TAMIL NADU,Rural,70-79,34014,18586,15428,7299,3651,3648,8384,4283,4101,1042,576,466,9342,5694,3648,473,238,235,635,283,352,4601,2626,1975,2238,1235,1003
2476,C4920,33,0,State-TAMIL NADU,Rural,80-89,12551,6419,6132,2978,1446,1532,3247,1625,1622,309,164,145,3226,1757,1469,119,51,68,191,83,108,1381,751,630,1100,542,558
2477,C4920,33,0,State-TAMIL NADU,Rural,90+,2739,1216,1523,618,273,345,668,307,361,62,34,28,670,308,362,39,20,19,33,16,17,262,119,143,387,139,248
2478,C4920,33,0,State-TAMIL NADU,Rural,Age Not Stated,830,417,413,62,26,36,98,53,45,52,27,25,100,53,47,123,57,66,104,49,55,236,119,117,55,33,22
2479,C4920,33,0,State-TAMIL NADU,Urban,Total,558218,310572,247646,55755,29911,25844,112620,56140,56480,32917,18356,14561,128617,79234,49383,48325,27336,20989,15620,8698,6922,124548,68062,56486,39816,22835,16981
2480,C4920,33,0,State-TAMIL NADU,Urban,0-4,18593,9954,8639,1837,965,872,5299,2695,2604,343,221,122,1584,950,634,1511,858,653,64,36,28,6642,3493,3149,1313,736,577
2481,C4920,33,0,State-TAMIL NADU,Urban,5-9,30032,16894,13138,2542,1393,1149,5893,3068,2825,2836,1682,1154,3106,1876,1230,4561,2753,1808,211,130,81,7382,3947,3435,3501,2045,1456
2482,C4920,33,0,State-TAMIL NADU,Urban,10-19,78817,43983,34834,7232,3917,3315,15572,7784,7788,6209,3483,2726,9942,6123,3819,13129,7758,5371,820,477,343,17301,9341,7960,8612,5100,3512
2483,C4920,33,0,State-TAMIL NADU,Urban,20-29,102701,54813,47888,8038,4319,3719,18249,8761,9488,6578,3509,3069,25212,14333,10879,11126,6263,4863,2191,1248,943,23659,12180,11479,7648,4200,3448
2484,C4920,33,0,State-TAMIL NADU,Urban,30-39,100900,55719,45181,8471,4548,3923,17420,8714,8706,5858,3176,2682,28185,16837,11348,8129,4412,3717,3898,2280,1618,22745,12341,10404,6194,3411,2783
2485,C4920,33,0,State-TAMIL NADU,Urban,40-49,83212,48190,35022,8386,4713,3673,16361,8407,7954,4770,2681,2089,21106,13788,7318,5340,2906,2434,4064,2294,1770,18420,10570,7850,4765,2831,1934
2486,C4920,33,0,State-TAMIL NADU,Urban,50-59,62176,36309,25867,7271,4062,3209,13045,6532,6513,3093,1791,1302,17381,11502,5879,2573,1420,1153,2379,1301,1078,13248,7748,5500,3186,1953,1233
2487,C4920,33,0,State-TAMIL NADU,Urban,60-69,45939,26153,19786,6098,3185,2913,10519,5135,5384,2024,1173,851,13369,8787,4582,1224,625,599,1247,600,647,9072,5197,3875,2386,1451,935
2488,C4920,33,0,State-TAMIL NADU,Urban,70-79,24200,13036,11164,3869,1943,1926,6758,3387,3371,847,461,386,6177,3764,2413,474,231,243,525,231,294,4220,2315,1905,1330,704,626
2489,C4920,33,0,State-TAMIL NADU,Urban,80-89,9138,4367,4771,1600,694,906,2861,1363,1498,279,136,143,2076,1065,1011,167,56,111,158,69,89,1347,680,667,650,304,346
2490,C4920,33,0,State-TAMIL NADU,Urban,90+,1794,782,1012,348,133,215,473,225,248,48,21,27,404,167,237,33,19,14,34,13,21,258,120,138,196,84,112
2491,C4920,33,0,State-TAMIL NADU,Urban,Age Not Stated,716,372,344,63,39,24,170,69,101,32,22,10,75,42,33,58,35,23,29,19,10,254,130,124,35,16,19
2492,C4920,34,0,State-PUDUCHERRY,Total,Total,30189,16373,13816,3608,1841,1767,6152,2959,3193,1824,958,866,9054,5464,3590,2335,1285,1050,853,450,403,4137,2195,1942,2226,1221,1005
2493,C4920,34,0,State-PUDUCHERRY,Total,0-4,780,415,365,71,38,33,190,89,101,19,11,8,85,44,41,90,48,42,2,0,2,266,149,117,57,36,21
2494,C4920,34,0,State-PUDUCHERRY,Total,5-9,1343,795,548,107,60,47,249,142,107,141,73,68,209,135,74,242,162,80,6,3,3,251,139,112,138,81,57
2495,C4920,34,0,State-PUDUCHERRY,Total,10-19,3368,1905,1463,340,183,157,521,276,245,305,160,145,594,369,225,619,361,258,54,30,24,537,285,252,398,241,157
2496,C4920,34,0,State-PUDUCHERRY,Total,20-29,4456,2414,2042,366,200,166,695,359,336,354,174,180,1314,764,550,510,291,219,114,67,47,698,338,360,405,221,184
2497,C4920,34,0,State-PUDUCHERRY,Total,30-39,5104,2782,2322,445,233,212,883,433,450,361,193,168,1710,1047,663,391,201,190,213,122,91,764,382,382,337,171,166
2498,C4920,34,0,State-PUDUCHERRY,Total,40-49,4634,2670,1964,529,292,237,922,475,447,296,172,124,1588,1009,579,232,109,123,223,110,113,594,353,241,250,150,100
2499,C4920,34,0,State-PUDUCHERRY,Total,50-59,3888,2175,1713,574,312,262,872,407,465,164,85,79,1377,876,501,134,69,65,131,70,61,432,242,190,204,114,90
2500,C4920,34,0,State-PUDUCHERRY,Total,60-69,3353,1714,1639,583,266,317,824,346,478,115,58,57,1154,691,463,76,34,42,71,32,39,346,181,165,184,106,78
2501,C4920,34,0,State-PUDUCHERRY,Total,70-79,2182,1030,1152,389,169,220,662,277,385,47,23,24,721,396,325,31,10,21,30,11,19,173,91,82,129,53,76
2502,C4920,34,0,State-PUDUCHERRY,Total,80-89,886,392,494,169,73,96,281,132,149,16,6,10,262,114,148,8,0,8,8,5,3,56,27,29,86,35,51
2503,C4920,34,0,State-PUDUCHERRY,Total,90+,164,65,99,31,13,18,48,20,28,4,2,2,34,16,18,1,0,1,1,0,1,10,2,8,35,12,23
2504,C4920,34,0,State-PUDUCHERRY,Total,Age Not Stated,31,16,15,4,2,2,5,3,2,2,1,1,6,3,3,1,0,1,0,0,0,10,6,4,3,1,2
2505,C4920,34,0,State-PUDUCHERRY,Rural,Total,10581,5880,4701,1349,672,677,2229,1098,1131,611,339,272,3208,2006,1202,649,363,286,255,138,117,1558,846,712,722,418,304
2506,C4920,34,0,State-PUDUCHERRY,Rural,0-4,282,145,137,33,14,19,73,35,38,5,2,3,31,15,16,26,16,10,1,0,1,96,53,43,17,10,7
2507,C4920,34,0,State-PUDUCHERRY,Rural,5-9,439,260,179,35,22,13,76,43,33,41,24,17,71,44,27,69,45,24,5,3,2,107,58,49,35,21,14
2508,C4920,34,0,State-PUDUCHERRY,Rural,10-19,1205,689,516,144,75,69,182,97,85,111,60,51,207,132,75,194,114,80,14,4,10,214,121,93,139,86,53
2509,C4920,34,0,State-PUDUCHERRY,Rural,20-29,1634,915,719,133,70,63,293,161,132,130,70,60,473,289,184,131,76,55,34,24,10,290,141,149,150,84,66
2510,C4920,34,0,State-PUDUCHERRY,Rural,30-39,1738,949,789,162,80,82,315,157,158,122,69,53,601,363,238,108,48,60,72,43,29,264,136,128,94,53,41
2511,C4920,34,0,State-PUDUCHERRY,Rural,40-49,1662,975,687,205,110,95,346,171,175,94,55,39,588,380,208,64,34,30,66,35,31,210,130,80,89,60,29
2512,C4920,34,0,State-PUDUCHERRY,Rural,50-59,1347,770,577,200,104,96,320,159,161,53,27,26,479,317,162,38,20,18,32,17,15,158,92,66,67,34,33
2513,C4920,34,0,State-PUDUCHERRY,Rural,60-69,1163,622,541,225,100,125,275,115,160,31,17,14,412,268,144,15,8,7,24,9,15,128,72,56,53,33,20
2514,C4920,34,0,State-PUDUCHERRY,Rural,70-79,755,374,381,139,64,75,236,100,136,17,11,6,246,141,105,3,2,1,6,3,3,60,27,33,48,26,22
2515,C4920,34,0,State-PUDUCHERRY,Rural,80-89,291,151,140,60,28,32,95,49,46,5,3,2,81,48,33,1,0,1,0,0,0,24,14,10,25,9,16
2516,C4920,34,0,State-PUDUCHERRY,Rural,90+,53,24,29,11,4,7,15,8,7,1,1,0,16,8,8,0,0,0,1,0,1,4,1,3,5,2,3
2517,C4920,34,0,State-PUDUCHERRY,Rural,Age Not Stated,12,6,6,2,1,1,3,3,0,1,0,1,3,1,2,0,0,0,0,0,0,3,1,2,0,0,0
2518,C4920,34,0,State-PUDUCHERRY,Urban,Total,19608,10493,9115,2259,1169,1090,3923,1861,2062,1213,619,594,5846,3458,2388,1686,922,764,598,312,286,2579,1349,1230,1504,803,701
2519,C4920,34,0,State-PUDUCHERRY,Urban,0-4,498,270,228,38,24,14,117,54,63,14,9,5,54,29,25,64,32,32,1,0,1,170,96,74,40,26,14
2520,C4920,34,0,State-PUDUCHERRY,Urban,5-9,904,535,369,72,38,34,173,99,74,100,49,51,138,91,47,173,117,56,1,0,1,144,81,63,103,60,43
2521,C4920,34,0,State-PUDUCHERRY,Urban,10-19,2163,1216,947,196,108,88,339,179,160,194,100,94,387,237,150,425,247,178,40,26,14,323,164,159,259,155,104
2522,C4920,34,0,State-PUDUCHERRY,Urban,20-29,2822,1499,1323,233,130,103,402,198,204,224,104,120,841,475,366,379,215,164,80,43,37,408,197,211,255,137,118
2523,C4920,34,0,State-PUDUCHERRY,Urban,30-39,3366,1833,1533,283,153,130,568,276,292,239,124,115,1109,684,425,283,153,130,141,79,62,500,246,254,243,118,125
2524,C4920,34,0,State-PUDUCHERRY,Urban,40-49,2972,1695,1277,324,182,142,576,304,272,202,117,85,1000,629,371,168,75,93,157,75,82,384,223,161,161,90,71
2525,C4920,34,0,State-PUDUCHERRY,Urban,50-59,2541,1405,1136,374,208,166,552,248,304,111,58,53,898,559,339,96,49,47,99,53,46,274,150,124,137,80,57
2526,C4920,34,0,State-PUDUCHERRY,Urban,60-69,2190,1092,1098,358,166,192,549,231,318,84,41,43,742,423,319,61,26,35,47,23,24,218,109,109,131,73,58
2527,C4920,34,0,State-PUDUCHERRY,Urban,70-79,1427,656,771,250,105,145,426,177,249,30,12,18,475,255,220,28,8,20,24,8,16,113,64,49,81,27,54
2528,C4920,34,0,State-PUDUCHERRY,Urban,80-89,595,241,354,109,45,64,186,83,103,11,3,8,181,66,115,7,0,7,8,5,3,32,13,19,61,26,35
2529,C4920,34,0,State-PUDUCHERRY,Urban,90+,111,41,70,20,9,11,33,12,21,3,1,2,18,8,10,1,0,1,0,0,0,6,1,5,30,10,20
2530,C4920,34,0,State-PUDUCHERRY,Urban,Age Not Stated,19,10,9,2,1,1,2,0,2,1,1,0,3,2,1,1,0,1,0,0,0,7,5,2,3,1,2
2531,C4920,35,0,State-ANDAMAN & NICOBAR ISLANDS,Total,Total,6660,3861,2799,1084,598,486,1219,664,555,531,316,215,1593,1043,550,294,160,134,364,163,201,838,490,348,737,427,310
2532,C4920,35,0,State-ANDAMAN & NICOBAR ISLANDS,Total,0-4,240,132,108,21,8,13,41,17,24,13,8,5,34,20,14,8,7,1,5,3,2,85,46,39,33,23,10
2533,C4920,35,0,State-ANDAMAN & NICOBAR ISLANDS,Total,5-9,358,206,152,24,11,13,54,32,22,58,35,23,62,40,22,19,13,6,12,4,8,55,34,21,74,37,37
2534,C4920,35,0,State-ANDAMAN & NICOBAR ISLANDS,Total,10-19,946,492,454,98,53,45,137,60,77,134,75,59,138,87,51,76,37,39,64,29,35,161,79,82,138,72,66
2535,C4920,35,0,State-ANDAMAN & NICOBAR ISLANDS,Total,20-29,1102,619,483,114,67,47,176,98,78,133,82,51,236,146,90,86,46,40,80,34,46,158,84,74,119,62,57
2536,C4920,35,0,State-ANDAMAN & NICOBAR ISLANDS,Total,30-39,990,593,397,138,73,65,185,93,92,75,43,32,269,180,89,37,23,14,66,34,32,143,91,52,77,56,21
2537,C4920,35,0,State-ANDAMAN & NICOBAR ISLANDS,Total,40-49,826,499,327,158,93,65,148,75,73,45,28,17,261,173,88,31,14,17,50,29,21,96,66,30,37,21,16
2538,C4920,35,0,State-ANDAMAN & NICOBAR ISLANDS,Total,50-59,715,434,281,158,84,74,147,96,51,30,20,10,207,146,61,19,10,9,53,18,35,58,38,20,43,22,21
2539,C4920,35,0,State-ANDAMAN & NICOBAR ISLANDS,Total,60-69,697,405,292,178,89,89,158,93,65,25,13,12,187,121,66,14,7,7,19,6,13,52,34,18,64,42,22
2540,C4920,35,0,State-ANDAMAN & NICOBAR ISLANDS,Total,70-79,499,326,173,139,84,55,108,68,40,13,8,5,134,97,37,3,3,0,8,4,4,19,12,7,75,50,25
2541,C4920,35,0,State-ANDAMAN & NICOBAR ISLANDS,Total,80-89,210,121,89,46,29,17,47,25,22,2,2,0,50,30,20,1,0,1,5,2,3,8,3,5,51,30,21
2542,C4920,35,0,State-ANDAMAN & NICOBAR ISLANDS,Total,90+,74,32,42,10,7,3,18,7,11,3,2,1,14,3,11,0,0,0,2,0,2,2,2,0,25,11,14
2543,C4920,35,0,State-ANDAMAN & NICOBAR ISLANDS,Total,Age Not Stated,3,2,1,0,0,0,0,0,0,0,0,0,1,0,1,0,0,0,0,0,0,1,1,0,1,1,0
2544,C4920,35,0,State-ANDAMAN & NICOBAR ISLANDS,Rural,Total,4880,2834,2046,919,511,408,834,464,370,362,216,146,1195,776,419,189,107,82,264,107,157,545,324,221,572,329,243
2545,C4920,35,0,State-ANDAMAN & NICOBAR ISLANDS,Rural,0-4,169,99,70,15,6,9,21,12,9,10,6,4,27,16,11,5,4,1,3,2,1,63,36,27,25,17,8
2546,C4920,35,0,State-ANDAMAN & NICOBAR ISLANDS,Rural,5-9,233,138,95,15,7,8,31,20,11,42,25,17,48,31,17,10,7,3,10,3,7,36,26,10,41,19,22
2547,C4920,35,0,State-ANDAMAN & NICOBAR ISLANDS,Rural,10-19,632,325,307,75,44,31,76,31,45,98,54,44,95,60,35,47,23,24,49,20,29,101,49,52,91,44,47
2548,C4920,35,0,State-ANDAMAN & NICOBAR ISLANDS,Rural,20-29,760,441,319,83,50,33,116,65,51,88,57,31,158,102,56,57,32,25,57,24,33,112,62,50,89,49,40
2549,C4920,35,0,State-ANDAMAN & NICOBAR ISLANDS,Rural,30-39,672,403,269,109,58,51,112,58,54,44,25,19,199,131,68,26,16,10,44,21,23,85,57,28,53,37,16
2550,C4920,35,0,State-ANDAMAN & NICOBAR ISLANDS,Rural,40-49,592,350,242,141,84,57,90,45,45,28,18,10,191,125,66,21,10,11,34,17,17,54,34,20,33,17,16
2551,C4920,35,0,State-ANDAMAN & NICOBAR ISLANDS,Rural,50-59,544,318,226,138,71,67,107,67,40,22,14,8,149,102,47,12,7,5,40,12,28,35,25,10,41,20,21
2552,C4920,35,0,State-ANDAMAN & NICOBAR ISLANDS,Rural,60-69,584,334,250,164,81,83,128,76,52,16,8,8,161,101,60,8,5,3,15,5,10,35,21,14,57,37,20
2553,C4920,35,0,State-ANDAMAN & NICOBAR ISLANDS,Rural,70-79,439,285,154,127,76,51,94,61,33,10,6,4,111,78,33,3,3,0,6,2,4,16,10,6,72,49,23
2554,C4920,35,0,State-ANDAMAN & NICOBAR ISLANDS,Rural,80-89,183,108,75,42,27,15,41,22,19,1,1,0,44,27,17,0,0,0,4,1,3,6,2,4,45,28,17
2555,C4920,35,0,State-ANDAMAN & NICOBAR ISLANDS,Rural,90+,69,31,38,10,7,3,18,7,11,3,2,1,11,3,8,0,0,0,2,0,2,1,1,0,24,11,13
2556,C4920,35,0,State-ANDAMAN & NICOBAR ISLANDS,Rural,Age Not Stated,3,2,1,0,0,0,0,0,0,0,0,0,1,0,1,0,0,0,0,0,0,1,1,0,1,1,0
2557,C4920,35,0,State-ANDAMAN & NICOBAR ISLANDS,Urban,Total,1780,1027,753,165,87,78,385,200,185,169,100,69,398,267,131,105,53,52,100,56,44,293,166,127,165,98,67
2558,C4920,35,0,State-ANDAMAN & NICOBAR ISLANDS,Urban,0-4,71,33,38,6,2,4,20,5,15,3,2,1,7,4,3,3,3,0,2,1,1,22,10,12,8,6,2
2559,C4920,35,0,State-ANDAMAN & NICOBAR ISLANDS,Urban,5-9,125,68,57,9,4,5,23,12,11,16,10,6,14,9,5,9,6,3,2,1,1,19,8,11,33,18,15
2560,C4920,35,0,State-ANDAMAN & NICOBAR ISLANDS,Urban,10-19,314,167,147,23,9,14,61,29,32,36,21,15,43,27,16,29,14,15,15,9,6,60,30,30,47,28,19
2561,C4920,35,0,State-ANDAMAN & NICOBAR ISLANDS,Urban,20-29,342,178,164,31,17,14,60,33,27,45,25,20,78,44,34,29,14,15,23,10,13,46,22,24,30,13,17
2562,C4920,35,0,State-ANDAMAN & NICOBAR ISLANDS,Urban,30-39,318,190,128,29,15,14,73,35,38,31,18,13,70,49,21,11,7,4,22,13,9,58,34,24,24,19,5
2563,C4920,35,0,State-ANDAMAN & NICOBAR ISLANDS,Urban,40-49,234,149,85,17,9,8,58,30,28,17,10,7,70,48,22,10,4,6,16,12,4,42,32,10,4,4,0
2564,C4920,35,0,State-ANDAMAN & NICOBAR ISLANDS,Urban,50-59,171,116,55,20,13,7,40,29,11,8,6,2,58,44,14,7,3,4,13,6,7,23,13,10,2,2,0
2565,C4920,35,0,State-ANDAMAN & NICOBAR ISLANDS,Urban,60-69,113,71,42,14,8,6,30,17,13,9,5,4,26,20,6,6,2,4,4,1,3,17,13,4,7,5,2
2566,C4920,35,0,State-ANDAMAN & NICOBAR ISLANDS,Urban,70-79,60,41,19,12,8,4,14,7,7,3,2,1,23,19,4,0,0,0,2,2,0,3,2,1,3,1,2
2567,C4920,35,0,State-ANDAMAN & NICOBAR ISLANDS,Urban,80-89,27,13,14,4,2,2,6,3,3,1,1,0,6,3,3,1,0,1,1,1,0,2,1,1,6,2,4
2568,C4920,35,0,State-ANDAMAN & NICOBAR ISLANDS,Urban,90+,5,1,4,0,0,0,0,0,0,0,0,0,3,0,3,0,0,0,0,0,0,1,1,0,1,0,1
2569,C4920,35,0,State-ANDAMAN & NICOBAR ISLANDS,Urban,Age Not Stated,0,0,0,0,0,0,0,0,0,0,0,0,0,0,0,0,0,0,0,0,0,0,0,0,0,0,0
2570,C4920,12,0,State-ARUNACHAL PRADESH,Total,0-4,1330,665,665,297,159,138,434,189,245,16,9,7,98,56,42,77,40,37,10,7,3,322,161,161,76,44,32
2571,C4920,12,0,State-ARUNACHAL PRADESH,Total,5-9,2082,1099,983,435,229,206,653,324,329,162,97,65,169,104,65,128,69,59,32,18,14,344,176,168,159,82,77
2572,C4920,12,0,State-ARUNACHAL PRADESH,Total,10-19,5026,2633,2393,1018,507,511,1529,778,751,370,222,148,523,284,239,315,156,159,101,56,45,811,409,402,359,221,138
2573,C4920,12,0,State-ARUNACHAL PRADESH,Total,20-29,4087,2247,1840,721,376,345,1267,695,572,281,148,133,429,262,167,230,115,115,141,88,53,721,393,328,297,170,127
2574,C4920,12,0,State-ARUNACHAL PRADESH,Total,30-39,3458,1885,1573,657,334,323,1042,536,506,252,131,121,389,240,149,207,98,109,109,67,42,545,332,213,257,147,110
2575,C4920,12,0,State-ARUNACHAL PRADESH,Total,40-49,3186,1765,1421,614,345,269,951,515,436,193,109,84,457,283,174,145,71,74,98,42,56,466,259,207,262,141,121
2576,C4920,12,0,State-ARUNACHAL PRADESH,Total,50-59,2678,1522,1156,561,305,256,816,427,389,142,93,49,419,282,137,84,51,33,57,28,29,308,178,130,291,158,133
2577,C4920,12,0,State-ARUNACHAL PRADESH,Total,60-69,2453,1220,1233,672,303,369,757,389,368,77,39,38,364,212,152,44,18,26,50,22,28,190,88,102,299,149,150
2578,C4920,12,0,State-ARUNACHAL PRADESH,Total,70-79,1546,776,770,420,191,229,449,236,213,33,22,11,265,149,116,23,11,12,21,8,13,109,57,52,226,102,124
2579,C4920,12,0,State-ARUNACHAL PRADESH,Total,80-89,644,316,328,195,85,110,166,83,83,9,7,2,92,49,43,5,2,3,10,7,3,41,20,21,126,63,63
2580,C4920,12,0,State-ARUNACHAL PRADESH,Total,90+,203,96,107,56,25,31,49,31,18,1,1,0,29,13,16,3,2,1,2,1,1,8,2,6,55,21,34
2581,C4920,12,0,State-ARUNACHAL PRADESH,Total,Age Not Stated,41,21,20,6,3,3,14,6,8,2,2,0,1,1,0,3,2,1,0,0,0,13,5,8,2,2,0
2582,C4920,12,0,State-ARUNACHAL PRADESH,Rural,Total,22308,11780,10528,4669,2334,2335,6916,3565,3351,1299,737,562,2735,1620,1115,1011,512,499,533,291,242,3005,1582,1423,2140,1139,1001
2583,C4920,12,0,State-ARUNACHAL PRADESH,Rural,0-4,1103,544,559,244,128,116,373,158,215,14,7,7,81,46,35,65,37,28,7,4,3,258,128,130,61,36,25
2584,C4920,12,0,State-ARUNACHAL PRADESH,Rural,5-9,1661,868,793,346,183,163,524,259,265,120,70,50,137,81,56,102,55,47,22,11,11,270,140,130,140,69,71
2585,C4920,12,0,State-ARUNACHAL PRADESH,Rural,10-19,4010,2107,1903,794,389,405,1219,616,603,318,190,128,438,233,205,235,121,114,76,44,32,629,331,298,301,183,118
2586,C4920,12,0,State-ARUNACHAL PRADESH,Rural,20-29,3213,1777,1436,544,289,255,1044,581,463,232,123,109,355,223,132,181,91,90,117,74,43,496,255,241,244,141,103
2587,C4920,12,0,State-ARUNACHAL PRADESH,Rural,30-39,2804,1518,1286,510,252,258,878,461,417,216,110,106,304,189,115,168,78,90,99,59,40,405,242,163,224,127,97
2588,C4920,12,0,State-ARUNACHAL PRADESH,Rural,40-49,2607,1409,1198,479,260,219,794,419,375,166,93,73,367,223,144,116,56,60,88,38,50,365,197,168,232,123,109
2589,C4920,12,0,State-ARUNACHAL PRADESH,Rural,50-59,2311,1279,1032,497,264,233,712,364,348,121,80,41,345,230,115,73,43,30,45,24,21,252,133,119,266,141,125
2590,C4920,12,0,State-ARUNACHAL PRADESH,Rural,60-69,2306,1138,1168,621,280,341,728,371,357,72,36,36,339,193,146,41,16,25,48,21,27,173,80,93,284,141,143
2591,C4920,12,0,State-ARUNACHAL PRADESH,Rural,70-79,1464,738,726,392,180,212,432,227,205,29,19,10,253,143,110,20,9,11,19,8,11,103,53,50,216,99,117
2592,C4920,12,0,State-ARUNACHAL PRADESH,Rural,80-89,605,294,311,183,83,100,154,73,81,9,7,2,88,46,42,4,2,2,10,7,3,36,18,18,121,58,63
2593,C4920,12,0,State-ARUNACHAL PRADESH,Rural,90+,188,90,98,53,23,30,47,31,16,0,0,0,27,12,15,3,2,1,2,1,1,7,2,5,49,19,30
2594,C4920,12,0,State-ARUNACHAL PRADESH,Rural,Age Not Stated,36,18,18,6,3,3,11,5,6,2,2,0,1,1,0,3,2,1,0,0,0,11,3,8,2,2,0
2595,C4920,12,0,State-ARUNACHAL PRADESH,Urban,Total,4426,2465,1961,983,528,455,1211,644,567,239,143,96,500,315,185,253,123,130,98,53,45,873,498,375,269,161,108
2596,C4920,12,0,State-ARUNACHAL PRADESH,Urban,0-4,227,121,106,53,31,22,61,31,30,2,2,0,17,10,7,12,3,9,3,3,0,64,33,31,15,8,7
2597,C4920,12,0,State-ARUNACHAL PRADESH,Urban,5-9,421,231,190,89,46,43,129,65,64,42,27,15,32,23,9,26,14,12,10,7,3,74,36,38,19,13,6
2598,C4920,12,0,State-ARUNACHAL PRADESH,Urban,10-19,1016,526,490,224,118,106,310,162,148,52,32,20,85,51,34,80,35,45,25,12,13,182,78,104,58,38,20
2599,C4920,12,0,State-ARUNACHAL PRADESH,Urban,20-29,874,470,404,177,87,90,223,114,109,49,25,24,74,39,35,49,24,25,24,14,10,225,138,87,53,29,24
2600,C4920,12,0,State-ARUNACHAL PRADESH,Urban,30-39,654,367,287,147,82,65,164,75,89,36,21,15,85,51,34,39,20,19,10,8,2,140,90,50,33,20,13
2601,C4920,12,0,State-ARUNACHAL PRADESH,Urban,40-49,579,356,223,135,85,50,157,96,61,27,16,11,90,60,30,29,15,14,10,4,6,101,62,39,30,18,12
2602,C4920,12,0,State-ARUNACHAL PRADESH,Urban,50-59,367,243,124,64,41,23,104,63,41,21,13,8,74,52,22,11,8,3,12,4,8,56,45,11,25,17,8
2603,C4920,12,0,State-ARUNACHAL PRADESH,Urban,60-69,147,82,65,51,23,28,29,18,11,5,3,2,25,19,6,3,2,1,2,1,1,17,8,9,15,8,7
2604,C4920,12,0,State-ARUNACHAL PRADESH,Urban,70-79,82,38,44,28,11,17,17,9,8,4,3,1,12,6,6,3,2,1,2,0,2,6,4,2,10,3,7
2605,C4920,12,0,State-ARUNACHAL PRADESH,Urban,80-89,39,22,17,12,2,10,12,10,2,0,0,0,4,3,1,1,0,1,0,0,0,5,2,3,5,5,0
2606,C4920,12,0,State-ARUNACHAL PRADESH,Urban,90+,15,6,9,3,2,1,2,0,2,1,1,0,2,1,1,0,0,0,0,0,0,1,0,1,6,2,4
2607,C4920,12,0,State-ARUNACHAL PRADESH,Urban,Age Not Stated,5,3,2,0,0,0,3,1,2,0,0,0,0,0,0,0,0,0,0,0,0,2,2,0,0,0,0
2608,C4920,12,245,District-Tawang,Total,Total,1126,547,579,307,134,173,295,140,155,74,46,28,196,100,96,18,11,7,18,10,8,106,54,52,112,52,60
2609,C4920,12,245,District-Tawang,Total,0-4,20,8,12,5,2,3,5,1,4,0,0,0,2,1,1,1,1,0,1,1,0,6,2,4,0,0,0
2610,C4920,12,245,District-Tawang,Total,5-9,47,31,16,12,5,7,14,11,3,7,6,1,3,3,0,1,0,1,1,1,0,5,3,2,4,2,2
2611,C4920,12,245,District-Tawang,Total,10-19,138,67,71,31,14,17,35,15,20,8,3,5,23,12,11,4,3,1,3,1,2,27,13,14,7,6,1
2612,C4920,12,245,District-Tawang,Total,20-29,125,75,50,20,13,7,29,21,8,11,9,2,26,10,16,1,0,1,3,2,1,27,16,11,8,4,4
2613,C4920,12,245,District-Tawang,Total,30-39,109,63,46,25,16,9,32,15,17,8,5,3,20,11,9,5,3,2,2,2,0,10,7,3,7,4,3
2614,C4920,12,245,District-Tawang,Total,40-49,113,61,52,31,20,11,28,20,8,11,6,5,23,7,16,1,1,0,2,1,1,10,4,6,7,2,5
2615,C4920,12,245,District-Tawang,Total,50-59,141,79,62,25,10,15,40,19,21,18,13,5,28,20,8,3,3,0,4,2,2,7,3,4,16,9,7
2616,C4920,12,245,District-Tawang,Total,60-69,190,78,112,65,25,40,52,17,35,8,3,5,21,14,7,2,0,2,2,0,2,9,5,4,31,14,17
2617,C4920,12,245,District-Tawang,Total,70-79,142,52,90,51,17,34,42,14,28,0,0,0,28,14,14,0,0,0,0,0,0,3,1,2,18,6,12
2618,C4920,12,245,District-Tawang,Total,80-89,85,27,58,35,9,26,17,6,11,3,1,2,17,7,10,0,0,0,0,0,0,2,0,2,11,4,7
2619,C4920,12,245,District-Tawang,Total,90+,16,6,10,7,3,4,1,1,0,0,0,0,5,1,4,0,0,0,0,0,0,0,0,0,3,1,2
2620,C4920,12,245,District-Tawang,Total,Age Not Stated,0,0,0,0,0,0,0,0,0,0,0,0,0,0,0,0,0,0,0,0,0,0,0,0,0,0,0
2621,C4920,12,245,District-Tawang,Rural,Total,1036,482,554,278,113,165,273,125,148,66,39,27,189,96,93,15,8,7,18,10,8,95,45,50,102,46,56
2622,C4920,12,245,District-Tawang,Rural,0-4,19,7,12,5,2,3,4,0,4,0,0,0,2,1,1,1,1,0,1,1,0,6,2,4,0,0,0
2623,C4920,12,245,District-Tawang,Rural,5-9,45,29,16,12,5,7,14,11,3,6,5,1,3,3,0,1,0,1,1,1,0,5,3,2,3,1,2
2624,C4920,12,245,District-Tawang,Rural,10-19,127,61,66,28,13,15,32,13,19,8,3,5,22,12,10,3,2,1,3,1,2,25,12,13,6,5,1
2625,C4920,12,245,District-Tawang,Rural,20-29,102,54,48,15,8,7,23,15,8,8,6,2,23,8,15,1,0,1,3,2,1,22,11,11,7,4,3
2626,C4920,12,245,District-Tawang,Rural,30-39,95,51,44,18,9,9,30,14,16,7,5,2,19,10,9,3,1,2,2,2,0,9,6,3,7,4,3
2627,C4920,12,245,District-Tawang,Rural,40-49,95,47,48,24,14,10,22,16,6,9,4,5,23,7,16,1,1,0,2,1,1,8,3,5,6,1,5
2628,C4920,12,245,District-Tawang,Rural,50-59,136,76,60,25,10,15,38,18,20,18,13,5,27,19,8,3,3,0,4,2,2,7,3,4,14,8,6
2629,C4920,12,245,District-Tawang,Rural,60-69,182,72,110,61,23,38,52,17,35,7,2,5,21,14,7,2,0,2,2,0,2,8,4,4,29,12,17
2630,C4920,12,245,District-Tawang,Rural,70-79,137,52,85,50,17,33,40,14,26,0,0,0,28,14,14,0,0,0,0,0,0,3,1,2,16,6,10
2631,C4920,12,245,District-Tawang,Rural,80-89,82,27,55,33,9,24,17,6,11,3,1,2,16,7,9,0,0,0,0,0,0,2,0,2,11,4,7
2632,C4920,12,245,District-Tawang,Rural,90+,16,6,10,7,3,4,1,1,0,0,0,0,5,1,4,0,0,0,0,0,0,0,0,0,3,1,2
2633,C4920,12,245,District-Tawang,Rural,Age Not Stated,0,0,0,0,0,0,0,0,0,0,0,0,0,0,0,0,0,0,0,0,0,0,0,0,0,0,0
2634,C4920,12,245,District-Tawang,Urban,Total,90,65,25,29,21,8,22,15,7,8,7,1,7,4,3,3,3,0,0,0,0,11,9,2,10,6,4
2635,C4920,12,245,District-Tawang,Urban,0-4,1,1,0,0,0,0,1,1,0,0,0,0,0,0,0,0,0,0,0,0,0,0,0,0,0,0,0
2636,C4920,12,245,District-Tawang,Urban,5-9,2,2,0,0,0,0,0,0,0,1,1,0,0,0,0,0,0,0,0,0,0,0,0,0,1,1,0
2637,C4920,12,245,District-Tawang,Urban,10-19,11,6,5,3,1,2,3,2,1,0,0,0,1,0,1,1,1,0,0,0,0,2,1,1,1,1,0
2638,C4920,12,245,District-Tawang,Urban,20-29,23,21,2,5,5,0,6,6,0,3,3,0,3,2,1,0,0,0,0,0,0,5,5,0,1,0,1
2639,C4920,12,245,District-Tawang,Urban,30-39,14,12,2,7,7,0,2,1,1,1,0,1,1,1,0,2,2,0,0,0,0,1,1,0,0,0,0
2640,C4920,12,245,District-Tawang,Urban,40-49,18,14,4,7,6,1,6,4,2,2,2,0,0,0,0,0,0,0,0,0,0,2,1,1,1,1,0
2641,C4920,12,245,District-Tawang,Urban,50-59,5,3,2,0,0,0,2,1,1,0,0,0,1,1,0,0,0,0,0,0,0,0,0,0,2,1,1
2642,C4920,12,245,District-Tawang,Urban,60-69,8,6,2,4,2,2,0,0,0,1,1,0,0,0,0,0,0,0,0,0,0,1,1,0,2,2,0
2643,C4920,12,245,District-Tawang,Urban,70-79,5,0,5,1,0,1,2,0,2,0,0,0,0,0,0,0,0,0,0,0,0,0,0,0,2,0,2
2644,C4920,12,245,District-Tawang,Urban,80-89,3,0,3,2,0,2,0,0,0,0,0,0,1,0,1,0,0,0,0,0,0,0,0,0,0,0,0
2645,C4920,12,245,District-Tawang,Urban,90+,0,0,0,0,0,0,0,0,0,0,0,0,0,0,0,0,0,0,0,0,0,0,0,0,0,0,0
2646,C4920,12,245,District-Tawang,Urban,Age Not Stated,0,0,0,0,0,0,0,0,0,0,0,0,0,0,0,0,0,0,0,0,0,0,0,0,0,0,0
2647,C4920,12,246,District-West Kameng,Total,Total,2302,1330,972,597,300,297,678,439,239,108,58,50,301,189,112,43,22,21,35,25,10,298,172,126,242,125,117
2648,C4920,12,246,District-West Kameng,Total,0-4,72,33,39,17,6,11,13,7,6,2,1,1,13,6,7,5,2,3,0,0,0,16,8,8,6,3,3
2649,C4920,12,246,District-West Kameng,Total,5-9,143,83,60,38,18,20,36,21,15,11,5,6,17,11,6,3,3,0,1,0,1,24,18,6,13,7,6
2650,C4920,12,246,District-West Kameng,Total,10-19,326,151,175,119,46,73,55,29,26,20,10,10,34,18,16,14,6,8,6,5,1,48,22,26,30,15,15
2651,C4920,12,246,District-West Kameng,Total,20-29,414,281,133,82,46,36,182,142,40,19,10,9,47,34,13,7,3,4,9,6,3,46,29,17,22,11,11
2652,C4920,12,246,District-West Kameng,Total,30-39,286,176,110,83,47,36,92,59,33,14,8,6,33,17,16,5,3,2,6,4,2,34,26,8,19,12,7
2653,C4920,12,246,District-West Kameng,Total,40-49,296,171,125,64,35,29,94,57,37,13,5,8,42,29,13,5,3,2,7,5,2,42,22,20,29,15,14
2654,C4920,12,246,District-West Kameng,Total,50-59,280,152,128,55,31,24,73,39,34,18,12,6,44,28,16,2,0,2,3,2,1,42,19,23,43,21,22
2655,C4920,12,246,District-West Kameng,Total,60-69,257,148,109,73,39,34,77,46,31,7,4,3,44,27,17,1,1,0,1,1,0,19,10,9,35,20,15
2656,C4920,12,246,District-West Kameng,Total,70-79,152,87,65,43,20,23,36,26,10,2,1,1,25,17,8,1,1,0,0,0,0,19,11,8,26,11,15
2657,C4920,12,246,District-West Kameng,Total,80-89,58,40,18,18,11,7,13,7,6,2,2,0,1,1,0,0,0,0,2,2,0,8,7,1,14,10,4
2658,C4920,12,246,District-West Kameng,Total,90+,18,8,10,5,1,4,7,6,1,0,0,0,1,1,0,0,0,0,0,0,0,0,0,0,5,0,5
2659,C4920,12,246,District-West Kameng,Total,Age Not Stated,0,0,0,0,0,0,0,0,0,0,0,0,0,0,0,0,0,0,0,0,0,0,0,0,0,0,0
2660,C4920,12,246,District-West Kameng,Rural,Total,2092,1207,885,531,261,270,634,413,221,92,51,41,270,170,100,37,21,16,28,20,8,273,157,116,227,114,113
2661,C4920,12,246,District-West Kameng,Rural,0-4,64,30,34,13,5,8,11,5,6,2,1,1,13,6,7,4,2,2,0,0,0,15,8,7,6,3,3
2662,C4920,12,246,District-West Kameng,Rural,5-9,123,72,51,30,14,16,33,19,14,9,5,4,13,8,5,3,3,0,1,0,1,22,17,5,12,6,6
2663,C4920,12,246,District-West Kameng,Rural,10-19,281,125,156,106,38,68,47,24,23,15,7,8,29,15,14,11,5,6,5,4,1,41,19,22,27,13,14
2664,C4920,12,246,District-West Kameng,Rural,20-29,377,261,116,69,37,32,178,140,38,16,10,6,42,31,11,5,3,2,7,5,2,40,26,14,20,9,11
2665,C4920,12,246,District-West Kameng,Rural,30-39,257,158,99,71,39,32,85,56,29,13,7,6,28,15,13,5,3,2,5,3,2,32,24,8,18,11,7
2666,C4920,12,246,District-West Kameng,Rural,40-49,273,157,116,59,32,27,88,52,36,12,5,7,38,28,10,5,3,2,6,4,2,38,19,19,27,14,13
2667,C4920,12,246,District-West Kameng,Rural,50-59,260,137,123,51,27,24,68,36,32,14,9,5,40,25,15,2,0,2,1,1,0,41,18,23,43,21,22
2668,C4920,12,246,District-West Kameng,Rural,60-69,248,142,106,71,38,33,75,46,29,7,4,3,42,25,17,1,1,0,1,1,0,18,9,9,33,18,15
2669,C4920,12,246,District-West Kameng,Rural,70-79,139,80,59,39,19,20,34,25,9,2,1,1,23,15,8,1,1,0,0,0,0,18,10,8,22,9,13
2670,C4920,12,246,District-West Kameng,Rural,80-89,52,37,15,17,11,6,8,4,4,2,2,0,1,1,0,0,0,0,2,2,0,8,7,1,14,10,4
2671,C4920,12,246,District-West Kameng,Rural,90+,18,8,10,5,1,4,7,6,1,0,0,0,1,1,0,0,0,0,0,0,0,0,0,0,5,0,5
2672,C4920,12,246,District-West Kameng,Rural,Age Not Stated,0,0,0,0,0,0,0,0,0,0,0,0,0,0,0,0,0,0,0,0,0,0,0,0,0,0,0
2673,C4920,12,246,District-West Kameng,Urban,Total,210,123,87,66,39,27,44,26,18,16,7,9,31,19,12,6,1,5,7,5,2,25,15,10,15,11,4
2674,C4920,12,246,District-West Kameng,Urban,0-4,8,3,5,4,1,3,2,2,0,0,0,0,0,0,0,1,0,1,0,0,0,1,0,1,0,0,0
2675,C4920,12,246,District-West Kameng,Urban,5-9,20,11,9,8,4,4,3,2,1,2,0,2,4,3,1,0,0,0,0,0,0,2,1,1,1,1,0
2676,C4920,12,246,District-West Kameng,Urban,10-19,45,26,19,13,8,5,8,5,3,5,3,2,5,3,2,3,1,2,1,1,0,7,3,4,3,2,1
2677,C4920,12,246,District-West Kameng,Urban,20-29,37,20,17,13,9,4,4,2,2,3,0,3,5,3,2,2,0,2,2,1,1,6,3,3,2,2,0
2678,C4920,12,246,District-West Kameng,Urban,30-39,29,18,11,12,8,4,7,3,4,1,1,0,5,2,3,0,0,0,1,1,0,2,2,0,1,1,0
2679,C4920,12,246,District-West Kameng,Urban,40-49,23,14,9,5,3,2,6,5,1,1,0,1,4,1,3,0,0,0,1,1,0,4,3,1,2,1,1
2680,C4920,12,246,District-West Kameng,Urban,50-59,20,15,5,4,4,0,5,3,2,4,3,1,4,3,1,0,0,0,2,1,1,1,1,0,0,0,0
2681,C4920,12,246,District-West Kameng,Urban,60-69,9,6,3,2,1,1,2,0,2,0,0,0,2,2,0,0,0,0,0,0,0,1,1,0,2,2,0
2682,C4920,12,246,District-West Kameng,Urban,70-79,13,7,6,4,1,3,2,1,1,0,0,0,2,2,0,0,0,0,0,0,0,1,1,0,4,2,2
2683,C4920,12,246,District-West Kameng,Urban,80-89,6,3,3,1,0,1,5,3,2,0,0,0,0,0,0,0,0,0,0,0,0,0,0,0,0,0,0
2684,C4920,12,246,District-West Kameng,Urban,90+,0,0,0,0,0,0,0,0,0,0,0,0,0,0,0,0,0,0,0,0,0,0,0,0,0,0,0
2685,C4920,12,246,District-West Kameng,Urban,Age Not Stated,0,0,0,0,0,0,0,0,0,0,0,0,0,0,0,0,0,0,0,0,0,0,0,0,0,0,0
2686,C4920,12,247,District-East Kameng,Total,Total,1685,860,825,368,189,179,528,243,285,78,47,31,210,111,99,92,41,51,35,17,18,261,151,110,113,61,52
2687,C4920,12,247,District-East Kameng,Total,0-4,110,52,58,32,14,18,33,13,20,1,0,1,7,3,4,6,4,2,1,0,1,25,14,11,5,4,1
2688,C4920,12,247,District-East Kameng,Total,5-9,186,90,96,40,28,12,70,28,42,13,6,7,13,6,7,10,2,8,4,2,2,26,17,9,10,1,9
2689,C4920,12,247,District-East Kameng,Total,10-19,385,209,176,78,41,37,129,65,64,20,13,7,48,23,25,22,14,8,7,4,3,60,37,23,21,12,9
2690,C4920,12,247,District-East Kameng,Total,20-29,222,111,111,48,20,28,60,32,28,13,7,6,34,18,16,15,6,9,5,3,2,36,21,15,11,4,7
2691,C4920,12,247,District-East Kameng,Total,30-39,234,113,121,46,25,21,74,30,44,11,7,4,29,18,11,17,5,12,9,5,4,29,14,15,19,9,10
2692,C4920,12,247,District-East Kameng,Total,40-49,192,99,93,40,17,23,48,21,27,15,11,4,26,15,11,5,3,2,4,1,3,46,26,20,8,5,3
2693,C4920,12,247,District-East Kameng,Total,50-59,167,88,79,36,16,20,51,20,31,4,3,1,24,15,9,11,7,4,1,0,1,22,13,9,18,14,4
2694,C4920,12,247,District-East Kameng,Total,60-69,109,49,60,23,10,13,37,16,21,1,0,1,16,6,10,3,0,3,4,2,2,14,9,5,11,6,5
2695,C4920,12,247,District-East Kameng,Total,70-79,54,34,20,18,13,5,16,10,6,0,0,0,11,6,5,2,0,2,0,0,0,2,0,2,5,5,0
2696,C4920,12,247,District-East Kameng,Total,80-89,17,9,8,6,5,1,6,4,2,0,0,0,1,0,1,0,0,0,0,0,0,1,0,1,3,0,3
2697,C4920,12,247,District-East Kameng,Total,90+,7,4,3,1,0,1,2,2,0,0,0,0,1,1,0,1,0,1,0,0,0,0,0,0,2,1,1
2698,C4920,12,247,District-East Kameng,Total,Age Not Stated,2,2,0,0,0,0,2,2,0,0,0,0,0,0,0,0,0,0,0,0,0,0,0,0,0,0,0
2699,C4920,12,247,District-East Kameng,Rural,Total,1405,708,697,298,149,149,480,213,267,62,38,24,160,88,72,76,35,41,22,9,13,210,126,84,97,50,47
2700,C4920,12,247,District-East Kameng,Rural,0-4,95,42,53,27,10,17,32,13,19,1,0,1,6,2,4,5,4,1,1,0,1,18,9,9,5,4,1
2701,C4920,12,247,District-East Kameng,Rural,5-9,152,73,79,32,23,9,67,27,40,7,4,3,11,5,6,8,1,7,0,0,0,19,13,6,8,0,8
2702,C4920,12,247,District-East Kameng,Rural,10-19,312,168,144,64,32,32,114,54,60,18,12,6,35,18,17,16,12,4,3,2,1,46,31,15,16,7,9
2703,C4920,12,247,District-East Kameng,Rural,20-29,163,83,80,36,18,18,46,21,25,8,4,4,26,15,11,10,5,5,3,1,2,27,16,11,7,3,4
2704,C4920,12,247,District-East Kameng,Rural,30-39,196,90,106,32,16,16,68,27,41,9,5,4,20,12,8,16,4,12,8,4,4,25,13,12,18,9,9
2705,C4920,12,247,District-East Kameng,Rural,40-49,165,84,81,33,12,21,43,19,24,15,11,4,19,11,8,5,3,2,2,0,2,40,23,17,8,5,3
2706,C4920,12,247,District-East Kameng,Rural,50-59,144,76,68,29,12,17,48,19,29,3,2,1,18,13,5,10,6,4,1,0,1,20,13,7,15,11,4
2707,C4920,12,247,District-East Kameng,Rural,60-69,101,45,56,20,8,12,37,16,21,1,0,1,14,6,8,3,0,3,4,2,2,12,8,4,10,5,5
2708,C4920,12,247,District-East Kameng,Rural,70-79,52,33,19,18,13,5,16,10,6,0,0,0,9,5,4,2,0,2,0,0,0,2,0,2,5,5,0
2709,C4920,12,247,District-East Kameng,Rural,80-89,16,8,8,6,5,1,5,3,2,0,0,0,1,0,1,0,0,0,0,0,0,1,0,1,3,0,3
2710,C4920,12,247,District-East Kameng,Rural,90+,7,4,3,1,0,1,2,2,0,0,0,0,1,1,0,1,0,1,0,0,0,0,0,0,2,1,1
2711,C4920,12,247,District-East Kameng,Rural,Age Not Stated,2,2,0,0,0,0,2,2,0,0,0,0,0,0,0,0,0,0,0,0,0,0,0,0,0,0,0
2712,C4920,12,247,District-East Kameng,Urban,Total,280,152,128,70,40,30,48,30,18,16,9,7,50,23,27,16,6,10,13,8,5,51,25,26,16,11,5
2713,C4920,12,247,District-East Kameng,Urban,0-4,15,10,5,5,4,1,1,0,1,0,0,0,1,1,0,1,0,1,0,0,0,7,5,2,0,0,0
2714,C4920,12,247,District-East Kameng,Urban,5-9,34,17,17,8,5,3,3,1,2,6,2,4,2,1,1,2,1,1,4,2,2,7,4,3,2,1,1
2715,C4920,12,247,District-East Kameng,Urban,10-19,73,41,32,14,9,5,15,11,4,2,1,1,13,5,8,6,2,4,4,2,2,14,6,8,5,5,0
2716,C4920,12,247,District-East Kameng,Urban,20-29,59,28,31,12,2,10,14,11,3,5,3,2,8,3,5,5,1,4,2,2,0,9,5,4,4,1,3
2717,C4920,12,247,District-East Kameng,Urban,30-39,38,23,15,14,9,5,6,3,3,2,2,0,9,6,3,1,1,0,1,1,0,4,1,3,1,0,1
2718,C4920,12,247,District-East Kameng,Urban,40-49,27,15,12,7,5,2,5,2,3,0,0,0,7,4,3,0,0,0,2,1,1,6,3,3,0,0,0
2719,C4920,12,247,District-East Kameng,Urban,50-59,23,12,11,7,4,3,3,1,2,1,1,0,6,2,4,1,1,0,0,0,0,2,0,2,3,3,0
2720,C4920,12,247,District-East Kameng,Urban,60-69,8,4,4,3,2,1,0,0,0,0,0,0,2,0,2,0,0,0,0,0,0,2,1,1,1,1,0
2721,C4920,12,247,District-East Kameng,Urban,70-79,2,1,1,0,0,0,0,0,0,0,0,0,2,1,1,0,0,0,0,0,0,0,0,0,0,0,0
2722,C4920,12,247,District-East Kameng,Urban,80-89,1,1,0,0,0,0,1,1,0,0,0,0,0,0,0,0,0,0,0,0,0,0,0,0,0,0,0
2723,C4920,12,247,District-East Kameng,Urban,90+,0,0,0,0,0,0,0,0,0,0,0,0,0,0,0,0,0,0,0,0,0,0,0,0,0,0,0
2724,C4920,12,247,District-East Kameng,Urban,Age Not Stated,0,0,0,0,0,0,0,0,0,0,0,0,0,0,0,0,0,0,0,0,0,0,0,0,0,0,0
2725,C4920,12,248,District-Papum Pare,Total,Total,2799,1469,1330,547,279,268,851,423,428,134,77,57,286,168,118,154,81,73,47,23,24,566,297,269,214,121,93
2726,C4920,12,248,District-Papum Pare,Total,0-4,152,78,74,33,18,15,45,19,26,0,0,0,17,9,8,12,4,8,3,3,0,36,23,13,6,2,4
2727,C4920,12,248,District-Papum Pare,Total,5-9,293,157,136,60,27,33,99,55,44,22,15,7,21,14,7,20,9,11,2,1,1,46,24,22,23,12,11
2728,C4920,12,248,District-Papum Pare,Total,10-19,675,346,329,118,58,60,238,113,125,37,24,13,49,27,22,38,20,18,12,7,5,132,65,67,51,32,19
2729,C4920,12,248,District-Papum Pare,Total,20-29,537,269,268,94,46,48,163,82,81,29,14,15,41,23,18,36,22,14,9,6,3,125,53,72,40,23,17
2730,C4920,12,248,District-Papum Pare,Total,30-39,401,194,207,78,34,44,110,46,64,18,10,8,41,21,20,25,11,14,7,4,3,94,51,43,28,17,11
2731,C4920,12,248,District-Papum Pare,Total,40-49,318,194,124,69,40,29,77,45,32,10,6,4,51,35,16,13,10,3,8,1,7,70,45,25,20,12,8
2732,C4920,12,248,District-Papum Pare,Total,50-59,218,133,85,37,28,9,66,35,31,9,4,5,35,22,13,8,5,3,2,0,2,42,26,16,19,13,6
2733,C4920,12,248,District-Papum Pare,Total,60-69,107,49,58,33,18,15,27,14,13,8,3,5,18,7,11,1,0,1,3,1,2,10,3,7,7,3,4
2734,C4920,12,248,District-Papum Pare,Total,70-79,56,32,24,17,8,9,17,10,7,1,1,0,12,10,2,0,0,0,1,0,1,4,3,1,4,0,4
2735,C4920,12,248,District-Papum Pare,Total,80-89,26,8,18,7,1,6,5,1,4,0,0,0,0,0,0,0,0,0,0,0,0,3,1,2,11,5,6
2736,C4920,12,248,District-Papum Pare,Total,90+,8,3,5,1,1,0,3,2,1,0,0,0,1,0,1,0,0,0,0,0,0,0,0,0,3,0,3
2737,C4920,12,248,District-Papum Pare,Total,Age Not Stated,8,6,2,0,0,0,1,1,0,0,0,0,0,0,0,1,0,1,0,0,0,4,3,1,2,2,0
2738,C4920,12,248,District-Papum Pare,Rural,Total,1301,662,639,223,113,110,378,176,202,68,36,32,148,86,62,78,38,40,25,12,13,266,140,126,115,61,54
2739,C4920,12,248,District-Papum Pare,Rural,0-4,66,32,34,14,8,6,19,6,13,0,0,0,12,7,5,8,3,5,0,0,0,13,8,5,0,0,0
2740,C4920,12,248,District-Papum Pare,Rural,5-9,121,58,63,28,11,17,32,19,13,6,1,5,11,7,4,12,3,9,1,0,1,19,12,7,12,5,7
2741,C4920,12,248,District-Papum Pare,Rural,10-19,298,149,149,40,19,21,92,35,57,23,15,8,28,15,13,17,10,7,6,5,1,63,33,30,29,17,12
2742,C4920,12,248,District-Papum Pare,Rural,20-29,238,119,119,36,18,18,71,37,34,18,6,12,19,10,9,17,11,6,5,4,1,54,22,32,18,11,7
2743,C4920,12,248,District-Papum Pare,Rural,30-39,196,95,101,31,14,17,60,26,34,9,5,4,15,7,8,16,7,9,6,3,3,43,23,20,16,10,6
2744,C4920,12,248,District-Papum Pare,Rural,40-49,135,80,55,19,10,9,34,18,16,3,3,0,23,16,7,3,2,1,6,0,6,40,27,13,7,4,3
2745,C4920,12,248,District-Papum Pare,Rural,50-59,105,64,41,19,15,4,32,17,15,3,3,0,18,12,6,3,2,1,0,0,0,20,9,11,10,6,4
2746,C4920,12,248,District-Papum Pare,Rural,60-69,77,32,45,22,12,10,19,8,11,6,3,3,14,4,10,1,0,1,1,0,1,8,2,6,6,3,3
2747,C4920,12,248,District-Papum Pare,Rural,70-79,38,23,15,10,5,5,13,8,5,0,0,0,8,8,0,0,0,0,0,0,0,3,2,1,4,0,4
2748,C4920,12,248,District-Papum Pare,Rural,80-89,18,5,13,4,1,3,4,0,4,0,0,0,0,0,0,0,0,0,0,0,0,1,1,0,9,3,6
2749,C4920,12,248,District-Papum Pare,Rural,90+,4,2,2,0,0,0,2,2,0,0,0,0,0,0,0,0,0,0,0,0,0,0,0,0,2,0,2
2750,C4920,12,248,District-Papum Pare,Rural,Age Not Stated,5,3,2,0,0,0,0,0,0,0,0,0,0,0,0,1,0,1,0,0,0,2,1,1,2,2,0
2751,C4920,12,248,District-Papum Pare,Urban,Total,1498,807,691,324,166,158,473,247,226,66,41,25,138,82,56,76,43,33,22,11,11,300,157,143,99,60,39
2752,C4920,12,248,District-Papum Pare,Urban,0-4,86,46,40,19,10,9,26,13,13,0,0,0,5,2,3,4,1,3,3,3,0,23,15,8,6,2,4
2753,C4920,12,248,District-Papum Pare,Urban,5-9,172,99,73,32,16,16,67,36,31,16,14,2,10,7,3,8,6,2,1,1,0,27,12,15,11,7,4
2754,C4920,12,248,District-Papum Pare,Urban,10-19,377,197,180,78,39,39,146,78,68,14,9,5,21,12,9,21,10,11,6,2,4,69,32,37,22,15,7
2755,C4920,12,248,District-Papum Pare,Urban,20-29,299,150,149,58,28,30,92,45,47,11,8,3,22,13,9,19,11,8,4,2,2,71,31,40,22,12,10
2756,C4920,12,248,District-Papum Pare,Urban,30-39,205,99,106,47,20,27,50,20,30,9,5,4,26,14,12,9,4,5,1,1,0,51,28,23,12,7,5
2757,C4920,12,248,District-Papum Pare,Urban,40-49,183,114,69,50,30,20,43,27,16,7,3,4,28,19,9,10,8,2,2,1,1,30,18,12,13,8,5
2758,C4920,12,248,District-Papum Pare,Urban,50-59,113,69,44,18,13,5,34,18,16,6,1,5,17,10,7,5,3,2,2,0,2,22,17,5,9,7,2
2759,C4920,12,248,District-Papum Pare,Urban,60-69,30,17,13,11,6,5,8,6,2,2,0,2,4,3,1,0,0,0,2,1,1,2,1,1,1,0,1
2760,C4920,12,248,District-Papum Pare,Urban,70-79,18,9,9,7,3,4,4,2,2,1,1,0,4,2,2,0,0,0,1,0,1,1,1,0,0,0,0
2761,C4920,12,248,District-Papum Pare,Urban,80-89,8,3,5,3,0,3,1,1,0,0,0,0,0,0,0,0,0,0,0,0,0,2,0,2,2,2,0
2762,C4920,12,248,District-Papum Pare,Urban,90+,4,1,3,1,1,0,1,0,1,0,0,0,1,0,1,0,0,0,0,0,0,0,0,0,1,0,1
2763,C4920,12,248,District-Papum Pare,Urban,Age Not Stated,3,3,0,0,0,0,1,1,0,0,0,0,0,0,0,0,0,0,0,0,0,2,2,0,0,0,0
2764,C4920,12,249,District-Upper Subansiri,Total,Total,1897,1016,881,365,184,181,736,346,390,56,36,20,168,104,64,92,51,41,26,15,11,310,199,111,144,81,63
2765,C4920,12,249,District-Upper Subansiri,Total,0-4,107,43,64,20,7,13,57,24,33,1,0,1,7,6,1,8,4,4,1,0,1,11,2,9,2,0,2
2766,C4920,12,249,District-Upper Subansiri,Total,5-9,167,90,77,29,19,10,73,35,38,3,3,0,9,4,5,11,8,3,0,0,0,29,13,16,13,8,5
2767,C4920,12,249,District-Upper Subansiri,Total,10-19,391,206,185,74,44,30,156,78,78,13,10,3,34,17,17,23,11,12,5,3,2,55,26,29,31,17,14
2768,C4920,12,249,District-Upper Subansiri,Total,20-29,383,224,159,55,29,26,140,65,75,14,7,7,30,20,10,18,12,6,7,4,3,95,72,23,24,15,9
2769,C4920,12,249,District-Upper Subansiri,Total,30-39,238,143,95,43,24,19,88,44,44,7,6,1,21,12,9,10,6,4,6,4,2,51,41,10,12,6,6
2770,C4920,12,249,District-Upper Subansiri,Total,40-49,228,113,115,46,20,26,86,35,51,8,4,4,21,15,6,13,4,9,4,1,3,36,25,11,14,9,5
2771,C4920,12,249,District-Upper Subansiri,Total,50-59,203,114,89,46,22,24,75,40,35,6,3,3,24,15,9,7,6,1,3,3,0,19,13,6,23,12,11
2772,C4920,12,249,District-Upper Subansiri,Total,60-69,118,45,73,36,8,28,40,17,23,2,1,1,11,7,4,2,0,2,0,0,0,10,4,6,17,8,9
2773,C4920,12,249,District-Upper Subansiri,Total,70-79,36,22,14,8,6,2,15,6,9,1,1,0,7,5,2,0,0,0,0,0,0,4,3,1,1,1,0
2774,C4920,12,249,District-Upper Subansiri,Total,80-89,13,10,3,4,3,1,3,2,1,0,0,0,2,2,0,0,0,0,0,0,0,0,0,0,4,3,1
2775,C4920,12,249,District-Upper Subansiri,Total,90+,9,6,3,3,2,1,0,0,0,1,1,0,2,1,1,0,0,0,0,0,0,0,0,0,3,2,1
2776,C4920,12,249,District-Upper Subansiri,Total,Age Not Stated,4,0,4,1,0,1,3,0,3,0,0,0,0,0,0,0,0,0,0,0,0,0,0,0,0,0,0
2777,C4920,12,249,District-Upper Subansiri,Rural,Total,1615,821,794,298,149,149,696,326,370,51,31,20,145,85,60,74,43,31,22,13,9,201,101,100,128,73,55
2778,C4920,12,249,District-Upper Subansiri,Rural,0-4,95,38,57,18,7,11,54,23,31,1,0,1,5,4,1,6,3,3,1,0,1,8,1,7,2,0,2
2779,C4920,12,249,District-Upper Subansiri,Rural,5-9,152,83,69,23,17,6,70,33,37,3,3,0,9,4,5,9,6,3,0,0,0,26,12,14,12,8,4
2780,C4920,12,249,District-Upper Subansiri,Rural,10-19,340,178,162,63,36,27,147,74,73,11,8,3,29,13,16,16,10,6,4,3,1,44,19,25,26,15,11
2781,C4920,12,249,District-Upper Subansiri,Rural,20-29,294,155,139,40,21,19,129,60,69,14,7,7,25,16,9,16,11,5,5,3,2,45,24,21,20,13,7
2782,C4920,12,249,District-Upper Subansiri,Rural,30-39,197,107,90,36,20,16,84,42,42,6,5,1,17,8,9,9,5,4,6,4,2,28,18,10,11,5,6
2783,C4920,12,249,District-Upper Subansiri,Rural,40-49,191,87,104,34,13,21,84,34,50,7,3,4,16,11,5,11,4,7,4,1,3,23,13,10,12,8,4
2784,C4920,12,249,District-Upper Subansiri,Rural,50-59,179,97,82,39,18,21,70,37,33,6,3,3,22,14,8,5,4,1,2,2,0,14,8,6,21,11,10
2785,C4920,12,249,District-Upper Subansiri,Rural,60-69,109,42,67,31,8,23,37,15,22,2,1,1,11,7,4,2,0,2,0,0,0,10,4,6,16,7,9
2786,C4920,12,249,District-Upper Subansiri,Rural,70-79,34,20,14,7,5,2,15,6,9,1,1,0,7,5,2,0,0,0,0,0,0,3,2,1,1,1,0
2787,C4920,12,249,District-Upper Subansiri,Rural,80-89,12,9,3,3,2,1,3,2,1,0,0,0,2,2,0,0,0,0,0,0,0,0,0,0,4,3,1
2788,C4920,12,249,District-Upper Subansiri,Rural,90+,8,5,3,3,2,1,0,0,0,0,0,0,2,1,1,0,0,0,0,0,0,0,0,0,3,2,1
2789,C4920,12,249,District-Upper Subansiri,Rural,Age Not Stated,4,0,4,1,0,1,3,0,3,0,0,0,0,0,0,0,0,0,0,0,0,0,0,0,0,0,0
2790,C4920,12,249,District-Upper Subansiri,Urban,Total,282,195,87,67,35,32,40,20,20,5,5,0,23,19,4,18,8,10,4,2,2,109,98,11,16,8,8
2791,C4920,12,249,District-Upper Subansiri,Urban,0-4,12,5,7,2,0,2,3,1,2,0,0,0,2,2,0,2,1,1,0,0,0,3,1,2,0,0,0
2792,C4920,12,249,District-Upper Subansiri,Urban,5-9,15,7,8,6,2,4,3,2,1,0,0,0,0,0,0,2,2,0,0,0,0,3,1,2,1,0,1
2793,C4920,12,249,District-Upper Subansiri,Urban,10-19,51,28,23,11,8,3,9,4,5,2,2,0,5,4,1,7,1,6,1,0,1,11,7,4,5,2,3
2794,C4920,12,249,District-Upper Subansiri,Urban,20-29,89,69,20,15,8,7,11,5,6,0,0,0,5,4,1,2,1,1,2,1,1,50,48,2,4,2,2
2795,C4920,12,249,District-Upper Subansiri,Urban,30-39,41,36,5,7,4,3,4,2,2,1,1,0,4,4,0,1,1,0,0,0,0,23,23,0,1,1,0
2796,C4920,12,249,District-Upper Subansiri,Urban,40-49,37,26,11,12,7,5,2,1,1,1,1,0,5,4,1,2,0,2,0,0,0,13,12,1,2,1,1
2797,C4920,12,249,District-Upper Subansiri,Urban,50-59,24,17,7,7,4,3,5,3,2,0,0,0,2,1,1,2,2,0,1,1,0,5,5,0,2,1,1
2798,C4920,12,249,District-Upper Subansiri,Urban,60-69,9,3,6,5,0,5,3,2,1,0,0,0,0,0,0,0,0,0,0,0,0,0,0,0,1,1,0
2799,C4920,12,249,District-Upper Subansiri,Urban,70-79,2,2,0,1,1,0,0,0,0,0,0,0,0,0,0,0,0,0,0,0,0,1,1,0,0,0,0
2800,C4920,12,249,District-Upper Subansiri,Urban,80-89,1,1,0,1,1,0,0,0,0,0,0,0,0,0,0,0,0,0,0,0,0,0,0,0,0,0,0
2801,C4920,12,249,District-Upper Subansiri,Urban,90+,1,1,0,0,0,0,0,0,0,1,1,0,0,0,0,0,0,0,0,0,0,0,0,0,0,0,0
2802,C4920,12,249,District-Upper Subansiri,Urban,Age Not Stated,0,0,0,0,0,0,0,0,0,0,0,0,0,0,0,0,0,0,0,0,0,0,0,0,0,0,0
2803,C4920,12,250,District-West Siang,Total,Total,1997,1039,958,477,234,243,543,282,261,113,57,56,247,149,98,126,54,72,30,16,14,261,138,123,200,109,91
2804,C4920,12,250,District-West Siang,Total,0-4,115,64,51,27,18,9,35,15,20,1,1,0,4,3,1,7,4,3,0,0,0,32,16,16,9,7,2
2805,C4920,12,250,District-West Siang,Total,5-9,166,81,85,41,21,20,47,23,24,11,8,3,9,7,2,14,6,8,1,0,1,29,11,18,14,5,9
2806,C4920,12,250,District-West Siang,Total,10-19,367,189,178,93,52,41,91,42,49,24,14,10,61,30,31,23,15,8,6,2,4,41,16,25,28,18,10
2807,C4920,12,250,District-West Siang,Total,20-29,280,142,138,65,29,36,64,31,33,15,5,10,27,16,11,25,6,19,8,7,1,44,30,14,32,18,14
2808,C4920,12,250,District-West Siang,Total,30-39,279,150,129,55,27,28,75,36,39,19,7,12,33,24,9,23,10,13,3,2,1,40,25,15,31,19,12
2809,C4920,12,250,District-West Siang,Total,40-49,238,130,108,42,26,16,66,38,28,22,10,12,34,19,15,13,5,8,6,2,4,35,20,15,20,10,10
2810,C4920,12,250,District-West Siang,Total,50-59,205,113,92,44,18,26,64,41,23,12,6,6,31,21,10,7,2,5,2,2,0,18,12,6,27,11,16
2811,C4920,12,250,District-West Siang,Total,60-69,181,91,90,57,25,32,60,34,26,7,4,3,23,14,9,7,3,4,2,1,1,11,5,6,14,5,9
2812,C4920,12,250,District-West Siang,Total,70-79,117,57,60,38,13,25,31,16,15,2,2,0,17,11,6,3,2,1,2,0,2,9,3,6,15,10,5
2813,C4920,12,250,District-West Siang,Total,80-89,40,16,24,14,5,9,8,5,3,0,0,0,8,4,4,3,0,3,0,0,0,1,0,1,6,2,4
2814,C4920,12,250,District-West Siang,Total,90+,6,4,2,1,0,1,1,0,1,0,0,0,0,0,0,0,0,0,0,0,0,0,0,0,4,4,0
2815,C4920,12,250,District-West Siang,Total,Age Not Stated,3,2,1,0,0,0,1,1,0,0,0,0,0,0,0,1,1,0,0,0,0,1,0,1,0,0,0
2816,C4920,12,250,District-West Siang,Rural,Total,1582,831,751,354,171,183,419,226,193,96,48,48,224,135,89,91,41,50,27,14,13,184,91,93,187,105,82
2817,C4920,12,250,District-West Siang,Rural,0-4,87,46,41,19,12,7,29,11,18,0,0,0,4,3,1,6,4,2,0,0,0,23,11,12,6,5,1
2818,C4920,12,250,District-West Siang,Rural,5-9,124,64,60,31,15,16,34,19,15,8,6,2,9,7,2,4,2,2,1,0,1,23,10,13,14,5,9
2819,C4920,12,250,District-West Siang,Rural,10-19,263,145,118,54,34,20,61,31,30,22,13,9,55,27,28,14,10,4,6,2,4,27,11,16,24,17,7
2820,C4920,12,250,District-West Siang,Rural,20-29,209,111,98,43,19,24,46,25,21,11,5,6,24,16,8,23,5,18,7,6,1,26,17,9,29,18,11
2821,C4920,12,250,District-West Siang,Rural,30-39,207,114,93,36,18,18,51,26,25,17,6,11,31,22,9,17,10,7,1,1,0,24,12,12,30,19,11
2822,C4920,12,250,District-West Siang,Rural,40-49,179,95,84,27,18,9,43,24,19,18,7,11,30,16,14,9,4,5,6,2,4,26,14,12,20,10,10
2823,C4920,12,250,District-West Siang,Rural,50-59,182,97,85,38,15,23,57,36,21,11,5,6,27,18,9,7,2,5,2,2,0,13,8,5,27,11,16
2824,C4920,12,250,District-West Siang,Rural,60-69,170,84,86,53,22,31,58,33,25,7,4,3,20,12,8,6,2,4,2,1,1,11,5,6,13,5,8
2825,C4920,12,250,District-West Siang,Rural,70-79,116,56,60,38,13,25,31,16,15,2,2,0,17,11,6,2,1,1,2,0,2,9,3,6,15,10,5
2826,C4920,12,250,District-West Siang,Rural,80-89,37,14,23,14,5,9,7,4,3,0,0,0,7,3,4,2,0,2,0,0,0,1,0,1,6,2,4
2827,C4920,12,250,District-West Siang,Rural,90+,5,3,2,1,0,1,1,0,1,0,0,0,0,0,0,0,0,0,0,0,0,0,0,0,3,3,0
2828,C4920,12,250,District-West Siang,Rural,Age Not Stated,3,2,1,0,0,0,1,1,0,0,0,0,0,0,0,1,1,0,0,0,0,1,0,1,0,0,0
2829,C4920,12,250,District-West Siang,Urban,Total,415,208,207,123,63,60,124,56,68,17,9,8,23,14,9,35,13,22,3,2,1,77,47,30,13,4,9
2830,C4920,12,250,District-West Siang,Urban,0-4,28,18,10,8,6,2,6,4,2,1,1,0,0,0,0,1,0,1,0,0,0,9,5,4,3,2,1
2831,C4920,12,250,District-West Siang,Urban,5-9,42,17,25,10,6,4,13,4,9,3,2,1,0,0,0,10,4,6,0,0,0,6,1,5,0,0,0
2832,C4920,12,250,District-West Siang,Urban,10-19,104,44,60,39,18,21,30,11,19,2,1,1,6,3,3,9,5,4,0,0,0,14,5,9,4,1,3
2833,C4920,12,250,District-West Siang,Urban,20-29,71,31,40,22,10,12,18,6,12,4,0,4,3,0,3,2,1,1,1,1,0,18,13,5,3,0,3
2834,C4920,12,250,District-West Siang,Urban,30-39,72,36,36,19,9,10,24,10,14,2,1,1,2,2,0,6,0,6,2,1,1,16,13,3,1,0,1
2835,C4920,12,250,District-West Siang,Urban,40-49,59,35,24,15,8,7,23,14,9,4,3,1,4,3,1,4,1,3,0,0,0,9,6,3,0,0,0
2836,C4920,12,250,District-West Siang,Urban,50-59,23,16,7,6,3,3,7,5,2,1,1,0,4,3,1,0,0,0,0,0,0,5,4,1,0,0,0
2837,C4920,12,250,District-West Siang,Urban,60-69,11,7,4,4,3,1,2,1,1,0,0,0,3,2,1,1,1,0,0,0,0,0,0,0,1,0,1
2838,C4920,12,250,District-West Siang,Urban,70-79,1,1,0,0,0,0,0,0,0,0,0,0,0,0,0,1,1,0,0,0,0,0,0,0,0,0,0
2839,C4920,12,250,District-West Siang,Urban,80-89,3,2,1,0,0,0,1,1,0,0,0,0,1,1,0,1,0,1,0,0,0,0,0,0,0,0,0
2840,C4920,12,250,District-West Siang,Urban,90+,1,1,0,0,0,0,0,0,0,0,0,0,0,0,0,0,0,0,0,0,0,0,0,0,1,1,0
2841,C4920,12,250,District-West Siang,Urban,Age Not Stated,0,0,0,0,0,0,0,0,0,0,0,0,0,0,0,0,0,0,0,0,0,0,0,0,0,0,0
2842,C4920,12,251,District-East Siang,Total,Total,1977,1046,931,405,208,197,611,294,317,120,70,50,272,177,95,110,50,60,60,29,31,221,119,102,178,99,79
2843,C4920,12,251,District-East Siang,Total,0-4,59,31,28,18,12,6,16,8,8,1,1,0,6,3,3,2,1,1,1,0,1,11,3,8,4,3,1
2844,C4920,12,251,District-East Siang,Total,5-9,97,56,41,20,10,10,27,15,12,10,5,5,6,5,1,9,5,4,1,1,0,14,8,6,10,7,3
2845,C4920,12,251,District-East Siang,Total,10-19,338,172,166,66,29,37,75,34,41,34,18,16,35,23,12,30,14,16,7,5,2,67,34,33,24,15,9
2846,C4920,12,251,District-East Siang,Total,20-29,254,136,118,49,29,20,77,30,47,21,14,7,27,18,9,22,8,14,16,8,8,25,17,8,17,12,5
2847,C4920,12,251,District-East Siang,Total,30-39,250,143,107,36,19,17,77,44,33,21,11,10,31,20,11,24,14,10,8,4,4,34,20,14,19,11,8
2848,C4920,12,251,District-East Siang,Total,40-49,228,113,115,37,23,14,78,33,45,12,7,5,39,24,15,11,3,8,14,3,11,17,10,7,20,10,10
2849,C4920,12,251,District-East Siang,Total,50-59,199,116,83,35,19,16,74,35,39,8,7,1,40,30,10,5,2,3,5,3,2,21,12,9,11,8,3
2850,C4920,12,251,District-East Siang,Total,60-69,277,139,138,74,32,42,110,57,53,6,2,4,41,24,17,2,0,2,5,3,2,20,10,10,19,11,8
2851,C4920,12,251,District-East Siang,Total,70-79,181,90,91,39,15,24,60,33,27,7,5,2,34,21,13,3,1,2,3,2,1,9,5,4,26,8,18
2852,C4920,12,251,District-East Siang,Total,80-89,65,32,33,21,13,8,13,2,11,0,0,0,8,5,3,2,2,0,0,0,0,2,0,2,19,10,9
2853,C4920,12,251,District-East Siang,Total,90+,25,16,9,9,6,3,3,3,0,0,0,0,4,3,1,0,0,0,0,0,0,0,0,0,9,4,5
2854,C4920,12,251,District-East Siang,Total,Age Not Stated,4,2,2,1,1,0,1,0,1,0,0,0,1,1,0,0,0,0,0,0,0,1,0,1,0,0,0
2855,C4920,12,251,District-East Siang,Rural,Total,1694,888,806,335,168,167,560,268,292,99,59,40,227,145,82,69,30,39,49,24,25,187,103,84,168,91,77
2856,C4920,12,251,District-East Siang,Rural,0-4,41,21,20,10,5,5,14,8,6,1,1,0,4,2,2,0,0,0,1,0,1,8,3,5,3,2,1
2857,C4920,12,251,District-East Siang,Rural,5-9,74,41,33,13,6,7,25,14,11,7,4,3,3,2,1,7,4,3,0,0,0,9,4,5,10,7,3
2858,C4920,12,251,District-East Siang,Rural,10-19,273,147,126,44,20,24,69,31,38,26,15,11,33,23,10,17,7,10,6,4,2,55,33,22,23,14,9
2859,C4920,12,251,District-East Siang,Rural,20-29,201,111,90,36,23,13,65,27,38,17,11,6,22,15,7,13,5,8,14,8,6,19,12,7,15,10,5
2860,C4920,12,251,District-East Siang,Rural,30-39,209,115,94,29,13,16,72,41,31,17,9,8,23,14,9,15,8,7,7,3,4,31,18,13,15,9,6
2861,C4920,12,251,District-East Siang,Rural,40-49,192,94,98,32,20,12,68,29,39,12,7,5,27,15,12,7,2,5,12,3,9,15,9,6,19,9,10
2862,C4920,12,251,District-East Siang,Rural,50-59,167,90,77,33,17,16,63,25,38,6,5,1,32,24,8,3,1,2,1,1,0,19,10,9,10,7,3
2863,C4920,12,251,District-East Siang,Rural,60-69,264,131,133,68,29,39,107,55,52,6,2,4,37,21,16,2,0,2,5,3,2,20,10,10,19,11,8
2864,C4920,12,251,District-East Siang,Rural,70-79,180,89,91,39,15,24,60,33,27,7,5,2,34,21,13,3,1,2,3,2,1,8,4,4,26,8,18
2865,C4920,12,251,District-East Siang,Rural,80-89,64,31,33,21,13,8,13,2,11,0,0,0,7,4,3,2,2,0,0,0,0,2,0,2,19,10,9
2866,C4920,12,251,District-East Siang,Rural,90+,25,16,9,9,6,3,3,3,0,0,0,0,4,3,1,0,0,0,0,0,0,0,0,0,9,4,5
2867,C4920,12,251,District-East Siang,Rural,Age Not Stated,4,2,2,1,1,0,1,0,1,0,0,0,1,1,0,0,0,0,0,0,0,1,0,1,0,0,0
2868,C4920,12,251,District-East Siang,Urban,Total,283,158,125,70,40,30,51,26,25,21,11,10,45,32,13,41,20,21,11,5,6,34,16,18,10,8,2
2869,C4920,12,251,District-East Siang,Urban,0-4,18,10,8,8,7,1,2,0,2,0,0,0,2,1,1,2,1,1,0,0,0,3,0,3,1,1,0
2870,C4920,12,251,District-East Siang,Urban,5-9,23,15,8,7,4,3,2,1,1,3,1,2,3,3,0,2,1,1,1,1,0,5,4,1,0,0,0
2871,C4920,12,251,District-East Siang,Urban,10-19,65,25,40,22,9,13,6,3,3,8,3,5,2,0,2,13,7,6,1,1,0,12,1,11,1,1,0
2872,C4920,12,251,District-East Siang,Urban,20-29,53,25,28,13,6,7,12,3,9,4,3,1,5,3,2,9,3,6,2,0,2,6,5,1,2,2,0
2873,C4920,12,251,District-East Siang,Urban,30-39,41,28,13,7,6,1,5,3,2,4,2,2,8,6,2,9,6,3,1,1,0,3,2,1,4,2,2
2874,C4920,12,251,District-East Siang,Urban,40-49,36,19,17,5,3,2,10,4,6,0,0,0,12,9,3,4,1,3,2,0,2,2,1,1,1,1,0
2875,C4920,12,251,District-East Siang,Urban,50-59,32,26,6,2,2,0,11,10,1,2,2,0,8,6,2,2,1,1,4,2,2,2,2,0,1,1,0
2876,C4920,12,251,District-East Siang,Urban,60-69,13,8,5,6,3,3,3,2,1,0,0,0,4,3,1,0,0,0,0,0,0,0,0,0,0,0,0
2877,C4920,12,251,District-East Siang,Urban,70-79,1,1,0,0,0,0,0,0,0,0,0,0,0,0,0,0,0,0,0,0,0,1,1,0,0,0,0
2878,C4920,12,251,District-East Siang,Urban,80-89,1,1,0,0,0,0,0,0,0,0,0,0,1,1,0,0,0,0,0,0,0,0,0,0,0,0,0
2879,C4920,12,251,District-East Siang,Urban,90+,0,0,0,0,0,0,0,0,0,0,0,0,0,0,0,0,0,0,0,0,0,0,0,0,0,0,0
2880,C4920,12,251,District-East Siang,Urban,Age Not Stated,0,0,0,0,0,0,0,0,0,0,0,0,0,0,0,0,0,0,0,0,0,0,0,0,0,0,0
2881,C4920,12,252,District-Upper Siang,Total,Total,749,406,343,139,68,71,254,137,117,47,26,21,107,67,40,30,10,20,16,10,6,80,43,37,76,45,31
2882,C4920,12,252,District-Upper Siang,Total,0-4,24,13,11,4,2,2,11,4,7,0,0,0,4,3,1,1,1,0,0,0,0,4,3,1,0,0,0
2883,C4920,12,252,District-Upper Siang,Total,5-9,52,28,24,9,6,3,17,8,9,6,4,2,10,5,5,2,1,1,1,0,1,3,2,1,4,2,2
2884,C4920,12,252,District-Upper Siang,Total,10-19,131,80,51,20,12,8,41,25,16,16,12,4,17,12,5,6,2,4,2,2,0,14,5,9,15,10,5
2885,C4920,12,252,District-Upper Siang,Total,20-29,75,39,36,14,10,4,22,10,12,5,0,5,12,8,4,6,2,4,3,2,1,6,3,3,7,4,3
2886,C4920,12,252,District-Upper Siang,Total,30-39,76,39,37,16,7,9,24,13,11,7,3,4,7,5,2,4,0,4,1,0,1,12,8,4,5,3,2
2887,C4920,12,252,District-Upper Siang,Total,40-49,79,43,36,13,5,8,18,12,6,3,2,1,14,7,7,3,2,1,3,2,1,17,9,8,8,4,4
2888,C4920,12,252,District-Upper Siang,Total,50-59,69,41,28,13,9,4,20,10,10,2,1,1,16,12,4,3,1,2,2,1,1,5,3,2,8,4,4
2889,C4920,12,252,District-Upper Siang,Total,60-69,113,58,55,22,10,12,47,27,20,5,2,3,13,6,7,4,0,4,2,1,1,9,6,3,11,6,5
2890,C4920,12,252,District-Upper Siang,Total,70-79,81,41,40,18,6,12,38,22,16,1,0,1,6,4,2,1,1,0,1,1,0,8,3,5,8,4,4
2891,C4920,12,252,District-Upper Siang,Total,80-89,42,20,22,8,1,7,15,6,9,1,1,0,8,5,3,0,0,0,1,1,0,2,1,1,7,5,2
2892,C4920,12,252,District-Upper Siang,Total,90+,4,3,1,1,0,1,0,0,0,0,0,0,0,0,0,0,0,0,0,0,0,0,0,0,3,3,0
2893,C4920,12,252,District-Upper Siang,Total,Age Not Stated,3,1,2,1,0,1,1,0,1,1,1,0,0,0,0,0,0,0,0,0,0,0,0,0,0,0,0
2894,C4920,12,252,District-Upper Siang,Rural,Total,648,356,292,115,53,62,229,125,104,40,24,16,91,58,33,21,7,14,15,9,6,65,37,28,72,43,29
2895,C4920,12,252,District-Upper Siang,Rural,0-4,22,12,10,4,2,2,10,4,6,0,0,0,3,2,1,1,1,0,0,0,0,4,3,1,0,0,0
2896,C4920,12,252,District-Upper Siang,Rural,5-9,39,23,16,5,2,3,13,8,5,5,4,1,7,4,3,2,1,1,1,0,1,2,2,0,4,2,2
2897,C4920,12,252,District-Upper Siang,Rural,10-19,107,66,41,16,10,6,33,19,14,15,11,4,14,10,4,3,0,3,1,1,0,11,5,6,14,10,4
2898,C4920,12,252,District-Upper Siang,Rural,20-29,54,30,24,9,7,2,17,7,10,3,0,3,10,7,3,3,2,1,3,2,1,4,2,2,5,3,2
2899,C4920,12,252,District-Upper Siang,Rural,30-39,63,34,29,11,4,7,22,13,9,6,3,3,5,4,1,3,0,3,1,0,1,10,7,3,5,3,2
2900,C4920,12,252,District-Upper Siang,Rural,40-49,63,34,29,11,3,8,17,11,6,2,2,0,11,6,5,1,1,0,3,2,1,10,5,5,8,4,4
2901,C4920,12,252,District-Upper Siang,Rural,50-59,61,35,26,10,8,2,19,9,10,1,0,1,14,10,4,3,1,2,2,1,1,5,3,2,7,3,4
2902,C4920,12,252,District-Upper Siang,Rural,60-69,109,57,52,21,10,11,44,26,18,5,2,3,13,6,7,4,0,4,2,1,1,9,6,3,11,6,5
2903,C4920,12,252,District-Upper Siang,Rural,70-79,81,41,40,18,6,12,38,22,16,1,0,1,6,4,2,1,1,0,1,1,0,8,3,5,8,4,4
2904,C4920,12,252,District-Upper Siang,Rural,80-89,42,20,22,8,1,7,15,6,9,1,1,0,8,5,3,0,0,0,1,1,0,2,1,1,7,5,2
2905,C4920,12,252,District-Upper Siang,Rural,90+,4,3,1,1,0,1,0,0,0,0,0,0,0,0,0,0,0,0,0,0,0,0,0,0,3,3,0
2906,C4920,12,252,District-Upper Siang,Rural,Age Not Stated,3,1,2,1,0,1,1,0,1,1,1,0,0,0,0,0,0,0,0,0,0,0,0,0,0,0,0
2907,C4920,12,252,District-Upper Siang,Urban,Total,101,50,51,24,15,9,25,12,13,7,2,5,16,9,7,9,3,6,1,1,0,15,6,9,4,2,2
2908,C4920,12,252,District-Upper Siang,Urban,0-4,2,1,1,0,0,0,1,0,1,0,0,0,1,1,0,0,0,0,0,0,0,0,0,0,0,0,0
2909,C4920,12,252,District-Upper Siang,Urban,5-9,13,5,8,4,4,0,4,0,4,1,0,1,3,1,2,0,0,0,0,0,0,1,0,1,0,0,0
2910,C4920,12,252,District-Upper Siang,Urban,10-19,24,14,10,4,2,2,8,6,2,1,1,0,3,2,1,3,2,1,1,1,0,3,0,3,1,0,1
2911,C4920,12,252,District-Upper Siang,Urban,20-29,21,9,12,5,3,2,5,3,2,2,0,2,2,1,1,3,0,3,0,0,0,2,1,1,2,1,1
2912,C4920,12,252,District-Upper Siang,Urban,30-39,13,5,8,5,3,2,2,0,2,1,0,1,2,1,1,1,0,1,0,0,0,2,1,1,0,0,0
2913,C4920,12,252,District-Upper Siang,Urban,40-49,16,9,7,2,2,0,1,1,0,1,0,1,3,1,2,2,1,1,0,0,0,7,4,3,0,0,0
2914,C4920,12,252,District-Upper Siang,Urban,50-59,8,6,2,3,1,2,1,1,0,1,1,0,2,2,0,0,0,0,0,0,0,0,0,0,1,1,0
2915,C4920,12,252,District-Upper Siang,Urban,60-69,4,1,3,1,0,1,3,1,2,0,0,0,0,0,0,0,0,0,0,0,0,0,0,0,0,0,0
2916,C4920,12,252,District-Upper Siang,Urban,70-79,0,0,0,0,0,0,0,0,0,0,0,0,0,0,0,0,0,0,0,0,0,0,0,0,0,0,0
2917,C4920,12,252,District-Upper Siang,Urban,80-89,0,0,0,0,0,0,0,0,0,0,0,0,0,0,0,0,0,0,0,0,0,0,0,0,0,0,0
2918,C4920,12,252,District-Upper Siang,Urban,90+,0,0,0,0,0,0,0,0,0,0,0,0,0,0,0,0,0,0,0,0,0,0,0,0,0,0,0
2919,C4920,12,252,District-Upper Siang,Urban,Age Not Stated,0,0,0,0,0,0,0,0,0,0,0,0,0,0,0,0,0,0,0,0,0,0,0,0,0,0,0
2920,C4920,12,253,District-Changlang,Total,Total,2447,1284,1163,481,255,226,725,332,393,188,110,78,284,170,114,118,61,57,79,41,38,308,155,153,264,160,104
2921,C4920,12,253,District-Changlang,Total,0-4,124,61,63,36,21,15,44,15,29,1,1,0,9,6,3,4,0,4,0,0,0,25,15,10,5,3,2
2922,C4920,12,253,District-Changlang,Total,5-9,170,87,83,34,20,14,46,22,24,17,9,8,20,10,10,12,6,6,6,2,4,25,12,13,10,6,4
2923,C4920,12,253,District-Changlang,Total,10-19,412,215,197,81,40,41,118,51,67,41,23,18,38,21,17,31,17,14,10,5,5,55,29,26,38,29,9
2924,C4920,12,253,District-Changlang,Total,20-29,341,164,177,58,31,27,112,42,70,34,19,15,27,15,12,19,11,8,16,10,6,49,24,25,26,12,14
2925,C4920,12,253,District-Changlang,Total,30-39,359,192,167,58,26,32,89,44,45,42,22,20,39,27,12,25,11,14,21,12,9,52,26,26,33,24,9
2926,C4920,12,253,District-Changlang,Total,40-49,276,152,124,43,25,18,81,40,41,26,18,8,39,23,16,13,6,7,11,5,6,31,16,15,32,19,13
2927,C4920,12,253,District-Changlang,Total,50-59,221,136,85,40,27,13,68,34,34,13,8,5,37,28,9,7,5,2,6,3,3,21,13,8,29,18,11
2928,C4920,12,253,District-Changlang,Total,60-69,218,112,106,56,24,32,66,34,32,6,4,2,33,24,9,6,5,1,5,2,3,19,7,12,27,12,15
2929,C4920,12,253,District-Changlang,Total,70-79,204,104,100,47,26,21,65,30,35,7,5,2,27,9,18,1,0,1,3,2,1,21,12,9,33,20,13
2930,C4920,12,253,District-Changlang,Total,80-89,101,50,51,24,11,13,30,17,13,1,1,0,14,6,8,0,0,0,1,0,1,6,0,6,25,15,10
2931,C4920,12,253,District-Changlang,Total,90+,15,9,6,4,4,0,3,2,1,0,0,0,1,1,0,0,0,0,0,0,0,1,0,1,6,2,4
2932,C4920,12,253,District-Changlang,Total,Age Not Stated,6,2,4,0,0,0,3,1,2,0,0,0,0,0,0,0,0,0,0,0,0,3,1,2,0,0,0
2933,C4920,12,253,District-Changlang,Rural,Total,2257,1168,1089,448,238,210,672,306,366,172,98,74,255,149,106,112,58,54,72,37,35,277,134,143,249,148,101
2934,C4920,12,253,District-Changlang,Rural,0-4,118,58,60,35,21,14,43,15,28,1,1,0,9,6,3,4,0,4,0,0,0,23,13,10,3,2,1
2935,C4920,12,253,District-Changlang,Rural,5-9,153,75,78,30,18,12,45,21,24,14,7,7,17,8,9,12,6,6,4,1,3,22,9,13,9,5,4
2936,C4920,12,253,District-Changlang,Rural,10-19,378,195,183,77,38,39,109,47,62,37,21,16,34,18,16,29,16,13,8,4,4,48,24,24,36,27,9
2937,C4920,12,253,District-Changlang,Rural,20-29,297,143,154,47,26,21,99,38,61,33,19,14,23,14,9,18,10,8,14,9,5,41,19,22,22,8,14
2938,C4920,12,253,District-Changlang,Rural,30-39,321,171,150,52,24,28,80,39,41,37,17,20,33,24,9,23,10,13,20,11,9,45,23,22,31,23,8
2939,C4920,12,253,District-Changlang,Rural,40-49,253,135,118,39,22,17,72,35,37,23,15,8,35,19,16,12,6,6,11,5,6,30,15,15,31,18,13
2940,C4920,12,253,District-Changlang,Rural,50-59,207,124,83,37,24,13,63,31,32,13,8,5,32,23,9,7,5,2,6,3,3,20,12,8,29,18,11
2941,C4920,12,253,District-Changlang,Rural,60-69,213,108,105,56,24,32,66,34,32,6,4,2,30,21,9,6,5,1,5,2,3,18,6,12,26,12,14
2942,C4920,12,253,District-Changlang,Rural,70-79,201,102,99,47,26,21,62,28,34,7,5,2,27,9,18,1,0,1,3,2,1,21,12,9,33,20,13
2943,C4920,12,253,District-Changlang,Rural,80-89,97,47,50,24,11,13,28,15,13,1,1,0,14,6,8,0,0,0,1,0,1,5,0,5,24,14,10
2944,C4920,12,253,District-Changlang,Rural,90+,14,8,6,4,4,0,3,2,1,0,0,0,1,1,0,0,0,0,0,0,0,1,0,1,5,1,4
2945,C4920,12,253,District-Changlang,Rural,Age Not Stated,5,2,3,0,0,0,2,1,1,0,0,0,0,0,0,0,0,0,0,0,0,3,1,2,0,0,0
2946,C4920,12,253,District-Changlang,Urban,Total,190,116,74,33,17,16,53,26,27,16,12,4,29,21,8,6,3,3,7,4,3,31,21,10,15,12,3
2947,C4920,12,253,District-Changlang,Urban,0-4,6,3,3,1,0,1,1,0,1,0,0,0,0,0,0,0,0,0,0,0,0,2,2,0,2,1,1
2948,C4920,12,253,District-Changlang,Urban,5-9,17,12,5,4,2,2,1,1,0,3,2,1,3,2,1,0,0,0,2,1,1,3,3,0,1,1,0
2949,C4920,12,253,District-Changlang,Urban,10-19,34,20,14,4,2,2,9,4,5,4,2,2,4,3,1,2,1,1,2,1,1,7,5,2,2,2,0
2950,C4920,12,253,District-Changlang,Urban,20-29,44,21,23,11,5,6,13,4,9,1,0,1,4,1,3,1,1,0,2,1,1,8,5,3,4,4,0
2951,C4920,12,253,District-Changlang,Urban,30-39,38,21,17,6,2,4,9,5,4,5,5,0,6,3,3,2,1,1,1,1,0,7,3,4,2,1,1
2952,C4920,12,253,District-Changlang,Urban,40-49,23,17,6,4,3,1,9,5,4,3,3,0,4,4,0,1,0,1,0,0,0,1,1,0,1,1,0
2953,C4920,12,253,District-Changlang,Urban,50-59,14,12,2,3,3,0,5,3,2,0,0,0,5,5,0,0,0,0,0,0,0,1,1,0,0,0,0
2954,C4920,12,253,District-Changlang,Urban,60-69,5,4,1,0,0,0,0,0,0,0,0,0,3,3,0,0,0,0,0,0,0,1,1,0,1,0,1
2955,C4920,12,253,District-Changlang,Urban,70-79,3,2,1,0,0,0,3,2,1,0,0,0,0,0,0,0,0,0,0,0,0,0,0,0,0,0,0
2956,C4920,12,253,District-Changlang,Urban,80-89,4,3,1,0,0,0,2,2,0,0,0,0,0,0,0,0,0,0,0,0,0,1,0,1,1,1,0
2957,C4920,12,253,District-Changlang,Urban,90+,1,1,0,0,0,0,0,0,0,0,0,0,0,0,0,0,0,0,0,0,0,0,0,0,1,1,0
2958,C4920,12,253,District-Changlang,Urban,Age Not Stated,1,0,1,0,0,0,1,0,1,0,0,0,0,0,0,0,0,0,0,0,0,0,0,0,0,0,0
2959,C4920,12,254,District-Tirap,Total,Total,2082,1122,960,435,221,214,489,267,222,106,66,40,266,164,102,119,62,57,65,42,23,482,236,246,120,64,56
2960,C4920,12,254,District-Tirap,Total,0-4,136,67,69,31,18,13,20,7,13,3,2,1,5,2,3,8,5,3,1,1,0,61,30,31,7,2,5
2961,C4920,12,254,District-Tirap,Total,5-9,161,78,83,38,13,25,35,18,17,9,6,3,14,11,3,14,10,4,1,1,0,43,16,27,7,3,4
2962,C4920,12,254,District-Tirap,Total,10-19,354,189,165,71,45,26,74,37,37,30,22,8,32,16,16,34,11,23,7,5,2,84,42,42,22,11,11
2963,C4920,12,254,District-Tirap,Total,20-29,303,170,133,55,28,27,61,39,22,18,11,7,32,21,11,15,10,5,16,12,4,95,40,55,11,9,2
2964,C4920,12,254,District-Tirap,Total,30-39,252,138,114,43,21,22,60,33,27,19,7,12,27,17,10,15,9,6,11,6,5,66,40,26,11,5,6
2965,C4920,12,254,District-Tirap,Total,40-49,223,119,104,45,25,20,50,31,19,14,8,6,24,13,11,19,6,13,10,7,3,43,18,25,18,11,7
2966,C4920,12,254,District-Tirap,Total,50-59,190,118,72,35,17,18,51,30,21,6,5,1,27,20,7,8,8,0,10,6,4,39,24,15,14,8,6
2967,C4920,12,254,District-Tirap,Total,60-69,182,92,90,50,21,29,53,23,30,3,3,0,36,23,13,4,2,2,5,2,3,22,12,10,9,6,3
2968,C4920,12,254,District-Tirap,Total,70-79,159,80,79,35,17,18,45,24,21,2,0,2,52,28,24,1,0,1,1,0,1,14,6,8,9,5,4
2969,C4920,12,254,District-Tirap,Total,80-89,81,48,33,20,12,8,28,16,12,2,2,0,14,11,3,0,0,0,2,1,1,8,5,3,7,1,6
2970,C4920,12,254,District-Tirap,Total,90+,39,22,17,12,4,8,12,9,3,0,0,0,3,2,1,1,1,0,1,1,0,5,2,3,5,3,2
2971,C4920,12,254,District-Tirap,Total,Age Not Stated,2,1,1,0,0,0,0,0,0,0,0,0,0,0,0,0,0,0,0,0,0,2,1,1,0,0,0
2972,C4920,12,254,District-Tirap,Rural,Total,1754,944,810,391,198,193,365,199,166,94,58,36,234,144,90,114,58,56,58,37,21,393,195,198,105,55,50
2973,C4920,12,254,District-Tirap,Rural,0-4,124,65,59,31,18,13,13,5,8,3,2,1,4,2,2,8,5,3,1,1,0,57,30,27,7,2,5
2974,C4920,12,254,District-Tirap,Rural,5-9,131,61,70,35,13,22,23,10,13,7,4,3,11,9,2,14,10,4,0,0,0,35,13,22,6,2,4
2975,C4920,12,254,District-Tirap,Rural,10-19,269,145,124,61,39,22,40,21,19,26,19,7,26,12,14,33,10,23,4,3,1,62,32,30,17,9,8
2976,C4920,12,254,District-Tirap,Rural,20-29,244,136,108,50,26,24,37,25,12,16,10,6,27,17,10,14,9,5,14,11,3,76,30,46,10,8,2
2977,C4920,12,254,District-Tirap,Rural,30-39,203,113,90,38,18,20,40,22,18,18,7,11,23,16,7,13,7,6,11,6,5,51,33,18,9,4,5
2978,C4920,12,254,District-Tirap,Rural,40-49,177,91,86,34,18,16,35,22,13,11,6,5,19,10,9,19,6,13,9,6,3,33,13,20,17,10,7
2979,C4920,12,254,District-Tirap,Rural,50-59,166,99,67,31,13,18,43,25,18,6,5,1,21,16,5,8,8,0,10,6,4,34,19,15,13,7,6
2980,C4920,12,254,District-Tirap,Rural,60-69,167,86,81,47,20,27,51,22,29,3,3,0,35,22,13,3,2,1,5,2,3,18,11,7,5,4,1
2981,C4920,12,254,District-Tirap,Rural,70-79,154,78,76,33,17,16,43,22,21,2,0,2,52,28,24,1,0,1,1,0,1,13,6,7,9,5,4
2982,C4920,12,254,District-Tirap,Rural,80-89,80,47,33,20,12,8,28,16,12,2,2,0,13,10,3,0,0,0,2,1,1,8,5,3,7,1,6
2983,C4920,12,254,District-Tirap,Rural,90+,37,22,15,11,4,7,12,9,3,0,0,0,3,2,1,1,1,0,1,1,0,4,2,2,5,3,2
2984,C4920,12,254,District-Tirap,Rural,Age Not Stated,2,1,1,0,0,0,0,0,0,0,0,0,0,0,0,0,0,0,0,0,0,2,1,1,0,0,0
2985,C4920,12,254,District-Tirap,Urban,Total,328,178,150,44,23,21,124,68,56,12,8,4,32,20,12,5,4,1,7,5,2,89,41,48,15,9,6
2986,C4920,12,254,District-Tirap,Urban,0-4,12,2,10,0,0,0,7,2,5,0,0,0,1,0,1,0,0,0,0,0,0,4,0,4,0,0,0
2987,C4920,12,254,District-Tirap,Urban,5-9,30,17,13,3,0,3,12,8,4,2,2,0,3,2,1,0,0,0,1,1,0,8,3,5,1,1,0
2988,C4920,12,254,District-Tirap,Urban,10-19,85,44,41,10,6,4,34,16,18,4,3,1,6,4,2,1,1,0,3,2,1,22,10,12,5,2,3
2989,C4920,12,254,District-Tirap,Urban,20-29,59,34,25,5,2,3,24,14,10,2,1,1,5,4,1,1,1,0,2,1,1,19,10,9,1,1,0
2990,C4920,12,254,District-Tirap,Urban,30-39,49,25,24,5,3,2,20,11,9,1,0,1,4,1,3,2,2,0,0,0,0,15,7,8,2,1,1
2991,C4920,12,254,District-Tirap,Urban,40-49,46,28,18,11,7,4,15,9,6,3,2,1,5,3,2,0,0,0,1,1,0,10,5,5,1,1,0
2992,C4920,12,254,District-Tirap,Urban,50-59,24,19,5,4,4,0,8,5,3,0,0,0,6,4,2,0,0,0,0,0,0,5,5,0,1,1,0
2993,C4920,12,254,District-Tirap,Urban,60-69,15,6,9,3,1,2,2,1,1,0,0,0,1,1,0,1,0,1,0,0,0,4,1,3,4,2,2
2994,C4920,12,254,District-Tirap,Urban,70-79,5,2,3,2,0,2,2,2,0,0,0,0,0,0,0,0,0,0,0,0,0,1,0,1,0,0,0
2995,C4920,12,254,District-Tirap,Urban,80-89,1,1,0,0,0,0,0,0,0,0,0,0,1,1,0,0,0,0,0,0,0,0,0,0,0,0,0
2996,C4920,12,254,District-Tirap,Urban,90+,2,0,2,1,0,1,0,0,0,0,0,0,0,0,0,0,0,0,0,0,0,1,0,1,0,0,0
2997,C4920,12,254,District-Tirap,Urban,Age Not Stated,0,0,0,0,0,0,0,0,0,0,0,0,0,0,0,0,0,0,0,0,0,0,0,0,0,0,0
2998,C4920,12,255,District-Lower Subansiri,Total,Total,1299,691,608,251,128,123,423,217,206,78,39,39,144,92,52,77,40,37,25,17,8,203,106,97,98,52,46
2999,C4920,12,255,District-Lower Subansiri,Total,0-4,66,33,33,13,7,6,29,15,14,1,0,1,1,0,1,3,3,0,0,0,0,18,7,11,1,1,0
3000,C4920,12,255,District-Lower Subansiri,Total,5-9,130,65,65,20,8,12,54,24,30,8,3,5,8,7,1,6,2,4,4,4,0,23,13,10,7,4,3
3001,C4920,12,255,District-Lower Subansiri,Total,10-19,288,158,130,47,24,23,99,52,47,14,7,7,33,17,16,23,15,8,4,3,1,54,27,27,14,13,1
3002,C4920,12,255,District-Lower Subansiri,Total,20-29,222,116,106,32,15,17,64,34,30,21,9,12,24,16,8,16,10,6,8,3,5,38,20,18,19,9,10
3003,C4920,12,255,District-Lower Subansiri,Total,30-39,140,78,62,26,14,12,44,24,20,12,7,5,14,8,6,11,3,8,3,3,0,23,14,9,7,5,2
3004,C4920,12,255,District-Lower Subansiri,Total,40-49,176,110,66,30,23,7,62,33,29,10,4,6,24,19,5,10,5,5,2,2,0,25,16,9,13,8,5
3005,C4920,12,255,District-Lower Subansiri,Total,50-59,108,60,48,30,13,17,30,16,14,8,6,2,13,11,2,3,1,2,3,2,1,15,8,7,6,3,3
3006,C4920,12,255,District-Lower Subansiri,Total,60-69,98,36,62,29,9,20,29,11,18,4,3,1,14,9,5,3,1,2,1,0,1,6,0,6,12,3,9
3007,C4920,12,255,District-Lower Subansiri,Total,70-79,53,29,24,17,14,3,9,6,3,0,0,0,9,3,6,2,0,2,0,0,0,1,1,0,15,5,10
3008,C4920,12,255,District-Lower Subansiri,Total,80-89,10,6,4,2,1,1,2,2,0,0,0,0,4,2,2,0,0,0,0,0,0,0,0,0,2,1,1
3009,C4920,12,255,District-Lower Subansiri,Total,90+,7,0,7,4,0,4,1,0,1,0,0,0,0,0,0,0,0,0,0,0,0,0,0,0,2,0,2
3010,C4920,12,255,District-Lower Subansiri,Total,Age Not Stated,1,0,1,1,0,1,0,0,0,0,0,0,0,0,0,0,0,0,0,0,0,0,0,0,0,0,0
3011,C4920,12,255,District-Lower Subansiri,Rural,Total,1192,626,566,228,116,112,388,197,191,72,37,35,131,81,50,73,37,36,23,17,6,185,95,90,92,46,46
3012,C4920,12,255,District-Lower Subansiri,Rural,0-4,61,31,30,11,6,5,28,14,14,1,0,1,0,0,0,3,3,0,0,0,0,17,7,10,1,1,0
3013,C4920,12,255,District-Lower Subansiri,Rural,5-9,118,57,61,19,8,11,47,19,28,7,3,4,6,5,1,6,2,4,4,4,0,22,12,10,7,4,3
3014,C4920,12,255,District-Lower Subansiri,Rural,10-19,271,148,123,44,23,21,94,49,45,14,7,7,31,15,16,21,13,8,4,3,1,49,25,24,14,13,1
3015,C4920,12,255,District-Lower Subansiri,Rural,20-29,205,108,97,26,12,14,62,32,30,19,9,10,23,15,8,16,10,6,6,3,3,35,19,16,18,8,10
3016,C4920,12,255,District-Lower Subansiri,Rural,30-39,120,63,57,22,11,11,36,19,17,11,6,5,13,7,6,10,3,7,3,3,0,21,12,9,4,2,2
3017,C4920,12,255,District-Lower Subansiri,Rural,40-49,156,97,59,26,20,6,55,30,25,10,4,6,21,17,4,9,4,5,2,2,0,22,14,8,11,6,5
3018,C4920,12,255,District-Lower Subansiri,Rural,50-59,95,52,43,28,13,15,27,15,12,6,5,1,10,8,2,3,1,2,3,2,1,12,5,7,6,3,3
3019,C4920,12,255,District-Lower Subansiri,Rural,60-69,97,36,61,29,9,20,28,11,17,4,3,1,14,9,5,3,1,2,1,0,1,6,0,6,12,3,9
3020,C4920,12,255,District-Lower Subansiri,Rural,70-79,52,28,24,16,13,3,9,6,3,0,0,0,9,3,6,2,0,2,0,0,0,1,1,0,15,5,10
3021,C4920,12,255,District-Lower Subansiri,Rural,80-89,10,6,4,2,1,1,2,2,0,0,0,0,4,2,2,0,0,0,0,0,0,0,0,0,2,1,1
3022,C4920,12,255,District-Lower Subansiri,Rural,90+,6,0,6,4,0,4,0,0,0,0,0,0,0,0,0,0,0,0,0,0,0,0,0,0,2,0,2
3023,C4920,12,255,District-Lower Subansiri,Rural,Age Not Stated,1,0,1,1,0,1,0,0,0,0,0,0,0,0,0,0,0,0,0,0,0,0,0,0,0,0,0
3024,C4920,12,255,District-Lower Subansiri,Urban,Total,107,65,42,23,12,11,35,20,15,6,2,4,13,11,2,4,3,1,2,0,2,18,11,7,6,6,0
3025,C4920,12,255,District-Lower Subansiri,Urban,0-4,5,2,3,2,1,1,1,1,0,0,0,0,1,0,1,0,0,0,0,0,0,1,0,1,0,0,0
3026,C4920,12,255,District-Lower Subansiri,Urban,5-9,12,8,4,1,0,1,7,5,2,1,0,1,2,2,0,0,0,0,0,0,0,1,1,0,0,0,0
3027,C4920,12,255,District-Lower Subansiri,Urban,10-19,17,10,7,3,1,2,5,3,2,0,0,0,2,2,0,2,2,0,0,0,0,5,2,3,0,0,0
3028,C4920,12,255,District-Lower Subansiri,Urban,20-29,17,8,9,6,3,3,2,2,0,2,0,2,1,1,0,0,0,0,2,0,2,3,1,2,1,1,0
3029,C4920,12,255,District-Lower Subansiri,Urban,30-39,20,15,5,4,3,1,8,5,3,1,1,0,1,1,0,1,0,1,0,0,0,2,2,0,3,3,0
3030,C4920,12,255,District-Lower Subansiri,Urban,40-49,20,13,7,4,3,1,7,3,4,0,0,0,3,2,1,1,1,0,0,0,0,3,2,1,2,2,0
3031,C4920,12,255,District-Lower Subansiri,Urban,50-59,13,8,5,2,0,2,3,1,2,2,1,1,3,3,0,0,0,0,0,0,0,3,3,0,0,0,0
3032,C4920,12,255,District-Lower Subansiri,Urban,60-69,1,0,1,0,0,0,1,0,1,0,0,0,0,0,0,0,0,0,0,0,0,0,0,0,0,0,0
3033,C4920,12,255,District-Lower Subansiri,Urban,70-79,1,1,0,1,1,0,0,0,0,0,0,0,0,0,0,0,0,0,0,0,0,0,0,0,0,0,0
3034,C4920,12,255,District-Lower Subansiri,Urban,80-89,0,0,0,0,0,0,0,0,0,0,0,0,0,0,0,0,0,0,0,0,0,0,0,0,0,0,0
3035,C4920,12,255,District-Lower Subansiri,Urban,90+,1,0,1,0,0,0,1,0,1,0,0,0,0,0,0,0,0,0,0,0,0,0,0,0,0,0,0
3036,C4920,12,255,District-Lower Subansiri,Urban,Age Not Stated,0,0,0,0,0,0,0,0,0,0,0,0,0,0,0,0,0,0,0,0,0,0,0,0,0,0,0
3037,C4920,12,256,District-Kurung Kumey,Total,Total,2340,1187,1153,380,180,200,938,464,474,139,77,62,241,133,108,67,36,31,43,17,26,277,141,136,255,139,116
3038,C4920,12,256,District-Kurung Kumey,Total,0-4,145,67,78,22,11,11,72,30,42,2,1,1,4,2,2,6,2,4,1,1,0,33,16,17,5,4,1
3039,C4920,12,256,District-Kurung Kumey,Total,5-9,206,105,101,40,20,20,75,34,41,19,11,8,15,9,6,9,7,2,4,1,3,34,17,17,10,6,4
3040,C4920,12,256,District-Kurung Kumey,Total,10-19,547,294,253,78,34,44,259,149,110,45,23,22,48,21,27,22,13,9,5,2,3,63,38,25,27,14,13
3041,C4920,12,256,District-Kurung Kumey,Total,20-29,312,164,148,39,17,22,122,56,66,22,10,12,29,21,8,8,4,4,7,3,4,44,23,21,41,30,11
3042,C4920,12,256,District-Kurung Kumey,Total,30-39,289,133,156,55,23,32,124,53,71,16,10,6,24,16,8,7,2,5,3,1,2,32,17,15,28,11,17
3043,C4920,12,256,District-Kurung Kumey,Total,40-49,309,160,149,50,26,24,123,63,60,16,10,6,32,19,13,11,5,6,7,1,6,34,16,18,36,20,16
3044,C4920,12,256,District-Kurung Kumey,Total,50-59,247,120,127,51,25,26,86,41,45,13,8,5,35,21,14,3,2,1,4,2,2,19,8,11,36,13,23
3045,C4920,12,256,District-Kurung Kumey,Total,60-69,204,111,93,32,21,11,58,33,25,4,2,2,38,16,22,0,0,0,9,5,4,12,4,8,51,30,21
3046,C4920,12,256,District-Kurung Kumey,Total,70-79,54,25,29,9,2,7,9,3,6,1,1,0,14,8,6,0,0,0,2,0,2,3,2,1,16,9,7
3047,C4920,12,256,District-Kurung Kumey,Total,80-89,10,3,7,3,0,3,2,0,2,0,0,0,1,0,1,0,0,0,1,1,0,0,0,0,3,2,1
3048,C4920,12,256,District-Kurung Kumey,Total,90+,11,1,10,0,0,0,7,1,6,0,0,0,1,0,1,0,0,0,0,0,0,1,0,1,2,0,2
3049,C4920,12,256,District-Kurung Kumey,Total,Age Not Stated,6,4,2,1,1,0,1,1,0,1,1,0,0,0,0,1,1,0,0,0,0,2,0,2,0,0,0
3050,C4920,12,256,District-Kurung Kumey,Rural,Total,2287,1162,1125,366,175,191,926,460,466,138,76,62,232,127,105,66,36,30,41,16,25,269,138,131,249,134,115
3051,C4920,12,256,District-Kurung Kumey,Rural,0-4,142,64,78,21,10,11,72,30,42,2,1,1,3,1,2,6,2,4,1,1,0,33,16,17,4,3,1
3052,C4920,12,256,District-Kurung Kumey,Rural,5-9,201,102,99,39,20,19,73,33,40,19,11,8,14,8,6,9,7,2,4,1,3,33,16,17,10,6,4
3053,C4920,12,256,District-Kurung Kumey,Rural,10-19,543,291,252,78,34,44,258,149,109,45,23,22,46,19,27,22,13,9,5,2,3,63,38,25,26,13,13
3054,C4920,12,256,District-Kurung Kumey,Rural,20-29,303,159,144,36,16,20,121,56,65,22,10,12,29,21,8,8,4,4,6,2,4,41,21,20,40,29,11
3055,C4920,12,256,District-Kurung Kumey,Rural,30-39,277,128,149,50,21,29,120,52,68,16,10,6,23,15,8,7,2,5,3,1,2,31,17,14,27,10,17
3056,C4920,12,256,District-Kurung Kumey,Rural,40-49,298,156,142,49,26,23,120,61,59,15,9,6,30,18,12,10,5,5,7,1,6,32,16,16,35,20,15
3057,C4920,12,256,District-Kurung Kumey,Rural,50-59,241,119,122,49,24,25,85,41,44,13,8,5,34,21,13,3,2,1,3,2,1,18,8,10,36,13,23
3058,C4920,12,256,District-Kurung Kumey,Rural,60-69,203,111,92,31,21,10,58,33,25,4,2,2,38,16,22,0,0,0,9,5,4,12,4,8,51,30,21
3059,C4920,12,256,District-Kurung Kumey,Rural,70-79,53,25,28,9,2,7,9,3,6,1,1,0,13,8,5,0,0,0,2,0,2,3,2,1,16,9,7
3060,C4920,12,256,District-Kurung Kumey,Rural,80-89,9,2,7,3,0,3,2,0,2,0,0,0,1,0,1,0,0,0,1,1,0,0,0,0,2,1,1
3061,C4920,12,256,District-Kurung Kumey,Rural,90+,11,1,10,0,0,0,7,1,6,0,0,0,1,0,1,0,0,0,0,0,0,1,0,1,2,0,2
3062,C4920,12,256,District-Kurung Kumey,Rural,Age Not Stated,6,4,2,1,1,0,1,1,0,1,1,0,0,0,0,1,1,0,0,0,0,2,0,2,0,0,0
3063,C4920,12,256,District-Kurung Kumey,Urban,Total,53,25,28,14,5,9,12,4,8,1,1,0,9,6,3,1,0,1,2,1,1,8,3,5,6,5,1
3064,C4920,12,256,District-Kurung Kumey,Urban,0-4,3,3,0,1,1,0,0,0,0,0,0,0,1,1,0,0,0,0,0,0,0,0,0,0,1,1,0
3065,C4920,12,256,District-Kurung Kumey,Urban,5-9,5,3,2,1,0,1,2,1,1,0,0,0,1,1,0,0,0,0,0,0,0,1,1,0,0,0,0
3066,C4920,12,256,District-Kurung Kumey,Urban,10-19,4,3,1,0,0,0,1,0,1,0,0,0,2,2,0,0,0,0,0,0,0,0,0,0,1,1,0
3067,C4920,12,256,District-Kurung Kumey,Urban,20-29,9,5,4,3,1,2,1,0,1,0,0,0,0,0,0,0,0,0,1,1,0,3,2,1,1,1,0
3068,C4920,12,256,District-Kurung Kumey,Urban,30-39,12,5,7,5,2,3,4,1,3,0,0,0,1,1,0,0,0,0,0,0,0,1,0,1,1,1,0
3069,C4920,12,256,District-Kurung Kumey,Urban,40-49,11,4,7,1,0,1,3,2,1,1,1,0,2,1,1,1,0,1,0,0,0,2,0,2,1,0,1
3070,C4920,12,256,District-Kurung Kumey,Urban,50-59,6,1,5,2,1,1,1,0,1,0,0,0,1,0,1,0,0,0,1,0,1,1,0,1,0,0,0
3071,C4920,12,256,District-Kurung Kumey,Urban,60-69,1,0,1,1,0,1,0,0,0,0,0,0,0,0,0,0,0,0,0,0,0,0,0,0,0,0,0
3072,C4920,12,256,District-Kurung Kumey,Urban,70-79,1,0,1,0,0,0,0,0,0,0,0,0,1,0,1,0,0,0,0,0,0,0,0,0,0,0,0
3073,C4920,12,256,District-Kurung Kumey,Urban,80-89,1,1,0,0,0,0,0,0,0,0,0,0,0,0,0,0,0,0,0,0,0,0,0,0,1,1,0
3074,C4920,12,256,District-Kurung Kumey,Urban,90+,0,0,0,0,0,0,0,0,0,0,0,0,0,0,0,0,0,0,0,0,0,0,0,0,0,0,0
3075,C4920,12,256,District-Kurung Kumey,Urban,Age Not Stated,0,0,0,0,0,0,0,0,0,0,0,0,0,0,0,0,0,0,0,0,0,0,0,0,0,0,0
3076,C4920,12,257,District-Dibang Valley,Total,Total,234,119,115,28,14,14,83,39,44,10,4,6,46,32,14,9,3,6,6,2,4,29,15,14,23,10,13
3077,C4920,12,257,District-Dibang Valley,Total,0-4,11,6,5,0,0,0,8,3,5,1,1,0,0,0,0,0,0,0,1,1,0,0,0,0,1,1,0
3078,C4920,12,257,District-Dibang Valley,Total,5-9,11,6,5,3,2,1,5,1,4,0,0,0,0,0,0,0,0,0,1,1,0,2,2,0,0,0,0
3079,C4920,12,257,District-Dibang Valley,Total,10-19,38,17,21,4,1,3,15,6,9,2,1,1,8,5,3,2,1,1,1,0,1,6,3,3,0,0,0
3080,C4920,12,257,District-Dibang Valley,Total,20-29,38,19,19,2,1,1,14,6,8,3,2,1,8,6,2,2,0,2,1,0,1,7,4,3,1,0,1
3081,C4920,12,257,District-Dibang Valley,Total,30-39,30,14,16,6,3,3,9,5,4,2,0,2,11,5,6,0,0,0,0,0,0,2,1,1,0,0,0
3082,C4920,12,257,District-Dibang Valley,Total,40-49,27,16,11,2,2,0,9,5,4,0,0,0,8,6,2,1,0,1,0,0,0,4,2,2,3,1,2
3083,C4920,12,257,District-Dibang Valley,Total,50-59,30,14,16,4,1,3,10,4,6,0,0,0,5,5,0,1,0,1,2,0,2,4,3,1,4,1,3
3084,C4920,12,257,District-Dibang Valley,Total,60-69,33,20,13,5,3,2,11,8,3,1,0,1,4,3,1,0,0,0,0,0,0,3,0,3,9,6,3
3085,C4920,12,257,District-Dibang Valley,Total,70-79,10,4,6,0,0,0,1,1,0,1,0,1,0,0,0,3,2,1,0,0,0,0,0,0,5,1,4
3086,C4920,12,257,District-Dibang Valley,Total,80-89,2,0,2,0,0,0,1,0,1,0,0,0,0,0,0,0,0,0,0,0,0,1,0,1,0,0,0
3087,C4920,12,257,District-Dibang Valley,Total,90+,3,2,1,1,0,1,0,0,0,0,0,0,2,2,0,0,0,0,0,0,0,0,0,0,0,0,0
3088,C4920,12,257,District-Dibang Valley,Total,Age Not Stated,1,1,0,1,1,0,0,0,0,0,0,0,0,0,0,0,0,0,0,0,0,0,0,0,0,0,0
3089,C4920,12,257,District-Dibang Valley,Rural,Total,156,80,76,25,12,13,39,17,22,5,1,4,36,26,10,7,2,5,5,2,3,20,10,10,19,10,9
3090,C4920,12,257,District-Dibang Valley,Rural,0-4,5,2,3,0,0,0,3,0,3,0,0,0,0,0,0,0,0,0,1,1,0,0,0,0,1,1,0
3091,C4920,12,257,District-Dibang Valley,Rural,5-9,7,4,3,3,2,1,2,0,2,0,0,0,0,0,0,0,0,0,1,1,0,1,1,0,0,0,0
3092,C4920,12,257,District-Dibang Valley,Rural,10-19,23,9,14,3,1,2,5,1,4,2,1,1,5,3,2,1,0,1,1,0,1,6,3,3,0,0,0
3093,C4920,12,257,District-Dibang Valley,Rural,20-29,26,12,14,2,1,1,6,2,4,1,0,1,8,6,2,2,0,2,1,0,1,5,3,2,1,0,1
3094,C4920,12,257,District-Dibang Valley,Rural,30-39,16,7,9,5,2,3,2,1,1,1,0,1,7,3,4,0,0,0,0,0,0,1,1,0,0,0,0
3095,C4920,12,257,District-Dibang Valley,Rural,40-49,18,11,7,2,2,0,4,2,2,0,0,0,6,5,1,1,0,1,0,0,0,3,1,2,2,1,1
3096,C4920,12,257,District-Dibang Valley,Rural,50-59,19,10,9,4,1,3,4,2,2,0,0,0,5,5,0,1,0,1,1,0,1,2,1,1,2,1,1
3097,C4920,12,257,District-Dibang Valley,Rural,60-69,29,19,10,4,2,2,11,8,3,1,0,1,4,3,1,0,0,0,0,0,0,1,0,1,8,6,2
3098,C4920,12,257,District-Dibang Valley,Rural,70-79,8,4,4,0,0,0,1,1,0,0,0,0,0,0,0,2,2,0,0,0,0,0,0,0,5,1,4
3099,C4920,12,257,District-Dibang Valley,Rural,80-89,2,0,2,0,0,0,1,0,1,0,0,0,0,0,0,0,0,0,0,0,0,1,0,1,0,0,0
3100,C4920,12,257,District-Dibang Valley,Rural,90+,2,1,1,1,0,1,0,0,0,0,0,0,1,1,0,0,0,0,0,0,0,0,0,0,0,0,0
3101,C4920,12,257,District-Dibang Valley,Rural,Age Not Stated,1,1,0,1,1,0,0,0,0,0,0,0,0,0,0,0,0,0,0,0,0,0,0,0,0,0,0
3102,C4920,12,257,District-Dibang Valley,Urban,Total,78,39,39,3,2,1,44,22,22,5,3,2,10,6,4,2,1,1,1,0,1,9,5,4,4,0,4
3103,C4920,12,257,District-Dibang Valley,Urban,0-4,6,4,2,0,0,0,5,3,2,1,1,0,0,0,0,0,0,0,0,0,0,0,0,0,0,0,0
3104,C4920,12,257,District-Dibang Valley,Urban,5-9,4,2,2,0,0,0,3,1,2,0,0,0,0,0,0,0,0,0,0,0,0,1,1,0,0,0,0
3105,C4920,12,257,District-Dibang Valley,Urban,10-19,15,8,7,1,0,1,10,5,5,0,0,0,3,2,1,1,1,0,0,0,0,0,0,0,0,0,0
3106,C4920,12,257,District-Dibang Valley,Urban,20-29,12,7,5,0,0,0,8,4,4,2,2,0,0,0,0,0,0,0,0,0,0,2,1,1,0,0,0
3107,C4920,12,257,District-Dibang Valley,Urban,30-39,14,7,7,1,1,0,7,4,3,1,0,1,4,2,2,0,0,0,0,0,0,1,0,1,0,0,0
3108,C4920,12,257,District-Dibang Valley,Urban,40-49,9,5,4,0,0,0,5,3,2,0,0,0,2,1,1,0,0,0,0,0,0,1,1,0,1,0,1
3109,C4920,12,257,District-Dibang Valley,Urban,50-59,11,4,7,0,0,0,6,2,4,0,0,0,0,0,0,0,0,0,1,0,1,2,2,0,2,0,2
3110,C4920,12,257,District-Dibang Valley,Urban,60-69,4,1,3,1,1,0,0,0,0,0,0,0,0,0,0,0,0,0,0,0,0,2,0,2,1,0,1
3111,C4920,12,257,District-Dibang Valley,Urban,70-79,2,0,2,0,0,0,0,0,0,1,0,1,0,0,0,1,0,1,0,0,0,0,0,0,0,0,0
3112,C4920,12,257,District-Dibang Valley,Urban,80-89,0,0,0,0,0,0,0,0,0,0,0,0,0,0,0,0,0,0,0,0,0,0,0,0,0,0,0
3113,C4920,12,257,District-Dibang Valley,Urban,90+,1,1,0,0,0,0,0,0,0,0,0,0,1,1,0,0,0,0,0,0,0,0,0,0,0,0,0
3114,C4920,12,257,District-Dibang Valley,Urban,Age Not Stated,0,0,0,0,0,0,0,0,0,0,0,0,0,0,0,0,0,0,0,0,0,0,0,0,0,0,0
3115,C4920,12,258,District-Lower Dibang Valley,Total,Total,1249,686,563,268,154,114,371,204,167,90,58,32,137,78,59,78,34,44,38,18,20,110,61,49,157,79,78
3116,C4920,12,258,District-Lower Dibang Valley,Total,0-4,67,42,25,17,14,3,18,11,7,0,0,0,3,3,0,4,2,2,0,0,0,7,3,4,18,9,9
3117,C4920,12,258,District-Lower Dibang Valley,Total,5-9,96,54,42,19,12,7,29,15,14,11,7,4,4,2,2,7,4,3,3,2,1,6,3,3,17,9,8
3118,C4920,12,258,District-Lower Dibang Valley,Total,10-19,230,120,110,47,23,24,66,37,29,25,19,6,22,16,6,24,8,16,8,2,6,23,8,15,15,7,8
3119,C4920,12,258,District-Lower Dibang Valley,Total,20-29,182,93,89,35,14,21,55,30,25,21,11,10,17,11,6,15,8,7,8,4,4,18,8,10,13,7,6
3120,C4920,12,258,District-Lower Dibang Valley,Total,30-39,154,87,67,33,20,13,46,24,22,12,7,5,13,9,4,10,3,7,4,1,3,21,15,6,15,8,7
3121,C4920,12,258,District-Lower Dibang Valley,Total,40-49,154,87,67,35,22,13,45,27,18,10,6,4,23,12,11,9,4,5,5,4,1,12,7,5,15,5,10
3122,C4920,12,258,District-Lower Dibang Valley,Total,50-59,135,82,53,33,26,7,43,24,19,5,4,1,17,8,9,3,0,3,3,1,2,12,7,5,19,12,7
3123,C4920,12,258,District-Lower Dibang Valley,Total,60-69,117,65,52,27,15,12,36,19,17,4,3,1,23,12,11,2,2,0,3,2,1,3,2,1,19,10,9
3124,C4920,12,258,District-Lower Dibang Valley,Total,70-79,83,41,42,18,6,12,23,12,11,2,1,1,9,4,5,3,2,1,3,1,2,5,5,0,20,10,10
3125,C4920,12,258,District-Lower Dibang Valley,Total,80-89,21,13,8,1,1,0,8,5,3,0,0,0,3,1,2,0,0,0,1,1,0,3,3,0,5,2,3
3126,C4920,12,258,District-Lower Dibang Valley,Total,90+,10,2,8,3,1,2,2,0,2,0,0,0,3,0,3,1,1,0,0,0,0,0,0,0,1,0,1
3127,C4920,12,258,District-Lower Dibang Valley,Total,Age Not Stated,0,0,0,0,0,0,0,0,0,0,0,0,0,0,0,0,0,0,0,0,0,0,0,0,0,0,0
3128,C4920,12,258,District-Lower Dibang Valley,Rural,Total,1115,607,508,250,142,108,322,176,146,81,51,30,121,67,54,67,30,37,32,14,18,90,50,40,152,77,75
3129,C4920,12,258,District-Lower Dibang Valley,Rural,0-4,61,38,23,17,14,3,15,8,7,0,0,0,3,3,0,4,2,2,0,0,0,5,2,3,17,9,8
3130,C4920,12,258,District-Lower Dibang Valley,Rural,5-9,87,49,38,18,11,7,26,15,11,9,5,4,4,2,2,6,4,2,2,1,1,5,2,3,17,9,8
3131,C4920,12,258,District-Lower Dibang Valley,Rural,10-19,194,101,93,40,18,22,53,30,23,22,16,6,21,15,6,18,7,11,6,2,4,20,7,13,14,6,8
3132,C4920,12,258,District-Lower Dibang Valley,Rural,20-29,166,80,86,35,14,21,48,25,23,20,10,10,16,10,6,14,7,7,5,1,4,15,6,9,13,7,6
3133,C4920,12,258,District-Lower Dibang Valley,Rural,30-39,129,74,55,27,16,11,38,21,17,11,7,4,9,7,2,9,2,7,4,1,3,18,13,5,13,7,6
3134,C4920,12,258,District-Lower Dibang Valley,Rural,40-49,134,75,59,33,20,13,36,20,16,9,6,3,20,9,11,8,4,4,5,4,1,9,7,2,14,5,9
3135,C4920,12,258,District-Lower Dibang Valley,Rural,50-59,122,73,49,33,26,7,37,21,16,5,4,1,12,4,8,3,0,3,3,1,2,10,5,5,19,12,7
3136,C4920,12,258,District-Lower Dibang Valley,Rural,60-69,112,63,49,26,15,11,36,19,17,3,2,1,22,12,10,2,2,0,3,2,1,1,1,0,19,10,9
3137,C4920,12,258,District-Lower Dibang Valley,Rural,70-79,80,40,40,17,6,11,23,12,11,2,1,1,8,4,4,2,1,1,3,1,2,5,5,0,20,10,10
3138,C4920,12,258,District-Lower Dibang Valley,Rural,80-89,20,12,8,1,1,0,8,5,3,0,0,0,3,1,2,0,0,0,1,1,0,2,2,0,5,2,3
3139,C4920,12,258,District-Lower Dibang Valley,Rural,90+,10,2,8,3,1,2,2,0,2,0,0,0,3,0,3,1,1,0,0,0,0,0,0,0,1,0,1
3140,C4920,12,258,District-Lower Dibang Valley,Rural,Age Not Stated,0,0,0,0,0,0,0,0,0,0,0,0,0,0,0,0,0,0,0,0,0,0,0,0,0,0,0
3141,C4920,12,258,District-Lower Dibang Valley,Urban,Total,134,79,55,18,12,6,49,28,21,9,7,2,16,11,5,11,4,7,6,4,2,20,11,9,5,2,3
3142,C4920,12,258,District-Lower Dibang Valley,Urban,0-4,6,4,2,0,0,0,3,3,0,0,0,0,0,0,0,0,0,0,0,0,0,2,1,1,1,0,1
3143,C4920,12,258,District-Lower Dibang Valley,Urban,5-9,9,5,4,1,1,0,3,0,3,2,2,0,0,0,0,1,0,1,1,1,0,1,1,0,0,0,0
3144,C4920,12,258,District-Lower Dibang Valley,Urban,10-19,36,19,17,7,5,2,13,7,6,3,3,0,1,1,0,6,1,5,2,0,2,3,1,2,1,1,0
3145,C4920,12,258,District-Lower Dibang Valley,Urban,20-29,16,13,3,0,0,0,7,5,2,1,1,0,1,1,0,1,1,0,3,3,0,3,2,1,0,0,0
3146,C4920,12,258,District-Lower Dibang Valley,Urban,30-39,25,13,12,6,4,2,8,3,5,1,0,1,4,2,2,1,1,0,0,0,0,3,2,1,2,1,1
3147,C4920,12,258,District-Lower Dibang Valley,Urban,40-49,20,12,8,2,2,0,9,7,2,1,0,1,3,3,0,1,0,1,0,0,0,3,0,3,1,0,1
3148,C4920,12,258,District-Lower Dibang Valley,Urban,50-59,13,9,4,0,0,0,6,3,3,0,0,0,5,4,1,0,0,0,0,0,0,2,2,0,0,0,0
3149,C4920,12,258,District-Lower Dibang Valley,Urban,60-69,5,2,3,1,0,1,0,0,0,1,1,0,1,0,1,0,0,0,0,0,0,2,1,1,0,0,0
3150,C4920,12,258,District-Lower Dibang Valley,Urban,70-79,3,1,2,1,0,1,0,0,0,0,0,0,1,0,1,1,1,0,0,0,0,0,0,0,0,0,0
3151,C4920,12,258,District-Lower Dibang Valley,Urban,80-89,1,1,0,0,0,0,0,0,0,0,0,0,0,0,0,0,0,0,0,0,0,1,1,0,0,0,0
3152,C4920,12,258,District-Lower Dibang Valley,Urban,90+,0,0,0,0,0,0,0,0,0,0,0,0,0,0,0,0,0,0,0,0,0,0,0,0,0,0,0
3153,C4920,12,258,District-Lower Dibang Valley,Urban,Age Not Stated,0,0,0,0,0,0,0,0,0,0,0,0,0,0,0,0,0,0,0,0,0,0,0,0,0,0,0
3154,C4920,12,259,District-Lohit,Total,Total,2078,1183,895,479,246,233,454,291,163,181,99,82,292,179,113,115,67,48,85,53,32,305,158,147,167,90,77
3155,C4920,12,259,District-Lohit,Total,0-4,107,60,47,17,8,9,25,17,8,2,1,1,16,9,7,9,6,3,0,0,0,31,14,17,7,5,2
3156,C4920,12,259,District-Lohit,Total,5-9,133,76,57,25,18,7,22,11,11,15,9,6,18,10,8,10,6,4,2,2,0,27,12,15,14,8,6
3157,C4920,12,259,District-Lohit,Total,10-19,350,194,156,76,38,38,62,37,25,39,21,18,38,25,13,17,6,11,16,9,7,70,38,32,32,20,12
3158,C4920,12,259,District-Lohit,Total,20-29,330,189,141,56,33,23,63,44,19,33,19,14,45,23,22,25,13,12,23,17,6,60,28,32,25,12,13
3159,C4920,12,259,District-Lohit,Total,30-39,283,171,112,43,20,23,64,41,23,41,21,20,39,26,13,20,13,7,22,17,5,34,21,13,20,12,8
3160,C4920,12,259,District-Lohit,Total,40-49,267,163,104,55,29,26,66,43,23,21,10,11,48,35,13,15,12,3,11,6,5,36,20,16,15,8,7
3161,C4920,12,259,District-Lohit,Total,50-59,214,126,88,62,36,26,50,29,21,16,10,6,36,22,14,10,6,4,5,1,4,20,12,8,15,10,5
3162,C4920,12,259,District-Lohit,Total,60-69,184,103,81,63,32,31,48,32,16,8,3,5,25,17,8,6,3,3,2,0,2,18,9,9,14,7,7
3163,C4920,12,259,District-Lohit,Total,70-79,130,65,65,50,21,29,36,23,13,6,5,1,11,6,5,3,2,1,4,1,3,6,2,4,14,5,9
3164,C4920,12,259,District-Lohit,Total,80-89,60,28,32,29,9,20,12,10,2,0,0,0,11,5,6,0,0,0,0,0,0,3,2,1,5,2,3
3165,C4920,12,259,District-Lohit,Total,90+,19,8,11,3,2,1,5,4,1,0,0,0,5,1,4,0,0,0,0,0,0,0,0,0,6,1,5
3166,C4920,12,259,District-Lohit,Total,Age Not Stated,1,0,1,0,0,0,1,0,1,0,0,0,0,0,0,0,0,0,0,0,0,0,0,0,0,0,0
3167,C4920,12,259,District-Lohit,Rural,Total,1701,978,723,404,208,196,387,247,140,147,80,67,234,141,93,95,56,39,73,48,25,229,125,104,132,73,59
3168,C4920,12,259,District-Lohit,Rural,0-4,88,51,37,14,7,7,23,16,7,2,1,1,13,7,6,8,6,2,0,0,0,22,10,12,6,4,2
3169,C4920,12,259,District-Lohit,Rural,5-9,110,65,45,21,16,5,16,8,8,13,8,5,17,9,8,9,6,3,2,2,0,19,9,10,13,7,6
3170,C4920,12,259,District-Lohit,Rural,10-19,275,153,122,61,28,33,49,30,19,32,17,15,27,17,10,12,6,6,12,7,5,57,33,24,25,15,10
3171,C4920,12,259,District-Lohit,Rural,20-29,265,160,105,47,28,19,57,40,17,24,15,9,35,20,15,21,9,12,22,16,6,40,22,18,19,10,9
3172,C4920,12,259,District-Lohit,Rural,30-39,240,147,93,41,19,22,56,37,19,35,18,17,31,21,10,16,11,5,19,15,4,25,16,9,17,10,7
3173,C4920,12,259,District-Lohit,Rural,40-49,216,132,84,45,23,22,53,34,19,18,9,9,40,30,10,12,9,3,9,6,3,28,15,13,11,6,5
3174,C4920,12,259,District-Lohit,Rural,50-59,176,100,76,56,34,22,43,22,21,12,7,5,26,14,12,9,5,4,4,1,3,15,9,6,11,8,3
3175,C4920,12,259,District-Lohit,Rural,60-69,160,86,74,54,28,26,43,27,16,7,2,5,20,12,8,5,2,3,2,0,2,16,8,8,13,7,6
3176,C4920,12,259,District-Lohit,Rural,70-79,105,54,51,39,16,23,32,21,11,4,3,1,9,5,4,3,2,1,3,1,2,5,2,3,10,4,6
3177,C4920,12,259,District-Lohit,Rural,80-89,51,23,28,24,8,16,10,8,2,0,0,0,11,5,6,0,0,0,0,0,0,2,1,1,4,1,3
3178,C4920,12,259,District-Lohit,Rural,90+,15,7,8,2,1,1,5,4,1,0,0,0,5,1,4,0,0,0,0,0,0,0,0,0,3,1,2
3179,C4920,12,259,District-Lohit,Rural,Age Not Stated,0,0,0,0,0,0,0,0,0,0,0,0,0,0,0,0,0,0,0,0,0,0,0,0,0,0,0
3180,C4920,12,259,District-Lohit,Urban,Total,377,205,172,75,38,37,67,44,23,34,19,15,58,38,20,20,11,9,12,5,7,76,33,43,35,17,18
3181,C4920,12,259,District-Lohit,Urban,0-4,19,9,10,3,1,2,2,1,1,0,0,0,3,2,1,1,0,1,0,0,0,9,4,5,1,1,0
3182,C4920,12,259,District-Lohit,Urban,5-9,23,11,12,4,2,2,6,3,3,2,1,1,1,1,0,1,0,1,0,0,0,8,3,5,1,1,0
3183,C4920,12,259,District-Lohit,Urban,10-19,75,41,34,15,10,5,13,7,6,7,4,3,11,8,3,5,0,5,4,2,2,13,5,8,7,5,2
3184,C4920,12,259,District-Lohit,Urban,20-29,65,29,36,9,5,4,6,4,2,9,4,5,10,3,7,4,4,0,1,1,0,20,6,14,6,2,4
3185,C4920,12,259,District-Lohit,Urban,30-39,43,24,19,2,1,1,8,4,4,6,3,3,8,5,3,4,2,2,3,2,1,9,5,4,3,2,1
3186,C4920,12,259,District-Lohit,Urban,40-49,51,31,20,10,6,4,13,9,4,3,1,2,8,5,3,3,3,0,2,0,2,8,5,3,4,2,2
3187,C4920,12,259,District-Lohit,Urban,50-59,38,26,12,6,2,4,7,7,0,4,3,1,10,8,2,1,1,0,1,0,1,5,3,2,4,2,2
3188,C4920,12,259,District-Lohit,Urban,60-69,24,17,7,9,4,5,5,5,0,1,1,0,5,5,0,1,1,0,0,0,0,2,1,1,1,0,1
3189,C4920,12,259,District-Lohit,Urban,70-79,25,11,14,11,5,6,4,2,2,2,2,0,2,1,1,0,0,0,1,0,1,1,0,1,4,1,3
3190,C4920,12,259,District-Lohit,Urban,80-89,9,5,4,5,1,4,2,2,0,0,0,0,0,0,0,0,0,0,0,0,0,1,1,0,1,1,0
3191,C4920,12,259,District-Lohit,Urban,90+,4,1,3,1,1,0,0,0,0,0,0,0,0,0,0,0,0,0,0,0,0,0,0,0,3,0,3
3192,C4920,12,259,District-Lohit,Urban,Age Not Stated,1,0,1,0,0,0,1,0,1,0,0,0,0,0,0,0,0,0,0,0,0,0,0,0,0,0,0
3193,C4920,12,260,District-Anjaw,Total,Total,473,260,213,125,68,57,148,91,57,16,10,6,38,22,16,16,12,4,23,9,14,61,35,26,46,13,33
3194,C4920,12,260,District-Anjaw,Total,0-4,15,7,8,5,1,4,3,0,3,0,0,0,0,0,0,1,1,0,0,0,0,6,5,1,0,0,0
3195,C4920,12,260,District-Anjaw,Total,5-9,24,12,12,7,2,5,4,3,1,0,0,0,2,0,2,0,0,0,0,0,0,8,5,3,3,2,1
3196,C4920,12,260,District-Anjaw,Total,10-19,56,26,30,15,6,9,16,8,8,2,2,0,3,1,2,2,0,2,2,1,1,12,6,6,4,2,2
3197,C4920,12,260,District-Anjaw,Total,20-29,69,55,14,17,15,2,39,31,8,2,1,1,3,2,1,0,0,0,2,1,1,6,5,1,0,0,0
3198,C4920,12,260,District-Anjaw,Total,30-39,78,51,27,11,8,3,34,25,9,3,0,3,7,4,3,6,5,1,3,2,1,11,6,5,3,1,2
3199,C4920,12,260,District-Anjaw,Total,40-49,62,34,28,12,7,5,20,12,8,2,2,0,9,5,4,3,2,1,4,1,3,8,3,5,4,2,2
3200,C4920,12,260,District-Anjaw,Total,50-59,51,30,21,15,7,8,15,10,5,4,3,1,7,4,3,3,3,0,2,0,2,2,2,0,3,1,2
3201,C4920,12,260,District-Anjaw,Total,60-69,65,24,41,27,11,16,6,1,5,3,2,1,4,3,1,1,1,0,6,2,4,5,2,3,13,2,11
3202,C4920,12,260,District-Anjaw,Total,70-79,34,13,21,12,7,5,6,0,6,0,0,0,3,3,0,0,0,0,1,1,0,1,0,1,11,2,9
3203,C4920,12,260,District-Anjaw,Total,80-89,13,6,7,3,3,0,3,0,3,0,0,0,0,0,0,0,0,0,2,1,1,1,1,0,4,1,3
3204,C4920,12,260,District-Anjaw,Total,90+,6,2,4,1,1,0,2,1,1,0,0,0,0,0,0,0,0,0,1,0,1,1,0,1,1,0,1
3205,C4920,12,260,District-Anjaw,Total,Age Not Stated,0,0,0,0,0,0,0,0,0,0,0,0,0,0,0,0,0,0,0,0,0,0,0,0,0,0,0
3206,C4920,12,260,District-Anjaw,Rural,Total,473,260,213,125,68,57,148,91,57,16,10,6,38,22,16,16,12,4,23,9,14,61,35,26,46,13,33
3207,C4920,12,260,District-Anjaw,Rural,0-4,15,7,8,5,1,4,3,0,3,0,0,0,0,0,0,1,1,0,0,0,0,6,5,1,0,0,0
3208,C4920,12,260,District-Anjaw,Rural,5-9,24,12,12,7,2,5,4,3,1,0,0,0,2,0,2,0,0,0,0,0,0,8,5,3,3,2,1
3209,C4920,12,260,District-Anjaw,Rural,10-19,56,26,30,15,6,9,16,8,8,2,2,0,3,1,2,2,0,2,2,1,1,12,6,6,4,2,2
3210,C4920,12,260,District-Anjaw,Rural,20-29,69,55,14,17,15,2,39,31,8,2,1,1,3,2,1,0,0,0,2,1,1,6,5,1,0,0,0
3211,C4920,12,260,District-Anjaw,Rural,30-39,78,51,27,11,8,3,34,25,9,3,0,3,7,4,3,6,5,1,3,2,1,11,6,5,3,1,2
3212,C4920,12,260,District-Anjaw,Rural,40-49,62,34,28,12,7,5,20,12,8,2,2,0,9,5,4,3,2,1,4,1,3,8,3,5,4,2,2
3213,C4920,12,260,District-Anjaw,Rural,50-59,51,30,21,15,7,8,15,10,5,4,3,1,7,4,3,3,3,0,2,0,2,2,2,0,3,1,2
3214,C4920,12,260,District-Anjaw,Rural,60-69,65,24,41,27,11,16,6,1,5,3,2,1,4,3,1,1,1,0,6,2,4,5,2,3,13,2,11
3215,C4920,12,260,District-Anjaw,Rural,70-79,34,13,21,12,7,5,6,0,6,0,0,0,3,3,0,0,0,0,1,1,0,1,0,1,11,2,9
3216,C4920,12,260,District-Anjaw,Rural,80-89,13,6,7,3,3,0,3,0,3,0,0,0,0,0,0,0,0,0,2,1,1,1,1,0,4,1,3
3217,C4920,12,260,District-Anjaw,Rural,90+,6,2,4,1,1,0,2,1,1,0,0,0,0,0,0,0,0,0,1,0,1,1,0,1,1,0,1
3218,C4920,12,260,District-Anjaw,Rural,Age Not Stated,0,0,0,0,0,0,0,0,0,0,0,0,0,0,0,0,0,0,0,0,0,0,0,0,0,0,0
3219,C4920,12,260,District-Anjaw,Urban,Total,0,0,0,0,0,0,0,0,0,0,0,0,0,0,0,0,0,0,0,0,0,0,0,0,0,0,0
3220,C4920,12,260,District-Anjaw,Urban,0-4,0,0,0,0,0,0,0,0,0,0,0,0,0,0,0,0,0,0,0,0,0,0,0,0,0,0,0
3221,C4920,12,260,District-Anjaw,Urban,5-9,0,0,0,0,0,0,0,0,0,0,0,0,0,0,0,0,0,0,0,0,0,0,0,0,0,0,0
3222,C4920,12,260,District-Anjaw,Urban,10-19,0,0,0,0,0,0,0,0,0,0,0,0,0,0,0,0,0,0,0,0,0,0,0,0,0,0,0
3223,C4920,12,260,District-Anjaw,Urban,20-29,0,0,0,0,0,0,0,0,0,0,0,0,0,0,0,0,0,0,0,0,0,0,0,0,0,0,0
3224,C4920,12,260,District-Anjaw,Urban,30-39,0,0,0,0,0,0,0,0,0,0,0,0,0,0,0,0,0,0,0,0,0,0,0,0,0,0,0
3225,C4920,12,260,District-Anjaw,Urban,40-49,0,0,0,0,0,0,0,0,0,0,0,0,0,0,0,0,0,0,0,0,0,0,0,0,0,0,0
3226,C4920,12,260,District-Anjaw,Urban,50-59,0,0,0,0,0,0,0,0,0,0,0,0,0,0,0,0,0,0,0,0,0,0,0,0,0,0,0
3227,C4920,12,260,District-Anjaw,Urban,60-69,0,0,0,0,0,0,0,0,0,0,0,0,0,0,0,0,0,0,0,0,0,0,0,0,0,0,0
3228,C4920,12,260,District-Anjaw,Urban,70-79,0,0,0,0,0,0,0,0,0,0,0,0,0,0,0,0,0,0,0,0,0,0,0,0,0,0,0
3229,C4920,12,260,District-Anjaw,Urban,80-89,0,0,0,0,0,0,0,0,0,0,0,0,0,0,0,0,0,0,0,0,0,0,0,0,0,0,0
3230,C4920,12,260,District-Anjaw,Urban,90+,0,0,0,0,0,0,0,0,0,0,0,0,0,0,0,0,0,0,0,0,0,0,0,0,0,0,0
3231,C4920,12,260,District-Anjaw,Urban,Age Not Stated,0,0,0,0,0,0,0,0,0,0,0,0,0,0,0,0,0,0,0,0,0,0,0,0,0,0,0
3232,C4920,10,0,State-BIHAR,Total,0-4,186314,97813,88501,52471,26942,25529,54676,28044,26632,4165,2258,1907,14044,8007,6037,4697,2522,2175,863,521,342,48555,25475,23080,6843,4044,2799
3233,C4920,10,0,State-BIHAR,Total,5-9,257526,139317,118209,65271,34324,30947,69781,36084,33697,24862,13852,11010,23848,14250,9598,9101,5262,3839,2484,1532,952,49018,25906,23112,13161,8107,5054
3234,C4920,10,0,State-BIHAR,Total,10-19,489183,280903,208280,107608,58534,49074,116533,62862,53671,42770,24711,18059,80024,51299,28725,23276,14163,9113,7809,4908,2901,84946,47666,37280,26217,16760,9457
3235,C4920,10,0,State-BIHAR,Total,20-29,344286,203108,141178,72164,39086,33078,81236,43338,37898,28772,16627,12145,60345,42235,18110,15868,10309,5559,6951,4852,2099,64002,36849,27153,14948,9812,5136
3236,C4920,10,0,State-BIHAR,Total,30-39,301885,179092,122793,66135,36507,29628,74616,40413,34203,24872,14358,10514,44883,31566,13317,14106,9191,4915,6886,4868,2018,59293,34981,24312,11094,7208,3886
3237,C4920,10,0,State-BIHAR,Total,40-49,233928,143342,90586,53181,30679,22502,57333,32372,24961,17956,10475,7481,36664,26443,10221,10075,6712,3363,5477,3862,1615,44774,27335,17439,8468,5464,3004
3238,C4920,10,0,State-BIHAR,Total,50-59,175737,102992,72745,42658,23219,19439,41955,22807,19148,11643,6568,5075,32729,22479,10250,5486,3351,2135,3173,1997,1176,31312,18599,12713,6781,3972,2809
3239,C4920,10,0,State-BIHAR,Total,60-69,191367,109980,81387,50421,26666,23755,42323,23071,19252,9710,5518,4192,42490,27713,14777,4125,2365,1760,2467,1497,970,29543,17504,12039,10288,5646,4642
3240,C4920,10,0,State-BIHAR,Total,70-79,95687,56238,39449,25625,14045,11580,20451,11713,8738,3599,2148,1451,23824,15371,8453,1552,897,655,949,581,368,11846,7297,4549,7841,4186,3655
3241,C4920,10,0,State-BIHAR,Total,80-89,29838,16373,13465,7690,3944,3746,6312,3549,2763,994,538,456,7510,4343,3167,459,249,210,250,150,100,3260,1916,1344,3363,1684,1679
3242,C4920,10,0,State-BIHAR,Total,90+,10280,5333,4947,2483,1240,1243,2178,1142,1036,456,244,212,2235,1220,1015,180,105,75,98,59,39,1277,674,603,1373,649,724
3243,C4920,10,0,State-BIHAR,Total,Age Not Stated,14978,8609,6369,3373,1857,1516,4769,2676,2093,1046,596,450,981,650,331,326,209,117,114,74,40,3902,2258,1644,467,289,178
3244,C4920,10,0,State-BIHAR,Rural,Total,2046351,1180813,865538,480118,259515,220603,497756,268272,229484,150197,86236,63961,330394,220062,110332,78520,48621,29899,32691,21594,11097,378081,216107,161974,98594,60406,38188
3245,C4920,10,0,State-BIHAR,Rural,0-4,166776,87543,79233,46753,24000,22753,48812,25066,23746,3737,2032,1705,12737,7246,5491,4237,2261,1976,796,484,312,43498,22812,20686,6206,3642,2564
3246,C4920,10,0,State-BIHAR,Rural,5-9,230462,124716,105746,58022,30419,27603,62154,32118,30036,22436,12530,9906,21606,12934,8672,8172,4717,3455,2236,1373,863,44007,23319,20688,11829,7306,4523
3247,C4920,10,0,State-BIHAR,Rural,10-19,428473,247169,181304,93509,50937,42572,100916,54710,46206,37721,21878,15843,71628,46177,25451,20499,12527,7972,6851,4285,2566,74037,41638,32399,23312,15017,8295
3248,C4920,10,0,State-BIHAR,Rural,20-29,296118,175352,120766,61551,33391,28160,69104,36879,32225,25049,14564,10485,52921,37271,15650,13681,8854,4827,5936,4144,1792,54863,31662,23201,13013,8587,4426
3249,C4920,10,0,State-BIHAR,Rural,30-39,262311,156155,106156,56910,31504,25406,64234,34837,29397,21770,12626,9144,39769,28027,11742,12377,8075,4302,5957,4183,1774,51489,30502,20987,9805,6401,3404
3250,C4920,10,0,State-BIHAR,Rural,40-49,202909,124446,78463,45866,26451,19415,49161,27818,21343,15561,9032,6529,32598,23488,9110,8787,5836,2951,4712,3295,1417,38788,23744,15044,7436,4782,2654
3251,C4920,10,0,State-BIHAR,Rural,50-59,153272,89763,63509,37038,20104,16934,36196,19649,16547,10038,5637,4401,29184,20041,9143,4816,2929,1887,2757,1747,1010,27211,16153,11058,6032,3503,2529
3252,C4920,10,0,State-BIHAR,Rural,60-69,171506,98333,73173,45260,23790,21470,37560,20385,17175,8540,4836,3704,38631,25251,13380,3734,2120,1614,2192,1320,872,26345,15599,10746,9244,5032,4212
3253,C4920,10,0,State-BIHAR,Rural,70-79,86081,50589,35492,23140,12653,10487,18223,10435,7788,3179,1894,1285,21688,14032,7656,1382,804,578,856,521,335,10556,6485,4071,7057,3765,3292
3254,C4920,10,0,State-BIHAR,Rural,80-89,26682,14699,11983,6939,3560,3379,5569,3155,2414,868,472,396,6756,3921,2835,399,221,178,217,127,90,2899,1709,1190,3035,1534,1501
3255,C4920,10,0,State-BIHAR,Rural,90+,9124,4778,4346,2238,1123,1115,1883,1004,879,405,224,181,2013,1106,907,161,95,66,83,51,32,1113,581,532,1228,594,634
3256,C4920,10,0,State-BIHAR,Rural,Age Not Stated,12637,7270,5367,2892,1583,1309,3944,2216,1728,893,511,382,863,568,295,275,182,93,98,64,34,3275,1903,1372,397,243,154
3257,C4920,10,0,State-BIHAR,Urban,Total,284658,162287,122371,68962,37528,31434,74407,39799,34608,20648,11657,8991,39183,25514,13669,10731,6714,4017,4830,3307,1523,53647,30353,23294,12250,7415,4835
3258,C4920,10,0,State-BIHAR,Urban,0-4,19538,10270,9268,5718,2942,2776,5864,2978,2886,428,226,202,1307,761,546,460,261,199,67,37,30,5057,2663,2394,637,402,235
3259,C4920,10,0,State-BIHAR,Urban,5-9,27064,14601,12463,7249,3905,3344,7627,3966,3661,2426,1322,1104,2242,1316,926,929,545,384,248,159,89,5011,2587,2424,1332,801,531
3260,C4920,10,0,State-BIHAR,Urban,10-19,60710,33734,26976,14099,7597,6502,15617,8152,7465,5049,2833,2216,8396,5122,3274,2777,1636,1141,958,623,335,10909,6028,4881,2905,1743,1162
3261,C4920,10,0,State-BIHAR,Urban,20-29,48168,27756,20412,10613,5695,4918,12132,6459,5673,3723,2063,1660,7424,4964,2460,2187,1455,732,1015,708,307,9139,5187,3952,1935,1225,710
3262,C4920,10,0,State-BIHAR,Urban,30-39,39574,22937,16637,9225,5003,4222,10382,5576,4806,3102,1732,1370,5114,3539,1575,1729,1116,613,929,685,244,7804,4479,3325,1289,807,482
3263,C4920,10,0,State-BIHAR,Urban,40-49,31019,18896,12123,7315,4228,3087,8172,4554,3618,2395,1443,952,4066,2955,1111,1288,876,412,765,567,198,5986,3591,2395,1032,682,350
3264,C4920,10,0,State-BIHAR,Urban,50-59,22465,13229,9236,5620,3115,2505,5759,3158,2601,1605,931,674,3545,2438,1107,670,422,248,416,250,166,4101,2446,1655,749,469,280
3265,C4920,10,0,State-BIHAR,Urban,60-69,19861,11647,8214,5161,2876,2285,4763,2686,2077,1170,682,488,3859,2462,1397,391,245,146,275,177,98,3198,1905,1293,1044,614,430
3266,C4920,10,0,State-BIHAR,Urban,70-79,9606,5649,3957,2485,1392,1093,2228,1278,950,420,254,166,2136,1339,797,170,93,77,93,60,33,1290,812,478,784,421,363
3267,C4920,10,0,State-BIHAR,Urban,80-89,3156,1674,1482,751,384,367,743,394,349,126,66,60,754,422,332,60,28,32,33,23,10,361,207,154,328,150,178
3268,C4920,10,0,State-BIHAR,Urban,90+,1156,555,601,245,117,128,295,138,157,51,20,31,222,114,108,19,10,9,15,8,7,164,93,71,145,55,90
3269,C4920,10,0,State-BIHAR,Urban,Age Not Stated,2341,1339,1002,481,274,207,825,460,365,153,85,68,118,82,36,51,27,24,16,10,6,627,355,272,70,46,24
3270,C4920,10,203,District-Pashchim Champaran,Total,Total,76414,44401,32013,18980,10334,8646,19526,10758,8768,5656,3318,2338,11653,7749,3904,2524,1560,964,894,595,299,13449,7763,5686,3732,2324,1408
3271,C4920,10,203,District-Pashchim Champaran,Total,0-4,6549,3492,3057,1920,1001,919,1836,974,862,160,96,64,608,347,261,168,89,79,23,16,7,1563,812,751,271,157,114
3272,C4920,10,203,District-Pashchim Champaran,Total,5-9,9787,5286,4501,2623,1371,1252,2750,1417,1333,882,481,401,939,558,381,310,183,127,73,52,21,1689,903,786,521,321,200
3273,C4920,10,203,District-Pashchim Champaran,Total,10-19,16313,9487,6826,3829,2067,1762,4058,2246,1812,1393,828,565,2539,1666,873,686,439,247,193,116,77,2690,1524,1166,925,601,324
3274,C4920,10,203,District-Pashchim Champaran,Total,20-29,10520,6370,4150,2298,1246,1052,2764,1578,1186,836,504,332,1814,1306,508,393,255,138,173,122,51,1792,1059,733,450,300,150
3275,C4920,10,203,District-Pashchim Champaran,Total,30-39,9735,5814,3921,2220,1225,995,2502,1390,1112,819,482,337,1449,998,451,370,232,138,147,100,47,1869,1144,725,359,243,116
3276,C4920,10,203,District-Pashchim Champaran,Total,40-49,7752,4737,3015,1916,1106,810,2006,1142,864,647,388,259,1159,830,329,255,169,86,116,85,31,1370,825,545,283,192,91
3277,C4920,10,203,District-Pashchim Champaran,Total,50-59,5838,3433,2405,1440,809,631,1423,790,633,440,265,175,1053,686,367,171,91,80,70,51,19,986,588,398,255,153,102
3278,C4920,10,203,District-Pashchim Champaran,Total,60-69,6179,3578,2601,1710,950,760,1401,759,642,332,197,135,1261,819,442,115,69,46,62,35,27,968,576,392,330,173,157
3279,C4920,10,203,District-Pashchim Champaran,Total,70-79,2681,1624,1057,764,436,328,531,324,207,116,64,52,634,422,212,39,22,17,26,13,13,333,213,120,238,130,108
3280,C4920,10,203,District-Pashchim Champaran,Total,80-89,669,359,310,184,84,100,152,86,66,23,10,13,149,92,57,8,3,5,5,2,3,83,49,34,65,33,32
3281,C4920,10,203,District-Pashchim Champaran,Total,90+,215,108,107,56,27,29,50,20,30,6,2,4,43,24,19,7,6,1,2,2,0,23,11,12,28,16,12
3282,C4920,10,203,District-Pashchim Champaran,Total,Age Not Stated,176,113,63,20,12,8,53,32,21,2,1,1,5,1,4,2,2,0,4,1,3,83,59,24,7,5,2
3283,C4920,10,203,District-Pashchim Champaran,Rural,Total,70066,40623,29443,17933,9771,8162,17915,9793,8122,5123,2999,2124,10368,6922,3446,2285,1407,878,758,501,257,12385,7155,5230,3299,2075,1224
3284,C4920,10,203,District-Pashchim Champaran,Rural,0-4,6139,3276,2863,1828,958,870,1726,911,815,148,89,59,562,320,242,160,86,74,23,16,7,1445,755,690,247,141,106
3285,C4920,10,203,District-Pashchim Champaran,Rural,5-9,9148,4942,4206,2503,1309,1194,2596,1341,1255,802,439,363,858,511,347,285,170,115,70,50,20,1554,821,733,480,301,179
3286,C4920,10,203,District-Pashchim Champaran,Rural,10-19,14943,8702,6241,3598,1945,1653,3742,2082,1660,1250,739,511,2286,1508,778,619,398,221,169,101,68,2442,1386,1056,837,543,294
3287,C4920,10,203,District-Pashchim Champaran,Rural,20-29,9473,5682,3791,2159,1169,990,2439,1362,1077,745,442,303,1612,1161,451,348,224,124,139,98,41,1642,968,674,389,258,131
3288,C4920,10,203,District-Pashchim Champaran,Rural,30-39,8939,5311,3628,2098,1157,941,2288,1238,1050,755,452,303,1293,889,404,329,205,124,120,84,36,1730,1063,667,326,223,103
3289,C4920,10,203,District-Pashchim Champaran,Rural,40-49,7082,4298,2784,1820,1055,765,1824,1020,804,584,348,236,1013,731,282,229,146,83,94,66,28,1260,761,499,258,171,87
3290,C4920,10,203,District-Pashchim Champaran,Rural,50-59,5309,3117,2192,1357,758,599,1290,715,575,401,239,162,903,594,309,156,84,72,60,42,18,917,545,372,225,140,85
3291,C4920,10,203,District-Pashchim Champaran,Rural,60-69,5680,3294,2386,1624,902,722,1289,693,596,308,183,125,1119,728,391,108,64,44,52,29,23,906,548,358,274,147,127
3292,C4920,10,203,District-Pashchim Champaran,Rural,70-79,2396,1472,924,706,407,299,491,304,187,102,55,47,547,374,173,37,20,17,21,10,11,309,197,112,183,105,78
3293,C4920,10,203,District-Pashchim Champaran,Rural,80-89,600,323,277,168,75,93,140,81,59,20,10,10,132,81,51,6,2,4,5,2,3,80,46,34,49,26,23
3294,C4920,10,203,District-Pashchim Champaran,Rural,90+,194,102,92,53,25,28,42,18,24,6,2,4,39,24,15,6,6,0,2,2,0,21,9,12,25,16,9
3295,C4920,10,203,District-Pashchim Champaran,Rural,Age Not Stated,163,104,59,19,11,8,48,28,20,2,1,1,4,1,3,2,2,0,3,1,2,79,56,23,6,4,2
3296,C4920,10,203,District-Pashchim Champaran,Urban,Total,6348,3778,2570,1047,563,484,1611,965,646,533,319,214,1285,827,458,239,153,86,136,94,42,1064,608,456,433,249,184
3297,C4920,10,203,District-Pashchim Champaran,Urban,0-4,410,216,194,92,43,49,110,63,47,12,7,5,46,27,19,8,3,5,0,0,0,118,57,61,24,16,8
3298,C4920,10,203,District-Pashchim Champaran,Urban,5-9,639,344,295,120,62,58,154,76,78,80,42,38,81,47,34,25,13,12,3,2,1,135,82,53,41,20,21
3299,C4920,10,203,District-Pashchim Champaran,Urban,10-19,1370,785,585,231,122,109,316,164,152,143,89,54,253,158,95,67,41,26,24,15,9,248,138,110,88,58,30
3300,C4920,10,203,District-Pashchim Champaran,Urban,20-29,1047,688,359,139,77,62,325,216,109,91,62,29,202,145,57,45,31,14,34,24,10,150,91,59,61,42,19
3301,C4920,10,203,District-Pashchim Champaran,Urban,30-39,796,503,293,122,68,54,214,152,62,64,30,34,156,109,47,41,27,14,27,16,11,139,81,58,33,20,13
3302,C4920,10,203,District-Pashchim Champaran,Urban,40-49,670,439,231,96,51,45,182,122,60,63,40,23,146,99,47,26,23,3,22,19,3,110,64,46,25,21,4
3303,C4920,10,203,District-Pashchim Champaran,Urban,50-59,529,316,213,83,51,32,133,75,58,39,26,13,150,92,58,15,7,8,10,9,1,69,43,26,30,13,17
3304,C4920,10,203,District-Pashchim Champaran,Urban,60-69,499,284,215,86,48,38,112,66,46,24,14,10,142,91,51,7,5,2,10,6,4,62,28,34,56,26,30
3305,C4920,10,203,District-Pashchim Champaran,Urban,70-79,285,152,133,58,29,29,40,20,20,14,9,5,87,48,39,2,2,0,5,3,2,24,16,8,55,25,30
3306,C4920,10,203,District-Pashchim Champaran,Urban,80-89,69,36,33,16,9,7,12,5,7,3,0,3,17,11,6,2,1,1,0,0,0,3,3,0,16,7,9
3307,C4920,10,203,District-Pashchim Champaran,Urban,90+,21,6,15,3,2,1,8,2,6,0,0,0,4,0,4,1,0,1,0,0,0,2,2,0,3,0,3
3308,C4920,10,203,District-Pashchim Champaran,Urban,Age Not Stated,13,9,4,1,1,0,5,4,1,0,0,0,1,0,1,0,0,0,1,0,1,4,3,1,1,1,0
3309,C4920,10,204,District-Purba Champaran,Total,Total,111705,64231,47474,34696,18858,15838,27231,14580,12651,8099,4766,3333,13044,8895,4149,3912,2370,1542,1259,894,365,18746,10896,7850,4718,2972,1746
3310,C4920,10,204,District-Purba Champaran,Total,0-4,11219,5852,5367,4120,2149,1971,2928,1451,1477,253,133,120,691,413,278,292,158,134,44,27,17,2511,1303,1208,380,218,162
3311,C4920,10,204,District-Purba Champaran,Total,5-9,14745,8023,6722,4947,2585,2362,3858,2015,1843,1295,746,549,1040,653,387,514,284,230,115,79,36,2310,1264,1046,666,397,269
3312,C4920,10,204,District-Purba Champaran,Total,10-19,23123,13703,9420,7086,4011,3075,5433,2976,2457,1895,1180,715,2619,1797,822,1069,681,388,279,201,78,3606,2100,1506,1136,757,379
3313,C4920,10,204,District-Purba Champaran,Total,20-29,15378,8951,6427,4468,2366,2102,3746,1956,1790,1303,759,544,1868,1398,470,653,414,239,234,185,49,2594,1504,1090,512,369,143
3314,C4920,10,204,District-Purba Champaran,Total,30-39,14463,8333,6130,4357,2314,2043,3614,1911,1703,1187,704,483,1524,1072,452,515,307,208,223,168,55,2600,1560,1040,443,297,146
3315,C4920,10,204,District-Purba Champaran,Total,40-49,10969,6631,4338,3127,1829,1298,2783,1550,1233,801,459,342,1400,1000,400,371,227,144,157,104,53,1931,1193,738,399,269,130
3316,C4920,10,204,District-Purba Champaran,Total,50-59,8177,4758,3419,2451,1356,1095,1889,1015,874,630,360,270,1280,850,430,235,137,98,95,57,38,1273,782,491,324,201,123
3317,C4920,10,204,District-Purba Champaran,Total,60-69,8357,4835,3522,2610,1394,1216,1825,1026,799,505,290,215,1557,1021,536,177,101,76,73,48,25,1186,718,468,424,237,187
3318,C4920,10,204,District-Purba Champaran,Total,70-79,3585,2182,1403,1115,628,487,755,450,305,144,89,55,790,527,263,60,41,19,27,17,10,427,285,142,267,145,122
3319,C4920,10,204,District-Purba Champaran,Total,80-89,956,538,418,282,157,125,209,115,94,29,14,15,203,119,84,20,14,6,6,4,2,90,57,33,117,58,59
3320,C4920,10,204,District-Purba Champaran,Total,90+,342,183,159,88,45,43,81,45,36,20,11,9,48,25,23,3,3,0,4,2,2,57,34,23,41,18,23
3321,C4920,10,204,District-Purba Champaran,Total,Age Not Stated,391,242,149,45,24,21,110,70,40,37,21,16,24,20,4,3,3,0,2,2,0,161,96,65,9,6,3
3322,C4920,10,204,District-Purba Champaran,Rural,Total,100760,58005,42755,30644,16617,14027,24301,13051,11250,7496,4407,3089,11818,8087,3731,3593,2160,1433,1113,790,323,17423,10138,7285,4372,2755,1617
3323,C4920,10,204,District-Purba Champaran,Rural,0-4,10178,5348,4830,3653,1916,1737,2629,1325,1304,233,121,112,641,385,256,271,148,123,37,23,14,2364,1230,1134,350,200,150
3324,C4920,10,204,District-Purba Champaran,Rural,5-9,13398,7292,6106,4355,2255,2100,3481,1829,1652,1215,697,518,966,608,358,477,263,214,109,75,34,2178,1198,980,617,367,250
3325,C4920,10,204,District-Purba Champaran,Rural,10-19,20760,12326,8434,6214,3498,2716,4815,2642,2173,1750,1092,658,2414,1666,748,967,615,352,238,171,67,3323,1945,1378,1039,697,342
3326,C4920,10,204,District-Purba Champaran,Rural,20-29,13754,8026,5728,3875,2046,1829,3322,1735,1587,1218,708,510,1686,1280,406,595,372,223,195,154,41,2388,1387,1001,475,344,131
3327,C4920,10,204,District-Purba Champaran,Rural,30-39,12991,7502,5489,3821,2043,1778,3212,1696,1516,1081,642,439,1375,966,409,481,284,197,205,155,50,2403,1437,966,413,279,134
3328,C4920,10,204,District-Purba Champaran,Rural,40-49,9846,5950,3896,2749,1599,1150,2469,1381,1088,736,419,317,1251,900,351,333,200,133,143,93,50,1795,1109,686,370,249,121
3329,C4920,10,204,District-Purba Champaran,Rural,50-59,7400,4296,3104,2200,1209,991,1695,910,785,586,334,252,1131,750,381,216,124,92,87,53,34,1176,725,451,309,191,118
3330,C4920,10,204,District-Purba Champaran,Rural,60-69,7630,4405,3225,2398,1282,1116,1650,931,719,461,265,196,1397,909,488,170,96,74,64,43,21,1099,662,437,391,217,174
3331,C4920,10,204,District-Purba Champaran,Rural,70-79,3278,1988,1290,1000,560,440,692,411,281,139,85,54,709,472,237,58,39,19,25,17,8,407,270,137,248,134,114
3332,C4920,10,204,District-Purba Champaran,Rural,80-89,865,484,381,258,145,113,186,100,86,25,12,13,183,109,74,19,13,6,5,3,2,79,49,30,110,53,57
3333,C4920,10,204,District-Purba Champaran,Rural,90+,306,167,139,79,42,37,67,37,30,17,11,6,44,24,20,3,3,0,3,1,2,52,31,21,41,18,23
3334,C4920,10,204,District-Purba Champaran,Rural,Age Not Stated,354,221,133,42,22,20,83,54,29,35,21,14,21,18,3,3,3,0,2,2,0,159,95,64,9,6,3
3335,C4920,10,204,District-Purba Champaran,Urban,Total,10945,6226,4719,4052,2241,1811,2930,1529,1401,603,359,244,1226,808,418,319,210,109,146,104,42,1323,758,565,346,217,129
3336,C4920,10,204,District-Purba Champaran,Urban,0-4,1041,504,537,467,233,234,299,126,173,20,12,8,50,28,22,21,10,11,7,4,3,147,73,74,30,18,12
3337,C4920,10,204,District-Purba Champaran,Urban,5-9,1347,731,616,592,330,262,377,186,191,80,49,31,74,45,29,37,21,16,6,4,2,132,66,66,49,30,19
3338,C4920,10,204,District-Purba Champaran,Urban,10-19,2363,1377,986,872,513,359,618,334,284,145,88,57,205,131,74,102,66,36,41,30,11,283,155,128,97,60,37
3339,C4920,10,204,District-Purba Champaran,Urban,20-29,1624,925,699,593,320,273,424,221,203,85,51,34,182,118,64,58,42,16,39,31,8,206,117,89,37,25,12
3340,C4920,10,204,District-Purba Champaran,Urban,30-39,1472,831,641,536,271,265,402,215,187,106,62,44,149,106,43,34,23,11,18,13,5,197,123,74,30,18,12
3341,C4920,10,204,District-Purba Champaran,Urban,40-49,1123,681,442,378,230,148,314,169,145,65,40,25,149,100,49,38,27,11,14,11,3,136,84,52,29,20,9
3342,C4920,10,204,District-Purba Champaran,Urban,50-59,777,462,315,251,147,104,194,105,89,44,26,18,149,100,49,19,13,6,8,4,4,97,57,40,15,10,5
3343,C4920,10,204,District-Purba Champaran,Urban,60-69,727,430,297,212,112,100,175,95,80,44,25,19,160,112,48,7,5,2,9,5,4,87,56,31,33,20,13
3344,C4920,10,204,District-Purba Champaran,Urban,70-79,307,194,113,115,68,47,63,39,24,5,4,1,81,55,26,2,2,0,2,0,2,20,15,5,19,11,8
3345,C4920,10,204,District-Purba Champaran,Urban,80-89,91,54,37,24,12,12,23,15,8,4,2,2,20,10,10,1,1,0,1,1,0,11,8,3,7,5,2
3346,C4920,10,204,District-Purba Champaran,Urban,90+,36,16,20,9,3,6,14,8,6,3,0,3,4,1,3,0,0,0,1,1,0,5,3,2,0,0,0
3347,C4920,10,204,District-Purba Champaran,Urban,Age Not Stated,37,21,16,3,2,1,27,16,11,2,0,2,3,2,1,0,0,0,0,0,0,2,1,1,0,0,0
3348,C4920,10,205,District-Sheohar,Total,Total,15647,9246,6401,2481,1395,1086,5169,2833,2336,1022,595,427,2356,1619,737,498,318,180,255,177,78,3173,1881,1292,693,428,265
3349,C4920,10,205,District-Sheohar,Total,0-4,1256,669,587,209,113,96,471,233,238,26,11,15,124,66,58,36,19,17,7,4,3,342,199,143,41,24,17
3350,C4920,10,205,District-Sheohar,Total,5-9,1883,1071,812,281,155,126,734,403,331,177,110,67,147,89,58,57,34,23,24,18,6,381,216,165,82,46,36
3351,C4920,10,205,District-Sheohar,Total,10-19,3063,1851,1212,461,268,193,1062,628,434,218,125,93,405,276,129,130,81,49,40,26,14,595,344,251,152,103,49
3352,C4920,10,205,District-Sheohar,Total,20-29,2076,1281,795,271,157,114,687,355,332,176,115,61,296,233,63,73,59,14,35,31,4,462,282,180,76,49,27
3353,C4920,10,205,District-Sheohar,Total,30-39,1910,1144,766,264,146,118,674,365,309,140,81,59,250,168,82,66,49,17,47,36,11,408,254,154,61,45,16
3354,C4920,10,205,District-Sheohar,Total,40-49,1493,915,578,222,136,86,482,266,216,91,50,41,240,169,71,54,31,23,42,23,19,312,209,103,50,31,19
3355,C4920,10,205,District-Sheohar,Total,50-59,1277,745,532,239,131,108,378,193,185,73,40,33,265,196,69,37,20,17,23,16,7,222,122,100,40,27,13
3356,C4920,10,205,District-Sheohar,Total,60-69,1676,964,712,316,167,149,422,230,192,82,45,37,390,256,134,34,19,15,28,16,12,306,175,131,98,56,42
3357,C4920,10,205,District-Sheohar,Total,70-79,731,434,297,156,83,73,195,119,76,26,13,13,163,110,53,9,5,4,8,6,2,112,65,47,62,33,29
3358,C4920,10,205,District-Sheohar,Total,80-89,204,120,84,45,25,20,45,31,14,8,3,5,58,42,16,1,0,1,1,1,0,20,9,11,26,9,17
3359,C4920,10,205,District-Sheohar,Total,90+,52,37,15,14,11,3,10,7,3,2,0,2,12,10,2,0,0,0,0,0,0,9,4,5,5,5,0
3360,C4920,10,205,District-Sheohar,Total,Age Not Stated,26,15,11,3,3,0,9,3,6,3,2,1,6,4,2,1,1,0,0,0,0,4,2,2,0,0,0
3361,C4920,10,205,District-Sheohar,Rural,Total,14571,8637,5934,2227,1267,960,4922,2713,2209,972,563,409,2238,1536,702,472,300,172,243,167,76,2840,1685,1155,657,406,251
3362,C4920,10,205,District-Sheohar,Rural,0-4,1158,619,539,192,106,86,440,219,221,24,10,14,115,62,53,33,18,15,7,4,3,308,177,131,39,23,16
3363,C4920,10,205,District-Sheohar,Rural,5-9,1778,1012,766,259,140,119,704,390,314,166,105,61,139,86,53,55,32,23,23,18,5,355,199,156,77,42,35
3364,C4920,10,205,District-Sheohar,Rural,10-19,2879,1736,1143,431,248,183,1023,611,412,211,120,91,388,264,124,124,75,49,37,23,14,517,295,222,148,100,48
3365,C4920,10,205,District-Sheohar,Rural,20-29,1941,1202,739,244,145,99,659,340,319,165,108,57,283,222,61,67,56,11,33,29,4,416,253,163,74,49,25
3366,C4920,10,205,District-Sheohar,Rural,30-39,1767,1069,698,215,125,90,643,348,295,136,79,57,236,157,79,62,46,16,45,34,11,371,236,135,59,44,15
3367,C4920,10,205,District-Sheohar,Rural,40-49,1352,827,525,183,113,70,456,251,205,88,47,41,225,156,69,53,30,23,41,23,18,259,178,81,47,29,18
3368,C4920,10,205,District-Sheohar,Rural,50-59,1168,687,481,205,118,87,354,182,172,66,35,31,248,182,66,35,20,15,22,15,7,201,111,90,37,24,13
3369,C4920,10,205,District-Sheohar,Rural,60-69,1578,909,669,292,154,138,398,218,180,77,41,36,376,246,130,32,17,15,27,15,12,281,164,117,95,54,41
3370,C4920,10,205,District-Sheohar,Rural,70-79,685,412,273,147,80,67,186,116,70,26,13,13,156,106,50,9,5,4,8,6,2,101,58,43,52,28,24
3371,C4920,10,205,District-Sheohar,Rural,80-89,194,115,79,44,25,19,43,29,14,8,3,5,54,41,13,1,0,1,0,0,0,20,9,11,24,8,16
3372,C4920,10,205,District-Sheohar,Rural,90+,46,34,12,12,10,2,8,6,2,2,0,2,12,10,2,0,0,0,0,0,0,7,3,4,5,5,0
3373,C4920,10,205,District-Sheohar,Rural,Age Not Stated,25,15,10,3,3,0,8,3,5,3,2,1,6,4,2,1,1,0,0,0,0,4,2,2,0,0,0
3374,C4920,10,205,District-Sheohar,Urban,Total,1076,609,467,254,128,126,247,120,127,50,32,18,118,83,35,26,18,8,12,10,2,333,196,137,36,22,14
3375,C4920,10,205,District-Sheohar,Urban,0-4,98,50,48,17,7,10,31,14,17,2,1,1,9,4,5,3,1,2,0,0,0,34,22,12,2,1,1
3376,C4920,10,205,District-Sheohar,Urban,5-9,105,59,46,22,15,7,30,13,17,11,5,6,8,3,5,2,2,0,1,0,1,26,17,9,5,4,1
3377,C4920,10,205,District-Sheohar,Urban,10-19,184,115,69,30,20,10,39,17,22,7,5,2,17,12,5,6,6,0,3,3,0,78,49,29,4,3,1
3378,C4920,10,205,District-Sheohar,Urban,20-29,135,79,56,27,12,15,28,15,13,11,7,4,13,11,2,6,3,3,2,2,0,46,29,17,2,0,2
3379,C4920,10,205,District-Sheohar,Urban,30-39,143,75,68,49,21,28,31,17,14,4,2,2,14,11,3,4,3,1,2,2,0,37,18,19,2,1,1
3380,C4920,10,205,District-Sheohar,Urban,40-49,141,88,53,39,23,16,26,15,11,3,3,0,15,13,2,1,1,0,1,0,1,53,31,22,3,2,1
3381,C4920,10,205,District-Sheohar,Urban,50-59,109,58,51,34,13,21,24,11,13,7,5,2,17,14,3,2,0,2,1,1,0,21,11,10,3,3,0
3382,C4920,10,205,District-Sheohar,Urban,60-69,98,55,43,24,13,11,24,12,12,5,4,1,14,10,4,2,2,0,1,1,0,25,11,14,3,2,1
3383,C4920,10,205,District-Sheohar,Urban,70-79,46,22,24,9,3,6,9,3,6,0,0,0,7,4,3,0,0,0,0,0,0,11,7,4,10,5,5
3384,C4920,10,205,District-Sheohar,Urban,80-89,10,5,5,1,0,1,2,2,0,0,0,0,4,1,3,0,0,0,1,1,0,0,0,0,2,1,1
3385,C4920,10,205,District-Sheohar,Urban,90+,6,3,3,2,1,1,2,1,1,0,0,0,0,0,0,0,0,0,0,0,0,2,1,1,0,0,0
3386,C4920,10,205,District-Sheohar,Urban,Age Not Stated,1,0,1,0,0,0,1,0,1,0,0,0,0,0,0,0,0,0,0,0,0,0,0,0,0,0,0
3387,C4920,10,206,District-Sitamarhi,Total,Total,98161,56207,41954,26450,14456,11994,26365,14234,12131,9432,5568,3864,11145,7523,3622,2478,1552,926,1091,740,351,16992,9565,7427,4208,2569,1639
3388,C4920,10,206,District-Sitamarhi,Total,0-4,9136,4754,4382,2780,1425,1355,2807,1461,1346,244,135,109,564,297,267,144,72,72,29,19,10,2265,1178,1087,303,167,136
3389,C4920,10,206,District-Sitamarhi,Total,5-9,11720,6324,5396,3392,1840,1552,3381,1726,1655,1352,753,599,783,471,312,216,110,106,72,45,27,2043,1086,957,481,293,188
3390,C4920,10,206,District-Sitamarhi,Total,10-19,19300,11307,7993,4983,2839,2144,5244,2882,2362,2148,1264,884,1859,1272,587,597,390,207,187,126,61,3428,1946,1482,854,588,266
3391,C4920,10,206,District-Sitamarhi,Total,20-29,13613,7925,5688,3420,1839,1581,3661,1984,1677,1612,949,663,1395,1032,363,464,312,152,185,137,48,2298,1300,998,578,372,206
3392,C4920,10,206,District-Sitamarhi,Total,30-39,12694,7507,5187,3127,1766,1361,3512,1883,1629,1504,928,576,1242,902,340,381,257,124,220,162,58,2204,1297,907,504,312,192
3393,C4920,10,206,District-Sitamarhi,Total,40-49,9815,5846,3969,2569,1472,1097,2595,1446,1149,1047,624,423,1190,847,343,299,196,103,176,121,55,1599,924,675,340,216,124
3394,C4920,10,206,District-Sitamarhi,Total,50-59,7383,4236,3147,2039,1098,941,1885,1003,882,637,370,267,1161,799,362,171,107,64,92,60,32,1164,661,503,234,138,96
3395,C4920,10,206,District-Sitamarhi,Total,60-69,8014,4638,3376,2294,1197,1097,1851,1056,795,555,329,226,1605,1075,530,110,57,53,85,43,42,1119,668,451,395,213,182
3396,C4920,10,206,District-Sitamarhi,Total,70-79,3831,2210,1621,1105,585,520,777,438,339,165,107,58,960,617,343,42,23,19,31,19,12,444,258,186,307,163,144
3397,C4920,10,206,District-Sitamarhi,Total,80-89,1059,552,507,303,148,155,198,109,89,39,23,16,236,130,106,29,10,19,4,0,4,126,73,53,124,59,65
3398,C4920,10,206,District-Sitamarhi,Total,90+,410,213,197,122,57,65,68,39,29,27,17,10,83,43,40,5,2,3,2,2,0,54,30,24,49,23,26
3399,C4920,10,206,District-Sitamarhi,Total,Age Not Stated,1186,695,491,316,190,126,386,207,179,102,69,33,67,38,29,20,16,4,8,6,2,248,144,104,39,25,14
3400,C4920,10,206,District-Sitamarhi,Rural,Total,93675,53580,40095,25434,13865,11569,25184,13595,11589,9047,5341,3706,10654,7201,3453,2351,1468,883,1022,691,331,15989,8981,7008,3994,2438,1556
3401,C4920,10,206,District-Sitamarhi,Rural,0-4,8799,4560,4239,2688,1375,1313,2713,1406,1307,240,133,107,541,283,258,139,69,70,27,17,10,2161,1119,1042,290,158,132
3402,C4920,10,206,District-Sitamarhi,Rural,5-9,11228,6053,5175,3269,1771,1498,3259,1669,1590,1302,726,576,753,450,303,205,103,102,67,42,25,1912,1009,903,461,283,178
3403,C4920,10,206,District-Sitamarhi,Rural,10-19,18330,10749,7581,4791,2732,2059,4980,2731,2249,2061,1216,845,1762,1210,552,556,359,197,181,122,59,3189,1819,1370,810,560,250
3404,C4920,10,206,District-Sitamarhi,Rural,20-29,12932,7524,5408,3271,1746,1525,3485,1890,1595,1548,911,637,1317,985,332,441,297,144,173,127,46,2152,1213,939,545,355,190
3405,C4920,10,206,District-Sitamarhi,Rural,30-39,12068,7139,4929,2989,1691,1298,3349,1799,1550,1445,890,555,1174,852,322,364,246,118,205,151,54,2069,1218,851,473,292,181
3406,C4920,10,206,District-Sitamarhi,Rural,40-49,9344,5549,3795,2472,1405,1067,2479,1384,1095,998,597,401,1138,806,332,281,186,95,156,105,51,1500,866,634,320,200,120
3407,C4920,10,206,District-Sitamarhi,Rural,50-59,7044,4038,3006,1957,1050,907,1798,964,834,605,350,255,1113,763,350,167,104,63,88,58,30,1097,621,476,219,128,91
3408,C4920,10,206,District-Sitamarhi,Rural,60-69,7753,4473,3280,2227,1158,1069,1780,1012,768,534,315,219,1562,1048,514,107,55,52,82,43,39,1080,637,443,381,205,176
3409,C4920,10,206,District-Sitamarhi,Rural,70-79,3696,2132,1564,1077,569,508,736,413,323,160,103,57,931,605,326,38,21,17,30,18,12,433,250,183,291,153,138
3410,C4920,10,206,District-Sitamarhi,Rural,80-89,1021,534,487,289,141,148,193,107,86,39,23,16,227,125,102,29,10,19,3,0,3,123,71,52,118,57,61
3411,C4920,10,206,District-Sitamarhi,Rural,90+,384,200,184,114,54,60,61,33,28,25,16,9,78,41,37,4,2,2,2,2,0,51,29,22,49,23,26
3412,C4920,10,206,District-Sitamarhi,Rural,Age Not Stated,1076,629,447,290,173,117,351,187,164,90,61,29,58,33,25,20,16,4,8,6,2,222,129,93,37,24,13
3413,C4920,10,206,District-Sitamarhi,Urban,Total,4486,2627,1859,1016,591,425,1181,639,542,385,227,158,491,322,169,127,84,43,69,49,20,1003,584,419,214,131,83
3414,C4920,10,206,District-Sitamarhi,Urban,0-4,337,194,143,92,50,42,94,55,39,4,2,2,23,14,9,5,3,2,2,2,0,104,59,45,13,9,4
3415,C4920,10,206,District-Sitamarhi,Urban,5-9,492,271,221,123,69,54,122,57,65,50,27,23,30,21,9,11,7,4,5,3,2,131,77,54,20,10,10
3416,C4920,10,206,District-Sitamarhi,Urban,10-19,970,558,412,192,107,85,264,151,113,87,48,39,97,62,35,41,31,10,6,4,2,239,127,112,44,28,16
3417,C4920,10,206,District-Sitamarhi,Urban,20-29,681,401,280,149,93,56,176,94,82,64,38,26,78,47,31,23,15,8,12,10,2,146,87,59,33,17,16
3418,C4920,10,206,District-Sitamarhi,Urban,30-39,626,368,258,138,75,63,163,84,79,59,38,21,68,50,18,17,11,6,15,11,4,135,79,56,31,20,11
3419,C4920,10,206,District-Sitamarhi,Urban,40-49,471,297,174,97,67,30,116,62,54,49,27,22,52,41,11,18,10,8,20,16,4,99,58,41,20,16,4
3420,C4920,10,206,District-Sitamarhi,Urban,50-59,339,198,141,82,48,34,87,39,48,32,20,12,48,36,12,4,3,1,4,2,2,67,40,27,15,10,5
3421,C4920,10,206,District-Sitamarhi,Urban,60-69,261,165,96,67,39,28,71,44,27,21,14,7,43,27,16,3,2,1,3,0,3,39,31,8,14,8,6
3422,C4920,10,206,District-Sitamarhi,Urban,70-79,135,78,57,28,16,12,41,25,16,5,4,1,29,12,17,4,2,2,1,1,0,11,8,3,16,10,6
3423,C4920,10,206,District-Sitamarhi,Urban,80-89,38,18,20,14,7,7,5,2,3,0,0,0,9,5,4,0,0,0,1,0,1,3,2,1,6,2,4
3424,C4920,10,206,District-Sitamarhi,Urban,90+,26,13,13,8,3,5,7,6,1,2,1,1,5,2,3,1,0,1,0,0,0,3,1,2,0,0,0
3425,C4920,10,206,District-Sitamarhi,Urban,Age Not Stated,110,66,44,26,17,9,35,20,15,12,8,4,9,5,4,0,0,0,0,0,0,26,15,11,2,1,1
3426,C4920,10,207,District-Madhubani,Total,Total,78356,45319,33037,13380,7215,6165,17910,9496,8414,6124,3517,2607,14680,9553,5127,3396,2174,1222,1687,1108,579,16411,9331,7080,4768,2925,1843
3427,C4920,10,207,District-Madhubani,Total,0-4,5401,2838,2563,961,463,498,1537,780,757,129,77,52,632,346,286,169,91,78,32,21,11,1663,894,769,278,166,112
3428,C4920,10,207,District-Madhubani,Total,5-9,8082,4362,3720,1262,643,619,2112,1077,1035,929,532,397,997,592,405,316,182,134,120,77,43,1823,925,898,523,334,189
3429,C4920,10,207,District-Madhubani,Total,10-19,15574,9062,6512,2285,1249,1036,3422,1820,1602,1590,937,653,2775,1785,990,828,542,286,305,194,111,3240,1822,1418,1129,713,416
3430,C4920,10,207,District-Madhubani,Total,20-29,10587,6433,4154,1484,882,602,2351,1238,1113,974,558,416,1881,1343,538,586,372,214,313,210,103,2373,1398,975,625,432,193
3431,C4920,10,207,District-Madhubani,Total,30-39,9856,5904,3952,1474,875,599,2315,1215,1100,868,492,376,1655,1128,527,552,373,179,283,205,78,2269,1326,943,440,290,150
3432,C4920,10,207,District-Madhubani,Total,40-49,8328,5134,3194,1338,769,569,1942,1088,854,653,381,272,1635,1141,494,427,286,141,250,181,69,1711,1066,645,372,222,150
3433,C4920,10,207,District-Madhubani,Total,50-59,6564,3795,2769,1300,662,638,1448,794,654,410,228,182,1424,942,482,226,144,82,166,105,61,1288,732,556,302,188,114
3434,C4920,10,207,District-Madhubani,Total,60-69,8135,4556,3579,1859,940,919,1603,834,769,368,198,170,2158,1373,785,196,121,75,137,67,70,1312,749,563,502,274,228
3435,C4920,10,207,District-Madhubani,Total,70-79,3975,2260,1715,1020,546,474,770,415,355,138,82,56,1060,651,409,75,52,23,60,36,24,488,288,200,364,190,174
3436,C4920,10,207,District-Madhubani,Total,80-89,1261,658,603,272,120,152,261,152,109,33,14,19,349,191,158,14,9,5,14,6,8,148,81,67,170,85,85
3437,C4920,10,207,District-Madhubani,Total,90+,386,186,200,87,38,49,70,36,34,17,7,10,89,47,42,4,1,3,4,3,1,55,25,30,60,29,31
3438,C4920,10,207,District-Madhubani,Total,Age Not Stated,207,131,76,38,28,10,79,47,32,15,11,4,25,14,11,3,1,2,3,3,0,41,25,16,3,2,1
3439,C4920,10,207,District-Madhubani,Rural,Total,75083,43461,31622,12860,6942,5918,16841,8939,7902,5957,3421,2536,14126,9201,4925,3260,2085,1175,1636,1074,562,15790,8977,6813,4613,2822,1791
3440,C4920,10,207,District-Madhubani,Rural,0-4,5180,2717,2463,916,436,480,1448,731,717,126,76,50,610,338,272,164,88,76,31,20,11,1615,867,748,270,161,109
3441,C4920,10,207,District-Madhubani,Rural,5-9,7762,4196,3566,1228,626,602,1989,1014,975,901,515,386,953,570,383,302,173,129,117,76,41,1767,900,867,505,322,183
3442,C4920,10,207,District-Madhubani,Rural,10-19,14909,8691,6218,2197,1201,996,3187,1707,1480,1546,908,638,2661,1716,945,807,530,277,300,191,109,3125,1755,1370,1086,683,403
3443,C4920,10,207,District-Madhubani,Rural,20-29,10107,6158,3949,1417,849,568,2207,1165,1042,944,541,403,1800,1286,514,561,354,207,303,203,100,2276,1343,933,599,417,182
3444,C4920,10,207,District-Madhubani,Rural,30-39,9404,5638,3766,1410,838,572,2166,1142,1024,842,476,366,1586,1082,504,529,356,173,274,199,75,2170,1266,904,427,279,148
3445,C4920,10,207,District-Madhubani,Rural,40-49,7944,4921,3023,1278,737,541,1818,1024,794,637,374,263,1577,1105,472,411,276,135,240,172,68,1627,1018,609,356,215,141
3446,C4920,10,207,District-Madhubani,Rural,50-59,6286,3614,2672,1254,638,616,1363,741,622,399,222,177,1370,898,472,214,134,80,160,102,58,1234,700,534,292,179,113
3447,C4920,10,207,District-Madhubani,Rural,60-69,7864,4396,3468,1791,906,885,1536,795,741,361,196,165,2097,1334,763,186,117,69,132,64,68,1272,721,551,489,263,226
3448,C4920,10,207,District-Madhubani,Rural,70-79,3839,2187,1652,988,532,456,730,390,340,136,81,55,1026,633,393,67,47,20,59,35,24,473,280,193,360,189,171
3449,C4920,10,207,District-Madhubani,Rural,80-89,1211,634,577,256,113,143,252,149,103,33,14,19,336,181,155,12,8,4,13,6,7,142,80,62,167,83,84
3450,C4920,10,207,District-Madhubani,Rural,90+,375,183,192,87,38,49,68,36,32,17,7,10,87,46,41,4,1,3,4,3,1,49,23,26,59,29,30
3451,C4920,10,207,District-Madhubani,Rural,Age Not Stated,202,126,76,38,28,10,77,45,32,15,11,4,23,12,11,3,1,2,3,3,0,40,24,16,3,2,1
3452,C4920,10,207,District-Madhubani,Urban,Total,3273,1858,1415,520,273,247,1069,557,512,167,96,71,554,352,202,136,89,47,51,34,17,621,354,267,155,103,52
3453,C4920,10,207,District-Madhubani,Urban,0-4,221,121,100,45,27,18,89,49,40,3,1,2,22,8,14,5,3,2,1,1,0,48,27,21,8,5,3
3454,C4920,10,207,District-Madhubani,Urban,5-9,320,166,154,34,17,17,123,63,60,28,17,11,44,22,22,14,9,5,3,1,2,56,25,31,18,12,6
3455,C4920,10,207,District-Madhubani,Urban,10-19,665,371,294,88,48,40,235,113,122,44,29,15,114,69,45,21,12,9,5,3,2,115,67,48,43,30,13
3456,C4920,10,207,District-Madhubani,Urban,20-29,480,275,205,67,33,34,144,73,71,30,17,13,81,57,24,25,18,7,10,7,3,97,55,42,26,15,11
3457,C4920,10,207,District-Madhubani,Urban,30-39,452,266,186,64,37,27,149,73,76,26,16,10,69,46,23,23,17,6,9,6,3,99,60,39,13,11,2
3458,C4920,10,207,District-Madhubani,Urban,40-49,384,213,171,60,32,28,124,64,60,16,7,9,58,36,22,16,10,6,10,9,1,84,48,36,16,7,9
3459,C4920,10,207,District-Madhubani,Urban,50-59,278,181,97,46,24,22,85,53,32,11,6,5,54,44,10,12,10,2,6,3,3,54,32,22,10,9,1
3460,C4920,10,207,District-Madhubani,Urban,60-69,271,160,111,68,34,34,67,39,28,7,2,5,61,39,22,10,4,6,5,3,2,40,28,12,13,11,2
3461,C4920,10,207,District-Madhubani,Urban,70-79,136,73,63,32,14,18,40,25,15,2,1,1,34,18,16,8,5,3,1,1,0,15,8,7,4,1,3
3462,C4920,10,207,District-Madhubani,Urban,80-89,50,24,26,16,7,9,9,3,6,0,0,0,13,10,3,2,1,1,1,0,1,6,1,5,3,2,1
3463,C4920,10,207,District-Madhubani,Urban,90+,11,3,8,0,0,0,2,0,2,0,0,0,2,1,1,0,0,0,0,0,0,6,2,4,1,0,1
3464,C4920,10,207,District-Madhubani,Urban,Age Not Stated,5,5,0,0,0,0,2,2,0,0,0,0,2,2,0,0,0,0,0,0,0,1,1,0,0,0,0
3465,C4920,10,208,District-Supaul,Total,Total,39647,23127,16520,7519,4030,3489,8468,4650,3818,3119,1817,1302,7716,4977,2739,1662,1017,645,730,498,232,8025,4622,3403,2408,1516,892
3466,C4920,10,208,District-Supaul,Total,0-4,3059,1679,1380,708,384,324,775,428,347,88,51,37,386,212,174,90,51,39,14,8,6,848,457,391,150,88,62
3467,C4920,10,208,District-Supaul,Total,5-9,4518,2480,2038,906,456,450,1009,524,485,508,287,221,572,333,239,188,99,89,43,33,10,959,531,428,333,217,116
3468,C4920,10,208,District-Supaul,Total,10-19,7787,4603,3184,1331,723,608,1551,859,692,827,503,324,1524,955,569,410,263,147,131,84,47,1475,859,616,538,357,181
3469,C4920,10,208,District-Supaul,Total,20-29,5526,3200,2326,891,485,406,1187,635,552,516,297,219,1052,684,368,267,170,97,140,102,38,1157,614,543,316,213,103
3470,C4920,10,208,District-Supaul,Total,30-39,5178,3161,2017,914,527,387,1112,633,479,417,234,183,939,643,296,273,171,102,131,101,30,1137,679,458,255,173,82
3471,C4920,10,208,District-Supaul,Total,40-49,4211,2608,1603,735,418,317,914,524,390,296,176,120,875,628,247,190,117,73,108,72,36,906,556,350,187,117,70
3472,C4920,10,208,District-Supaul,Total,50-59,3261,1904,1357,626,332,294,680,369,311,205,117,88,749,495,254,100,63,37,69,40,29,677,386,291,155,102,53
3473,C4920,10,208,District-Supaul,Total,60-69,3512,2039,1473,790,398,392,723,388,335,181,109,72,911,599,312,94,54,40,59,38,21,554,342,212,200,111,89
3474,C4920,10,208,District-Supaul,Total,70-79,1714,976,738,420,218,202,343,188,155,50,29,21,477,299,178,34,18,16,30,16,14,195,124,71,165,84,81
3475,C4920,10,208,District-Supaul,Total,80-89,588,315,273,146,67,79,107,61,46,21,9,12,171,94,77,10,5,5,4,4,0,53,34,19,76,41,35
3476,C4920,10,208,District-Supaul,Total,90+,212,113,99,40,16,24,43,25,18,7,3,4,54,32,22,5,5,0,0,0,0,32,20,12,31,12,19
3477,C4920,10,208,District-Supaul,Total,Age Not Stated,81,49,32,12,6,6,24,16,8,3,2,1,6,3,3,1,1,0,1,0,1,32,20,12,2,1,1
3478,C4920,10,208,District-Supaul,Rural,Total,38215,22275,15940,7223,3882,3341,8214,4502,3712,2977,1736,1241,7432,4796,2636,1563,957,606,697,478,219,7802,4482,3320,2307,1442,865
3479,C4920,10,208,District-Supaul,Rural,0-4,2954,1624,1330,685,374,311,751,416,335,83,48,35,374,205,169,83,46,37,14,8,6,823,445,378,141,82,59
3480,C4920,10,208,District-Supaul,Rural,5-9,4368,2402,1966,865,443,422,985,509,476,490,277,213,554,324,230,173,91,82,40,30,10,942,523,419,319,205,114
3481,C4920,10,208,District-Supaul,Rural,10-19,7479,4420,3059,1282,693,589,1498,829,669,785,480,305,1466,918,548,377,243,134,129,83,46,1437,840,597,505,334,171
3482,C4920,10,208,District-Supaul,Rural,20-29,5318,3070,2248,845,457,388,1153,615,538,489,282,207,1019,663,356,254,162,92,133,96,37,1115,586,529,310,209,101
3483,C4920,10,208,District-Supaul,Rural,30-39,5020,3056,1964,887,510,377,1080,614,466,395,223,172,915,626,289,264,166,98,126,96,30,1109,657,452,244,164,80
3484,C4920,10,208,District-Supaul,Rural,40-49,4087,2523,1564,713,410,303,891,506,385,289,170,119,841,605,236,183,112,71,103,70,33,888,541,347,179,109,70
3485,C4920,10,208,District-Supaul,Rural,50-59,3130,1828,1302,602,320,282,653,356,297,198,113,85,717,473,244,96,59,37,63,38,25,654,373,281,147,96,51
3486,C4920,10,208,District-Supaul,Rural,60-69,3377,1961,1416,754,382,372,705,377,328,172,103,69,878,577,301,87,50,37,55,38,17,531,326,205,195,108,87
3487,C4920,10,208,District-Supaul,Rural,70-79,1639,934,705,400,208,192,329,180,149,47,27,20,454,286,168,32,18,14,29,15,14,189,119,70,159,81,78
3488,C4920,10,208,District-Supaul,Rural,80-89,561,299,262,141,64,77,103,60,43,19,8,11,160,85,75,8,4,4,4,4,0,51,33,18,75,41,34
3489,C4920,10,208,District-Supaul,Rural,90+,203,110,93,37,15,22,43,25,18,7,3,4,49,31,18,5,5,0,0,0,0,31,19,12,31,12,19
3490,C4920,10,208,District-Supaul,Rural,Age Not Stated,79,48,31,12,6,6,23,15,8,3,2,1,5,3,2,1,1,0,1,0,1,32,20,12,2,1,1
3491,C4920,10,208,District-Supaul,Urban,Total,1432,852,580,296,148,148,254,148,106,142,81,61,284,181,103,99,60,39,33,20,13,223,140,83,101,74,27
3492,C4920,10,208,District-Supaul,Urban,0-4,105,55,50,23,10,13,24,12,12,5,3,2,12,7,5,7,5,2,0,0,0,25,12,13,9,6,3
3493,C4920,10,208,District-Supaul,Urban,5-9,150,78,72,41,13,28,24,15,9,18,10,8,18,9,9,15,8,7,3,3,0,17,8,9,14,12,2
3494,C4920,10,208,District-Supaul,Urban,10-19,308,183,125,49,30,19,53,30,23,42,23,19,58,37,21,33,20,13,2,1,1,38,19,19,33,23,10
3495,C4920,10,208,District-Supaul,Urban,20-29,208,130,78,46,28,18,34,20,14,27,15,12,33,21,12,13,8,5,7,6,1,42,28,14,6,4,2
3496,C4920,10,208,District-Supaul,Urban,30-39,158,105,53,27,17,10,32,19,13,22,11,11,24,17,7,9,5,4,5,5,0,28,22,6,11,9,2
3497,C4920,10,208,District-Supaul,Urban,40-49,124,85,39,22,8,14,23,18,5,7,6,1,34,23,11,7,5,2,5,2,3,18,15,3,8,8,0
3498,C4920,10,208,District-Supaul,Urban,50-59,131,76,55,24,12,12,27,13,14,7,4,3,32,22,10,4,4,0,6,2,4,23,13,10,8,6,2
3499,C4920,10,208,District-Supaul,Urban,60-69,135,78,57,36,16,20,18,11,7,9,6,3,33,22,11,7,4,3,4,0,4,23,16,7,5,3,2
3500,C4920,10,208,District-Supaul,Urban,70-79,75,42,33,20,10,10,14,8,6,3,2,1,23,13,10,2,0,2,1,1,0,6,5,1,6,3,3
3501,C4920,10,208,District-Supaul,Urban,80-89,27,16,11,5,3,2,4,1,3,2,1,1,11,9,2,2,1,1,0,0,0,2,1,1,1,0,1
3502,C4920,10,208,District-Supaul,Urban,90+,9,3,6,3,1,2,0,0,0,0,0,0,5,1,4,0,0,0,0,0,0,1,1,0,0,0,0
3503,C4920,10,208,District-Supaul,Urban,Age Not Stated,2,1,1,0,0,0,1,1,0,0,0,0,1,0,1,0,0,0,0,0,0,0,0,0,0,0,0
3504,C4920,10,209,District-Araria,Total,Total,45296,25775,19521,6419,3474,2945,10199,5409,4790,4094,2257,1837,8284,5280,3004,1958,1138,820,756,426,330,10544,6018,4526,3042,1773,1269
3505,C4920,10,209,District-Araria,Total,0-4,3676,1885,1791,600,292,308,986,489,497,94,53,41,483,252,231,129,70,59,28,15,13,1109,576,533,247,138,109
3506,C4920,10,209,District-Araria,Total,5-9,5579,2989,2590,808,406,402,1328,646,682,671,372,299,805,472,333,211,138,73,52,25,27,1278,664,614,426,266,160
3507,C4920,10,209,District-Araria,Total,10-19,10184,5661,4523,1283,682,601,2157,1099,1058,1086,613,473,2024,1238,786,529,281,248,190,101,89,2146,1198,948,769,449,320
3508,C4920,10,209,District-Araria,Total,20-29,6766,3941,2825,714,409,305,1426,754,672,710,375,335,1318,895,423,352,219,133,150,93,57,1671,965,706,425,231,194
3509,C4920,10,209,District-Araria,Total,30-39,5853,3452,2401,730,417,313,1315,725,590,645,363,282,932,643,289,297,177,120,120,72,48,1485,864,621,329,191,138
3510,C4920,10,209,District-Araria,Total,40-49,4450,2699,1751,638,377,261,1024,563,461,384,207,177,748,534,214,174,106,68,90,55,35,1192,737,455,200,120,80
3511,C4920,10,209,District-Araria,Total,50-59,3243,1914,1329,517,265,252,779,464,315,244,135,109,639,422,217,126,77,49,49,25,24,728,420,308,161,106,55
3512,C4920,10,209,District-Araria,Total,60-69,3288,1917,1371,652,350,302,706,405,301,176,95,81,753,478,275,97,48,49,48,24,24,633,397,236,223,120,103
3513,C4920,10,209,District-Araria,Total,70-79,1554,891,663,337,191,146,342,177,165,48,23,25,408,248,160,28,13,15,24,11,13,203,132,71,164,96,68
3514,C4920,10,209,District-Araria,Total,80-89,478,280,198,98,57,41,92,55,37,19,12,7,123,65,58,12,7,5,3,3,0,65,43,22,66,38,28
3515,C4920,10,209,District-Araria,Total,90+,168,106,62,28,18,10,28,21,7,10,6,4,45,27,18,3,2,1,2,2,0,23,15,8,29,15,14
3516,C4920,10,209,District-Araria,Total,Age Not Stated,57,40,17,14,10,4,16,11,5,7,3,4,6,6,0,0,0,0,0,0,0,11,7,4,3,3,0
3517,C4920,10,209,District-Araria,Rural,Total,42022,23920,18102,6152,3324,2828,9607,5102,4505,3855,2120,1735,7845,5008,2837,1829,1059,770,689,383,306,9189,5268,3921,2856,1656,1200
3518,C4920,10,209,District-Araria,Rural,0-4,3511,1810,1701,580,280,300,950,474,476,91,52,39,470,245,225,127,69,58,28,15,13,1029,543,486,236,132,104
3519,C4920,10,209,District-Araria,Rural,5-9,5254,2809,2445,770,388,382,1262,616,646,639,353,286,771,451,320,196,128,68,51,25,26,1167,604,563,398,244,154
3520,C4920,10,209,District-Araria,Rural,10-19,9420,5239,4181,1239,655,584,2038,1043,995,1026,579,447,1935,1183,752,487,257,230,174,90,84,1794,1008,786,727,424,303
3521,C4920,10,209,District-Araria,Rural,20-29,6230,3635,2595,679,390,289,1356,720,636,677,357,320,1251,855,396,326,199,127,135,84,51,1414,816,598,392,214,178
3522,C4920,10,209,District-Araria,Rural,30-39,5390,3195,2195,694,397,297,1228,678,550,602,335,267,866,595,271,278,166,112,106,62,44,1309,784,525,307,178,129
3523,C4920,10,209,District-Araria,Rural,40-49,4056,2463,1593,609,358,251,950,522,428,358,192,166,705,506,199,162,100,62,80,48,32,1000,622,378,192,115,77
3524,C4920,10,209,District-Araria,Rural,50-59,3010,1770,1240,502,258,244,731,434,297,217,122,95,609,400,209,121,75,46,43,21,22,643,367,276,144,93,51
3525,C4920,10,209,District-Araria,Rural,60-69,3038,1760,1278,618,332,286,644,368,276,166,89,77,704,449,255,92,45,47,44,22,22,562,347,215,208,108,100
3526,C4920,10,209,District-Araria,Rural,70-79,1451,837,614,325,185,140,320,165,155,45,22,23,378,234,144,26,12,14,23,11,12,179,116,63,155,92,63
3527,C4920,10,209,District-Araria,Rural,80-89,447,265,182,94,53,41,86,52,34,19,12,7,107,59,48,11,6,5,3,3,0,61,42,19,66,38,28
3528,C4920,10,209,District-Araria,Rural,90+,160,99,61,28,18,10,26,19,7,10,6,4,43,25,18,3,2,1,2,2,0,20,12,8,28,15,13
3529,C4920,10,209,District-Araria,Rural,Age Not Stated,55,38,17,14,10,4,16,11,5,5,1,4,6,6,0,0,0,0,0,0,0,11,7,4,3,3,0
3530,C4920,10,209,District-Araria,Urban,Total,3274,1855,1419,267,150,117,592,307,285,239,137,102,439,272,167,129,79,50,67,43,24,1355,750,605,186,117,69
3531,C4920,10,209,District-Araria,Urban,0-4,165,75,90,20,12,8,36,15,21,3,1,2,13,7,6,2,1,1,0,0,0,80,33,47,11,6,5
3532,C4920,10,209,District-Araria,Urban,5-9,325,180,145,38,18,20,66,30,36,32,19,13,34,21,13,15,10,5,1,0,1,111,60,51,28,22,6
3533,C4920,10,209,District-Araria,Urban,10-19,764,422,342,44,27,17,119,56,63,60,34,26,89,55,34,42,24,18,16,11,5,352,190,162,42,25,17
3534,C4920,10,209,District-Araria,Urban,20-29,536,306,230,35,19,16,70,34,36,33,18,15,67,40,27,26,20,6,15,9,6,257,149,108,33,17,16
3535,C4920,10,209,District-Araria,Urban,30-39,463,257,206,36,20,16,87,47,40,43,28,15,66,48,18,19,11,8,14,10,4,176,80,96,22,13,9
3536,C4920,10,209,District-Araria,Urban,40-49,394,236,158,29,19,10,74,41,33,26,15,11,43,28,15,12,6,6,10,7,3,192,115,77,8,5,3
3537,C4920,10,209,District-Araria,Urban,50-59,233,144,89,15,7,8,48,30,18,27,13,14,30,22,8,5,2,3,6,4,2,85,53,32,17,13,4
3538,C4920,10,209,District-Araria,Urban,60-69,250,157,93,34,18,16,62,37,25,10,6,4,49,29,20,5,3,2,4,2,2,71,50,21,15,12,3
3539,C4920,10,209,District-Araria,Urban,70-79,103,54,49,12,6,6,22,12,10,3,1,2,30,14,16,2,1,1,1,0,1,24,16,8,9,4,5
3540,C4920,10,209,District-Araria,Urban,80-89,31,15,16,4,4,0,6,3,3,0,0,0,16,6,10,1,1,0,0,0,0,4,1,3,0,0,0
3541,C4920,10,209,District-Araria,Urban,90+,8,7,1,0,0,0,2,2,0,0,0,0,2,2,0,0,0,0,0,0,0,3,3,0,1,0,1
3542,C4920,10,209,District-Araria,Urban,Age Not Stated,2,2,0,0,0,0,0,0,0,2,2,0,0,0,0,0,0,0,0,0,0,0,0,0,0,0,0
3543,C4920,10,210,District-Kishanganj,Total,Total,24307,13416,10891,3854,2039,1815,6316,3259,3057,2073,1139,934,3889,2437,1452,1384,741,643,615,355,260,4119,2257,1862,2057,1189,868
3544,C4920,10,210,District-Kishanganj,Total,0-4,1967,998,969,374,186,188,589,280,309,60,32,28,220,127,93,89,41,48,8,3,5,479,243,236,148,86,62
3545,C4920,10,210,District-Kishanganj,Total,5-9,2978,1636,1342,442,241,201,856,452,404,332,180,152,383,227,156,155,83,72,51,29,22,528,267,261,231,157,74
3546,C4920,10,210,District-Kishanganj,Total,10-19,5525,2989,2536,784,379,405,1338,663,675,578,338,240,890,516,374,360,205,155,134,81,53,969,525,444,472,282,190
3547,C4920,10,210,District-Kishanganj,Total,20-29,3331,1883,1448,440,243,197,775,408,367,342,180,162,495,330,165,237,123,114,114,67,47,625,344,281,303,188,115
3548,C4920,10,210,District-Kishanganj,Total,30-39,2802,1598,1204,378,219,159,723,370,353,298,154,144,394,277,117,198,108,90,110,58,52,522,299,223,179,113,66
3549,C4920,10,210,District-Kishanganj,Total,40-49,2556,1485,1071,397,228,169,719,400,319,215,116,99,405,276,129,159,80,79,83,53,30,396,233,163,182,99,83
3550,C4920,10,210,District-Kishanganj,Total,50-59,1839,1062,777,343,184,159,471,264,207,113,66,47,372,251,121,93,52,41,59,34,25,251,145,106,137,66,71
3551,C4920,10,210,District-Kishanganj,Total,60-69,1950,1061,889,388,207,181,502,248,254,89,47,42,426,262,164,71,42,29,45,24,21,239,138,101,190,93,97
3552,C4920,10,210,District-Kishanganj,Total,70-79,927,486,441,223,110,113,226,123,103,31,19,12,213,124,89,16,6,10,8,3,5,78,41,37,132,60,72
3553,C4920,10,210,District-Kishanganj,Total,80-89,280,134,146,61,28,33,79,33,46,8,4,4,65,32,33,4,1,3,1,1,0,19,13,6,43,22,21
3554,C4920,10,210,District-Kishanganj,Total,90+,129,69,60,21,13,8,33,14,19,6,2,4,24,13,11,1,0,1,2,2,0,6,5,1,36,20,16
3555,C4920,10,210,District-Kishanganj,Total,Age Not Stated,23,15,8,3,1,2,5,4,1,1,1,0,2,2,0,1,0,1,0,0,0,7,4,3,4,3,1
3556,C4920,10,210,District-Kishanganj,Rural,Total,21939,12019,9920,3504,1846,1658,5846,3000,2846,1867,1020,847,3428,2138,1290,1250,658,592,527,291,236,3701,2021,1680,1816,1045,771
3557,C4920,10,210,District-Kishanganj,Rural,0-4,1847,931,916,361,183,178,553,254,299,59,31,28,200,114,86,84,38,46,7,3,4,447,228,219,136,80,56
3558,C4920,10,210,District-Kishanganj,Rural,5-9,2769,1523,1246,422,229,193,811,429,382,294,161,133,349,206,143,148,78,70,46,28,18,486,248,238,213,144,69
3559,C4920,10,210,District-Kishanganj,Rural,10-19,5049,2721,2328,734,355,379,1249,625,624,511,298,213,818,472,346,326,188,138,117,67,50,887,477,410,407,239,168
3560,C4920,10,210,District-Kishanganj,Rural,20-29,2984,1671,1313,413,225,188,703,362,341,318,167,151,421,285,136,214,110,104,91,49,42,552,305,247,272,168,104
3561,C4920,10,210,District-Kishanganj,Rural,30-39,2494,1406,1088,349,199,150,669,339,330,269,142,127,332,234,98,169,88,81,97,48,49,451,254,197,158,102,56
3562,C4920,10,210,District-Kishanganj,Rural,40-49,2270,1307,963,355,204,151,672,371,301,187,95,92,334,230,104,143,72,71,69,44,25,351,207,144,159,84,75
3563,C4920,10,210,District-Kishanganj,Rural,50-59,1589,907,682,270,143,127,423,240,183,105,58,47,315,211,104,82,43,39,49,26,23,226,132,94,119,54,65
3564,C4920,10,210,District-Kishanganj,Rural,60-69,1727,925,802,333,176,157,453,217,236,81,43,38,381,235,146,62,34,28,41,21,20,208,118,90,168,81,87
3565,C4920,10,210,District-Kishanganj,Rural,70-79,817,427,390,189,93,96,210,115,95,28,18,10,192,108,84,16,6,10,7,2,5,67,34,33,108,51,57
3566,C4920,10,210,District-Kishanganj,Rural,80-89,256,122,134,57,26,31,68,30,38,8,4,4,62,29,33,4,1,3,1,1,0,15,10,5,41,21,20
3567,C4920,10,210,District-Kishanganj,Rural,90+,118,66,52,19,13,6,30,14,16,6,2,4,22,12,10,1,0,1,2,2,0,5,4,1,33,19,14
3568,C4920,10,210,District-Kishanganj,Rural,Age Not Stated,19,13,6,2,0,2,5,4,1,1,1,0,2,2,0,1,0,1,0,0,0,6,4,2,2,2,0
3569,C4920,10,210,District-Kishanganj,Urban,Total,2368,1397,971,350,193,157,470,259,211,206,119,87,461,299,162,134,83,51,88,64,24,418,236,182,241,144,97
3570,C4920,10,210,District-Kishanganj,Urban,0-4,120,67,53,13,3,10,36,26,10,1,1,0,20,13,7,5,3,2,1,0,1,32,15,17,12,6,6
3571,C4920,10,210,District-Kishanganj,Urban,5-9,209,113,96,20,12,8,45,23,22,38,19,19,34,21,13,7,5,2,5,1,4,42,19,23,18,13,5
3572,C4920,10,210,District-Kishanganj,Urban,10-19,476,268,208,50,24,26,89,38,51,67,40,27,72,44,28,34,17,17,17,14,3,82,48,34,65,43,22
3573,C4920,10,210,District-Kishanganj,Urban,20-29,347,212,135,27,18,9,72,46,26,24,13,11,74,45,29,23,13,10,23,18,5,73,39,34,31,20,11
3574,C4920,10,210,District-Kishanganj,Urban,30-39,308,192,116,29,20,9,54,31,23,29,12,17,62,43,19,29,20,9,13,10,3,71,45,26,21,11,10
3575,C4920,10,210,District-Kishanganj,Urban,40-49,286,178,108,42,24,18,47,29,18,28,21,7,71,46,25,16,8,8,14,9,5,45,26,19,23,15,8
3576,C4920,10,210,District-Kishanganj,Urban,50-59,250,155,95,73,41,32,48,24,24,8,8,0,57,40,17,11,9,2,10,8,2,25,13,12,18,12,6
3577,C4920,10,210,District-Kishanganj,Urban,60-69,223,136,87,55,31,24,49,31,18,8,4,4,45,27,18,9,8,1,4,3,1,31,20,11,22,12,10
3578,C4920,10,210,District-Kishanganj,Urban,70-79,110,59,51,34,17,17,16,8,8,3,1,2,21,16,5,0,0,0,1,1,0,11,7,4,24,9,15
3579,C4920,10,210,District-Kishanganj,Urban,80-89,24,12,12,4,2,2,11,3,8,0,0,0,3,3,0,0,0,0,0,0,0,4,3,1,2,1,1
3580,C4920,10,210,District-Kishanganj,Urban,90+,11,3,8,2,0,2,3,0,3,0,0,0,2,1,1,0,0,0,0,0,0,1,1,0,3,1,2
3581,C4920,10,210,District-Kishanganj,Urban,Age Not Stated,4,2,2,1,1,0,0,0,0,0,0,0,0,0,0,0,0,0,0,0,0,1,0,1,2,1,1
3582,C4920,10,211,District-Purnia,Total,Total,97752,54102,43650,26591,14100,12491,30448,16484,13964,9995,5427,4568,8775,5630,3145,2478,1418,1060,979,578,401,14451,8076,6375,4035,2389,1646
3583,C4920,10,211,District-Purnia,Total,0-4,10098,5204,4894,3173,1576,1597,3444,1762,1682,235,118,117,437,248,189,163,82,81,41,21,20,2234,1175,1059,371,222,149
3584,C4920,10,211,District-Purnia,Total,5-9,12656,6630,6026,3722,1907,1815,4183,2173,2010,1400,723,677,698,408,290,279,151,128,67,38,29,1758,911,847,549,319,230
3585,C4920,10,211,District-Purnia,Total,10-19,20884,11433,9451,5588,2957,2631,6335,3375,2960,2256,1206,1050,2036,1237,799,595,349,246,214,130,84,2874,1595,1279,986,584,402
3586,C4920,10,211,District-Purnia,Total,20-29,14074,7653,6421,3534,1843,1691,4289,2257,2032,1754,951,803,1315,827,488,415,224,191,171,96,75,2023,1107,916,573,348,225
3587,C4920,10,211,District-Purnia,Total,30-39,12641,7248,5393,3242,1744,1498,3998,2238,1760,1596,908,688,956,675,281,402,233,169,183,117,66,1800,1044,756,464,289,175
3588,C4920,10,211,District-Purnia,Total,40-49,9627,5751,3876,2554,1427,1127,2989,1755,1234,1110,633,477,885,659,226,265,164,101,124,83,41,1375,828,547,325,202,123
3589,C4920,10,211,District-Purnia,Total,50-59,6523,3778,2745,1729,955,774,1992,1129,863,690,367,323,739,504,235,165,104,61,79,42,37,907,543,364,222,134,88
3590,C4920,10,211,District-Purnia,Total,60-69,6005,3380,2625,1660,908,752,1687,928,759,519,274,245,937,589,348,101,55,46,48,25,23,796,463,333,257,138,119
3591,C4920,10,211,District-Purnia,Total,70-79,2540,1528,1012,689,387,302,641,393,248,186,116,70,527,333,194,50,32,18,24,11,13,263,172,91,160,84,76
3592,C4920,10,211,District-Purnia,Total,80-89,714,417,297,209,115,94,184,116,68,46,27,19,135,77,58,9,5,4,10,5,5,64,40,24,57,32,25
3593,C4920,10,211,District-Purnia,Total,90+,290,150,140,87,55,32,78,34,44,27,15,12,39,20,19,4,1,3,3,2,1,39,14,25,13,9,4
3594,C4920,10,211,District-Purnia,Total,Age Not Stated,1700,930,770,404,226,178,628,324,304,176,89,87,71,53,18,30,18,12,15,8,7,318,184,134,58,28,30
3595,C4920,10,211,District-Purnia,Rural,Total,86782,47988,38794,23661,12550,11111,26851,14547,12304,8896,4823,4073,7792,4975,2817,2206,1262,944,828,482,346,12935,7204,5731,3613,2145,1468
3596,C4920,10,211,District-Purnia,Rural,0-4,9169,4728,4441,2892,1437,1455,3103,1579,1524,212,110,102,410,231,179,148,72,76,40,21,19,2023,1071,952,341,207,134
3597,C4920,10,211,District-Purnia,Rural,5-9,11566,6069,5497,3411,1749,1662,3787,1975,1812,1298,672,626,635,369,266,255,140,115,61,35,26,1621,843,778,498,286,212
3598,C4920,10,211,District-Purnia,Rural,10-19,18572,10176,8396,4949,2630,2319,5605,2994,2611,2022,1077,945,1833,1107,726,526,318,208,185,112,73,2567,1413,1154,885,525,360
3599,C4920,10,211,District-Purnia,Rural,20-29,12281,6664,5617,3102,1608,1494,3729,1966,1763,1543,836,707,1130,712,418,369,192,177,136,79,57,1775,969,806,497,302,195
3600,C4920,10,211,District-Purnia,Rural,30-39,11145,6427,4718,2866,1560,1306,3475,1956,1519,1426,813,613,837,592,245,356,208,148,146,89,57,1627,949,678,412,260,152
3601,C4920,10,211,District-Purnia,Rural,40-49,8339,4958,3381,2218,1237,981,2592,1516,1076,962,545,417,759,564,195,225,136,89,103,68,35,1189,711,478,291,181,110
3602,C4920,10,211,District-Purnia,Rural,50-59,5725,3311,2414,1506,826,680,1719,984,735,611,329,282,642,432,210,154,96,58,69,34,35,820,487,333,204,123,81
3603,C4920,10,211,District-Purnia,Rural,60-69,5360,2992,2368,1506,827,679,1503,816,687,447,231,216,844,525,319,86,46,40,42,21,21,712,408,304,220,118,102
3604,C4920,10,211,District-Purnia,Rural,70-79,2270,1362,908,616,342,274,555,340,215,157,96,61,486,308,178,45,31,14,23,10,13,241,156,85,147,79,68
3605,C4920,10,211,District-Purnia,Rural,80-89,638,375,263,180,99,81,169,107,62,43,26,17,120,72,48,8,4,4,9,5,4,57,33,24,52,29,23
3606,C4920,10,211,District-Purnia,Rural,90+,257,142,115,81,51,30,65,33,32,25,14,11,37,20,17,4,1,3,1,1,0,32,13,19,12,9,3
3607,C4920,10,211,District-Purnia,Rural,Age Not Stated,1460,784,676,334,184,150,549,281,268,150,74,76,59,43,16,30,18,12,13,7,6,271,151,120,54,26,28
3608,C4920,10,211,District-Purnia,Urban,Total,10970,6114,4856,2930,1550,1380,3597,1937,1660,1099,604,495,983,655,328,272,156,116,151,96,55,1516,872,644,422,244,178
3609,C4920,10,211,District-Purnia,Urban,0-4,929,476,453,281,139,142,341,183,158,23,8,15,27,17,10,15,10,5,1,0,1,211,104,107,30,15,15
3610,C4920,10,211,District-Purnia,Urban,5-9,1090,561,529,311,158,153,396,198,198,102,51,51,63,39,24,24,11,13,6,3,3,137,68,69,51,33,18
3611,C4920,10,211,District-Purnia,Urban,10-19,2312,1257,1055,639,327,312,730,381,349,234,129,105,203,130,73,69,31,38,29,18,11,307,182,125,101,59,42
3612,C4920,10,211,District-Purnia,Urban,20-29,1793,989,804,432,235,197,560,291,269,211,115,96,185,115,70,46,32,14,35,17,18,248,138,110,76,46,30
3613,C4920,10,211,District-Purnia,Urban,30-39,1496,821,675,376,184,192,523,282,241,170,95,75,119,83,36,46,25,21,37,28,9,173,95,78,52,29,23
3614,C4920,10,211,District-Purnia,Urban,40-49,1288,793,495,336,190,146,397,239,158,148,88,60,126,95,31,40,28,12,21,15,6,186,117,69,34,21,13
3615,C4920,10,211,District-Purnia,Urban,50-59,798,467,331,223,129,94,273,145,128,79,38,41,97,72,25,11,8,3,10,8,2,87,56,31,18,11,7
3616,C4920,10,211,District-Purnia,Urban,60-69,645,388,257,154,81,73,184,112,72,72,43,29,93,64,29,15,9,6,6,4,2,84,55,29,37,20,17
3617,C4920,10,211,District-Purnia,Urban,70-79,270,166,104,73,45,28,86,53,33,29,20,9,41,25,16,5,1,4,1,1,0,22,16,6,13,5,8
3618,C4920,10,211,District-Purnia,Urban,80-89,76,42,34,29,16,13,15,9,6,3,1,2,15,5,10,1,1,0,1,0,1,7,7,0,5,3,2
3619,C4920,10,211,District-Purnia,Urban,90+,33,8,25,6,4,2,13,1,12,2,1,1,2,0,2,0,0,0,2,1,1,7,1,6,1,0,1
3620,C4920,10,211,District-Purnia,Urban,Age Not Stated,240,146,94,70,42,28,79,43,36,26,15,11,12,10,2,0,0,0,2,1,1,47,33,14,4,2,2
3621,C4920,10,212,District-Katihar,Total,Total,46323,26564,19759,6878,3782,3096,9145,4796,4349,4744,2653,2091,8901,5813,3088,2359,1373,986,1016,595,421,9281,5240,4041,3999,2312,1687
3622,C4920,10,212,District-Katihar,Total,0-4,3238,1671,1567,426,217,209,817,381,436,117,63,54,406,240,166,103,53,50,20,10,10,1097,561,536,252,146,106
3623,C4920,10,212,District-Katihar,Total,5-9,4986,2681,2305,563,290,273,1066,531,535,738,433,305,687,407,280,252,137,115,67,41,26,1102,554,548,511,288,223
3624,C4920,10,212,District-Katihar,Total,10-19,9893,5614,4279,1146,663,483,1798,912,886,1231,682,549,2023,1248,775,606,339,267,214,124,90,1951,1080,871,924,566,358
3625,C4920,10,212,District-Katihar,Total,20-29,6595,3935,2660,686,392,294,1230,666,564,815,438,377,1295,896,399,426,257,169,204,128,76,1357,809,548,582,349,233
3626,C4920,10,212,District-Katihar,Total,30-39,5872,3467,2405,735,421,314,1181,654,527,710,389,321,1039,720,319,402,236,166,164,96,68,1211,706,505,430,245,185
3627,C4920,10,212,District-Katihar,Total,40-49,4979,3000,1979,837,479,358,1012,557,455,499,303,196,904,633,271,277,176,101,153,85,68,986,588,398,311,179,132
3628,C4920,10,212,District-Katihar,Total,50-59,3953,2359,1594,849,467,382,733,397,336,299,169,130,853,602,251,159,102,57,95,54,41,703,421,282,262,147,115
3629,C4920,10,212,District-Katihar,Total,60-69,3997,2289,1708,932,475,457,749,399,350,224,121,103,1009,657,352,91,52,39,70,40,30,569,341,228,353,204,149
3630,C4920,10,212,District-Katihar,Total,70-79,1882,1049,833,491,265,226,376,200,176,67,31,36,455,284,171,30,16,14,18,10,8,207,121,86,238,122,116
3631,C4920,10,212,District-Katihar,Total,80-89,658,351,307,154,76,78,135,76,59,28,15,13,175,94,81,6,3,3,9,6,3,65,39,26,86,42,44
3632,C4920,10,212,District-Katihar,Total,90+,226,126,100,56,34,22,40,22,18,6,5,1,50,27,23,4,2,2,2,1,1,22,14,8,46,21,25
3633,C4920,10,212,District-Katihar,Total,Age Not Stated,44,22,22,3,3,0,8,1,7,10,4,6,5,5,0,3,0,3,0,0,0,11,6,5,4,3,1
3634,C4920,10,212,District-Katihar,Rural,Total,42028,24013,18015,6245,3409,2836,8272,4317,3955,4363,2450,1913,8099,5277,2822,2106,1211,895,891,518,373,8505,4778,3727,3547,2053,1494
3635,C4920,10,212,District-Katihar,Rural,0-4,3013,1552,1461,385,195,190,763,356,407,109,58,51,374,218,156,96,50,46,18,9,9,1033,531,502,235,135,100
3636,C4920,10,212,District-Katihar,Rural,5-9,4642,2486,2156,517,265,252,997,489,508,706,412,294,635,376,259,228,122,106,60,37,23,1031,521,510,468,264,204
3637,C4920,10,212,District-Katihar,Rural,10-19,9111,5175,3936,1051,603,448,1635,836,799,1140,631,509,1884,1163,721,551,307,244,192,109,83,1819,1005,814,839,521,318
3638,C4920,10,212,District-Katihar,Rural,20-29,5877,3515,2362,600,348,252,1090,595,495,733,403,330,1160,798,362,371,223,148,179,109,70,1240,739,501,504,300,204
3639,C4920,10,212,District-Katihar,Rural,30-39,5240,3082,2158,645,373,272,1060,577,483,645,351,294,929,649,280,358,205,153,143,82,61,1090,624,466,370,221,149
3640,C4920,10,212,District-Katihar,Rural,40-49,4469,2683,1786,761,429,332,919,502,417,465,289,176,807,565,242,242,150,92,129,75,54,877,522,355,269,151,118
3641,C4920,10,212,District-Katihar,Rural,50-59,3516,2088,1428,765,411,354,634,339,295,267,153,114,771,551,220,144,91,53,80,46,34,625,373,252,230,124,106
3642,C4920,10,212,District-Katihar,Rural,60-69,3621,2048,1573,857,433,424,675,357,318,197,104,93,918,593,325,82,44,38,64,37,27,510,297,213,318,183,135
3643,C4920,10,212,District-Katihar,Rural,70-79,1704,934,770,465,246,219,336,176,160,61,28,33,409,250,159,25,14,11,17,9,8,189,111,78,202,100,102
3644,C4920,10,212,District-Katihar,Rural,80-89,594,314,280,144,70,74,117,68,49,25,13,12,161,84,77,5,3,2,7,4,3,61,36,25,74,36,38
3645,C4920,10,212,District-Katihar,Rural,90+,202,116,86,52,33,19,38,21,17,5,4,1,46,25,21,4,2,2,2,1,1,19,13,6,36,17,19
3646,C4920,10,212,District-Katihar,Rural,Age Not Stated,39,20,19,3,3,0,8,1,7,10,4,6,5,5,0,0,0,0,0,0,0,11,6,5,2,1,1
3647,C4920,10,212,District-Katihar,Urban,Total,4295,2551,1744,633,373,260,873,479,394,381,203,178,802,536,266,253,162,91,125,77,48,776,462,314,452,259,193
3648,C4920,10,212,District-Katihar,Urban,0-4,225,119,106,41,22,19,54,25,29,8,5,3,32,22,10,7,3,4,2,1,1,64,30,34,17,11,6
3649,C4920,10,212,District-Katihar,Urban,5-9,344,195,149,46,25,21,69,42,27,32,21,11,52,31,21,24,15,9,7,4,3,71,33,38,43,24,19
3650,C4920,10,212,District-Katihar,Urban,10-19,782,439,343,95,60,35,163,76,87,91,51,40,139,85,54,55,32,23,22,15,7,132,75,57,85,45,40
3651,C4920,10,212,District-Katihar,Urban,20-29,718,420,298,86,44,42,140,71,69,82,35,47,135,98,37,55,34,21,25,19,6,117,70,47,78,49,29
3652,C4920,10,212,District-Katihar,Urban,30-39,632,385,247,90,48,42,121,77,44,65,38,27,110,71,39,44,31,13,21,14,7,121,82,39,60,24,36
3653,C4920,10,212,District-Katihar,Urban,40-49,510,317,193,76,50,26,93,55,38,34,14,20,97,68,29,35,26,9,24,10,14,109,66,43,42,28,14
3654,C4920,10,212,District-Katihar,Urban,50-59,437,271,166,84,56,28,99,58,41,32,16,16,82,51,31,15,11,4,15,8,7,78,48,30,32,23,9
3655,C4920,10,212,District-Katihar,Urban,60-69,376,241,135,75,42,33,74,42,32,27,17,10,91,64,27,9,8,1,6,3,3,59,44,15,35,21,14
3656,C4920,10,212,District-Katihar,Urban,70-79,178,115,63,26,19,7,40,24,16,6,3,3,46,34,12,5,2,3,1,1,0,18,10,8,36,22,14
3657,C4920,10,212,District-Katihar,Urban,80-89,64,37,27,10,6,4,18,8,10,3,2,1,14,10,4,1,0,1,2,2,0,4,3,1,12,6,6
3658,C4920,10,212,District-Katihar,Urban,90+,24,10,14,4,1,3,2,1,1,1,1,0,4,2,2,0,0,0,0,0,0,3,1,2,10,4,6
3659,C4920,10,212,District-Katihar,Urban,Age Not Stated,5,2,3,0,0,0,0,0,0,0,0,0,0,0,0,3,0,3,0,0,0,0,0,0,2,2,0
3660,C4920,10,213,District-Madhepura,Total,Total,31872,18533,13339,4933,2700,2233,7145,3806,3339,2661,1565,1096,6232,4055,2177,982,642,340,457,298,159,7761,4428,3333,1701,1039,662
3661,C4920,10,213,District-Madhepura,Total,0-4,2475,1325,1150,357,181,176,666,351,315,60,30,30,307,171,136,50,28,22,11,4,7,914,491,423,110,69,41
3662,C4920,10,213,District-Madhepura,Total,5-9,3619,1890,1729,489,245,244,928,466,462,426,224,202,517,297,220,96,57,39,34,16,18,933,465,468,196,120,76
3663,C4920,10,213,District-Madhepura,Total,10-19,6325,3779,2546,807,457,350,1336,730,606,667,427,240,1341,847,494,257,169,88,99,64,35,1429,824,605,389,261,128
3664,C4920,10,213,District-Madhepura,Total,20-29,4447,2568,1879,561,303,258,965,478,487,445,268,177,843,573,270,189,135,54,87,55,32,1161,635,526,196,121,75
3665,C4920,10,213,District-Madhepura,Total,30-39,4160,2536,1624,608,358,250,910,504,406,371,205,166,756,515,241,138,98,40,78,57,21,1136,697,439,163,102,61
3666,C4920,10,213,District-Madhepura,Total,40-49,3478,2162,1316,546,320,226,726,409,317,276,159,117,725,507,218,119,71,48,58,40,18,886,569,317,142,87,55
3667,C4920,10,213,District-Madhepura,Total,50-59,2688,1624,1064,488,274,214,605,329,276,192,116,76,596,421,175,61,42,19,47,34,13,557,325,232,142,83,59
3668,C4920,10,213,District-Madhepura,Total,60-69,2748,1577,1171,602,317,285,605,319,286,153,91,62,701,447,254,52,28,24,25,18,7,448,259,189,162,98,64
3669,C4920,10,213,District-Madhepura,Total,70-79,1257,748,509,316,181,135,255,144,111,43,31,12,303,205,98,9,7,2,15,8,7,183,101,82,133,71,62
3670,C4920,10,213,District-Madhepura,Total,80-89,389,180,209,95,37,58,94,49,45,9,4,5,96,45,51,7,4,3,1,1,0,39,22,17,48,18,30
3671,C4920,10,213,District-Madhepura,Total,90+,158,76,82,34,15,19,36,18,18,8,6,2,40,23,17,2,1,1,2,1,1,19,5,14,17,7,10
3672,C4920,10,213,District-Madhepura,Total,Age Not Stated,128,68,60,30,12,18,19,9,10,11,4,7,7,4,3,2,2,0,0,0,0,56,35,21,3,2,1
3673,C4920,10,213,District-Madhepura,Rural,Total,30703,17805,12898,4824,2641,2183,6955,3700,3255,2487,1454,1033,6001,3894,2107,941,610,331,443,289,154,7426,4227,3199,1626,990,636
3674,C4920,10,213,District-Madhepura,Rural,0-4,2384,1274,1110,348,176,172,652,343,309,53,27,26,296,164,132,49,27,22,11,4,7,871,468,403,104,65,39
3675,C4920,10,213,District-Madhepura,Rural,5-9,3515,1833,1682,477,239,238,914,462,452,402,211,191,501,287,214,93,54,39,33,16,17,910,452,458,185,112,73
3676,C4920,10,213,District-Madhepura,Rural,10-19,6093,3633,2460,786,445,341,1303,712,591,631,403,228,1289,810,479,248,162,86,98,63,35,1363,782,581,375,256,119
3677,C4920,10,213,District-Madhepura,Rural,20-29,4270,2469,1801,547,294,253,941,468,473,411,247,164,815,554,261,181,130,51,84,52,32,1110,613,497,181,111,70
3678,C4920,10,213,District-Madhepura,Rural,30-39,3975,2415,1560,593,351,242,869,479,390,344,188,156,729,499,230,127,89,38,76,56,20,1081,655,426,156,98,58
3679,C4920,10,213,District-Madhepura,Rural,40-49,3336,2072,1264,530,313,217,705,399,306,253,141,112,691,479,212,115,68,47,56,39,17,850,550,300,136,83,53
3680,C4920,10,213,District-Madhepura,Rural,50-59,2571,1538,1033,477,266,211,582,310,272,183,112,71,568,397,171,56,38,18,45,33,12,526,307,219,134,75,59
3681,C4920,10,213,District-Madhepura,Rural,60-69,2667,1520,1147,594,313,281,590,311,279,141,82,59,681,432,249,52,28,24,23,16,7,429,244,185,157,94,63
3682,C4920,10,213,District-Madhepura,Rural,70-79,1234,733,501,315,181,134,252,141,111,43,31,12,294,201,93,9,7,2,15,8,7,175,95,80,131,69,62
3683,C4920,10,213,District-Madhepura,Rural,80-89,380,175,205,93,36,57,93,48,45,8,3,5,94,44,50,7,4,3,1,1,0,37,21,16,47,18,29
3684,C4920,10,213,District-Madhepura,Rural,90+,152,76,76,34,15,19,36,18,18,8,6,2,36,23,13,2,1,1,1,1,0,18,5,13,17,7,10
3685,C4920,10,213,District-Madhepura,Rural,Age Not Stated,126,67,59,30,12,18,18,9,9,10,3,7,7,4,3,2,2,0,0,0,0,56,35,21,3,2,1
3686,C4920,10,213,District-Madhepura,Urban,Total,1169,728,441,109,59,50,190,106,84,174,111,63,231,161,70,41,32,9,14,9,5,335,201,134,75,49,26
3687,C4920,10,213,District-Madhepura,Urban,0-4,91,51,40,9,5,4,14,8,6,7,3,4,11,7,4,1,1,0,0,0,0,43,23,20,6,4,2
3688,C4920,10,213,District-Madhepura,Urban,5-9,104,57,47,12,6,6,14,4,10,24,13,11,16,10,6,3,3,0,1,0,1,23,13,10,11,8,3
3689,C4920,10,213,District-Madhepura,Urban,10-19,232,146,86,21,12,9,33,18,15,36,24,12,52,37,15,9,7,2,1,1,0,66,42,24,14,5,9
3690,C4920,10,213,District-Madhepura,Urban,20-29,177,99,78,14,9,5,24,10,14,34,21,13,28,19,9,8,5,3,3,3,0,51,22,29,15,10,5
3691,C4920,10,213,District-Madhepura,Urban,30-39,185,121,64,15,7,8,41,25,16,27,17,10,27,16,11,11,9,2,2,1,1,55,42,13,7,4,3
3692,C4920,10,213,District-Madhepura,Urban,40-49,142,90,52,16,7,9,21,10,11,23,18,5,34,28,6,4,3,1,2,1,1,36,19,17,6,4,2
3693,C4920,10,213,District-Madhepura,Urban,50-59,117,86,31,11,8,3,23,19,4,9,4,5,28,24,4,5,4,1,2,1,1,31,18,13,8,8,0
3694,C4920,10,213,District-Madhepura,Urban,60-69,81,57,24,8,4,4,15,8,7,12,9,3,20,15,5,0,0,0,2,2,0,19,15,4,5,4,1
3695,C4920,10,213,District-Madhepura,Urban,70-79,23,15,8,1,0,1,3,3,0,0,0,0,9,4,5,0,0,0,0,0,0,8,6,2,2,2,0
3696,C4920,10,213,District-Madhepura,Urban,80-89,9,5,4,2,1,1,1,1,0,1,1,0,2,1,1,0,0,0,0,0,0,2,1,1,1,0,1
3697,C4920,10,213,District-Madhepura,Urban,90+,6,0,6,0,0,0,0,0,0,0,0,0,4,0,4,0,0,0,1,0,1,1,0,1,0,0,0
3698,C4920,10,213,District-Madhepura,Urban,Age Not Stated,2,1,1,0,0,0,1,0,1,1,1,0,0,0,0,0,0,0,0,0,0,0,0,0,0,0,0
3699,C4920,10,214,District-Saharsa,Total,Total,26871,15800,11071,6042,3274,2768,5791,3171,2620,2080,1211,869,5278,3507,1771,1023,644,379,421,284,137,4659,2758,1901,1577,951,626
3700,C4920,10,214,District-Saharsa,Total,0-4,2026,1120,906,572,315,257,498,272,226,43,20,23,223,128,95,51,25,26,15,7,8,542,297,245,82,56,26
3701,C4920,10,214,District-Saharsa,Total,5-9,2918,1607,1311,649,343,306,661,330,331,321,184,137,413,236,177,127,76,51,23,12,11,542,297,245,182,129,53
3702,C4920,10,214,District-Saharsa,Total,10-19,5267,3147,2120,1084,611,473,1053,589,464,514,295,219,1104,721,383,247,161,86,86,61,25,831,486,345,348,223,125
3703,C4920,10,214,District-Saharsa,Total,20-29,3827,2265,1562,700,386,314,834,436,398,401,232,169,721,488,233,190,119,71,74,49,25,723,432,291,184,123,61
3704,C4920,10,214,District-Saharsa,Total,30-39,3440,2148,1292,723,404,319,766,443,323,281,170,111,630,447,183,161,105,56,79,55,24,648,426,222,152,98,54
3705,C4920,10,214,District-Saharsa,Total,40-49,2768,1769,999,575,344,231,594,352,242,220,133,87,581,435,146,119,81,38,70,52,18,491,304,187,118,68,50
3706,C4920,10,214,District-Saharsa,Total,50-59,2145,1278,867,540,279,261,437,233,204,130,76,54,493,362,131,65,43,22,40,31,9,356,205,151,84,49,35
3707,C4920,10,214,District-Saharsa,Total,60-69,2464,1385,1079,686,336,350,495,261,234,116,67,49,587,397,190,40,24,16,27,12,15,329,200,129,184,88,96
3708,C4920,10,214,District-Saharsa,Total,70-79,1347,744,603,349,172,177,310,180,130,34,24,10,347,204,143,14,7,7,5,3,2,128,74,54,160,80,80
3709,C4920,10,214,District-Saharsa,Total,80-89,494,244,250,118,56,62,100,52,48,12,6,6,143,69,74,5,2,3,1,1,0,53,28,25,62,30,32
3710,C4920,10,214,District-Saharsa,Total,90+,144,76,68,40,25,15,33,18,15,6,2,4,32,18,14,4,1,3,1,1,0,8,5,3,20,6,14
3711,C4920,10,214,District-Saharsa,Total,Age Not Stated,31,17,14,6,3,3,10,5,5,2,2,0,4,2,2,0,0,0,0,0,0,8,4,4,1,1,0
3712,C4920,10,214,District-Saharsa,Rural,Total,23108,13659,9449,5115,2751,2364,4553,2517,2036,1791,1051,740,4794,3179,1615,878,548,330,370,251,119,4198,2513,1685,1409,849,560
3713,C4920,10,214,District-Saharsa,Rural,0-4,1712,948,764,467,255,212,404,222,182,39,18,21,200,117,83,49,23,26,14,7,7,475,264,211,64,42,22
3714,C4920,10,214,District-Saharsa,Rural,5-9,2538,1406,1132,549,288,261,549,275,274,277,164,113,373,211,162,113,67,46,22,12,10,488,271,217,167,118,49
3715,C4920,10,214,District-Saharsa,Rural,10-19,4489,2716,1773,901,505,396,803,464,339,452,264,188,999,653,346,208,137,71,76,55,21,749,443,306,301,195,106
3716,C4920,10,214,District-Saharsa,Rural,20-29,3178,1928,1250,574,324,250,597,322,275,332,194,138,647,440,207,161,98,63,67,45,22,639,394,245,161,111,50
3717,C4920,10,214,District-Saharsa,Rural,30-39,2917,1837,1080,596,334,262,593,349,244,243,147,96,563,397,166,135,89,46,66,46,20,590,388,202,131,87,44
3718,C4920,10,214,District-Saharsa,Rural,40-49,2367,1514,853,480,284,196,455,276,179,189,116,73,519,384,135,102,69,33,59,42,17,457,283,174,106,60,46
3719,C4920,10,214,District-Saharsa,Rural,50-59,1836,1088,748,462,231,231,339,177,162,107,60,47,450,329,121,53,35,18,36,28,8,310,182,128,79,46,33
3720,C4920,10,214,District-Saharsa,Rural,60-69,2222,1234,988,614,297,317,419,211,208,103,58,45,550,370,180,36,21,15,23,11,12,305,185,120,172,81,91
3721,C4920,10,214,District-Saharsa,Rural,70-79,1231,679,552,318,152,166,273,160,113,30,21,9,325,194,131,13,6,7,5,3,2,121,71,50,146,72,74
3722,C4920,10,214,District-Saharsa,Rural,80-89,458,221,237,113,55,58,84,40,44,11,5,6,136,65,71,4,2,2,1,1,0,48,23,25,61,30,31
3723,C4920,10,214,District-Saharsa,Rural,90+,134,72,62,35,23,12,30,17,13,6,2,4,30,17,13,4,1,3,1,1,0,8,5,3,20,6,14
3724,C4920,10,214,District-Saharsa,Rural,Age Not Stated,26,16,10,6,3,3,7,4,3,2,2,0,2,2,0,0,0,0,0,0,0,8,4,4,1,1,0
3725,C4920,10,214,District-Saharsa,Urban,Total,3763,2141,1622,927,523,404,1238,654,584,289,160,129,484,328,156,145,96,49,51,33,18,461,245,216,168,102,66
3726,C4920,10,214,District-Saharsa,Urban,0-4,314,172,142,105,60,45,94,50,44,4,2,2,23,11,12,2,2,0,1,0,1,67,33,34,18,14,4
3727,C4920,10,214,District-Saharsa,Urban,5-9,380,201,179,100,55,45,112,55,57,44,20,24,40,25,15,14,9,5,1,0,1,54,26,28,15,11,4
3728,C4920,10,214,District-Saharsa,Urban,10-19,778,431,347,183,106,77,250,125,125,62,31,31,105,68,37,39,24,15,10,6,4,82,43,39,47,28,19
3729,C4920,10,214,District-Saharsa,Urban,20-29,649,337,312,126,62,64,237,114,123,69,38,31,74,48,26,29,21,8,7,4,3,84,38,46,23,12,11
3730,C4920,10,214,District-Saharsa,Urban,30-39,523,311,212,127,70,57,173,94,79,38,23,15,67,50,17,26,16,10,13,9,4,58,38,20,21,11,10
3731,C4920,10,214,District-Saharsa,Urban,40-49,401,255,146,95,60,35,139,76,63,31,17,14,62,51,11,17,12,5,11,10,1,34,21,13,12,8,4
3732,C4920,10,214,District-Saharsa,Urban,50-59,309,190,119,78,48,30,98,56,42,23,16,7,43,33,10,12,8,4,4,3,1,46,23,23,5,3,2
3733,C4920,10,214,District-Saharsa,Urban,60-69,242,151,91,72,39,33,76,50,26,13,9,4,37,27,10,4,3,1,4,1,3,24,15,9,12,7,5
3734,C4920,10,214,District-Saharsa,Urban,70-79,116,65,51,31,20,11,37,20,17,4,3,1,22,10,12,1,1,0,0,0,0,7,3,4,14,8,6
3735,C4920,10,214,District-Saharsa,Urban,80-89,36,23,13,5,1,4,16,12,4,1,1,0,7,4,3,1,0,1,0,0,0,5,5,0,1,0,1
3736,C4920,10,214,District-Saharsa,Urban,90+,10,4,6,5,2,3,3,1,2,0,0,0,2,1,1,0,0,0,0,0,0,0,0,0,0,0,0
3737,C4920,10,214,District-Saharsa,Urban,Age Not Stated,5,1,4,0,0,0,3,1,2,0,0,0,2,0,2,0,0,0,0,0,0,0,0,0,0,0,0
3738,C4920,10,215,District-Darbhanga,Total,Total,70465,41372,29093,12279,6668,5611,15461,8332,7129,5541,3154,2387,13856,9314,4542,2687,1747,940,1451,1040,411,15389,8753,6636,3801,2364,1437
3739,C4920,10,215,District-Darbhanga,Total,0-4,5109,2757,2352,947,495,452,1368,720,648,134,76,58,624,344,280,106,63,43,26,18,8,1702,919,783,202,122,80
3740,C4920,10,215,District-Darbhanga,Total,5-9,7098,3872,3226,1207,623,584,1738,933,805,805,461,344,957,541,416,222,136,86,78,48,30,1679,893,786,412,237,175
3741,C4920,10,215,District-Darbhanga,Total,10-19,14526,8535,5991,2158,1230,928,3213,1764,1449,1461,835,626,2981,1904,1077,630,390,240,240,162,78,2985,1705,1280,858,545,313
3742,C4920,10,215,District-Darbhanga,Total,20-29,10046,6197,3849,1450,831,619,2066,1110,956,944,562,382,2051,1452,599,523,355,168,274,216,58,2216,1308,908,522,363,159
3743,C4920,10,215,District-Darbhanga,Total,30-39,8953,5413,3540,1430,812,618,1957,1048,909,816,460,356,1550,1097,453,455,321,134,269,195,74,2081,1208,873,395,272,123
3744,C4920,10,215,District-Darbhanga,Total,40-49,7385,4616,2769,1192,717,475,1638,920,718,527,300,227,1443,1079,364,327,235,92,243,183,60,1690,962,728,325,220,105
3745,C4920,10,215,District-Darbhanga,Total,50-59,5830,3470,2360,1125,605,520,1229,669,560,366,189,177,1338,945,393,182,111,71,125,84,41,1199,705,494,266,162,104
3746,C4920,10,215,District-Darbhanga,Total,60-69,6761,3949,2812,1543,766,777,1358,704,654,329,179,150,1732,1232,500,143,84,59,143,100,43,1169,677,492,344,207,137
3747,C4920,10,215,District-Darbhanga,Total,70-79,3252,1792,1460,853,419,434,600,311,289,105,61,44,831,523,308,71,38,33,41,27,14,444,248,196,307,165,142
3748,C4920,10,215,District-Darbhanga,Total,80-89,1033,519,514,283,123,160,204,100,104,31,22,9,265,153,112,19,8,11,7,4,3,101,55,46,123,54,69
3749,C4920,10,215,District-Darbhanga,Total,90+,283,132,151,66,32,34,47,22,25,5,3,2,70,36,34,5,3,2,2,1,1,42,19,23,46,16,30
3750,C4920,10,215,District-Darbhanga,Total,Age Not Stated,189,120,69,25,15,10,43,31,12,18,6,12,14,8,6,4,3,1,3,2,1,81,54,27,1,1,0
3751,C4920,10,215,District-Darbhanga,Rural,Total,64474,37908,26566,11536,6264,5272,14188,7779,6409,5119,2909,2210,12514,8417,4097,2403,1561,842,1239,879,360,14049,7967,6082,3426,2132,1294
3752,C4920,10,215,District-Darbhanga,Rural,0-4,4758,2569,2189,907,476,431,1278,685,593,126,69,57,571,313,258,93,55,38,23,16,7,1580,849,731,180,106,74
3753,C4920,10,215,District-Darbhanga,Rural,5-9,6574,3592,2982,1149,592,557,1582,862,720,758,438,320,878,497,381,200,119,81,69,42,27,1574,829,745,364,213,151
3754,C4920,10,215,District-Darbhanga,Rural,10-19,13285,7856,5429,2037,1165,872,2949,1650,1299,1334,757,577,2684,1735,949,562,350,212,205,138,67,2748,1565,1183,766,496,270
3755,C4920,10,215,District-Darbhanga,Rural,20-29,9043,5590,3453,1349,776,573,1876,1027,849,868,518,350,1801,1274,527,468,319,149,231,180,51,1982,1172,810,468,324,144
3756,C4920,10,215,District-Darbhanga,Rural,30-39,8149,4939,3210,1340,756,584,1804,996,808,749,423,326,1376,972,404,407,289,118,232,167,65,1884,1090,794,357,246,111
3757,C4920,10,215,District-Darbhanga,Rural,40-49,6695,4206,2489,1107,666,441,1483,850,633,489,279,210,1309,980,329,285,205,80,205,153,52,1525,878,647,292,195,97
3758,C4920,10,215,District-Darbhanga,Rural,50-59,5264,3122,2142,1046,565,481,1115,607,508,335,170,165,1201,849,352,161,98,63,105,71,34,1058,617,441,243,145,98
3759,C4920,10,215,District-Darbhanga,Rural,60-69,6300,3660,2640,1444,709,735,1275,664,611,314,173,141,1602,1134,468,134,77,57,126,85,41,1084,626,458,321,192,129
3760,C4920,10,215,District-Darbhanga,Rural,70-79,3014,1656,1358,801,393,408,556,292,264,96,54,42,767,484,283,67,35,32,32,21,11,412,228,184,283,149,134
3761,C4920,10,215,District-Darbhanga,Rural,80-89,957,486,471,271,121,150,187,96,91,28,19,9,246,139,107,17,8,9,6,3,3,94,51,43,108,49,59
3762,C4920,10,215,District-Darbhanga,Rural,90+,263,124,139,61,31,30,42,21,21,5,3,2,67,33,34,5,3,2,2,1,1,38,16,22,43,16,27
3763,C4920,10,215,District-Darbhanga,Rural,Age Not Stated,172,108,64,24,14,10,41,29,12,17,6,11,12,7,5,4,3,1,3,2,1,70,46,24,1,1,0
3764,C4920,10,215,District-Darbhanga,Urban,Total,5991,3464,2527,743,404,339,1273,553,720,422,245,177,1342,897,445,284,186,98,212,161,51,1340,786,554,375,232,143
3765,C4920,10,215,District-Darbhanga,Urban,0-4,351,188,163,40,19,21,90,35,55,8,7,1,53,31,22,13,8,5,3,2,1,122,70,52,22,16,6
3766,C4920,10,215,District-Darbhanga,Urban,5-9,524,280,244,58,31,27,156,71,85,47,23,24,79,44,35,22,17,5,9,6,3,105,64,41,48,24,24
3767,C4920,10,215,District-Darbhanga,Urban,10-19,1241,679,562,121,65,56,264,114,150,127,78,49,297,169,128,68,40,28,35,24,11,237,140,97,92,49,43
3768,C4920,10,215,District-Darbhanga,Urban,20-29,1003,607,396,101,55,46,190,83,107,76,44,32,250,178,72,55,36,19,43,36,7,234,136,98,54,39,15
3769,C4920,10,215,District-Darbhanga,Urban,30-39,804,474,330,90,56,34,153,52,101,67,37,30,174,125,49,48,32,16,37,28,9,197,118,79,38,26,12
3770,C4920,10,215,District-Darbhanga,Urban,40-49,690,410,280,85,51,34,155,70,85,38,21,17,134,99,35,42,30,12,38,30,8,165,84,81,33,25,8
3771,C4920,10,215,District-Darbhanga,Urban,50-59,566,348,218,79,40,39,114,62,52,31,19,12,137,96,41,21,13,8,20,13,7,141,88,53,23,17,6
3772,C4920,10,215,District-Darbhanga,Urban,60-69,461,289,172,99,57,42,83,40,43,15,6,9,130,98,32,9,7,2,17,15,2,85,51,34,23,15,8
3773,C4920,10,215,District-Darbhanga,Urban,70-79,238,136,102,52,26,26,44,19,25,9,7,2,64,39,25,4,3,1,9,6,3,32,20,12,24,16,8
3774,C4920,10,215,District-Darbhanga,Urban,80-89,76,33,43,12,2,10,17,4,13,3,3,0,19,14,5,2,0,2,1,1,0,7,4,3,15,5,10
3775,C4920,10,215,District-Darbhanga,Urban,90+,20,8,12,5,1,4,5,1,4,0,0,0,3,3,0,0,0,0,0,0,0,4,3,1,3,0,3
3776,C4920,10,215,District-Darbhanga,Urban,Age Not Stated,17,12,5,1,1,0,2,2,0,1,0,1,2,1,1,0,0,0,0,0,0,11,8,3,0,0,0
3777,C4920,10,216,District-Muzaffarpur,Total,Total,129810,75157,54653,36729,20050,16679,31024,16746,14278,9204,5329,3875,16566,11391,5175,5229,3191,2038,2042,1386,656,23389,13471,9918,5627,3593,2034
3778,C4920,10,216,District-Muzaffarpur,Total,0-4,11100,5903,5197,3923,2065,1858,3109,1615,1494,231,131,100,654,385,269,329,183,146,47,32,15,2457,1282,1175,350,210,140
3779,C4920,10,216,District-Muzaffarpur,Total,5-9,14285,7674,6611,4670,2432,2238,3648,1911,1737,1327,739,588,947,551,396,500,267,233,125,70,55,2412,1288,1124,656,416,240
3780,C4920,10,216,District-Muzaffarpur,Total,10-19,26128,15034,11094,7525,4157,3368,6223,3355,2868,2169,1251,918,2780,1820,960,1285,760,525,380,250,130,4509,2584,1925,1257,857,400
3781,C4920,10,216,District-Muzaffarpur,Total,20-29,19077,11241,7836,5113,2789,2324,4472,2373,2099,1550,915,635,2392,1729,663,880,566,314,361,245,116,3482,2034,1448,827,590,237
3782,C4920,10,216,District-Muzaffarpur,Total,30-39,17667,10471,7196,4641,2547,2094,4271,2336,1935,1474,862,612,2099,1504,595,860,562,298,381,275,106,3283,1966,1317,658,419,239
3783,C4920,10,216,District-Muzaffarpur,Total,40-49,13403,8218,5185,3446,2032,1414,3150,1734,1416,994,596,398,1897,1386,511,587,390,197,324,244,80,2521,1530,991,484,306,178
3784,C4920,10,216,District-Muzaffarpur,Total,50-59,9747,5659,4088,2514,1344,1170,2307,1267,1040,595,329,266,1681,1190,491,331,188,143,182,120,62,1784,1016,768,353,205,148
3785,C4920,10,216,District-Muzaffarpur,Total,60-69,10883,6514,4369,2847,1562,1285,2304,1301,1003,540,314,226,2379,1648,731,282,165,117,162,101,61,1863,1119,744,506,304,202
3786,C4920,10,216,District-Muzaffarpur,Total,70-79,5099,3090,2009,1383,773,610,1022,575,447,232,146,86,1244,874,370,118,72,46,57,33,24,730,438,292,313,179,134
3787,C4920,10,216,District-Muzaffarpur,Total,80-89,1570,875,695,459,238,221,325,175,150,42,23,19,369,227,142,28,19,9,15,10,5,187,111,76,145,72,73
3788,C4920,10,216,District-Muzaffarpur,Total,90+,549,283,266,155,78,77,112,56,56,32,12,20,105,62,43,16,12,4,6,5,1,57,28,29,66,30,36
3789,C4920,10,216,District-Muzaffarpur,Total,Age Not Stated,302,195,107,53,33,20,81,48,33,18,11,7,19,15,4,13,7,6,2,1,1,104,75,29,12,5,7
3790,C4920,10,216,District-Muzaffarpur,Rural,Total,118032,68536,49496,34614,18889,15725,28067,15269,12798,8437,4889,3548,15130,10463,4667,4758,2908,1850,1832,1239,593,20094,11616,8478,5100,3263,1837
3791,C4920,10,216,District-Muzaffarpur,Rural,0-4,10290,5470,4820,3751,1975,1776,2879,1500,1379,207,117,90,596,345,251,301,169,132,44,30,14,2189,1141,1048,323,193,130
3792,C4920,10,216,District-Muzaffarpur,Rural,5-9,13246,7148,6098,4465,2329,2136,3363,1761,1602,1211,684,527,870,508,362,457,249,208,119,67,52,2154,1164,990,607,386,221
3793,C4920,10,216,District-Muzaffarpur,Rural,10-19,23698,13674,10024,7104,3930,3174,5604,3036,2568,1994,1140,854,2520,1665,855,1158,687,471,340,222,118,3851,2217,1634,1127,777,350
3794,C4920,10,216,District-Muzaffarpur,Rural,20-29,17034,10100,6934,4774,2595,2179,3975,2141,1834,1412,834,578,2171,1588,583,796,510,286,318,216,102,2844,1685,1159,744,531,213
3795,C4920,10,216,District-Muzaffarpur,Rural,30-39,15947,9517,6430,4376,2410,1966,3800,2107,1693,1359,795,564,1918,1385,533,787,516,271,340,243,97,2792,1692,1100,575,369,206
3796,C4920,10,216,District-Muzaffarpur,Rural,40-49,12047,7385,4662,3191,1864,1327,2833,1580,1253,920,551,369,1715,1260,455,533,353,180,287,213,74,2131,1289,842,437,275,162
3797,C4920,10,216,District-Muzaffarpur,Rural,50-59,8815,5125,3690,2344,1260,1084,2086,1151,935,530,294,236,1529,1085,444,305,172,133,162,107,55,1531,867,664,328,189,139
3798,C4920,10,216,District-Muzaffarpur,Rural,60-69,10038,6009,4029,2673,1466,1207,2110,1194,916,505,295,210,2218,1540,678,264,152,112,150,95,55,1648,985,663,470,282,188
3799,C4920,10,216,District-Muzaffarpur,Rural,70-79,4732,2881,1851,1310,734,576,954,545,409,216,139,77,1146,806,340,109,68,41,52,31,21,652,390,262,293,168,125
3800,C4920,10,216,District-Muzaffarpur,Rural,80-89,1414,795,619,429,222,207,287,157,130,37,19,18,334,211,123,24,16,8,13,10,3,167,99,68,123,61,62
3801,C4920,10,216,District-Muzaffarpur,Rural,90+,500,258,242,147,74,73,99,50,49,29,11,18,96,57,39,15,11,4,5,4,1,48,24,24,61,27,34
3802,C4920,10,216,District-Muzaffarpur,Rural,Age Not Stated,271,174,97,50,30,20,77,47,30,17,10,7,17,13,4,9,5,4,2,1,1,87,63,24,12,5,7
3803,C4920,10,216,District-Muzaffarpur,Urban,Total,11778,6621,5157,2115,1161,954,2957,1477,1480,767,440,327,1436,928,508,471,283,188,210,147,63,3295,1855,1440,527,330,197
3804,C4920,10,216,District-Muzaffarpur,Urban,0-4,810,433,377,172,90,82,230,115,115,24,14,10,58,40,18,28,14,14,3,2,1,268,141,127,27,17,10
3805,C4920,10,216,District-Muzaffarpur,Urban,5-9,1039,526,513,205,103,102,285,150,135,116,55,61,77,43,34,43,18,25,6,3,3,258,124,134,49,30,19
3806,C4920,10,216,District-Muzaffarpur,Urban,10-19,2430,1360,1070,421,227,194,619,319,300,175,111,64,260,155,105,127,73,54,40,28,12,658,367,291,130,80,50
3807,C4920,10,216,District-Muzaffarpur,Urban,20-29,2043,1141,902,339,194,145,497,232,265,138,81,57,221,141,80,84,56,28,43,29,14,638,349,289,83,59,24
3808,C4920,10,216,District-Muzaffarpur,Urban,30-39,1720,954,766,265,137,128,471,229,242,115,67,48,181,119,62,73,46,27,41,32,9,491,274,217,83,50,33
3809,C4920,10,216,District-Muzaffarpur,Urban,40-49,1356,833,523,255,168,87,317,154,163,74,45,29,182,126,56,54,37,17,37,31,6,390,241,149,47,31,16
3810,C4920,10,216,District-Muzaffarpur,Urban,50-59,932,534,398,170,84,86,221,116,105,65,35,30,152,105,47,26,16,10,20,13,7,253,149,104,25,16,9
3811,C4920,10,216,District-Muzaffarpur,Urban,60-69,845,505,340,174,96,78,194,107,87,35,19,16,161,108,53,18,13,5,12,6,6,215,134,81,36,22,14
3812,C4920,10,216,District-Muzaffarpur,Urban,70-79,367,209,158,73,39,34,68,30,38,16,7,9,98,68,30,9,4,5,5,2,3,78,48,30,20,11,9
3813,C4920,10,216,District-Muzaffarpur,Urban,80-89,156,80,76,30,16,14,38,18,20,5,4,1,35,16,19,4,3,1,2,0,2,20,12,8,22,11,11
3814,C4920,10,216,District-Muzaffarpur,Urban,90+,49,25,24,8,4,4,13,6,7,3,1,2,9,5,4,1,1,0,1,1,0,9,4,5,5,3,2
3815,C4920,10,216,District-Muzaffarpur,Urban,Age Not Stated,31,21,10,3,3,0,4,1,3,1,1,0,2,2,0,4,2,2,0,0,0,17,12,5,0,0,0
3816,C4920,10,217,District-Gopalganj,Total,Total,46636,26805,19831,8359,4443,3916,10196,5461,4735,3726,2083,1643,9077,5962,3115,2197,1333,864,958,660,298,9420,5206,4214,2703,1657,1046
3817,C4920,10,217,District-Gopalganj,Total,0-4,2956,1566,1390,597,303,294,857,451,406,77,38,39,299,180,119,103,42,61,15,9,6,885,469,416,123,74,49
3818,C4920,10,217,District-Gopalganj,Total,5-9,4674,2531,2143,813,425,388,1168,607,561,504,279,225,531,326,205,193,116,77,70,41,29,1091,553,538,304,184,120
3819,C4920,10,217,District-Gopalganj,Total,10-19,10204,5773,4431,1631,869,762,2052,1104,948,1087,616,471,1904,1162,742,647,385,262,217,133,84,1970,1061,909,696,443,253
3820,C4920,10,217,District-Gopalganj,Total,20-29,6325,3762,2563,810,432,378,1337,715,622,622,363,259,1249,872,377,398,241,157,172,125,47,1385,768,617,352,246,106
3821,C4920,10,217,District-Gopalganj,Total,30-39,5599,3284,2315,824,434,390,1240,645,595,529,287,242,1046,743,303,337,226,111,152,114,38,1189,643,546,282,192,90
3822,C4920,10,217,District-Gopalganj,Total,40-49,4845,2963,1882,827,457,370,1011,549,462,346,193,153,1003,718,285,240,169,71,155,111,44,1068,635,433,195,131,64
3823,C4920,10,217,District-Gopalganj,Total,50-59,3863,2229,1634,774,411,363,854,448,406,254,135,119,944,624,320,116,62,54,82,64,18,702,415,287,137,70,67
3824,C4920,10,217,District-Gopalganj,Total,60-69,4551,2608,1943,1142,582,560,933,508,425,190,108,82,1167,755,412,96,54,42,60,37,23,703,417,286,260,147,113
3825,C4920,10,217,District-Gopalganj,Total,70-79,2501,1485,1016,647,384,263,542,315,227,72,36,36,663,437,226,48,26,22,24,17,7,301,173,128,204,97,107
3826,C4920,10,217,District-Gopalganj,Total,80-89,802,427,375,221,103,118,143,85,58,25,14,11,199,109,90,13,8,5,11,9,2,79,47,32,111,52,59
3827,C4920,10,217,District-Gopalganj,Total,90+,241,130,111,64,36,28,40,24,16,9,6,3,62,28,34,4,3,1,0,0,0,30,17,13,32,16,16
3828,C4920,10,217,District-Gopalganj,Total,Age Not Stated,75,47,28,9,7,2,19,10,9,11,8,3,10,8,2,2,1,1,0,0,0,17,8,9,7,5,2
3829,C4920,10,217,District-Gopalganj,Rural,Total,44133,25352,18781,7996,4243,3753,9672,5182,4490,3478,1939,1539,8543,5614,2929,2067,1251,816,892,614,278,8954,4954,4000,2531,1555,976
3830,C4920,10,217,District-Gopalganj,Rural,0-4,2819,1499,1320,579,295,284,812,431,381,73,36,37,284,172,112,97,39,58,15,9,6,844,448,396,115,69,46
3831,C4920,10,217,District-Gopalganj,Rural,5-9,4422,2395,2027,773,405,368,1099,563,536,473,260,213,502,312,190,185,110,75,66,37,29,1041,536,505,283,172,111
3832,C4920,10,217,District-Gopalganj,Rural,10-19,9691,5481,4210,1561,828,733,1965,1056,909,1018,576,442,1806,1105,701,609,364,245,203,126,77,1875,1008,867,654,418,236
3833,C4920,10,217,District-Gopalganj,Rural,20-29,5916,3508,2408,754,404,350,1265,678,587,581,333,248,1163,807,356,366,219,147,158,117,41,1305,720,585,324,230,94
3834,C4920,10,217,District-Gopalganj,Rural,30-39,5283,3084,2199,786,412,374,1174,607,567,501,271,230,976,691,285,320,213,107,141,105,36,1122,605,517,263,180,83
3835,C4920,10,217,District-Gopalganj,Rural,40-49,4588,2820,1768,790,438,352,955,521,434,319,179,140,944,680,264,222,158,64,145,104,41,1030,619,411,183,121,62
3836,C4920,10,217,District-Gopalganj,Rural,50-59,3638,2088,1550,740,388,352,797,418,379,236,126,110,884,585,299,112,60,52,73,57,16,668,389,279,128,65,63
3837,C4920,10,217,District-Gopalganj,Rural,60-69,4321,2481,1840,1106,561,545,884,482,402,176,103,73,1099,715,384,91,50,41,58,35,23,660,394,266,247,141,106
3838,C4920,10,217,District-Gopalganj,Rural,70-79,2391,1422,969,626,375,251,528,308,220,64,31,33,628,410,218,47,26,21,24,17,7,287,167,120,187,88,99
3839,C4920,10,217,District-Gopalganj,Rural,80-89,769,411,358,213,98,115,137,84,53,22,13,9,189,104,85,12,8,4,9,7,2,77,45,32,110,52,58
3840,C4920,10,217,District-Gopalganj,Rural,90+,227,121,106,60,32,28,37,24,13,8,6,2,58,25,33,4,3,1,0,0,0,29,16,13,31,15,16
3841,C4920,10,217,District-Gopalganj,Rural,Age Not Stated,68,42,26,8,7,1,19,10,9,7,5,2,10,8,2,2,1,1,0,0,0,16,7,9,6,4,2
3842,C4920,10,217,District-Gopalganj,Urban,Total,2503,1453,1050,363,200,163,524,279,245,248,144,104,534,348,186,130,82,48,66,46,20,466,252,214,172,102,70
3843,C4920,10,217,District-Gopalganj,Urban,0-4,137,67,70,18,8,10,45,20,25,4,2,2,15,8,7,6,3,3,0,0,0,41,21,20,8,5,3
3844,C4920,10,217,District-Gopalganj,Urban,5-9,252,136,116,40,20,20,69,44,25,31,19,12,29,14,15,8,6,2,4,4,0,50,17,33,21,12,9
3845,C4920,10,217,District-Gopalganj,Urban,10-19,513,292,221,70,41,29,87,48,39,69,40,29,98,57,41,38,21,17,14,7,7,95,53,42,42,25,17
3846,C4920,10,217,District-Gopalganj,Urban,20-29,409,254,155,56,28,28,72,37,35,41,30,11,86,65,21,32,22,10,14,8,6,80,48,32,28,16,12
3847,C4920,10,217,District-Gopalganj,Urban,30-39,316,200,116,38,22,16,66,38,28,28,16,12,70,52,18,17,13,4,11,9,2,67,38,29,19,12,7
3848,C4920,10,217,District-Gopalganj,Urban,40-49,257,143,114,37,19,18,56,28,28,27,14,13,59,38,21,18,11,7,10,7,3,38,16,22,12,10,2
3849,C4920,10,217,District-Gopalganj,Urban,50-59,225,141,84,34,23,11,57,30,27,18,9,9,60,39,21,4,2,2,9,7,2,34,26,8,9,5,4
3850,C4920,10,217,District-Gopalganj,Urban,60-69,230,127,103,36,21,15,49,26,23,14,5,9,68,40,28,5,4,1,2,2,0,43,23,20,13,6,7
3851,C4920,10,217,District-Gopalganj,Urban,70-79,110,63,47,21,9,12,14,7,7,8,5,3,35,27,8,1,0,1,0,0,0,14,6,8,17,9,8
3852,C4920,10,217,District-Gopalganj,Urban,80-89,33,16,17,8,5,3,6,1,5,3,1,2,10,5,5,1,0,1,2,2,0,2,2,0,1,0,1
3853,C4920,10,217,District-Gopalganj,Urban,90+,14,9,5,4,4,0,3,0,3,1,0,1,4,3,1,0,0,0,0,0,0,1,1,0,1,1,0
3854,C4920,10,217,District-Gopalganj,Urban,Age Not Stated,7,5,2,1,0,1,0,0,0,4,3,1,0,0,0,0,0,0,0,0,0,1,1,0,1,1,0
3855,C4920,10,218,District-Siwan,Total,Total,60473,35424,25049,12257,6545,5712,14038,7516,6522,4328,2472,1856,11256,7736,3520,2812,1776,1036,1386,955,431,10598,6070,4528,3798,2354,1444
3856,C4920,10,218,District-Siwan,Total,0-4,4085,2127,1958,975,495,480,1292,635,657,102,52,50,331,201,130,103,53,50,29,19,10,1019,538,481,234,134,100
3857,C4920,10,218,District-Siwan,Total,5-9,6352,3545,2807,1354,729,625,1730,917,813,576,335,241,666,420,246,262,166,96,86,57,29,1196,629,567,482,292,190
3858,C4920,10,218,District-Siwan,Total,10-19,13704,7722,5982,2497,1288,1209,3100,1669,1431,1248,692,556,2387,1523,864,828,489,339,281,173,108,2334,1238,1096,1029,650,379
3859,C4920,10,218,District-Siwan,Total,20-29,8720,5344,3376,1587,859,728,1926,992,934,677,408,269,1737,1297,440,506,336,170,255,178,77,1482,898,584,550,376,174
3860,C4920,10,218,District-Siwan,Total,30-39,7481,4517,2964,1327,703,624,1662,886,776,627,373,254,1342,993,349,465,304,161,281,201,80,1385,804,581,392,253,139
3861,C4920,10,218,District-Siwan,Total,40-49,5749,3634,2115,1109,623,486,1246,715,531,417,224,193,1140,847,293,284,203,81,205,160,45,1075,685,390,273,177,96
3862,C4920,10,218,District-Siwan,Total,50-59,4453,2656,1797,987,529,458,1002,526,476,267,156,111,970,694,276,171,109,62,101,70,31,753,449,304,202,123,79
3863,C4920,10,218,District-Siwan,Total,60-69,5494,3250,2244,1328,721,607,1134,622,512,257,136,121,1454,971,483,123,75,48,91,62,29,833,515,318,274,148,126
3864,C4920,10,218,District-Siwan,Total,70-79,3008,1833,1175,747,420,327,622,368,254,106,68,38,868,572,296,50,29,21,37,25,12,356,223,133,222,128,94
3865,C4920,10,218,District-Siwan,Total,80-89,1000,587,413,252,135,117,212,134,78,22,14,8,287,173,114,15,8,7,13,7,6,109,64,45,90,52,38
3866,C4920,10,218,District-Siwan,Total,90+,323,152,171,79,37,42,70,31,39,22,11,11,70,42,28,3,2,1,5,2,3,31,10,21,43,17,26
3867,C4920,10,218,District-Siwan,Total,Age Not Stated,104,57,47,15,6,9,42,21,21,7,3,4,4,3,1,2,2,0,2,1,1,25,17,8,7,4,3
3868,C4920,10,218,District-Siwan,Rural,Total,57177,33478,23699,11443,6098,5345,13163,7032,6131,4053,2303,1750,10825,7431,3394,2674,1683,991,1321,911,410,10043,5753,4290,3655,2267,1388
3869,C4920,10,218,District-Siwan,Rural,0-4,3863,2001,1862,918,466,452,1217,593,624,94,48,46,325,196,129,100,51,49,28,19,9,959,503,456,222,125,97
3870,C4920,10,218,District-Siwan,Rural,5-9,6010,3345,2665,1272,676,596,1627,861,766,545,315,230,644,407,237,254,160,94,83,54,29,1126,593,533,459,279,180
3871,C4920,10,218,District-Siwan,Rural,10-19,12973,7322,5651,2328,1201,1127,2934,1583,1351,1182,651,531,2289,1461,828,781,458,323,268,167,101,2199,1173,1026,992,628,364
3872,C4920,10,218,District-Siwan,Rural,20-29,8141,4984,3157,1434,778,656,1789,915,874,624,375,249,1666,1236,430,470,312,158,235,163,72,1394,842,552,529,363,166
3873,C4920,10,218,District-Siwan,Rural,30-39,7015,4242,2773,1220,650,570,1534,816,718,581,348,233,1278,947,331,450,295,155,268,192,76,1318,758,560,366,236,130
3874,C4920,10,218,District-Siwan,Rural,40-49,5415,3424,1991,1037,580,457,1144,651,493,394,210,184,1084,804,280,270,194,76,195,154,41,1028,659,369,263,172,91
3875,C4920,10,218,District-Siwan,Rural,50-59,4193,2498,1695,922,490,432,928,490,438,242,139,103,929,663,266,164,104,60,100,69,31,713,425,288,195,118,77
3876,C4920,10,218,District-Siwan,Rural,60-69,5292,3123,2169,1262,683,579,1084,593,491,249,129,120,1415,946,469,117,69,48,87,58,29,808,500,308,270,145,125
3877,C4920,10,218,District-Siwan,Rural,70-79,2911,1774,1137,719,405,314,598,353,245,97,64,33,846,556,290,49,29,20,37,25,12,344,214,130,221,128,93
3878,C4920,10,218,District-Siwan,Rural,80-89,962,565,397,242,127,115,204,128,76,17,10,7,281,173,108,15,8,7,13,7,6,101,60,41,89,52,37
3879,C4920,10,218,District-Siwan,Rural,90+,311,148,163,76,36,40,68,31,37,22,11,11,64,39,25,3,2,1,5,2,3,31,10,21,42,17,25
3880,C4920,10,218,District-Siwan,Rural,Age Not Stated,91,52,39,13,6,7,36,18,18,6,3,3,4,3,1,1,1,0,2,1,1,22,16,6,7,4,3
3881,C4920,10,218,District-Siwan,Urban,Total,3296,1946,1350,814,447,367,875,484,391,275,169,106,431,305,126,138,93,45,65,44,21,555,317,238,143,87,56
3882,C4920,10,218,District-Siwan,Urban,0-4,222,126,96,57,29,28,75,42,33,8,4,4,6,5,1,3,2,1,1,0,1,60,35,25,12,9,3
3883,C4920,10,218,District-Siwan,Urban,5-9,342,200,142,82,53,29,103,56,47,31,20,11,22,13,9,8,6,2,3,3,0,70,36,34,23,13,10
3884,C4920,10,218,District-Siwan,Urban,10-19,731,400,331,169,87,82,166,86,80,66,41,25,98,62,36,47,31,16,13,6,7,135,65,70,37,22,15
3885,C4920,10,218,District-Siwan,Urban,20-29,579,360,219,153,81,72,137,77,60,53,33,20,71,61,10,36,24,12,20,15,5,88,56,32,21,13,8
3886,C4920,10,218,District-Siwan,Urban,30-39,466,275,191,107,53,54,128,70,58,46,25,21,64,46,18,15,9,6,13,9,4,67,46,21,26,17,9
3887,C4920,10,218,District-Siwan,Urban,40-49,334,210,124,72,43,29,102,64,38,23,14,9,56,43,13,14,9,5,10,6,4,47,26,21,10,5,5
3888,C4920,10,218,District-Siwan,Urban,50-59,260,158,102,65,39,26,74,36,38,25,17,8,41,31,10,7,5,2,1,1,0,40,24,16,7,5,2
3889,C4920,10,218,District-Siwan,Urban,60-69,202,127,75,66,38,28,50,29,21,8,7,1,39,25,14,6,6,0,4,4,0,25,15,10,4,3,1
3890,C4920,10,218,District-Siwan,Urban,70-79,97,59,38,28,15,13,24,15,9,9,4,5,22,16,6,1,0,1,0,0,0,12,9,3,1,0,1
3891,C4920,10,218,District-Siwan,Urban,80-89,38,22,16,10,8,2,8,6,2,5,4,1,6,0,6,0,0,0,0,0,0,8,4,4,1,0,1
3892,C4920,10,218,District-Siwan,Urban,90+,12,4,8,3,1,2,2,0,2,0,0,0,6,3,3,0,0,0,0,0,0,0,0,0,1,0,1
3893,C4920,10,218,District-Siwan,Urban,Age Not Stated,13,5,8,2,0,2,6,3,3,1,0,1,0,0,0,1,1,0,0,0,0,3,1,2,0,0,0
3894,C4920,10,219,District-Saran,Total,Total,89821,52221,37600,22937,12216,10721,19302,10389,8913,6390,3753,2637,17308,11411,5897,3577,2366,1211,1802,1274,528,13230,7673,5557,5275,3139,2136
3895,C4920,10,219,District-Saran,Total,0-4,5655,2992,2663,1748,913,835,1588,813,775,134,73,61,501,286,215,138,79,59,30,19,11,1304,679,625,212,130,82
3896,C4920,10,219,District-Saran,Total,5-9,8376,4634,3742,2298,1222,1076,2128,1105,1023,910,527,383,884,550,334,330,204,126,112,68,44,1310,698,612,404,260,144
3897,C4920,10,219,District-Saran,Total,10-19,17383,10010,7373,4169,2206,1963,3805,2055,1750,1629,944,685,2922,1901,1021,890,560,330,350,229,121,2620,1479,1141,998,636,362
3898,C4920,10,219,District-Saran,Total,20-29,11546,7170,4376,2520,1418,1102,2415,1306,1109,1005,611,394,2267,1630,637,644,449,195,339,262,77,1830,1133,697,526,361,165
3899,C4920,10,219,District-Saran,Total,30-39,10496,6359,4137,2312,1216,1096,2302,1235,1067,878,532,346,1907,1384,523,592,425,167,328,257,71,1741,1022,719,436,288,148
3900,C4920,10,219,District-Saran,Total,40-49,8869,5565,3304,2188,1231,957,1836,1038,798,707,415,292,1630,1195,435,454,339,115,274,218,56,1419,878,541,361,251,110
3901,C4920,10,219,District-Saran,Total,50-59,7507,4306,3201,2059,1067,992,1498,779,719,461,271,190,1622,1094,528,231,144,87,148,85,63,1069,635,434,419,231,188
3902,C4920,10,219,District-Saran,Total,60-69,10341,5680,4661,3080,1553,1527,1957,1050,907,400,219,181,2677,1627,1050,174,96,78,136,89,47,1177,687,490,740,359,381
3903,C4920,10,219,District-Saran,Total,70-79,6720,3901,2819,1875,1040,835,1208,685,523,182,111,71,2021,1247,774,88,49,39,58,37,21,561,344,217,727,388,339
3904,C4920,10,219,District-Saran,Total,80-89,2186,1219,967,534,273,261,416,246,170,50,28,22,694,402,292,24,15,9,23,9,14,142,88,54,303,158,145
3905,C4920,10,219,District-Saran,Total,90+,633,320,313,131,62,69,109,52,57,25,16,9,170,87,83,8,4,4,3,1,2,40,21,19,147,77,70
3906,C4920,10,219,District-Saran,Total,Age Not Stated,109,65,44,23,15,8,40,25,15,9,6,3,13,8,5,4,2,2,1,0,1,17,9,8,2,0,2
3907,C4920,10,219,District-Saran,Rural,Total,82017,47737,34280,20724,11034,9690,17602,9466,8136,5705,3346,2359,16175,10666,5509,3264,2172,1092,1632,1148,484,12125,7054,5071,4790,2851,1939
3908,C4920,10,219,District-Saran,Rural,0-4,5192,2739,2453,1582,823,759,1452,741,711,127,68,59,467,263,204,127,72,55,30,19,11,1208,633,575,199,120,79
3909,C4920,10,219,District-Saran,Rural,5-9,7677,4247,3430,2070,1100,970,1961,1010,951,836,489,347,829,517,312,294,184,110,101,60,41,1221,648,573,365,239,126
3910,C4920,10,219,District-Saran,Rural,10-19,15826,9163,6663,3725,1978,1747,3437,1865,1572,1477,856,621,2726,1778,948,809,518,291,321,209,112,2417,1377,1040,914,582,332
3911,C4920,10,219,District-Saran,Rural,20-29,10393,6483,3910,2235,1255,980,2180,1178,1002,878,537,341,2089,1512,577,580,406,174,298,233,65,1655,1031,624,478,331,147
3912,C4920,10,219,District-Saran,Rural,30-39,9511,5769,3742,2049,1068,981,2070,1110,960,776,469,307,1776,1288,488,549,399,150,298,232,66,1595,937,658,398,266,132
3913,C4920,10,219,District-Saran,Rural,40-49,7967,5001,2966,1939,1101,838,1653,931,722,617,360,257,1516,1112,404,416,307,109,241,189,52,1262,779,483,323,222,101
3914,C4920,10,219,District-Saran,Rural,50-59,6833,3931,2902,1845,962,883,1384,722,662,395,228,167,1518,1023,495,211,132,79,134,76,58,967,575,392,379,213,166
3915,C4920,10,219,District-Saran,Rural,60-69,9600,5260,4340,2871,1439,1432,1817,975,842,356,194,162,2518,1524,994,163,91,72,130,85,45,1094,648,446,651,304,347
3916,C4920,10,219,District-Saran,Rural,70-79,6268,3632,2636,1754,974,780,1124,634,490,165,99,66,1909,1180,729,81,43,38,54,35,19,521,315,206,660,352,308
3917,C4920,10,219,District-Saran,Rural,80-89,2055,1149,906,509,262,247,388,230,158,46,25,21,652,379,273,22,14,8,22,9,13,130,82,48,286,148,138
3918,C4920,10,219,District-Saran,Rural,90+,597,306,291,127,61,66,101,48,53,23,15,8,163,83,80,8,4,4,2,1,1,38,20,18,135,74,61
3919,C4920,10,219,District-Saran,Rural,Age Not Stated,98,57,41,18,11,7,35,22,13,9,6,3,12,7,5,4,2,2,1,0,1,17,9,8,2,0,2
3920,C4920,10,219,District-Saran,Urban,Total,7804,4484,3320,2213,1182,1031,1700,923,777,685,407,278,1133,745,388,313,194,119,170,126,44,1105,619,486,485,288,197
3921,C4920,10,219,District-Saran,Urban,0-4,463,253,210,166,90,76,136,72,64,7,5,2,34,23,11,11,7,4,0,0,0,96,46,50,13,10,3
3922,C4920,10,219,District-Saran,Urban,5-9,699,387,312,228,122,106,167,95,72,74,38,36,55,33,22,36,20,16,11,8,3,89,50,39,39,21,18
3923,C4920,10,219,District-Saran,Urban,10-19,1557,847,710,444,228,216,368,190,178,152,88,64,196,123,73,81,42,39,29,20,9,203,102,101,84,54,30
3924,C4920,10,219,District-Saran,Urban,20-29,1153,687,466,285,163,122,235,128,107,127,74,53,178,118,60,64,43,21,41,29,12,175,102,73,48,30,18
3925,C4920,10,219,District-Saran,Urban,30-39,985,590,395,263,148,115,232,125,107,102,63,39,131,96,35,43,26,17,30,25,5,146,85,61,38,22,16
3926,C4920,10,219,District-Saran,Urban,40-49,902,564,338,249,130,119,183,107,76,90,55,35,114,83,31,38,32,6,33,29,4,157,99,58,38,29,9
3927,C4920,10,219,District-Saran,Urban,50-59,674,375,299,214,105,109,114,57,57,66,43,23,104,71,33,20,12,8,14,9,5,102,60,42,40,18,22
3928,C4920,10,219,District-Saran,Urban,60-69,741,420,321,209,114,95,140,75,65,44,25,19,159,103,56,11,5,6,6,4,2,83,39,44,89,55,34
3929,C4920,10,219,District-Saran,Urban,70-79,452,269,183,121,66,55,84,51,33,17,12,5,112,67,45,7,6,1,4,2,2,40,29,11,67,36,31
3930,C4920,10,219,District-Saran,Urban,80-89,131,70,61,25,11,14,28,16,12,4,3,1,42,23,19,2,1,1,1,0,1,12,6,6,17,10,7
3931,C4920,10,219,District-Saran,Urban,90+,36,14,22,4,1,3,8,4,4,2,1,1,7,4,3,0,0,0,1,0,1,2,1,1,12,3,9
3932,C4920,10,219,District-Saran,Urban,Age Not Stated,11,8,3,5,4,1,5,3,2,0,0,0,1,1,0,0,0,0,0,0,0,0,0,0,0,0,0
3933,C4920,10,220,District-Vaishali,Total,Total,104430,60294,44136,35474,19402,16072,28441,15794,12647,6683,3937,2746,11037,7530,3507,3444,2179,1265,1239,833,406,14409,8327,6082,3703,2292,1411
3934,C4920,10,220,District-Vaishali,Total,0-4,9906,5274,4632,3913,2061,1852,2976,1532,1444,166,106,60,443,269,174,211,119,92,26,19,7,1916,1021,895,255,147,108
3935,C4920,10,220,District-Vaishali,Total,5-9,11581,6317,5264,4385,2345,2040,3379,1787,1592,833,481,352,627,377,250,295,180,115,65,40,25,1555,829,726,442,278,164
3936,C4920,10,220,District-Vaishali,Total,10-19,21486,12386,9100,7205,4006,3199,5768,3188,2580,1589,927,662,2155,1435,720,884,543,341,269,172,97,2744,1591,1153,872,524,348
3937,C4920,10,220,District-Vaishali,Total,20-29,15812,9199,6613,5011,2688,2323,4227,2312,1915,1181,680,501,1889,1366,523,644,451,193,209,148,61,2129,1215,914,522,339,183
3938,C4920,10,220,District-Vaishali,Total,30-39,13367,7898,5469,4355,2405,1950,3646,2049,1597,975,574,401,1420,1021,399,547,356,191,253,169,84,1815,1084,731,356,240,116
3939,C4920,10,220,District-Vaishali,Total,40-49,9785,6100,3685,3201,1869,1332,2622,1600,1022,701,426,275,1103,809,294,368,256,112,192,138,54,1315,818,497,283,184,99
3940,C4920,10,220,District-Vaishali,Total,50-59,6675,3900,2775,2186,1187,999,1814,995,819,457,269,188,818,578,240,195,109,86,102,71,31,900,563,337,203,128,75
3941,C4920,10,220,District-Vaishali,Total,60-69,7685,4471,3214,2554,1397,1157,1974,1132,842,401,240,161,1261,819,442,153,82,71,66,42,24,977,568,409,299,191,108
3942,C4920,10,220,District-Vaishali,Total,70-79,3755,2294,1461,1246,705,541,883,542,341,180,120,60,749,503,246,59,36,23,31,16,15,391,245,146,216,127,89
3943,C4920,10,220,District-Vaishali,Total,80-89,1263,679,584,416,220,196,276,142,134,55,26,29,261,150,111,17,7,10,11,7,4,119,74,45,108,53,55
3944,C4920,10,220,District-Vaishali,Total,90+,545,290,255,177,86,91,135,82,53,18,10,8,88,48,40,7,4,3,3,3,0,61,32,29,56,25,31
3945,C4920,10,220,District-Vaishali,Total,Age Not Stated,2570,1486,1084,825,433,392,741,433,308,127,78,49,223,155,68,64,36,28,12,8,4,487,287,200,91,56,35
3946,C4920,10,220,District-Vaishali,Rural,Total,95899,55452,40447,31812,17402,14410,26306,14623,11683,6138,3635,2503,10292,7032,3260,3235,2055,1180,1153,771,382,13492,7782,5710,3471,2152,1319
3947,C4920,10,220,District-Vaishali,Rural,0-4,9200,4887,4313,3553,1873,1680,2797,1433,1364,155,98,57,414,252,162,202,114,88,23,17,6,1815,962,853,241,138,103
3948,C4920,10,220,District-Vaishali,Rural,5-9,10745,5854,4891,3983,2130,1853,3164,1668,1496,779,448,331,589,353,236,274,166,108,60,36,24,1485,796,689,411,257,154
3949,C4920,10,220,District-Vaishali,Rural,10-19,19707,11384,8323,6453,3596,2857,5340,2947,2393,1457,868,589,2004,1334,670,833,515,318,247,159,88,2564,1477,1087,809,488,321
3950,C4920,10,220,District-Vaishali,Rural,20-29,14464,8424,6040,4488,2411,2077,3861,2108,1753,1088,631,457,1763,1280,483,607,427,180,192,132,60,1981,1123,858,484,312,172
3951,C4920,10,220,District-Vaishali,Rural,30-39,12240,7280,4960,3908,2168,1740,3350,1894,1456,894,532,362,1322,955,367,514,337,177,235,155,80,1680,1010,670,337,229,108
3952,C4920,10,220,District-Vaishali,Rural,40-49,8925,5577,3348,2838,1651,1187,2401,1475,926,637,389,248,1030,754,276,347,239,108,186,136,50,1221,758,463,265,175,90
3953,C4920,10,220,District-Vaishali,Rural,50-59,6040,3544,2496,1917,1038,879,1658,920,738,408,238,170,773,544,229,178,103,75,93,64,29,824,519,305,189,118,71
3954,C4920,10,220,District-Vaishali,Rural,60-69,7082,4118,2964,2270,1241,1029,1850,1062,788,367,218,149,1169,759,410,146,76,70,64,40,24,926,537,389,290,185,105
3955,C4920,10,220,District-Vaishali,Rural,70-79,3450,2111,1339,1111,624,487,820,506,314,165,107,58,695,471,224,53,33,20,29,16,13,375,233,142,202,121,81
3956,C4920,10,220,District-Vaishali,Rural,80-89,1162,624,538,370,197,173,255,131,124,52,24,28,246,143,103,15,6,9,10,6,4,110,66,44,104,51,53
3957,C4920,10,220,District-Vaishali,Rural,90+,504,265,239,164,79,85,123,73,50,16,9,7,83,45,38,6,4,2,3,3,0,58,29,29,51,23,28
3958,C4920,10,220,District-Vaishali,Rural,Age Not Stated,2380,1384,996,757,394,363,687,406,281,120,73,47,204,142,62,60,35,25,11,7,4,453,272,181,88,55,33
3959,C4920,10,220,District-Vaishali,Urban,Total,8531,4842,3689,3662,2000,1662,2135,1171,964,545,302,243,745,498,247,209,124,85,86,62,24,917,545,372,232,140,92
3960,C4920,10,220,District-Vaishali,Urban,0-4,706,387,319,360,188,172,179,99,80,11,8,3,29,17,12,9,5,4,3,2,1,101,59,42,14,9,5
3961,C4920,10,220,District-Vaishali,Urban,5-9,836,463,373,402,215,187,215,119,96,54,33,21,38,24,14,21,14,7,5,4,1,70,33,37,31,21,10
3962,C4920,10,220,District-Vaishali,Urban,10-19,1779,1002,777,752,410,342,428,241,187,132,59,73,151,101,50,51,28,23,22,13,9,180,114,66,63,36,27
3963,C4920,10,220,District-Vaishali,Urban,20-29,1348,775,573,523,277,246,366,204,162,93,49,44,126,86,40,37,24,13,17,16,1,148,92,56,38,27,11
3964,C4920,10,220,District-Vaishali,Urban,30-39,1127,618,509,447,237,210,296,155,141,81,42,39,98,66,32,33,19,14,18,14,4,135,74,61,19,11,8
3965,C4920,10,220,District-Vaishali,Urban,40-49,860,523,337,363,218,145,221,125,96,64,37,27,73,55,18,21,17,4,6,2,4,94,60,34,18,9,9
3966,C4920,10,220,District-Vaishali,Urban,50-59,635,356,279,269,149,120,156,75,81,49,31,18,45,34,11,17,6,11,9,7,2,76,44,32,14,10,4
3967,C4920,10,220,District-Vaishali,Urban,60-69,603,353,250,284,156,128,124,70,54,34,22,12,92,60,32,7,6,1,2,2,0,51,31,20,9,6,3
3968,C4920,10,220,District-Vaishali,Urban,70-79,305,183,122,135,81,54,63,36,27,15,13,2,54,32,22,6,3,3,2,0,2,16,12,4,14,6,8
3969,C4920,10,220,District-Vaishali,Urban,80-89,101,55,46,46,23,23,21,11,10,3,2,1,15,7,8,2,1,1,1,1,0,9,8,1,4,2,2
3970,C4920,10,220,District-Vaishali,Urban,90+,41,25,16,13,7,6,12,9,3,2,1,1,5,3,2,1,0,1,0,0,0,3,3,0,5,2,3
3971,C4920,10,220,District-Vaishali,Urban,Age Not Stated,190,102,88,68,39,29,54,27,27,7,5,2,19,13,6,4,1,3,1,1,0,34,15,19,3,1,2
3972,C4920,10,221,District-Samastipur,Total,Total,81876,49372,32504,13304,7330,5974,19638,10955,8683,5875,3400,2475,18508,12434,6074,3845,2582,1263,1792,1224,568,14226,8447,5779,4688,3000,1688
3973,C4920,10,221,District-Samastipur,Total,0-4,5696,3058,2638,1025,507,518,2034,1094,940,162,91,71,717,413,304,81,43,38,41,26,15,1353,713,640,283,171,112
3974,C4920,10,221,District-Samastipur,Total,5-9,8172,4633,3539,1389,731,658,2264,1204,1060,856,490,366,1160,733,427,284,165,119,99,66,33,1523,861,662,597,383,214
3975,C4920,10,221,District-Samastipur,Total,10-19,16931,10115,6816,2455,1345,1110,4050,2260,1790,1528,887,641,3715,2433,1282,982,630,352,351,216,135,2714,1569,1145,1136,775,361
3976,C4920,10,221,District-Samastipur,Total,20-29,12735,7957,4778,1593,921,672,2860,1598,1262,1035,626,409,3176,2229,947,756,541,215,371,263,108,2279,1361,918,665,418,247
3977,C4920,10,221,District-Samastipur,Total,30-39,11013,7036,3977,1509,893,616,2613,1492,1121,841,514,327,2393,1716,677,722,511,211,391,287,104,2052,1296,756,492,327,165
3978,C4920,10,221,District-Samastipur,Total,40-49,8414,5374,3040,1239,736,503,1984,1143,841,596,342,254,1916,1358,558,543,392,151,249,180,69,1538,976,562,349,247,102
3979,C4920,10,221,District-Samastipur,Total,50-59,6375,3872,2503,1160,665,495,1437,810,627,378,189,189,1656,1142,514,204,130,74,143,96,47,1125,680,445,272,160,112
3980,C4920,10,221,District-Samastipur,Total,60-69,7224,4305,2919,1610,860,750,1411,800,611,298,158,140,2182,1435,747,170,109,61,102,57,45,1057,644,413,394,242,152
3981,C4920,10,221,District-Samastipur,Total,70-79,3615,2107,1508,918,470,448,673,387,286,117,61,56,1108,709,399,69,41,28,34,24,10,389,240,149,307,175,132
3982,C4920,10,221,District-Samastipur,Total,80-89,1083,596,487,280,137,143,195,115,80,35,24,11,332,188,144,18,10,8,6,5,1,103,59,44,114,58,56
3983,C4920,10,221,District-Samastipur,Total,90+,396,181,215,90,39,51,62,23,39,14,7,7,118,51,67,10,6,4,2,2,0,34,17,17,66,36,30
3984,C4920,10,221,District-Samastipur,Total,Age Not Stated,222,138,84,36,26,10,55,29,26,15,11,4,35,27,8,6,4,2,3,2,1,59,31,28,13,8,5
3985,C4920,10,221,District-Samastipur,Rural,Total,79396,47880,31516,12991,7153,5838,19055,10646,8409,5695,3296,2399,17931,12053,5878,3713,2494,1219,1732,1182,550,13729,8150,5579,4550,2906,1644
3986,C4920,10,221,District-Samastipur,Rural,0-4,5553,2971,2582,997,491,506,1995,1071,924,154,85,69,698,400,298,77,40,37,39,24,15,1317,693,624,276,167,109
3987,C4920,10,221,District-Samastipur,Rural,5-9,7983,4541,3442,1365,721,644,2224,1182,1042,836,481,355,1128,716,412,274,161,113,96,65,31,1484,843,641,576,372,204
3988,C4920,10,221,District-Samastipur,Rural,10-19,16445,9833,6612,2390,1306,1084,3946,2208,1738,1484,864,620,3611,2369,1242,946,610,336,344,210,134,2623,1515,1108,1101,751,350
3989,C4920,10,221,District-Samastipur,Rural,20-29,12291,7691,4600,1561,903,658,2755,1545,1210,1003,605,398,3076,2168,908,729,519,210,358,254,104,2169,1296,873,640,401,239
3990,C4920,10,221,District-Samastipur,Rural,30-39,10660,6816,3844,1466,871,595,2529,1448,1081,820,501,319,2315,1659,656,702,497,205,376,277,99,1967,1243,724,485,320,165
3991,C4920,10,221,District-Samastipur,Rural,40-49,8117,5193,2924,1214,719,495,1903,1102,801,573,330,243,1854,1314,540,522,378,144,238,172,66,1474,939,535,339,239,100
3992,C4920,10,221,District-Samastipur,Rural,50-59,6163,3731,2432,1132,647,485,1386,786,600,362,178,184,1593,1093,500,195,123,72,140,93,47,1090,654,436,265,157,108
3993,C4920,10,221,District-Samastipur,Rural,60-69,7026,4176,2850,1577,836,741,1363,767,596,290,154,136,2121,1399,722,165,105,60,96,54,42,1033,629,404,381,232,149
3994,C4920,10,221,District-Samastipur,Rural,70-79,3516,2047,1469,896,461,435,651,373,278,113,59,54,1072,684,388,69,41,28,34,24,10,381,235,146,300,170,130
3995,C4920,10,221,District-Samastipur,Rural,80-89,1049,574,475,271,134,137,190,112,78,33,22,11,316,176,140,18,10,8,6,5,1,102,58,44,113,57,56
3996,C4920,10,221,District-Samastipur,Rural,90+,383,176,207,87,38,49,61,23,38,12,6,6,115,51,64,10,6,4,2,2,0,34,17,17,62,33,29
3997,C4920,10,221,District-Samastipur,Rural,Age Not Stated,210,131,79,35,26,9,52,29,23,15,11,4,32,24,8,6,4,2,3,2,1,55,28,27,12,7,5
3998,C4920,10,221,District-Samastipur,Urban,Total,2480,1492,988,313,177,136,583,309,274,180,104,76,577,381,196,132,88,44,60,42,18,497,297,200,138,94,44
3999,C4920,10,221,District-Samastipur,Urban,0-4,143,87,56,28,16,12,39,23,16,8,6,2,19,13,6,4,3,1,2,2,0,36,20,16,7,4,3
4000,C4920,10,221,District-Samastipur,Urban,5-9,189,92,97,24,10,14,40,22,18,20,9,11,32,17,15,10,4,6,3,1,2,39,18,21,21,11,10
4001,C4920,10,221,District-Samastipur,Urban,10-19,486,282,204,65,39,26,104,52,52,44,23,21,104,64,40,36,20,16,7,6,1,91,54,37,35,24,11
4002,C4920,10,221,District-Samastipur,Urban,20-29,444,266,178,32,18,14,105,53,52,32,21,11,100,61,39,27,22,5,13,9,4,110,65,45,25,17,8
4003,C4920,10,221,District-Samastipur,Urban,30-39,353,220,133,43,22,21,84,44,40,21,13,8,78,57,21,20,14,6,15,10,5,85,53,32,7,7,0
4004,C4920,10,221,District-Samastipur,Urban,40-49,297,181,116,25,17,8,81,41,40,23,12,11,62,44,18,21,14,7,11,8,3,64,37,27,10,8,2
4005,C4920,10,221,District-Samastipur,Urban,50-59,212,141,71,28,18,10,51,24,27,16,11,5,63,49,14,9,7,2,3,3,0,35,26,9,7,3,4
4006,C4920,10,221,District-Samastipur,Urban,60-69,198,129,69,33,24,9,48,33,15,8,4,4,61,36,25,5,4,1,6,3,3,24,15,9,13,10,3
4007,C4920,10,221,District-Samastipur,Urban,70-79,99,60,39,22,9,13,22,14,8,4,2,2,36,25,11,0,0,0,0,0,0,8,5,3,7,5,2
4008,C4920,10,221,District-Samastipur,Urban,80-89,34,22,12,9,3,6,5,3,2,2,2,0,16,12,4,0,0,0,0,0,0,1,1,0,1,1,0
4009,C4920,10,221,District-Samastipur,Urban,90+,13,5,8,3,1,2,1,0,1,2,1,1,3,0,3,0,0,0,0,0,0,0,0,0,4,3,1
4010,C4920,10,221,District-Samastipur,Urban,Age Not Stated,12,7,5,1,0,1,3,0,3,0,0,0,3,3,0,0,0,0,0,0,0,4,3,1,1,1,0
4011,C4920,10,222,District-Begusarai,Total,Total,82682,47432,35250,26240,14188,12052,18958,9938,9020,5778,3355,2423,12184,8263,3921,2843,1782,1061,1174,763,411,12602,7308,5294,2903,1835,1068
4012,C4920,10,222,District-Begusarai,Total,0-4,6945,3588,3357,2728,1413,1315,1876,928,948,132,71,61,408,241,167,175,99,76,19,11,8,1418,719,699,189,106,83
4013,C4920,10,222,District-Begusarai,Total,5-9,9316,4881,4435,3418,1721,1697,2395,1185,1210,805,438,367,697,427,270,244,147,97,70,35,35,1346,701,645,341,227,114
4014,C4920,10,222,District-Begusarai,Total,10-19,17735,10251,7484,5518,3038,2480,3880,2080,1800,1373,806,567,2923,1903,1020,703,436,267,214,134,80,2411,1397,1014,713,457,256
4015,C4920,10,222,District-Begusarai,Total,20-29,13821,8064,5757,3970,2122,1848,2929,1512,1417,1043,609,434,2520,1744,776,556,358,198,251,169,82,2083,1239,844,469,311,158
4016,C4920,10,222,District-Begusarai,Total,30-39,11546,6911,4635,3442,1940,1502,2606,1388,1218,958,562,396,1595,1161,434,518,340,178,257,178,79,1826,1115,711,344,227,117
4017,C4920,10,222,District-Begusarai,Total,40-49,7977,4949,3028,2340,1363,977,1894,1069,825,582,356,226,1166,866,300,302,205,97,158,111,47,1306,823,483,229,156,73
4018,C4920,10,222,District-Begusarai,Total,50-59,5638,3266,2372,1785,954,831,1240,651,589,373,219,154,919,659,260,179,105,74,105,59,46,890,525,365,147,94,53
4019,C4920,10,222,District-Begusarai,Total,60-69,5911,3335,2576,1854,988,866,1326,689,637,355,195,160,1134,730,404,112,58,54,63,43,20,844,502,342,223,130,93
4020,C4920,10,222,District-Begusarai,Total,70-79,2577,1560,1017,821,465,356,547,310,237,109,75,34,568,387,181,36,21,15,29,17,12,321,207,114,146,78,68
4021,C4920,10,222,District-Begusarai,Total,80-89,809,409,400,250,125,125,171,78,93,34,18,16,183,102,81,14,9,5,7,5,2,82,42,40,68,30,38
4022,C4920,10,222,District-Begusarai,Total,90+,283,144,139,89,46,43,52,25,27,7,4,3,54,30,24,1,1,0,1,1,0,50,22,28,29,15,14
4023,C4920,10,222,District-Begusarai,Total,Age Not Stated,124,74,50,25,13,12,42,23,19,7,2,5,17,13,4,3,3,0,0,0,0,25,16,9,5,4,1
4024,C4920,10,222,District-Begusarai,Rural,Total,68161,39033,29128,22001,11837,10164,15421,8044,7377,4672,2724,1948,9930,6766,3164,2293,1444,849,935,589,346,10512,6115,4397,2397,1514,883
4025,C4920,10,222,District-Begusarai,Rural,0-4,5840,3021,2819,2339,1212,1127,1541,764,777,105,60,45,332,195,137,145,78,67,16,9,7,1209,622,587,153,81,72
4026,C4920,10,222,District-Begusarai,Rural,5-9,7857,4098,3759,2928,1462,1466,2008,995,1013,669,363,306,566,349,217,201,123,78,58,30,28,1141,590,551,286,186,100
4027,C4920,10,222,District-Begusarai,Rural,10-19,14628,8483,6145,4620,2539,2081,3167,1696,1471,1104,657,447,2407,1574,833,583,372,211,167,100,67,1992,1157,835,588,388,200
4028,C4920,10,222,District-Begusarai,Rural,20-29,11240,6557,4683,3310,1769,1541,2340,1198,1142,826,481,345,2018,1404,614,448,293,155,202,130,72,1718,1032,686,378,250,128
4029,C4920,10,222,District-Begusarai,Rural,30-39,9428,5617,3811,2838,1583,1255,2104,1112,992,789,471,318,1269,930,339,411,269,142,212,141,71,1520,924,596,285,187,98
4030,C4920,10,222,District-Begusarai,Rural,40-49,6448,4002,2446,1940,1126,814,1491,840,651,450,272,178,962,724,238,226,148,78,124,85,39,1071,682,389,184,125,59
4031,C4920,10,222,District-Begusarai,Rural,50-59,4585,2631,1954,1475,791,684,989,507,482,297,170,127,731,518,213,143,84,59,80,44,36,743,439,304,127,78,49
4032,C4920,10,222,District-Begusarai,Rural,60-69,4965,2796,2169,1558,822,736,1090,564,526,301,166,135,960,621,339,89,47,42,50,35,15,722,426,296,195,115,80
4033,C4920,10,222,District-Begusarai,Rural,70-79,2142,1310,832,681,382,299,463,262,201,88,62,26,474,332,142,29,17,12,20,11,9,266,178,88,121,66,55
4034,C4920,10,222,District-Begusarai,Rural,80-89,685,333,352,215,102,113,147,64,83,29,16,13,151,84,67,14,9,5,5,3,2,69,33,36,55,22,33
4035,C4920,10,222,District-Begusarai,Rural,90+,233,117,116,75,37,38,45,23,22,7,4,3,44,22,22,1,1,0,1,1,0,40,17,23,20,12,8
4036,C4920,10,222,District-Begusarai,Rural,Age Not Stated,110,68,42,22,12,10,36,19,17,7,2,5,16,13,3,3,3,0,0,0,0,21,15,6,5,4,1
4037,C4920,10,222,District-Begusarai,Urban,Total,14521,8399,6122,4239,2351,1888,3537,1894,1643,1106,631,475,2254,1497,757,550,338,212,239,174,65,2090,1193,897,506,321,185
4038,C4920,10,222,District-Begusarai,Urban,0-4,1105,567,538,389,201,188,335,164,171,27,11,16,76,46,30,30,21,9,3,2,1,209,97,112,36,25,11
4039,C4920,10,222,District-Begusarai,Urban,5-9,1459,783,676,490,259,231,387,190,197,136,75,61,131,78,53,43,24,19,12,5,7,205,111,94,55,41,14
4040,C4920,10,222,District-Begusarai,Urban,10-19,3107,1768,1339,898,499,399,713,384,329,269,149,120,516,329,187,120,64,56,47,34,13,419,240,179,125,69,56
4041,C4920,10,222,District-Begusarai,Urban,20-29,2581,1507,1074,660,353,307,589,314,275,217,128,89,502,340,162,108,65,43,49,39,10,365,207,158,91,61,30
4042,C4920,10,222,District-Begusarai,Urban,30-39,2118,1294,824,604,357,247,502,276,226,169,91,78,326,231,95,107,71,36,45,37,8,306,191,115,59,40,19
4043,C4920,10,222,District-Begusarai,Urban,40-49,1529,947,582,400,237,163,403,229,174,132,84,48,204,142,62,76,57,19,34,26,8,235,141,94,45,31,14
4044,C4920,10,222,District-Begusarai,Urban,50-59,1053,635,418,310,163,147,251,144,107,76,49,27,188,141,47,36,21,15,25,15,10,147,86,61,20,16,4
4045,C4920,10,222,District-Begusarai,Urban,60-69,946,539,407,296,166,130,236,125,111,54,29,25,174,109,65,23,11,12,13,8,5,122,76,46,28,15,13
4046,C4920,10,222,District-Begusarai,Urban,70-79,435,250,185,140,83,57,84,48,36,21,13,8,94,55,39,7,4,3,9,6,3,55,29,26,25,12,13
4047,C4920,10,222,District-Begusarai,Urban,80-89,124,76,48,35,23,12,24,14,10,5,2,3,32,18,14,0,0,0,2,2,0,13,9,4,13,8,5
4048,C4920,10,222,District-Begusarai,Urban,90+,50,27,23,14,9,5,7,2,5,0,0,0,10,8,2,0,0,0,0,0,0,10,5,5,9,3,6
4049,C4920,10,222,District-Begusarai,Urban,Age Not Stated,14,6,8,3,1,2,6,4,2,0,0,0,1,0,1,0,0,0,0,0,0,4,1,3,0,0,0
4050,C4920,10,223,District-Khagaria,Total,Total,27113,16178,10935,5094,2845,2249,5415,2910,2505,1781,1041,740,6090,4178,1912,1317,817,500,433,279,154,5591,3243,2348,1392,865,527
4051,C4920,10,223,District-Khagaria,Total,0-4,2145,1119,1026,477,249,228,522,268,254,52,26,26,264,150,114,77,44,33,10,5,5,652,320,332,91,57,34
4052,C4920,10,223,District-Khagaria,Total,5-9,3059,1648,1411,590,332,258,703,340,363,295,160,135,470,280,190,133,75,58,28,18,10,660,334,326,180,109,71
4053,C4920,10,223,District-Khagaria,Total,10-19,5862,3513,2349,927,528,399,1101,588,513,475,285,190,1455,967,488,343,211,132,114,64,50,1103,645,458,344,225,119
4054,C4920,10,223,District-Khagaria,Total,20-29,4109,2522,1587,598,323,275,775,421,354,285,170,115,1095,769,326,234,155,79,94,66,28,832,491,341,196,127,69
4055,C4920,10,223,District-Khagaria,Total,30-39,3668,2291,1377,624,367,257,738,400,338,258,154,104,781,559,222,208,137,71,70,47,23,846,529,317,143,98,45
4056,C4920,10,223,District-Khagaria,Total,40-49,2716,1749,967,509,300,209,528,309,219,153,89,64,591,449,142,144,89,55,66,51,15,600,380,220,125,82,43
4057,C4920,10,223,District-Khagaria,Total,50-59,1933,1201,732,420,226,194,396,228,168,118,74,44,487,361,126,66,37,29,27,18,9,338,212,126,81,45,36
4058,C4920,10,223,District-Khagaria,Total,60-69,2253,1288,965,582,309,273,402,205,197,109,60,49,571,392,179,82,48,34,14,6,8,368,208,160,125,60,65
4059,C4920,10,223,District-Khagaria,Total,70-79,994,628,366,269,162,107,187,112,75,24,14,10,274,188,86,19,14,5,7,3,4,139,94,45,75,41,34
4060,C4920,10,223,District-Khagaria,Total,80-89,261,153,108,70,35,35,35,24,11,10,8,2,82,51,31,4,1,3,2,0,2,38,18,20,20,16,4
4061,C4920,10,223,District-Khagaria,Total,90+,95,53,42,23,10,13,22,12,10,2,1,1,20,12,8,7,6,1,0,0,0,9,7,2,12,5,7
4062,C4920,10,223,District-Khagaria,Total,Age Not Stated,18,13,5,5,4,1,6,3,3,0,0,0,0,0,0,0,0,0,1,1,0,6,5,1,0,0,0
4063,C4920,10,223,District-Khagaria,Rural,Total,25894,15444,10450,4869,2713,2156,5192,2802,2390,1697,985,712,5812,3985,1827,1234,768,466,411,262,149,5378,3128,2250,1301,801,500
4064,C4920,10,223,District-Khagaria,Rural,0-4,2073,1085,988,460,241,219,503,262,241,51,25,26,256,145,111,73,41,32,10,5,5,633,313,320,87,53,34
4065,C4920,10,223,District-Khagaria,Rural,5-9,2930,1571,1359,572,322,250,677,328,349,282,150,132,445,261,184,125,69,56,27,18,9,637,322,315,165,101,64
4066,C4920,10,223,District-Khagaria,Rural,10-19,5589,3367,2222,890,507,383,1058,570,488,454,270,184,1390,928,462,318,199,119,108,61,47,1057,627,430,314,205,109
4067,C4920,10,223,District-Khagaria,Rural,20-29,3889,2378,1511,565,305,260,743,404,339,273,163,110,1032,721,311,219,144,75,86,58,28,789,466,323,182,117,65
4068,C4920,10,223,District-Khagaria,Rural,30-39,3529,2200,1329,602,349,253,708,384,324,249,148,101,752,538,214,197,132,65,67,45,22,820,512,308,134,92,42
4069,C4920,10,223,District-Khagaria,Rural,40-49,2580,1661,919,477,281,196,505,297,208,143,83,60,566,428,138,135,84,51,63,48,15,575,366,209,116,74,42
4070,C4920,10,223,District-Khagaria,Rural,50-59,1838,1145,693,391,208,183,379,219,160,111,69,42,461,346,115,61,34,27,26,17,9,328,207,121,81,45,36
4071,C4920,10,223,District-Khagaria,Rural,60-69,2158,1230,928,557,298,259,382,193,189,103,58,45,548,376,172,78,45,33,14,6,8,352,195,157,124,59,65
4072,C4920,10,223,District-Khagaria,Rural,70-79,953,599,354,261,156,105,178,106,72,20,11,9,263,181,82,19,14,5,7,3,4,136,91,45,69,37,32
4073,C4920,10,223,District-Khagaria,Rural,80-89,250,145,105,68,33,35,34,24,10,9,7,2,80,49,31,3,1,2,2,0,2,36,17,19,18,14,4
4074,C4920,10,223,District-Khagaria,Rural,90+,89,50,39,22,9,13,20,12,8,2,1,1,19,12,7,6,5,1,0,0,0,9,7,2,11,4,7
4075,C4920,10,223,District-Khagaria,Rural,Age Not Stated,16,13,3,4,4,0,5,3,2,0,0,0,0,0,0,0,0,0,1,1,0,6,5,1,0,0,0
4076,C4920,10,223,District-Khagaria,Urban,Total,1219,734,485,225,132,93,223,108,115,84,56,28,278,193,85,83,49,34,22,17,5,213,115,98,91,64,27
4077,C4920,10,223,District-Khagaria,Urban,0-4,72,34,38,17,8,9,19,6,13,1,1,0,8,5,3,4,3,1,0,0,0,19,7,12,4,4,0
4078,C4920,10,223,District-Khagaria,Urban,5-9,129,77,52,18,10,8,26,12,14,13,10,3,25,19,6,8,6,2,1,0,1,23,12,11,15,8,7
4079,C4920,10,223,District-Khagaria,Urban,10-19,273,146,127,37,21,16,43,18,25,21,15,6,65,39,26,25,12,13,6,3,3,46,18,28,30,20,10
4080,C4920,10,223,District-Khagaria,Urban,20-29,220,144,76,33,18,15,32,17,15,12,7,5,63,48,15,15,11,4,8,8,0,43,25,18,14,10,4
4081,C4920,10,223,District-Khagaria,Urban,30-39,139,91,48,22,18,4,30,16,14,9,6,3,29,21,8,11,5,6,3,2,1,26,17,9,9,6,3
4082,C4920,10,223,District-Khagaria,Urban,40-49,136,88,48,32,19,13,23,12,11,10,6,4,25,21,4,9,5,4,3,3,0,25,14,11,9,8,1
4083,C4920,10,223,District-Khagaria,Urban,50-59,95,56,39,29,18,11,17,9,8,7,5,2,26,15,11,5,3,2,1,1,0,10,5,5,0,0,0
4084,C4920,10,223,District-Khagaria,Urban,60-69,95,58,37,25,11,14,20,12,8,6,2,4,23,16,7,4,3,1,0,0,0,16,13,3,1,1,0
4085,C4920,10,223,District-Khagaria,Urban,70-79,41,29,12,8,6,2,9,6,3,4,3,1,11,7,4,0,0,0,0,0,0,3,3,0,6,4,2
4086,C4920,10,223,District-Khagaria,Urban,80-89,11,8,3,2,2,0,1,0,1,1,1,0,2,2,0,1,0,1,0,0,0,2,1,1,2,2,0
4087,C4920,10,223,District-Khagaria,Urban,90+,6,3,3,1,1,0,2,0,2,0,0,0,1,0,1,1,1,0,0,0,0,0,0,0,1,1,0
4088,C4920,10,223,District-Khagaria,Urban,Age Not Stated,2,0,2,1,0,1,1,0,1,0,0,0,0,0,0,0,0,0,0,0,0,0,0,0,0,0,0
4089,C4920,10,224,District-Bhagalpur,Total,Total,65329,38307,27022,14986,8306,6680,18285,10200,8085,4493,2606,1887,10732,7246,3486,2055,1318,737,823,538,285,11433,6516,4917,2522,1577,945
4090,C4920,10,224,District-Bhagalpur,Total,0-4,5303,2799,2504,1415,696,719,1785,927,858,102,50,52,406,234,172,82,43,39,13,6,7,1331,729,602,169,114,55
4091,C4920,10,224,District-Bhagalpur,Total,5-9,7187,3894,3293,1812,976,836,2238,1167,1071,626,333,293,643,386,257,204,119,85,51,33,18,1284,683,601,329,197,132
4092,C4920,10,224,District-Bhagalpur,Total,10-19,14485,8399,6086,3085,1733,1352,3809,2118,1691,1160,674,486,2695,1704,991,568,353,215,176,98,78,2380,1321,1059,612,398,214
4093,C4920,10,224,District-Bhagalpur,Total,20-29,10341,6300,4041,2203,1267,936,2696,1516,1180,801,474,327,1964,1405,559,385,257,128,185,128,57,1744,1004,740,363,249,114
4094,C4920,10,224,District-Bhagalpur,Total,30-39,8702,5222,3480,1934,1089,845,2446,1386,1060,642,379,263,1367,969,398,313,208,105,168,121,47,1563,889,674,269,181,88
4095,C4920,10,224,District-Bhagalpur,Total,40-49,6557,4149,2408,1523,909,614,1921,1137,784,463,294,169,954,729,225,244,179,65,127,87,40,1151,695,456,174,119,55
4096,C4920,10,224,District-Bhagalpur,Total,50-59,4652,2766,1886,1069,583,486,1290,727,563,297,169,128,904,613,291,127,85,42,45,30,15,781,465,316,139,94,45
4097,C4920,10,224,District-Bhagalpur,Total,60-69,4730,2788,1942,1196,654,542,1235,702,533,254,147,107,1028,703,325,75,44,31,36,22,14,718,424,294,188,92,96
4098,C4920,10,224,District-Bhagalpur,Total,70-79,2092,1270,822,498,268,230,505,305,200,100,57,43,502,341,161,37,19,18,16,10,6,288,195,93,146,75,71
4099,C4920,10,224,District-Bhagalpur,Total,80-89,670,373,297,139,67,72,154,95,59,22,15,7,181,108,73,11,5,6,4,2,2,74,41,33,85,40,45
4100,C4920,10,224,District-Bhagalpur,Total,90+,262,142,120,53,29,24,67,39,28,5,3,2,67,39,28,3,2,1,2,1,1,31,19,12,34,10,24
4101,C4920,10,224,District-Bhagalpur,Total,Age Not Stated,348,205,143,59,35,24,139,81,58,21,11,10,21,15,6,6,4,2,0,0,0,88,51,37,14,8,6
4102,C4920,10,224,District-Bhagalpur,Rural,Total,50246,29723,20523,11031,6087,4944,15386,8643,6743,3547,2072,1475,8256,5718,2538,1552,1006,546,608,400,208,7912,4564,3348,1954,1233,721
4103,C4920,10,224,District-Bhagalpur,Rural,0-4,4195,2193,2002,1122,545,577,1546,803,743,86,41,45,299,177,122,63,32,31,12,5,7,928,496,432,139,94,45
4104,C4920,10,224,District-Bhagalpur,Rural,5-9,5737,3085,2652,1391,738,653,1954,1012,942,526,278,248,477,287,190,172,100,72,40,27,13,908,483,425,269,160,109
4105,C4920,10,224,District-Bhagalpur,Rural,10-19,11108,6572,4536,2259,1269,990,3180,1799,1381,911,541,370,2114,1392,722,440,274,166,135,72,63,1596,914,682,473,311,162
4106,C4920,10,224,District-Bhagalpur,Rural,20-29,7705,4754,2951,1523,881,642,2283,1303,980,626,376,250,1455,1057,398,273,189,84,128,95,33,1159,673,486,258,180,78
4107,C4920,10,224,District-Bhagalpur,Rural,30-39,6675,4051,2624,1414,800,614,2055,1175,880,505,302,203,1069,768,301,235,161,74,119,87,32,1069,613,456,209,145,64
4108,C4920,10,224,District-Bhagalpur,Rural,40-49,4964,3186,1778,1093,664,429,1579,938,641,355,231,124,723,560,163,175,132,43,93,65,28,806,500,306,140,96,44
4109,C4920,10,224,District-Bhagalpur,Rural,50-59,3584,2166,1418,782,432,350,1061,596,465,230,132,98,718,511,207,95,60,35,37,26,11,556,339,217,105,70,35
4110,C4920,10,224,District-Bhagalpur,Rural,60-69,3672,2163,1509,886,472,414,1031,585,446,188,106,82,794,555,239,61,38,23,27,14,13,535,323,212,150,70,80
4111,C4920,10,224,District-Bhagalpur,Rural,70-79,1617,989,628,372,195,177,408,254,154,85,43,42,398,280,118,21,10,11,12,7,5,206,138,68,115,62,53
4112,C4920,10,224,District-Bhagalpur,Rural,80-89,516,287,229,110,50,60,121,74,47,17,10,7,142,87,55,9,4,5,3,1,2,56,32,24,58,29,29
4113,C4920,10,224,District-Bhagalpur,Rural,90+,200,114,86,40,20,20,56,36,20,4,3,1,49,32,17,3,2,1,2,1,1,20,12,8,26,8,18
4114,C4920,10,224,District-Bhagalpur,Rural,Age Not Stated,273,163,110,39,21,18,112,68,44,14,9,5,18,12,6,5,4,1,0,0,0,73,41,32,12,8,4
4115,C4920,10,224,District-Bhagalpur,Urban,Total,15083,8584,6499,3955,2219,1736,2899,1557,1342,946,534,412,2476,1528,948,503,312,191,215,138,77,3521,1952,1569,568,344,224
4116,C4920,10,224,District-Bhagalpur,Urban,0-4,1108,606,502,293,151,142,239,124,115,16,9,7,107,57,50,19,11,8,1,1,0,403,233,170,30,20,10
4117,C4920,10,224,District-Bhagalpur,Urban,5-9,1450,809,641,421,238,183,284,155,129,100,55,45,166,99,67,32,19,13,11,6,5,376,200,176,60,37,23
4118,C4920,10,224,District-Bhagalpur,Urban,10-19,3377,1827,1550,826,464,362,629,319,310,249,133,116,581,312,269,128,79,49,41,26,15,784,407,377,139,87,52
4119,C4920,10,224,District-Bhagalpur,Urban,20-29,2636,1546,1090,680,386,294,413,213,200,175,98,77,509,348,161,112,68,44,57,33,24,585,331,254,105,69,36
4120,C4920,10,224,District-Bhagalpur,Urban,30-39,2027,1171,856,520,289,231,391,211,180,137,77,60,298,201,97,78,47,31,49,34,15,494,276,218,60,36,24
4121,C4920,10,224,District-Bhagalpur,Urban,40-49,1593,963,630,430,245,185,342,199,143,108,63,45,231,169,62,69,47,22,34,22,12,345,195,150,34,23,11
4122,C4920,10,224,District-Bhagalpur,Urban,50-59,1068,600,468,287,151,136,229,131,98,67,37,30,186,102,84,32,25,7,8,4,4,225,126,99,34,24,10
4123,C4920,10,224,District-Bhagalpur,Urban,60-69,1058,625,433,310,182,128,204,117,87,66,41,25,234,148,86,14,6,8,9,8,1,183,101,82,38,22,16
4124,C4920,10,224,District-Bhagalpur,Urban,70-79,475,281,194,126,73,53,97,51,46,15,14,1,104,61,43,16,9,7,4,3,1,82,57,25,31,13,18
4125,C4920,10,224,District-Bhagalpur,Urban,80-89,154,86,68,29,17,12,33,21,12,5,5,0,39,21,18,2,1,1,1,1,0,18,9,9,27,11,16
4126,C4920,10,224,District-Bhagalpur,Urban,90+,62,28,34,13,9,4,11,3,8,1,0,1,18,7,11,0,0,0,0,0,0,11,7,4,8,2,6
4127,C4920,10,224,District-Bhagalpur,Urban,Age Not Stated,75,42,33,20,14,6,27,13,14,7,2,5,3,3,0,1,0,1,0,0,0,15,10,5,2,0,2
4128,C4920,10,225,District-Banka,Total,Total,49594,28338,21256,13858,7522,6336,12111,6525,5586,3356,1978,1378,7354,4829,2525,1732,1078,654,616,403,213,8036,4580,3456,2531,1423,1108
4129,C4920,10,225,District-Banka,Total,0-4,4016,2043,1973,1343,681,662,1218,619,599,81,39,42,238,129,109,93,49,44,13,6,7,902,451,451,128,69,59
4130,C4920,10,225,District-Banka,Total,5-9,5452,2919,2533,1655,877,778,1388,720,668,510,281,229,470,280,190,198,101,97,37,23,14,927,480,447,267,157,110
4131,C4920,10,225,District-Banka,Total,10-19,9724,5717,4007,2524,1414,1110,2291,1298,993,822,489,333,1502,962,540,440,276,164,125,88,37,1546,896,650,474,294,180
4132,C4920,10,225,District-Banka,Total,20-29,7157,4174,2983,1869,1006,863,1720,904,816,550,328,222,1135,795,340,276,169,107,114,75,39,1201,699,502,292,198,94
4133,C4920,10,225,District-Banka,Total,30-39,6355,3756,2599,1686,913,773,1526,838,688,489,306,183,894,633,261,278,188,90,110,81,29,1160,681,479,212,116,96
4134,C4920,10,225,District-Banka,Total,40-49,5086,3073,2013,1431,833,598,1254,682,572,359,208,151,730,536,194,216,152,64,95,57,38,814,489,325,187,116,71
4135,C4920,10,225,District-Banka,Total,50-59,3933,2294,1639,1134,609,525,962,523,439,229,137,92,673,456,217,114,71,43,60,42,18,588,364,224,173,92,81
4136,C4920,10,225,District-Banka,Total,60-69,4428,2465,1963,1293,691,602,1004,532,472,202,116,86,916,590,326,65,41,24,38,21,17,563,318,245,347,156,191
4137,C4920,10,225,District-Banka,Total,70-79,2383,1319,1064,661,360,301,529,290,239,76,50,26,562,317,245,34,18,16,18,8,10,237,141,96,266,135,131
4138,C4920,10,225,District-Banka,Total,80-89,748,406,342,192,103,89,155,88,67,27,16,11,172,92,80,11,7,4,3,1,2,57,39,18,131,60,71
4139,C4920,10,225,District-Banka,Total,90+,259,140,119,62,31,31,52,26,26,8,5,3,58,37,21,2,1,1,2,1,1,23,10,13,52,29,23
4140,C4920,10,225,District-Banka,Total,Age Not Stated,53,32,21,8,4,4,12,5,7,3,3,0,4,2,2,5,5,0,1,0,1,18,12,6,2,1,1
4141,C4920,10,225,District-Banka,Rural,Total,48394,27627,20767,13484,7320,6164,11886,6406,5480,3267,1924,1343,7124,4678,2446,1671,1037,634,588,380,208,7894,4489,3405,2480,1393,1087
4142,C4920,10,225,District-Banka,Rural,0-4,3932,1997,1935,1311,664,647,1192,609,583,80,38,42,226,121,105,89,45,44,13,6,7,894,446,448,127,68,59
4143,C4920,10,225,District-Banka,Rural,5-9,5335,2856,2479,1615,862,753,1364,705,659,500,277,223,453,269,184,196,100,96,36,22,14,915,470,445,256,151,105
4144,C4920,10,225,District-Banka,Rural,10-19,9439,5561,3878,2447,1370,1077,2236,1270,966,796,472,324,1439,928,511,425,268,157,119,83,36,1517,882,635,460,288,172
4145,C4920,10,225,District-Banka,Rural,20-29,6967,4057,2910,1806,968,838,1696,891,805,533,318,215,1084,761,323,267,164,103,111,73,38,1183,688,495,287,194,93
4146,C4920,10,225,District-Banka,Rural,30-39,6203,3662,2541,1642,892,750,1507,829,678,478,298,180,874,618,256,262,176,86,101,72,29,1135,665,470,204,112,92
4147,C4920,10,225,District-Banka,Rural,40-49,4948,2979,1969,1390,805,585,1229,665,564,350,203,147,709,520,189,205,143,62,91,55,36,796,479,317,178,109,69
4148,C4920,10,225,District-Banka,Rural,50-59,3839,2237,1602,1097,588,509,943,513,430,224,135,89,654,442,212,112,70,42,57,40,17,580,358,222,172,91,81
4149,C4920,10,225,District-Banka,Rural,60-69,4347,2416,1931,1271,681,590,984,520,464,197,113,84,899,578,321,65,41,24,37,20,17,548,307,241,346,156,190
4150,C4920,10,225,District-Banka,Rural,70-79,2343,1295,1048,648,354,294,521,287,234,74,48,26,554,311,243,33,18,15,17,7,10,230,135,95,266,135,131
4151,C4920,10,225,District-Banka,Rural,80-89,739,400,339,190,102,88,153,87,66,26,15,11,171,92,79,11,7,4,3,1,2,55,37,18,130,59,71
4152,C4920,10,225,District-Banka,Rural,90+,252,137,115,60,30,30,49,25,24,7,5,2,57,36,21,2,1,1,2,1,1,23,10,13,52,29,23
4153,C4920,10,225,District-Banka,Rural,Age Not Stated,50,30,20,7,4,3,12,5,7,2,2,0,4,2,2,4,4,0,1,0,1,18,12,6,2,1,1
4154,C4920,10,225,District-Banka,Urban,Total,1200,711,489,374,202,172,225,119,106,89,54,35,230,151,79,61,41,20,28,23,5,142,91,51,51,30,21
4155,C4920,10,225,District-Banka,Urban,0-4,84,46,38,32,17,15,26,10,16,1,1,0,12,8,4,4,4,0,0,0,0,8,5,3,1,1,0
4156,C4920,10,225,District-Banka,Urban,5-9,117,63,54,40,15,25,24,15,9,10,4,6,17,11,6,2,1,1,1,1,0,12,10,2,11,6,5
4157,C4920,10,225,District-Banka,Urban,10-19,285,156,129,77,44,33,55,28,27,26,17,9,63,34,29,15,8,7,6,5,1,29,14,15,14,6,8
4158,C4920,10,225,District-Banka,Urban,20-29,190,117,73,63,38,25,24,13,11,17,10,7,51,34,17,9,5,4,3,2,1,18,11,7,5,4,1
4159,C4920,10,225,District-Banka,Urban,30-39,152,94,58,44,21,23,19,9,10,11,8,3,20,15,5,16,12,4,9,9,0,25,16,9,8,4,4
4160,C4920,10,225,District-Banka,Urban,40-49,138,94,44,41,28,13,25,17,8,9,5,4,21,16,5,11,9,2,4,2,2,18,10,8,9,7,2
4161,C4920,10,225,District-Banka,Urban,50-59,94,57,37,37,21,16,19,10,9,5,2,3,19,14,5,2,1,1,3,2,1,8,6,2,1,1,0
4162,C4920,10,225,District-Banka,Urban,60-69,81,49,32,22,10,12,20,12,8,5,3,2,17,12,5,0,0,0,1,1,0,15,11,4,1,0,1
4163,C4920,10,225,District-Banka,Urban,70-79,40,24,16,13,6,7,8,3,5,2,2,0,8,6,2,1,0,1,1,1,0,7,6,1,0,0,0
4164,C4920,10,225,District-Banka,Urban,80-89,9,6,3,2,1,1,2,1,1,1,1,0,1,0,1,0,0,0,0,0,0,2,2,0,1,1,0
4165,C4920,10,225,District-Banka,Urban,90+,7,3,4,2,1,1,3,1,2,1,0,1,1,1,0,0,0,0,0,0,0,0,0,0,0,0,0
4166,C4920,10,225,District-Banka,Urban,Age Not Stated,3,2,1,1,0,1,0,0,0,1,1,0,0,0,0,1,1,0,0,0,0,0,0,0,0,0,0
4167,C4920,10,226,District-Munger,Total,Total,21382,13087,8295,2845,1639,1206,4706,2615,2091,1605,949,656,5282,3610,1672,1061,699,362,430,302,128,4226,2461,1765,1227,812,415
4168,C4920,10,226,District-Munger,Total,0-4,1261,698,563,180,94,86,369,202,167,32,15,17,155,93,62,40,18,22,6,3,3,424,240,184,55,33,22
4169,C4920,10,226,District-Munger,Total,5-9,1967,1086,881,232,118,114,527,292,235,227,126,101,280,175,105,82,49,33,32,23,9,450,206,244,137,97,40
4170,C4920,10,226,District-Munger,Total,10-19,4607,2834,1773,477,273,204,955,537,418,403,245,158,1225,809,416,261,168,93,89,63,26,895,525,370,302,214,88
4171,C4920,10,226,District-Munger,Total,20-29,3478,2248,1230,311,194,117,690,390,300,310,185,125,1067,753,314,204,141,63,99,75,24,626,388,238,171,122,49
4172,C4920,10,226,District-Munger,Total,30-39,2850,1827,1023,336,211,125,601,327,274,214,132,82,707,504,203,195,135,60,72,49,23,596,380,216,129,89,40
4173,C4920,10,226,District-Munger,Total,40-49,2238,1466,772,333,228,105,493,296,197,151,91,60,500,361,139,142,103,39,67,48,19,468,275,193,84,64,20
4174,C4920,10,226,District-Munger,Total,50-59,1666,1010,656,281,154,127,375,200,175,88,46,42,454,322,132,71,45,26,37,23,14,300,180,120,60,40,20
4175,C4920,10,226,District-Munger,Total,60-69,1864,1087,777,395,209,186,388,200,188,112,69,43,508,343,165,44,28,16,21,13,8,266,151,115,130,74,56
4176,C4920,10,226,District-Munger,Total,70-79,983,584,399,211,109,102,206,117,89,43,26,17,289,197,92,17,8,9,5,4,1,123,76,47,89,47,42
4177,C4920,10,226,District-Munger,Total,80-89,305,160,145,65,37,28,68,34,34,15,8,7,65,36,29,3,2,1,2,1,1,35,19,16,52,23,29
4178,C4920,10,226,District-Munger,Total,90+,100,51,49,19,10,9,22,11,11,5,4,1,27,13,14,0,0,0,0,0,0,11,6,5,16,7,9
4179,C4920,10,226,District-Munger,Total,Age Not Stated,63,36,27,5,2,3,12,9,3,5,2,3,5,4,1,2,2,0,0,0,0,32,15,17,2,2,0
4180,C4920,10,226,District-Munger,Rural,Total,15341,9416,5925,2237,1289,948,3150,1763,1387,1165,693,472,3760,2593,1167,727,473,254,290,201,89,3109,1817,1292,903,587,316
4181,C4920,10,226,District-Munger,Rural,0-4,935,512,423,154,82,72,227,118,109,26,13,13,116,68,48,33,14,19,5,3,2,328,187,141,46,27,19
4182,C4920,10,226,District-Munger,Rural,5-9,1458,806,652,182,92,90,357,208,149,171,96,75,206,130,76,65,37,28,26,19,7,348,149,199,103,75,28
4183,C4920,10,226,District-Munger,Rural,10-19,3345,2086,1259,376,219,157,631,359,272,287,183,104,898,600,298,192,121,71,60,40,20,669,397,272,232,167,65
4184,C4920,10,226,District-Munger,Rural,20-29,2392,1546,846,237,141,96,442,248,194,217,125,92,748,539,209,129,85,44,69,55,14,432,270,162,118,83,35
4185,C4920,10,226,District-Munger,Rural,30-39,2035,1311,724,281,178,103,423,235,188,159,95,64,489,353,136,116,82,34,44,28,16,440,284,156,83,56,27
4186,C4920,10,226,District-Munger,Rural,40-49,1580,1049,531,256,176,80,330,207,123,113,67,46,359,256,103,100,76,24,45,31,14,329,202,127,48,34,14
4187,C4920,10,226,District-Munger,Rural,50-59,1139,695,444,218,123,95,235,120,115,59,32,27,304,217,87,44,28,16,23,15,8,213,131,82,43,29,14
4188,C4920,10,226,District-Munger,Rural,60-69,1375,787,588,301,155,146,274,139,135,84,50,34,373,254,119,31,21,10,12,6,6,198,108,90,102,54,48
4189,C4920,10,226,District-Munger,Rural,70-79,743,440,303,164,86,78,158,88,70,31,20,11,202,140,62,15,8,7,4,3,1,92,57,35,77,38,39
4190,C4920,10,226,District-Munger,Rural,80-89,223,121,102,51,28,23,48,28,20,12,8,4,44,25,19,1,0,1,2,1,1,28,15,13,37,16,21
4191,C4920,10,226,District-Munger,Rural,90+,81,44,37,16,9,7,20,10,10,4,4,0,20,10,10,0,0,0,0,0,0,9,5,4,12,6,6
4192,C4920,10,226,District-Munger,Rural,Age Not Stated,35,19,16,1,0,1,5,3,2,2,0,2,1,1,0,1,1,0,0,0,0,23,12,11,2,2,0
4193,C4920,10,226,District-Munger,Urban,Total,6041,3671,2370,608,350,258,1556,852,704,440,256,184,1522,1017,505,334,226,108,140,101,39,1117,644,473,324,225,99
4194,C4920,10,226,District-Munger,Urban,0-4,326,186,140,26,12,14,142,84,58,6,2,4,39,25,14,7,4,3,1,0,1,96,53,43,9,6,3
4195,C4920,10,226,District-Munger,Urban,5-9,509,280,229,50,26,24,170,84,86,56,30,26,74,45,29,17,12,5,6,4,2,102,57,45,34,22,12
4196,C4920,10,226,District-Munger,Urban,10-19,1262,748,514,101,54,47,324,178,146,116,62,54,327,209,118,69,47,22,29,23,6,226,128,98,70,47,23
4197,C4920,10,226,District-Munger,Urban,20-29,1086,702,384,74,53,21,248,142,106,93,60,33,319,214,105,75,56,19,30,20,10,194,118,76,53,39,14
4198,C4920,10,226,District-Munger,Urban,30-39,815,516,299,55,33,22,178,92,86,55,37,18,218,151,67,79,53,26,28,21,7,156,96,60,46,33,13
4199,C4920,10,226,District-Munger,Urban,40-49,658,417,241,77,52,25,163,89,74,38,24,14,141,105,36,42,27,15,22,17,5,139,73,66,36,30,6
4200,C4920,10,226,District-Munger,Urban,50-59,527,315,212,63,31,32,140,80,60,29,14,15,150,105,45,27,17,10,14,8,6,87,49,38,17,11,6
4201,C4920,10,226,District-Munger,Urban,60-69,489,300,189,94,54,40,114,61,53,28,19,9,135,89,46,13,7,6,9,7,2,68,43,25,28,20,8
4202,C4920,10,226,District-Munger,Urban,70-79,240,144,96,47,23,24,48,29,19,12,6,6,87,57,30,2,0,2,1,1,0,31,19,12,12,9,3
4203,C4920,10,226,District-Munger,Urban,80-89,82,39,43,14,9,5,20,6,14,3,0,3,21,11,10,2,2,0,0,0,0,7,4,3,15,7,8
4204,C4920,10,226,District-Munger,Urban,90+,19,7,12,3,1,2,2,1,1,1,0,1,7,3,4,0,0,0,0,0,0,2,1,1,4,1,3
4205,C4920,10,226,District-Munger,Urban,Age Not Stated,28,17,11,4,2,2,7,6,1,3,2,1,4,3,1,1,1,0,0,0,0,9,3,6,0,0,0
4206,C4920,10,227,District-Lakhisarai,Total,Total,14866,8843,6023,2177,1188,989,2799,1442,1357,1107,653,454,3970,2696,1274,660,409,251,369,232,137,3059,1776,1283,725,447,278
4207,C4920,10,227,District-Lakhisarai,Total,0-4,959,478,481,127,74,53,268,121,147,34,18,16,134,73,61,38,15,23,6,2,4,307,152,155,45,23,22
4208,C4920,10,227,District-Lakhisarai,Total,5-9,1436,799,637,185,99,86,266,131,135,163,98,65,256,151,105,74,44,30,23,17,6,365,195,170,104,64,40
4209,C4920,10,227,District-Lakhisarai,Total,10-19,3237,1890,1347,316,157,159,590,308,282,310,188,122,992,638,354,188,123,65,90,50,40,552,315,237,199,111,88
4210,C4920,10,227,District-Lakhisarai,Total,20-29,2230,1403,827,206,118,88,366,182,184,192,121,71,723,517,206,108,65,43,61,40,21,479,291,188,95,69,26
4211,C4920,10,227,District-Lakhisarai,Total,30-39,1934,1215,719,232,120,112,347,196,151,150,86,64,516,382,134,90,54,36,70,52,18,455,271,184,74,54,20
4212,C4920,10,227,District-Lakhisarai,Total,40-49,1454,923,531,233,150,83,242,128,114,110,58,52,356,251,105,98,74,24,56,37,19,307,191,116,52,34,18
4213,C4920,10,227,District-Lakhisarai,Total,50-59,1180,724,456,232,125,107,248,126,122,61,35,26,310,229,81,32,19,13,27,12,15,237,155,82,33,23,10
4214,C4920,10,227,District-Lakhisarai,Total,60-69,1409,800,609,361,197,164,253,120,133,62,35,27,413,265,148,22,12,10,28,17,11,201,115,86,69,39,30
4215,C4920,10,227,District-Lakhisarai,Total,70-79,722,428,294,211,109,102,150,87,63,19,11,8,198,135,63,5,3,2,6,4,2,97,59,38,36,20,16
4216,C4920,10,227,District-Lakhisarai,Total,80-89,217,135,82,57,32,25,47,30,17,4,2,2,59,45,14,3,0,3,1,0,1,34,18,16,12,8,4
4217,C4920,10,227,District-Lakhisarai,Total,90+,62,32,30,14,6,8,16,10,6,2,1,1,10,7,3,2,0,2,1,1,0,13,7,6,4,0,4
4218,C4920,10,227,District-Lakhisarai,Total,Age Not Stated,26,16,10,3,1,2,6,3,3,0,0,0,3,3,0,0,0,0,0,0,0,12,7,5,2,2,0
4219,C4920,10,227,District-Lakhisarai,Rural,Total,12973,7702,5271,1870,1022,848,2468,1248,1220,979,581,398,3459,2363,1096,568,350,218,311,188,123,2691,1561,1130,627,389,238
4220,C4920,10,227,District-Lakhisarai,Rural,0-4,848,412,436,112,63,49,239,105,134,30,16,14,118,65,53,34,13,21,4,1,3,268,128,140,43,21,22
4221,C4920,10,227,District-Lakhisarai,Rural,5-9,1272,708,564,165,86,79,243,121,122,143,86,57,227,134,93,62,38,24,19,13,6,323,174,149,90,56,34
4222,C4920,10,227,District-Lakhisarai,Rural,10-19,2866,1671,1195,269,136,133,520,263,257,282,173,109,884,567,317,168,111,57,76,41,35,493,279,214,174,101,73
4223,C4920,10,227,District-Lakhisarai,Rural,20-29,1950,1240,710,171,100,71,334,161,173,174,112,62,623,457,166,91,57,34,52,34,18,425,260,165,80,59,21
4224,C4920,10,227,District-Lakhisarai,Rural,30-39,1661,1038,623,201,105,96,303,167,136,130,74,56,426,319,107,76,43,33,61,43,18,396,237,159,68,50,18
4225,C4920,10,227,District-Lakhisarai,Rural,40-49,1245,781,464,203,131,72,198,103,95,89,48,41,317,218,99,85,63,22,44,27,17,268,165,103,41,26,15
4226,C4920,10,227,District-Lakhisarai,Rural,50-59,1013,619,394,190,103,87,216,109,107,54,30,24,270,198,72,25,14,11,23,10,13,206,136,70,29,19,10
4227,C4920,10,227,District-Lakhisarai,Rural,60-69,1232,704,528,312,170,142,226,106,120,53,28,25,364,243,121,18,9,9,24,14,10,180,102,78,55,32,23
4228,C4920,10,227,District-Lakhisarai,Rural,70-79,623,368,255,182,93,89,133,77,56,19,11,8,167,114,53,4,2,2,6,4,2,82,52,30,30,15,15
4229,C4920,10,227,District-Lakhisarai,Rural,80-89,187,120,67,51,30,21,36,24,12,3,2,1,51,39,12,3,0,3,1,0,1,30,17,13,12,8,4
4230,C4920,10,227,District-Lakhisarai,Rural,90+,53,27,26,12,4,8,15,10,5,2,1,1,9,6,3,2,0,2,1,1,0,9,5,4,3,0,3
4231,C4920,10,227,District-Lakhisarai,Rural,Age Not Stated,23,14,9,2,1,1,5,2,3,0,0,0,3,3,0,0,0,0,0,0,0,11,6,5,2,2,0
4232,C4920,10,227,District-Lakhisarai,Urban,Total,1893,1141,752,307,166,141,331,194,137,128,72,56,511,333,178,92,59,33,58,44,14,368,215,153,98,58,40
4233,C4920,10,227,District-Lakhisarai,Urban,0-4,111,66,45,15,11,4,29,16,13,4,2,2,16,8,8,4,2,2,2,1,1,39,24,15,2,2,0
4234,C4920,10,227,District-Lakhisarai,Urban,5-9,164,91,73,20,13,7,23,10,13,20,12,8,29,17,12,12,6,6,4,4,0,42,21,21,14,8,6
4235,C4920,10,227,District-Lakhisarai,Urban,10-19,371,219,152,47,21,26,70,45,25,28,15,13,108,71,37,20,12,8,14,9,5,59,36,23,25,10,15
4236,C4920,10,227,District-Lakhisarai,Urban,20-29,280,163,117,35,18,17,32,21,11,18,9,9,100,60,40,17,8,9,9,6,3,54,31,23,15,10,5
4237,C4920,10,227,District-Lakhisarai,Urban,30-39,273,177,96,31,15,16,44,29,15,20,12,8,90,63,27,14,11,3,9,9,0,59,34,25,6,4,2
4238,C4920,10,227,District-Lakhisarai,Urban,40-49,209,142,67,30,19,11,44,25,19,21,10,11,39,33,6,13,11,2,12,10,2,39,26,13,11,8,3
4239,C4920,10,227,District-Lakhisarai,Urban,50-59,167,105,62,42,22,20,32,17,15,7,5,2,40,31,9,7,5,2,4,2,2,31,19,12,4,4,0
4240,C4920,10,227,District-Lakhisarai,Urban,60-69,177,96,81,49,27,22,27,14,13,9,7,2,49,22,27,4,3,1,4,3,1,21,13,8,14,7,7
4241,C4920,10,227,District-Lakhisarai,Urban,70-79,99,60,39,29,16,13,17,10,7,0,0,0,31,21,10,1,1,0,0,0,0,15,7,8,6,5,1
4242,C4920,10,227,District-Lakhisarai,Urban,80-89,30,15,15,6,2,4,11,6,5,1,0,1,8,6,2,0,0,0,0,0,0,4,1,3,0,0,0
4243,C4920,10,227,District-Lakhisarai,Urban,90+,9,5,4,2,2,0,1,0,1,0,0,0,1,1,0,0,0,0,0,0,0,4,2,2,1,0,1
4244,C4920,10,227,District-Lakhisarai,Urban,Age Not Stated,3,2,1,1,0,1,1,1,0,0,0,0,0,0,0,0,0,0,0,0,0,1,1,0,0,0,0
4245,C4920,10,228,District-Sheikhpura,Total,Total,14096,8096,6000,1604,849,755,3798,1991,1807,939,543,396,2590,1684,906,571,367,204,241,152,89,3580,2051,1529,773,459,314
4246,C4920,10,228,District-Sheikhpura,Total,0-4,1159,600,559,115,53,62,416,220,196,31,16,15,90,47,43,26,18,8,6,5,1,419,214,205,56,27,29
4247,C4920,10,228,District-Sheikhpura,Total,5-9,1637,903,734,129,61,68,545,269,276,148,95,53,174,103,71,54,35,19,21,14,7,472,264,208,94,62,32
4248,C4920,10,228,District-Sheikhpura,Total,10-19,3184,1826,1358,283,150,133,765,422,343,269,147,122,683,415,268,182,116,66,50,29,21,766,435,331,186,112,74
4249,C4920,10,228,District-Sheikhpura,Total,20-29,1992,1156,836,159,91,68,500,250,250,163,94,69,456,300,156,100,64,36,38,25,13,511,290,221,65,42,23
4250,C4920,10,228,District-Sheikhpura,Total,30-39,1644,974,670,186,107,79,447,233,214,111,60,51,259,181,78,81,56,25,49,36,13,458,268,190,53,33,20
4251,C4920,10,228,District-Sheikhpura,Total,40-49,1291,773,518,170,97,73,324,167,157,85,52,33,222,152,70,54,35,19,26,13,13,341,212,129,69,45,24
4252,C4920,10,228,District-Sheikhpura,Total,50-59,1100,660,440,161,91,70,291,152,139,50,33,17,237,164,73,34,18,16,28,14,14,249,155,94,50,33,17
4253,C4920,10,228,District-Sheikhpura,Total,60-69,1231,714,517,232,115,117,301,163,138,56,27,29,277,191,86,28,20,8,15,10,5,224,135,89,98,53,45
4254,C4920,10,228,District-Sheikhpura,Total,70-79,601,351,250,125,61,64,139,82,57,19,13,6,136,94,42,8,3,5,5,5,0,104,59,45,65,34,31
4255,C4920,10,228,District-Sheikhpura,Total,80-89,188,96,92,36,19,17,44,19,25,1,0,1,44,28,16,3,1,2,1,1,0,27,14,13,32,14,18
4256,C4920,10,228,District-Sheikhpura,Total,90+,56,34,22,7,4,3,22,12,10,3,3,0,12,9,3,1,1,0,2,0,2,5,2,3,4,3,1
4257,C4920,10,228,District-Sheikhpura,Total,Age Not Stated,13,9,4,1,0,1,4,2,2,3,3,0,0,0,0,0,0,0,0,0,0,4,3,1,1,1,0
4258,C4920,10,228,District-Sheikhpura,Rural,Total,12495,7134,5361,1376,723,653,3453,1790,1663,808,472,336,2217,1444,773,488,313,175,198,120,78,3291,1875,1416,664,397,267
4259,C4920,10,228,District-Sheikhpura,Rural,0-4,1035,535,500,96,46,50,376,198,178,27,14,13,77,37,40,22,16,6,6,5,1,383,195,188,48,24,24
4260,C4920,10,228,District-Sheikhpura,Rural,5-9,1476,809,667,108,49,59,502,244,258,132,88,44,153,87,66,46,29,17,20,13,7,440,249,191,75,50,25
4261,C4920,10,228,District-Sheikhpura,Rural,10-19,2780,1589,1191,239,124,115,698,382,316,231,128,103,572,347,225,151,100,51,36,17,19,701,396,305,152,95,57
4262,C4920,10,228,District-Sheikhpura,Rural,20-29,1741,1007,734,134,78,56,446,221,225,139,81,58,381,257,124,83,48,35,31,21,10,474,268,206,53,33,20
4263,C4920,10,228,District-Sheikhpura,Rural,30-39,1440,836,604,151,87,64,397,199,198,96,52,44,214,147,67,73,50,23,44,31,13,424,244,180,41,26,15
4264,C4920,10,228,District-Sheikhpura,Rural,40-49,1161,689,472,151,84,67,302,155,147,71,42,29,197,137,60,49,32,17,21,9,12,307,188,119,63,42,21
4265,C4920,10,228,District-Sheikhpura,Rural,50-59,974,583,391,145,80,65,265,140,125,42,28,14,207,143,64,28,16,12,19,8,11,226,139,87,42,29,13
4266,C4920,10,228,District-Sheikhpura,Rural,60-69,1098,636,462,199,100,99,272,144,128,47,22,25,245,172,73,25,17,8,13,10,3,206,123,83,91,48,43
4267,C4920,10,228,District-Sheikhpura,Rural,70-79,560,329,231,116,55,61,130,78,52,17,12,5,124,87,37,8,3,5,5,5,0,95,55,40,65,34,31
4268,C4920,10,228,District-Sheikhpura,Rural,80-89,168,85,83,30,17,13,41,17,24,1,0,1,36,22,14,2,1,1,1,1,0,27,14,13,30,13,17
4269,C4920,10,228,District-Sheikhpura,Rural,90+,51,29,22,6,3,3,20,10,10,3,3,0,11,8,3,1,1,0,2,0,2,5,2,3,3,2,1
4270,C4920,10,228,District-Sheikhpura,Rural,Age Not Stated,11,7,4,1,0,1,4,2,2,2,2,0,0,0,0,0,0,0,0,0,0,3,2,1,1,1,0
4271,C4920,10,228,District-Sheikhpura,Urban,Total,1601,962,639,228,126,102,345,201,144,131,71,60,373,240,133,83,54,29,43,32,11,289,176,113,109,62,47
4272,C4920,10,228,District-Sheikhpura,Urban,0-4,124,65,59,19,7,12,40,22,18,4,2,2,13,10,3,4,2,2,0,0,0,36,19,17,8,3,5
4273,C4920,10,228,District-Sheikhpura,Urban,5-9,161,94,67,21,12,9,43,25,18,16,7,9,21,16,5,8,6,2,1,1,0,32,15,17,19,12,7
4274,C4920,10,228,District-Sheikhpura,Urban,10-19,404,237,167,44,26,18,67,40,27,38,19,19,111,68,43,31,16,15,14,12,2,65,39,26,34,17,17
4275,C4920,10,228,District-Sheikhpura,Urban,20-29,251,149,102,25,13,12,54,29,25,24,13,11,75,43,32,17,16,1,7,4,3,37,22,15,12,9,3
4276,C4920,10,228,District-Sheikhpura,Urban,30-39,204,138,66,35,20,15,50,34,16,15,8,7,45,34,11,8,6,2,5,5,0,34,24,10,12,7,5
4277,C4920,10,228,District-Sheikhpura,Urban,40-49,130,84,46,19,13,6,22,12,10,14,10,4,25,15,10,5,3,2,5,4,1,34,24,10,6,3,3
4278,C4920,10,228,District-Sheikhpura,Urban,50-59,126,77,49,16,11,5,26,12,14,8,5,3,30,21,9,6,2,4,9,6,3,23,16,7,8,4,4
4279,C4920,10,228,District-Sheikhpura,Urban,60-69,133,78,55,33,15,18,29,19,10,9,5,4,32,19,13,3,3,0,2,0,2,18,12,6,7,5,2
4280,C4920,10,228,District-Sheikhpura,Urban,70-79,41,22,19,9,6,3,9,4,5,2,1,1,12,7,5,0,0,0,0,0,0,9,4,5,0,0,0
4281,C4920,10,228,District-Sheikhpura,Urban,80-89,20,11,9,6,2,4,3,2,1,0,0,0,8,6,2,1,0,1,0,0,0,0,0,0,2,1,1
4282,C4920,10,228,District-Sheikhpura,Urban,90+,5,5,0,1,1,0,2,2,0,0,0,0,1,1,0,0,0,0,0,0,0,0,0,0,1,1,0
4283,C4920,10,228,District-Sheikhpura,Urban,Age Not Stated,2,2,0,0,0,0,0,0,0,1,1,0,0,0,0,0,0,0,0,0,0,1,1,0,0,0,0
4284,C4920,10,229,District-Nalanda,Total,Total,60122,35220,24902,10920,5896,5024,12404,6623,5781,4185,2406,1779,14341,9393,4948,2641,1650,991,1232,805,427,11170,6456,4714,3229,1991,1238
4285,C4920,10,229,District-Nalanda,Total,0-4,3760,1973,1787,848,440,408,1036,513,523,99,53,46,398,239,159,92,49,43,35,27,8,1075,548,527,177,104,73
4286,C4920,10,229,District-Nalanda,Total,5-9,5785,3198,2587,1076,584,492,1453,746,707,618,348,270,770,463,307,260,155,105,97,57,40,1122,591,531,389,254,135
4287,C4920,10,229,District-Nalanda,Total,10-19,12947,7495,5452,1910,1039,871,2408,1278,1130,1100,658,442,3582,2226,1356,716,425,291,252,159,93,2132,1164,968,847,546,301
4288,C4920,10,229,District-Nalanda,Total,20-29,9330,5636,3694,1275,680,595,1685,912,773,712,413,299,2849,1904,945,497,329,168,199,138,61,1664,955,709,449,305,144
4289,C4920,10,229,District-Nalanda,Total,30-39,7803,4749,3054,1258,711,547,1620,886,734,523,301,222,1777,1215,562,454,289,165,226,151,75,1662,1003,659,283,193,90
4290,C4920,10,229,District-Nalanda,Total,40-49,5875,3699,2176,1081,622,459,1208,678,530,439,247,192,1194,856,338,272,191,81,178,119,59,1275,831,444,228,155,73
4291,C4920,10,229,District-Nalanda,Total,50-59,4636,2772,1864,987,553,434,969,497,472,287,158,129,1081,747,334,163,105,58,119,71,48,861,541,320,169,100,69
4292,C4920,10,229,District-Nalanda,Total,60-69,5635,3266,2369,1404,747,657,1131,630,501,246,139,107,1489,964,525,119,66,53,84,52,32,843,496,347,319,172,147
4293,C4920,10,229,District-Nalanda,Total,70-79,3006,1752,1254,718,374,344,615,333,282,112,67,45,881,594,287,45,29,16,30,20,10,370,225,145,235,110,125
4294,C4920,10,229,District-Nalanda,Total,80-89,872,449,423,225,106,119,175,88,87,31,14,17,233,133,100,18,9,9,6,5,1,95,59,36,89,35,54
4295,C4920,10,229,District-Nalanda,Total,90+,281,150,131,59,23,36,65,41,24,11,6,5,72,44,28,4,3,1,4,4,0,26,14,12,40,15,25
4296,C4920,10,229,District-Nalanda,Total,Age Not Stated,192,81,111,79,17,62,39,21,18,7,2,5,15,8,7,1,0,1,2,2,0,45,29,16,4,2,2
4297,C4920,10,229,District-Nalanda,Rural,Total,51850,30464,21386,9455,5082,4373,10572,5652,4920,3601,2082,1519,12513,8240,4273,2242,1400,842,1065,700,365,9715,5620,4095,2687,1688,999
4298,C4920,10,229,District-Nalanda,Rural,0-4,3245,1690,1555,738,377,361,884,437,447,81,41,40,343,204,139,77,40,37,33,26,7,941,480,461,148,85,63
4299,C4920,10,229,District-Nalanda,Rural,5-9,5045,2816,2229,930,507,423,1268,650,618,536,307,229,686,417,269,230,139,91,85,49,36,977,527,450,333,220,113
4300,C4920,10,229,District-Nalanda,Rural,10-19,11143,6503,4640,1635,896,739,2051,1104,947,948,570,378,3116,1950,1166,615,362,253,213,138,75,1843,1003,840,722,480,242
4301,C4920,10,229,District-Nalanda,Rural,20-29,8001,4871,3130,1104,589,515,1439,783,656,612,366,246,2457,1660,797,406,266,140,174,123,51,1429,820,609,380,264,116
4302,C4920,10,229,District-Nalanda,Rural,30-39,6664,4063,2601,1085,614,471,1373,740,633,427,244,183,1558,1078,480,377,240,137,196,129,67,1422,864,558,226,154,72
4303,C4920,10,229,District-Nalanda,Rural,40-49,5098,3197,1901,946,538,408,1036,581,455,378,208,170,1044,753,291,231,167,64,151,99,52,1126,728,398,186,123,63
4304,C4920,10,229,District-Nalanda,Rural,50-59,4029,2401,1628,858,473,385,822,416,406,257,145,112,945,648,297,149,96,53,103,64,39,753,474,279,142,85,57
4305,C4920,10,229,District-Nalanda,Rural,60-69,4896,2840,2056,1223,634,589,965,547,418,219,123,96,1309,852,457,102,56,46,75,45,30,753,440,313,250,143,107
4306,C4920,10,229,District-Nalanda,Rural,70-79,2591,1512,1079,620,330,290,509,275,234,101,59,42,778,517,261,37,24,13,26,19,7,326,197,129,194,91,103
4307,C4920,10,229,District-Nalanda,Rural,80-89,744,385,359,191,93,98,151,74,77,28,12,16,204,117,87,16,9,7,4,3,1,81,50,31,69,27,42
4308,C4920,10,229,District-Nalanda,Rural,90+,234,128,106,50,18,32,50,33,17,10,6,4,63,40,23,1,1,0,3,3,0,23,12,11,34,15,19
4309,C4920,10,229,District-Nalanda,Rural,Age Not Stated,160,58,102,75,13,62,24,12,12,4,1,3,10,4,6,1,0,1,2,2,0,41,25,16,3,1,2
4310,C4920,10,229,District-Nalanda,Urban,Total,8272,4756,3516,1465,814,651,1832,971,861,584,324,260,1828,1153,675,399,250,149,167,105,62,1455,836,619,542,303,239
4311,C4920,10,229,District-Nalanda,Urban,0-4,515,283,232,110,63,47,152,76,76,18,12,6,55,35,20,15,9,6,2,1,1,134,68,66,29,19,10
4312,C4920,10,229,District-Nalanda,Urban,5-9,740,382,358,146,77,69,185,96,89,82,41,41,84,46,38,30,16,14,12,8,4,145,64,81,56,34,22
4313,C4920,10,229,District-Nalanda,Urban,10-19,1804,992,812,275,143,132,357,174,183,152,88,64,466,276,190,101,63,38,39,21,18,289,161,128,125,66,59
4314,C4920,10,229,District-Nalanda,Urban,20-29,1329,765,564,171,91,80,246,129,117,100,47,53,392,244,148,91,63,28,25,15,10,235,135,100,69,41,28
4315,C4920,10,229,District-Nalanda,Urban,30-39,1139,686,453,173,97,76,247,146,101,96,57,39,219,137,82,77,49,28,30,22,8,240,139,101,57,39,18
4316,C4920,10,229,District-Nalanda,Urban,40-49,777,502,275,135,84,51,172,97,75,61,39,22,150,103,47,41,24,17,27,20,7,149,103,46,42,32,10
4317,C4920,10,229,District-Nalanda,Urban,50-59,607,371,236,129,80,49,147,81,66,30,13,17,136,99,37,14,9,5,16,7,9,108,67,41,27,15,12
4318,C4920,10,229,District-Nalanda,Urban,60-69,739,426,313,181,113,68,166,83,83,27,16,11,180,112,68,17,10,7,9,7,2,90,56,34,69,29,40
4319,C4920,10,229,District-Nalanda,Urban,70-79,415,240,175,98,44,54,106,58,48,11,8,3,103,77,26,8,5,3,4,1,3,44,28,16,41,19,22
4320,C4920,10,229,District-Nalanda,Urban,80-89,128,64,64,34,13,21,24,14,10,3,2,1,29,16,13,2,0,2,2,2,0,14,9,5,20,8,12
4321,C4920,10,229,District-Nalanda,Urban,90+,47,22,25,9,5,4,15,8,7,1,0,1,9,4,5,3,2,1,1,1,0,3,2,1,6,0,6
4322,C4920,10,229,District-Nalanda,Urban,Age Not Stated,32,23,9,4,4,0,15,9,6,3,1,2,5,4,1,0,0,0,0,0,0,4,4,0,1,1,0
4323,C4920,10,230,District-Patna,Total,Total,189092,107536,81556,53758,29073,24685,46329,24752,21577,12839,7221,5618,24903,16612,8291,6517,4049,2468,2541,1678,863,36011,20390,15621,6194,3761,2433
4324,C4920,10,230,District-Patna,Total,0-4,14476,7580,6896,5105,2656,2449,3871,1966,1905,313,159,154,723,410,313,318,176,142,42,26,16,3743,1975,1768,361,212,149
4325,C4920,10,230,District-Patna,Total,5-9,19444,10465,8979,6121,3241,2880,5087,2636,2451,1724,936,788,1345,782,563,660,415,245,165,99,66,3667,1945,1722,675,411,264
4326,C4920,10,230,District-Patna,Total,10-19,39866,22510,17356,10947,5902,5045,9657,5047,4610,3068,1734,1334,5593,3651,1942,1655,994,661,536,332,204,6978,3948,3030,1432,902,530
4327,C4920,10,230,District-Patna,Total,20-29,30682,17386,13296,8009,4222,3787,7376,3879,3497,2227,1214,1013,4699,3193,1506,1232,800,432,464,313,151,5706,3162,2544,969,603,366
4328,C4920,10,230,District-Patna,Total,30-39,26454,15212,11242,7173,3899,3274,6504,3488,3016,1892,1054,838,3403,2297,1106,1018,648,370,482,335,147,5327,3060,2267,655,431,224
4329,C4920,10,230,District-Patna,Total,40-49,19891,12062,7829,5464,3138,2326,5001,2801,2200,1449,872,577,2517,1871,646,743,477,266,374,279,95,3838,2312,1526,505,312,193
4330,C4920,10,230,District-Patna,Total,50-59,14387,8444,5943,4054,2247,1807,3453,1908,1545,969,559,410,2098,1488,610,443,287,156,230,132,98,2746,1609,1137,394,214,180
4331,C4920,10,230,District-Patna,Total,60-69,13603,7863,5740,4046,2180,1866,2992,1638,1354,765,456,309,2415,1584,831,284,164,120,155,95,60,2385,1415,970,561,331,230
4332,C4920,10,230,District-Patna,Total,70-79,6675,4064,2611,1959,1127,832,1484,889,595,273,158,115,1420,949,471,92,50,42,59,42,17,995,622,373,393,227,166
4333,C4920,10,230,District-Patna,Total,80-89,2143,1183,960,548,294,254,492,268,224,89,42,47,504,296,208,40,23,17,20,15,5,293,165,128,157,80,77
4334,C4920,10,230,District-Patna,Total,90+,754,383,371,195,94,101,177,98,79,38,25,13,151,75,76,21,10,11,9,5,4,89,52,37,74,24,50
4335,C4920,10,230,District-Patna,Total,Age Not Stated,717,384,333,137,73,64,235,134,101,32,12,20,35,16,19,11,5,6,5,5,0,244,125,119,18,14,4
4336,C4920,10,230,District-Patna,Rural,Total,106616,61228,45388,30496,16514,13982,22596,12003,10593,7522,4256,3266,16678,11252,5426,3722,2327,1395,1457,959,498,20582,11710,8872,3563,2207,1356
4337,C4920,10,230,District-Patna,Rural,0-4,9075,4785,4290,3261,1701,1560,2270,1176,1094,198,100,98,484,281,203,194,112,82,30,19,11,2406,1259,1147,232,137,95
4338,C4920,10,230,District-Patna,Rural,5-9,11864,6327,5537,3801,1979,1822,2812,1419,1393,1140,603,537,903,521,382,408,257,151,109,62,47,2285,1229,1056,406,257,149
4339,C4920,10,230,District-Patna,Rural,10-19,22483,12940,9543,6168,3390,2778,4587,2388,2199,1838,1062,776,3872,2587,1285,955,577,378,319,188,131,3909,2194,1715,835,554,281
4340,C4920,10,230,District-Patna,Rural,20-29,16189,9317,6872,4185,2231,1954,3225,1671,1554,1247,698,549,3076,2120,956,641,409,232,247,172,75,3043,1694,1349,525,322,203
4341,C4920,10,230,District-Patna,Rural,30-39,14315,8365,5950,3825,2085,1740,3006,1609,1397,1062,606,456,2271,1533,738,575,369,206,267,188,79,2947,1732,1215,362,243,119
4342,C4920,10,230,District-Patna,Rural,40-49,10465,6440,4025,2896,1692,1204,2224,1259,965,804,475,329,1588,1161,427,423,279,144,206,150,56,2075,1262,813,249,162,87
4343,C4920,10,230,District-Patna,Rural,50-59,7716,4576,3140,2082,1147,935,1616,897,719,521,295,226,1385,1001,384,251,169,82,137,88,49,1503,863,640,221,116,105
4344,C4920,10,230,District-Patna,Rural,60-69,8333,4824,3509,2514,1324,1190,1596,852,744,460,268,192,1658,1107,551,188,108,80,85,50,35,1484,911,573,348,204,144
4345,C4920,10,230,District-Patna,Rural,70-79,4137,2529,1608,1244,686,558,828,494,334,165,101,64,985,680,305,47,24,23,37,27,10,590,376,214,241,141,100
4346,C4920,10,230,District-Patna,Rural,80-89,1283,736,547,331,185,146,259,141,118,53,27,26,327,199,128,21,14,7,12,9,3,185,108,77,95,53,42
4347,C4920,10,230,District-Patna,Rural,90+,456,229,227,125,58,67,87,49,38,24,15,9,106,53,53,14,6,8,5,3,2,56,33,23,39,12,27
4348,C4920,10,230,District-Patna,Rural,Age Not Stated,300,160,140,64,36,28,86,48,38,10,6,4,23,9,14,5,3,2,3,3,0,99,49,50,10,6,4
4349,C4920,10,230,District-Patna,Urban,Total,82476,46308,36168,23262,12559,10703,23733,12749,10984,5317,2965,2352,8225,5360,2865,2795,1722,1073,1084,719,365,15429,8680,6749,2631,1554,1077
4350,C4920,10,230,District-Patna,Urban,0-4,5401,2795,2606,1844,955,889,1601,790,811,115,59,56,239,129,110,124,64,60,12,7,5,1337,716,621,129,75,54
4351,C4920,10,230,District-Patna,Urban,5-9,7580,4138,3442,2320,1262,1058,2275,1217,1058,584,333,251,442,261,181,252,158,94,56,37,19,1382,716,666,269,154,115
4352,C4920,10,230,District-Patna,Urban,10-19,17383,9570,7813,4779,2512,2267,5070,2659,2411,1230,672,558,1721,1064,657,700,417,283,217,144,73,3069,1754,1315,597,348,249
4353,C4920,10,230,District-Patna,Urban,20-29,14493,8069,6424,3824,1991,1833,4151,2208,1943,980,516,464,1623,1073,550,591,391,200,217,141,76,2663,1468,1195,444,281,163
4354,C4920,10,230,District-Patna,Urban,30-39,12139,6847,5292,3348,1814,1534,3498,1879,1619,830,448,382,1132,764,368,443,279,164,215,147,68,2380,1328,1052,293,188,105
4355,C4920,10,230,District-Patna,Urban,40-49,9426,5622,3804,2568,1446,1122,2777,1542,1235,645,397,248,929,710,219,320,198,122,168,129,39,1763,1050,713,256,150,106
4356,C4920,10,230,District-Patna,Urban,50-59,6671,3868,2803,1972,1100,872,1837,1011,826,448,264,184,713,487,226,192,118,74,93,44,49,1243,746,497,173,98,75
4357,C4920,10,230,District-Patna,Urban,60-69,5270,3039,2231,1532,856,676,1396,786,610,305,188,117,757,477,280,96,56,40,70,45,25,901,504,397,213,127,86
4358,C4920,10,230,District-Patna,Urban,70-79,2538,1535,1003,715,441,274,656,395,261,108,57,51,435,269,166,45,26,19,22,15,7,405,246,159,152,86,66
4359,C4920,10,230,District-Patna,Urban,80-89,860,447,413,217,109,108,233,127,106,36,15,21,177,97,80,19,9,10,8,6,2,108,57,51,62,27,35
4360,C4920,10,230,District-Patna,Urban,90+,298,154,144,70,36,34,90,49,41,14,10,4,45,22,23,7,4,3,4,2,2,33,19,14,35,12,23
4361,C4920,10,230,District-Patna,Urban,Age Not Stated,417,224,193,73,37,36,149,86,63,22,6,16,12,7,5,6,2,4,2,2,0,145,76,69,8,8,0
4362,C4920,10,231,District-Bhojpur,Total,Total,75483,42740,32743,21568,11463,10105,22040,11862,10178,3989,2258,1731,9393,6252,3141,2586,1587,999,1019,710,309,12143,6883,5260,2745,1725,1020
4363,C4920,10,231,District-Bhojpur,Total,0-4,6061,3141,2920,1994,995,999,2068,1097,971,90,48,42,238,133,105,135,68,67,31,16,15,1366,694,672,139,90,49
4364,C4920,10,231,District-Bhojpur,Total,5-9,8366,4480,3886,2664,1422,1242,2693,1397,1296,554,282,272,505,298,207,281,159,122,53,36,17,1349,718,631,267,168,99
4365,C4920,10,231,District-Bhojpur,Total,10-19,16022,9089,6933,4476,2381,2095,4555,2460,2095,1016,580,436,2085,1361,724,660,409,251,197,121,76,2407,1362,1045,626,415,211
4366,C4920,10,231,District-Bhojpur,Total,20-29,11228,6560,4668,3023,1560,1463,3164,1705,1459,677,414,263,1629,1200,429,450,293,157,182,140,42,1740,1007,733,363,241,122
4367,C4920,10,231,District-Bhojpur,Total,30-39,9382,5429,3953,2514,1361,1153,2699,1433,1266,521,295,226,1117,803,314,415,273,142,203,154,49,1648,929,719,265,181,84
4368,C4920,10,231,District-Bhojpur,Total,40-49,7542,4485,3057,1970,1083,887,2306,1263,1043,442,257,185,901,666,235,308,197,111,158,113,45,1239,760,479,218,146,72
4369,C4920,10,231,District-Bhojpur,Total,50-59,5885,3334,2551,1726,953,773,1705,907,798,299,155,144,783,514,269,165,96,69,103,68,35,938,542,396,166,99,67
4370,C4920,10,231,District-Bhojpur,Total,60-69,5842,3295,2547,1784,944,840,1519,814,705,231,133,98,1058,657,401,113,56,57,60,42,18,846,516,330,231,133,98
4371,C4920,10,231,District-Bhojpur,Total,70-79,3395,1931,1464,960,522,438,874,508,366,100,59,41,730,426,304,37,18,19,22,17,5,392,233,159,280,148,132
4372,C4920,10,231,District-Bhojpur,Total,80-89,1165,657,508,315,164,151,274,162,112,34,20,14,272,151,121,13,11,2,5,2,3,116,73,43,136,74,62
4373,C4920,10,231,District-Bhojpur,Total,90+,352,180,172,98,50,48,78,41,37,15,8,7,66,37,29,3,3,0,4,0,4,44,17,27,44,24,20
4374,C4920,10,231,District-Bhojpur,Total,Age Not Stated,243,159,84,44,28,16,105,75,30,10,7,3,9,6,3,6,4,2,1,1,0,58,32,26,10,6,4
4375,C4920,10,231,District-Bhojpur,Rural,Total,65068,36891,28177,18117,9619,8498,19123,10311,8812,3411,1939,1472,8213,5488,2725,2191,1345,846,854,597,257,10870,6135,4735,2289,1457,832
4376,C4920,10,231,District-Bhojpur,Rural,0-4,5308,2745,2563,1695,838,857,1813,957,856,80,42,38,203,115,88,119,59,60,26,13,13,1247,638,609,125,83,42
4377,C4920,10,231,District-Bhojpur,Rural,5-9,7251,3871,3380,2230,1189,1041,2373,1213,1160,477,243,234,428,261,167,247,142,105,43,28,15,1230,654,576,223,141,82
4378,C4920,10,231,District-Bhojpur,Rural,10-19,13605,7769,5836,3679,1937,1742,3880,2135,1745,872,502,370,1802,1192,610,564,346,218,163,104,59,2144,1217,927,501,336,165
4379,C4920,10,231,District-Bhojpur,Rural,20-29,9487,5554,3933,2479,1282,1197,2704,1449,1255,573,353,220,1388,1036,352,368,242,126,159,123,36,1528,872,656,288,197,91
4380,C4920,10,231,District-Bhojpur,Rural,30-39,8042,4675,3367,2070,1126,944,2329,1242,1087,440,247,193,979,703,276,356,233,123,171,130,41,1469,832,637,228,162,66
4381,C4920,10,231,District-Bhojpur,Rural,40-49,6481,3853,2628,1648,909,739,2000,1097,903,378,220,158,776,566,210,260,168,92,131,93,38,1113,676,437,175,124,51
4382,C4920,10,231,District-Bhojpur,Rural,50-59,5127,2902,2225,1483,822,661,1506,803,703,261,136,125,694,455,239,135,78,57,83,52,31,830,476,354,135,80,55
4383,C4920,10,231,District-Bhojpur,Rural,60-69,5158,2895,2263,1565,825,740,1345,715,630,196,116,80,957,594,363,93,45,48,48,35,13,756,456,300,198,109,89
4384,C4920,10,231,District-Bhojpur,Rural,70-79,3053,1743,1310,863,475,388,781,460,321,85,50,35,671,392,279,30,15,15,20,16,4,355,205,150,248,130,118
4385,C4920,10,231,District-Bhojpur,Rural,80-89,1047,597,450,285,147,138,232,138,94,30,18,12,253,141,112,12,11,1,5,2,3,109,70,39,121,70,51
4386,C4920,10,231,District-Bhojpur,Rural,90+,303,154,149,84,46,38,70,37,33,13,8,5,54,28,26,3,3,0,4,0,4,37,12,25,38,20,18
4387,C4920,10,231,District-Bhojpur,Rural,Age Not Stated,206,133,73,36,23,13,90,65,25,6,4,2,8,5,3,4,3,1,1,1,0,52,27,25,9,5,4
4388,C4920,10,231,District-Bhojpur,Urban,Total,10415,5849,4566,3451,1844,1607,2917,1551,1366,578,319,259,1180,764,416,395,242,153,165,113,52,1273,748,525,456,268,188
4389,C4920,10,231,District-Bhojpur,Urban,0-4,753,396,357,299,157,142,255,140,115,10,6,4,35,18,17,16,9,7,5,3,2,119,56,63,14,7,7
4390,C4920,10,231,District-Bhojpur,Urban,5-9,1115,609,506,434,233,201,320,184,136,77,39,38,77,37,40,34,17,17,10,8,2,119,64,55,44,27,17
4391,C4920,10,231,District-Bhojpur,Urban,10-19,2417,1320,1097,797,444,353,675,325,350,144,78,66,283,169,114,96,63,33,34,17,17,263,145,118,125,79,46
4392,C4920,10,231,District-Bhojpur,Urban,20-29,1741,1006,735,544,278,266,460,256,204,104,61,43,241,164,77,82,51,31,23,17,6,212,135,77,75,44,31
4393,C4920,10,231,District-Bhojpur,Urban,30-39,1340,754,586,444,235,209,370,191,179,81,48,33,138,100,38,59,40,19,32,24,8,179,97,82,37,19,18
4394,C4920,10,231,District-Bhojpur,Urban,40-49,1061,632,429,322,174,148,306,166,140,64,37,27,125,100,25,48,29,19,27,20,7,126,84,42,43,22,21
4395,C4920,10,231,District-Bhojpur,Urban,50-59,758,432,326,243,131,112,199,104,95,38,19,19,89,59,30,30,18,12,20,16,4,108,66,42,31,19,12
4396,C4920,10,231,District-Bhojpur,Urban,60-69,684,400,284,219,119,100,174,99,75,35,17,18,101,63,38,20,11,9,12,7,5,90,60,30,33,24,9
4397,C4920,10,231,District-Bhojpur,Urban,70-79,342,188,154,97,47,50,93,48,45,15,9,6,59,34,25,7,3,4,2,1,1,37,28,9,32,18,14
4398,C4920,10,231,District-Bhojpur,Urban,80-89,118,60,58,30,17,13,42,24,18,4,2,2,19,10,9,1,0,1,0,0,0,7,3,4,15,4,11
4399,C4920,10,231,District-Bhojpur,Urban,90+,49,26,23,14,4,10,8,4,4,2,0,2,12,9,3,0,0,0,0,0,0,7,5,2,6,4,2
4400,C4920,10,231,District-Bhojpur,Urban,Age Not Stated,37,26,11,8,5,3,15,10,5,4,3,1,1,1,0,2,1,1,0,0,0,6,5,1,1,1,0
4401,C4920,10,232,District-Buxar,Total,Total,32072,18941,13131,5700,3054,2646,7482,4054,3428,1971,1173,798,6747,4474,2273,1492,942,550,821,578,243,5994,3522,2472,1865,1144,721
4402,C4920,10,232,District-Buxar,Total,0-4,2045,1080,965,393,201,192,637,331,306,56,35,21,229,123,106,59,21,38,14,9,5,578,312,266,79,48,31
4403,C4920,10,232,District-Buxar,Total,5-9,3100,1679,1421,527,265,262,847,424,423,307,192,115,417,251,166,123,74,49,32,18,14,618,322,296,229,133,96
4404,C4920,10,232,District-Buxar,Total,10-19,6810,4022,2788,1125,581,544,1541,868,673,498,303,195,1453,951,502,405,246,159,166,110,56,1169,668,501,453,295,158
4405,C4920,10,232,District-Buxar,Total,20-29,4504,2805,1699,677,387,290,952,498,454,278,171,107,986,721,265,264,184,80,170,120,50,894,536,358,283,188,95
4406,C4920,10,232,District-Buxar,Total,30-39,4049,2451,1598,633,354,279,972,517,455,278,156,122,784,555,229,246,167,79,148,116,32,823,477,346,165,109,56
4407,C4920,10,232,District-Buxar,Total,40-49,3341,2092,1249,588,317,271,749,428,321,214,129,85,630,459,171,187,125,62,144,103,41,689,443,246,140,88,52
4408,C4920,10,232,District-Buxar,Total,50-59,2503,1478,1025,461,248,213,584,317,267,132,65,67,634,427,207,90,61,29,60,41,19,446,263,183,96,56,40
4409,C4920,10,232,District-Buxar,Total,60-69,3154,1848,1306,730,392,338,647,356,291,133,79,54,846,538,308,68,39,29,55,36,19,487,306,181,188,102,86
4410,C4920,10,232,District-Buxar,Total,70-79,1737,1011,726,401,219,182,376,212,164,48,29,19,528,311,217,33,14,19,22,18,4,193,132,61,136,76,60
4411,C4920,10,232,District-Buxar,Total,80-89,584,347,237,108,62,46,122,72,50,14,7,7,193,116,77,8,6,2,6,5,1,55,37,18,78,42,36
4412,C4920,10,232,District-Buxar,Total,90+,183,89,94,43,18,25,42,20,22,11,6,5,39,19,20,6,3,3,2,2,0,23,14,9,17,7,10
4413,C4920,10,232,District-Buxar,Total,Age Not Stated,62,39,23,14,10,4,13,11,2,2,1,1,8,3,5,3,2,1,2,0,2,19,12,7,1,0,1
4414,C4920,10,232,District-Buxar,Rural,Total,29350,17339,12011,5345,2874,2471,6887,3716,3171,1732,1036,696,6103,4053,2050,1356,858,498,736,519,217,5500,3247,2253,1691,1036,655
4415,C4920,10,232,District-Buxar,Rural,0-4,1904,1003,901,374,191,183,600,310,290,53,35,18,205,110,95,56,20,36,14,9,5,530,287,243,72,41,31
4416,C4920,10,232,District-Buxar,Rural,5-9,2861,1552,1309,486,244,242,793,396,397,281,178,103,377,225,152,112,69,43,27,14,13,574,303,271,211,123,88
4417,C4920,10,232,District-Buxar,Rural,10-19,6187,3666,2521,1047,542,505,1404,791,613,422,257,165,1326,869,457,374,229,145,148,103,45,1067,614,453,399,261,138
4418,C4920,10,232,District-Buxar,Rural,20-29,4085,2540,1545,633,364,269,861,448,413,246,154,92,899,652,247,225,159,66,152,108,44,817,488,329,252,167,85
4419,C4920,10,232,District-Buxar,Rural,30-39,3720,2241,1479,597,332,265,905,471,434,240,137,103,711,501,210,220,150,70,130,102,28,763,447,316,154,101,53
4420,C4920,10,232,District-Buxar,Rural,40-49,3036,1898,1138,546,298,248,688,397,291,186,108,78,571,417,154,170,111,59,131,91,40,618,396,222,126,80,46
4421,C4920,10,232,District-Buxar,Rural,50-59,2276,1338,938,428,228,200,530,282,248,117,58,59,560,377,183,86,60,26,55,37,18,413,246,167,87,50,37
4422,C4920,10,232,District-Buxar,Rural,60-69,2908,1709,1199,695,372,323,598,329,269,118,69,49,754,492,262,67,38,29,51,33,18,453,286,167,172,90,82
4423,C4920,10,232,District-Buxar,Rural,70-79,1617,950,667,389,217,172,346,196,150,44,27,17,485,286,199,30,12,18,20,16,4,175,122,53,128,74,54
4424,C4920,10,232,District-Buxar,Rural,80-89,529,319,210,100,59,41,109,66,43,13,6,7,172,104,68,7,5,2,5,4,1,50,33,17,73,42,31
4425,C4920,10,232,District-Buxar,Rural,90+,170,86,84,37,18,19,40,19,21,10,6,4,36,17,19,6,3,3,2,2,0,23,14,9,16,7,9
4426,C4920,10,232,District-Buxar,Rural,Age Not Stated,57,37,20,13,9,4,13,11,2,2,1,1,7,3,4,3,2,1,1,0,1,17,11,6,1,0,1
4427,C4920,10,232,District-Buxar,Urban,Total,2722,1602,1120,355,180,175,595,338,257,239,137,102,644,421,223,136,84,52,85,59,26,494,275,219,174,108,66
4428,C4920,10,232,District-Buxar,Urban,0-4,141,77,64,19,10,9,37,21,16,3,0,3,24,13,11,3,1,2,0,0,0,48,25,23,7,7,0
4429,C4920,10,232,District-Buxar,Urban,5-9,239,127,112,41,21,20,54,28,26,26,14,12,40,26,14,11,5,6,5,4,1,44,19,25,18,10,8
4430,C4920,10,232,District-Buxar,Urban,10-19,623,356,267,78,39,39,137,77,60,76,46,30,127,82,45,31,17,14,18,7,11,102,54,48,54,34,20
4431,C4920,10,232,District-Buxar,Urban,20-29,419,265,154,44,23,21,91,50,41,32,17,15,87,69,18,39,25,14,18,12,6,77,48,29,31,21,10
4432,C4920,10,232,District-Buxar,Urban,30-39,329,210,119,36,22,14,67,46,21,38,19,19,73,54,19,26,17,9,18,14,4,60,30,30,11,8,3
4433,C4920,10,232,District-Buxar,Urban,40-49,305,194,111,42,19,23,61,31,30,28,21,7,59,42,17,17,14,3,13,12,1,71,47,24,14,8,6
4434,C4920,10,232,District-Buxar,Urban,50-59,227,140,87,33,20,13,54,35,19,15,7,8,74,50,24,4,1,3,5,4,1,33,17,16,9,6,3
4435,C4920,10,232,District-Buxar,Urban,60-69,246,139,107,35,20,15,49,27,22,15,10,5,92,46,46,1,1,0,4,3,1,34,20,14,16,12,4
4436,C4920,10,232,District-Buxar,Urban,70-79,120,61,59,12,2,10,30,16,14,4,2,2,43,25,18,3,2,1,2,2,0,18,10,8,8,2,6
4437,C4920,10,232,District-Buxar,Urban,80-89,55,28,27,8,3,5,13,6,7,1,1,0,21,12,9,1,1,0,1,1,0,5,4,1,5,0,5
4438,C4920,10,232,District-Buxar,Urban,90+,13,3,10,6,0,6,2,1,1,1,0,1,3,2,1,0,0,0,0,0,0,0,0,0,1,0,1
4439,C4920,10,232,District-Buxar,Urban,Age Not Stated,5,2,3,1,1,0,0,0,0,0,0,0,1,0,1,0,0,0,1,0,1,2,1,1,0,0,0
4440,C4920,10,233,District-Kaimur (Bhabua),Total,Total,32533,18617,13916,4600,2492,2108,7569,4115,3454,2350,1350,1000,5554,3579,1975,1661,1018,643,643,400,243,8360,4621,3739,1796,1042,754
4441,C4920,10,233,District-Kaimur (Bhabua),Total,0-4,2206,1146,1060,222,105,117,649,329,320,58,33,25,154,80,74,115,61,54,12,10,2,900,475,425,96,53,43
4442,C4920,10,233,District-Kaimur (Bhabua),Total,5-9,3391,1855,1536,402,223,179,922,480,442,334,174,160,334,198,136,177,103,74,41,27,14,1001,545,456,180,105,75
4443,C4920,10,233,District-Kaimur (Bhabua),Total,10-19,6638,3859,2779,652,321,331,1543,821,722,613,391,222,1261,826,435,433,270,163,140,91,49,1604,873,731,392,266,126
4444,C4920,10,233,District-Kaimur (Bhabua),Total,20-29,4398,2640,1758,431,246,185,988,557,431,370,214,156,865,608,257,271,178,93,118,77,41,1136,616,520,219,144,75
4445,C4920,10,233,District-Kaimur (Bhabua),Total,30-39,4015,2314,1701,497,284,213,976,511,465,305,174,131,669,438,231,231,143,88,111,67,44,1093,617,476,133,80,53
4446,C4920,10,233,District-Kaimur (Bhabua),Total,40-49,3400,2038,1362,490,275,215,747,444,303,306,164,142,559,374,185,187,115,72,88,53,35,902,536,366,121,77,44
4447,C4920,10,233,District-Kaimur (Bhabua),Total,50-59,2765,1588,1177,556,326,230,591,332,259,158,83,75,558,350,208,105,60,45,63,35,28,603,336,267,131,66,65
4448,C4920,10,233,District-Kaimur (Bhabua),Total,60-69,3002,1684,1318,702,370,332,623,342,281,111,58,53,615,381,234,102,63,39,42,26,16,599,338,261,208,106,102
4449,C4920,10,233,District-Kaimur (Bhabua),Total,70-79,1707,946,761,443,224,219,342,193,149,49,31,18,369,223,146,21,12,9,22,12,10,271,161,110,190,90,100
4450,C4920,10,233,District-Kaimur (Bhabua),Total,80-89,541,293,248,128,72,56,110,63,47,19,14,5,114,67,47,10,6,4,5,1,4,67,31,36,88,39,49
4451,C4920,10,233,District-Kaimur (Bhabua),Total,90+,217,112,105,49,30,19,41,23,18,9,3,6,44,23,21,3,1,2,1,1,0,37,19,18,33,12,21
4452,C4920,10,233,District-Kaimur (Bhabua),Total,Age Not Stated,253,142,111,28,16,12,37,20,17,18,11,7,12,11,1,6,6,0,0,0,0,147,74,73,5,4,1
4453,C4920,10,233,District-Kaimur (Bhabua),Rural,Total,31072,17786,13286,4514,2442,2072,7194,3920,3274,1838,1072,766,5402,3477,1925,1613,985,628,622,383,239,8139,4493,3646,1750,1014,736
4454,C4920,10,233,District-Kaimur (Bhabua),Rural,0-4,2119,1105,1014,220,104,116,610,308,302,48,31,17,153,80,73,113,61,52,12,10,2,869,460,409,94,51,43
4455,C4920,10,233,District-Kaimur (Bhabua),Rural,5-9,3250,1780,1470,394,218,176,872,455,417,288,150,138,327,195,132,175,101,74,40,26,14,977,533,444,177,102,75
4456,C4920,10,233,District-Kaimur (Bhabua),Rural,10-19,6321,3669,2652,636,311,325,1463,783,680,494,319,175,1231,801,430,422,264,158,135,87,48,1557,846,711,383,258,125
4457,C4920,10,233,District-Kaimur (Bhabua),Rural,20-29,4154,2502,1652,424,244,180,916,518,398,278,166,112,844,595,249,261,170,91,113,74,39,1108,597,511,210,138,72
4458,C4920,10,233,District-Kaimur (Bhabua),Rural,30-39,3832,2210,1622,488,280,208,924,483,441,229,134,95,655,426,229,226,140,86,109,65,44,1071,603,468,130,79,51
4459,C4920,10,233,District-Kaimur (Bhabua),Rural,40-49,3229,1941,1288,481,270,211,721,432,289,225,121,104,543,361,182,180,109,71,85,51,34,874,520,354,120,77,43
4460,C4920,10,233,District-Kaimur (Bhabua),Rural,50-59,2637,1510,1127,545,318,227,562,317,245,112,56,56,538,338,200,101,57,44,61,33,28,589,327,262,129,64,65
4461,C4920,10,233,District-Kaimur (Bhabua),Rural,60-69,2896,1625,1271,689,363,326,607,332,275,87,47,40,594,369,225,97,59,38,41,25,16,578,326,252,203,104,99
4462,C4920,10,233,District-Kaimur (Bhabua),Rural,70-79,1649,908,741,435,216,219,335,188,147,36,22,14,351,214,137,21,12,9,20,10,10,266,158,108,185,88,97
4463,C4920,10,233,District-Kaimur (Bhabua),Rural,80-89,526,286,240,126,72,54,108,62,46,16,13,3,112,65,47,8,5,3,5,1,4,66,30,36,85,38,47
4464,C4920,10,233,District-Kaimur (Bhabua),Rural,90+,207,108,99,48,30,18,39,22,17,7,2,5,42,22,20,3,1,2,1,1,0,37,19,18,30,11,19
4465,C4920,10,233,District-Kaimur (Bhabua),Rural,Age Not Stated,252,142,110,28,16,12,37,20,17,18,11,7,12,11,1,6,6,0,0,0,0,147,74,73,4,4,0
4466,C4920,10,233,District-Kaimur (Bhabua),Urban,Total,1461,831,630,86,50,36,375,195,180,512,278,234,152,102,50,48,33,15,21,17,4,221,128,93,46,28,18
4467,C4920,10,233,District-Kaimur (Bhabua),Urban,0-4,87,41,46,2,1,1,39,21,18,10,2,8,1,0,1,2,0,2,0,0,0,31,15,16,2,2,0
4468,C4920,10,233,District-Kaimur (Bhabua),Urban,5-9,141,75,66,8,5,3,50,25,25,46,24,22,7,3,4,2,2,0,1,1,0,24,12,12,3,3,0
4469,C4920,10,233,District-Kaimur (Bhabua),Urban,10-19,317,190,127,16,10,6,80,38,42,119,72,47,30,25,5,11,6,5,5,4,1,47,27,20,9,8,1
4470,C4920,10,233,District-Kaimur (Bhabua),Urban,20-29,244,138,106,7,2,5,72,39,33,92,48,44,21,13,8,10,8,2,5,3,2,28,19,9,9,6,3
4471,C4920,10,233,District-Kaimur (Bhabua),Urban,30-39,183,104,79,9,4,5,52,28,24,76,40,36,14,12,2,5,3,2,2,2,0,22,14,8,3,1,2
4472,C4920,10,233,District-Kaimur (Bhabua),Urban,40-49,171,97,74,9,5,4,26,12,14,81,43,38,16,13,3,7,6,1,3,2,1,28,16,12,1,0,1
4473,C4920,10,233,District-Kaimur (Bhabua),Urban,50-59,128,78,50,11,8,3,29,15,14,46,27,19,20,12,8,4,3,1,2,2,0,14,9,5,2,2,0
4474,C4920,10,233,District-Kaimur (Bhabua),Urban,60-69,106,59,47,13,7,6,16,10,6,24,11,13,21,12,9,5,4,1,1,1,0,21,12,9,5,2,3
4475,C4920,10,233,District-Kaimur (Bhabua),Urban,70-79,58,38,20,8,8,0,7,5,2,13,9,4,18,9,9,0,0,0,2,2,0,5,3,2,5,2,3
4476,C4920,10,233,District-Kaimur (Bhabua),Urban,80-89,15,7,8,2,0,2,2,1,1,3,1,2,2,2,0,2,1,1,0,0,0,1,1,0,3,1,2
4477,C4920,10,233,District-Kaimur (Bhabua),Urban,90+,10,4,6,1,0,1,2,1,1,2,1,1,2,1,1,0,0,0,0,0,0,0,0,0,3,1,2
4478,C4920,10,233,District-Kaimur (Bhabua),Urban,Age Not Stated,1,0,1,0,0,0,0,0,0,0,0,0,0,0,0,0,0,0,0,0,0,0,0,0,1,0,1
4479,C4920,10,234,District-Rohtas,Total,Total,67301,38826,28475,16564,8948,7616,15078,7862,7216,3809,2204,1605,13023,8579,4444,2954,1799,1155,1396,912,484,11307,6617,4690,3170,1905,1265
4480,C4920,10,234,District-Rohtas,Total,0-4,4717,2472,2245,1480,754,726,1320,633,687,71,41,30,391,226,165,153,85,68,23,16,7,1101,610,491,178,107,71
4481,C4920,10,234,District-Rohtas,Total,5-9,6894,3806,3088,1957,1073,884,1660,849,811,575,339,236,717,420,297,334,205,129,79,52,27,1236,665,571,336,203,133
4482,C4920,10,234,District-Rohtas,Total,10-19,14593,8305,6288,3223,1714,1509,3130,1643,1487,1017,591,426,3190,2049,1141,777,445,332,283,175,108,2220,1232,988,753,456,297
4483,C4920,10,234,District-Rohtas,Total,20-29,10184,6175,4009,2191,1214,977,2162,1123,1039,650,370,280,2364,1695,669,495,314,181,227,166,61,1665,1001,664,430,292,138
4484,C4920,10,234,District-Rohtas,Total,30-39,8793,5256,3537,1976,1079,897,2026,1039,987,506,291,215,1652,1184,468,444,291,153,255,182,73,1622,981,641,312,209,103
4485,C4920,10,234,District-Rohtas,Total,40-49,6737,4099,2638,1649,939,710,1493,820,673,420,240,180,1150,805,345,329,226,103,202,128,74,1267,791,476,227,150,77
4486,C4920,10,234,District-Rohtas,Total,50-59,5254,3043,2211,1322,725,597,1177,615,562,250,145,105,1072,695,377,189,115,74,125,76,49,912,561,351,207,111,96
4487,C4920,10,234,District-Rohtas,Total,60-69,5749,3197,2552,1556,796,760,1212,643,569,209,127,82,1391,852,539,159,73,86,129,76,53,783,461,322,310,169,141
4488,C4920,10,234,District-Rohtas,Total,70-79,3037,1724,1313,857,460,397,626,353,273,71,37,34,758,459,299,57,37,20,48,27,21,350,215,135,270,136,134
4489,C4920,10,234,District-Rohtas,Total,80-89,939,524,415,247,135,112,190,105,85,29,16,13,240,141,99,8,4,4,16,12,4,99,64,35,110,47,63
4490,C4920,10,234,District-Rohtas,Total,90+,297,156,141,78,43,35,51,20,31,5,2,3,87,46,41,8,3,5,9,2,7,25,17,8,34,23,11
4491,C4920,10,234,District-Rohtas,Total,Age Not Stated,107,69,38,28,16,12,31,19,12,6,5,1,11,7,4,1,1,0,0,0,0,27,19,8,3,2,1
4492,C4920,10,234,District-Rohtas,Rural,Total,59409,34222,25187,15242,8249,6993,13264,6875,6389,3278,1910,1368,11264,7434,3830,2536,1535,1001,1161,755,406,9945,5835,4110,2719,1629,1090
4493,C4920,10,234,District-Rohtas,Rural,0-4,4288,2242,2046,1405,716,689,1185,566,619,59,34,25,337,194,143,137,76,61,20,14,6,988,544,444,157,98,59
4494,C4920,10,234,District-Rohtas,Rural,5-9,6199,3421,2778,1829,1003,826,1473,749,724,510,298,212,626,366,260,290,178,112,69,45,24,1108,605,503,294,177,117
4495,C4920,10,234,District-Rohtas,Rural,10-19,12877,7344,5533,2965,1595,1370,2751,1435,1316,879,514,365,2777,1797,980,671,391,280,241,147,94,1940,1074,866,653,391,262
4496,C4920,10,234,District-Rohtas,Rural,20-29,8856,5375,3481,2014,1109,905,1882,967,915,551,320,231,2040,1488,552,414,259,155,170,126,44,1427,861,566,358,245,113
4497,C4920,10,234,District-Rohtas,Rural,30-39,7682,4580,3102,1798,985,813,1789,908,881,423,247,176,1405,1012,393,377,244,133,205,145,60,1410,859,551,275,180,95
4498,C4920,10,234,District-Rohtas,Rural,40-49,5926,3578,2348,1500,853,647,1317,729,588,354,199,155,991,685,306,271,180,91,170,110,60,1123,694,429,200,128,72
4499,C4920,10,234,District-Rohtas,Rural,50-59,4609,2668,1941,1215,669,546,1010,521,489,219,127,92,917,591,326,163,102,61,107,66,41,805,501,304,173,91,82
4500,C4920,10,234,District-Rohtas,Rural,60-69,5111,2818,2293,1432,726,706,1072,559,513,181,114,67,1213,737,476,145,64,81,116,67,49,697,409,288,255,142,113
4501,C4920,10,234,District-Rohtas,Rural,70-79,2682,1525,1157,766,418,348,546,309,237,68,36,32,672,399,273,52,34,18,44,24,20,309,193,116,225,112,113
4502,C4920,10,234,District-Rohtas,Rural,80-89,820,468,352,218,119,99,168,97,71,24,15,9,203,121,82,7,3,4,13,10,3,88,59,29,99,44,55
4503,C4920,10,234,District-Rohtas,Rural,90+,263,141,122,73,41,32,45,18,27,5,2,3,76,40,36,8,3,5,6,1,5,23,17,6,27,19,8
4504,C4920,10,234,District-Rohtas,Rural,Age Not Stated,96,62,34,27,15,12,26,17,9,5,4,1,7,4,3,1,1,0,0,0,0,27,19,8,3,2,1
4505,C4920,10,234,District-Rohtas,Urban,Total,7892,4604,3288,1322,699,623,1814,987,827,531,294,237,1759,1145,614,418,264,154,235,157,78,1362,782,580,451,276,175
4506,C4920,10,234,District-Rohtas,Urban,0-4,429,230,199,75,38,37,135,67,68,12,7,5,54,32,22,16,9,7,3,2,1,113,66,47,21,9,12
4507,C4920,10,234,District-Rohtas,Urban,5-9,695,385,310,128,70,58,187,100,87,65,41,24,91,54,37,44,27,17,10,7,3,128,60,68,42,26,16
4508,C4920,10,234,District-Rohtas,Urban,10-19,1716,961,755,258,119,139,379,208,171,138,77,61,413,252,161,106,54,52,42,28,14,280,158,122,100,65,35
4509,C4920,10,234,District-Rohtas,Urban,20-29,1328,800,528,177,105,72,280,156,124,99,50,49,324,207,117,81,55,26,57,40,17,238,140,98,72,47,25
4510,C4920,10,234,District-Rohtas,Urban,30-39,1111,676,435,178,94,84,237,131,106,83,44,39,247,172,75,67,47,20,50,37,13,212,122,90,37,29,8
4511,C4920,10,234,District-Rohtas,Urban,40-49,811,521,290,149,86,63,176,91,85,66,41,25,159,120,39,58,46,12,32,18,14,144,97,47,27,22,5
4512,C4920,10,234,District-Rohtas,Urban,50-59,645,375,270,107,56,51,167,94,73,31,18,13,155,104,51,26,13,13,18,10,8,107,60,47,34,20,14
4513,C4920,10,234,District-Rohtas,Urban,60-69,638,379,259,124,70,54,140,84,56,28,13,15,178,115,63,14,9,5,13,9,4,86,52,34,55,27,28
4514,C4920,10,234,District-Rohtas,Urban,70-79,355,199,156,91,42,49,80,44,36,3,1,2,86,60,26,5,3,2,4,3,1,41,22,19,45,24,21
4515,C4920,10,234,District-Rohtas,Urban,80-89,119,56,63,29,16,13,22,8,14,5,1,4,37,20,17,1,1,0,3,2,1,11,5,6,11,3,8
4516,C4920,10,234,District-Rohtas,Urban,90+,34,15,19,5,2,3,6,2,4,0,0,0,11,6,5,0,0,0,3,1,2,2,0,2,7,4,3
4517,C4920,10,234,District-Rohtas,Urban,Age Not Stated,11,7,4,1,1,0,5,2,3,1,1,0,4,3,1,0,0,0,0,0,0,0,0,0,0,0,0
4518,C4920,10,235,District-Aurangabad,Total,Total,71743,40947,30796,19650,10557,9093,16649,9004,7645,4370,2498,1872,10329,6779,3550,2948,1767,1181,1004,668,336,13886,7887,5999,2907,1787,1120
4519,C4920,10,235,District-Aurangabad,Total,0-4,5928,3121,2807,1997,1020,977,1566,829,737,123,70,53,321,186,135,177,101,76,24,13,11,1542,796,746,178,106,72
4520,C4920,10,235,District-Aurangabad,Total,5-9,7962,4252,3710,2445,1257,1188,1898,1013,885,641,340,301,654,397,257,329,178,151,86,55,31,1572,820,752,337,192,145
4521,C4920,10,235,District-Aurangabad,Total,10-19,15394,8604,6790,4044,2148,1896,3551,1874,1677,1071,603,468,2295,1419,876,771,458,313,246,153,93,2686,1474,1212,730,475,255
4522,C4920,10,235,District-Aurangabad,Total,20-29,10815,6244,4571,2754,1455,1299,2342,1257,1085,714,402,312,1859,1258,601,484,305,179,162,117,45,2105,1194,911,395,256,139
4523,C4920,10,235,District-Aurangabad,Total,30-39,9428,5476,3952,2488,1383,1105,2149,1145,1004,639,377,262,1261,822,439,465,291,174,170,119,51,1962,1159,803,294,180,114
4524,C4920,10,235,District-Aurangabad,Total,40-49,7111,4289,2822,1920,1096,824,1617,919,698,459,277,182,1008,692,316,332,204,128,144,105,39,1424,861,563,207,135,72
4525,C4920,10,235,District-Aurangabad,Total,50-59,5133,3052,2081,1388,783,605,1150,626,524,312,186,126,880,607,273,160,96,64,82,53,29,1001,602,399,160,99,61
4526,C4920,10,235,District-Aurangabad,Total,60-69,5474,3213,2261,1488,791,697,1279,701,578,237,142,95,1084,745,339,148,83,65,63,41,22,909,564,345,266,146,120
4527,C4920,10,235,District-Aurangabad,Total,70-79,2941,1803,1138,784,434,350,702,418,284,118,68,50,676,468,208,53,34,19,22,11,11,385,246,139,201,124,77
4528,C4920,10,235,District-Aurangabad,Total,80-89,909,531,378,245,142,103,201,111,90,31,17,14,199,133,66,15,8,7,2,0,2,127,72,55,89,48,41
4529,C4920,10,235,District-Aurangabad,Total,90+,299,160,139,53,22,31,67,40,27,8,4,4,76,44,32,7,4,3,1,0,1,53,30,23,34,16,18
4530,C4920,10,235,District-Aurangabad,Total,Age Not Stated,349,202,147,44,26,18,127,71,56,17,12,5,16,8,8,7,5,2,2,1,1,120,69,51,16,10,6
4531,C4920,10,235,District-Aurangabad,Rural,Total,65701,37573,28128,18010,9663,8347,15501,8396,7105,3885,2227,1658,9565,6290,3275,2709,1628,1081,913,608,305,12429,7100,5329,2689,1661,1028
4532,C4920,10,235,District-Aurangabad,Rural,0-4,5494,2878,2616,1836,934,902,1493,789,704,109,64,45,294,168,126,167,97,70,22,12,10,1412,720,692,161,94,67
4533,C4920,10,235,District-Aurangabad,Rural,5-9,7353,3940,3413,2272,1169,1103,1783,952,831,583,309,274,604,371,233,312,169,143,77,50,27,1414,743,671,308,177,131
4534,C4920,10,235,District-Aurangabad,Rural,10-19,14041,7891,6150,3696,1958,1738,3291,1752,1539,941,536,405,2118,1312,806,698,416,282,230,146,84,2389,1329,1060,678,442,236
4535,C4920,10,235,District-Aurangabad,Rural,20-29,9761,5641,4120,2505,1322,1183,2157,1145,1012,631,353,278,1692,1151,541,437,279,158,145,106,39,1830,1047,783,364,238,126
4536,C4920,10,235,District-Aurangabad,Rural,30-39,8627,5012,3615,2273,1263,1010,2010,1075,935,565,332,233,1181,770,411,426,267,159,151,102,49,1747,1035,712,274,168,106
4537,C4920,10,235,District-Aurangabad,Rural,40-49,6482,3936,2546,1723,992,731,1498,853,645,407,249,158,936,643,293,304,186,118,131,94,37,1289,791,498,194,128,66
4538,C4920,10,235,District-Aurangabad,Rural,50-59,4664,2765,1899,1263,709,554,1060,576,484,275,162,113,821,565,256,148,87,61,77,50,27,876,525,351,144,91,53
4539,C4920,10,235,District-Aurangabad,Rural,60-69,5062,2977,2085,1387,730,657,1182,654,528,215,130,85,1003,693,310,141,79,62,55,38,17,829,515,314,250,138,112
4540,C4920,10,235,District-Aurangabad,Rural,70-79,2765,1694,1071,740,410,330,657,389,268,107,62,45,641,442,199,48,32,16,20,9,11,366,235,131,186,115,71
4541,C4920,10,235,District-Aurangabad,Rural,80-89,838,492,346,224,132,92,185,104,81,29,15,14,186,124,62,15,8,7,2,0,2,115,64,51,82,45,37
4542,C4920,10,235,District-Aurangabad,Rural,90+,275,150,125,48,19,29,62,38,24,7,4,3,73,43,30,6,3,3,1,0,1,45,27,18,33,16,17
4543,C4920,10,235,District-Aurangabad,Rural,Age Not Stated,339,197,142,43,25,18,123,69,54,16,11,5,16,8,8,7,5,2,2,1,1,117,69,48,15,9,6
4544,C4920,10,235,District-Aurangabad,Urban,Total,6042,3374,2668,1640,894,746,1148,608,540,485,271,214,764,489,275,239,139,100,91,60,31,1457,787,670,218,126,92
4545,C4920,10,235,District-Aurangabad,Urban,0-4,434,243,191,161,86,75,73,40,33,14,6,8,27,18,9,10,4,6,2,1,1,130,76,54,17,12,5
4546,C4920,10,235,District-Aurangabad,Urban,5-9,609,312,297,173,88,85,115,61,54,58,31,27,50,26,24,17,9,8,9,5,4,158,77,81,29,15,14
4547,C4920,10,235,District-Aurangabad,Urban,10-19,1353,713,640,348,190,158,260,122,138,130,67,63,177,107,70,73,42,31,16,7,9,297,145,152,52,33,19
4548,C4920,10,235,District-Aurangabad,Urban,20-29,1054,603,451,249,133,116,185,112,73,83,49,34,167,107,60,47,26,21,17,11,6,275,147,128,31,18,13
4549,C4920,10,235,District-Aurangabad,Urban,30-39,801,464,337,215,120,95,139,70,69,74,45,29,80,52,28,39,24,15,19,17,2,215,124,91,20,12,8
4550,C4920,10,235,District-Aurangabad,Urban,40-49,629,353,276,197,104,93,119,66,53,52,28,24,72,49,23,28,18,10,13,11,2,135,70,65,13,7,6
4551,C4920,10,235,District-Aurangabad,Urban,50-59,469,287,182,125,74,51,90,50,40,37,24,13,59,42,17,12,9,3,5,3,2,125,77,48,16,8,8
4552,C4920,10,235,District-Aurangabad,Urban,60-69,412,236,176,101,61,40,97,47,50,22,12,10,81,52,29,7,4,3,8,3,5,80,49,31,16,8,8
4553,C4920,10,235,District-Aurangabad,Urban,70-79,176,109,67,44,24,20,45,29,16,11,6,5,35,26,9,5,2,3,2,2,0,19,11,8,15,9,6
4554,C4920,10,235,District-Aurangabad,Urban,80-89,71,39,32,21,10,11,16,7,9,2,2,0,13,9,4,0,0,0,0,0,0,12,8,4,7,3,4
4555,C4920,10,235,District-Aurangabad,Urban,90+,24,10,14,5,3,2,5,2,3,1,0,1,3,1,2,1,1,0,0,0,0,8,3,5,1,0,1
4556,C4920,10,235,District-Aurangabad,Urban,Age Not Stated,10,5,5,1,1,0,4,2,2,1,1,0,0,0,0,0,0,0,0,0,0,3,0,3,1,1,0
4557,C4920,10,236,District-Gaya,Total,Total,148597,82655,65942,35329,18692,16637,43199,23093,20106,10634,5868,4766,16286,10398,5888,5070,3044,2026,1908,1224,684,31174,17309,13865,4997,3027,1970
4558,C4920,10,236,District-Gaya,Total,0-4,13568,7084,6484,3713,1875,1838,4434,2301,2133,230,125,105,545,315,230,323,177,146,76,44,32,3899,2034,1865,348,213,135
4559,C4920,10,236,District-Gaya,Total,5-9,17394,9194,8200,4481,2331,2150,5375,2755,2620,1430,776,654,1040,607,433,577,306,271,151,85,66,3656,1918,1738,684,416,268
4560,C4920,10,236,District-Gaya,Total,10-19,32578,17884,14694,7369,3830,3539,9096,4909,4187,2587,1416,1171,4095,2476,1619,1446,847,599,506,308,198,6144,3280,2864,1335,818,517
4561,C4920,10,236,District-Gaya,Total,20-29,23308,13093,10215,5264,2761,2503,6383,3365,3018,1721,960,761,3275,2163,1112,883,560,323,306,208,98,4746,2636,2110,730,440,290
4562,C4920,10,236,District-Gaya,Total,30-39,18876,10638,8238,4329,2279,2050,5615,2980,2635,1494,809,685,1958,1329,629,683,426,257,291,201,90,4044,2321,1723,462,293,169
4563,C4920,10,236,District-Gaya,Total,40-49,13575,7980,5595,3248,1842,1406,3923,2172,1751,1142,653,489,1346,931,415,490,325,165,247,170,77,2834,1660,1174,345,227,118
4564,C4920,10,236,District-Gaya,Total,50-59,9704,5566,4138,2222,1203,1019,2867,1570,1297,745,406,339,1161,766,395,245,146,99,138,85,53,2057,1242,815,269,148,121
4565,C4920,10,236,District-Gaya,Total,60-69,8902,5120,3782,2185,1180,1005,2417,1343,1074,599,342,257,1385,885,500,204,126,78,96,62,34,1677,989,688,339,193,146
4566,C4920,10,236,District-Gaya,Total,70-79,4274,2524,1750,1059,592,467,1102,621,481,250,145,105,844,552,292,80,47,33,37,21,16,690,430,260,212,116,96
4567,C4920,10,236,District-Gaya,Total,80-89,1391,779,612,356,198,158,346,190,156,68,35,33,275,157,118,20,10,10,13,8,5,214,124,90,99,57,42
4568,C4920,10,236,District-Gaya,Total,90+,659,356,303,134,67,67,173,92,81,40,18,22,107,59,48,11,5,6,7,5,2,125,76,49,62,34,28
4569,C4920,10,236,District-Gaya,Total,Age Not Stated,4368,2437,1931,969,534,435,1468,795,673,328,183,145,255,158,97,108,69,39,40,27,13,1088,599,489,112,72,40
4570,C4920,10,236,District-Gaya,Rural,Total,129004,71872,57132,31458,16665,14793,36776,19612,17164,9240,5114,4126,14595,9351,5244,4544,2721,1823,1687,1076,611,26373,14694,11679,4331,2639,1692
4571,C4920,10,236,District-Gaya,Rural,0-4,12086,6335,5751,3391,1724,1667,3872,2016,1856,217,115,102,503,295,208,291,156,135,70,42,28,3421,1790,1631,321,197,124
4572,C4920,10,236,District-Gaya,Rural,5-9,15570,8250,7320,4102,2125,1977,4693,2411,2282,1290,706,584,957,564,393,534,288,246,138,75,63,3237,1703,1534,619,378,241
4573,C4920,10,236,District-Gaya,Rural,10-19,28408,15617,12791,6547,3410,3137,7753,4146,3607,2268,1252,1016,3717,2261,1456,1295,755,540,451,276,175,5188,2781,2407,1189,736,453
4574,C4920,10,236,District-Gaya,Rural,20-29,19870,11180,8690,4602,2414,2188,5319,2804,2515,1492,838,654,2867,1898,969,779,489,290,268,178,90,3935,2184,1751,608,375,233
4575,C4920,10,236,District-Gaya,Rural,30-39,16240,9196,7044,3792,1999,1793,4783,2557,2226,1290,696,594,1725,1170,555,614,383,231,256,179,77,3386,1962,1424,394,250,144
4576,C4920,10,236,District-Gaya,Rural,40-49,11668,6845,4823,2881,1621,1260,3310,1831,1479,967,544,423,1210,836,374,439,291,148,214,147,67,2361,1384,977,286,191,95
4577,C4920,10,236,District-Gaya,Rural,50-59,8358,4802,3556,1963,1068,895,2433,1317,1116,622,335,287,1037,690,347,226,137,89,121,75,46,1731,1059,672,225,121,104
4578,C4920,10,236,District-Gaya,Rural,60-69,7819,4512,3307,1976,1071,905,2094,1160,934,507,296,211,1244,798,446,188,114,74,89,55,34,1430,853,577,291,165,126
4579,C4920,10,236,District-Gaya,Rural,70-79,3808,2267,1541,965,548,417,952,532,420,221,132,89,780,519,261,74,44,30,32,17,15,598,374,224,186,101,85
4580,C4920,10,236,District-Gaya,Rural,80-89,1214,680,534,322,182,140,315,168,147,56,30,26,230,130,100,16,9,7,11,7,4,183,108,75,81,46,35
4581,C4920,10,236,District-Gaya,Rural,90+,562,301,261,124,62,62,138,74,64,32,17,15,99,53,46,8,4,4,6,4,2,98,56,42,57,31,26
4582,C4920,10,236,District-Gaya,Rural,Age Not Stated,3401,1887,1514,793,441,352,1114,596,518,278,153,125,226,137,89,80,51,29,31,21,10,805,440,365,74,48,26
4583,C4920,10,236,District-Gaya,Urban,Total,19593,10783,8810,3871,2027,1844,6423,3481,2942,1394,754,640,1691,1047,644,526,323,203,221,148,73,4801,2615,2186,666,388,278
4584,C4920,10,236,District-Gaya,Urban,0-4,1482,749,733,322,151,171,562,285,277,13,10,3,42,20,22,32,21,11,6,2,4,478,244,234,27,16,11
4585,C4920,10,236,District-Gaya,Urban,5-9,1824,944,880,379,206,173,682,344,338,140,70,70,83,43,40,43,18,25,13,10,3,419,215,204,65,38,27
4586,C4920,10,236,District-Gaya,Urban,10-19,4170,2267,1903,822,420,402,1343,763,580,319,164,155,378,215,163,151,92,59,55,32,23,956,499,457,146,82,64
4587,C4920,10,236,District-Gaya,Urban,20-29,3438,1913,1525,662,347,315,1064,561,503,229,122,107,408,265,143,104,71,33,38,30,8,811,452,359,122,65,57
4588,C4920,10,236,District-Gaya,Urban,30-39,2636,1442,1194,537,280,257,832,423,409,204,113,91,233,159,74,69,43,26,35,22,13,658,359,299,68,43,25
4589,C4920,10,236,District-Gaya,Urban,40-49,1907,1135,772,367,221,146,613,341,272,175,109,66,136,95,41,51,34,17,33,23,10,473,276,197,59,36,23
4590,C4920,10,236,District-Gaya,Urban,50-59,1346,764,582,259,135,124,434,253,181,123,71,52,124,76,48,19,9,10,17,10,7,326,183,143,44,27,17
4591,C4920,10,236,District-Gaya,Urban,60-69,1083,608,475,209,109,100,323,183,140,92,46,46,141,87,54,16,12,4,7,7,0,247,136,111,48,28,20
4592,C4920,10,236,District-Gaya,Urban,70-79,466,257,209,94,44,50,150,89,61,29,13,16,64,33,31,6,3,3,5,4,1,92,56,36,26,15,11
4593,C4920,10,236,District-Gaya,Urban,80-89,177,99,78,34,16,18,31,22,9,12,5,7,45,27,18,4,1,3,2,1,1,31,16,15,18,11,7
4594,C4920,10,236,District-Gaya,Urban,90+,97,55,42,10,5,5,35,18,17,8,1,7,8,6,2,3,1,2,1,1,0,27,20,7,5,3,2
4595,C4920,10,236,District-Gaya,Urban,Age Not Stated,967,550,417,176,93,83,354,199,155,50,30,20,29,21,8,28,18,10,9,6,3,283,159,124,38,24,14
4596,C4920,10,237,District-Nawada,Total,Total,41335,23403,17932,5540,3031,2509,11218,5818,5400,2661,1486,1175,7045,4613,2432,1708,1036,672,676,410,266,10711,5952,4759,1776,1057,719
4597,C4920,10,237,District-Nawada,Total,0-4,3074,1602,1472,410,196,214,1056,545,511,57,28,29,233,129,104,97,63,34,26,13,13,1110,570,540,85,58,27
4598,C4920,10,237,District-Nawada,Total,5-9,4824,2544,2280,609,320,289,1481,761,720,386,214,172,492,274,218,209,116,93,51,29,22,1388,713,675,208,117,91
4599,C4920,10,237,District-Nawada,Total,10-19,9067,5019,4048,975,515,460,2322,1176,1146,754,413,341,1780,1102,678,447,255,192,170,97,73,2142,1157,985,477,304,173
4600,C4920,10,237,District-Nawada,Total,20-29,6345,3668,2677,697,394,303,1662,841,821,458,270,188,1231,844,387,302,196,106,133,85,48,1632,897,735,230,141,89
4601,C4920,10,237,District-Nawada,Total,30-39,5127,3022,2105,617,361,256,1415,755,660,379,205,174,743,541,202,263,169,94,112,76,36,1449,815,634,149,100,49
4602,C4920,10,237,District-Nawada,Total,40-49,4055,2418,1637,611,357,254,1074,582,492,277,156,121,583,410,173,195,121,74,90,57,33,1104,657,447,121,78,43
4603,C4920,10,237,District-Nawada,Total,50-59,3147,1870,1277,532,306,226,805,405,400,160,93,67,624,440,184,100,64,36,43,27,16,771,476,295,112,59,53
4604,C4920,10,237,District-Nawada,Total,60-69,3137,1767,1370,621,325,296,785,399,386,114,66,48,721,466,255,60,34,26,32,16,16,644,378,266,160,83,77
4605,C4920,10,237,District-Nawada,Total,70-79,1689,986,703,321,185,136,412,221,191,48,28,20,433,286,147,27,13,14,11,6,5,296,182,114,141,65,76
4606,C4920,10,237,District-Nawada,Total,80-89,544,315,229,104,50,54,118,82,36,15,5,10,157,90,67,5,2,3,3,2,1,76,48,28,66,36,30
4607,C4920,10,237,District-Nawada,Total,90+,178,98,80,30,15,15,34,17,17,6,2,4,44,28,16,1,1,0,4,2,2,36,19,17,23,14,9
4608,C4920,10,237,District-Nawada,Total,Age Not Stated,148,94,54,13,7,6,54,34,20,7,6,1,4,3,1,2,2,0,1,0,1,63,40,23,4,2,2
4609,C4920,10,237,District-Nawada,Rural,Total,38137,21542,16595,5226,2832,2394,10193,5273,4920,2441,1358,1083,6536,4291,2245,1512,917,595,621,375,246,9973,5532,4441,1635,964,671
4610,C4920,10,237,District-Nawada,Rural,0-4,2892,1506,1386,398,191,207,987,507,480,54,28,26,214,115,99,92,59,33,25,12,13,1042,539,503,80,55,25
4611,C4920,10,237,District-Nawada,Rural,5-9,4506,2379,2127,587,303,284,1375,711,664,360,198,162,466,258,208,192,109,83,48,29,19,1294,667,627,184,104,80
4612,C4920,10,237,District-Nawada,Rural,10-19,8327,4605,3722,918,478,440,2098,1064,1034,665,358,307,1655,1034,621,392,222,170,156,88,68,2006,1086,920,437,275,162
4613,C4920,10,237,District-Nawada,Rural,20-29,5807,3353,2454,648,364,284,1501,759,742,428,253,175,1124,771,353,259,169,90,121,75,46,1516,833,683,210,129,81
4614,C4920,10,237,District-Nawada,Rural,30-39,4688,2757,1931,580,336,244,1260,665,595,360,197,163,684,502,182,232,151,81,101,69,32,1332,744,588,139,93,46
4615,C4920,10,237,District-Nawada,Rural,40-49,3750,2219,1531,574,334,240,975,522,453,259,146,113,540,380,160,173,106,67,80,51,29,1037,608,429,112,72,40
4616,C4920,10,237,District-Nawada,Rural,50-59,2905,1718,1187,505,289,216,724,363,361,146,86,60,586,412,174,87,52,35,41,25,16,714,439,275,102,52,50
4617,C4920,10,237,District-Nawada,Rural,60-69,2910,1623,1287,580,298,282,711,354,357,103,58,45,683,442,241,53,32,21,31,16,15,601,350,251,148,73,75
4618,C4920,10,237,District-Nawada,Rural,70-79,1572,918,654,302,177,125,383,206,177,42,23,19,404,269,135,25,12,13,10,6,4,269,162,107,137,63,74
4619,C4920,10,237,District-Nawada,Rural,80-89,496,294,202,98,45,53,105,76,29,14,5,9,140,82,58,4,2,2,3,2,1,69,47,22,63,35,28
4620,C4920,10,237,District-Nawada,Rural,90+,158,87,71,27,14,13,31,16,15,5,1,4,36,23,13,1,1,0,4,2,2,33,18,15,21,12,9
4621,C4920,10,237,District-Nawada,Rural,Age Not Stated,126,83,43,9,3,6,43,30,13,5,5,0,4,3,1,2,2,0,1,0,1,60,39,21,2,1,1
4622,C4920,10,237,District-Nawada,Urban,Total,3198,1861,1337,314,199,115,1025,545,480,220,128,92,509,322,187,196,119,77,55,35,20,738,420,318,141,93,48
4623,C4920,10,237,District-Nawada,Urban,0-4,182,96,86,12,5,7,69,38,31,3,0,3,19,14,5,5,4,1,1,1,0,68,31,37,5,3,2
4624,C4920,10,237,District-Nawada,Urban,5-9,318,165,153,22,17,5,106,50,56,26,16,10,26,16,10,17,7,10,3,0,3,94,46,48,24,13,11
4625,C4920,10,237,District-Nawada,Urban,10-19,740,414,326,57,37,20,224,112,112,89,55,34,125,68,57,55,33,22,14,9,5,136,71,65,40,29,11
4626,C4920,10,237,District-Nawada,Urban,20-29,538,315,223,49,30,19,161,82,79,30,17,13,107,73,34,43,27,16,12,10,2,116,64,52,20,12,8
4627,C4920,10,237,District-Nawada,Urban,30-39,439,265,174,37,25,12,155,90,65,19,8,11,59,39,20,31,18,13,11,7,4,117,71,46,10,7,3
4628,C4920,10,237,District-Nawada,Urban,40-49,305,199,106,37,23,14,99,60,39,18,10,8,43,30,13,22,15,7,10,6,4,67,49,18,9,6,3
4629,C4920,10,237,District-Nawada,Urban,50-59,242,152,90,27,17,10,81,42,39,14,7,7,38,28,10,13,12,1,2,2,0,57,37,20,10,7,3
4630,C4920,10,237,District-Nawada,Urban,60-69,227,144,83,41,27,14,74,45,29,11,8,3,38,24,14,7,2,5,1,0,1,43,28,15,12,10,2
4631,C4920,10,237,District-Nawada,Urban,70-79,117,68,49,19,8,11,29,15,14,6,5,1,29,17,12,2,1,1,1,0,1,27,20,7,4,2,2
4632,C4920,10,237,District-Nawada,Urban,80-89,48,21,27,6,5,1,13,6,7,1,0,1,17,8,9,1,0,1,0,0,0,7,1,6,3,1,2
4633,C4920,10,237,District-Nawada,Urban,90+,20,11,9,3,1,2,3,1,2,1,1,0,8,5,3,0,0,0,0,0,0,3,1,2,2,2,0
4634,C4920,10,237,District-Nawada,Urban,Age Not Stated,22,11,11,4,4,0,11,4,7,2,1,1,0,0,0,0,0,0,0,0,0,3,1,2,2,1,1
4635,C4920,10,238,District-Jamui,Total,Total,29529,17207,12322,4092,2275,1817,6239,3280,2959,2070,1172,898,6229,4165,2064,1487,901,586,645,425,220,6902,3899,3003,1865,1090,775
4636,C4920,10,238,District-Jamui,Total,0-4,1928,984,944,210,102,108,546,272,274,48,25,23,241,138,103,72,39,33,7,4,3,706,353,353,98,51,47
4637,C4920,10,238,District-Jamui,Total,5-9,3005,1668,1337,321,177,144,714,343,371,355,199,156,385,248,137,173,107,66,44,24,20,801,442,359,212,128,84
4638,C4920,10,238,District-Jamui,Total,10-19,5819,3343,2476,627,353,274,1142,606,536,567,323,244,1291,838,453,408,222,186,137,90,47,1240,656,584,407,255,152
4639,C4920,10,238,District-Jamui,Total,20-29,4431,2685,1746,395,235,160,815,418,397,357,212,145,1062,748,314,285,176,109,142,94,48,1146,654,492,229,148,81
4640,C4920,10,238,District-Jamui,Total,30-39,3809,2377,1432,455,277,178,791,427,364,273,147,126,762,555,207,229,155,74,115,85,30,1010,616,394,174,115,59
4641,C4920,10,238,District-Jamui,Total,40-49,2952,1820,1132,434,275,159,667,368,299,169,91,78,612,430,182,150,95,55,91,65,26,693,413,280,136,83,53
4642,C4920,10,238,District-Jamui,Total,50-59,2473,1441,1032,450,245,205,507,268,239,132,81,51,606,408,198,82,53,29,59,31,28,508,290,218,129,65,64
4643,C4920,10,238,District-Jamui,Total,60-69,2998,1645,1353,720,352,368,613,330,283,100,59,41,750,455,295,58,39,19,30,18,12,469,264,205,258,128,130
4644,C4920,10,238,District-Jamui,Total,70-79,1417,829,588,328,180,148,302,162,140,49,22,27,383,251,132,16,7,9,15,12,3,167,115,52,157,80,77
4645,C4920,10,238,District-Jamui,Total,80-89,395,236,159,107,59,48,74,41,33,11,8,3,100,67,33,9,4,5,2,1,1,39,25,14,53,31,22
4646,C4920,10,238,District-Jamui,Total,90+,106,56,50,21,5,16,21,14,7,6,4,2,22,15,7,2,2,0,2,0,2,20,10,10,12,6,6
4647,C4920,10,238,District-Jamui,Total,Age Not Stated,196,123,73,24,15,9,47,31,16,3,1,2,15,12,3,3,2,1,1,1,0,103,61,42,0,0,0
4648,C4920,10,238,District-Jamui,Rural,Total,27401,15940,11461,3774,2102,1672,5823,3057,2766,1922,1093,829,5720,3835,1885,1369,822,547,570,376,194,6496,3661,2835,1727,994,733
4649,C4920,10,238,District-Jamui,Rural,0-4,1818,936,882,193,96,97,511,255,256,45,23,22,223,132,91,70,37,33,7,4,3,677,341,336,92,48,44
4650,C4920,10,238,District-Jamui,Rural,5-9,2856,1593,1263,305,169,136,669,325,344,335,190,145,370,238,132,164,100,64,39,19,20,773,429,344,201,123,78
4651,C4920,10,238,District-Jamui,Rural,10-19,5404,3109,2295,583,327,256,1046,557,489,532,302,230,1191,777,414,377,207,170,125,82,43,1170,622,548,380,235,145
4652,C4920,10,238,District-Jamui,Rural,20-29,4066,2449,1617,358,214,144,751,381,370,327,198,129,973,681,292,253,153,100,124,82,42,1072,605,467,208,135,73
4653,C4920,10,238,District-Jamui,Rural,30-39,3547,2194,1353,427,258,169,738,394,344,247,131,116,704,510,194,208,139,69,105,76,29,958,583,375,160,103,57
4654,C4920,10,238,District-Jamui,Rural,40-49,2709,1671,1038,388,248,140,626,342,284,161,87,74,560,400,160,138,87,51,74,53,21,636,378,258,126,76,50
4655,C4920,10,238,District-Jamui,Rural,50-59,2268,1324,944,414,227,187,476,255,221,122,78,44,546,366,180,75,49,26,49,28,21,464,261,203,122,60,62
4656,C4920,10,238,District-Jamui,Rural,60-69,2772,1517,1255,666,328,338,583,310,273,86,50,36,682,418,264,54,35,19,27,18,9,433,241,192,241,117,124
4657,C4920,10,238,District-Jamui,Rural,70-79,1303,756,547,295,159,136,287,156,131,48,22,26,347,226,121,16,7,9,15,12,3,155,107,48,140,67,73
4658,C4920,10,238,District-Jamui,Rural,80-89,370,221,149,103,57,46,69,38,31,10,7,3,93,64,29,9,4,5,2,1,1,35,23,12,49,27,22
4659,C4920,10,238,District-Jamui,Rural,90+,92,47,45,18,4,14,20,13,7,6,4,2,16,11,5,2,2,0,2,0,2,20,10,10,8,3,5
4660,C4920,10,238,District-Jamui,Rural,Age Not Stated,196,123,73,24,15,9,47,31,16,3,1,2,15,12,3,3,2,1,1,1,0,103,61,42,0,0,0
4661,C4920,10,238,District-Jamui,Urban,Total,2128,1267,861,318,173,145,416,223,193,148,79,69,509,330,179,118,79,39,75,49,26,406,238,168,138,96,42
4662,C4920,10,238,District-Jamui,Urban,0-4,110,48,62,17,6,11,35,17,18,3,2,1,18,6,12,2,2,0,0,0,0,29,12,17,6,3,3
4663,C4920,10,238,District-Jamui,Urban,5-9,149,75,74,16,8,8,45,18,27,20,9,11,15,10,5,9,7,2,5,5,0,28,13,15,11,5,6
4664,C4920,10,238,District-Jamui,Urban,10-19,415,234,181,44,26,18,96,49,47,35,21,14,100,61,39,31,15,16,12,8,4,70,34,36,27,20,7
4665,C4920,10,238,District-Jamui,Urban,20-29,365,236,129,37,21,16,64,37,27,30,14,16,89,67,22,32,23,9,18,12,6,74,49,25,21,13,8
4666,C4920,10,238,District-Jamui,Urban,30-39,262,183,79,28,19,9,53,33,20,26,16,10,58,45,13,21,16,5,10,9,1,52,33,19,14,12,2
4667,C4920,10,238,District-Jamui,Urban,40-49,243,149,94,46,27,19,41,26,15,8,4,4,52,30,22,12,8,4,17,12,5,57,35,22,10,7,3
4668,C4920,10,238,District-Jamui,Urban,50-59,205,117,88,36,18,18,31,13,18,10,3,7,60,42,18,7,4,3,10,3,7,44,29,15,7,5,2
4669,C4920,10,238,District-Jamui,Urban,60-69,226,128,98,54,24,30,30,20,10,14,9,5,68,37,31,4,4,0,3,0,3,36,23,13,17,11,6
4670,C4920,10,238,District-Jamui,Urban,70-79,114,73,41,33,21,12,15,6,9,1,0,1,36,25,11,0,0,0,0,0,0,12,8,4,17,13,4
4671,C4920,10,238,District-Jamui,Urban,80-89,25,15,10,4,2,2,5,3,2,1,1,0,7,3,4,0,0,0,0,0,0,4,2,2,4,4,0
4672,C4920,10,238,District-Jamui,Urban,90+,14,9,5,3,1,2,1,1,0,0,0,0,6,4,2,0,0,0,0,0,0,0,0,0,4,3,1
4673,C4920,10,238,District-Jamui,Urban,Age Not Stated,0,0,0,0,0,0,0,0,0,0,0,0,0,0,0,0,0,0,0,0,0,0,0,0,0,0,0
4674,C4920,10,239,District-Jehanabad ,Total,Total,19500,11701,7799,3048,1669,1379,3682,1973,1709,1306,737,569,5094,3433,1661,989,626,363,442,295,147,3857,2275,1582,1082,693,389
4675,C4920,10,239,District-Jehanabad ,Total,0-4,1177,610,567,222,106,116,259,117,142,30,14,16,143,80,63,58,31,27,12,6,6,397,222,175,56,34,22
4676,C4920,10,239,District-Jehanabad ,Total,5-9,1907,1080,827,256,145,111,416,206,210,213,117,96,296,182,114,132,77,55,34,24,10,431,245,186,129,84,45
4677,C4920,10,239,District-Jehanabad ,Total,10-19,4335,2532,1803,519,278,241,742,403,339,349,197,152,1309,853,456,268,165,103,98,58,40,748,385,363,302,193,109
4678,C4920,10,239,District-Jehanabad ,Total,20-29,3035,1904,1131,351,207,144,509,288,221,241,144,97,997,667,330,160,108,52,81,56,25,555,337,218,141,97,44
4679,C4920,10,239,District-Jehanabad ,Total,30-39,2674,1674,1000,357,208,149,522,270,252,164,101,63,701,503,198,153,104,49,87,54,33,558,346,212,132,88,44
4680,C4920,10,239,District-Jehanabad ,Total,40-49,1926,1199,727,335,178,157,362,199,163,121,66,55,440,315,125,107,70,37,52,43,9,437,282,155,72,46,26
4681,C4920,10,239,District-Jehanabad ,Total,50-59,1463,941,522,311,170,141,272,158,114,94,55,39,368,273,95,49,31,18,35,27,8,279,191,88,55,36,19
4682,C4920,10,239,District-Jehanabad ,Total,60-69,1680,969,711,423,224,199,324,170,154,57,25,32,433,290,143,40,25,15,26,13,13,294,172,122,83,50,33
4683,C4920,10,239,District-Jehanabad ,Total,70-79,894,559,335,201,113,88,181,109,72,27,14,13,290,199,91,17,12,5,9,8,1,99,61,38,70,43,27
4684,C4920,10,239,District-Jehanabad ,Total,80-89,279,166,113,53,30,23,60,36,24,4,1,3,88,54,34,3,2,1,5,3,2,35,22,13,31,18,13
4685,C4920,10,239,District-Jehanabad ,Total,90+,90,43,47,15,8,7,19,8,11,5,2,3,26,14,12,1,1,0,1,1,0,12,5,7,11,4,7
4686,C4920,10,239,District-Jehanabad ,Total,Age Not Stated,40,24,16,5,2,3,16,9,7,1,1,0,3,3,0,1,0,1,2,2,0,12,7,5,0,0,0
4687,C4920,10,239,District-Jehanabad ,Rural,Total,17084,10326,6758,2808,1536,1272,3072,1707,1365,1037,591,446,4551,3057,1494,862,542,320,383,251,132,3399,2016,1383,972,626,346
4688,C4920,10,239,District-Jehanabad ,Rural,0-4,1030,535,495,206,97,109,205,96,109,24,12,12,127,69,58,50,27,23,10,6,4,358,200,158,50,28,22
4689,C4920,10,239,District-Jehanabad ,Rural,5-9,1695,965,730,238,137,101,340,177,163,180,99,81,267,160,107,123,70,53,29,21,8,404,226,178,114,75,39
4690,C4920,10,239,District-Jehanabad ,Rural,10-19,3735,2217,1518,471,251,220,607,352,255,277,151,126,1155,753,402,230,142,88,88,51,37,642,342,300,265,175,90
4691,C4920,10,239,District-Jehanabad ,Rural,20-29,2553,1620,933,314,187,127,393,238,155,184,115,69,873,576,297,142,94,48,70,48,22,461,281,180,116,81,35
4692,C4920,10,239,District-Jehanabad ,Rural,30-39,2335,1478,857,320,187,133,438,235,203,126,84,42,625,446,179,131,91,40,72,42,30,496,307,189,127,86,41
4693,C4920,10,239,District-Jehanabad ,Rural,40-49,1652,1034,618,303,164,139,288,160,128,96,53,43,385,280,105,92,58,34,44,36,8,381,244,137,63,39,24
4694,C4920,10,239,District-Jehanabad ,Rural,50-59,1296,837,459,290,158,132,236,137,99,75,44,31,330,249,81,40,24,16,29,22,7,247,172,75,49,31,18
4695,C4920,10,239,District-Jehanabad ,Rural,60-69,1561,902,659,402,209,193,301,158,143,48,21,27,410,276,134,36,24,12,24,11,13,262,156,106,78,47,31
4696,C4920,10,239,District-Jehanabad ,Rural,70-79,832,515,317,195,108,87,170,102,68,18,9,9,264,179,85,14,10,4,9,8,1,93,56,37,69,43,26
4697,C4920,10,239,District-Jehanabad ,Rural,80-89,269,158,111,51,29,22,59,35,24,4,1,3,86,52,34,2,1,1,5,3,2,32,20,12,30,17,13
4698,C4920,10,239,District-Jehanabad ,Rural,90+,88,43,45,14,8,6,19,8,11,5,2,3,26,14,12,1,1,0,1,1,0,11,5,6,11,4,7
4699,C4920,10,239,District-Jehanabad ,Rural,Age Not Stated,38,22,16,4,1,3,16,9,7,0,0,0,3,3,0,1,0,1,2,2,0,12,7,5,0,0,0
4700,C4920,10,239,District-Jehanabad ,Urban,Total,2416,1375,1041,240,133,107,610,266,344,269,146,123,543,376,167,127,84,43,59,44,15,458,259,199,110,67,43
4701,C4920,10,239,District-Jehanabad ,Urban,0-4,147,75,72,16,9,7,54,21,33,6,2,4,16,11,5,8,4,4,2,0,2,39,22,17,6,6,0
4702,C4920,10,239,District-Jehanabad ,Urban,5-9,212,115,97,18,8,10,76,29,47,33,18,15,29,22,7,9,7,2,5,3,2,27,19,8,15,9,6
4703,C4920,10,239,District-Jehanabad ,Urban,10-19,600,315,285,48,27,21,135,51,84,72,46,26,154,100,54,38,23,15,10,7,3,106,43,63,37,18,19
4704,C4920,10,239,District-Jehanabad ,Urban,20-29,482,284,198,37,20,17,116,50,66,57,29,28,124,91,33,18,14,4,11,8,3,94,56,38,25,16,9
4705,C4920,10,239,District-Jehanabad ,Urban,30-39,339,196,143,37,21,16,84,35,49,38,17,21,76,57,19,22,13,9,15,12,3,62,39,23,5,2,3
4706,C4920,10,239,District-Jehanabad ,Urban,40-49,274,165,109,32,14,18,74,39,35,25,13,12,55,35,20,15,12,3,8,7,1,56,38,18,9,7,2
4707,C4920,10,239,District-Jehanabad ,Urban,50-59,167,104,63,21,12,9,36,21,15,19,11,8,38,24,14,9,7,2,6,5,1,32,19,13,6,5,1
4708,C4920,10,239,District-Jehanabad ,Urban,60-69,119,67,52,21,15,6,23,12,11,9,4,5,23,14,9,4,1,3,2,2,0,32,16,16,5,3,2
4709,C4920,10,239,District-Jehanabad ,Urban,70-79,62,44,18,6,5,1,11,7,4,9,5,4,26,20,6,3,2,1,0,0,0,6,5,1,1,0,1
4710,C4920,10,239,District-Jehanabad ,Urban,80-89,10,8,2,2,1,1,1,1,0,0,0,0,2,2,0,1,1,0,0,0,0,3,2,1,1,1,0
4711,C4920,10,239,District-Jehanabad ,Urban,90+,2,0,2,1,0,1,0,0,0,0,0,0,0,0,0,0,0,0,0,0,0,1,0,1,0,0,0
4712,C4920,10,239,District-Jehanabad ,Urban,Age Not Stated,2,2,0,1,1,0,0,0,0,1,1,0,0,0,0,0,0,0,0,0,0,0,0,0,0,0,0
4713,C4920,10,240,District-Arwal,Total,Total,12778,7660,5118,1945,1045,900,2389,1345,1044,756,434,322,2870,1977,893,514,325,189,278,207,71,3414,1932,1482,612,395,217
4714,C4920,10,240,District-Arwal,Total,0-4,979,531,448,164,91,73,202,104,98,11,6,5,83,56,27,12,4,8,2,2,0,482,254,228,23,14,9
4715,C4920,10,240,District-Arwal,Total,5-9,1391,781,610,191,113,78,252,146,106,109,67,42,150,87,63,50,29,21,13,8,5,561,285,276,65,46,19
4716,C4920,10,240,District-Arwal,Total,10-19,2680,1600,1080,304,172,132,457,252,205,204,118,86,632,413,219,145,87,58,60,45,15,713,403,310,165,110,55
4717,C4920,10,240,District-Arwal,Total,20-29,1897,1170,727,230,115,115,304,169,135,125,71,54,515,371,144,86,59,27,64,48,16,498,286,212,75,51,24
4718,C4920,10,240,District-Arwal,Total,30-39,1596,1008,588,228,138,90,303,172,131,100,57,43,414,289,125,89,66,23,50,39,11,356,205,151,56,42,14
4719,C4920,10,240,District-Arwal,Total,40-49,1328,872,456,196,107,89,257,159,98,88,50,38,326,239,87,63,41,22,45,35,10,304,208,96,49,33,16
4720,C4920,10,240,District-Arwal,Total,50-59,944,564,380,201,98,103,212,123,89,48,22,26,227,163,64,33,22,11,20,14,6,163,97,66,40,25,15
4721,C4920,10,240,District-Arwal,Total,60-69,1101,640,461,246,122,124,232,124,108,43,26,17,309,222,87,23,11,12,13,10,3,185,99,86,50,26,24
4722,C4920,10,240,District-Arwal,Total,70-79,589,335,254,144,68,76,101,57,44,22,13,9,162,105,57,9,5,4,8,4,4,96,59,37,47,24,23
4723,C4920,10,240,District-Arwal,Total,80-89,191,111,80,33,15,18,49,31,18,1,0,1,39,24,15,2,1,1,2,1,1,32,19,13,33,20,13
4724,C4920,10,240,District-Arwal,Total,90+,45,23,22,6,5,1,12,4,8,3,2,1,11,6,5,2,0,2,1,1,0,3,2,1,7,3,4
4725,C4920,10,240,District-Arwal,Total,Age Not Stated,37,25,12,2,1,1,8,4,4,2,2,0,2,2,0,0,0,0,0,0,0,21,15,6,2,1,1
4726,C4920,10,240,District-Arwal,Rural,Total,12075,7223,4852,1867,998,869,2285,1281,1004,699,405,294,2691,1857,834,483,301,182,263,196,67,3204,1810,1394,583,375,208
4727,C4920,10,240,District-Arwal,Rural,0-4,940,505,435,160,88,72,196,100,96,11,6,5,79,52,27,12,4,8,2,2,0,458,240,218,22,13,9
4728,C4920,10,240,District-Arwal,Rural,5-9,1324,744,580,185,110,75,244,142,102,103,64,39,141,82,59,50,29,21,13,8,5,526,265,261,62,44,18
4729,C4920,10,240,District-Arwal,Rural,10-19,2528,1513,1015,293,164,129,442,243,199,189,112,77,589,391,198,135,80,55,57,43,14,668,378,290,155,102,53
4730,C4920,10,240,District-Arwal,Rural,20-29,1778,1087,691,218,106,112,290,158,132,115,65,50,477,341,136,82,56,26,56,43,13,468,268,200,72,50,22
4731,C4920,10,240,District-Arwal,Rural,30-39,1493,945,548,218,132,86,289,164,125,92,54,38,382,268,114,84,61,23,47,36,11,326,189,137,55,41,14
4732,C4920,10,240,District-Arwal,Rural,40-49,1241,816,425,186,102,84,242,148,94,80,45,35,309,228,81,57,37,20,44,34,10,279,192,87,44,30,14
4733,C4920,10,240,District-Arwal,Rural,50-59,885,525,360,191,93,98,198,115,83,41,19,22,216,152,64,27,17,10,20,14,6,154,92,62,38,23,15
4734,C4920,10,240,District-Arwal,Rural,60-69,1057,615,442,236,115,121,222,121,101,42,25,17,292,211,81,23,11,12,13,10,3,180,96,84,49,26,23
4735,C4920,10,240,District-Arwal,Rural,70-79,569,322,247,139,67,72,97,54,43,20,11,9,158,102,56,9,5,4,8,4,4,91,55,36,47,24,23
4736,C4920,10,240,District-Arwal,Rural,80-89,185,107,78,33,15,18,47,29,18,1,0,1,39,24,15,2,1,1,2,1,1,30,18,12,31,19,12
4737,C4920,10,240,District-Arwal,Rural,90+,41,21,20,6,5,1,12,4,8,3,2,1,8,5,3,2,0,2,1,1,0,3,2,1,6,2,4
4738,C4920,10,240,District-Arwal,Rural,Age Not Stated,34,23,11,2,1,1,6,3,3,2,2,0,1,1,0,0,0,0,0,0,0,21,15,6,2,1,1
4739,C4920,10,240,District-Arwal,Urban,Total,703,437,266,78,47,31,104,64,40,57,29,28,179,120,59,31,24,7,15,11,4,210,122,88,29,20,9
4740,C4920,10,240,District-Arwal,Urban,0-4,39,26,13,4,3,1,6,4,2,0,0,0,4,4,0,0,0,0,0,0,0,24,14,10,1,1,0
4741,C4920,10,240,District-Arwal,Urban,5-9,67,37,30,6,3,3,8,4,4,6,3,3,9,5,4,0,0,0,0,0,0,35,20,15,3,2,1
4742,C4920,10,240,District-Arwal,Urban,10-19,152,87,65,11,8,3,15,9,6,15,6,9,43,22,21,10,7,3,3,2,1,45,25,20,10,8,2
4743,C4920,10,240,District-Arwal,Urban,20-29,119,83,36,12,9,3,14,11,3,10,6,4,38,30,8,4,3,1,8,5,3,30,18,12,3,1,2
4744,C4920,10,240,District-Arwal,Urban,30-39,103,63,40,10,6,4,14,8,6,8,3,5,32,21,11,5,5,0,3,3,0,30,16,14,1,1,0
4745,C4920,10,240,District-Arwal,Urban,40-49,87,56,31,10,5,5,15,11,4,8,5,3,17,11,6,6,4,2,1,1,0,25,16,9,5,3,2
4746,C4920,10,240,District-Arwal,Urban,50-59,59,39,20,10,5,5,14,8,6,7,3,4,11,11,0,6,5,1,0,0,0,9,5,4,2,2,0
4747,C4920,10,240,District-Arwal,Urban,60-69,44,25,19,10,7,3,10,3,7,1,1,0,17,11,6,0,0,0,0,0,0,5,3,2,1,0,1
4748,C4920,10,240,District-Arwal,Urban,70-79,20,13,7,5,1,4,4,3,1,2,2,0,4,3,1,0,0,0,0,0,0,5,4,1,0,0,0
4749,C4920,10,240,District-Arwal,Urban,80-89,6,4,2,0,0,0,2,2,0,0,0,0,0,0,0,0,0,0,0,0,0,2,1,1,2,1,1
4750,C4920,10,240,District-Arwal,Urban,90+,4,2,2,0,0,0,0,0,0,0,0,0,3,1,2,0,0,0,0,0,0,0,0,0,1,1,0
4751,C4920,10,240,District-Arwal,Urban,Age Not Stated,3,2,1,0,0,0,2,1,1,0,0,0,1,1,0,0,0,0,0,0,0,0,0,0,0,0,0
4752,C4920,18,0,State-ASSAM,Total,0-4,22587,12002,10585,3852,1993,1859,5092,2589,2503,622,366,256,2592,1507,1085,1041,545,496,158,86,72,7505,3932,3573,1725,984,741
4753,C4920,18,0,State-ASSAM,Total,5-9,35211,19190,16021,5253,2787,2466,7804,3936,3868,4701,2677,2024,4125,2482,1643,1691,947,744,457,280,177,7719,4061,3658,3461,2020,1441
4754,C4920,18,0,State-ASSAM,Total,10-19,76681,42041,34640,10873,5826,5047,15848,8293,7555,9607,5354,4253,9943,5867,4076,5025,2830,2195,2195,1239,956,15500,8328,7172,7690,4304,3386
4755,C4920,18,0,State-ASSAM,Total,20-29,69749,37982,31767,8942,4763,4179,13606,6924,6682,8065,4192,3873,9915,6250,3665,5160,2916,2244,3148,1904,1244,14542,7507,7035,6371,3526,2845
4756,C4920,18,0,State-ASSAM,Total,30-39,62662,34941,27721,8380,4530,3850,12569,6520,6049,6431,3476,2955,8970,5787,3183,4910,2837,2073,3998,2384,1614,12412,6648,5764,4992,2759,2233
4757,C4920,18,0,State-ASSAM,Total,40-49,57728,32989,24739,9229,4940,4289,12135,6512,5623,4530,2551,1979,9341,6183,3158,3941,2315,1626,3618,2061,1557,10623,6043,4580,4311,2384,1927
4758,C4920,18,0,State-ASSAM,Total,50-59,47178,26075,21103,9703,4860,4843,10189,5330,4859,2783,1590,1193,8800,5685,3115,2303,1311,992,2201,1182,1019,7366,4070,3296,3833,2047,1786
4759,C4920,18,0,State-ASSAM,Total,60-69,49075,24257,24818,11657,5375,6282,11185,5254,5931,1833,1041,792,9799,5400,4399,1362,697,665,1567,794,773,6106,3101,3005,5566,2595,2971
4760,C4920,18,0,State-ASSAM,Total,70-79,36350,17318,19032,8349,3979,4370,8342,4023,4319,831,455,376,7615,3759,3856,619,311,308,961,435,526,3688,1845,1843,5945,2511,3434
4761,C4920,18,0,State-ASSAM,Total,80-89,15779,7330,8449,3218,1504,1714,3351,1690,1661,217,114,103,3470,1535,1935,206,93,113,354,178,176,1328,641,687,3635,1575,2060
4762,C4920,18,0,State-ASSAM,Total,90+,6478,2963,3515,1040,473,567,1226,595,631,93,49,44,1397,618,779,81,45,36,146,73,73,542,282,260,1953,828,1125
4763,C4920,18,0,State-ASSAM,Total,Age Not Stated,587,297,290,57,22,35,230,116,114,37,20,17,40,26,14,35,17,18,16,9,7,130,67,63,42,20,22
4764,C4920,18,0,State-ASSAM,Rural,Total,415457,222422,193035,70574,35952,34622,89057,45552,43505,34498,18944,15554,66866,39551,27315,22416,12519,9897,16014,8908,7106,72044,38395,33649,43988,22601,21387
4765,C4920,18,0,State-ASSAM,Rural,0-4,20105,10683,9422,3469,1798,1671,4525,2298,2227,555,331,224,2375,1379,996,921,482,439,137,71,66,6588,3451,3137,1535,873,662
4766,C4920,18,0,State-ASSAM,Rural,5-9,31283,17012,14271,4743,2514,2229,7018,3523,3495,4206,2401,1805,3752,2249,1503,1457,808,649,411,249,162,6658,3510,3148,3038,1758,1280
4767,C4920,18,0,State-ASSAM,Rural,10-19,66958,36812,30146,9606,5154,4452,13912,7310,6602,8468,4727,3741,8957,5289,3668,4271,2372,1899,1919,1070,849,13087,7112,5975,6738,3778,2960
4768,C4920,18,0,State-ASSAM,Rural,20-29,58904,32067,26837,7632,4067,3565,11603,5892,5711,6951,3597,3354,8771,5547,3224,4316,2420,1896,2620,1561,1059,11485,5958,5527,5526,3025,2501
4769,C4920,18,0,State-ASSAM,Rural,30-39,52831,29533,23298,7063,3826,3237,10636,5565,5071,5540,2993,2547,7821,5030,2791,4173,2396,1777,3358,1967,1391,9842,5309,4533,4398,2447,1951
4770,C4920,18,0,State-ASSAM,Rural,40-49,48905,27874,21031,7836,4204,3632,10513,5703,4810,3837,2146,1691,8038,5283,2755,3346,1932,1414,3048,1709,1339,8482,4785,3697,3805,2112,1693
4771,C4920,18,0,State-ASSAM,Rural,50-59,40483,22192,18291,8424,4185,4239,9044,4757,4287,2366,1331,1035,7565,4822,2743,1953,1093,860,1867,973,894,5894,3242,2652,3370,1789,1581
4772,C4920,18,0,State-ASSAM,Rural,60-69,43338,21309,22029,10406,4791,5615,10098,4746,5352,1545,866,679,8568,4697,3871,1170,600,570,1355,694,661,5159,2579,2580,5037,2336,2701
4773,C4920,18,0,State-ASSAM,Rural,70-79,32368,15456,16912,7543,3616,3927,7476,3626,3850,730,393,337,6670,3303,3367,538,280,258,849,391,458,3155,1589,1566,5407,2258,3149
4774,C4920,18,0,State-ASSAM,Rural,80-89,13939,6522,7417,2856,1342,1514,2958,1504,1454,193,102,91,3040,1352,1688,174,83,91,300,147,153,1123,548,575,3295,1444,1851
4775,C4920,18,0,State-ASSAM,Rural,90+,5882,2726,3156,951,438,513,1079,532,547,81,45,36,1279,580,699,74,41,33,137,68,69,476,257,219,1805,765,1040
4776,C4920,18,0,State-ASSAM,Rural,Age Not Stated,461,236,225,45,17,28,195,96,99,26,12,14,30,20,10,23,12,11,13,8,5,95,55,40,34,16,18
4777,C4920,18,0,State-ASSAM,Urban,Total,64608,34963,29645,9979,5100,4879,12520,6230,6290,5252,2941,2311,9141,5548,3593,3958,2345,1613,2805,1717,1088,15417,8130,7287,5536,2952,2584
4778,C4920,18,0,State-ASSAM,Urban,0-4,2482,1319,1163,383,195,188,567,291,276,67,35,32,217,128,89,120,63,57,21,15,6,917,481,436,190,111,79
4779,C4920,18,0,State-ASSAM,Urban,5-9,3928,2178,1750,510,273,237,786,413,373,495,276,219,373,233,140,234,139,95,46,31,15,1061,551,510,423,262,161
4780,C4920,18,0,State-ASSAM,Urban,10-19,9723,5229,4494,1267,672,595,1936,983,953,1139,627,512,986,578,408,754,458,296,276,169,107,2413,1216,1197,952,526,426
4781,C4920,18,0,State-ASSAM,Urban,20-29,10845,5915,4930,1310,696,614,2003,1032,971,1114,595,519,1144,703,441,844,496,348,528,343,185,3057,1549,1508,845,501,344
4782,C4920,18,0,State-ASSAM,Urban,30-39,9831,5408,4423,1317,704,613,1933,955,978,891,483,408,1149,757,392,737,441,296,640,417,223,2570,1339,1231,594,312,282
4783,C4920,18,0,State-ASSAM,Urban,40-49,8823,5115,3708,1393,736,657,1622,809,813,693,405,288,1303,900,403,595,383,212,570,352,218,2141,1258,883,506,272,234
4784,C4920,18,0,State-ASSAM,Urban,50-59,6695,3883,2812,1279,675,604,1145,573,572,417,259,158,1235,863,372,350,218,132,334,209,125,1472,828,644,463,258,205
4785,C4920,18,0,State-ASSAM,Urban,60-69,5737,2948,2789,1251,584,667,1087,508,579,288,175,113,1231,703,528,192,97,95,212,100,112,947,522,425,529,259,270
4786,C4920,18,0,State-ASSAM,Urban,70-79,3982,1862,2120,806,363,443,866,397,469,101,62,39,945,456,489,81,31,50,112,44,68,533,256,277,538,253,285
4787,C4920,18,0,State-ASSAM,Urban,80-89,1840,808,1032,362,162,200,393,186,207,24,12,12,430,183,247,32,10,22,54,31,23,205,93,112,340,131,209
4788,C4920,18,0,State-ASSAM,Urban,90+,596,237,359,89,35,54,147,63,84,12,4,8,118,38,80,7,4,3,9,5,4,66,25,41,148,63,85
4789,C4920,18,0,State-ASSAM,Urban,Age Not Stated,126,61,65,12,5,7,35,20,15,11,8,3,10,6,4,12,5,7,3,1,2,35,12,23,8,4,4
4790,C4920,18,300,District-Kokrajhar,Total,Total,11661,6447,5214,1463,754,709,3127,1779,1348,969,530,439,1605,976,629,707,397,310,419,241,178,2424,1272,1152,947,498,449
4791,C4920,18,300,District-Kokrajhar,Total,0-4,644,341,303,75,41,34,191,93,98,15,7,8,60,34,26,29,17,12,4,1,3,234,130,104,36,18,18
4792,C4920,18,300,District-Kokrajhar,Total,5-9,848,436,412,102,38,64,241,130,111,129,62,67,78,39,39,36,20,16,12,8,4,175,96,79,75,43,32
4793,C4920,18,300,District-Kokrajhar,Total,10-19,2051,1111,940,231,130,101,452,242,210,270,152,118,255,156,99,171,86,85,90,50,40,409,213,196,173,82,91
4794,C4920,18,300,District-Kokrajhar,Total,20-29,1843,1002,841,181,99,82,423,219,204,183,97,86,246,154,92,138,78,60,72,53,19,459,232,227,141,70,71
4795,C4920,18,300,District-Kokrajhar,Total,30-39,1635,919,716,184,101,83,406,224,182,142,81,61,181,114,67,125,67,58,83,47,36,410,221,189,104,64,40
4796,C4920,18,300,District-Kokrajhar,Total,40-49,1549,1000,549,173,107,66,557,406,151,96,49,47,208,141,67,99,63,36,60,35,25,275,155,120,81,44,37
4797,C4920,18,300,District-Kokrajhar,Total,50-59,1040,597,443,146,63,83,273,158,115,74,47,27,191,127,64,63,43,20,42,20,22,180,97,83,71,42,29
4798,C4920,18,300,District-Kokrajhar,Total,60-69,948,496,452,168,73,95,263,136,127,39,21,18,170,111,59,27,16,11,33,16,17,146,68,78,102,55,47
4799,C4920,18,300,District-Kokrajhar,Total,70-79,690,343,347,128,65,63,199,111,88,13,10,3,138,65,73,12,7,5,14,7,7,94,38,56,92,40,52
4800,C4920,18,300,District-Kokrajhar,Total,80-89,279,140,139,55,29,26,88,44,44,6,2,4,53,22,31,3,0,3,6,3,3,22,13,9,46,27,19
4801,C4920,18,300,District-Kokrajhar,Total,90+,110,56,54,18,8,10,21,11,10,2,2,0,24,13,11,1,0,1,2,1,1,16,8,8,26,13,13
4802,C4920,18,300,District-Kokrajhar,Total,Age Not Stated,24,6,18,2,0,2,13,5,8,0,0,0,1,0,1,3,0,3,1,0,1,4,1,3,0,0,0
4803,C4920,18,300,District-Kokrajhar,Rural,Total,10509,5848,4661,1106,572,534,2888,1662,1226,923,506,417,1510,913,597,604,349,255,383,221,162,2192,1154,1038,903,471,432
4804,C4920,18,300,District-Kokrajhar,Rural,0-4,591,313,278,52,29,23,180,89,91,14,6,8,58,32,26,23,13,10,4,1,3,224,125,99,36,18,18
4805,C4920,18,300,District-Kokrajhar,Rural,5-9,772,400,372,76,29,47,223,121,102,124,60,64,73,34,39,33,18,15,12,8,4,161,91,70,70,39,31
4806,C4920,18,300,District-Kokrajhar,Rural,10-19,1872,1022,850,173,103,70,413,220,193,265,149,116,244,146,98,145,76,69,83,45,38,382,203,179,167,80,87
4807,C4920,18,300,District-Kokrajhar,Rural,20-29,1639,897,742,124,67,57,378,203,175,175,93,82,229,145,84,121,70,51,65,47,18,412,205,207,135,67,68
4808,C4920,18,300,District-Kokrajhar,Rural,30-39,1425,808,617,118,65,53,366,203,163,129,72,57,174,111,63,105,57,48,78,45,33,362,199,163,93,56,37
4809,C4920,18,300,District-Kokrajhar,Rural,40-49,1384,900,484,114,71,43,530,389,141,90,48,42,193,128,65,85,54,31,57,34,23,238,133,105,77,43,34
4810,C4920,18,300,District-Kokrajhar,Rural,50-59,936,542,394,111,51,60,258,150,108,70,45,25,179,118,61,57,40,17,37,18,19,158,83,75,66,37,29
4811,C4920,18,300,District-Kokrajhar,Rural,60-69,874,457,417,156,67,89,244,126,118,36,19,17,159,105,54,22,14,8,29,15,14,130,59,71,98,52,46
4812,C4920,18,300,District-Kokrajhar,Rural,70-79,647,325,322,116,58,58,188,107,81,13,10,3,131,62,69,10,7,3,11,5,6,88,37,51,90,39,51
4813,C4920,18,300,District-Kokrajhar,Rural,80-89,256,129,127,48,24,24,85,43,42,5,2,3,46,20,26,2,0,2,6,3,3,19,10,9,45,27,18
4814,C4920,18,300,District-Kokrajhar,Rural,90+,103,52,51,18,8,10,17,9,8,2,2,0,23,12,11,1,0,1,0,0,0,16,8,8,26,13,13
4815,C4920,18,300,District-Kokrajhar,Rural,Age Not Stated,10,3,7,0,0,0,6,2,4,0,0,0,1,0,1,0,0,0,1,0,1,2,1,1,0,0,0
4816,C4920,18,300,District-Kokrajhar,Urban,Total,1152,599,553,357,182,175,239,117,122,46,24,22,95,63,32,103,48,55,36,20,16,232,118,114,44,27,17
4817,C4920,18,300,District-Kokrajhar,Urban,0-4,53,28,25,23,12,11,11,4,7,1,1,0,2,2,0,6,4,2,0,0,0,10,5,5,0,0,0
4818,C4920,18,300,District-Kokrajhar,Urban,5-9,76,36,40,26,9,17,18,9,9,5,2,3,5,5,0,3,2,1,0,0,0,14,5,9,5,4,1
4819,C4920,18,300,District-Kokrajhar,Urban,10-19,179,89,90,58,27,31,39,22,17,5,3,2,11,10,1,26,10,16,7,5,2,27,10,17,6,2,4
4820,C4920,18,300,District-Kokrajhar,Urban,20-29,204,105,99,57,32,25,45,16,29,8,4,4,17,9,8,17,8,9,7,6,1,47,27,20,6,3,3
4821,C4920,18,300,District-Kokrajhar,Urban,30-39,210,111,99,66,36,30,40,21,19,13,9,4,7,3,4,20,10,10,5,2,3,48,22,26,11,8,3
4822,C4920,18,300,District-Kokrajhar,Urban,40-49,165,100,65,59,36,23,27,17,10,6,1,5,15,13,2,14,9,5,3,1,2,37,22,15,4,1,3
4823,C4920,18,300,District-Kokrajhar,Urban,50-59,104,55,49,35,12,23,15,8,7,4,2,2,12,9,3,6,3,3,5,2,3,22,14,8,5,5,0
4824,C4920,18,300,District-Kokrajhar,Urban,60-69,74,39,35,12,6,6,19,10,9,3,2,1,11,6,5,5,2,3,4,1,3,16,9,7,4,3,1
4825,C4920,18,300,District-Kokrajhar,Urban,70-79,43,18,25,12,7,5,11,4,7,0,0,0,7,3,4,2,0,2,3,2,1,6,1,5,2,1,1
4826,C4920,18,300,District-Kokrajhar,Urban,80-89,23,11,12,7,5,2,3,1,2,1,0,1,7,2,5,1,0,1,0,0,0,3,3,0,1,0,1
4827,C4920,18,300,District-Kokrajhar,Urban,90+,7,4,3,0,0,0,4,2,2,0,0,0,1,1,0,0,0,0,2,1,1,0,0,0,0,0,0
4828,C4920,18,300,District-Kokrajhar,Urban,Age Not Stated,14,3,11,2,0,2,7,3,4,0,0,0,0,0,0,3,0,3,0,0,0,2,0,2,0,0,0
4829,C4920,18,301,District-Dhubri,Total,Total,32718,17054,15664,7443,3797,3646,5162,2540,2622,2200,1195,1005,5498,3103,2395,2007,1117,890,1415,750,665,5017,2575,2442,3976,1977,1999
4830,C4920,18,301,District-Dhubri,Total,0-4,1932,1027,905,620,312,308,313,149,164,34,19,15,212,136,76,89,42,47,12,7,5,518,283,235,134,79,55
4831,C4920,18,301,District-Dhubri,Total,5-9,2759,1488,1271,734,378,356,445,224,221,344,190,154,290,175,115,159,96,63,28,11,17,497,262,235,262,152,110
4832,C4920,18,301,District-Dhubri,Total,10-19,5135,2854,2281,1276,694,582,778,421,357,529,294,235,652,403,249,362,199,163,132,74,58,842,447,395,564,322,242
4833,C4920,18,301,District-Dhubri,Total,20-29,4407,2457,1950,984,558,426,639,328,311,402,220,182,621,397,224,395,228,167,174,110,64,777,381,396,415,235,180
4834,C4920,18,301,District-Dhubri,Total,30-39,3750,2149,1601,763,427,336,558,303,255,334,181,153,565,376,189,343,191,152,232,134,98,617,343,274,338,194,144
4835,C4920,18,301,District-Dhubri,Total,40-49,3403,1896,1507,678,355,323,547,287,260,214,124,90,532,343,189,280,167,113,244,132,112,581,303,278,327,185,142
4836,C4920,18,301,District-Dhubri,Total,50-59,2984,1646,1338,672,354,318,498,248,250,133,73,60,626,397,229,170,91,79,175,94,81,424,221,203,286,168,118
4837,C4920,18,301,District-Dhubri,Total,60-69,3328,1513,1815,728,296,432,606,261,345,118,57,61,746,367,379,112,61,51,185,90,95,372,177,195,461,204,257
4838,C4920,18,301,District-Dhubri,Total,70-79,2927,1204,1723,639,282,357,494,201,293,69,26,43,720,292,428,63,31,32,147,58,89,236,105,131,559,209,350
4839,C4920,18,301,District-Dhubri,Total,80-89,1375,534,841,235,97,138,190,79,111,12,7,5,358,137,221,24,9,15,66,29,37,103,38,65,387,138,249
4840,C4920,18,301,District-Dhubri,Total,90+,681,270,411,103,40,63,92,38,54,11,4,7,169,76,93,6,2,4,20,11,9,43,11,32,237,88,149
4841,C4920,18,301,District-Dhubri,Total,Age Not Stated,37,16,21,11,4,7,2,1,1,0,0,0,7,4,3,4,0,4,0,0,0,7,4,3,6,3,3
4842,C4920,18,301,District-Dhubri,Rural,Total,29155,15097,14058,6869,3494,3375,4785,2340,2445,1963,1063,900,4830,2707,2123,1739,947,792,1207,626,581,4159,2150,2009,3603,1770,1833
4843,C4920,18,301,District-Dhubri,Rural,0-4,1819,957,862,590,292,298,306,144,162,34,19,15,191,119,72,86,41,45,9,6,3,479,263,216,124,73,51
4844,C4920,18,301,District-Dhubri,Rural,5-9,2569,1377,1192,705,359,346,426,217,209,318,175,143,261,158,103,145,86,59,25,11,14,449,233,216,240,138,102
4845,C4920,18,301,District-Dhubri,Rural,10-19,4700,2614,2086,1205,665,540,724,383,341,482,271,211,597,367,230,325,178,147,118,64,54,735,391,344,514,295,219
4846,C4920,18,301,District-Dhubri,Rural,20-29,3927,2176,1751,919,522,397,591,298,293,356,191,165,555,347,208,345,196,149,154,94,60,637,322,315,370,206,164
4847,C4920,18,301,District-Dhubri,Rural,30-39,3276,1863,1413,700,393,307,518,283,235,292,154,138,491,328,163,286,153,133,193,107,86,493,276,217,303,169,134
4848,C4920,18,301,District-Dhubri,Rural,40-49,2891,1591,1300,593,307,286,509,264,245,179,102,77,437,280,157,233,135,98,208,111,97,437,228,209,295,164,131
4849,C4920,18,301,District-Dhubri,Rural,50-59,2568,1405,1163,611,314,297,457,228,229,121,70,51,530,332,198,144,72,72,147,75,72,296,157,139,262,157,105
4850,C4920,18,301,District-Dhubri,Rural,60-69,2936,1319,1617,655,261,394,553,236,317,99,49,50,655,318,337,93,50,43,155,78,77,308,146,162,418,181,237
4851,C4920,18,301,District-Dhubri,Rural,70-79,2617,1067,1550,583,257,326,453,186,267,61,22,39,639,258,381,53,27,26,124,49,75,199,89,110,505,179,326
4852,C4920,18,301,District-Dhubri,Rural,80-89,1195,465,730,203,83,120,169,68,101,10,6,4,310,123,187,20,7,13,54,20,34,85,33,52,344,125,219
4853,C4920,18,301,District-Dhubri,Rural,90+,625,249,376,94,37,57,77,32,45,11,4,7,159,74,85,6,2,4,20,11,9,35,9,26,223,80,143
4854,C4920,18,301,District-Dhubri,Rural,Age Not Stated,32,14,18,11,4,7,2,1,1,0,0,0,5,3,2,3,0,3,0,0,0,6,3,3,5,3,2
4855,C4920,18,301,District-Dhubri,Urban,Total,3563,1957,1606,574,303,271,377,200,177,237,132,105,668,396,272,268,170,98,208,124,84,858,425,433,373,207,166
4856,C4920,18,301,District-Dhubri,Urban,0-4,113,70,43,30,20,10,7,5,2,0,0,0,21,17,4,3,1,2,3,1,2,39,20,19,10,6,4
4857,C4920,18,301,District-Dhubri,Urban,5-9,190,111,79,29,19,10,19,7,12,26,15,11,29,17,12,14,10,4,3,0,3,48,29,19,22,14,8
4858,C4920,18,301,District-Dhubri,Urban,10-19,435,240,195,71,29,42,54,38,16,47,23,24,55,36,19,37,21,16,14,10,4,107,56,51,50,27,23
4859,C4920,18,301,District-Dhubri,Urban,20-29,480,281,199,65,36,29,48,30,18,46,29,17,66,50,16,50,32,18,20,16,4,140,59,81,45,29,16
4860,C4920,18,301,District-Dhubri,Urban,30-39,474,286,188,63,34,29,40,20,20,42,27,15,74,48,26,57,38,19,39,27,12,124,67,57,35,25,10
4861,C4920,18,301,District-Dhubri,Urban,40-49,512,305,207,85,48,37,38,23,15,35,22,13,95,63,32,47,32,15,36,21,15,144,75,69,32,21,11
4862,C4920,18,301,District-Dhubri,Urban,50-59,416,241,175,61,40,21,41,20,21,12,3,9,96,65,31,26,19,7,28,19,9,128,64,64,24,11,13
4863,C4920,18,301,District-Dhubri,Urban,60-69,392,194,198,73,35,38,53,25,28,19,8,11,91,49,42,19,11,8,30,12,18,64,31,33,43,23,20
4864,C4920,18,301,District-Dhubri,Urban,70-79,310,137,173,56,25,31,41,15,26,8,4,4,81,34,47,10,4,6,23,9,14,37,16,21,54,30,24
4865,C4920,18,301,District-Dhubri,Urban,80-89,180,69,111,32,14,18,21,11,10,2,1,1,48,14,34,4,2,2,12,9,3,18,5,13,43,13,30
4866,C4920,18,301,District-Dhubri,Urban,90+,56,21,35,9,3,6,15,6,9,0,0,0,10,2,8,0,0,0,0,0,0,8,2,6,14,8,6
4867,C4920,18,301,District-Dhubri,Urban,Age Not Stated,5,2,3,0,0,0,0,0,0,0,0,0,2,1,1,1,0,1,0,0,0,1,1,0,1,0,1
4868,C4920,18,302,District-Goalpara,Total,Total,14113,7457,6656,2608,1302,1306,2641,1337,1304,966,540,426,2489,1418,1071,903,505,398,566,324,242,2483,1296,1187,1457,735,722
4869,C4920,18,302,District-Goalpara,Total,0-4,714,382,332,135,76,59,122,58,64,22,8,14,115,62,53,45,26,19,5,3,2,231,125,106,39,24,15
4870,C4920,18,302,District-Goalpara,Total,5-9,956,511,445,170,89,81,177,88,89,130,74,56,116,68,48,61,33,28,12,8,4,192,95,97,98,56,42
4871,C4920,18,302,District-Goalpara,Total,10-19,2298,1308,990,365,214,151,373,193,180,264,148,116,321,197,124,211,117,94,83,49,34,458,256,202,223,134,89
4872,C4920,18,302,District-Goalpara,Total,20-29,1970,1125,845,303,157,146,337,196,141,183,104,79,299,194,105,183,109,74,85,58,27,401,206,195,179,101,78
4873,C4920,18,302,District-Goalpara,Total,30-39,1677,931,746,243,125,118,315,159,156,135,71,64,243,158,85,153,88,65,131,79,52,333,174,159,124,77,47
4874,C4920,18,302,District-Goalpara,Total,40-49,1591,890,701,318,157,161,303,157,146,101,59,42,257,171,86,111,64,47,97,60,37,299,173,126,105,49,56
4875,C4920,18,302,District-Goalpara,Total,50-59,1392,741,651,311,146,165,281,139,142,55,38,17,293,183,110,66,39,27,60,26,34,207,106,101,119,64,55
4876,C4920,18,302,District-Goalpara,Total,60-69,1465,686,779,362,158,204,331,142,189,38,23,15,326,169,157,38,19,19,47,25,22,170,75,95,153,75,78
4877,C4920,18,302,District-Goalpara,Total,70-79,1257,544,713,278,125,153,260,127,133,22,9,13,300,135,165,27,7,20,31,12,19,121,54,67,218,75,143
4878,C4920,18,302,District-Goalpara,Total,80-89,543,230,313,96,45,51,100,52,48,8,3,5,152,52,100,3,1,2,10,1,9,49,24,25,125,52,73
4879,C4920,18,302,District-Goalpara,Total,90+,242,104,138,27,10,17,39,23,16,6,2,4,67,29,38,4,2,2,5,3,2,22,8,14,72,27,45
4880,C4920,18,302,District-Goalpara,Total,Age Not Stated,8,5,3,0,0,0,3,3,0,2,1,1,0,0,0,1,0,1,0,0,0,0,0,0,2,1,1
4881,C4920,18,302,District-Goalpara,Rural,Total,12305,6493,5812,2200,1121,1079,2337,1183,1154,829,463,366,2177,1228,949,781,432,349,489,278,211,2211,1152,1059,1281,636,645
4882,C4920,18,302,District-Goalpara,Rural,0-4,632,331,301,118,66,52,113,53,60,18,6,12,94,49,45,37,21,16,5,3,2,214,113,101,33,20,13
4883,C4920,18,302,District-Goalpara,Rural,5-9,839,450,389,147,78,69,153,78,75,111,65,46,109,62,47,56,29,27,11,7,4,174,89,85,78,42,36
4884,C4920,18,302,District-Goalpara,Rural,10-19,2050,1175,875,311,188,123,333,174,159,229,131,98,290,175,115,191,106,85,73,44,29,422,238,184,201,119,82
4885,C4920,18,302,District-Goalpara,Rural,20-29,1692,966,726,251,132,119,303,175,128,148,85,63,262,172,90,157,95,62,77,51,26,353,178,175,141,78,63
4886,C4920,18,302,District-Goalpara,Rural,30-39,1422,778,644,179,95,84,268,128,140,122,60,62,214,137,77,123,72,51,111,66,45,298,153,145,107,67,40
4887,C4920,18,302,District-Goalpara,Rural,40-49,1374,759,615,263,126,137,268,139,129,81,47,34,226,148,78,94,53,41,82,51,31,271,151,120,89,44,45
4888,C4920,18,302,District-Goalpara,Rural,50-59,1246,661,585,277,133,144,258,131,127,50,34,16,263,161,102,61,34,27,53,22,31,175,90,85,109,56,53
4889,C4920,18,302,District-Goalpara,Rural,60-69,1280,603,677,310,141,169,292,125,167,33,21,12,281,147,134,30,13,17,40,20,20,148,64,84,146,72,74
4890,C4920,18,302,District-Goalpara,Rural,70-79,1080,467,613,238,113,125,226,110,116,21,8,13,247,105,142,25,6,19,25,10,15,100,48,52,198,67,131
4891,C4920,18,302,District-Goalpara,Rural,80-89,467,202,265,84,40,44,85,47,38,8,3,5,131,45,86,2,1,1,7,1,6,36,20,16,114,45,69
4892,C4920,18,302,District-Goalpara,Rural,90+,215,96,119,22,9,13,35,20,15,6,2,4,60,27,33,4,2,2,5,3,2,20,8,12,63,25,38
4893,C4920,18,302,District-Goalpara,Rural,Age Not Stated,8,5,3,0,0,0,3,3,0,2,1,1,0,0,0,1,0,1,0,0,0,0,0,0,2,1,1
4894,C4920,18,302,District-Goalpara,Urban,Total,1808,964,844,408,181,227,304,154,150,137,77,60,312,190,122,122,73,49,77,46,31,272,144,128,176,99,77
4895,C4920,18,302,District-Goalpara,Urban,0-4,82,51,31,17,10,7,9,5,4,4,2,2,21,13,8,8,5,3,0,0,0,17,12,5,6,4,2
4896,C4920,18,302,District-Goalpara,Urban,5-9,117,61,56,23,11,12,24,10,14,19,9,10,7,6,1,5,4,1,1,1,0,18,6,12,20,14,6
4897,C4920,18,302,District-Goalpara,Urban,10-19,248,133,115,54,26,28,40,19,21,35,17,18,31,22,9,20,11,9,10,5,5,36,18,18,22,15,7
4898,C4920,18,302,District-Goalpara,Urban,20-29,278,159,119,52,25,27,34,21,13,35,19,16,37,22,15,26,14,12,8,7,1,48,28,20,38,23,15
4899,C4920,18,302,District-Goalpara,Urban,30-39,255,153,102,64,30,34,47,31,16,13,11,2,29,21,8,30,16,14,20,13,7,35,21,14,17,10,7
4900,C4920,18,302,District-Goalpara,Urban,40-49,217,131,86,55,31,24,35,18,17,20,12,8,31,23,8,17,11,6,15,9,6,28,22,6,16,5,11
4901,C4920,18,302,District-Goalpara,Urban,50-59,146,80,66,34,13,21,23,8,15,5,4,1,30,22,8,5,5,0,7,4,3,32,16,16,10,8,2
4902,C4920,18,302,District-Goalpara,Urban,60-69,185,83,102,52,17,35,39,17,22,5,2,3,45,22,23,8,6,2,7,5,2,22,11,11,7,3,4
4903,C4920,18,302,District-Goalpara,Urban,70-79,177,77,100,40,12,28,34,17,17,1,1,0,53,30,23,2,1,1,6,2,4,21,6,15,20,8,12
4904,C4920,18,302,District-Goalpara,Urban,80-89,76,28,48,12,5,7,15,5,10,0,0,0,21,7,14,1,0,1,3,0,3,13,4,9,11,7,4
4905,C4920,18,302,District-Goalpara,Urban,90+,27,8,19,5,1,4,4,3,1,0,0,0,7,2,5,0,0,0,0,0,0,2,0,2,9,2,7
4906,C4920,18,302,District-Goalpara,Urban,Age Not Stated,0,0,0,0,0,0,0,0,0,0,0,0,0,0,0,0,0,0,0,0,0,0,0,0,0,0,0
4907,C4920,18,303,District-Barpeta,Total,Total,23829,12882,10947,3641,1883,1758,4318,2109,2209,1971,1097,874,4419,2644,1775,1418,812,606,899,521,378,4333,2353,1980,2830,1463,1367
4908,C4920,18,303,District-Barpeta,Total,0-4,1223,671,552,169,80,89,217,111,106,36,21,15,163,89,74,34,21,13,7,6,1,468,262,206,129,81,48
4909,C4920,18,303,District-Barpeta,Total,5-9,1878,1009,869,249,141,108,348,162,186,285,151,134,205,122,83,97,57,40,34,23,11,436,229,207,224,124,100
4910,C4920,18,303,District-Barpeta,Total,10-19,3977,2282,1695,504,293,211,702,382,320,523,316,207,638,397,241,310,187,123,121,65,56,785,424,361,394,218,176
4911,C4920,18,303,District-Barpeta,Total,20-29,3263,1844,1419,395,227,168,511,261,250,353,188,165,613,401,212,261,134,127,127,75,52,683,368,315,320,190,130
4912,C4920,18,303,District-Barpeta,Total,30-39,2886,1650,1236,383,226,157,474,225,249,292,151,141,506,339,167,234,133,101,182,117,65,576,314,262,239,145,94
4913,C4920,18,303,District-Barpeta,Total,40-49,2724,1593,1131,402,210,192,478,245,233,224,126,98,534,371,163,212,127,85,168,102,66,488,292,196,218,120,98
4914,C4920,18,303,District-Barpeta,Total,50-59,2250,1304,946,431,217,214,476,243,233,115,73,42,464,319,145,136,81,55,94,59,35,316,188,128,218,124,94
4915,C4920,18,303,District-Barpeta,Total,60-69,2224,1067,1157,467,207,260,433,193,240,84,42,42,500,269,231,78,41,37,79,33,46,254,124,130,329,158,171
4916,C4920,18,303,District-Barpeta,Total,70-79,2038,870,1168,412,189,223,440,185,255,39,19,20,454,188,266,39,22,17,57,31,26,203,86,117,394,150,244
4917,C4920,18,303,District-Barpeta,Total,80-89,953,405,548,164,67,97,179,76,103,15,9,6,254,105,149,11,7,4,16,6,10,86,41,45,228,94,134
4918,C4920,18,303,District-Barpeta,Total,90+,399,179,220,63,25,38,57,25,32,5,1,4,86,42,44,3,2,1,14,4,10,34,21,13,137,59,78
4919,C4920,18,303,District-Barpeta,Total,Age Not Stated,14,8,6,2,1,1,3,1,2,0,0,0,2,2,0,3,0,3,0,0,0,4,4,0,0,0,0
4920,C4920,18,303,District-Barpeta,Rural,Total,21922,11832,10090,3424,1776,1648,3974,1922,2052,1820,1028,792,4067,2426,1641,1295,740,555,794,458,336,3909,2120,1789,2639,1362,1277
4921,C4920,18,303,District-Barpeta,Rural,0-4,1155,634,521,157,75,82,200,102,98,34,20,14,152,83,69,33,20,13,5,4,1,448,252,196,126,78,48
4922,C4920,18,303,District-Barpeta,Rural,5-9,1773,958,815,240,136,104,326,148,178,267,144,123,193,117,76,93,55,38,33,22,11,417,222,195,204,114,90
4923,C4920,18,303,District-Barpeta,Rural,10-19,3715,2131,1584,478,282,196,654,352,302,493,298,195,602,373,229,284,170,114,109,57,52,738,398,340,357,201,156
4924,C4920,18,303,District-Barpeta,Rural,20-29,2964,1668,1296,370,214,156,453,228,225,314,170,144,574,370,204,236,120,116,113,67,46,624,336,288,280,163,117
4925,C4920,18,303,District-Barpeta,Rural,30-39,2610,1498,1112,362,213,149,432,202,230,266,143,123,465,313,152,208,120,88,154,101,53,504,271,233,219,135,84
4926,C4920,18,303,District-Barpeta,Rural,40-49,2424,1417,1007,366,189,177,425,212,213,205,118,87,476,330,146,193,115,78,142,86,56,420,258,162,197,109,88
4927,C4920,18,303,District-Barpeta,Rural,50-59,2040,1176,864,408,207,201,449,230,219,108,68,40,413,284,129,124,72,52,81,49,32,259,152,107,198,114,84
4928,C4920,18,303,District-Barpeta,Rural,60-69,2049,980,1069,444,196,248,403,181,222,76,39,37,452,242,210,73,40,33,73,31,42,212,99,113,316,152,164
4929,C4920,18,303,District-Barpeta,Rural,70-79,1915,815,1100,390,181,209,413,172,241,38,18,20,422,173,249,34,19,15,55,31,24,177,73,104,386,148,238
4930,C4920,18,303,District-Barpeta,Rural,80-89,885,377,508,150,60,90,162,70,92,15,9,6,235,100,135,11,7,4,16,6,10,74,34,40,222,91,131
4931,C4920,18,303,District-Barpeta,Rural,90+,379,171,208,57,22,35,55,25,30,4,1,3,81,39,42,3,2,1,13,4,9,32,21,11,134,57,77
4932,C4920,18,303,District-Barpeta,Rural,Age Not Stated,13,7,6,2,1,1,2,0,2,0,0,0,2,2,0,3,0,3,0,0,0,4,4,0,0,0,0
4933,C4920,18,303,District-Barpeta,Urban,Total,1907,1050,857,217,107,110,344,187,157,151,69,82,352,218,134,123,72,51,105,63,42,424,233,191,191,101,90
4934,C4920,18,303,District-Barpeta,Urban,0-4,68,37,31,12,5,7,17,9,8,2,1,1,11,6,5,1,1,0,2,2,0,20,10,10,3,3,0
4935,C4920,18,303,District-Barpeta,Urban,5-9,105,51,54,9,5,4,22,14,8,18,7,11,12,5,7,4,2,2,1,1,0,19,7,12,20,10,10
4936,C4920,18,303,District-Barpeta,Urban,10-19,262,151,111,26,11,15,48,30,18,30,18,12,36,24,12,26,17,9,12,8,4,47,26,21,37,17,20
4937,C4920,18,303,District-Barpeta,Urban,20-29,299,176,123,25,13,12,58,33,25,39,18,21,39,31,8,25,14,11,14,8,6,59,32,27,40,27,13
4938,C4920,18,303,District-Barpeta,Urban,30-39,276,152,124,21,13,8,42,23,19,26,8,18,41,26,15,26,13,13,28,16,12,72,43,29,20,10,10
4939,C4920,18,303,District-Barpeta,Urban,40-49,300,176,124,36,21,15,53,33,20,19,8,11,58,41,17,19,12,7,26,16,10,68,34,34,21,11,10
4940,C4920,18,303,District-Barpeta,Urban,50-59,210,128,82,23,10,13,27,13,14,7,5,2,51,35,16,12,9,3,13,10,3,57,36,21,20,10,10
4941,C4920,18,303,District-Barpeta,Urban,60-69,175,87,88,23,11,12,30,12,18,8,3,5,48,27,21,5,1,4,6,2,4,42,25,17,13,6,7
4942,C4920,18,303,District-Barpeta,Urban,70-79,123,55,68,22,8,14,27,13,14,1,1,0,32,15,17,5,3,2,2,0,2,26,13,13,8,2,6
4943,C4920,18,303,District-Barpeta,Urban,80-89,68,28,40,14,7,7,17,6,11,0,0,0,19,5,14,0,0,0,0,0,0,12,7,5,6,3,3
4944,C4920,18,303,District-Barpeta,Urban,90+,20,8,12,6,3,3,2,0,2,1,0,1,5,3,2,0,0,0,1,0,1,2,0,2,3,2,1
4945,C4920,18,303,District-Barpeta,Urban,Age Not Stated,1,1,0,0,0,0,1,1,0,0,0,0,0,0,0,0,0,0,0,0,0,0,0,0,0,0,0
4946,C4920,18,304,District-Morigaon,Total,Total,17336,8966,8370,2922,1486,1436,3879,1918,1961,1097,590,507,2577,1467,1110,889,464,425,641,327,314,3297,1762,1535,2034,952,1082
4947,C4920,18,304,District-Morigaon,Total,0-4,955,505,450,139,77,62,247,126,121,23,14,9,110,57,53,28,11,17,14,6,8,322,171,151,72,43,29
4948,C4920,18,304,District-Morigaon,Total,5-9,1347,747,600,200,108,92,359,175,184,140,85,55,142,88,54,49,29,20,25,13,12,321,184,137,111,65,46
4949,C4920,18,304,District-Morigaon,Total,10-19,2745,1515,1230,355,205,150,663,348,315,270,147,123,343,200,143,176,99,77,80,40,40,620,351,269,238,125,113
4950,C4920,18,304,District-Morigaon,Total,20-29,2213,1179,1034,226,119,107,491,245,246,186,85,101,364,242,122,175,86,89,114,63,51,471,236,235,186,103,83
4951,C4920,18,304,District-Morigaon,Total,30-39,1992,1058,934,255,148,107,415,213,202,164,82,82,262,153,109,167,97,70,112,62,50,444,220,224,173,83,90
4952,C4920,18,304,District-Morigaon,Total,40-49,1976,1046,930,347,174,173,406,200,206,127,75,52,286,185,101,130,68,62,98,49,49,402,221,181,180,74,106
4953,C4920,18,304,District-Morigaon,Total,50-59,1635,897,738,384,192,192,338,180,158,80,44,36,259,174,85,80,38,42,81,35,46,247,155,92,166,79,87
4954,C4920,18,304,District-Morigaon,Total,60-69,1806,818,988,489,222,267,356,151,205,60,37,23,304,148,156,39,15,24,56,28,28,228,111,117,274,106,168
4955,C4920,18,304,District-Morigaon,Total,70-79,1453,662,791,345,151,194,284,139,145,26,13,13,269,114,155,26,9,17,39,19,20,145,67,78,319,150,169
4956,C4920,18,304,District-Morigaon,Total,80-89,668,292,376,128,62,66,112,44,68,15,7,8,156,71,85,6,4,2,12,8,4,51,20,31,188,76,112
4957,C4920,18,304,District-Morigaon,Total,90+,378,163,215,50,27,23,66,25,41,1,0,1,81,34,47,11,7,4,10,4,6,33,19,14,126,47,79
4958,C4920,18,304,District-Morigaon,Total,Age Not Stated,168,84,84,4,1,3,142,72,70,5,1,4,1,1,0,2,1,1,0,0,0,13,7,6,1,1,0
4959,C4920,18,304,District-Morigaon,Rural,Total,15765,8161,7604,2658,1363,1295,3670,1824,1846,1009,544,465,2372,1346,1026,799,410,389,585,299,286,2741,1480,1261,1931,895,1036
4960,C4920,18,304,District-Morigaon,Rural,0-4,894,468,426,133,74,59,236,119,117,23,14,9,109,56,53,27,11,16,14,6,8,284,148,136,68,40,28
4961,C4920,18,304,District-Morigaon,Rural,5-9,1265,706,559,186,100,86,350,172,178,131,79,52,132,82,50,46,27,19,24,13,11,287,169,118,109,64,45
4962,C4920,18,304,District-Morigaon,Rural,10-19,2498,1383,1115,332,190,142,632,333,299,243,133,110,318,186,132,158,88,70,71,36,35,516,298,218,228,119,109
4963,C4920,18,304,District-Morigaon,Rural,20-29,1977,1049,928,201,104,97,459,227,232,173,80,93,334,220,114,158,75,83,104,57,47,368,188,180,180,98,82
4964,C4920,18,304,District-Morigaon,Rural,30-39,1767,947,820,229,133,96,391,202,189,149,74,75,230,136,94,147,83,64,100,56,44,356,185,171,165,78,87
4965,C4920,18,304,District-Morigaon,Rural,40-49,1744,921,823,302,157,145,380,191,189,113,65,48,262,169,93,116,62,54,89,42,47,316,169,147,166,66,100
4966,C4920,18,304,District-Morigaon,Rural,50-59,1428,796,632,335,175,160,315,170,145,75,42,33,223,154,69,68,30,38,71,32,39,192,123,69,149,70,79
4967,C4920,18,304,District-Morigaon,Rural,60-69,1668,747,921,447,201,246,333,141,192,59,37,22,277,133,144,37,14,23,53,27,26,201,95,106,261,99,162
4968,C4920,18,304,District-Morigaon,Rural,70-79,1365,629,736,319,143,176,266,130,136,24,12,12,259,110,149,25,9,16,38,19,19,133,63,70,301,143,158
4969,C4920,18,304,District-Morigaon,Rural,80-89,630,274,356,121,58,63,106,42,64,14,7,7,147,66,81,6,4,2,11,7,4,45,19,26,180,71,109
4970,C4920,18,304,District-Morigaon,Rural,90+,363,157,206,49,27,22,61,25,36,0,0,0,80,33,47,10,6,4,10,4,6,30,16,14,123,46,77
4971,C4920,18,304,District-Morigaon,Rural,Age Not Stated,166,84,82,4,1,3,141,72,69,5,1,4,1,1,0,1,1,0,0,0,0,13,7,6,1,1,0
4972,C4920,18,304,District-Morigaon,Urban,Total,1571,805,766,264,123,141,209,94,115,88,46,42,205,121,84,90,54,36,56,28,28,556,282,274,103,57,46
4973,C4920,18,304,District-Morigaon,Urban,0-4,61,37,24,6,3,3,11,7,4,0,0,0,1,1,0,1,0,1,0,0,0,38,23,15,4,3,1
4974,C4920,18,304,District-Morigaon,Urban,5-9,82,41,41,14,8,6,9,3,6,9,6,3,10,6,4,3,2,1,1,0,1,34,15,19,2,1,1
4975,C4920,18,304,District-Morigaon,Urban,10-19,247,132,115,23,15,8,31,15,16,27,14,13,25,14,11,18,11,7,9,4,5,104,53,51,10,6,4
4976,C4920,18,304,District-Morigaon,Urban,20-29,236,130,106,25,15,10,32,18,14,13,5,8,30,22,8,17,11,6,10,6,4,103,48,55,6,5,1
4977,C4920,18,304,District-Morigaon,Urban,30-39,225,111,114,26,15,11,24,11,13,15,8,7,32,17,15,20,14,6,12,6,6,88,35,53,8,5,3
4978,C4920,18,304,District-Morigaon,Urban,40-49,232,125,107,45,17,28,26,9,17,14,10,4,24,16,8,14,6,8,9,7,2,86,52,34,14,8,6
4979,C4920,18,304,District-Morigaon,Urban,50-59,207,101,106,49,17,32,23,10,13,5,2,3,36,20,16,12,8,4,10,3,7,55,32,23,17,9,8
4980,C4920,18,304,District-Morigaon,Urban,60-69,138,71,67,42,21,21,23,10,13,1,0,1,27,15,12,2,1,1,3,1,2,27,16,11,13,7,6
4981,C4920,18,304,District-Morigaon,Urban,70-79,88,33,55,26,8,18,18,9,9,2,1,1,10,4,6,1,0,1,1,0,1,12,4,8,18,7,11
4982,C4920,18,304,District-Morigaon,Urban,80-89,38,18,20,7,4,3,6,2,4,1,0,1,9,5,4,0,0,0,1,1,0,6,1,5,8,5,3
4983,C4920,18,304,District-Morigaon,Urban,90+,15,6,9,1,0,1,5,0,5,1,0,1,1,1,0,1,1,0,0,0,0,3,3,0,3,1,2
4984,C4920,18,304,District-Morigaon,Urban,Age Not Stated,2,0,2,0,0,0,1,0,1,0,0,0,0,0,0,1,0,1,0,0,0,0,0,0,0,0,0
4985,C4920,18,305,District-Nagaon,Total,Total,45125,23794,21331,7203,3647,3556,9678,4706,4972,3804,2083,1721,7967,4556,3411,2688,1505,1183,1986,1089,897,6399,3480,2919,5400,2728,2672
4986,C4920,18,305,District-Nagaon,Total,0-4,2189,1191,998,332,177,155,532,252,280,73,45,28,316,192,124,111,53,58,18,10,8,620,348,272,187,114,73
4987,C4920,18,305,District-Nagaon,Total,5-9,3501,1921,1580,492,264,228,828,414,414,457,252,205,462,266,196,174,97,77,68,45,23,659,364,295,361,219,142
4988,C4920,18,305,District-Nagaon,Total,10-19,7252,4051,3201,1008,562,446,1623,845,778,928,529,399,1023,589,434,493,282,211,235,140,95,1230,687,543,712,417,295
4989,C4920,18,305,District-Nagaon,Total,20-29,6012,3293,2719,725,399,326,1244,636,608,730,364,366,982,619,363,514,301,213,303,170,133,967,506,461,547,298,249
4990,C4920,18,305,District-Nagaon,Total,30-39,5394,2958,2436,626,334,292,1121,557,564,592,314,278,844,545,299,501,287,214,378,227,151,822,432,390,510,262,248
4991,C4920,18,305,District-Nagaon,Total,40-49,4924,2795,2129,756,410,346,996,497,499,418,248,170,836,573,263,396,219,177,369,192,177,701,407,294,452,249,203
4992,C4920,18,305,District-Nagaon,Total,50-59,4240,2213,2027,813,377,436,909,406,503,286,167,119,831,500,331,245,138,107,224,121,103,487,265,222,445,239,206
4993,C4920,18,305,District-Nagaon,Total,60-69,4831,2245,2586,1119,498,621,1041,454,587,191,100,91,1014,514,500,144,73,71,191,84,107,482,241,241,649,281,368
4994,C4920,18,305,District-Nagaon,Total,70-79,3890,1799,2091,820,385,435,857,385,472,87,43,44,951,458,493,67,32,35,125,55,70,265,147,118,718,294,424
4995,C4920,18,305,District-Nagaon,Total,80-89,1989,915,1074,383,182,201,387,192,195,29,14,15,487,206,281,31,15,16,46,29,17,109,49,60,517,228,289
4996,C4920,18,305,District-Nagaon,Total,90+,880,403,477,128,59,69,137,66,71,13,7,6,217,93,124,10,7,3,26,15,11,51,31,20,298,125,173
4997,C4920,18,305,District-Nagaon,Total,Age Not Stated,23,10,13,1,0,1,3,2,1,0,0,0,4,1,3,2,1,1,3,1,2,6,3,3,4,2,2
4998,C4920,18,305,District-Nagaon,Rural,Total,39896,20971,18925,6364,3225,3139,8727,4264,4463,3329,1804,1525,6960,3958,3002,2275,1260,1015,1758,946,812,5690,3095,2595,4793,2419,2374
4999,C4920,18,305,District-Nagaon,Rural,0-4,2000,1088,912,308,166,142,493,232,261,62,40,22,296,179,117,94,44,50,18,10,8,564,317,247,165,100,65
5000,C4920,18,305,District-Nagaon,Rural,5-9,3213,1759,1454,460,245,215,774,389,385,416,232,184,425,245,180,143,76,67,65,42,23,612,340,272,318,190,128
5001,C4920,18,305,District-Nagaon,Rural,10-19,6552,3650,2902,913,508,405,1496,785,711,821,460,361,939,539,400,428,243,185,217,129,88,1112,621,491,626,365,261
5002,C4920,18,305,District-Nagaon,Rural,20-29,5285,2877,2408,628,342,286,1122,568,554,640,316,324,874,555,319,427,253,174,259,142,117,858,441,417,477,260,217
5003,C4920,18,305,District-Nagaon,Rural,30-39,4646,2560,2086,528,280,248,992,503,489,501,267,234,719,466,253,424,241,183,332,198,134,719,380,339,431,225,206
5004,C4920,18,305,District-Nagaon,Rural,40-49,4232,2370,1862,672,367,305,880,437,443,351,207,144,665,449,216,338,177,161,317,161,156,609,347,262,400,225,175
5005,C4920,18,305,District-Nagaon,Rural,50-59,3669,1897,1772,712,326,386,814,371,443,257,142,115,688,404,284,204,116,88,187,96,91,415,230,185,392,212,180
5006,C4920,18,305,District-Nagaon,Rural,60-69,4283,1961,2322,971,437,534,929,396,533,172,85,87,885,437,448,127,62,65,175,76,99,422,213,209,602,255,347
5007,C4920,18,305,District-Nagaon,Rural,70-79,3431,1608,1823,721,340,381,756,348,408,76,40,36,835,410,425,54,28,26,118,51,67,232,130,102,639,261,378
5008,C4920,18,305,District-Nagaon,Rural,80-89,1761,813,948,331,156,175,348,173,175,24,10,14,430,184,246,26,14,12,43,27,16,93,43,50,466,206,260
5009,C4920,18,305,District-Nagaon,Rural,90+,803,379,424,119,58,61,120,60,60,9,5,4,200,89,111,8,5,3,24,13,11,49,30,19,274,119,155
5010,C4920,18,305,District-Nagaon,Rural,Age Not Stated,21,9,12,1,0,1,3,2,1,0,0,0,4,1,3,2,1,1,3,1,2,5,3,2,3,1,2
5011,C4920,18,305,District-Nagaon,Urban,Total,5229,2823,2406,839,422,417,951,442,509,475,279,196,1007,598,409,413,245,168,228,143,85,709,385,324,607,309,298
5012,C4920,18,305,District-Nagaon,Urban,0-4,189,103,86,24,11,13,39,20,19,11,5,6,20,13,7,17,9,8,0,0,0,56,31,25,22,14,8
5013,C4920,18,305,District-Nagaon,Urban,5-9,288,162,126,32,19,13,54,25,29,41,20,21,37,21,16,31,21,10,3,3,0,47,24,23,43,29,14
5014,C4920,18,305,District-Nagaon,Urban,10-19,700,401,299,95,54,41,127,60,67,107,69,38,84,50,34,65,39,26,18,11,7,118,66,52,86,52,34
5015,C4920,18,305,District-Nagaon,Urban,20-29,727,416,311,97,57,40,122,68,54,90,48,42,108,64,44,87,48,39,44,28,16,109,65,44,70,38,32
5016,C4920,18,305,District-Nagaon,Urban,30-39,748,398,350,98,54,44,129,54,75,91,47,44,125,79,46,77,46,31,46,29,17,103,52,51,79,37,42
5017,C4920,18,305,District-Nagaon,Urban,40-49,692,425,267,84,43,41,116,60,56,67,41,26,171,124,47,58,42,16,52,31,21,92,60,32,52,24,28
5018,C4920,18,305,District-Nagaon,Urban,50-59,571,316,255,101,51,50,95,35,60,29,25,4,143,96,47,41,22,19,37,25,12,72,35,37,53,27,26
5019,C4920,18,305,District-Nagaon,Urban,60-69,548,284,264,148,61,87,112,58,54,19,15,4,129,77,52,17,11,6,16,8,8,60,28,32,47,26,21
5020,C4920,18,305,District-Nagaon,Urban,70-79,459,191,268,99,45,54,101,37,64,11,3,8,116,48,68,13,4,9,7,4,3,33,17,16,79,33,46
5021,C4920,18,305,District-Nagaon,Urban,80-89,228,102,126,52,26,26,39,19,20,5,4,1,57,22,35,5,1,4,3,2,1,16,6,10,51,22,29
5022,C4920,18,305,District-Nagaon,Urban,90+,77,24,53,9,1,8,17,6,11,4,2,2,17,4,13,2,2,0,2,2,0,2,1,1,24,6,18
5023,C4920,18,305,District-Nagaon,Urban,Age Not Stated,2,1,1,0,0,0,0,0,0,0,0,0,0,0,0,0,0,0,0,0,0,1,0,1,1,1,0
5024,C4920,18,306,District-Sonitpur,Total,Total,29534,16034,13500,4812,2512,2300,6205,3252,2953,2671,1421,1250,4556,2719,1837,1619,929,690,1346,816,530,5346,2896,2450,2979,1489,1490
5025,C4920,18,306,District-Sonitpur,Total,0-4,1295,688,607,228,111,117,277,146,131,40,20,20,146,85,61,69,44,25,11,5,6,444,239,205,80,38,42
5026,C4920,18,306,District-Sonitpur,Total,5-9,2126,1161,965,290,155,135,458,223,235,272,163,109,247,146,101,86,36,50,29,20,9,524,287,237,220,131,89
5027,C4920,18,306,District-Sonitpur,Total,10-19,4251,2279,1972,608,322,286,822,434,388,516,276,240,560,326,234,295,162,133,148,75,73,902,482,420,400,202,198
5028,C4920,18,306,District-Sonitpur,Total,20-29,4465,2368,2097,475,235,240,830,415,415,597,278,319,637,384,253,312,189,123,289,194,95,879,447,432,446,226,220
5029,C4920,18,306,District-Sonitpur,Total,30-39,4069,2274,1795,525,287,238,793,419,374,466,237,229,571,348,223,321,201,120,307,196,111,762,420,342,324,166,158
5030,C4920,18,306,District-Sonitpur,Total,40-49,3720,2161,1559,516,288,228,800,455,345,357,198,159,587,374,213,242,136,106,260,166,94,673,392,281,285,152,133
5031,C4920,18,306,District-Sonitpur,Total,50-59,2959,1689,1270,595,317,278,628,367,261,204,121,83,572,372,200,150,82,68,154,78,76,435,240,195,221,112,109
5032,C4920,18,306,District-Sonitpur,Total,60-69,3181,1647,1534,817,392,425,792,385,407,135,78,57,584,345,239,88,47,41,82,47,35,363,195,168,320,158,162
5033,C4920,18,306,District-Sonitpur,Total,70-79,2158,1120,1038,494,270,224,524,255,269,63,38,25,407,222,185,38,23,15,48,28,20,229,118,111,355,166,189
5034,C4920,18,306,District-Sonitpur,Total,80-89,932,456,476,192,102,90,205,109,96,11,7,4,178,80,98,16,8,8,12,5,7,87,45,42,231,100,131
5035,C4920,18,306,District-Sonitpur,Total,90+,358,181,177,70,32,38,73,42,31,5,1,4,66,37,29,2,1,1,3,1,2,43,29,14,96,38,58
5036,C4920,18,306,District-Sonitpur,Total,Age Not Stated,20,10,10,2,1,1,3,2,1,5,4,1,1,0,1,0,0,0,3,1,2,5,2,3,1,0,1
5037,C4920,18,306,District-Sonitpur,Rural,Total,27222,14697,12525,4515,2361,2154,5838,3062,2776,2464,1300,1164,4194,2516,1678,1477,845,632,953,532,421,5007,2701,2306,2774,1380,1394
5038,C4920,18,306,District-Sonitpur,Rural,0-4,1212,653,559,213,106,107,263,138,125,38,20,18,136,81,55,65,41,24,10,4,6,419,230,189,68,33,35
5039,C4920,18,306,District-Sonitpur,Rural,5-9,2008,1105,903,280,154,126,441,216,225,252,153,99,228,136,92,82,34,48,26,18,8,503,277,226,196,117,79
5040,C4920,18,306,District-Sonitpur,Rural,10-19,3977,2124,1853,574,302,272,780,415,365,480,251,229,519,307,212,278,151,127,127,65,62,856,453,403,363,180,183
5041,C4920,18,306,District-Sonitpur,Rural,20-29,4051,2126,1925,444,216,228,768,383,385,553,258,295,597,366,231,279,170,109,186,114,72,810,412,398,414,207,207
5042,C4920,18,306,District-Sonitpur,Rural,30-39,3665,2031,1634,472,264,208,746,397,349,431,221,210,525,316,209,291,182,109,187,105,82,703,386,317,310,160,150
5043,C4920,18,306,District-Sonitpur,Rural,40-49,3369,1935,1434,473,261,212,750,428,322,324,178,146,540,341,199,213,121,92,173,102,71,629,359,270,267,145,122
5044,C4920,18,306,District-Sonitpur,Rural,50-59,2695,1510,1185,551,291,260,582,340,242,185,104,81,512,329,183,137,73,64,115,52,63,411,223,188,202,98,104
5045,C4920,18,306,District-Sonitpur,Rural,60-69,3002,1552,1450,783,374,409,753,364,389,124,71,53,547,330,217,82,43,39,70,40,30,340,180,160,303,150,153
5046,C4920,18,306,District-Sonitpur,Rural,70-79,2025,1055,970,473,263,210,495,240,255,59,35,24,370,203,167,34,22,12,44,26,18,211,110,101,339,156,183
5047,C4920,18,306,District-Sonitpur,Rural,80-89,860,423,437,182,97,85,189,100,89,9,5,4,160,73,87,14,7,7,11,4,7,78,41,37,217,96,121
5048,C4920,18,306,District-Sonitpur,Rural,90+,340,174,166,68,32,36,68,39,29,5,1,4,59,34,25,2,1,1,2,1,1,42,28,14,94,38,56
5049,C4920,18,306,District-Sonitpur,Rural,Age Not Stated,18,9,9,2,1,1,3,2,1,4,3,1,1,0,1,0,0,0,2,1,1,5,2,3,1,0,1
5050,C4920,18,306,District-Sonitpur,Urban,Total,2312,1337,975,297,151,146,367,190,177,207,121,86,362,203,159,142,84,58,393,284,109,339,195,144,205,109,96
5051,C4920,18,306,District-Sonitpur,Urban,0-4,83,35,48,15,5,10,14,8,6,2,0,2,10,4,6,4,3,1,1,1,0,25,9,16,12,5,7
5052,C4920,18,306,District-Sonitpur,Urban,5-9,118,56,62,10,1,9,17,7,10,20,10,10,19,10,9,4,2,2,3,2,1,21,10,11,24,14,10
5053,C4920,18,306,District-Sonitpur,Urban,10-19,274,155,119,34,20,14,42,19,23,36,25,11,41,19,22,17,11,6,21,10,11,46,29,17,37,22,15
5054,C4920,18,306,District-Sonitpur,Urban,20-29,414,242,172,31,19,12,62,32,30,44,20,24,40,18,22,33,19,14,103,80,23,69,35,34,32,19,13
5055,C4920,18,306,District-Sonitpur,Urban,30-39,404,243,161,53,23,30,47,22,25,35,16,19,46,32,14,30,19,11,120,91,29,59,34,25,14,6,8
5056,C4920,18,306,District-Sonitpur,Urban,40-49,351,226,125,43,27,16,50,27,23,33,20,13,47,33,14,29,15,14,87,64,23,44,33,11,18,7,11
5057,C4920,18,306,District-Sonitpur,Urban,50-59,264,179,85,44,26,18,46,27,19,19,17,2,60,43,17,13,9,4,39,26,13,24,17,7,19,14,5
5058,C4920,18,306,District-Sonitpur,Urban,60-69,179,95,84,34,18,16,39,21,18,11,7,4,37,15,22,6,4,2,12,7,5,23,15,8,17,8,9
5059,C4920,18,306,District-Sonitpur,Urban,70-79,133,65,68,21,7,14,29,15,14,4,3,1,37,19,18,4,1,3,4,2,2,18,8,10,16,10,6
5060,C4920,18,306,District-Sonitpur,Urban,80-89,72,33,39,10,5,5,16,9,7,2,2,0,18,7,11,2,1,1,1,1,0,9,4,5,14,4,10
5061,C4920,18,306,District-Sonitpur,Urban,90+,18,7,11,2,0,2,5,3,2,0,0,0,7,3,4,0,0,0,1,0,1,1,1,0,2,0,2
5062,C4920,18,306,District-Sonitpur,Urban,Age Not Stated,2,1,1,0,0,0,0,0,0,1,1,0,0,0,0,0,0,0,1,0,1,0,0,0,0,0,0
5063,C4920,18,307,District-Lakhimpur,Total,Total,14074,7480,6594,2111,1082,1029,2946,1469,1477,1419,751,668,2682,1541,1141,557,306,251,446,252,194,2336,1268,1068,1577,811,766
5064,C4920,18,307,District-Lakhimpur,Total,0-4,475,248,227,57,29,28,108,56,52,24,16,8,54,31,23,18,7,11,6,4,2,165,82,83,43,23,20
5065,C4920,18,307,District-Lakhimpur,Total,5-9,882,504,378,100,59,41,179,98,81,179,110,69,121,69,52,35,16,19,9,5,4,161,94,67,98,53,45
5066,C4920,18,307,District-Lakhimpur,Total,10-19,1977,1092,885,202,103,99,394,198,196,337,183,154,325,199,126,90,48,42,37,21,16,337,196,141,255,144,111
5067,C4920,18,307,District-Lakhimpur,Total,20-29,1763,961,802,148,80,68,304,145,159,274,137,137,330,207,123,102,53,49,79,45,34,323,183,140,203,111,92
5068,C4920,18,307,District-Lakhimpur,Total,30-39,1692,907,785,195,112,83,298,139,159,256,126,130,297,181,116,121,70,51,95,62,33,273,143,130,157,74,83
5069,C4920,18,307,District-Lakhimpur,Total,40-49,1719,972,747,265,151,114,350,180,170,160,84,76,331,216,115,90,53,37,95,52,43,297,157,140,131,79,52
5070,C4920,18,307,District-Lakhimpur,Total,50-59,1561,838,723,315,163,152,327,173,154,89,44,45,297,183,114,53,30,23,68,30,38,280,153,127,132,62,70
5071,C4920,18,307,District-Lakhimpur,Total,60-69,1890,917,973,397,174,223,466,216,250,64,36,28,431,220,211,33,21,12,31,16,15,275,137,138,193,97,96
5072,C4920,18,307,District-Lakhimpur,Total,70-79,1334,655,679,275,135,140,337,168,169,29,13,16,298,144,154,11,6,5,17,10,7,158,86,72,209,93,116
5073,C4920,18,307,District-Lakhimpur,Total,80-89,559,279,280,119,61,58,131,65,66,3,1,2,150,70,80,3,2,1,6,4,2,45,25,20,102,51,51
5074,C4920,18,307,District-Lakhimpur,Total,90+,216,103,113,37,15,22,52,31,21,4,1,3,48,21,27,1,0,1,1,1,0,19,10,9,54,24,30
5075,C4920,18,307,District-Lakhimpur,Total,Age Not Stated,6,4,2,1,0,1,0,0,0,0,0,0,0,0,0,0,0,0,2,2,0,3,2,1,0,0,0
5076,C4920,18,307,District-Lakhimpur,Rural,Total,12939,6910,6029,1950,997,953,2744,1370,1374,1307,694,613,2441,1421,1020,512,286,226,410,233,177,2121,1163,958,1454,746,708
5077,C4920,18,307,District-Lakhimpur,Rural,0-4,447,231,216,57,29,28,101,52,49,21,13,8,51,30,21,16,7,9,5,3,2,155,75,80,41,22,19
5078,C4920,18,307,District-Lakhimpur,Rural,5-9,818,465,353,91,52,39,167,89,78,171,105,66,114,63,51,30,15,15,8,4,4,151,88,63,86,49,37
5079,C4920,18,307,District-Lakhimpur,Rural,10-19,1811,1005,806,181,94,87,369,185,184,307,170,137,294,180,114,82,43,39,35,21,14,307,181,126,236,131,105
5080,C4920,18,307,District-Lakhimpur,Rural,20-29,1603,873,730,137,73,64,274,128,146,253,127,126,304,194,110,92,48,44,72,40,32,286,165,121,185,98,87
5081,C4920,18,307,District-Lakhimpur,Rural,30-39,1576,850,726,179,101,78,272,125,147,242,124,118,276,170,106,112,66,46,90,59,31,251,131,120,154,74,80
5082,C4920,18,307,District-Lakhimpur,Rural,40-49,1573,893,680,246,139,107,330,173,157,143,75,68,298,192,106,89,53,36,86,47,39,263,143,120,118,71,47
5083,C4920,18,307,District-Lakhimpur,Rural,50-59,1416,764,652,284,144,140,304,163,141,79,35,44,272,171,101,48,28,20,64,28,36,247,139,108,118,56,62
5084,C4920,18,307,District-Lakhimpur,Rural,60-69,1740,850,890,368,163,205,437,203,234,58,32,26,389,202,187,29,18,11,26,16,10,252,127,125,181,89,92
5085,C4920,18,307,District-Lakhimpur,Rural,70-79,1235,615,620,258,128,130,316,160,156,27,11,16,273,137,136,10,6,4,17,10,7,146,79,67,188,84,104
5086,C4920,18,307,District-Lakhimpur,Rural,80-89,516,264,252,114,60,54,127,63,64,3,1,2,125,62,63,3,2,1,5,3,2,42,23,19,97,50,47
5087,C4920,18,307,District-Lakhimpur,Rural,90+,198,96,102,34,14,20,47,29,18,3,1,2,45,20,25,1,0,1,0,0,0,18,10,8,50,22,28
5088,C4920,18,307,District-Lakhimpur,Rural,Age Not Stated,6,4,2,1,0,1,0,0,0,0,0,0,0,0,0,0,0,0,2,2,0,3,2,1,0,0,0
5089,C4920,18,307,District-Lakhimpur,Urban,Total,1135,570,565,161,85,76,202,99,103,112,57,55,241,120,121,45,20,25,36,19,17,215,105,110,123,65,58
5090,C4920,18,307,District-Lakhimpur,Urban,0-4,28,17,11,0,0,0,7,4,3,3,3,0,3,1,2,2,0,2,1,1,0,10,7,3,2,1,1
5091,C4920,18,307,District-Lakhimpur,Urban,5-9,64,39,25,9,7,2,12,9,3,8,5,3,7,6,1,5,1,4,1,1,0,10,6,4,12,4,8
5092,C4920,18,307,District-Lakhimpur,Urban,10-19,166,87,79,21,9,12,25,13,12,30,13,17,31,19,12,8,5,3,2,0,2,30,15,15,19,13,6
5093,C4920,18,307,District-Lakhimpur,Urban,20-29,160,88,72,11,7,4,30,17,13,21,10,11,26,13,13,10,5,5,7,5,2,37,18,19,18,13,5
5094,C4920,18,307,District-Lakhimpur,Urban,30-39,116,57,59,16,11,5,26,14,12,14,2,12,21,11,10,9,4,5,5,3,2,22,12,10,3,0,3
5095,C4920,18,307,District-Lakhimpur,Urban,40-49,146,79,67,19,12,7,20,7,13,17,9,8,33,24,9,1,0,1,9,5,4,34,14,20,13,8,5
5096,C4920,18,307,District-Lakhimpur,Urban,50-59,145,74,71,31,19,12,23,10,13,10,9,1,25,12,13,5,2,3,4,2,2,33,14,19,14,6,8
5097,C4920,18,307,District-Lakhimpur,Urban,60-69,150,67,83,29,11,18,29,13,16,6,4,2,42,18,24,4,3,1,5,0,5,23,10,13,12,8,4
5098,C4920,18,307,District-Lakhimpur,Urban,70-79,99,40,59,17,7,10,21,8,13,2,2,0,25,7,18,1,0,1,0,0,0,12,7,5,21,9,12
5099,C4920,18,307,District-Lakhimpur,Urban,80-89,43,15,28,5,1,4,4,2,2,0,0,0,25,8,17,0,0,0,1,1,0,3,2,1,5,1,4
5100,C4920,18,307,District-Lakhimpur,Urban,90+,18,7,11,3,1,2,5,2,3,1,0,1,3,1,2,0,0,0,1,1,0,1,0,1,4,2,2
5101,C4920,18,307,District-Lakhimpur,Urban,Age Not Stated,0,0,0,0,0,0,0,0,0,0,0,0,0,0,0,0,0,0,0,0,0,0,0,0,0,0,0
5102,C4920,18,308,District-Dhemaji,Total,Total,8314,4503,3811,1205,631,574,2086,1106,980,704,402,302,1313,780,533,382,212,170,234,133,101,1578,821,757,812,418,394
5103,C4920,18,308,District-Dhemaji,Total,0-4,418,229,189,51,19,32,117,67,50,8,5,3,41,24,17,14,9,5,2,2,0,149,85,64,36,18,18
5104,C4920,18,308,District-Dhemaji,Total,5-9,649,354,295,85,44,41,164,81,83,82,48,34,61,41,20,30,19,11,5,3,2,157,80,77,65,38,27
5105,C4920,18,308,District-Dhemaji,Total,10-19,1435,760,675,187,102,85,331,167,164,153,91,62,187,109,78,78,41,37,21,10,11,327,160,167,151,80,71
5106,C4920,18,308,District-Dhemaji,Total,20-29,1377,751,626,181,108,73,329,175,154,162,84,78,193,118,75,75,45,30,46,29,17,276,130,146,115,62,53
5107,C4920,18,308,District-Dhemaji,Total,30-39,1091,619,472,141,88,53,248,131,117,125,81,44,155,92,63,77,40,37,55,34,21,196,108,88,94,45,49
5108,C4920,18,308,District-Dhemaji,Total,40-49,946,566,380,120,70,50,229,133,96,75,46,29,168,106,62,45,30,15,53,30,23,168,97,71,88,54,34
5109,C4920,18,308,District-Dhemaji,Total,50-59,728,418,310,112,54,58,197,113,84,43,18,25,152,105,47,28,14,14,22,13,9,111,63,48,63,38,25
5110,C4920,18,308,District-Dhemaji,Total,60-69,751,368,383,144,54,90,220,106,114,30,15,15,162,96,66,17,4,13,17,7,10,98,54,44,63,32,31
5111,C4920,18,308,District-Dhemaji,Total,70-79,578,279,299,124,64,60,164,86,78,18,8,10,124,54,70,12,6,6,10,4,6,64,32,32,62,25,37
5112,C4920,18,308,District-Dhemaji,Total,80-89,255,117,138,48,22,26,66,36,30,6,5,1,53,26,27,6,4,2,3,1,2,21,6,15,52,17,35
5113,C4920,18,308,District-Dhemaji,Total,90+,80,39,41,12,6,6,19,11,8,2,1,1,15,7,8,0,0,0,0,0,0,9,5,4,23,9,14
5114,C4920,18,308,District-Dhemaji,Total,Age Not Stated,6,3,3,0,0,0,2,0,2,0,0,0,2,2,0,0,0,0,0,0,0,2,1,1,0,0,0
5115,C4920,18,308,District-Dhemaji,Rural,Total,7779,4189,3590,1143,590,553,2023,1071,952,659,371,288,1229,725,504,353,194,159,206,118,88,1400,725,675,766,395,371
5116,C4920,18,308,District-Dhemaji,Rural,0-4,395,211,184,51,19,32,116,66,50,7,4,3,38,21,17,14,9,5,2,2,0,133,74,59,34,16,18
5117,C4920,18,308,District-Dhemaji,Rural,5-9,613,331,282,84,44,40,158,79,79,77,44,33,57,37,20,29,19,10,5,3,2,143,71,72,60,34,26
5118,C4920,18,308,District-Dhemaji,Rural,10-19,1324,700,624,174,94,80,317,162,155,141,81,60,181,106,75,71,34,37,18,9,9,287,140,147,135,74,61
5119,C4920,18,308,District-Dhemaji,Rural,20-29,1276,699,577,164,96,68,319,172,147,153,79,74,182,112,70,68,41,27,40,24,16,241,116,125,109,59,50
5120,C4920,18,308,District-Dhemaji,Rural,30-39,1013,569,444,136,83,53,244,128,116,116,75,41,144,83,61,71,37,34,49,30,19,165,91,74,88,42,46
5121,C4920,18,308,District-Dhemaji,Rural,40-49,882,524,358,115,67,48,222,126,96,69,43,26,154,98,56,40,27,13,50,28,22,148,84,64,84,51,33
5122,C4920,18,308,District-Dhemaji,Rural,50-59,677,389,288,108,51,57,187,109,78,41,17,24,134,93,41,26,13,13,21,12,9,101,57,44,59,37,22
5123,C4920,18,308,District-Dhemaji,Rural,60-69,718,348,370,136,50,86,214,100,114,29,14,15,156,92,64,16,4,12,13,6,7,91,50,41,63,32,31
5124,C4920,18,308,District-Dhemaji,Rural,70-79,557,269,288,118,60,58,162,84,78,18,8,10,117,52,65,12,6,6,6,4,2,63,31,32,61,24,37
5125,C4920,18,308,District-Dhemaji,Rural,80-89,244,110,134,45,20,25,63,34,29,6,5,1,51,24,27,6,4,2,2,0,2,19,6,13,52,17,35
5126,C4920,18,308,District-Dhemaji,Rural,90+,77,38,39,12,6,6,19,11,8,2,1,1,14,6,8,0,0,0,0,0,0,9,5,4,21,9,12
5127,C4920,18,308,District-Dhemaji,Rural,Age Not Stated,3,1,2,0,0,0,2,0,2,0,0,0,1,1,0,0,0,0,0,0,0,0,0,0,0,0,0
5128,C4920,18,308,District-Dhemaji,Urban,Total,535,314,221,62,41,21,63,35,28,45,31,14,84,55,29,29,18,11,28,15,13,178,96,82,46,23,23
5129,C4920,18,308,District-Dhemaji,Urban,0-4,23,18,5,0,0,0,1,1,0,1,1,0,3,3,0,0,0,0,0,0,0,16,11,5,2,2,0
5130,C4920,18,308,District-Dhemaji,Urban,5-9,36,23,13,1,0,1,6,2,4,5,4,1,4,4,0,1,0,1,0,0,0,14,9,5,5,4,1
5131,C4920,18,308,District-Dhemaji,Urban,10-19,111,60,51,13,8,5,14,5,9,12,10,2,6,3,3,7,7,0,3,1,2,40,20,20,16,6,10
5132,C4920,18,308,District-Dhemaji,Urban,20-29,101,52,49,17,12,5,10,3,7,9,5,4,11,6,5,7,4,3,6,5,1,35,14,21,6,3,3
5133,C4920,18,308,District-Dhemaji,Urban,30-39,78,50,28,5,5,0,4,3,1,9,6,3,11,9,2,6,3,3,6,4,2,31,17,14,6,3,3
5134,C4920,18,308,District-Dhemaji,Urban,40-49,64,42,22,5,3,2,7,7,0,6,3,3,14,8,6,5,3,2,3,2,1,20,13,7,4,3,1
5135,C4920,18,308,District-Dhemaji,Urban,50-59,51,29,22,4,3,1,10,4,6,2,1,1,18,12,6,2,1,1,1,1,0,10,6,4,4,1,3
5136,C4920,18,308,District-Dhemaji,Urban,60-69,33,20,13,8,4,4,6,6,0,1,1,0,6,4,2,1,0,1,4,1,3,7,4,3,0,0,0
5137,C4920,18,308,District-Dhemaji,Urban,70-79,21,10,11,6,4,2,2,2,0,0,0,0,7,2,5,0,0,0,4,0,4,1,1,0,1,1,0
5138,C4920,18,308,District-Dhemaji,Urban,80-89,11,7,4,3,2,1,3,2,1,0,0,0,2,2,0,0,0,0,1,1,0,2,0,2,0,0,0
5139,C4920,18,308,District-Dhemaji,Urban,90+,3,1,2,0,0,0,0,0,0,0,0,0,1,1,0,0,0,0,0,0,0,0,0,0,2,0,2
5140,C4920,18,308,District-Dhemaji,Urban,Age Not Stated,3,2,1,0,0,0,0,0,0,0,0,0,1,1,0,0,0,0,0,0,0,2,1,1,0,0,0
5141,C4920,18,309,District-Tinsukia,Total,Total,18215,9706,8509,3315,1718,1597,3788,1949,1839,1643,890,753,2982,1738,1244,993,572,421,649,360,289,3049,1558,1491,1796,921,875
5142,C4920,18,309,District-Tinsukia,Total,0-4,742,379,363,119,64,55,163,74,89,19,10,9,90,52,38,48,26,22,1,0,1,238,117,121,64,36,28
5143,C4920,18,309,District-Tinsukia,Total,5-9,1238,670,568,144,69,75,243,135,108,185,104,81,166,100,66,60,33,27,21,13,8,301,145,156,118,71,47
5144,C4920,18,309,District-Tinsukia,Total,10-19,2624,1379,1245,368,194,174,495,249,246,363,190,173,344,192,152,156,92,64,68,33,35,563,282,281,267,147,120
5145,C4920,18,309,District-Tinsukia,Total,20-29,2730,1481,1249,347,187,160,533,262,271,381,219,162,377,240,137,215,127,88,128,69,59,502,248,254,247,129,118
5146,C4920,18,309,District-Tinsukia,Total,30-39,2434,1367,1067,335,186,149,511,287,224,298,143,155,349,222,127,194,115,79,143,84,59,396,217,179,208,113,95
5147,C4920,18,309,District-Tinsukia,Total,40-49,2317,1290,1027,469,243,226,466,247,219,169,105,64,368,233,135,164,93,71,139,82,57,394,212,182,148,75,73
5148,C4920,18,309,District-Tinsukia,Total,50-59,1934,1047,887,510,273,237,411,209,202,103,53,50,366,216,150,83,50,33,68,38,30,251,142,109,142,66,76
5149,C4920,18,309,District-Tinsukia,Total,60-69,2037,1008,1029,520,260,260,477,224,253,74,43,31,454,233,221,42,21,21,42,21,21,205,95,110,223,111,112
5150,C4920,18,309,District-Tinsukia,Total,70-79,1417,727,690,332,162,170,331,179,152,43,21,22,322,171,151,22,10,12,32,17,15,123,72,51,212,95,117
5151,C4920,18,309,District-Tinsukia,Total,80-89,552,269,283,142,70,72,119,63,56,6,1,5,109,62,47,3,0,3,4,2,2,60,25,35,109,46,63
5152,C4920,18,309,District-Tinsukia,Total,90+,173,77,96,26,8,18,36,19,17,1,1,0,34,14,20,4,3,1,2,0,2,14,2,12,56,30,26
5153,C4920,18,309,District-Tinsukia,Total,Age Not Stated,17,12,5,3,2,1,3,1,2,1,0,1,3,3,0,2,2,0,1,1,0,2,1,1,2,2,0
5154,C4920,18,309,District-Tinsukia,Rural,Total,14980,7920,7060,2645,1385,1260,3199,1618,1581,1348,728,620,2430,1404,1026,773,438,335,531,298,233,2547,1295,1252,1507,754,753
5155,C4920,18,309,District-Tinsukia,Rural,0-4,650,327,323,100,54,46,144,62,82,18,9,9,76,46,30,42,22,20,0,0,0,214,103,111,56,31,25
5156,C4920,18,309,District-Tinsukia,Rural,5-9,1066,570,496,123,60,63,214,113,101,154,84,70,134,80,54,53,31,22,18,11,7,273,134,139,97,57,40
5157,C4920,18,309,District-Tinsukia,Rural,10-19,2170,1148,1022,304,160,144,422,211,211,302,160,142,287,158,129,121,69,52,54,27,27,458,242,216,222,121,101
5158,C4920,18,309,District-Tinsukia,Rural,20-29,2181,1162,1019,287,157,130,428,200,228,313,176,137,305,189,116,157,87,70,102,56,46,386,196,190,203,101,102
5159,C4920,18,309,District-Tinsukia,Rural,30-39,1957,1092,865,262,149,113,399,221,178,246,124,122,288,180,108,151,89,62,121,69,52,323,169,154,167,91,76
5160,C4920,18,309,District-Tinsukia,Rural,40-49,1893,1055,838,361,203,158,391,206,185,145,89,56,305,187,118,128,70,58,110,65,45,333,174,159,120,61,59
5161,C4920,18,309,District-Tinsukia,Rural,50-59,1573,826,747,394,203,191,355,180,175,76,39,37,304,173,131,64,38,26,55,32,23,209,112,97,116,49,67
5162,C4920,18,309,District-Tinsukia,Rural,60-69,1715,845,870,416,206,210,427,201,226,50,28,22,377,198,179,33,17,16,37,19,18,180,81,99,195,95,100
5163,C4920,18,309,District-Tinsukia,Rural,70-79,1178,605,573,267,131,136,285,153,132,37,17,20,248,132,116,18,10,8,27,16,11,103,61,42,193,85,108
5164,C4920,18,309,District-Tinsukia,Rural,80-89,444,220,224,107,57,50,102,55,47,5,1,4,79,45,34,1,0,1,4,2,2,53,20,33,93,40,53
5165,C4920,18,309,District-Tinsukia,Rural,90+,137,59,78,22,4,18,29,15,14,1,1,0,24,13,11,3,3,0,2,0,2,13,2,11,43,21,22
5166,C4920,18,309,District-Tinsukia,Rural,Age Not Stated,16,11,5,2,1,1,3,1,2,1,0,1,3,3,0,2,2,0,1,1,0,2,1,1,2,2,0
5167,C4920,18,309,District-Tinsukia,Urban,Total,3235,1786,1449,670,333,337,589,331,258,295,162,133,552,334,218,220,134,86,118,62,56,502,263,239,289,167,122
5168,C4920,18,309,District-Tinsukia,Urban,0-4,92,52,40,19,10,9,19,12,7,1,1,0,14,6,8,6,4,2,1,0,1,24,14,10,8,5,3
5169,C4920,18,309,District-Tinsukia,Urban,5-9,172,100,72,21,9,12,29,22,7,31,20,11,32,20,12,7,2,5,3,2,1,28,11,17,21,14,7
5170,C4920,18,309,District-Tinsukia,Urban,10-19,454,231,223,64,34,30,73,38,35,61,30,31,57,34,23,35,23,12,14,6,8,105,40,65,45,26,19
5171,C4920,18,309,District-Tinsukia,Urban,20-29,549,319,230,60,30,30,105,62,43,68,43,25,72,51,21,58,40,18,26,13,13,116,52,64,44,28,16
5172,C4920,18,309,District-Tinsukia,Urban,30-39,477,275,202,73,37,36,112,66,46,52,19,33,61,42,19,43,26,17,22,15,7,73,48,25,41,22,19
5173,C4920,18,309,District-Tinsukia,Urban,40-49,424,235,189,108,40,68,75,41,34,24,16,8,63,46,17,36,23,13,29,17,12,61,38,23,28,14,14
5174,C4920,18,309,District-Tinsukia,Urban,50-59,361,221,140,116,70,46,56,29,27,27,14,13,62,43,19,19,12,7,13,6,7,42,30,12,26,17,9
5175,C4920,18,309,District-Tinsukia,Urban,60-69,322,163,159,104,54,50,50,23,27,24,15,9,77,35,42,9,4,5,5,2,3,25,14,11,28,16,12
5176,C4920,18,309,District-Tinsukia,Urban,70-79,239,122,117,65,31,34,46,26,20,6,4,2,74,39,35,4,0,4,5,1,4,20,11,9,19,10,9
5177,C4920,18,309,District-Tinsukia,Urban,80-89,108,49,59,35,13,22,17,8,9,1,0,1,30,17,13,2,0,2,0,0,0,7,5,2,16,6,10
5178,C4920,18,309,District-Tinsukia,Urban,90+,36,18,18,4,4,0,7,4,3,0,0,0,10,1,9,1,0,1,0,0,0,1,0,1,13,9,4
5179,C4920,18,309,District-Tinsukia,Urban,Age Not Stated,1,1,0,1,1,0,0,0,0,0,0,0,0,0,0,0,0,0,0,0,0,0,0,0,0,0,0
5180,C4920,18,310,District-Dibrugarh,Total,Total,19876,10682,9194,3467,1775,1692,4273,2196,2077,1477,833,644,3098,1798,1300,1069,596,473,721,379,342,4022,2147,1875,1749,958,791
5181,C4920,18,310,District-Dibrugarh,Total,0-4,816,444,372,123,73,50,203,112,91,29,17,12,90,45,45,45,22,23,1,1,0,277,145,132,48,29,19
5182,C4920,18,310,District-Dibrugarh,Total,5-9,1353,717,636,208,104,104,322,165,157,174,104,70,128,70,58,65,31,34,6,5,1,315,164,151,135,74,61
5183,C4920,18,310,District-Dibrugarh,Total,10-19,3118,1670,1448,489,255,234,634,320,314,355,201,154,345,187,158,220,118,102,80,40,40,668,362,306,327,187,140
5184,C4920,18,310,District-Dibrugarh,Total,20-29,2900,1523,1377,400,202,198,583,280,303,305,171,134,371,225,146,187,105,82,123,64,59,664,328,336,267,148,119
5185,C4920,18,310,District-Dibrugarh,Total,30-39,2832,1543,1289,383,192,191,565,288,277,261,138,123,422,258,164,191,112,79,180,91,89,673,360,313,157,104,53
5186,C4920,18,310,District-Dibrugarh,Total,40-49,2663,1532,1131,456,246,210,542,293,249,150,84,66,468,297,171,177,111,66,174,101,73,532,320,212,164,80,84
5187,C4920,18,310,District-Dibrugarh,Total,50-59,2054,1140,914,442,225,217,456,247,209,98,58,40,426,263,163,99,52,47,84,42,42,327,171,156,122,82,40
5188,C4920,18,310,District-Dibrugarh,Total,60-69,2095,1104,991,516,260,256,477,235,242,66,36,30,419,242,177,56,32,24,42,24,18,321,172,149,198,103,95
5189,C4920,18,310,District-Dibrugarh,Total,70-79,1340,669,671,317,152,165,308,151,157,29,20,9,293,150,143,19,11,8,23,9,14,175,89,86,176,87,89
5190,C4920,18,310,District-Dibrugarh,Total,80-89,508,257,251,104,51,53,132,83,49,9,4,5,101,49,52,5,0,5,6,2,4,52,28,24,99,40,59
5191,C4920,18,310,District-Dibrugarh,Total,90+,181,73,108,28,14,14,43,17,26,1,0,1,33,11,22,4,2,2,2,0,2,16,6,10,54,23,31
5192,C4920,18,310,District-Dibrugarh,Total,Age Not Stated,16,10,6,1,1,0,8,5,3,0,0,0,2,1,1,1,0,1,0,0,0,2,2,0,2,1,1
5193,C4920,18,310,District-Dibrugarh,Rural,Total,16132,8658,7474,3034,1532,1502,3492,1804,1688,1202,684,518,2581,1478,1103,833,466,367,591,313,278,2873,1539,1334,1526,842,684
5194,C4920,18,310,District-Dibrugarh,Rural,0-4,660,359,301,107,59,48,162,90,72,23,15,8,80,40,40,40,21,19,1,1,0,205,108,97,42,25,17
5195,C4920,18,310,District-Dibrugarh,Rural,5-9,1090,599,491,188,96,92,261,137,124,145,91,54,114,61,53,49,26,23,3,2,1,214,118,96,116,68,48
5196,C4920,18,310,District-Dibrugarh,Rural,10-19,2557,1362,1195,439,227,212,520,259,261,305,169,136,294,157,137,170,91,79,66,31,35,486,268,218,277,160,117
5197,C4920,18,310,District-Dibrugarh,Rural,20-29,2265,1210,1055,325,156,169,442,219,223,252,148,104,314,188,126,152,82,70,103,58,45,443,227,216,234,132,102
5198,C4920,18,310,District-Dibrugarh,Rural,30-39,2199,1188,1011,322,163,159,454,235,219,201,104,97,358,215,143,151,88,63,150,73,77,428,219,209,135,91,44
5199,C4920,18,310,District-Dibrugarh,Rural,40-49,2159,1241,918,397,210,187,435,239,196,118,67,51,396,253,143,126,79,47,152,88,64,391,234,157,144,71,73
5200,C4920,18,310,District-Dibrugarh,Rural,50-59,1717,926,791,390,194,196,386,203,183,78,45,33,364,213,151,82,45,37,66,32,34,244,124,120,107,70,37
5201,C4920,18,310,District-Dibrugarh,Rural,60-69,1778,929,849,470,233,237,415,206,209,47,25,22,330,193,137,40,23,17,30,18,12,264,138,126,182,93,89
5202,C4920,18,310,District-Dibrugarh,Rural,70-79,1128,562,566,286,139,147,261,128,133,26,17,9,226,113,113,16,9,7,15,8,7,140,72,68,158,76,82
5203,C4920,18,310,District-Dibrugarh,Rural,80-89,424,218,206,90,45,45,118,75,43,6,3,3,75,34,41,3,0,3,4,2,2,42,23,19,86,36,50
5204,C4920,18,310,District-Dibrugarh,Rural,90+,147,59,88,19,9,10,38,13,25,1,0,1,28,10,18,3,2,1,1,0,1,14,6,8,43,19,24
5205,C4920,18,310,District-Dibrugarh,Rural,Age Not Stated,8,5,3,1,1,0,0,0,0,0,0,0,2,1,1,1,0,1,0,0,0,2,2,0,2,1,1
5206,C4920,18,310,District-Dibrugarh,Urban,Total,3744,2024,1720,433,243,190,781,392,389,275,149,126,517,320,197,236,130,106,130,66,64,1149,608,541,223,116,107
5207,C4920,18,310,District-Dibrugarh,Urban,0-4,156,85,71,16,14,2,41,22,19,6,2,4,10,5,5,5,1,4,0,0,0,72,37,35,6,4,2
5208,C4920,18,310,District-Dibrugarh,Urban,5-9,263,118,145,20,8,12,61,28,33,29,13,16,14,9,5,16,5,11,3,3,0,101,46,55,19,6,13
5209,C4920,18,310,District-Dibrugarh,Urban,10-19,561,308,253,50,28,22,114,61,53,50,32,18,51,30,21,50,27,23,14,9,5,182,94,88,50,27,23
5210,C4920,18,310,District-Dibrugarh,Urban,20-29,635,313,322,75,46,29,141,61,80,53,23,30,57,37,20,35,23,12,20,6,14,221,101,120,33,16,17
5211,C4920,18,310,District-Dibrugarh,Urban,30-39,633,355,278,61,29,32,111,53,58,60,34,26,64,43,21,40,24,16,30,18,12,245,141,104,22,13,9
5212,C4920,18,310,District-Dibrugarh,Urban,40-49,504,291,213,59,36,23,107,54,53,32,17,15,72,44,28,51,32,19,22,13,9,141,86,55,20,9,11
5213,C4920,18,310,District-Dibrugarh,Urban,50-59,337,214,123,52,31,21,70,44,26,20,13,7,62,50,12,17,7,10,18,10,8,83,47,36,15,12,3
5214,C4920,18,310,District-Dibrugarh,Urban,60-69,317,175,142,46,27,19,62,29,33,19,11,8,89,49,40,16,9,7,12,6,6,57,34,23,16,10,6
5215,C4920,18,310,District-Dibrugarh,Urban,70-79,212,107,105,31,13,18,47,23,24,3,3,0,67,37,30,3,2,1,8,1,7,35,17,18,18,11,7
5216,C4920,18,310,District-Dibrugarh,Urban,80-89,84,39,45,14,6,8,14,8,6,3,1,2,26,15,11,2,0,2,2,0,2,10,5,5,13,4,9
5217,C4920,18,310,District-Dibrugarh,Urban,90+,34,14,20,9,5,4,5,4,1,0,0,0,5,1,4,1,0,1,1,0,1,2,0,2,11,4,7
5218,C4920,18,310,District-Dibrugarh,Urban,Age Not Stated,8,5,3,0,0,0,8,5,3,0,0,0,0,0,0,0,0,0,0,0,0,0,0,0,0,0,0
5219,C4920,18,311,District-Sivasagar,Total,Total,19604,10494,9110,3604,1804,1800,5003,2623,2380,1542,857,685,2979,1811,1168,822,468,354,721,398,323,2883,1480,1403,2050,1053,997
5220,C4920,18,311,District-Sivasagar,Total,0-4,697,385,312,70,37,33,199,104,95,25,13,12,79,49,30,24,10,14,2,1,1,233,134,99,65,37,28
5221,C4920,18,311,District-Sivasagar,Total,5-9,1272,672,600,157,83,74,356,171,185,190,115,75,152,91,61,49,28,21,12,5,7,223,96,127,133,83,50
5222,C4920,18,311,District-Sivasagar,Total,10-19,2778,1491,1287,360,187,173,728,374,354,382,213,169,344,194,150,147,83,64,71,35,36,427,229,198,319,176,143
5223,C4920,18,311,District-Sivasagar,Total,20-29,2513,1367,1146,289,157,132,709,389,320,292,146,146,347,210,137,126,76,50,114,61,53,408,198,210,228,130,98
5224,C4920,18,311,District-Sivasagar,Total,30-39,2505,1382,1123,316,165,151,639,333,306,241,139,102,363,242,121,192,114,78,149,83,66,402,207,195,203,99,104
5225,C4920,18,311,District-Sivasagar,Total,40-49,2545,1448,1097,490,264,226,624,351,273,173,91,82,395,255,140,141,83,58,180,104,76,372,212,160,170,88,82
5226,C4920,18,311,District-Sivasagar,Total,50-59,2250,1230,1020,558,281,277,513,268,245,129,82,47,409,266,143,75,42,33,104,64,40,293,140,153,169,87,82
5227,C4920,18,311,District-Sivasagar,Total,60-69,2430,1204,1226,687,305,382,555,273,282,66,33,33,434,250,184,45,18,27,51,28,23,312,155,157,280,142,138
5228,C4920,18,311,District-Sivasagar,Total,70-79,1700,848,852,474,227,247,432,222,210,32,18,14,295,172,123,15,8,7,23,12,11,152,75,77,277,114,163
5229,C4920,18,311,District-Sivasagar,Total,80-89,673,341,332,169,80,89,179,100,79,10,5,5,112,59,53,6,4,2,11,3,8,44,23,21,142,67,75
5230,C4920,18,311,District-Sivasagar,Total,90+,234,123,111,34,18,16,65,37,28,2,2,0,49,23,26,1,1,0,4,2,2,16,11,5,63,29,34
5231,C4920,18,311,District-Sivasagar,Total,Age Not Stated,7,3,4,0,0,0,4,1,3,0,0,0,0,0,0,1,1,0,0,0,0,1,0,1,1,1,0
5232,C4920,18,311,District-Sivasagar,Rural,Total,18085,9685,8400,3435,1717,1718,4521,2391,2130,1435,798,637,2764,1669,1095,686,392,294,684,378,306,2652,1362,1290,1908,978,930
5233,C4920,18,311,District-Sivasagar,Rural,0-4,642,357,285,66,36,30,174,87,87,25,13,12,78,48,30,16,8,8,2,1,1,223,129,94,58,35,23
5234,C4920,18,311,District-Sivasagar,Rural,5-9,1170,620,550,150,80,70,317,156,161,181,109,72,147,86,61,37,22,15,10,4,6,208,90,118,120,73,47
5235,C4920,18,311,District-Sivasagar,Rural,10-19,2551,1355,1196,341,175,166,658,335,323,350,194,156,315,175,140,123,69,54,70,35,35,397,209,188,297,163,134
5236,C4920,18,311,District-Sivasagar,Rural,20-29,2290,1253,1037,270,150,120,628,349,279,274,140,134,325,195,130,104,61,43,106,58,48,375,183,192,208,117,91
5237,C4920,18,311,District-Sivasagar,Rural,30-39,2256,1254,1002,294,153,141,549,291,258,225,131,94,334,218,116,164,98,66,143,80,63,365,190,175,182,93,89
5238,C4920,18,311,District-Sivasagar,Rural,40-49,2351,1337,1014,462,246,216,566,323,243,164,85,79,365,237,128,118,69,49,172,100,72,346,195,151,158,82,76
5239,C4920,18,311,District-Sivasagar,Rural,50-59,2085,1138,947,538,268,270,465,247,218,117,72,45,381,246,135,66,36,30,97,59,38,265,128,137,156,82,74
5240,C4920,18,311,District-Sivasagar,Rural,60-69,2280,1130,1150,662,293,369,528,262,266,59,31,28,403,230,173,37,16,21,47,25,22,278,140,138,266,133,133
5241,C4920,18,311,District-Sivasagar,Rural,70-79,1613,803,810,455,218,237,410,213,197,29,16,13,274,161,113,14,7,7,22,11,11,138,67,71,271,110,161
5242,C4920,18,311,District-Sivasagar,Rural,80-89,626,321,305,164,80,84,164,94,70,9,5,4,101,54,47,5,4,1,11,3,8,40,20,20,132,61,71
5243,C4920,18,311,District-Sivasagar,Rural,90+,214,114,100,33,18,15,58,33,25,2,2,0,41,19,22,1,1,0,4,2,2,16,11,5,59,28,31
5244,C4920,18,311,District-Sivasagar,Rural,Age Not Stated,7,3,4,0,0,0,4,1,3,0,0,0,0,0,0,1,1,0,0,0,0,1,0,1,1,1,0
5245,C4920,18,311,District-Sivasagar,Urban,Total,1519,809,710,169,87,82,482,232,250,107,59,48,215,142,73,136,76,60,37,20,17,231,118,113,142,75,67
5246,C4920,18,311,District-Sivasagar,Urban,0-4,55,28,27,4,1,3,25,17,8,0,0,0,1,1,0,8,2,6,0,0,0,10,5,5,7,2,5
5247,C4920,18,311,District-Sivasagar,Urban,5-9,102,52,50,7,3,4,39,15,24,9,6,3,5,5,0,12,6,6,2,1,1,15,6,9,13,10,3
5248,C4920,18,311,District-Sivasagar,Urban,10-19,227,136,91,19,12,7,70,39,31,32,19,13,29,19,10,24,14,10,1,0,1,30,20,10,22,13,9
5249,C4920,18,311,District-Sivasagar,Urban,20-29,223,114,109,19,7,12,81,40,41,18,6,12,22,15,7,22,15,7,8,3,5,33,15,18,20,13,7
5250,C4920,18,311,District-Sivasagar,Urban,30-39,249,128,121,22,12,10,90,42,48,16,8,8,29,24,5,28,16,12,6,3,3,37,17,20,21,6,15
5251,C4920,18,311,District-Sivasagar,Urban,40-49,194,111,83,28,18,10,58,28,30,9,6,3,30,18,12,23,14,9,8,4,4,26,17,9,12,6,6
5252,C4920,18,311,District-Sivasagar,Urban,50-59,165,92,73,20,13,7,48,21,27,12,10,2,28,20,8,9,6,3,7,5,2,28,12,16,13,5,8
5253,C4920,18,311,District-Sivasagar,Urban,60-69,150,74,76,25,12,13,27,11,16,7,2,5,31,20,11,8,2,6,4,3,1,34,15,19,14,9,5
5254,C4920,18,311,District-Sivasagar,Urban,70-79,87,45,42,19,9,10,22,9,13,3,2,1,21,11,10,1,1,0,1,1,0,14,8,6,6,4,2
5255,C4920,18,311,District-Sivasagar,Urban,80-89,47,20,27,5,0,5,15,6,9,1,0,1,11,5,6,1,0,1,0,0,0,4,3,1,10,6,4
5256,C4920,18,311,District-Sivasagar,Urban,90+,20,9,11,1,0,1,7,4,3,0,0,0,8,4,4,0,0,0,0,0,0,0,0,0,4,1,3
5257,C4920,18,311,District-Sivasagar,Urban,Age Not Stated,0,0,0,0,0,0,0,0,0,0,0,0,0,0,0,0,0,0,0,0,0,0,0,0,0,0,0
5258,C4920,18,312,District-Jorhat,Total,Total,18081,9732,8349,2887,1440,1447,4590,2409,2181,1438,806,632,2570,1544,1026,759,435,324,695,403,292,3437,1801,1636,1705,894,811
5259,C4920,18,312,District-Jorhat,Total,0-4,682,355,327,93,56,37,200,94,106,22,11,11,52,32,20,22,9,13,4,3,1,221,110,111,68,40,28
5260,C4920,18,312,District-Jorhat,Total,5-9,1137,640,497,137,77,60,308,166,142,144,85,59,136,74,62,41,25,16,7,4,3,243,132,111,121,77,44
5261,C4920,18,312,District-Jorhat,Total,10-19,2720,1448,1272,327,169,158,691,358,333,337,189,148,285,162,123,131,72,59,49,24,25,598,299,299,302,175,127
5262,C4920,18,312,District-Jorhat,Total,20-29,2592,1377,1215,278,139,139,625,329,296,286,155,131,313,189,124,158,90,68,126,74,52,582,280,302,224,121,103
5263,C4920,18,312,District-Jorhat,Total,30-39,2476,1395,1081,314,164,150,620,335,285,237,129,108,317,207,110,142,85,57,176,113,63,498,274,224,172,88,84
5264,C4920,18,312,District-Jorhat,Total,40-49,2358,1327,1031,356,179,177,556,304,252,168,96,72,367,237,130,124,79,45,157,83,74,464,261,203,166,88,78
5265,C4920,18,312,District-Jorhat,Total,50-59,1857,1022,835,377,180,197,475,247,228,108,52,56,291,197,94,74,45,29,93,53,40,327,192,135,112,56,56
5266,C4920,18,312,District-Jorhat,Total,60-69,2101,1085,1016,503,236,267,523,267,256,84,53,31,407,230,177,49,22,27,52,33,19,289,154,135,194,90,104
5267,C4920,18,312,District-Jorhat,Total,70-79,1405,686,719,350,161,189,361,178,183,32,22,10,269,148,121,16,8,8,21,10,11,144,66,78,212,93,119
5268,C4920,18,312,District-Jorhat,Total,80-89,530,288,242,111,59,52,165,96,69,11,7,4,99,55,44,2,0,2,5,3,2,45,22,23,92,46,46
5269,C4920,18,312,District-Jorhat,Total,90+,208,97,111,41,20,21,66,35,31,2,0,2,33,12,21,0,0,0,2,1,1,22,9,13,42,20,22
5270,C4920,18,312,District-Jorhat,Total,Age Not Stated,15,12,3,0,0,0,0,0,0,7,7,0,1,1,0,0,0,0,3,2,1,4,2,2,0,0,0
5271,C4920,18,312,District-Jorhat,Rural,Total,14849,7986,6863,2457,1213,1244,3779,1991,1788,1121,620,501,2136,1279,857,590,339,251,560,325,235,2799,1468,1331,1407,751,656
5272,C4920,18,312,District-Jorhat,Rural,0-4,561,288,273,80,49,31,154,69,85,19,9,10,43,26,17,19,7,12,3,2,1,190,97,93,53,29,24
5273,C4920,18,312,District-Jorhat,Rural,5-9,935,521,414,105,55,50,255,134,121,119,70,49,109,60,49,33,20,13,7,4,3,206,112,94,101,66,35
5274,C4920,18,312,District-Jorhat,Rural,10-19,2204,1166,1038,251,129,122,546,280,266,278,159,119,249,141,108,98,47,51,40,19,21,493,250,243,249,141,108
5275,C4920,18,312,District-Jorhat,Rural,20-29,2067,1113,954,214,109,105,521,280,241,215,113,102,262,160,102,120,73,47,97,60,37,456,215,241,182,103,79
5276,C4920,18,312,District-Jorhat,Rural,30-39,1992,1132,860,255,130,125,490,270,220,187,96,91,265,174,91,111,70,41,146,94,52,395,225,170,143,73,70
5277,C4920,18,312,District-Jorhat,Rural,40-49,1939,1087,852,305,151,154,454,252,202,124,70,54,307,195,112,101,65,36,131,71,60,372,200,172,145,83,62
5278,C4920,18,312,District-Jorhat,Rural,50-59,1519,818,701,322,152,170,400,205,195,79,38,41,228,151,77,52,29,23,73,38,35,274,156,118,91,49,42
5279,C4920,18,312,District-Jorhat,Rural,60-69,1799,924,875,452,213,239,456,234,222,61,39,22,347,191,156,43,21,22,41,26,15,246,130,116,153,70,83
5280,C4920,18,312,District-Jorhat,Rural,70-79,1197,590,607,329,149,180,307,153,154,25,17,8,217,123,94,13,7,6,15,7,8,113,54,59,178,80,98
5281,C4920,18,312,District-Jorhat,Rural,80-89,453,259,194,106,58,48,141,84,57,10,7,3,81,49,32,0,0,0,4,2,2,35,19,16,76,40,36
5282,C4920,18,312,District-Jorhat,Rural,90+,178,84,94,38,18,20,55,30,25,2,0,2,28,9,19,0,0,0,2,1,1,17,9,8,36,17,19
5283,C4920,18,312,District-Jorhat,Rural,Age Not Stated,5,4,1,0,0,0,0,0,0,2,2,0,0,0,0,0,0,0,1,1,0,2,1,1,0,0,0
5284,C4920,18,312,District-Jorhat,Urban,Total,3232,1746,1486,430,227,203,811,418,393,317,186,131,434,265,169,169,96,73,135,78,57,638,333,305,298,143,155
5285,C4920,18,312,District-Jorhat,Urban,0-4,121,67,54,13,7,6,46,25,21,3,2,1,9,6,3,3,2,1,1,1,0,31,13,18,15,11,4
5286,C4920,18,312,District-Jorhat,Urban,5-9,202,119,83,32,22,10,53,32,21,25,15,10,27,14,13,8,5,3,0,0,0,37,20,17,20,11,9
5287,C4920,18,312,District-Jorhat,Urban,10-19,516,282,234,76,40,36,145,78,67,59,30,29,36,21,15,33,25,8,9,5,4,105,49,56,53,34,19
5288,C4920,18,312,District-Jorhat,Urban,20-29,525,264,261,64,30,34,104,49,55,71,42,29,51,29,22,38,17,21,29,14,15,126,65,61,42,18,24
5289,C4920,18,312,District-Jorhat,Urban,30-39,484,263,221,59,34,25,130,65,65,50,33,17,52,33,19,31,15,16,30,19,11,103,49,54,29,15,14
5290,C4920,18,312,District-Jorhat,Urban,40-49,419,240,179,51,28,23,102,52,50,44,26,18,60,42,18,23,14,9,26,12,14,92,61,31,21,5,16
5291,C4920,18,312,District-Jorhat,Urban,50-59,338,204,134,55,28,27,75,42,33,29,14,15,63,46,17,22,16,6,20,15,5,53,36,17,21,7,14
5292,C4920,18,312,District-Jorhat,Urban,60-69,302,161,141,51,23,28,67,33,34,23,14,9,60,39,21,6,1,5,11,7,4,43,24,19,41,20,21
5293,C4920,18,312,District-Jorhat,Urban,70-79,208,96,112,21,12,9,54,25,29,7,5,2,52,25,27,3,1,2,6,3,3,31,12,19,34,13,21
5294,C4920,18,312,District-Jorhat,Urban,80-89,77,29,48,5,1,4,24,12,12,1,0,1,18,6,12,2,0,2,1,1,0,10,3,7,16,6,10
5295,C4920,18,312,District-Jorhat,Urban,90+,30,13,17,3,2,1,11,5,6,0,0,0,5,3,2,0,0,0,0,0,0,5,0,5,6,3,3
5296,C4920,18,312,District-Jorhat,Urban,Age Not Stated,10,8,2,0,0,0,0,0,0,5,5,0,1,1,0,0,0,0,2,1,1,2,1,1,0,0,0
5297,C4920,18,313,District-Golaghat,Total,Total,15248,8293,6955,2306,1140,1166,3041,1576,1465,1460,821,639,2905,1737,1168,780,423,357,658,390,268,2454,1300,1154,1644,906,738
5298,C4920,18,313,District-Golaghat,Total,0-4,568,301,267,96,41,55,120,66,54,18,10,8,84,54,30,19,11,8,2,2,0,180,92,88,49,25,24
5299,C4920,18,313,District-Golaghat,Total,5-9,1060,562,498,147,63,84,220,101,119,176,99,77,145,87,58,49,28,21,12,7,5,201,109,92,110,68,42
5300,C4920,18,313,District-Golaghat,Total,10-19,2601,1442,1159,306,165,141,499,278,221,379,218,161,436,253,183,138,66,72,78,47,31,456,228,228,309,187,122
5301,C4920,18,313,District-Golaghat,Total,20-29,2282,1223,1059,245,128,117,414,191,223,287,152,135,414,240,174,171,91,80,115,79,36,413,221,192,223,121,102
5302,C4920,18,313,District-Golaghat,Total,30-39,2004,1174,830,215,120,95,351,195,156,246,141,105,376,258,118,142,76,66,143,86,57,344,188,156,187,110,77
5303,C4920,18,313,District-Golaghat,Total,40-49,1822,1036,786,240,122,118,366,188,178,146,82,64,365,244,121,125,72,53,137,77,60,292,160,132,151,91,60
5304,C4920,18,313,District-Golaghat,Total,50-59,1565,848,717,305,147,158,328,165,163,102,54,48,332,209,123,67,45,22,77,44,33,232,114,118,122,70,52
5305,C4920,18,313,District-Golaghat,Total,60-69,1629,857,772,395,186,209,362,201,161,70,38,32,360,207,153,40,16,24,50,28,22,177,97,80,175,84,91
5306,C4920,18,313,District-Golaghat,Total,70-79,1087,541,546,227,109,118,266,132,134,26,20,6,251,117,134,20,11,9,32,13,19,110,62,48,155,77,78
5307,C4920,18,313,District-Golaghat,Total,80-89,454,221,233,102,49,53,82,45,37,5,2,3,107,50,57,6,4,2,7,4,3,38,20,18,107,47,60
5308,C4920,18,313,District-Golaghat,Total,90+,168,83,85,27,10,17,33,14,19,4,4,0,35,18,17,2,2,0,5,3,2,8,7,1,54,25,29
5309,C4920,18,313,District-Golaghat,Total,Age Not Stated,8,5,3,1,0,1,0,0,0,1,1,0,0,0,0,1,1,0,0,0,0,3,2,1,2,1,1
5310,C4920,18,313,District-Golaghat,Rural,Total,13919,7580,6339,2155,1079,1076,2835,1478,1357,1334,753,581,2681,1606,1075,709,380,329,604,351,253,2087,1102,985,1514,831,683
5311,C4920,18,313,District-Golaghat,Rural,0-4,531,276,255,93,40,53,118,64,54,17,10,7,78,48,30,18,10,8,2,2,0,161,79,82,44,23,21
5312,C4920,18,313,District-Golaghat,Rural,5-9,985,524,461,140,63,77,212,98,114,165,93,72,141,84,57,45,26,19,12,7,5,168,91,77,102,62,40
5313,C4920,18,313,District-Golaghat,Rural,10-19,2382,1324,1058,277,149,128,469,262,207,347,203,144,407,234,173,122,57,65,72,41,31,406,208,198,282,170,112
5314,C4920,18,313,District-Golaghat,Rural,20-29,2095,1131,964,234,124,110,392,180,212,265,140,125,384,227,157,156,82,74,105,72,33,352,193,159,207,113,94
5315,C4920,18,313,District-Golaghat,Rural,30-39,1802,1059,743,198,112,86,319,178,141,223,127,96,346,240,106,137,71,66,131,78,53,281,156,125,167,97,70
5316,C4920,18,313,District-Golaghat,Rural,40-49,1639,931,708,210,109,101,332,173,159,129,73,56,343,228,115,112,62,50,128,71,57,242,129,113,143,86,57
5317,C4920,18,313,District-Golaghat,Rural,50-59,1419,763,656,290,143,147,304,152,152,91,49,42,305,192,113,60,41,19,69,39,30,193,89,104,107,58,49
5318,C4920,18,313,District-Golaghat,Rural,60-69,1496,792,704,378,181,197,344,195,149,65,35,30,321,184,137,33,15,18,41,21,20,151,82,69,163,79,84
5319,C4920,18,313,District-Golaghat,Rural,70-79,997,495,502,215,101,114,245,125,120,23,17,6,226,106,120,18,10,8,32,13,19,92,50,42,146,73,73
5320,C4920,18,313,District-Golaghat,Rural,80-89,416,207,209,96,49,47,74,41,33,5,2,3,98,47,51,5,3,2,7,4,3,32,17,15,99,44,55
5321,C4920,18,313,District-Golaghat,Rural,90+,152,74,78,24,8,16,26,10,16,3,3,0,32,16,16,2,2,0,5,3,2,8,7,1,52,25,27
5322,C4920,18,313,District-Golaghat,Rural,Age Not Stated,5,4,1,0,0,0,0,0,0,1,1,0,0,0,0,1,1,0,0,0,0,1,1,0,2,1,1
5323,C4920,18,313,District-Golaghat,Urban,Total,1329,713,616,151,61,90,206,98,108,126,68,58,224,131,93,71,43,28,54,39,15,367,198,169,130,75,55
5324,C4920,18,313,District-Golaghat,Urban,0-4,37,25,12,3,1,2,2,2,0,1,0,1,6,6,0,1,1,0,0,0,0,19,13,6,5,2,3
5325,C4920,18,313,District-Golaghat,Urban,5-9,75,38,37,7,0,7,8,3,5,11,6,5,4,3,1,4,2,2,0,0,0,33,18,15,8,6,2
5326,C4920,18,313,District-Golaghat,Urban,10-19,219,118,101,29,16,13,30,16,14,32,15,17,29,19,10,16,9,7,6,6,0,50,20,30,27,17,10
5327,C4920,18,313,District-Golaghat,Urban,20-29,187,92,95,11,4,7,22,11,11,22,12,10,30,13,17,15,9,6,10,7,3,61,28,33,16,8,8
5328,C4920,18,313,District-Golaghat,Urban,30-39,202,115,87,17,8,9,32,17,15,23,14,9,30,18,12,5,5,0,12,8,4,63,32,31,20,13,7
5329,C4920,18,313,District-Golaghat,Urban,40-49,183,105,78,30,13,17,34,15,19,17,9,8,22,16,6,13,10,3,9,6,3,50,31,19,8,5,3
5330,C4920,18,313,District-Golaghat,Urban,50-59,146,85,61,15,4,11,24,13,11,11,5,6,27,17,10,7,4,3,8,5,3,39,25,14,15,12,3
5331,C4920,18,313,District-Golaghat,Urban,60-69,133,65,68,17,5,12,18,6,12,5,3,2,39,23,16,7,1,6,9,7,2,26,15,11,12,5,7
5332,C4920,18,313,District-Golaghat,Urban,70-79,90,46,44,12,8,4,21,7,14,3,3,0,25,11,14,2,1,1,0,0,0,18,12,6,9,4,5
5333,C4920,18,313,District-Golaghat,Urban,80-89,38,14,24,6,0,6,8,4,4,0,0,0,9,3,6,1,1,0,0,0,0,6,3,3,8,3,5
5334,C4920,18,313,District-Golaghat,Urban,90+,16,9,7,3,2,1,7,4,3,1,1,0,3,2,1,0,0,0,0,0,0,0,0,0,2,0,2
5335,C4920,18,313,District-Golaghat,Urban,Age Not Stated,3,1,2,1,0,1,0,0,0,0,0,0,0,0,0,0,0,0,0,0,0,2,1,1,0,0,0
5336,C4920,18,314,District-Karbi Anglong,Total,Total,13071,6968,6103,2754,1432,1322,2717,1399,1318,739,403,336,1641,990,651,808,444,364,331,193,138,2867,1492,1375,1214,615,599
5337,C4920,18,314,District-Karbi Anglong,Total,0-4,723,404,319,168,95,73,106,64,42,14,9,5,56,36,20,56,28,28,4,1,3,272,139,133,47,32,15
5338,C4920,18,314,District-Karbi Anglong,Total,5-9,1005,534,471,219,109,110,173,90,83,89,50,39,89,52,37,74,37,37,8,4,4,273,141,132,80,51,29
5339,C4920,18,314,District-Karbi Anglong,Total,10-19,2132,1154,978,364,191,173,370,193,177,197,109,88,221,142,79,174,101,73,63,35,28,550,277,273,193,106,87
5340,C4920,18,314,District-Karbi Anglong,Total,20-29,1835,975,860,321,160,161,316,166,150,170,80,90,210,126,84,166,95,71,57,40,17,447,221,226,148,87,61
5341,C4920,18,314,District-Karbi Anglong,Total,30-39,1584,909,675,282,164,118,281,161,120,104,65,39,168,115,53,132,79,53,77,49,28,438,222,216,102,54,48
5342,C4920,18,314,District-Karbi Anglong,Total,40-49,1443,809,634,307,181,126,311,151,160,79,42,37,188,123,65,89,43,46,52,29,23,323,191,132,94,49,45
5343,C4920,18,314,District-Karbi Anglong,Total,50-59,1322,723,599,323,165,158,328,175,153,45,25,20,216,146,70,57,29,28,33,15,18,228,119,109,92,49,43
5344,C4920,18,314,District-Karbi Anglong,Total,60-69,1315,620,695,373,174,199,369,164,205,23,12,11,206,116,90,36,17,19,20,10,10,157,78,79,131,49,82
5345,C4920,18,314,District-Karbi Anglong,Total,70-79,1041,511,530,255,122,133,302,152,150,10,6,4,177,90,87,14,10,4,11,6,5,110,65,45,162,60,102
5346,C4920,18,314,District-Karbi Anglong,Total,80-89,467,223,244,110,52,58,119,61,58,5,2,3,77,29,48,6,2,4,4,2,2,38,23,15,108,52,56
5347,C4920,18,314,District-Karbi Anglong,Total,90+,183,92,91,29,17,12,40,21,19,2,2,0,32,14,18,1,1,0,1,1,0,22,10,12,56,26,30
5348,C4920,18,314,District-Karbi Anglong,Total,Age Not Stated,21,14,7,3,2,1,2,1,1,1,1,0,1,1,0,3,2,1,1,1,0,9,6,3,1,0,1
5349,C4920,18,314,District-Karbi Anglong,Rural,Total,11970,6377,5593,2506,1311,1195,2542,1313,1229,662,360,302,1486,889,597,718,386,332,278,163,115,2670,1392,1278,1108,563,545
5350,C4920,18,314,District-Karbi Anglong,Rural,0-4,664,373,291,150,86,64,96,60,36,10,7,3,47,29,18,52,27,25,4,1,3,262,135,127,43,28,15
5351,C4920,18,314,District-Karbi Anglong,Rural,5-9,910,480,430,188,95,93,159,83,76,79,43,36,83,48,35,66,31,35,7,4,3,255,129,126,73,47,26
5352,C4920,18,314,District-Karbi Anglong,Rural,10-19,1933,1045,888,317,170,147,343,178,165,176,97,79,200,130,70,156,87,69,54,29,25,515,258,257,172,96,76
5353,C4920,18,314,District-Karbi Anglong,Rural,20-29,1638,863,775,286,141,145,290,156,134,153,71,82,182,109,73,143,78,65,47,32,15,403,200,203,134,76,58
5354,C4920,18,314,District-Karbi Anglong,Rural,30-39,1427,832,595,256,148,108,252,147,105,92,59,33,151,105,46,118,70,48,64,43,21,402,209,193,92,51,41
5355,C4920,18,314,District-Karbi Anglong,Rural,40-49,1306,735,571,276,165,111,288,140,148,71,39,32,169,113,56,78,38,40,42,22,20,299,174,125,83,44,39
5356,C4920,18,314,District-Karbi Anglong,Rural,50-59,1224,669,555,303,153,150,313,168,145,43,24,19,194,129,65,50,23,27,27,13,14,212,114,98,82,45,37
5357,C4920,18,314,District-Karbi Anglong,Rural,60-69,1237,576,661,357,166,191,359,159,200,20,9,11,186,100,86,32,17,15,18,9,9,149,73,76,116,43,73
5358,C4920,18,314,District-Karbi Anglong,Rural,70-79,994,488,506,242,119,123,289,144,145,10,6,4,166,84,82,14,10,4,10,6,4,107,62,45,156,57,99
5359,C4920,18,314,District-Karbi Anglong,Rural,80-89,440,212,228,103,50,53,113,56,57,5,2,3,76,28,48,5,2,3,3,2,1,35,22,13,100,50,50
5360,C4920,18,314,District-Karbi Anglong,Rural,90+,176,90,86,25,16,9,38,21,17,2,2,0,31,13,18,1,1,0,1,1,0,22,10,12,56,26,30
5361,C4920,18,314,District-Karbi Anglong,Rural,Age Not Stated,21,14,7,3,2,1,2,1,1,1,1,0,1,1,0,3,2,1,1,1,0,9,6,3,1,0,1
5362,C4920,18,314,District-Karbi Anglong,Urban,Total,1101,591,510,248,121,127,175,86,89,77,43,34,155,101,54,90,58,32,53,30,23,197,100,97,106,52,54
5363,C4920,18,314,District-Karbi Anglong,Urban,0-4,59,31,28,18,9,9,10,4,6,4,2,2,9,7,2,4,1,3,0,0,0,10,4,6,4,4,0
5364,C4920,18,314,District-Karbi Anglong,Urban,5-9,95,54,41,31,14,17,14,7,7,10,7,3,6,4,2,8,6,2,1,0,1,18,12,6,7,4,3
5365,C4920,18,314,District-Karbi Anglong,Urban,10-19,199,109,90,47,21,26,27,15,12,21,12,9,21,12,9,18,14,4,9,6,3,35,19,16,21,10,11
5366,C4920,18,314,District-Karbi Anglong,Urban,20-29,197,112,85,35,19,16,26,10,16,17,9,8,28,17,11,23,17,6,10,8,2,44,21,23,14,11,3
5367,C4920,18,314,District-Karbi Anglong,Urban,30-39,157,77,80,26,16,10,29,14,15,12,6,6,17,10,7,14,9,5,13,6,7,36,13,23,10,3,7
5368,C4920,18,314,District-Karbi Anglong,Urban,40-49,137,74,63,31,16,15,23,11,12,8,3,5,19,10,9,11,5,6,10,7,3,24,17,7,11,5,6
5369,C4920,18,314,District-Karbi Anglong,Urban,50-59,98,54,44,20,12,8,15,7,8,2,1,1,22,17,5,7,6,1,6,2,4,16,5,11,10,4,6
5370,C4920,18,314,District-Karbi Anglong,Urban,60-69,78,44,34,16,8,8,10,5,5,3,3,0,20,16,4,4,0,4,2,1,1,8,5,3,15,6,9
5371,C4920,18,314,District-Karbi Anglong,Urban,70-79,47,23,24,13,3,10,13,8,5,0,0,0,11,6,5,0,0,0,1,0,1,3,3,0,6,3,3
5372,C4920,18,314,District-Karbi Anglong,Urban,80-89,27,11,16,7,2,5,6,5,1,0,0,0,1,1,0,1,0,1,1,0,1,3,1,2,8,2,6
5373,C4920,18,314,District-Karbi Anglong,Urban,90+,7,2,5,4,1,3,2,0,2,0,0,0,1,1,0,0,0,0,0,0,0,0,0,0,0,0,0
5374,C4920,18,314,District-Karbi Anglong,Urban,Age Not Stated,0,0,0,0,0,0,0,0,0,0,0,0,0,0,0,0,0,0,0,0,0,0,0,0,0,0,0
5375,C4920,18,315,District-Dima Hasao,Total,Total,2422,1395,1027,370,186,184,608,369,239,206,115,91,393,241,152,134,79,55,117,69,48,407,232,175,187,104,83
5376,C4920,18,315,District-Dima Hasao,Total,0-4,118,65,53,23,13,10,33,23,10,2,0,2,18,10,8,4,1,3,0,0,0,28,14,14,10,4,6
5377,C4920,18,315,District-Dima Hasao,Total,5-9,172,102,70,25,17,8,34,18,16,22,14,8,26,11,15,9,5,4,6,4,2,34,23,11,16,10,6
5378,C4920,18,315,District-Dima Hasao,Total,10-19,377,197,180,50,24,26,90,44,46,44,26,18,54,26,28,20,12,8,12,9,3,62,34,28,45,22,23
5379,C4920,18,315,District-Dima Hasao,Total,20-29,471,278,193,45,22,23,113,81,32,62,33,29,62,38,24,33,18,15,29,20,9,88,42,46,39,24,15
5380,C4920,18,315,District-Dima Hasao,Total,30-39,371,239,132,36,20,16,99,73,26,30,14,16,65,44,21,32,23,9,31,19,12,61,38,23,17,8,9
5381,C4920,18,315,District-Dima Hasao,Total,40-49,312,194,118,40,17,23,70,39,31,21,13,8,61,45,16,23,15,8,25,13,12,53,39,14,19,13,6
5382,C4920,18,315,District-Dima Hasao,Total,50-59,226,131,95,51,28,23,53,34,19,15,8,7,42,28,14,8,4,4,10,3,7,38,21,17,9,5,4
5383,C4920,18,315,District-Dima Hasao,Total,60-69,163,89,74,41,19,22,39,20,19,7,5,2,36,25,11,3,1,2,3,1,2,25,13,12,9,5,4
5384,C4920,18,315,District-Dima Hasao,Total,70-79,117,54,63,28,12,16,42,18,24,2,1,1,20,10,10,2,0,2,0,0,0,12,5,7,11,8,3
5385,C4920,18,315,District-Dima Hasao,Total,80-89,65,31,34,20,9,11,25,13,12,1,1,0,5,2,3,0,0,0,0,0,0,6,3,3,8,3,5
5386,C4920,18,315,District-Dima Hasao,Total,90+,26,13,13,9,4,5,9,5,4,0,0,0,4,2,2,0,0,0,0,0,0,0,0,0,4,2,2
5387,C4920,18,315,District-Dima Hasao,Total,Age Not Stated,4,2,2,2,1,1,1,1,0,0,0,0,0,0,0,0,0,0,1,0,1,0,0,0,0,0,0
5388,C4920,18,315,District-Dima Hasao,Rural,Total,1794,1004,790,305,157,148,437,244,193,148,82,66,288,175,113,105,61,44,75,40,35,314,176,138,122,69,53
5389,C4920,18,315,District-Dima Hasao,Rural,0-4,98,55,43,19,12,7,29,20,9,0,0,0,15,8,7,4,1,3,0,0,0,23,10,13,8,4,4
5390,C4920,18,315,District-Dima Hasao,Rural,5-9,143,83,60,22,14,8,31,17,14,17,12,5,24,10,14,8,5,3,5,3,2,25,16,9,11,6,5
5391,C4920,18,315,District-Dima Hasao,Rural,10-19,302,154,148,44,21,23,70,32,38,36,22,14,42,20,22,15,9,6,9,6,3,52,29,23,34,15,19
5392,C4920,18,315,District-Dima Hasao,Rural,20-29,324,179,145,37,19,18,69,43,26,40,20,20,48,30,18,25,13,12,20,12,8,63,29,34,22,13,9
5393,C4920,18,315,District-Dima Hasao,Rural,30-39,250,148,102,28,16,12,49,26,23,23,8,15,42,32,10,25,17,8,19,10,9,52,32,20,12,7,5
5394,C4920,18,315,District-Dima Hasao,Rural,40-49,220,137,83,31,12,19,52,29,23,14,9,5,45,32,13,17,12,5,11,6,5,39,28,11,11,9,2
5395,C4920,18,315,District-Dima Hasao,Rural,50-59,172,98,74,44,25,19,45,29,16,8,4,4,26,15,11,6,3,3,8,2,6,28,15,13,7,5,2
5396,C4920,18,315,District-Dima Hasao,Rural,60-69,128,73,55,33,17,16,33,18,15,7,5,2,26,19,7,3,1,2,2,1,1,20,10,10,4,2,2
5397,C4920,18,315,District-Dima Hasao,Rural,70-79,87,42,45,23,10,13,33,16,17,2,1,1,13,6,7,2,0,2,0,0,0,8,5,3,6,4,2
5398,C4920,18,315,District-Dima Hasao,Rural,80-89,48,22,26,18,7,11,17,9,8,1,1,0,3,1,2,0,0,0,0,0,0,4,2,2,5,2,3
5399,C4920,18,315,District-Dima Hasao,Rural,90+,18,11,7,4,3,1,8,4,4,0,0,0,4,2,2,0,0,0,0,0,0,0,0,0,2,2,0
5400,C4920,18,315,District-Dima Hasao,Rural,Age Not Stated,4,2,2,2,1,1,1,1,0,0,0,0,0,0,0,0,0,0,1,0,1,0,0,0,0,0,0
5401,C4920,18,315,District-Dima Hasao,Urban,Total,628,391,237,65,29,36,171,125,46,58,33,25,105,66,39,29,18,11,42,29,13,93,56,37,65,35,30
5402,C4920,18,315,District-Dima Hasao,Urban,0-4,20,10,10,4,1,3,4,3,1,2,0,2,3,2,1,0,0,0,0,0,0,5,4,1,2,0,2
5403,C4920,18,315,District-Dima Hasao,Urban,5-9,29,19,10,3,3,0,3,1,2,5,2,3,2,1,1,1,0,1,1,1,0,9,7,2,5,4,1
5404,C4920,18,315,District-Dima Hasao,Urban,10-19,75,43,32,6,3,3,20,12,8,8,4,4,12,6,6,5,3,2,3,3,0,10,5,5,11,7,4
5405,C4920,18,315,District-Dima Hasao,Urban,20-29,147,99,48,8,3,5,44,38,6,22,13,9,14,8,6,8,5,3,9,8,1,25,13,12,17,11,6
5406,C4920,18,315,District-Dima Hasao,Urban,30-39,121,91,30,8,4,4,50,47,3,7,6,1,23,12,11,7,6,1,12,9,3,9,6,3,5,1,4
5407,C4920,18,315,District-Dima Hasao,Urban,40-49,92,57,35,9,5,4,18,10,8,7,4,3,16,13,3,6,3,3,14,7,7,14,11,3,8,4,4
5408,C4920,18,315,District-Dima Hasao,Urban,50-59,54,33,21,7,3,4,8,5,3,7,4,3,16,13,3,2,1,1,2,1,1,10,6,4,2,0,2
5409,C4920,18,315,District-Dima Hasao,Urban,60-69,35,16,19,8,2,6,6,2,4,0,0,0,10,6,4,0,0,0,1,0,1,5,3,2,5,3,2
5410,C4920,18,315,District-Dima Hasao,Urban,70-79,30,12,18,5,2,3,9,2,7,0,0,0,7,4,3,0,0,0,0,0,0,4,0,4,5,4,1
5411,C4920,18,315,District-Dima Hasao,Urban,80-89,17,9,8,2,2,0,8,4,4,0,0,0,2,1,1,0,0,0,0,0,0,2,1,1,3,1,2
5412,C4920,18,315,District-Dima Hasao,Urban,90+,8,2,6,5,1,4,1,1,0,0,0,0,0,0,0,0,0,0,0,0,0,0,0,0,2,0,2
5413,C4920,18,315,District-Dima Hasao,Urban,Age Not Stated,0,0,0,0,0,0,0,0,0,0,0,0,0,0,0,0,0,0,0,0,0,0,0,0,0,0,0
5414,C4920,18,316,District-Cachar,Total,Total,27457,14799,12658,4864,2500,2364,5930,2960,2970,1896,1039,857,3672,2274,1398,1586,914,672,1169,641,528,6107,3279,2828,2233,1192,1041
5415,C4920,18,316,District-Cachar,Total,0-4,1547,823,724,255,132,123,427,217,210,26,22,4,161,96,65,74,38,36,7,2,5,509,263,246,88,53,35
5416,C4920,18,316,District-Cachar,Total,5-9,2178,1180,998,315,179,136,525,242,283,226,118,108,269,167,102,101,57,44,25,15,10,555,319,236,162,83,79
5417,C4920,18,316,District-Cachar,Total,10-19,4528,2416,2112,579,291,288,1088,541,547,524,276,248,503,285,218,282,165,117,117,68,49,1095,597,498,340,193,147
5418,C4920,18,316,District-Cachar,Total,20-29,4231,2299,1932,558,293,265,896,466,430,379,214,165,482,309,173,327,188,139,193,106,87,1146,586,560,250,137,113
5419,C4920,18,316,District-Cachar,Total,30-39,3582,1981,1601,534,291,243,750,387,363,250,132,118,435,285,150,311,188,123,250,143,107,835,435,400,217,120,97
5420,C4920,18,316,District-Cachar,Total,40-49,3294,1877,1417,608,321,287,657,332,325,219,133,86,474,331,143,214,124,90,233,132,101,687,387,300,202,117,85
5421,C4920,18,316,District-Cachar,Total,50-59,2810,1525,1285,605,304,301,553,278,275,134,72,62,454,300,154,133,78,55,134,69,65,544,302,242,253,122,131
5422,C4920,18,316,District-Cachar,Total,60-69,2634,1354,1280,712,341,371,511,239,272,86,44,42,435,266,169,92,48,44,110,53,57,398,210,188,290,153,137
5423,C4920,18,316,District-Cachar,Total,70-79,1691,890,801,457,241,216,355,176,179,38,21,17,283,153,130,40,21,19,63,35,28,222,124,98,233,119,114
5424,C4920,18,316,District-Cachar,Total,80-89,718,338,380,186,80,106,124,63,61,11,6,5,138,65,73,9,6,3,26,15,11,85,39,46,139,64,75
5425,C4920,18,316,District-Cachar,Total,90+,222,103,119,51,24,27,40,17,23,2,1,1,38,17,21,3,1,2,11,3,8,20,11,9,57,29,28
5426,C4920,18,316,District-Cachar,Total,Age Not Stated,22,13,9,4,3,1,4,2,2,1,0,1,0,0,0,0,0,0,0,0,0,11,6,5,2,2,0
5427,C4920,18,316,District-Cachar,Rural,Total,23538,12696,10842,4340,2231,2109,5119,2568,2551,1503,834,669,3154,1957,1197,1323,761,562,988,532,456,5195,2782,2413,1916,1031,885
5428,C4920,18,316,District-Cachar,Rural,0-4,1386,741,645,235,122,113,396,203,193,21,18,3,142,86,56,63,31,32,6,2,4,448,236,212,75,43,32
5429,C4920,18,316,District-Cachar,Rural,5-9,1928,1030,898,277,155,122,476,218,258,190,100,90,230,141,89,86,48,38,20,11,9,508,285,223,141,72,69
5430,C4920,18,316,District-Cachar,Rural,10-19,3918,2096,1822,516,254,262,941,476,465,439,235,204,442,252,190,229,130,99,97,53,44,969,533,436,285,163,122
5431,C4920,18,316,District-Cachar,Rural,20-29,3436,1877,1559,489,260,229,764,397,367,286,167,119,405,262,143,255,145,110,158,84,74,882,450,432,197,112,85
5432,C4920,18,316,District-Cachar,Rural,30-39,3041,1696,1345,481,264,217,628,327,301,193,101,92,373,243,130,270,167,103,208,121,87,712,370,342,176,103,73
5433,C4920,18,316,District-Cachar,Rural,40-49,2801,1591,1210,552,292,260,555,279,276,163,101,62,404,284,120,186,108,78,196,109,87,574,317,257,171,101,70
5434,C4920,18,316,District-Cachar,Rural,50-59,2436,1319,1117,546,276,270,465,237,228,101,54,47,396,260,136,109,65,44,115,59,56,469,260,209,235,108,127
5435,C4920,18,316,District-Cachar,Rural,60-69,2320,1186,1134,649,313,336,447,204,243,68,35,33,380,229,151,81,42,39,99,48,51,340,177,163,256,138,118
5436,C4920,18,316,District-Cachar,Rural,70-79,1457,767,690,401,210,191,305,153,152,29,17,12,235,130,105,34,18,16,56,30,26,194,107,87,203,102,101
5437,C4920,18,316,District-Cachar,Rural,80-89,606,292,314,149,64,85,105,56,49,10,5,5,116,56,60,8,6,2,22,12,10,71,31,40,125,62,63
5438,C4920,18,316,District-Cachar,Rural,90+,187,88,99,41,18,23,33,16,17,2,1,1,31,14,17,2,1,1,11,3,8,17,10,7,50,25,25
5439,C4920,18,316,District-Cachar,Rural,Age Not Stated,22,13,9,4,3,1,4,2,2,1,0,1,0,0,0,0,0,0,0,0,0,11,6,5,2,2,0
5440,C4920,18,316,District-Cachar,Urban,Total,3919,2103,1816,524,269,255,811,392,419,393,205,188,518,317,201,263,153,110,181,109,72,912,497,415,317,161,156
5441,C4920,18,316,District-Cachar,Urban,0-4,161,82,79,20,10,10,31,14,17,5,4,1,19,10,9,11,7,4,1,0,1,61,27,34,13,10,3
5442,C4920,18,316,District-Cachar,Urban,5-9,250,150,100,38,24,14,49,24,25,36,18,18,39,26,13,15,9,6,5,4,1,47,34,13,21,11,10
5443,C4920,18,316,District-Cachar,Urban,10-19,610,320,290,63,37,26,147,65,82,85,41,44,61,33,28,53,35,18,20,15,5,126,64,62,55,30,25
5444,C4920,18,316,District-Cachar,Urban,20-29,795,422,373,69,33,36,132,69,63,93,47,46,77,47,30,72,43,29,35,22,13,264,136,128,53,25,28
5445,C4920,18,316,District-Cachar,Urban,30-39,541,285,256,53,27,26,122,60,62,57,31,26,62,42,20,41,21,20,42,22,20,123,65,58,41,17,24
5446,C4920,18,316,District-Cachar,Urban,40-49,493,286,207,56,29,27,102,53,49,56,32,24,70,47,23,28,16,12,37,23,14,113,70,43,31,16,15
5447,C4920,18,316,District-Cachar,Urban,50-59,374,206,168,59,28,31,88,41,47,33,18,15,58,40,18,24,13,11,19,10,9,75,42,33,18,14,4
5448,C4920,18,316,District-Cachar,Urban,60-69,314,168,146,63,28,35,64,35,29,18,9,9,55,37,18,11,6,5,11,5,6,58,33,25,34,15,19
5449,C4920,18,316,District-Cachar,Urban,70-79,234,123,111,56,31,25,50,23,27,9,4,5,48,23,25,6,3,3,7,5,2,28,17,11,30,17,13
5450,C4920,18,316,District-Cachar,Urban,80-89,112,46,66,37,16,21,19,7,12,1,1,0,22,9,13,1,0,1,4,3,1,14,8,6,14,2,12
5451,C4920,18,316,District-Cachar,Urban,90+,35,15,20,10,6,4,7,1,6,0,0,0,7,3,4,1,0,1,0,0,0,3,1,2,7,4,3
5452,C4920,18,316,District-Cachar,Urban,Age Not Stated,0,0,0,0,0,0,0,0,0,0,0,0,0,0,0,0,0,0,0,0,0,0,0,0,0,0,0
5453,C4920,18,317,District-Karimganj,Total,Total,18832,10300,8532,3292,1667,1625,4063,2123,1940,1482,830,652,3092,1870,1222,1138,662,476,815,456,359,3225,1763,1462,1725,929,796
5454,C4920,18,317,District-Karimganj,Total,0-4,1161,605,556,183,95,88,316,173,143,30,21,9,144,67,77,60,29,31,12,7,5,330,167,163,86,46,40
5455,C4920,18,317,District-Karimganj,Total,5-9,1699,949,750,233,123,110,464,248,216,223,131,92,226,150,76,69,39,30,24,12,12,319,166,153,141,80,61
5456,C4920,18,317,District-Karimganj,Total,10-19,3297,1811,1486,433,214,219,812,430,382,413,226,187,445,268,177,204,112,92,109,61,48,593,328,265,288,172,116
5457,C4920,18,317,District-Karimganj,Total,20-29,2674,1524,1150,352,181,171,483,254,229,289,159,130,408,270,138,235,136,99,126,80,46,541,300,241,240,144,96
5458,C4920,18,317,District-Karimganj,Total,30-39,2212,1230,982,307,162,145,418,204,214,190,110,80,326,206,120,216,120,96,187,96,91,425,232,193,143,100,43
5459,C4920,18,317,District-Karimganj,Total,40-49,1910,1140,770,302,184,118,413,224,189,140,73,67,341,241,100,136,88,48,127,73,54,337,186,151,114,71,43
5460,C4920,18,317,District-Karimganj,Total,50-59,1741,989,752,370,180,190,344,189,155,96,52,44,325,214,111,115,74,41,99,60,39,270,161,109,122,59,63
5461,C4920,18,317,District-Karimganj,Total,60-69,1891,982,909,506,247,259,374,187,187,66,39,27,411,228,183,59,38,21,64,36,28,212,115,97,199,92,107
5462,C4920,18,317,District-Karimganj,Total,70-79,1328,640,688,378,181,197,258,128,130,25,14,11,288,148,140,35,19,16,41,14,27,119,62,57,184,74,110
5463,C4920,18,317,District-Karimganj,Total,80-89,646,312,334,163,72,91,137,69,68,6,4,2,129,56,73,8,7,1,17,12,5,57,32,25,129,60,69
5464,C4920,18,317,District-Karimganj,Total,90+,266,116,150,65,28,37,42,16,26,2,1,1,48,21,27,1,0,1,9,5,4,20,14,6,79,31,48
5465,C4920,18,317,District-Karimganj,Total,Age Not Stated,7,2,5,0,0,0,2,1,1,2,0,2,1,1,0,0,0,0,0,0,0,2,0,2,0,0,0
5466,C4920,18,317,District-Karimganj,Rural,Total,17354,9478,7876,3052,1557,1495,3824,2002,1822,1347,757,590,2794,1690,1104,1059,605,454,733,408,325,2943,1605,1338,1602,854,748
5467,C4920,18,317,District-Karimganj,Rural,0-4,1110,579,531,173,91,82,308,169,139,28,20,8,138,65,73,56,27,29,11,6,5,317,157,160,79,44,35
5468,C4920,18,317,District-Karimganj,Rural,5-9,1593,883,710,218,115,103,451,240,211,201,116,85,212,141,71,67,37,30,23,12,11,289,151,138,132,71,61
5469,C4920,18,317,District-Karimganj,Rural,10-19,3101,1691,1410,413,206,207,782,414,368,385,208,177,406,239,167,188,99,89,99,53,46,554,309,245,274,163,111
5470,C4920,18,317,District-Karimganj,Rural,20-29,2436,1381,1055,327,168,159,453,232,221,264,146,118,368,248,120,219,124,95,113,73,40,483,267,216,209,123,86
5471,C4920,18,317,District-Karimganj,Rural,30-39,2024,1128,896,286,154,132,394,193,201,164,101,63,294,183,111,202,111,91,164,84,80,389,212,177,131,90,41
5472,C4920,18,317,District-Karimganj,Rural,40-49,1722,1034,688,275,174,101,383,207,176,126,65,61,295,207,88,129,85,44,114,65,49,297,165,132,103,66,37
5473,C4920,18,317,District-Karimganj,Rural,50-59,1575,887,688,322,157,165,316,173,143,86,47,39,299,195,104,105,65,40,91,54,37,243,142,101,113,54,59
5474,C4920,18,317,District-Karimganj,Rural,60-69,1724,895,829,468,224,244,345,177,168,59,35,24,369,206,163,52,32,20,54,32,22,189,103,86,188,86,102
5475,C4920,18,317,District-Karimganj,Rural,70-79,1217,594,623,357,172,185,224,116,108,24,14,10,254,134,120,33,19,14,38,12,26,110,57,53,177,70,107
5476,C4920,18,317,District-Karimganj,Rural,80-89,597,297,300,151,69,82,128,66,62,6,4,2,115,52,63,7,6,1,17,12,5,54,31,23,119,57,62
5477,C4920,18,317,District-Karimganj,Rural,90+,249,108,141,62,27,35,38,14,24,2,1,1,44,20,24,1,0,1,9,5,4,16,11,5,77,30,47
5478,C4920,18,317,District-Karimganj,Rural,Age Not Stated,6,1,5,0,0,0,2,1,1,2,0,2,0,0,0,0,0,0,0,0,0,2,0,2,0,0,0
5479,C4920,18,317,District-Karimganj,Urban,Total,1478,822,656,240,110,130,239,121,118,135,73,62,298,180,118,79,57,22,82,48,34,282,158,124,123,75,48
5480,C4920,18,317,District-Karimganj,Urban,0-4,51,26,25,10,4,6,8,4,4,2,1,1,6,2,4,4,2,2,1,1,0,13,10,3,7,2,5
5481,C4920,18,317,District-Karimganj,Urban,5-9,106,66,40,15,8,7,13,8,5,22,15,7,14,9,5,2,2,0,1,0,1,30,15,15,9,9,0
5482,C4920,18,317,District-Karimganj,Urban,10-19,196,120,76,20,8,12,30,16,14,28,18,10,39,29,10,16,13,3,10,8,2,39,19,20,14,9,5
5483,C4920,18,317,District-Karimganj,Urban,20-29,238,143,95,25,13,12,30,22,8,25,13,12,40,22,18,16,12,4,13,7,6,58,33,25,31,21,10
5484,C4920,18,317,District-Karimganj,Urban,30-39,188,102,86,21,8,13,24,11,13,26,9,17,32,23,9,14,9,5,23,12,11,36,20,16,12,10,2
5485,C4920,18,317,District-Karimganj,Urban,40-49,188,106,82,27,10,17,30,17,13,14,8,6,46,34,12,7,3,4,13,8,5,40,21,19,11,5,6
5486,C4920,18,317,District-Karimganj,Urban,50-59,166,102,64,48,23,25,28,16,12,10,5,5,26,19,7,10,9,1,8,6,2,27,19,8,9,5,4
5487,C4920,18,317,District-Karimganj,Urban,60-69,167,87,80,38,23,15,29,10,19,7,4,3,42,22,20,7,6,1,10,4,6,23,12,11,11,6,5
5488,C4920,18,317,District-Karimganj,Urban,70-79,111,46,65,21,9,12,34,12,22,1,0,1,34,14,20,2,0,2,3,2,1,9,5,4,7,4,3
5489,C4920,18,317,District-Karimganj,Urban,80-89,49,15,34,12,3,9,9,3,6,0,0,0,14,4,10,1,1,0,0,0,0,3,1,2,10,3,7
5490,C4920,18,317,District-Karimganj,Urban,90+,17,8,9,3,1,2,4,2,2,0,0,0,4,1,3,0,0,0,0,0,0,4,3,1,2,1,1
5491,C4920,18,317,District-Karimganj,Urban,Age Not Stated,1,1,0,0,0,0,0,0,0,0,0,0,1,1,0,0,0,0,0,0,0,0,0,0,0,0,0
5492,C4920,18,318,District-Hailakandi,Total,Total,9723,5294,4429,2034,1022,1012,1412,723,689,791,461,330,1474,887,587,617,338,279,407,221,186,2166,1187,979,822,455,367
5493,C4920,18,318,District-Hailakandi,Total,0-4,629,342,287,154,85,69,90,45,45,20,14,6,85,45,40,35,23,12,7,3,4,205,108,97,33,19,14
5494,C4920,18,318,District-Hailakandi,Total,5-9,906,503,403,181,103,78,135,72,63,108,69,39,116,68,48,41,19,22,10,9,1,233,117,116,82,46,36
5495,C4920,18,318,District-Hailakandi,Total,10-19,1820,1025,795,320,161,159,227,111,116,230,137,93,241,145,96,133,76,57,51,33,18,472,280,192,146,82,64
5496,C4920,18,318,District-Hailakandi,Total,20-29,1528,826,702,265,134,131,205,106,99,157,83,74,191,124,67,107,55,52,67,36,31,424,226,198,112,62,50
5497,C4920,18,318,District-Hailakandi,Total,30-39,1267,725,542,223,116,107,178,96,82,114,70,44,180,116,64,125,63,62,81,48,33,286,168,118,80,48,32
5498,C4920,18,318,District-Hailakandi,Total,40-49,1006,542,464,203,95,108,140,75,65,73,35,38,154,87,67,77,46,31,66,34,32,211,119,92,82,51,31
5499,C4920,18,318,District-Hailakandi,Total,50-59,811,430,381,203,91,112,134,67,67,41,25,16,136,90,46,47,27,20,57,23,34,135,80,55,58,27,31
5500,C4920,18,318,District-Hailakandi,Total,60-69,913,469,444,255,130,125,166,79,87,31,16,15,185,110,75,37,22,15,44,25,19,108,50,58,87,37,50
5501,C4920,18,318,District-Hailakandi,Total,70-79,543,285,258,162,76,86,88,46,42,15,10,5,106,62,44,8,5,3,16,6,10,71,32,39,77,48,29
5502,C4920,18,318,District-Hailakandi,Total,80-89,205,103,102,46,24,22,28,16,12,0,0,0,57,30,27,4,0,4,6,2,4,17,5,12,47,26,21
5503,C4920,18,318,District-Hailakandi,Total,90+,88,40,48,21,7,14,19,8,11,1,1,0,22,9,13,2,2,0,2,2,0,3,2,1,18,9,9
5504,C4920,18,318,District-Hailakandi,Total,Age Not Stated,7,4,3,1,0,1,2,2,0,1,1,0,1,1,0,1,0,1,0,0,0,1,0,1,0,0,0
5505,C4920,18,318,District-Hailakandi,Rural,Total,8421,4628,3793,1605,812,793,1264,643,621,722,425,297,1380,834,546,569,310,259,365,200,165,1864,1032,832,652,372,280
5506,C4920,18,318,District-Hailakandi,Rural,0-4,587,327,260,146,84,62,80,41,39,20,14,6,78,43,35,34,22,12,7,3,4,191,102,89,31,18,13
5507,C4920,18,318,District-Hailakandi,Rural,5-9,822,455,367,162,93,69,126,67,59,100,64,36,111,66,45,37,15,22,8,7,1,206,102,104,72,41,31
5508,C4920,18,318,District-Hailakandi,Rural,10-19,1663,949,714,283,141,142,202,99,103,212,130,82,235,144,91,126,74,52,47,31,16,430,256,174,128,74,54
5509,C4920,18,318,District-Hailakandi,Rural,20-29,1282,702,580,201,107,94,173,87,86,148,79,69,179,117,62,95,49,46,58,31,27,331,177,154,97,55,42
5510,C4920,18,318,District-Hailakandi,Rural,30-39,1055,606,449,147,75,72,152,79,73,96,60,36,163,105,58,117,58,59,73,44,29,243,145,98,64,40,24
5511,C4920,18,318,District-Hailakandi,Rural,40-49,838,448,390,136,60,76,127,67,60,63,30,33,147,84,63,72,42,30,62,32,30,179,101,78,52,32,20
5512,C4920,18,318,District-Hailakandi,Rural,50-59,648,343,305,138,54,84,121,62,59,36,20,16,115,77,38,40,22,18,53,21,32,111,69,42,34,18,16
5513,C4920,18,318,District-Hailakandi,Rural,60-69,788,412,376,200,105,95,156,73,83,30,16,14,175,103,72,34,21,13,38,23,15,94,43,51,61,28,33
5514,C4920,18,318,District-Hailakandi,Rural,70-79,477,254,223,136,66,70,84,44,40,15,10,5,99,57,42,8,5,3,14,5,9,62,30,32,59,37,22
5515,C4920,18,318,District-Hailakandi,Rural,80-89,173,90,83,35,20,15,25,15,10,0,0,0,55,28,27,3,0,3,3,1,2,14,5,9,38,21,17
5516,C4920,18,318,District-Hailakandi,Rural,90+,82,38,44,20,7,13,16,7,9,1,1,0,22,9,13,2,2,0,2,2,0,3,2,1,16,8,8
5517,C4920,18,318,District-Hailakandi,Rural,Age Not Stated,6,4,2,1,0,1,2,2,0,1,1,0,1,1,0,1,0,1,0,0,0,0,0,0,0,0,0
5518,C4920,18,318,District-Hailakandi,Urban,Total,1302,666,636,429,210,219,148,80,68,69,36,33,94,53,41,48,28,20,42,21,21,302,155,147,170,83,87
5519,C4920,18,318,District-Hailakandi,Urban,0-4,42,15,27,8,1,7,10,4,6,0,0,0,7,2,5,1,1,0,0,0,0,14,6,8,2,1,1
5520,C4920,18,318,District-Hailakandi,Urban,5-9,84,48,36,19,10,9,9,5,4,8,5,3,5,2,3,4,4,0,2,2,0,27,15,12,10,5,5
5521,C4920,18,318,District-Hailakandi,Urban,10-19,157,76,81,37,20,17,25,12,13,18,7,11,6,1,5,7,2,5,4,2,2,42,24,18,18,8,10
5522,C4920,18,318,District-Hailakandi,Urban,20-29,246,124,122,64,27,37,32,19,13,9,4,5,12,7,5,12,6,6,9,5,4,93,49,44,15,7,8
5523,C4920,18,318,District-Hailakandi,Urban,30-39,212,119,93,76,41,35,26,17,9,18,10,8,17,11,6,8,5,3,8,4,4,43,23,20,16,8,8
5524,C4920,18,318,District-Hailakandi,Urban,40-49,168,94,74,67,35,32,13,8,5,10,5,5,7,3,4,5,4,1,4,2,2,32,18,14,30,19,11
5525,C4920,18,318,District-Hailakandi,Urban,50-59,163,87,76,65,37,28,13,5,8,5,5,0,21,13,8,7,5,2,4,2,2,24,11,13,24,9,15
5526,C4920,18,318,District-Hailakandi,Urban,60-69,125,57,68,55,25,30,10,6,4,1,0,1,10,7,3,3,1,2,6,2,4,14,7,7,26,9,17
5527,C4920,18,318,District-Hailakandi,Urban,70-79,66,31,35,26,10,16,4,2,2,0,0,0,7,5,2,0,0,0,2,1,1,9,2,7,18,11,7
5528,C4920,18,318,District-Hailakandi,Urban,80-89,32,13,19,11,4,7,3,1,2,0,0,0,2,2,0,1,0,1,3,1,2,3,0,3,9,5,4
5529,C4920,18,318,District-Hailakandi,Urban,90+,6,2,4,1,0,1,3,1,2,0,0,0,0,0,0,0,0,0,0,0,0,0,0,0,2,1,1
5530,C4920,18,318,District-Hailakandi,Urban,Age Not Stated,1,0,1,0,0,0,0,0,0,0,0,0,0,0,0,0,0,0,0,0,0,1,0,1,0,0,0
5531,C4920,18,319,District-Bongaigaon,Total,Total,9542,5075,4467,1694,823,871,1798,896,902,833,448,385,1753,1038,715,641,384,257,473,266,207,1262,667,595,1088,553,535
5532,C4920,18,319,District-Bongaigaon,Total,0-4,394,201,193,78,37,41,62,35,27,14,6,8,43,23,20,27,14,13,4,3,1,126,64,62,40,19,21
5533,C4920,18,319,District-Bongaigaon,Total,5-9,622,345,277,85,42,43,94,43,51,96,50,46,108,68,40,36,24,12,11,8,3,124,68,56,68,42,26
5534,C4920,18,319,District-Bongaigaon,Total,10-19,1476,854,622,222,133,89,264,146,118,186,107,79,231,143,88,123,77,46,55,26,29,220,125,95,175,97,78
5535,C4920,18,319,District-Bongaigaon,Total,20-29,1351,767,584,152,89,63,210,114,96,171,88,83,244,157,87,129,77,52,77,54,23,214,105,109,154,83,71
5536,C4920,18,319,District-Bongaigaon,Total,30-39,1198,676,522,155,72,83,193,87,106,133,76,57,202,133,69,130,77,53,108,68,40,170,96,74,107,67,40
5537,C4920,18,319,District-Bongaigaon,Total,40-49,1166,661,505,190,93,97,226,114,112,92,44,48,229,156,73,96,63,33,104,54,50,149,88,61,80,49,31
5538,C4920,18,319,District-Bongaigaon,Total,50-59,1003,556,447,235,117,118,219,110,109,77,43,34,186,120,66,63,37,26,46,22,24,105,56,49,72,51,21
5539,C4920,18,319,District-Bongaigaon,Total,60-69,987,455,532,260,112,148,231,101,130,46,26,20,211,111,100,23,11,12,40,21,19,78,36,42,98,37,61
5540,C4920,18,319,District-Bongaigaon,Total,70-79,797,340,457,217,83,134,179,86,93,11,6,5,189,88,101,7,3,4,22,8,14,42,19,23,130,47,83
5541,C4920,18,319,District-Bongaigaon,Total,80-89,398,169,229,72,32,40,85,47,38,7,2,5,82,31,51,6,1,5,5,2,3,24,7,17,117,47,70
5542,C4920,18,319,District-Bongaigaon,Total,90+,146,50,96,27,12,15,34,13,21,0,0,0,28,8,20,1,0,1,1,0,1,9,3,6,46,14,32
5543,C4920,18,319,District-Bongaigaon,Total,Age Not Stated,4,1,3,1,1,0,1,0,1,0,0,0,0,0,0,0,0,0,0,0,0,1,0,1,1,0,1
5544,C4920,18,319,District-Bongaigaon,Rural,Total,8192,4308,3884,1441,684,757,1644,814,830,713,390,323,1506,878,628,535,317,218,413,223,190,1028,550,478,912,452,460
5545,C4920,18,319,District-Bongaigaon,Rural,0-4,344,171,173,68,31,37,54,29,25,13,6,7,38,20,18,25,13,12,3,2,1,110,55,55,33,15,18
5546,C4920,18,319,District-Bongaigaon,Rural,5-9,564,311,253,78,39,39,88,38,50,84,45,39,101,63,38,30,19,11,10,7,3,114,63,51,59,37,22
5547,C4920,18,319,District-Bongaigaon,Rural,10-19,1281,749,532,180,103,77,244,136,108,163,97,66,205,129,76,105,66,39,49,24,25,187,111,76,148,83,65
5548,C4920,18,319,District-Bongaigaon,Rural,20-29,1124,634,490,111,66,45,196,107,89,147,80,67,204,128,76,108,66,42,65,44,21,167,80,87,126,63,63
5549,C4920,18,319,District-Bongaigaon,Rural,30-39,1002,556,446,126,54,72,173,76,97,111,63,48,165,107,58,111,66,45,94,55,39,137,82,55,85,53,32
5550,C4920,18,319,District-Bongaigaon,Rural,40-49,969,551,418,156,76,80,197,100,97,78,36,42,197,137,60,83,53,30,90,47,43,101,62,39,67,40,27
5551,C4920,18,319,District-Bongaigaon,Rural,50-59,822,444,378,194,95,99,198,102,96,63,35,28,148,92,56,42,23,19,43,19,24,81,42,39,53,36,17
5552,C4920,18,319,District-Bongaigaon,Rural,60-69,863,393,470,236,103,133,215,92,123,39,21,18,177,93,84,20,9,11,33,17,16,63,28,35,80,30,50
5553,C4920,18,319,District-Bongaigaon,Rural,70-79,728,303,425,201,78,123,168,78,90,8,5,3,172,75,97,5,2,3,21,7,14,36,17,19,117,41,76
5554,C4920,18,319,District-Bongaigaon,Rural,80-89,355,146,209,64,26,38,76,43,33,7,2,5,71,26,45,5,0,5,4,1,3,24,7,17,104,41,63
5555,C4920,18,319,District-Bongaigaon,Rural,90+,137,49,88,26,12,14,34,13,21,0,0,0,28,8,20,1,0,1,1,0,1,7,3,4,40,13,27
5556,C4920,18,319,District-Bongaigaon,Rural,Age Not Stated,3,1,2,1,1,0,1,0,1,0,0,0,0,0,0,0,0,0,0,0,0,1,0,1,0,0,0
5557,C4920,18,319,District-Bongaigaon,Urban,Total,1350,767,583,253,139,114,154,82,72,120,58,62,247,160,87,106,67,39,60,43,17,234,117,117,176,101,75
5558,C4920,18,319,District-Bongaigaon,Urban,0-4,50,30,20,10,6,4,8,6,2,1,0,1,5,3,2,2,1,1,1,1,0,16,9,7,7,4,3
5559,C4920,18,319,District-Bongaigaon,Urban,5-9,58,34,24,7,3,4,6,5,1,12,5,7,7,5,2,6,5,1,1,1,0,10,5,5,9,5,4
5560,C4920,18,319,District-Bongaigaon,Urban,10-19,195,105,90,42,30,12,20,10,10,23,10,13,26,14,12,18,11,7,6,2,4,33,14,19,27,14,13
5561,C4920,18,319,District-Bongaigaon,Urban,20-29,227,133,94,41,23,18,14,7,7,24,8,16,40,29,11,21,11,10,12,10,2,47,25,22,28,20,8
5562,C4920,18,319,District-Bongaigaon,Urban,30-39,196,120,76,29,18,11,20,11,9,22,13,9,37,26,11,19,11,8,14,13,1,33,14,19,22,14,8
5563,C4920,18,319,District-Bongaigaon,Urban,40-49,197,110,87,34,17,17,29,14,15,14,8,6,32,19,13,13,10,3,14,7,7,48,26,22,13,9,4
5564,C4920,18,319,District-Bongaigaon,Urban,50-59,181,112,69,41,22,19,21,8,13,14,8,6,38,28,10,21,14,7,3,3,0,24,14,10,19,15,4
5565,C4920,18,319,District-Bongaigaon,Urban,60-69,124,62,62,24,9,15,16,9,7,7,5,2,34,18,16,3,2,1,7,4,3,15,8,7,18,7,11
5566,C4920,18,319,District-Bongaigaon,Urban,70-79,69,37,32,16,5,11,11,8,3,3,1,2,17,13,4,2,1,1,1,1,0,6,2,4,13,6,7
5567,C4920,18,319,District-Bongaigaon,Urban,80-89,43,23,20,8,6,2,9,4,5,0,0,0,11,5,6,1,1,0,1,1,0,0,0,0,13,6,7
5568,C4920,18,319,District-Bongaigaon,Urban,90+,9,1,8,1,0,1,0,0,0,0,0,0,0,0,0,0,0,0,0,0,0,2,0,2,6,1,5
5569,C4920,18,319,District-Bongaigaon,Urban,Age Not Stated,1,0,1,0,0,0,0,0,0,0,0,0,0,0,0,0,0,0,0,0,0,0,0,0,1,0,1
5570,C4920,18,320,District-Chirang,Total,Total,8101,4316,3785,1157,579,578,1983,1023,960,763,394,369,1134,687,447,497,277,220,289,168,121,1613,840,773,665,348,317
5571,C4920,18,320,District-Chirang,Total,0-4,374,191,183,51,26,25,86,45,41,9,5,4,30,16,14,19,13,6,2,1,1,151,74,77,26,11,15
5572,C4920,18,320,District-Chirang,Total,5-9,503,256,247,61,27,34,103,43,60,76,41,35,66,40,26,38,23,15,10,5,5,107,49,58,42,28,14
5573,C4920,18,320,District-Chirang,Total,10-19,1241,662,579,152,78,74,311,157,154,162,77,85,155,91,64,91,47,44,52,31,21,229,132,97,89,49,40
5574,C4920,18,320,District-Chirang,Total,20-29,1195,664,531,116,74,42,262,143,119,173,95,78,165,106,59,95,49,46,55,29,26,242,124,118,87,44,43
5575,C4920,18,320,District-Chirang,Total,30-39,1145,647,498,114,65,49,215,115,100,145,79,66,151,101,50,99,54,45,61,40,21,262,131,131,98,62,36
5576,C4920,18,320,District-Chirang,Total,40-49,1040,564,476,121,60,61,240,129,111,94,42,52,139,97,42,81,47,34,48,29,19,251,128,123,66,32,34
5577,C4920,18,320,District-Chirang,Total,50-59,851,468,383,144,65,79,243,130,113,51,27,24,132,79,53,42,26,16,33,22,11,151,89,62,55,30,25
5578,C4920,18,320,District-Chirang,Total,60-69,826,413,413,194,90,104,243,116,127,35,16,19,131,75,56,23,12,11,12,5,7,118,64,54,70,35,35
5579,C4920,18,320,District-Chirang,Total,70-79,569,283,286,141,64,77,178,92,86,12,9,3,93,47,46,5,3,2,12,4,8,68,36,32,60,28,32
5580,C4920,18,320,District-Chirang,Total,80-89,233,104,129,48,20,28,71,33,38,5,2,3,43,21,22,2,1,1,2,1,1,26,11,15,36,15,21
5581,C4920,18,320,District-Chirang,Total,90+,122,63,59,15,10,5,31,20,11,1,1,0,29,14,15,1,1,0,2,1,1,8,2,6,35,14,21
5582,C4920,18,320,District-Chirang,Total,Age Not Stated,2,1,1,0,0,0,0,0,0,0,0,0,0,0,0,1,1,0,0,0,0,0,0,0,1,0,1
5583,C4920,18,320,District-Chirang,Rural,Total,7468,3983,3485,1085,545,540,1833,950,883,709,363,346,1035,629,406,447,247,200,251,145,106,1503,785,718,605,319,286
5584,C4920,18,320,District-Chirang,Rural,0-4,349,182,167,47,25,22,77,40,37,9,5,4,28,15,13,19,13,6,2,1,1,145,73,72,22,10,12
5585,C4920,18,320,District-Chirang,Rural,5-9,471,240,231,60,27,33,97,40,57,72,39,33,63,38,25,32,20,12,9,4,5,100,44,56,38,28,10
5586,C4920,18,320,District-Chirang,Rural,10-19,1139,607,532,143,75,68,292,146,146,150,69,81,141,82,59,81,42,39,45,27,18,205,120,85,82,46,36
5587,C4920,18,320,District-Chirang,Rural,20-29,1101,619,482,108,69,39,239,134,105,159,87,72,157,104,53,89,45,44,50,27,23,218,111,107,81,42,39
5588,C4920,18,320,District-Chirang,Rural,30-39,1059,594,465,105,59,46,199,107,92,135,73,62,141,95,46,88,47,41,51,33,18,247,121,126,93,59,34
5589,C4920,18,320,District-Chirang,Rural,40-49,958,514,444,112,57,55,225,120,105,90,39,51,124,87,37,71,40,31,41,25,16,237,121,116,58,25,33
5590,C4920,18,320,District-Chirang,Rural,50-59,784,428,356,137,59,78,225,121,104,46,25,21,118,70,48,38,23,15,28,18,10,141,84,57,51,28,23
5591,C4920,18,320,District-Chirang,Rural,60-69,763,385,378,182,85,97,228,110,118,30,14,16,114,64,50,20,11,9,12,5,7,113,63,50,64,33,31
5592,C4920,18,320,District-Chirang,Rural,70-79,525,264,261,132,62,70,163,84,79,12,9,3,80,40,40,5,3,2,10,4,6,67,36,31,56,26,30
5593,C4920,18,320,District-Chirang,Rural,80-89,209,93,116,45,17,28,62,30,32,5,2,3,41,20,21,2,1,1,2,1,1,22,10,12,30,12,18
5594,C4920,18,320,District-Chirang,Rural,90+,108,56,52,14,10,4,26,18,8,1,1,0,28,14,14,1,1,0,1,0,1,8,2,6,29,10,19
5595,C4920,18,320,District-Chirang,Rural,Age Not Stated,2,1,1,0,0,0,0,0,0,0,0,0,0,0,0,1,1,0,0,0,0,0,0,0,1,0,1
5596,C4920,18,320,District-Chirang,Urban,Total,633,333,300,72,34,38,150,73,77,54,31,23,99,58,41,50,30,20,38,23,15,110,55,55,60,29,31
5597,C4920,18,320,District-Chirang,Urban,0-4,25,9,16,4,1,3,9,5,4,0,0,0,2,1,1,0,0,0,0,0,0,6,1,5,4,1,3
5598,C4920,18,320,District-Chirang,Urban,5-9,32,16,16,1,0,1,6,3,3,4,2,2,3,2,1,6,3,3,1,1,0,7,5,2,4,0,4
5599,C4920,18,320,District-Chirang,Urban,10-19,102,55,47,9,3,6,19,11,8,12,8,4,14,9,5,10,5,5,7,4,3,24,12,12,7,3,4
5600,C4920,18,320,District-Chirang,Urban,20-29,94,45,49,8,5,3,23,9,14,14,8,6,8,2,6,6,4,2,5,2,3,24,13,11,6,2,4
5601,C4920,18,320,District-Chirang,Urban,30-39,86,53,33,9,6,3,16,8,8,10,6,4,10,6,4,11,7,4,10,7,3,15,10,5,5,3,2
5602,C4920,18,320,District-Chirang,Urban,40-49,82,50,32,9,3,6,15,9,6,4,3,1,15,10,5,10,7,3,7,4,3,14,7,7,8,7,1
5603,C4920,18,320,District-Chirang,Urban,50-59,67,40,27,7,6,1,18,9,9,5,2,3,14,9,5,4,3,1,5,4,1,10,5,5,4,2,2
5604,C4920,18,320,District-Chirang,Urban,60-69,63,28,35,12,5,7,15,6,9,5,2,3,17,11,6,3,1,2,0,0,0,5,1,4,6,2,4
5605,C4920,18,320,District-Chirang,Urban,70-79,44,19,25,9,2,7,15,8,7,0,0,0,13,7,6,0,0,0,2,0,2,1,0,1,4,2,2
5606,C4920,18,320,District-Chirang,Urban,80-89,24,11,13,3,3,0,9,3,6,0,0,0,2,1,1,0,0,0,0,0,0,4,1,3,6,3,3
5607,C4920,18,320,District-Chirang,Urban,90+,14,7,7,1,0,1,5,2,3,0,0,0,1,0,1,0,0,0,1,1,0,0,0,0,6,4,2
5608,C4920,18,320,District-Chirang,Urban,Age Not Stated,0,0,0,0,0,0,0,0,0,0,0,0,0,0,0,0,0,0,0,0,0,0,0,0,0,0,0
5609,C4920,18,321,District-Kamrup,Total,Total,24291,13053,11238,3693,1778,1915,5722,2863,2859,2074,1159,915,3886,2384,1502,1213,712,501,860,501,359,4251,2317,1934,2592,1339,1253
5610,C4920,18,321,District-Kamrup,Total,0-4,1017,544,473,132,67,65,277,152,125,36,24,12,113,65,48,32,18,14,4,1,3,323,161,162,100,56,44
5611,C4920,18,321,District-Kamrup,Total,5-9,1693,946,747,173,96,77,429,224,205,240,140,100,233,146,87,73,40,33,16,9,7,337,175,162,192,116,76
5612,C4920,18,321,District-Kamrup,Total,10-19,4110,2277,1833,499,258,241,938,493,445,540,300,240,532,318,214,249,141,108,89,54,35,811,441,370,452,272,180
5613,C4920,18,321,District-Kamrup,Total,20-29,3573,1964,1609,410,216,194,808,376,432,383,198,185,506,325,181,234,139,95,164,111,53,731,397,334,337,202,135
5614,C4920,18,321,District-Kamrup,Total,30-39,3262,1828,1434,386,198,188,800,420,380,328,172,156,515,332,183,206,121,85,182,106,76,609,343,266,236,136,100
5615,C4920,18,321,District-Kamrup,Total,40-49,2893,1694,1199,423,219,204,664,356,308,255,149,106,506,346,160,187,115,72,167,96,71,517,315,202,174,98,76
5616,C4920,18,321,District-Kamrup,Total,50-59,2240,1256,984,452,206,246,532,296,236,147,85,62,376,260,116,124,78,46,92,49,43,353,188,165,164,94,70
5617,C4920,18,321,District-Kamrup,Total,60-69,2525,1249,1276,598,260,338,631,277,354,99,63,36,491,289,202,65,40,25,85,50,35,279,147,132,277,123,154
5618,C4920,18,321,District-Kamrup,Total,70-79,1867,822,1045,411,173,238,426,180,246,29,17,12,375,198,177,25,13,12,39,15,24,202,104,98,360,122,238
5619,C4920,18,321,District-Kamrup,Total,80-89,753,308,445,161,62,99,153,60,93,8,5,3,159,65,94,13,5,8,18,9,9,60,31,29,181,71,110
5620,C4920,18,321,District-Kamrup,Total,90+,339,159,180,46,23,23,56,26,30,7,5,2,79,40,39,5,2,3,4,1,3,25,13,12,117,49,68
5621,C4920,18,321,District-Kamrup,Total,Age Not Stated,19,6,13,2,0,2,8,3,5,2,1,1,1,0,1,0,0,0,0,0,0,4,2,2,2,0,2
5622,C4920,18,321,District-Kamrup,Rural,Total,21751,11729,10022,3126,1523,1603,5055,2541,2514,1851,1020,831,3554,2180,1374,1087,637,450,782,459,323,3947,2158,1789,2349,1211,1138
5623,C4920,18,321,District-Kamrup,Rural,0-4,946,510,436,118,61,57,251,138,113,34,22,12,110,63,47,28,17,11,3,1,2,309,157,152,93,51,42
5624,C4920,18,321,District-Kamrup,Rural,5-9,1564,873,691,159,90,69,386,200,186,221,125,96,222,139,83,68,38,30,14,8,6,315,167,148,179,106,73
5625,C4920,18,321,District-Kamrup,Rural,10-19,3759,2113,1646,456,241,215,829,447,382,483,265,218,500,305,195,231,132,99,85,52,33,763,418,345,412,253,159
5626,C4920,18,321,District-Kamrup,Rural,20-29,3199,1752,1447,364,190,174,703,321,382,347,179,168,456,291,165,201,122,79,145,98,47,681,370,311,302,181,121
5627,C4920,18,321,District-Kamrup,Rural,30-39,2949,1654,1295,338,175,163,705,367,338,296,155,141,477,309,168,180,104,76,172,100,72,566,323,243,215,121,94
5628,C4920,18,321,District-Kamrup,Rural,40-49,2546,1503,1043,334,175,159,590,328,262,228,130,98,447,306,141,167,103,64,148,86,62,474,287,187,158,88,70
5629,C4920,18,321,District-Kamrup,Rural,50-59,1930,1076,854,359,167,192,470,258,212,124,71,53,330,226,104,111,66,45,79,42,37,315,165,150,142,81,61
5630,C4920,18,321,District-Kamrup,Rural,60-69,2190,1088,1102,479,210,269,551,240,311,77,49,28,433,255,178,60,36,24,78,48,30,257,138,119,255,112,143
5631,C4920,18,321,District-Kamrup,Rural,70-79,1643,721,922,334,141,193,378,160,218,25,14,11,347,184,163,23,12,11,37,14,23,184,91,93,315,105,210
5632,C4920,18,321,District-Kamrup,Rural,80-89,689,284,405,139,50,89,137,58,79,8,5,3,155,62,93,13,5,8,17,9,8,56,28,28,164,67,97
5633,C4920,18,321,District-Kamrup,Rural,90+,323,153,170,45,23,22,50,23,27,7,5,2,76,40,36,5,2,3,4,1,3,24,13,11,112,46,66
5634,C4920,18,321,District-Kamrup,Rural,Age Not Stated,13,2,11,1,0,1,5,1,4,1,0,1,1,0,1,0,0,0,0,0,0,3,1,2,2,0,2
5635,C4920,18,321,District-Kamrup,Urban,Total,2540,1324,1216,567,255,312,667,322,345,223,139,84,332,204,128,126,75,51,78,42,36,304,159,145,243,128,115
5636,C4920,18,321,District-Kamrup,Urban,0-4,71,34,37,14,6,8,26,14,12,2,2,0,3,2,1,4,1,3,1,0,1,14,4,10,7,5,2
5637,C4920,18,321,District-Kamrup,Urban,5-9,129,73,56,14,6,8,43,24,19,19,15,4,11,7,4,5,2,3,2,1,1,22,8,14,13,10,3
5638,C4920,18,321,District-Kamrup,Urban,10-19,351,164,187,43,17,26,109,46,63,57,35,22,32,13,19,18,9,9,4,2,2,48,23,25,40,19,21
5639,C4920,18,321,District-Kamrup,Urban,20-29,374,212,162,46,26,20,105,55,50,36,19,17,50,34,16,33,17,16,19,13,6,50,27,23,35,21,14
5640,C4920,18,321,District-Kamrup,Urban,30-39,313,174,139,48,23,25,95,53,42,32,17,15,38,23,15,26,17,9,10,6,4,43,20,23,21,15,6
5641,C4920,18,321,District-Kamrup,Urban,40-49,347,191,156,89,44,45,74,28,46,27,19,8,59,40,19,20,12,8,19,10,9,43,28,15,16,10,6
5642,C4920,18,321,District-Kamrup,Urban,50-59,310,180,130,93,39,54,62,38,24,23,14,9,46,34,12,13,12,1,13,7,6,38,23,15,22,13,9
5643,C4920,18,321,District-Kamrup,Urban,60-69,335,161,174,119,50,69,80,37,43,22,14,8,58,34,24,5,4,1,7,2,5,22,9,13,22,11,11
5644,C4920,18,321,District-Kamrup,Urban,70-79,224,101,123,77,32,45,48,20,28,4,3,1,28,14,14,2,1,1,2,1,1,18,13,5,45,17,28
5645,C4920,18,321,District-Kamrup,Urban,80-89,64,24,40,22,12,10,16,2,14,0,0,0,4,3,1,0,0,0,1,0,1,4,3,1,17,4,13
5646,C4920,18,321,District-Kamrup,Urban,90+,16,6,10,1,0,1,6,3,3,0,0,0,3,0,3,0,0,0,0,0,0,1,0,1,5,3,2
5647,C4920,18,321,District-Kamrup,Urban,Age Not Stated,6,4,2,1,0,1,3,2,1,1,1,0,0,0,0,0,0,0,0,0,0,1,1,0,0,0,0
5648,C4920,18,322,District-Kamrup Metropolitan,Total,Total,20256,10847,9409,2685,1451,1234,4485,2126,2359,1531,875,656,2022,1253,769,1066,622,444,567,338,229,6589,3482,3107,1311,700,611
5649,C4920,18,322,District-Kamrup Metropolitan,Total,0-4,931,461,470,131,62,69,236,101,135,20,10,10,34,19,15,33,19,14,7,6,1,425,222,203,45,22,23
5650,C4920,18,322,District-Kamrup Metropolitan,Total,5-9,1396,793,603,167,108,59,330,176,154,129,73,56,80,49,31,77,49,28,12,8,4,485,254,231,116,76,40
5651,C4920,18,322,District-Kamrup Metropolitan,Total,10-19,3557,1846,1711,409,214,195,812,407,405,336,183,153,257,141,116,260,150,110,76,44,32,1111,552,559,296,155,141
5652,C4920,18,322,District-Kamrup Metropolitan,Total,20-29,3672,1962,1710,427,229,198,785,377,408,347,190,157,271,155,116,216,121,95,101,62,39,1292,683,609,233,145,88
5653,C4920,18,322,District-Kamrup Metropolitan,Total,30-39,3259,1732,1527,400,219,181,725,312,413,247,154,93,283,189,94,178,106,72,133,83,50,1164,600,564,129,69,60
5654,C4920,18,322,District-Kamrup Metropolitan,Total,40-49,2754,1548,1206,370,211,159,607,270,337,202,113,89,306,214,92,158,107,51,111,67,44,892,506,386,108,60,48
5655,C4920,18,322,District-Kamrup Metropolitan,Total,50-59,1869,1057,812,314,169,145,341,173,168,126,75,51,274,198,76,71,32,39,59,33,26,591,328,263,93,49,44
5656,C4920,18,322,District-Kamrup Metropolitan,Total,60-69,1389,760,629,254,132,122,283,126,157,65,43,22,254,159,95,40,22,18,33,18,15,342,203,139,118,57,61
5657,C4920,18,322,District-Kamrup Metropolitan,Total,70-79,875,423,452,138,68,70,215,107,108,42,27,15,166,86,80,19,8,11,20,7,13,179,84,95,96,36,60
5658,C4920,18,322,District-Kamrup Metropolitan,Total,80-89,377,187,190,56,30,26,113,59,54,9,5,4,71,35,36,6,2,4,15,10,5,55,26,29,52,20,32
5659,C4920,18,322,District-Kamrup Metropolitan,Total,90+,111,47,64,11,5,6,24,10,14,4,1,3,22,6,16,1,1,0,0,0,0,29,16,13,20,8,12
5660,C4920,18,322,District-Kamrup Metropolitan,Total,Age Not Stated,66,31,35,8,4,4,14,8,6,4,1,3,4,2,2,7,5,2,0,0,0,24,8,16,5,3,2
5661,C4920,18,322,District-Kamrup Metropolitan,Rural,Total,3387,1778,1609,562,285,277,821,386,435,296,165,131,416,254,162,199,106,93,125,67,58,685,373,312,283,142,141
5662,C4920,18,322,District-Kamrup Metropolitan,Rural,0-4,149,65,84,30,11,19,33,10,23,7,4,3,8,6,2,7,5,2,0,0,0,53,24,29,11,5,6
5663,C4920,18,322,District-Kamrup Metropolitan,Rural,5-9,273,156,117,44,34,10,75,38,37,31,16,15,22,15,7,16,10,6,2,2,0,59,26,33,24,15,9
5664,C4920,18,322,District-Kamrup Metropolitan,Rural,10-19,651,330,321,96,45,51,177,94,83,64,38,26,51,25,26,50,25,25,15,7,8,137,63,74,61,33,28
5665,C4920,18,322,District-Kamrup Metropolitan,Rural,20-29,558,311,247,71,43,28,128,63,65,66,31,35,61,35,26,37,19,18,29,19,10,122,75,47,44,26,18
5666,C4920,18,322,District-Kamrup Metropolitan,Rural,30-39,447,248,199,54,31,23,112,52,60,47,28,19,46,26,20,33,18,15,35,20,15,94,59,35,26,14,12
5667,C4920,18,322,District-Kamrup Metropolitan,Rural,40-49,415,223,192,61,32,29,102,40,62,35,19,16,61,46,15,33,18,15,21,11,10,78,46,32,24,11,13
5668,C4920,18,322,District-Kamrup Metropolitan,Rural,50-59,284,151,133,55,25,30,69,34,35,19,12,7,42,31,11,14,7,7,12,3,9,54,30,24,19,9,10
5669,C4920,18,322,District-Kamrup Metropolitan,Rural,60-69,262,135,127,69,27,42,48,20,28,10,7,3,56,34,22,4,3,1,7,4,3,41,24,17,27,16,11
5670,C4920,18,322,District-Kamrup Metropolitan,Rural,70-79,216,98,118,53,22,31,49,23,26,13,7,6,42,24,18,3,1,2,3,0,3,30,15,15,23,6,17
5671,C4920,18,322,District-Kamrup Metropolitan,Rural,80-89,98,46,52,20,11,9,24,10,14,3,2,1,17,8,9,2,0,2,1,1,0,11,7,4,20,7,13
5672,C4920,18,322,District-Kamrup Metropolitan,Rural,90+,32,14,18,8,4,4,4,2,2,1,1,0,10,4,6,0,0,0,0,0,0,5,3,2,4,0,4
5673,C4920,18,322,District-Kamrup Metropolitan,Rural,Age Not Stated,2,1,1,1,0,1,0,0,0,0,0,0,0,0,0,0,0,0,0,0,0,1,1,0,0,0,0
5674,C4920,18,322,District-Kamrup Metropolitan,Urban,Total,16869,9069,7800,2123,1166,957,3664,1740,1924,1235,710,525,1606,999,607,867,516,351,442,271,171,5904,3109,2795,1028,558,470
5675,C4920,18,322,District-Kamrup Metropolitan,Urban,0-4,782,396,386,101,51,50,203,91,112,13,6,7,26,13,13,26,14,12,7,6,1,372,198,174,34,17,17
5676,C4920,18,322,District-Kamrup Metropolitan,Urban,5-9,1123,637,486,123,74,49,255,138,117,98,57,41,58,34,24,61,39,22,10,6,4,426,228,198,92,61,31
5677,C4920,18,322,District-Kamrup Metropolitan,Urban,10-19,2906,1516,1390,313,169,144,635,313,322,272,145,127,206,116,90,210,125,85,61,37,24,974,489,485,235,122,113
5678,C4920,18,322,District-Kamrup Metropolitan,Urban,20-29,3114,1651,1463,356,186,170,657,314,343,281,159,122,210,120,90,179,102,77,72,43,29,1170,608,562,189,119,70
5679,C4920,18,322,District-Kamrup Metropolitan,Urban,30-39,2812,1484,1328,346,188,158,613,260,353,200,126,74,237,163,74,145,88,57,98,63,35,1070,541,529,103,55,48
5680,C4920,18,322,District-Kamrup Metropolitan,Urban,40-49,2339,1325,1014,309,179,130,505,230,275,167,94,73,245,168,77,125,89,36,90,56,34,814,460,354,84,49,35
5681,C4920,18,322,District-Kamrup Metropolitan,Urban,50-59,1585,906,679,259,144,115,272,139,133,107,63,44,232,167,65,57,25,32,47,30,17,537,298,239,74,40,34
5682,C4920,18,322,District-Kamrup Metropolitan,Urban,60-69,1127,625,502,185,105,80,235,106,129,55,36,19,198,125,73,36,19,17,26,14,12,301,179,122,91,41,50
5683,C4920,18,322,District-Kamrup Metropolitan,Urban,70-79,659,325,334,85,46,39,166,84,82,29,20,9,124,62,62,16,7,9,17,7,10,149,69,80,73,30,43
5684,C4920,18,322,District-Kamrup Metropolitan,Urban,80-89,279,141,138,36,19,17,89,49,40,6,3,3,54,27,27,4,2,2,14,9,5,44,19,25,32,13,19
5685,C4920,18,322,District-Kamrup Metropolitan,Urban,90+,79,33,46,3,1,2,20,8,12,3,0,3,12,2,10,1,1,0,0,0,0,24,13,11,16,8,8
5686,C4920,18,322,District-Kamrup Metropolitan,Urban,Age Not Stated,64,30,34,7,4,3,14,8,6,4,1,3,4,2,2,7,5,2,0,0,0,23,7,16,5,3,2
5687,C4920,18,323,District-Nalbari,Total,Total,11775,6576,5199,1989,1058,931,2107,1128,979,1233,695,538,2125,1306,819,589,337,252,503,305,198,1869,1026,843,1360,721,639
5688,C4920,18,323,District-Nalbari,Total,0-4,460,241,219,74,39,35,97,51,46,17,10,7,54,34,20,18,11,7,5,4,1,152,68,84,43,24,19
5689,C4920,18,323,District-Nalbari,Total,5-9,807,437,370,128,63,65,133,67,66,138,77,61,114,74,40,36,20,16,6,5,1,137,69,68,115,62,53
5690,C4920,18,323,District-Nalbari,Total,10-19,1958,1118,840,302,171,131,341,194,147,316,173,143,280,169,111,89,48,41,48,31,17,331,196,135,251,136,115
5691,C4920,18,323,District-Nalbari,Total,20-29,1735,985,750,267,125,142,269,150,119,237,133,104,313,199,114,115,63,52,71,42,29,295,170,125,168,103,65
5692,C4920,18,323,District-Nalbari,Total,30-39,1653,943,710,258,138,120,248,138,110,181,87,94,315,203,112,108,66,42,122,81,41,262,141,121,159,89,70
5693,C4920,18,323,District-Nalbari,Total,40-49,1496,920,576,219,132,87,261,153,108,151,88,63,280,186,94,98,64,34,93,61,32,262,150,112,132,86,46
5694,C4920,18,323,District-Nalbari,Total,50-59,1134,645,489,212,119,93,207,104,103,97,58,39,252,163,89,53,29,24,62,37,25,163,94,69,88,41,47
5695,C4920,18,323,District-Nalbari,Total,60-69,1201,609,592,263,130,133,279,136,143,62,45,17,234,132,102,43,15,28,46,22,24,133,68,65,141,61,80
5696,C4920,18,323,District-Nalbari,Total,70-79,874,445,429,189,97,92,188,92,96,25,17,8,186,102,84,20,16,4,36,18,18,90,45,45,140,58,82
5697,C4920,18,323,District-Nalbari,Total,80-89,325,166,159,64,36,28,64,32,32,5,4,1,70,33,37,6,3,3,10,2,8,24,15,9,82,41,41
5698,C4920,18,323,District-Nalbari,Total,90+,115,56,59,13,8,5,17,9,8,2,2,0,26,11,15,2,1,1,4,2,2,13,5,8,38,18,20
5699,C4920,18,323,District-Nalbari,Total,Age Not Stated,17,11,6,0,0,0,3,2,1,2,1,1,1,0,1,1,1,0,0,0,0,7,5,2,3,2,1
5700,C4920,18,323,District-Nalbari,Rural,Total,10614,5920,4694,1771,933,838,1962,1049,913,1093,614,479,1923,1188,735,533,303,230,432,251,181,1695,941,754,1205,641,564
5701,C4920,18,323,District-Nalbari,Rural,0-4,430,223,207,71,36,35,97,51,46,15,8,7,51,33,18,15,8,7,4,3,1,139,64,75,38,20,18
5702,C4920,18,323,District-Nalbari,Rural,5-9,747,404,343,121,59,62,129,64,65,125,72,53,105,68,37,32,18,14,5,4,1,127,65,62,103,54,49
5703,C4920,18,323,District-Nalbari,Rural,10-19,1800,1021,779,280,155,125,322,185,137,286,155,131,251,153,98,85,47,38,43,26,17,306,180,126,227,120,107
5704,C4920,18,323,District-Nalbari,Rural,20-29,1557,888,669,240,107,133,253,141,112,216,122,94,276,178,98,98,54,44,57,32,25,269,161,108,148,93,55
5705,C4920,18,323,District-Nalbari,Rural,30-39,1481,843,638,226,121,105,229,127,102,155,78,77,287,184,103,99,60,39,104,64,40,240,128,112,141,81,60
5706,C4920,18,323,District-Nalbari,Rural,40-49,1328,813,515,188,117,71,242,139,103,126,72,54,260,169,91,90,58,32,82,51,31,224,130,94,116,77,39
5707,C4920,18,323,District-Nalbari,Rural,50-59,1025,579,446,194,107,87,188,96,92,84,47,37,232,150,82,49,25,24,54,31,23,149,88,61,75,35,40
5708,C4920,18,323,District-Nalbari,Rural,60-69,1074,552,522,226,115,111,259,128,131,54,37,17,210,122,88,39,14,25,41,19,22,123,64,59,122,53,69
5709,C4920,18,323,District-Nalbari,Rural,70-79,778,397,381,161,80,81,168,81,87,23,16,7,170,94,76,18,15,3,32,18,14,81,40,41,125,53,72
5710,C4920,18,323,District-Nalbari,Rural,80-89,277,140,137,53,30,23,57,28,29,5,4,1,60,27,33,5,2,3,6,1,5,20,12,8,71,36,35
5711,C4920,18,323,District-Nalbari,Rural,90+,102,50,52,11,6,5,16,8,8,2,2,0,21,10,11,2,1,1,4,2,2,10,4,6,36,17,19
5712,C4920,18,323,District-Nalbari,Rural,Age Not Stated,15,10,5,0,0,0,2,1,1,2,1,1,0,0,0,1,1,0,0,0,0,7,5,2,3,2,1
5713,C4920,18,323,District-Nalbari,Urban,Total,1161,656,505,218,125,93,145,79,66,140,81,59,202,118,84,56,34,22,71,54,17,174,85,89,155,80,75
5714,C4920,18,323,District-Nalbari,Urban,0-4,30,18,12,3,3,0,0,0,0,2,2,0,3,1,2,3,3,0,1,1,0,13,4,9,5,4,1
5715,C4920,18,323,District-Nalbari,Urban,5-9,60,33,27,7,4,3,4,3,1,13,5,8,9,6,3,4,2,2,1,1,0,10,4,6,12,8,4
5716,C4920,18,323,District-Nalbari,Urban,10-19,158,97,61,22,16,6,19,9,10,30,18,12,29,16,13,4,1,3,5,5,0,25,16,9,24,16,8
5717,C4920,18,323,District-Nalbari,Urban,20-29,178,97,81,27,18,9,16,9,7,21,11,10,37,21,16,17,9,8,14,10,4,26,9,17,20,10,10
5718,C4920,18,323,District-Nalbari,Urban,30-39,172,100,72,32,17,15,19,11,8,26,9,17,28,19,9,9,6,3,18,17,1,22,13,9,18,8,10
5719,C4920,18,323,District-Nalbari,Urban,40-49,168,107,61,31,15,16,19,14,5,25,16,9,20,17,3,8,6,2,11,10,1,38,20,18,16,9,7
5720,C4920,18,323,District-Nalbari,Urban,50-59,109,66,43,18,12,6,19,8,11,13,11,2,20,13,7,4,4,0,8,6,2,14,6,8,13,6,7
5721,C4920,18,323,District-Nalbari,Urban,60-69,127,57,70,37,15,22,20,8,12,8,8,0,24,10,14,4,1,3,5,3,2,10,4,6,19,8,11
5722,C4920,18,323,District-Nalbari,Urban,70-79,96,48,48,28,17,11,20,11,9,2,1,1,16,8,8,2,1,1,4,0,4,9,5,4,15,5,10
5723,C4920,18,323,District-Nalbari,Urban,80-89,48,26,22,11,6,5,7,4,3,0,0,0,10,6,4,1,1,0,4,1,3,4,3,1,11,5,6
5724,C4920,18,323,District-Nalbari,Urban,90+,13,6,7,2,2,0,1,1,0,0,0,0,5,1,4,0,0,0,0,0,0,3,1,2,2,1,1
5725,C4920,18,323,District-Nalbari,Urban,Age Not Stated,2,1,1,0,0,0,1,1,0,0,0,0,1,0,1,0,0,0,0,0,0,0,0,0,0,0,0
5726,C4920,18,324,District-Baksa,Total,Total,14892,8103,6789,2297,1202,1095,3671,1881,1790,1356,727,629,2089,1300,789,825,436,389,579,332,247,2586,1418,1168,1489,807,682
5727,C4920,18,324,District-Baksa,Total,0-4,576,290,286,81,42,39,136,61,75,13,7,6,47,30,17,39,17,22,2,2,0,205,100,105,53,31,22
5728,C4920,18,324,District-Baksa,Total,5-9,1005,546,459,135,76,59,247,130,117,151,91,60,105,59,46,46,27,19,9,6,3,202,94,108,110,63,47
5729,C4920,18,324,District-Baksa,Total,10-19,2391,1288,1103,325,167,158,521,261,260,323,174,149,292,181,111,149,73,76,75,45,30,437,230,207,269,157,112
5730,C4920,18,324,District-Baksa,Total,20-29,2369,1245,1124,299,158,141,543,258,285,299,141,158,265,181,84,165,85,80,114,69,45,428,230,198,256,123,133
5731,C4920,18,324,District-Baksa,Total,30-39,2170,1241,929,272,154,118,525,288,237,248,133,115,280,184,96,134,77,57,147,85,62,362,207,155,202,113,89
5732,C4920,18,324,District-Baksa,Total,40-49,1962,1151,811,243,128,115,474,264,210,152,86,66,329,213,116,141,85,56,108,61,47,362,220,142,153,94,59
5733,C4920,18,324,District-Baksa,Total,50-59,1401,828,573,238,122,116,375,199,176,91,53,38,266,186,80,59,29,30,56,31,25,215,142,73,101,66,35
5734,C4920,18,324,District-Baksa,Total,60-69,1398,697,701,295,138,157,396,201,195,42,25,17,265,143,122,51,24,27,36,17,19,192,90,102,121,59,62
5735,C4920,18,324,District-Baksa,Total,70-79,1033,521,512,269,143,126,309,141,168,29,13,16,148,81,67,22,11,11,17,9,8,120,68,52,119,55,64
5736,C4920,18,324,District-Baksa,Total,80-89,429,223,206,103,54,49,114,64,50,4,3,1,65,30,35,9,4,5,13,5,8,46,27,19,75,36,39
5737,C4920,18,324,District-Baksa,Total,90+,145,66,79,36,20,16,28,13,15,3,1,2,24,9,15,9,3,6,2,2,0,15,9,6,28,9,19
5738,C4920,18,324,District-Baksa,Total,Age Not Stated,13,7,6,1,0,1,3,1,2,1,0,1,3,3,0,1,1,0,0,0,0,2,1,1,2,1,1
5739,C4920,18,324,District-Baksa,Rural,Total,14756,8026,6730,2268,1187,1081,3631,1857,1774,1349,723,626,2077,1294,783,816,429,387,571,331,240,2571,1409,1162,1473,796,677
5740,C4920,18,324,District-Baksa,Rural,0-4,570,286,284,80,42,38,133,59,74,13,7,6,47,30,17,39,17,22,2,2,0,204,99,105,52,30,22
5741,C4920,18,324,District-Baksa,Rural,5-9,990,534,456,130,72,58,245,128,117,149,90,59,103,57,46,46,27,19,9,6,3,201,94,107,107,60,47
5742,C4920,18,324,District-Baksa,Rural,10-19,2372,1279,1093,324,167,157,511,256,255,323,174,149,292,181,111,146,70,76,75,45,30,435,230,205,266,156,110
5743,C4920,18,324,District-Baksa,Rural,20-29,2349,1231,1118,295,154,141,534,251,283,298,141,157,263,181,82,165,85,80,114,69,45,425,228,197,255,122,133
5744,C4920,18,324,District-Baksa,Rural,30-39,2152,1232,920,269,152,117,521,285,236,247,133,114,279,184,95,131,75,56,144,85,59,359,205,154,202,113,89
5745,C4920,18,324,District-Baksa,Rural,40-49,1938,1135,803,239,127,112,468,259,209,151,85,66,325,209,116,138,83,55,106,61,45,360,219,141,151,92,59
5746,C4920,18,324,District-Baksa,Rural,50-59,1389,823,566,236,120,116,372,199,173,90,52,38,263,186,77,59,29,30,55,31,24,214,141,73,100,65,35
5747,C4920,18,324,District-Baksa,Rural,60-69,1385,693,692,292,138,154,394,201,193,41,24,17,265,143,122,51,24,27,35,17,18,190,88,102,117,58,59
5748,C4920,18,324,District-Baksa,Rural,70-79,1027,518,509,265,141,124,308,141,167,29,13,16,148,81,67,22,11,11,16,8,8,120,68,52,119,55,64
5749,C4920,18,324,District-Baksa,Rural,80-89,426,222,204,101,54,47,114,64,50,4,3,1,65,30,35,9,4,5,13,5,8,46,27,19,74,35,39
5750,C4920,18,324,District-Baksa,Rural,90+,145,66,79,36,20,16,28,13,15,3,1,2,24,9,15,9,3,6,2,2,0,15,9,6,28,9,19
5751,C4920,18,324,District-Baksa,Rural,Age Not Stated,13,7,6,1,0,1,3,1,2,1,0,1,3,3,0,1,1,0,0,0,0,2,1,1,2,1,1
5752,C4920,18,324,District-Baksa,Urban,Total,136,77,59,29,15,14,40,24,16,7,4,3,12,6,6,9,7,2,8,1,7,15,9,6,16,11,5
5753,C4920,18,324,District-Baksa,Urban,0-4,6,4,2,1,0,1,3,2,1,0,0,0,0,0,0,0,0,0,0,0,0,1,1,0,1,1,0
5754,C4920,18,324,District-Baksa,Urban,5-9,15,12,3,5,4,1,2,2,0,2,1,1,2,2,0,0,0,0,0,0,0,1,0,1,3,3,0
5755,C4920,18,324,District-Baksa,Urban,10-19,19,9,10,1,0,1,10,5,5,0,0,0,0,0,0,3,3,0,0,0,0,2,0,2,3,1,2
5756,C4920,18,324,District-Baksa,Urban,20-29,20,14,6,4,4,0,9,7,2,1,0,1,2,0,2,0,0,0,0,0,0,3,2,1,1,1,0
5757,C4920,18,324,District-Baksa,Urban,30-39,18,9,9,3,2,1,4,3,1,1,0,1,1,0,1,3,2,1,3,0,3,3,2,1,0,0,0
5758,C4920,18,324,District-Baksa,Urban,40-49,24,16,8,4,1,3,6,5,1,1,1,0,4,4,0,3,2,1,2,0,2,2,1,1,2,2,0
5759,C4920,18,324,District-Baksa,Urban,50-59,12,5,7,2,2,0,3,0,3,1,1,0,3,0,3,0,0,0,1,0,1,1,1,0,1,1,0
5760,C4920,18,324,District-Baksa,Urban,60-69,13,4,9,3,0,3,2,0,2,1,1,0,0,0,0,0,0,0,1,0,1,2,2,0,4,1,3
5761,C4920,18,324,District-Baksa,Urban,70-79,6,3,3,4,2,2,1,0,1,0,0,0,0,0,0,0,0,0,1,1,0,0,0,0,0,0,0
5762,C4920,18,324,District-Baksa,Urban,80-89,3,1,2,2,0,2,0,0,0,0,0,0,0,0,0,0,0,0,0,0,0,0,0,0,1,1,0
5763,C4920,18,324,District-Baksa,Urban,90+,0,0,0,0,0,0,0,0,0,0,0,0,0,0,0,0,0,0,0,0,0,0,0,0,0,0,0
5764,C4920,18,324,District-Baksa,Urban,Age Not Stated,0,0,0,0,0,0,0,0,0,0,0,0,0,0,0,0,0,0,0,0,0,0,0,0,0,0,0
5765,C4920,18,325,District-Darrang,Total,Total,16506,8879,7627,2517,1249,1268,3227,1654,1573,1717,979,738,2779,1670,1109,842,447,395,746,419,327,2484,1332,1152,2194,1129,1065
5766,C4920,18,325,District-Darrang,Total,0-4,694,368,326,106,51,55,117,67,50,18,14,4,113,71,42,20,10,10,7,1,6,249,114,135,64,40,24
5767,C4920,18,325,District-Darrang,Total,5-9,1298,730,568,173,91,82,324,168,156,177,109,68,148,105,43,52,32,20,26,15,11,265,138,127,133,72,61
5768,C4920,18,325,District-Darrang,Total,10-19,2594,1478,1116,367,201,166,497,283,214,401,239,162,391,219,172,142,87,55,88,58,30,417,245,172,291,146,145
5769,C4920,18,325,District-Darrang,Total,20-29,2180,1194,986,273,143,130,342,164,178,315,157,158,353,229,124,151,79,72,100,54,46,353,196,157,293,172,121
5770,C4920,18,325,District-Darrang,Total,30-39,2262,1232,1030,279,130,149,431,210,221,319,173,146,304,206,98,161,93,68,141,82,59,364,196,168,263,142,121
5771,C4920,18,325,District-Darrang,Total,40-49,2117,1172,945,336,169,167,394,209,185,236,135,101,344,216,128,170,80,90,134,75,59,285,165,120,218,123,95
5772,C4920,18,325,District-Darrang,Total,50-59,1699,910,789,300,148,152,372,190,182,113,63,50,324,207,117,70,33,37,111,63,48,206,113,93,203,93,110
5773,C4920,18,325,District-Darrang,Total,60-69,1620,803,817,303,136,167,349,166,183,87,61,26,345,181,164,45,23,22,71,36,35,182,88,94,238,112,126
5774,C4920,18,325,District-Darrang,Total,70-79,1272,619,653,268,134,134,260,129,131,41,21,20,271,149,122,20,6,14,39,17,22,109,45,64,264,118,146
5775,C4920,18,325,District-Darrang,Total,80-89,524,248,276,86,35,51,92,43,49,6,4,2,129,62,67,7,2,5,16,9,7,40,23,17,148,70,78
5776,C4920,18,325,District-Darrang,Total,90+,239,122,117,26,11,15,49,25,24,3,2,1,57,25,32,4,2,2,13,9,4,11,7,4,76,41,35
5777,C4920,18,325,District-Darrang,Total,Age Not Stated,7,3,4,0,0,0,0,0,0,1,1,0,0,0,0,0,0,0,0,0,0,3,2,1,3,0,3
5778,C4920,18,325,District-Darrang,Rural,Total,15815,8499,7316,2420,1199,1221,3143,1620,1523,1650,938,712,2632,1583,1049,798,424,374,712,397,315,2352,1255,1097,2108,1083,1025
5779,C4920,18,325,District-Darrang,Rural,0-4,678,360,318,100,47,53,113,64,49,17,14,3,111,70,41,20,10,10,7,1,6,248,114,134,62,40,22
5780,C4920,18,325,District-Darrang,Rural,5-9,1260,710,550,169,90,79,319,165,154,171,105,66,144,102,42,48,29,19,26,15,11,253,133,120,130,71,59
5781,C4920,18,325,District-Darrang,Rural,10-19,2507,1427,1080,347,188,159,494,281,213,389,231,158,377,213,164,136,84,52,84,55,29,400,235,165,280,140,140
5782,C4920,18,325,District-Darrang,Rural,20-29,2076,1135,941,265,141,124,334,160,174,301,148,153,343,221,122,141,74,67,90,49,41,323,179,144,279,163,116
5783,C4920,18,325,District-Darrang,Rural,30-39,2165,1182,983,264,119,145,417,207,210,307,167,140,287,196,91,150,86,64,137,79,58,348,187,161,255,141,114
5784,C4920,18,325,District-Darrang,Rural,40-49,2000,1104,896,322,163,159,378,203,175,225,128,97,317,199,118,162,77,85,127,70,57,261,149,112,208,115,93
5785,C4920,18,325,District-Darrang,Rural,50-59,1635,870,765,292,143,149,361,184,177,109,61,48,309,196,113,67,31,36,105,59,46,195,105,90,197,91,106
5786,C4920,18,325,District-Darrang,Rural,60-69,1550,769,781,291,132,159,340,165,175,82,57,25,322,167,155,44,23,21,69,35,34,172,83,89,230,107,123
5787,C4920,18,325,District-Darrang,Rural,70-79,1209,587,622,260,130,130,254,127,127,40,21,19,244,137,107,20,6,14,38,16,22,102,41,61,251,109,142
5788,C4920,18,325,District-Darrang,Rural,80-89,497,235,262,84,35,49,86,40,46,6,4,2,123,58,65,6,2,4,16,9,7,37,20,17,139,67,72
5789,C4920,18,325,District-Darrang,Rural,90+,231,117,114,26,11,15,47,24,23,2,1,1,55,24,31,4,2,2,13,9,4,10,7,3,74,39,35
5790,C4920,18,325,District-Darrang,Rural,Age Not Stated,7,3,4,0,0,0,0,0,0,1,1,0,0,0,0,0,0,0,0,0,0,3,2,1,3,0,3
5791,C4920,18,325,District-Darrang,Urban,Total,691,380,311,97,50,47,84,34,50,67,41,26,147,87,60,44,23,21,34,22,12,132,77,55,86,46,40
5792,C4920,18,325,District-Darrang,Urban,0-4,16,8,8,6,4,2,4,3,1,1,0,1,2,1,1,0,0,0,0,0,0,1,0,1,2,0,2
5793,C4920,18,325,District-Darrang,Urban,5-9,38,20,18,4,1,3,5,3,2,6,4,2,4,3,1,4,3,1,0,0,0,12,5,7,3,1,2
5794,C4920,18,325,District-Darrang,Urban,10-19,87,51,36,20,13,7,3,2,1,12,8,4,14,6,8,6,3,3,4,3,1,17,10,7,11,6,5
5795,C4920,18,325,District-Darrang,Urban,20-29,104,59,45,8,2,6,8,4,4,14,9,5,10,8,2,10,5,5,10,5,5,30,17,13,14,9,5
5796,C4920,18,325,District-Darrang,Urban,30-39,97,50,47,15,11,4,14,3,11,12,6,6,17,10,7,11,7,4,4,3,1,16,9,7,8,1,7
5797,C4920,18,325,District-Darrang,Urban,40-49,117,68,49,14,6,8,16,6,10,11,7,4,27,17,10,8,3,5,7,5,2,24,16,8,10,8,2
5798,C4920,18,325,District-Darrang,Urban,50-59,64,40,24,8,5,3,11,6,5,4,2,2,15,11,4,3,2,1,6,4,2,11,8,3,6,2,4
5799,C4920,18,325,District-Darrang,Urban,60-69,70,34,36,12,4,8,9,1,8,5,4,1,23,14,9,1,0,1,2,1,1,10,5,5,8,5,3
5800,C4920,18,325,District-Darrang,Urban,70-79,63,32,31,8,4,4,6,2,4,1,0,1,27,12,15,0,0,0,1,1,0,7,4,3,13,9,4
5801,C4920,18,325,District-Darrang,Urban,80-89,27,13,14,2,0,2,6,3,3,0,0,0,6,4,2,1,0,1,0,0,0,3,3,0,9,3,6
5802,C4920,18,325,District-Darrang,Urban,90+,8,5,3,0,0,0,2,1,1,1,1,0,2,1,1,0,0,0,0,0,0,1,0,1,2,2,0
5803,C4920,18,325,District-Darrang,Urban,Age Not Stated,0,0,0,0,0,0,0,0,0,0,0,0,0,0,0,0,0,0,0,0,0,0,0,0,0,0,0
5804,C4920,18,326,District-Udalguri,Total,Total,15469,8256,7213,2220,1134,1086,3117,1668,1449,1768,944,824,2307,1367,940,825,471,354,567,333,234,2977,1481,1496,1688,858,830
5805,C4920,18,326,District-Udalguri,Total,0-4,613,321,292,109,56,53,100,47,53,15,8,7,82,53,29,29,16,13,8,4,4,230,115,115,40,22,18
5806,C4920,18,326,District-Udalguri,Total,5-9,921,477,444,143,81,62,165,82,83,139,72,67,96,57,39,48,27,21,14,10,4,243,111,132,73,37,36
5807,C4920,18,326,District-Udalguri,Total,10-19,2238,1233,1005,265,128,137,392,224,168,329,180,149,283,175,108,131,89,42,67,41,26,550,275,275,221,121,100
5808,C4920,18,326,District-Udalguri,Total,20-29,2605,1348,1257,280,144,136,402,198,204,462,221,241,338,211,127,175,99,76,99,57,42,536,263,273,313,155,158
5809,C4920,18,326,District-Udalguri,Total,30-39,2260,1232,1028,256,126,130,392,221,171,353,197,156,295,180,115,175,94,81,112,69,43,428,218,210,249,127,122
5810,C4920,18,326,District-Udalguri,Total,40-49,2078,1165,913,281,154,127,458,253,205,238,131,107,288,182,106,135,73,62,119,72,47,356,187,169,203,113,90
5811,C4920,18,326,District-Udalguri,Total,50-59,1622,927,695,285,157,128,378,222,156,131,80,51,308,183,125,72,45,27,63,38,25,250,130,120,135,72,63
5812,C4920,18,326,District-Udalguri,Total,60-69,1497,742,755,291,145,146,412,198,214,65,34,31,284,164,120,37,18,19,45,20,25,190,84,106,173,79,94
5813,C4920,18,326,District-Udalguri,Total,70-79,1069,538,531,221,108,113,285,157,128,24,13,11,222,115,107,15,5,10,26,11,15,125,59,66,151,70,81
5814,C4920,18,326,District-Udalguri,Total,80-89,369,174,195,55,22,33,91,46,45,4,2,2,76,32,44,5,2,3,12,9,3,38,20,18,88,41,47
5815,C4920,18,326,District-Udalguri,Total,90+,168,85,83,27,12,15,38,18,20,7,6,1,31,12,19,2,2,0,1,1,0,21,13,8,41,21,20
5816,C4920,18,326,District-Udalguri,Total,Age Not Stated,29,14,15,7,1,6,4,2,2,1,0,1,4,3,1,1,1,0,1,1,0,10,6,4,1,0,1
5817,C4920,18,326,District-Udalguri,Rural,Total,14940,7969,6971,2138,1103,1035,2970,1585,1385,1712,917,795,2249,1324,925,801,455,346,534,316,218,2889,1431,1458,1647,838,809
5818,C4920,18,326,District-Udalguri,Rural,0-4,605,318,287,107,56,51,98,47,51,15,8,7,82,53,29,29,16,13,8,4,4,226,112,114,40,22,18
5819,C4920,18,326,District-Udalguri,Rural,5-9,902,468,434,140,80,60,159,78,81,135,70,65,95,56,39,47,27,20,14,10,4,240,110,130,72,37,35
5820,C4920,18,326,District-Udalguri,Rural,10-19,2169,1192,977,254,122,132,372,210,162,319,177,142,279,172,107,127,85,42,64,39,25,539,270,269,215,117,98
5821,C4920,18,326,District-Udalguri,Rural,20-29,2512,1295,1217,270,140,130,389,190,199,442,210,232,328,203,125,168,93,75,91,51,40,517,254,263,307,154,153
5822,C4920,18,326,District-Udalguri,Rural,30-39,2173,1185,988,249,124,125,365,206,159,344,195,149,287,174,113,168,90,78,108,68,40,410,205,205,242,123,119
5823,C4920,18,326,District-Udalguri,Rural,40-49,2010,1125,885,275,151,124,434,240,194,232,126,106,280,175,105,134,73,61,111,67,44,344,182,162,200,111,89
5824,C4920,18,326,District-Udalguri,Rural,50-59,1571,894,677,273,152,121,367,215,152,130,79,51,297,174,123,70,44,26,61,37,24,243,124,119,130,69,61
5825,C4920,18,326,District-Udalguri,Rural,60-69,1436,715,721,276,140,136,395,189,206,60,32,28,276,160,116,35,17,18,39,18,21,185,81,104,170,78,92
5826,C4920,18,326,District-Udalguri,Rural,70-79,1025,518,507,210,104,106,270,150,120,23,12,11,216,112,104,15,5,10,25,11,14,119,56,63,147,68,79
5827,C4920,18,326,District-Udalguri,Rural,80-89,347,161,186,53,22,31,81,40,41,4,2,2,74,30,44,5,2,3,11,9,2,36,18,18,83,38,45
5828,C4920,18,326,District-Udalguri,Rural,90+,161,84,77,24,11,13,36,18,18,7,6,1,31,12,19,2,2,0,1,1,0,20,13,7,40,21,19
5829,C4920,18,326,District-Udalguri,Rural,Age Not Stated,29,14,15,7,1,6,4,2,2,1,0,1,4,3,1,1,1,0,1,1,0,10,6,4,1,0,1
5830,C4920,18,326,District-Udalguri,Urban,Total,529,287,242,82,31,51,147,83,64,56,27,29,58,43,15,24,16,8,33,17,16,88,50,38,41,20,21
5831,C4920,18,326,District-Udalguri,Urban,0-4,8,3,5,2,0,2,2,0,2,0,0,0,0,0,0,0,0,0,0,0,0,4,3,1,0,0,0
5832,C4920,18,326,District-Udalguri,Urban,5-9,19,9,10,3,1,2,6,4,2,4,2,2,1,1,0,1,0,1,0,0,0,3,1,2,1,0,1
5833,C4920,18,326,District-Udalguri,Urban,10-19,69,41,28,11,6,5,20,14,6,10,3,7,4,3,1,4,4,0,3,2,1,11,5,6,6,4,2
5834,C4920,18,326,District-Udalguri,Urban,20-29,93,53,40,10,4,6,13,8,5,20,11,9,10,8,2,7,6,1,8,6,2,19,9,10,6,1,5
5835,C4920,18,326,District-Udalguri,Urban,30-39,87,47,40,7,2,5,27,15,12,9,2,7,8,6,2,7,4,3,4,1,3,18,13,5,7,4,3
5836,C4920,18,326,District-Udalguri,Urban,40-49,68,40,28,6,3,3,24,13,11,6,5,1,8,7,1,1,0,1,8,5,3,12,5,7,3,2,1
5837,C4920,18,326,District-Udalguri,Urban,50-59,51,33,18,12,5,7,11,7,4,1,1,0,11,9,2,2,1,1,2,1,1,7,6,1,5,3,2
5838,C4920,18,326,District-Udalguri,Urban,60-69,61,27,34,15,5,10,17,9,8,5,2,3,8,4,4,2,1,1,6,2,4,5,3,2,3,1,2
5839,C4920,18,326,District-Udalguri,Urban,70-79,44,20,24,11,4,7,15,7,8,1,1,0,6,3,3,0,0,0,1,0,1,6,3,3,4,2,2
5840,C4920,18,326,District-Udalguri,Urban,80-89,22,13,9,2,0,2,10,6,4,0,0,0,2,2,0,0,0,0,1,0,1,2,2,0,5,3,2
5841,C4920,18,326,District-Udalguri,Urban,90+,7,1,6,3,1,2,2,0,2,0,0,0,0,0,0,0,0,0,0,0,0,1,0,1,1,0,1
5842,C4920,18,326,District-Udalguri,Urban,Age Not Stated,0,0,0,0,0,0,0,0,0,0,0,0,0,0,0,0,0,0,0,0,0,0,0,0,0,0,0
5843,C4920,22,0,State-CHHATTISGARH,Total,0-4,21189,11352,9837,4478,2262,2216,2828,1446,1382,602,325,277,4178,2429,1749,825,451,374,193,101,92,5535,2934,2601,2550,1404,1146
5844,C4920,22,0,State-CHHATTISGARH,Total,5-9,37296,20843,16453,6334,3366,2968,4698,2526,2172,3758,2112,1646,7004,4199,2805,3153,1783,1370,740,431,309,5736,3129,2607,5873,3297,2576
5845,C4920,22,0,State-CHHATTISGARH,Total,10-19,93826,51557,42269,14572,7934,6638,11526,6326,5200,7281,3907,3374,21919,12620,9299,9569,5088,4481,3115,1672,1443,13599,7224,6375,12245,6786,5459
5846,C4920,22,0,State-CHHATTISGARH,Total,20-29,90095,51263,38832,10800,6068,4732,10242,5752,4490,5143,2805,2338,32340,19426,12914,6735,3500,3235,4176,2221,1955,12636,7141,5495,8023,4350,3673
5847,C4920,22,0,State-CHHATTISGARH,Total,30-39,75696,44160,31536,9678,5626,4052,10092,5596,4496,3813,2119,1694,25491,16077,9414,5359,2796,2563,4724,2579,2145,11161,6370,4791,5378,2997,2381
5848,C4920,22,0,State-CHHATTISGARH,Total,40-49,69453,40620,28833,10937,6205,4732,10451,5826,4625,3096,1741,1355,22623,14260,8363,3955,2156,1799,3959,2092,1867,9834,5690,4144,4598,2650,1948
5849,C4920,22,0,State-CHHATTISGARH,Total,50-59,61814,33961,27853,12562,6370,6192,10081,5352,4729,1954,1123,831,21346,12748,8598,1855,974,881,2080,995,1085,7365,4000,3365,4571,2399,2172
5850,C4920,22,0,State-CHHATTISGARH,Total,60-69,85205,39855,45350,21631,9347,12284,15408,7125,8283,1636,888,748,27660,13889,13771,1104,511,593,1249,539,710,6610,3231,3379,9907,4325,5582
5851,C4920,22,0,State-CHHATTISGARH,Total,70-79,61318,27681,33637,14660,6456,8204,11781,5519,6262,696,355,341,18955,8840,10115,439,221,218,429,179,250,3072,1475,1597,11286,4636,6650
5852,C4920,22,0,State-CHHATTISGARH,Total,80-89,21968,9690,12278,4395,1909,2486,4030,1914,2116,197,89,108,6816,3035,3781,106,50,56,109,50,59,919,440,479,5396,2203,3193
5853,C4920,22,0,State-CHHATTISGARH,Total,90+,6435,2765,3670,998,456,542,1058,505,553,57,27,30,1868,826,1042,45,19,26,43,22,21,301,133,168,2065,777,1288
5854,C4920,22,0,State-CHHATTISGARH,Total,Age Not Stated,642,346,296,124,67,57,120,53,67,29,18,11,128,66,62,26,13,13,15,10,5,135,82,53,65,37,28
5855,C4920,22,0,State-CHHATTISGARH,Rural,Total,498228,263598,234630,88065,43912,44153,73436,37867,35569,21308,11628,9680,155537,87583,67954,25455,13279,12176,16297,8320,7977,58278,31556,26722,59852,29453,30399
5856,C4920,22,0,State-CHHATTISGARH,Rural,0-4,16434,8821,7613,3338,1683,1655,2016,1032,984,463,251,212,3548,2066,1482,612,332,280,160,83,77,4240,2240,2000,2057,1134,923
5857,C4920,22,0,State-CHHATTISGARH,Rural,5-9,29607,16586,13021,4721,2518,2203,3540,1898,1642,3022,1688,1334,5923,3560,2363,2562,1448,1114,601,348,253,4506,2457,2049,4732,2669,2063
5858,C4920,22,0,State-CHHATTISGARH,Rural,10-19,74192,40718,33474,10755,5903,4852,8858,4897,3961,5673,3035,2638,18355,10494,7861,7637,4033,3604,2511,1308,1203,10640,5683,4957,9763,5365,4398
5859,C4920,22,0,State-CHHATTISGARH,Rural,20-29,68153,38866,29287,7406,4191,3215,7375,4212,3163,3764,2054,1710,25724,15529,10195,4989,2522,2467,3230,1685,1545,9314,5268,4046,6351,3405,2946
5860,C4920,22,0,State-CHHATTISGARH,Rural,30-39,57176,33292,23884,6812,4031,2781,7401,4107,3294,2807,1547,1260,19959,12562,7397,3934,1992,1942,3673,1943,1730,8249,4695,3554,4341,2415,1926
5861,C4920,22,0,State-CHHATTISGARH,Rural,40-49,53359,30820,22539,8193,4614,3579,8078,4446,3632,2217,1242,975,17942,11077,6865,3006,1626,1380,3062,1579,1483,7131,4110,3021,3730,2126,1604
5862,C4920,22,0,State-CHHATTISGARH,Rural,50-59,49446,26557,22889,10258,5070,5188,8248,4330,3918,1407,794,613,17202,10032,7170,1399,708,691,1639,763,876,5478,2914,2564,3815,1946,1869
5863,C4920,22,0,State-CHHATTISGARH,Rural,60-69,72522,33410,39112,18885,8097,10788,13383,6114,7269,1221,645,576,23402,11531,11871,844,381,463,989,427,562,5195,2519,2676,8603,3696,4907
5864,C4920,22,0,State-CHHATTISGARH,Rural,70-79,52516,23527,28989,12893,5678,7215,10124,4719,5405,531,273,258,15981,7367,8614,342,176,166,305,124,181,2456,1146,1310,9884,4044,5840
5865,C4920,22,0,State-CHHATTISGARH,Rural,80-89,18865,8345,10520,3869,1686,2183,3444,1648,1796,148,67,81,5791,2596,3195,81,39,42,83,37,46,725,354,371,4724,1918,2806
5866,C4920,22,0,State-CHHATTISGARH,Rural,90+,5542,2437,3105,861,400,461,893,432,461,36,19,17,1619,723,896,34,14,20,33,16,17,260,120,140,1806,713,1093
5867,C4920,22,0,State-CHHATTISGARH,Rural,Age Not Stated,416,219,197,74,41,33,76,32,44,19,13,6,91,46,45,15,8,7,11,7,4,84,50,34,46,22,24
5868,C4920,22,0,State-CHHATTISGARH,Urban,Total,126709,70495,56214,23104,12154,10950,18879,10073,8806,6954,3881,3073,34791,20832,13959,7716,4283,3433,4535,2571,1964,18625,10293,8332,12105,6408,5697
5869,C4920,22,0,State-CHHATTISGARH,Urban,0-4,4755,2531,2224,1140,579,561,812,414,398,139,74,65,630,363,267,213,119,94,33,18,15,1295,694,601,493,270,223
5870,C4920,22,0,State-CHHATTISGARH,Urban,5-9,7689,4257,3432,1613,848,765,1158,628,530,736,424,312,1081,639,442,591,335,256,139,83,56,1230,672,558,1141,628,513
5871,C4920,22,0,State-CHHATTISGARH,Urban,10-19,19634,10839,8795,3817,2031,1786,2668,1429,1239,1608,872,736,3564,2126,1438,1932,1055,877,604,364,240,2959,1541,1418,2482,1421,1061
5872,C4920,22,0,State-CHHATTISGARH,Urban,20-29,21942,12397,9545,3394,1877,1517,2867,1540,1327,1379,751,628,6616,3897,2719,1746,978,768,946,536,410,3322,1873,1449,1672,945,727
5873,C4920,22,0,State-CHHATTISGARH,Urban,30-39,18520,10868,7652,2866,1595,1271,2691,1489,1202,1006,572,434,5532,3515,2017,1425,804,621,1051,636,415,2912,1675,1237,1037,582,455
5874,C4920,22,0,State-CHHATTISGARH,Urban,40-49,16094,9800,6294,2744,1591,1153,2373,1380,993,879,499,380,4681,3183,1498,949,530,419,897,513,384,2703,1580,1123,868,524,344
5875,C4920,22,0,State-CHHATTISGARH,Urban,50-59,12368,7404,4964,2304,1300,1004,1833,1022,811,547,329,218,4144,2716,1428,456,266,190,441,232,209,1887,1086,801,756,453,303
5876,C4920,22,0,State-CHHATTISGARH,Urban,60-69,12683,6445,6238,2746,1250,1496,2025,1011,1014,415,243,172,4258,2358,1900,260,130,130,260,112,148,1415,712,703,1304,629,675
5877,C4920,22,0,State-CHHATTISGARH,Urban,70-79,8802,4154,4648,1767,778,989,1657,800,857,165,82,83,2974,1473,1501,97,45,52,124,55,69,616,329,287,1402,592,810
5878,C4920,22,0,State-CHHATTISGARH,Urban,80-89,3103,1345,1758,526,223,303,586,266,320,49,22,27,1025,439,586,25,11,14,26,13,13,194,86,108,672,285,387
5879,C4920,22,0,State-CHHATTISGARH,Urban,90+,893,328,565,137,56,81,165,73,92,21,8,13,249,103,146,11,5,6,10,6,4,41,13,28,259,64,195
5880,C4920,22,0,State-CHHATTISGARH,Urban,Age Not Stated,226,127,99,50,26,24,44,21,23,10,5,5,37,20,17,11,5,6,4,3,1,51,32,19,19,15,4
5881,C4920,22,400,District-Koriya,Total,Total,15373,8562,6811,2559,1330,1229,2272,1222,1050,779,435,344,4651,2720,1931,838,466,372,582,328,254,1922,1111,811,1770,950,820
5882,C4920,22,400,District-Koriya,Total,0-4,535,300,235,61,29,32,95,52,43,14,8,6,128,70,58,10,8,2,6,2,4,131,81,50,90,50,40
5883,C4920,22,400,District-Koriya,Total,5-9,1014,577,437,129,68,61,132,66,66,109,65,44,228,148,80,64,37,27,27,13,14,154,87,67,171,93,78
5884,C4920,22,400,District-Koriya,Total,10-19,2341,1281,1060,327,183,144,279,161,118,210,108,102,516,307,209,206,104,102,102,54,48,372,199,173,329,165,164
5885,C4920,22,400,District-Koriya,Total,20-29,2290,1358,932,264,164,100,238,133,105,143,85,58,752,460,292,189,98,91,120,71,49,333,198,135,251,149,102
5886,C4920,22,400,District-Koriya,Total,30-39,1765,1070,695,206,125,81,269,145,124,102,57,45,520,343,177,147,80,67,136,85,51,262,163,99,123,72,51
5887,C4920,22,400,District-Koriya,Total,40-49,1689,1008,681,251,145,106,253,147,106,93,49,44,524,326,198,105,65,40,108,57,51,246,149,97,109,70,39
5888,C4920,22,400,District-Koriya,Total,50-59,1612,939,673,307,168,139,251,136,115,51,31,20,569,353,216,76,47,29,43,23,20,215,123,92,100,58,42
5889,C4920,22,400,District-Koriya,Total,60-69,2000,1014,986,508,240,268,350,171,179,38,22,16,722,366,356,26,20,6,26,14,12,142,72,70,188,109,79
5890,C4920,22,400,District-Koriya,Total,70-79,1378,652,726,349,143,206,276,146,130,15,8,7,462,230,232,8,3,5,9,7,2,41,23,18,218,92,126
5891,C4920,22,400,District-Koriya,Total,80-89,549,261,288,126,48,78,89,48,41,2,1,1,172,87,85,6,3,3,2,1,1,19,12,7,133,61,72
5892,C4920,22,400,District-Koriya,Total,90+,194,99,95,30,17,13,38,17,21,2,1,1,57,29,28,1,1,0,3,1,2,7,4,3,56,29,27
5893,C4920,22,400,District-Koriya,Total,Age Not Stated,6,3,3,1,0,1,2,0,2,0,0,0,1,1,0,0,0,0,0,0,0,0,0,0,2,2,0
5894,C4920,22,400,District-Koriya,Rural,Total,11895,6556,5339,2074,1065,1009,1732,947,785,562,311,251,3688,2115,1573,621,339,282,440,245,195,1394,806,588,1384,728,656
5895,C4920,22,400,District-Koriya,Rural,0-4,451,252,199,58,28,30,69,35,34,14,8,6,113,60,53,5,4,1,6,2,4,110,73,37,76,42,34
5896,C4920,22,400,District-Koriya,Rural,5-9,787,443,344,102,49,53,96,49,47,89,52,37,186,121,65,52,29,23,21,10,11,113,64,49,128,69,59
5897,C4920,22,400,District-Koriya,Rural,10-19,1703,914,789,217,106,111,212,120,92,144,80,64,386,227,159,153,80,73,78,40,38,272,147,125,241,114,127
5898,C4920,22,400,District-Koriya,Rural,20-29,1595,938,657,192,122,70,171,96,75,95,53,42,524,320,204,121,56,65,89,52,37,228,136,92,175,103,72
5899,C4920,22,400,District-Koriya,Rural,30-39,1356,835,521,171,110,61,196,121,75,76,42,34,401,261,140,116,60,56,104,65,39,194,120,74,98,56,42
5900,C4920,22,400,District-Koriya,Rural,40-49,1277,752,525,206,118,88,191,112,79,69,34,35,405,249,156,89,58,31,79,38,41,156,89,67,82,54,28
5901,C4920,22,400,District-Koriya,Rural,50-59,1268,723,545,264,148,116,190,102,88,37,20,17,457,273,184,54,32,22,33,20,13,157,89,68,76,39,37
5902,C4920,22,400,District-Koriya,Rural,60-69,1685,855,830,440,208,232,283,142,141,28,17,11,629,318,311,20,15,5,19,12,7,107,54,53,159,89,70
5903,C4920,22,400,District-Koriya,Rural,70-79,1141,544,597,287,121,166,223,117,106,8,4,4,391,191,200,6,2,4,6,4,2,34,21,13,186,84,102
5904,C4920,22,400,District-Koriya,Rural,80-89,463,214,249,107,38,69,70,40,30,1,0,1,148,73,75,4,2,2,2,1,1,16,9,7,115,51,64
5905,C4920,22,400,District-Koriya,Rural,90+,166,84,82,29,17,12,31,13,18,1,1,0,48,22,26,1,1,0,3,1,2,7,4,3,46,25,21
5906,C4920,22,400,District-Koriya,Rural,Age Not Stated,3,2,1,1,0,1,0,0,0,0,0,0,0,0,0,0,0,0,0,0,0,0,0,0,2,2,0
5907,C4920,22,400,District-Koriya,Urban,Total,3478,2006,1472,485,265,220,540,275,265,217,124,93,963,605,358,217,127,90,142,83,59,528,305,223,386,222,164
5908,C4920,22,400,District-Koriya,Urban,0-4,84,48,36,3,1,2,26,17,9,0,0,0,15,10,5,5,4,1,0,0,0,21,8,13,14,8,6
5909,C4920,22,400,District-Koriya,Urban,5-9,227,134,93,27,19,8,36,17,19,20,13,7,42,27,15,12,8,4,6,3,3,41,23,18,43,24,19
5910,C4920,22,400,District-Koriya,Urban,10-19,638,367,271,110,77,33,67,41,26,66,28,38,130,80,50,53,24,29,24,14,10,100,52,48,88,51,37
5911,C4920,22,400,District-Koriya,Urban,20-29,695,420,275,72,42,30,67,37,30,48,32,16,228,140,88,68,42,26,31,19,12,105,62,43,76,46,30
5912,C4920,22,400,District-Koriya,Urban,30-39,409,235,174,35,15,20,73,24,49,26,15,11,119,82,37,31,20,11,32,20,12,68,43,25,25,16,9
5913,C4920,22,400,District-Koriya,Urban,40-49,412,256,156,45,27,18,62,35,27,24,15,9,119,77,42,16,7,9,29,19,10,90,60,30,27,16,11
5914,C4920,22,400,District-Koriya,Urban,50-59,344,216,128,43,20,23,61,34,27,14,11,3,112,80,32,22,15,7,10,3,7,58,34,24,24,19,5
5915,C4920,22,400,District-Koriya,Urban,60-69,315,159,156,68,32,36,67,29,38,10,5,5,93,48,45,6,5,1,7,2,5,35,18,17,29,20,9
5916,C4920,22,400,District-Koriya,Urban,70-79,237,108,129,62,22,40,53,29,24,7,4,3,71,39,32,2,1,1,3,3,0,7,2,5,32,8,24
5917,C4920,22,400,District-Koriya,Urban,80-89,86,47,39,19,10,9,19,8,11,1,1,0,24,14,10,2,1,1,0,0,0,3,3,0,18,10,8
5918,C4920,22,400,District-Koriya,Urban,90+,28,15,13,1,0,1,7,4,3,1,0,1,9,7,2,0,0,0,0,0,0,0,0,0,10,4,6
5919,C4920,22,400,District-Koriya,Urban,Age Not Stated,3,1,2,0,0,0,2,0,2,0,0,0,1,1,0,0,0,0,0,0,0,0,0,0,0,0,0
5920,C4920,22,401,District-Surguja,Total,Total,51850,28478,23372,7441,3983,3458,7429,4078,3351,2702,1458,1244,15824,9065,6759,2896,1574,1322,2084,1122,962,7721,4155,3566,5753,3043,2710
5921,C4920,22,401,District-Surguja,Total,0-4,2129,1187,942,322,170,152,261,147,114,71,42,29,468,290,178,73,40,33,19,9,10,684,359,325,231,130,101
5922,C4920,22,401,District-Surguja,Total,5-9,3767,2153,1614,491,265,226,483,271,212,403,211,192,754,470,284,275,155,120,78,45,33,716,395,321,567,341,226
5923,C4920,22,401,District-Surguja,Total,10-19,8484,4590,3894,1012,539,473,1004,545,459,675,363,312,2010,1164,846,818,402,416,355,202,153,1502,772,730,1108,603,505
5924,C4920,22,401,District-Surguja,Total,20-29,7085,4076,3009,690,397,293,814,438,376,481,278,203,2203,1364,839,558,318,240,431,224,207,1232,699,533,676,358,318
5925,C4920,22,401,District-Surguja,Total,30-39,5949,3443,2506,593,347,246,731,382,349,372,188,184,1786,1129,657,475,275,200,456,248,208,1050,601,449,486,273,213
5926,C4920,22,401,District-Surguja,Total,40-49,5465,3168,2297,669,380,289,806,465,341,272,151,121,1734,1044,690,362,203,159,373,202,171,870,497,373,379,226,153
5927,C4920,22,401,District-Surguja,Total,50-59,4865,2706,2159,779,418,361,792,466,326,183,94,89,1751,1013,738,168,99,69,189,98,91,676,348,328,327,170,157
5928,C4920,22,401,District-Surguja,Total,60-69,6773,3422,3351,1422,700,722,1245,663,582,166,87,79,2471,1253,1218,106,52,54,128,67,61,558,271,287,677,329,348
5929,C4920,22,401,District-Surguja,Total,70-79,4704,2404,2300,965,504,461,865,452,413,51,30,21,1741,886,855,46,23,23,34,14,20,276,140,136,726,355,371
5930,C4920,22,401,District-Surguja,Total,80-89,1891,951,940,383,203,180,329,186,143,16,5,11,679,340,339,12,5,7,11,7,4,87,36,51,374,169,205
5931,C4920,22,401,District-Surguja,Total,90+,692,351,341,111,59,52,88,57,31,11,8,3,219,108,111,2,2,0,9,5,4,54,25,29,198,87,111
5932,C4920,22,401,District-Surguja,Total,Age Not Stated,46,27,19,4,1,3,11,6,5,1,1,0,8,4,4,1,0,1,1,1,0,16,12,4,4,2,2
5933,C4920,22,401,District-Surguja,Rural,Total,47786,26137,21649,6996,3720,3276,6898,3812,3086,2454,1329,1125,14673,8368,6305,2609,1414,1195,1916,1019,897,6965,3712,3253,5275,2763,2512
5934,C4920,22,401,District-Surguja,Rural,0-4,1980,1105,875,307,166,141,238,132,106,61,36,25,446,279,167,65,35,30,18,8,10,628,325,303,217,124,93
5935,C4920,22,401,District-Surguja,Rural,5-9,3510,2000,1510,470,253,217,446,250,196,367,193,174,717,445,272,248,143,105,74,42,32,674,365,309,514,309,205
5936,C4920,22,401,District-Surguja,Rural,10-19,7679,4157,3522,933,492,441,897,495,402,610,327,283,1871,1087,784,737,363,374,326,184,142,1358,702,656,947,507,440
5937,C4920,22,401,District-Surguja,Rural,20-29,6366,3647,2719,622,352,270,741,404,337,439,257,182,1971,1216,755,500,280,220,394,201,193,1084,614,470,615,323,292
5938,C4920,22,401,District-Surguja,Rural,30-39,5409,3120,2289,557,323,234,675,360,315,342,176,166,1614,1021,593,428,245,183,413,225,188,930,522,408,450,248,202
5939,C4920,22,401,District-Surguja,Rural,40-49,4987,2871,2116,623,357,266,744,434,310,248,138,110,1588,942,646,322,178,144,342,181,161,766,429,337,354,212,142
5940,C4920,22,401,District-Surguja,Rural,50-59,4496,2479,2017,731,383,348,735,432,303,166,85,81,1619,927,692,154,91,63,177,91,86,605,311,294,309,159,150
5941,C4920,22,401,District-Surguja,Rural,60-69,6419,3229,3190,1356,664,692,1202,638,564,151,77,74,2335,1182,1153,101,50,51,120,62,58,514,247,267,640,309,331
5942,C4920,22,401,District-Surguja,Rural,70-79,4447,2261,2186,928,484,444,818,428,390,46,27,19,1640,832,808,41,22,19,32,13,19,258,128,130,684,327,357
5943,C4920,22,401,District-Surguja,Rural,80-89,1796,905,891,363,189,174,307,177,130,15,5,10,657,330,327,11,5,6,10,6,4,81,34,47,352,159,193
5944,C4920,22,401,District-Surguja,Rural,90+,657,339,318,102,56,46,85,56,29,8,7,1,208,103,105,2,2,0,9,5,4,53,25,28,190,85,105
5945,C4920,22,401,District-Surguja,Rural,Age Not Stated,40,24,16,4,1,3,10,6,4,1,1,0,7,4,3,0,0,0,1,1,0,14,10,4,3,1,2
5946,C4920,22,401,District-Surguja,Urban,Total,4064,2341,1723,445,263,182,531,266,265,248,129,119,1151,697,454,287,160,127,168,103,65,756,443,313,478,280,198
5947,C4920,22,401,District-Surguja,Urban,0-4,149,82,67,15,4,11,23,15,8,10,6,4,22,11,11,8,5,3,1,1,0,56,34,22,14,6,8
5948,C4920,22,401,District-Surguja,Urban,5-9,257,153,104,21,12,9,37,21,16,36,18,18,37,25,12,27,12,15,4,3,1,42,30,12,53,32,21
5949,C4920,22,401,District-Surguja,Urban,10-19,805,433,372,79,47,32,107,50,57,65,36,29,139,77,62,81,39,42,29,18,11,144,70,74,161,96,65
5950,C4920,22,401,District-Surguja,Urban,20-29,719,429,290,68,45,23,73,34,39,42,21,21,232,148,84,58,38,20,37,23,14,148,85,63,61,35,26
5951,C4920,22,401,District-Surguja,Urban,30-39,540,323,217,36,24,12,56,22,34,30,12,18,172,108,64,47,30,17,43,23,20,120,79,41,36,25,11
5952,C4920,22,401,District-Surguja,Urban,40-49,478,297,181,46,23,23,62,31,31,24,13,11,146,102,44,40,25,15,31,21,10,104,68,36,25,14,11
5953,C4920,22,401,District-Surguja,Urban,50-59,369,227,142,48,35,13,57,34,23,17,9,8,132,86,46,14,8,6,12,7,5,71,37,34,18,11,7
5954,C4920,22,401,District-Surguja,Urban,60-69,354,193,161,66,36,30,43,25,18,15,10,5,136,71,65,5,2,3,8,5,3,44,24,20,37,20,17
5955,C4920,22,401,District-Surguja,Urban,70-79,257,143,114,37,20,17,47,24,23,5,3,2,101,54,47,5,1,4,2,1,1,18,12,6,42,28,14
5956,C4920,22,401,District-Surguja,Urban,80-89,95,46,49,20,14,6,22,9,13,1,0,1,22,10,12,1,0,1,1,1,0,6,2,4,22,10,12
5957,C4920,22,401,District-Surguja,Urban,90+,35,12,23,9,3,6,3,1,2,3,1,2,11,5,6,0,0,0,0,0,0,1,0,1,8,2,6
5958,C4920,22,401,District-Surguja,Urban,Age Not Stated,6,3,3,0,0,0,1,0,1,0,0,0,1,0,1,1,0,1,0,0,0,2,2,0,1,1,0
5959,C4920,22,402,District-Jashpur ,Total,Total,22186,11849,10337,3134,1648,1486,3167,1666,1501,914,486,428,7790,4284,3506,990,557,433,1082,535,547,2199,1185,1014,2910,1488,1422
5960,C4920,22,402,District-Jashpur ,Total,0-4,536,280,256,70,26,44,48,22,26,31,18,13,162,93,69,17,8,9,2,0,2,114,56,58,92,57,35
5961,C4920,22,402,District-Jashpur ,Total,5-9,1109,608,501,142,72,70,96,48,48,152,83,69,253,156,97,73,39,34,37,21,16,137,76,61,219,113,106
5962,C4920,22,402,District-Jashpur ,Total,10-19,2679,1493,1186,345,205,140,290,161,129,227,114,113,664,384,280,292,152,140,138,75,63,337,186,151,386,216,170
5963,C4920,22,402,District-Jashpur ,Total,20-29,2532,1513,1019,230,131,99,235,122,113,163,87,76,878,567,311,196,125,71,224,121,103,315,197,118,291,163,128
5964,C4920,22,402,District-Jashpur ,Total,30-39,2234,1252,982,206,119,87,243,119,124,107,54,53,746,462,284,166,91,75,238,119,119,309,175,134,219,113,106
5965,C4920,22,402,District-Jashpur ,Total,40-49,2422,1375,1047,296,175,121,295,170,125,95,46,49,902,536,366,126,75,51,220,106,114,292,155,137,196,112,84
5966,C4920,22,402,District-Jashpur ,Total,50-59,2517,1417,1100,378,201,177,428,243,185,57,36,21,988,564,424,66,41,25,117,55,62,280,150,130,203,127,76
5967,C4920,22,402,District-Jashpur ,Total,60-69,3757,1809,1948,711,349,362,733,353,380,50,30,20,1474,719,755,33,14,19,76,24,52,248,110,138,432,210,222
5968,C4920,22,402,District-Jashpur ,Total,70-79,2917,1399,1518,531,266,265,577,307,270,24,15,9,1155,533,622,15,8,7,23,10,13,120,51,69,472,209,263
5969,C4920,22,402,District-Jashpur ,Total,80-89,1109,520,589,177,80,97,179,95,84,3,0,3,422,199,223,4,3,1,7,4,3,30,20,10,287,119,168
5970,C4920,22,402,District-Jashpur ,Total,90+,369,181,188,48,24,24,43,26,17,4,2,2,142,70,72,2,1,1,0,0,0,17,9,8,113,49,64
5971,C4920,22,402,District-Jashpur ,Total,Age Not Stated,5,2,3,0,0,0,0,0,0,1,1,0,4,1,3,0,0,0,0,0,0,0,0,0,0,0,0
5972,C4920,22,402,District-Jashpur ,Rural,Total,20490,10849,9641,2948,1540,1408,2995,1571,1424,839,439,400,7206,3911,3295,904,505,399,990,479,511,1857,1003,854,2751,1401,1350
5973,C4920,22,402,District-Jashpur ,Rural,0-4,487,263,224,66,25,41,43,21,22,24,15,9,146,85,61,17,8,9,2,0,2,104,55,49,85,54,31
5974,C4920,22,402,District-Jashpur ,Rural,5-9,1027,552,475,133,67,66,92,45,47,136,72,64,234,143,91,70,37,33,37,21,16,123,67,56,202,100,102
5975,C4920,22,402,District-Jashpur ,Rural,10-19,2419,1336,1083,302,183,119,269,149,120,207,101,106,583,336,247,267,138,129,124,66,58,298,158,140,369,205,164
5976,C4920,22,402,District-Jashpur ,Rural,20-29,2281,1358,923,198,113,85,207,108,99,157,83,74,780,497,283,183,115,68,208,113,95,269,172,97,279,157,122
5977,C4920,22,402,District-Jashpur ,Rural,30-39,1993,1109,884,188,109,79,218,107,111,96,46,50,682,417,265,147,81,66,212,101,111,245,141,104,205,107,98
5978,C4920,22,402,District-Jashpur ,Rural,40-49,2170,1226,944,282,166,116,271,155,116,85,41,44,814,481,333,110,66,44,202,94,108,229,122,107,177,101,76
5979,C4920,22,402,District-Jashpur ,Rural,50-59,2312,1293,1019,357,182,175,406,231,175,57,36,21,910,513,397,60,37,23,108,51,57,223,123,100,191,120,71
5980,C4920,22,402,District-Jashpur ,Rural,60-69,3584,1711,1873,691,339,352,718,344,374,48,28,20,1404,675,729,30,12,18,69,20,49,215,95,120,409,198,211
5981,C4920,22,402,District-Jashpur ,Rural,70-79,2795,1330,1465,514,257,257,559,295,264,22,14,8,1104,507,597,14,7,7,22,10,12,107,42,65,453,198,255
5982,C4920,22,402,District-Jashpur ,Rural,80-89,1062,496,566,172,77,95,170,91,79,3,0,3,409,191,218,4,3,1,6,3,3,27,19,8,271,112,159
5983,C4920,22,402,District-Jashpur ,Rural,90+,355,173,182,45,22,23,42,25,17,3,2,1,136,65,71,2,1,1,0,0,0,17,9,8,110,49,61
5984,C4920,22,402,District-Jashpur ,Rural,Age Not Stated,5,2,3,0,0,0,0,0,0,1,1,0,4,1,3,0,0,0,0,0,0,0,0,0,0,0,0
5985,C4920,22,402,District-Jashpur ,Urban,Total,1696,1000,696,186,108,78,172,95,77,75,47,28,584,373,211,86,52,34,92,56,36,342,182,160,159,87,72
5986,C4920,22,402,District-Jashpur ,Urban,0-4,49,17,32,4,1,3,5,1,4,7,3,4,16,8,8,0,0,0,0,0,0,10,1,9,7,3,4
5987,C4920,22,402,District-Jashpur ,Urban,5-9,82,56,26,9,5,4,4,3,1,16,11,5,19,13,6,3,2,1,0,0,0,14,9,5,17,13,4
5988,C4920,22,402,District-Jashpur ,Urban,10-19,260,157,103,43,22,21,21,12,9,20,13,7,81,48,33,25,14,11,14,9,5,39,28,11,17,11,6
5989,C4920,22,402,District-Jashpur ,Urban,20-29,251,155,96,32,18,14,28,14,14,6,4,2,98,70,28,13,10,3,16,8,8,46,25,21,12,6,6
5990,C4920,22,402,District-Jashpur ,Urban,30-39,241,143,98,18,10,8,25,12,13,11,8,3,64,45,19,19,10,9,26,18,8,64,34,30,14,6,8
5991,C4920,22,402,District-Jashpur ,Urban,40-49,252,149,103,14,9,5,24,15,9,10,5,5,88,55,33,16,9,7,18,12,6,63,33,30,19,11,8
5992,C4920,22,402,District-Jashpur ,Urban,50-59,205,124,81,21,19,2,22,12,10,0,0,0,78,51,27,6,4,2,9,4,5,57,27,30,12,7,5
5993,C4920,22,402,District-Jashpur ,Urban,60-69,173,98,75,20,10,10,15,9,6,2,2,0,70,44,26,3,2,1,7,4,3,33,15,18,23,12,11
5994,C4920,22,402,District-Jashpur ,Urban,70-79,122,69,53,17,9,8,18,12,6,2,1,1,51,26,25,1,1,0,1,0,1,13,9,4,19,11,8
5995,C4920,22,402,District-Jashpur ,Urban,80-89,47,24,23,5,3,2,9,4,5,0,0,0,13,8,5,0,0,0,1,1,0,3,1,2,16,7,9
5996,C4920,22,402,District-Jashpur ,Urban,90+,14,8,6,3,2,1,1,1,0,1,0,1,6,5,1,0,0,0,0,0,0,0,0,0,3,0,3
5997,C4920,22,402,District-Jashpur ,Urban,Age Not Stated,0,0,0,0,0,0,0,0,0,0,0,0,0,0,0,0,0,0,0,0,0,0,0,0,0,0,0
5998,C4920,22,403,District-Raigarh,Total,Total,36422,19905,16517,5518,2844,2674,4374,2320,2054,1550,868,682,13265,7655,5610,1833,966,867,1463,745,718,3831,2163,1668,4588,2344,2244
5999,C4920,22,403,District-Raigarh,Total,0-4,994,564,430,193,107,86,57,35,22,22,12,10,279,164,115,47,27,20,7,5,2,232,127,105,157,87,70
6000,C4920,22,403,District-Raigarh,Total,5-9,1841,1075,766,270,145,125,128,63,65,219,137,82,458,300,158,167,90,77,35,23,12,211,118,93,353,199,154
6001,C4920,22,403,District-Raigarh,Total,10-19,4798,2751,2047,676,375,301,424,234,190,384,206,178,1285,792,493,513,296,217,157,77,80,564,314,250,795,457,338
6002,C4920,22,403,District-Raigarh,Total,20-29,4623,2749,1874,458,275,183,412,251,161,285,157,128,1728,1082,646,386,190,196,265,149,116,588,350,238,501,295,206
6003,C4920,22,403,District-Raigarh,Total,30-39,4288,2553,1735,385,234,151,422,241,181,205,119,86,1674,1079,595,298,140,158,369,189,180,581,343,238,354,208,146
6004,C4920,22,403,District-Raigarh,Total,40-49,4282,2665,1617,560,338,222,513,301,212,156,89,67,1688,1116,572,222,127,95,310,174,136,513,323,190,320,197,123
6005,C4920,22,403,District-Raigarh,Total,50-59,3711,2091,1620,604,342,262,495,271,224,114,61,53,1505,900,605,108,60,48,181,78,103,424,240,184,280,139,141
6006,C4920,22,403,District-Raigarh,Total,60-69,5672,2729,2943,1200,540,660,856,408,448,101,57,44,2290,1160,1130,62,23,39,90,39,51,448,233,215,625,269,356
6007,C4920,22,403,District-Raigarh,Total,70-79,4105,1822,2283,800,335,465,726,353,373,44,22,22,1590,718,872,24,11,13,38,9,29,192,84,108,691,290,401
6008,C4920,22,403,District-Raigarh,Total,80-89,1648,710,938,304,126,178,276,133,143,18,7,11,612,274,338,3,1,2,10,2,8,59,25,34,366,142,224
6009,C4920,22,403,District-Raigarh,Total,90+,452,190,262,66,25,41,64,29,35,2,1,1,154,69,85,3,1,2,1,0,1,16,4,12,146,61,85
6010,C4920,22,403,District-Raigarh,Total,Age Not Stated,8,6,2,2,2,0,1,1,0,0,0,0,2,1,1,0,0,0,0,0,0,3,2,1,0,0,0
6011,C4920,22,403,District-Raigarh,Rural,Total,32189,17446,14743,5035,2573,2462,3946,2085,1861,1302,718,584,11524,6615,4909,1565,805,760,1283,648,635,3386,1903,1483,4148,2099,2049
6012,C4920,22,403,District-Raigarh,Rural,0-4,874,494,380,185,101,84,45,27,18,17,9,8,241,143,98,38,21,17,6,4,2,197,110,87,145,79,66
6013,C4920,22,403,District-Raigarh,Rural,5-9,1596,924,672,236,129,107,113,59,54,182,109,73,395,258,137,140,73,67,29,18,11,186,103,83,315,175,140
6014,C4920,22,403,District-Raigarh,Rural,10-19,4183,2388,1795,591,328,263,360,203,157,330,170,160,1132,695,437,453,259,194,136,67,69,488,274,214,693,392,301
6015,C4920,22,403,District-Raigarh,Rural,20-29,3970,2355,1615,397,239,158,358,217,141,230,129,101,1474,921,553,324,153,171,236,128,108,514,308,206,437,260,177
6016,C4920,22,403,District-Raigarh,Rural,30-39,3703,2206,1497,322,201,121,364,210,154,174,104,70,1433,926,507,253,115,138,326,168,158,517,298,219,314,184,130
6017,C4920,22,403,District-Raigarh,Rural,40-49,3734,2304,1430,514,306,208,463,265,198,133,74,59,1435,943,492,190,107,83,268,151,117,446,283,163,285,175,110
6018,C4920,22,403,District-Raigarh,Rural,50-59,3253,1817,1436,539,303,236,452,249,203,94,50,44,1284,762,522,88,47,41,164,70,94,381,212,169,251,124,127
6019,C4920,22,403,District-Raigarh,Rural,60-69,5149,2451,2698,1131,505,626,801,380,421,85,48,37,2008,1007,1001,53,19,34,81,34,47,406,209,197,584,249,335
6020,C4920,22,403,District-Raigarh,Rural,70-79,3760,1665,2095,761,315,446,680,327,353,39,19,20,1407,638,769,21,9,12,26,6,20,179,77,102,647,274,373
6021,C4920,22,403,District-Raigarh,Rural,80-89,1536,655,881,292,120,172,254,121,133,16,5,11,566,255,311,2,1,1,10,2,8,54,23,31,342,128,214
6022,C4920,22,403,District-Raigarh,Rural,90+,423,181,242,65,24,41,55,26,29,2,1,1,147,66,81,3,1,2,1,0,1,15,4,11,135,59,76
6023,C4920,22,403,District-Raigarh,Rural,Age Not Stated,8,6,2,2,2,0,1,1,0,0,0,0,2,1,1,0,0,0,0,0,0,3,2,1,0,0,0
6024,C4920,22,403,District-Raigarh,Urban,Total,4233,2459,1774,483,271,212,428,235,193,248,150,98,1741,1040,701,268,161,107,180,97,83,445,260,185,440,245,195
6025,C4920,22,403,District-Raigarh,Urban,0-4,120,70,50,8,6,2,12,8,4,5,3,2,38,21,17,9,6,3,1,1,0,35,17,18,12,8,4
6026,C4920,22,403,District-Raigarh,Urban,5-9,245,151,94,34,16,18,15,4,11,37,28,9,63,42,21,27,17,10,6,5,1,25,15,10,38,24,14
6027,C4920,22,403,District-Raigarh,Urban,10-19,615,363,252,85,47,38,64,31,33,54,36,18,153,97,56,60,37,23,21,10,11,76,40,36,102,65,37
6028,C4920,22,403,District-Raigarh,Urban,20-29,653,394,259,61,36,25,54,34,20,55,28,27,254,161,93,62,37,25,29,21,8,74,42,32,64,35,29
6029,C4920,22,403,District-Raigarh,Urban,30-39,585,347,238,63,33,30,58,31,27,31,15,16,241,153,88,45,25,20,43,21,22,64,45,19,40,24,16
6030,C4920,22,403,District-Raigarh,Urban,40-49,548,361,187,46,32,14,50,36,14,23,15,8,253,173,80,32,20,12,42,23,19,67,40,27,35,22,13
6031,C4920,22,403,District-Raigarh,Urban,50-59,458,274,184,65,39,26,43,22,21,20,11,9,221,138,83,20,13,7,17,8,9,43,28,15,29,15,14
6032,C4920,22,403,District-Raigarh,Urban,60-69,523,278,245,69,35,34,55,28,27,16,9,7,282,153,129,9,4,5,9,5,4,42,24,18,41,20,21
6033,C4920,22,403,District-Raigarh,Urban,70-79,345,157,188,39,20,19,46,26,20,5,3,2,183,80,103,3,2,1,12,3,9,13,7,6,44,16,28
6034,C4920,22,403,District-Raigarh,Urban,80-89,112,55,57,12,6,6,22,12,10,2,2,0,46,19,27,1,0,1,0,0,0,5,2,3,24,14,10
6035,C4920,22,403,District-Raigarh,Urban,90+,29,9,20,1,1,0,9,3,6,0,0,0,7,3,4,0,0,0,0,0,0,1,0,1,11,2,9
6036,C4920,22,403,District-Raigarh,Urban,Age Not Stated,0,0,0,0,0,0,0,0,0,0,0,0,0,0,0,0,0,0,0,0,0,0,0,0,0,0,0
6037,C4920,22,404,District-Korba ,Total,Total,24927,13680,11247,3402,1726,1676,3949,2032,1917,1382,772,610,7488,4389,3099,1323,756,567,849,462,387,3812,2073,1739,2722,1470,1252
6038,C4920,22,404,District-Korba ,Total,0-4,954,496,458,140,58,82,152,79,73,32,17,15,196,101,95,41,25,16,4,2,2,276,149,127,113,65,48
6039,C4920,22,404,District-Korba ,Total,5-9,1595,904,691,178,98,80,210,114,96,185,110,75,301,175,126,142,87,55,26,17,9,283,156,127,270,147,123
6040,C4920,22,404,District-Korba ,Total,10-19,4082,2277,1805,488,281,207,570,305,265,337,175,162,937,544,393,395,214,181,129,73,56,678,362,316,548,323,225
6041,C4920,22,404,District-Korba ,Total,20-29,3938,2269,1669,316,191,125,515,285,230,263,140,123,1304,808,496,294,155,139,198,112,86,694,375,319,354,203,151
6042,C4920,22,404,District-Korba ,Total,30-39,3136,1924,1212,283,181,102,454,248,206,208,125,83,1048,688,360,199,130,69,205,126,79,531,299,232,208,127,81
6043,C4920,22,404,District-Korba ,Total,40-49,2718,1669,1049,306,171,135,438,248,190,160,89,71,847,582,265,134,85,49,138,72,66,526,318,208,169,104,65
6044,C4920,22,404,District-Korba ,Total,50-59,2354,1332,1022,397,193,204,420,236,184,94,59,35,798,512,286,61,30,31,81,36,45,346,182,164,157,84,73
6045,C4920,22,404,District-Korba ,Total,60-69,2968,1418,1550,656,282,374,589,274,315,69,40,29,1008,504,504,36,18,18,39,17,22,277,133,144,294,150,144
6046,C4920,22,404,District-Korba ,Total,70-79,2123,929,1194,466,208,258,407,155,252,15,7,8,706,323,383,16,8,8,24,6,18,130,64,66,359,158,201
6047,C4920,22,404,District-Korba ,Total,80-89,815,345,470,143,53,90,161,71,90,9,3,6,261,114,147,4,3,1,4,0,4,48,23,25,185,78,107
6048,C4920,22,404,District-Korba ,Total,90+,222,107,115,29,10,19,31,17,14,4,3,1,74,35,39,1,1,0,1,1,0,18,9,9,64,31,33
6049,C4920,22,404,District-Korba ,Total,Age Not Stated,22,10,12,0,0,0,2,0,2,6,4,2,8,3,5,0,0,0,0,0,0,5,3,2,1,0,1
6050,C4920,22,404,District-Korba ,Rural,Total,16823,8939,7884,2479,1216,1263,2593,1290,1303,914,504,410,5221,2944,2277,862,477,385,573,299,274,2358,1251,1107,1823,958,865
6051,C4920,22,404,District-Korba ,Rural,0-4,624,327,297,101,38,63,92,51,41,24,13,11,134,76,58,30,17,13,2,1,1,174,93,81,67,38,29
6052,C4920,22,404,District-Korba ,Rural,5-9,1024,580,444,119,67,52,123,67,56,133,78,55,198,114,84,92,60,32,18,10,8,182,97,85,159,87,72
6053,C4920,22,404,District-Korba ,Rural,10-19,2650,1452,1198,342,200,142,352,178,174,209,108,101,662,375,287,249,125,124,80,40,40,422,227,195,334,199,135
6054,C4920,22,404,District-Korba ,Rural,20-29,2389,1340,1049,191,108,83,280,154,126,177,95,82,818,487,331,186,92,94,131,74,57,406,220,186,200,110,90
6055,C4920,22,404,District-Korba ,Rural,30-39,2022,1206,816,182,112,70,290,155,135,150,85,65,670,432,238,126,81,45,140,85,55,314,168,146,150,88,62
6056,C4920,22,404,District-Korba ,Rural,40-49,1721,1055,666,198,114,84,259,144,115,94,52,42,560,377,183,96,63,33,96,46,50,303,187,116,115,72,43
6057,C4920,22,404,District-Korba ,Rural,50-59,1573,853,720,295,141,154,267,145,122,55,34,21,538,333,205,40,18,22,60,26,34,207,104,103,111,52,59
6058,C4920,22,404,District-Korba ,Rural,60-69,2307,1049,1258,520,214,306,464,208,256,53,30,23,792,374,418,28,13,15,28,14,14,197,84,113,225,112,113
6059,C4920,22,404,District-Korba ,Rural,70-79,1661,716,945,385,168,217,304,118,186,9,5,4,581,258,323,11,5,6,16,3,13,98,46,52,257,113,144
6060,C4920,22,404,District-Korba ,Rural,80-89,654,273,381,119,45,74,134,56,78,5,0,5,204,90,114,3,2,1,2,0,2,40,19,21,147,61,86
6061,C4920,22,404,District-Korba ,Rural,90+,183,83,100,27,9,18,26,14,12,0,0,0,59,27,32,1,1,0,0,0,0,13,6,7,57,26,31
6062,C4920,22,404,District-Korba ,Rural,Age Not Stated,15,5,10,0,0,0,2,0,2,5,4,1,5,1,4,0,0,0,0,0,0,2,0,2,1,0,1
6063,C4920,22,404,District-Korba ,Urban,Total,8104,4741,3363,923,510,413,1356,742,614,468,268,200,2267,1445,822,461,279,182,276,163,113,1454,822,632,899,512,387
6064,C4920,22,404,District-Korba ,Urban,0-4,330,169,161,39,20,19,60,28,32,8,4,4,62,25,37,11,8,3,2,1,1,102,56,46,46,27,19
6065,C4920,22,404,District-Korba ,Urban,5-9,571,324,247,59,31,28,87,47,40,52,32,20,103,61,42,50,27,23,8,7,1,101,59,42,111,60,51
6066,C4920,22,404,District-Korba ,Urban,10-19,1432,825,607,146,81,65,218,127,91,128,67,61,275,169,106,146,89,57,49,33,16,256,135,121,214,124,90
6067,C4920,22,404,District-Korba ,Urban,20-29,1549,929,620,125,83,42,235,131,104,86,45,41,486,321,165,108,63,45,67,38,29,288,155,133,154,93,61
6068,C4920,22,404,District-Korba ,Urban,30-39,1114,718,396,101,69,32,164,93,71,58,40,18,378,256,122,73,49,24,65,41,24,217,131,86,58,39,19
6069,C4920,22,404,District-Korba ,Urban,40-49,997,614,383,108,57,51,179,104,75,66,37,29,287,205,82,38,22,16,42,26,16,223,131,92,54,32,22
6070,C4920,22,404,District-Korba ,Urban,50-59,781,479,302,102,52,50,153,91,62,39,25,14,260,179,81,21,12,9,21,10,11,139,78,61,46,32,14
6071,C4920,22,404,District-Korba ,Urban,60-69,661,369,292,136,68,68,125,66,59,16,10,6,216,130,86,8,5,3,11,3,8,80,49,31,69,38,31
6072,C4920,22,404,District-Korba ,Urban,70-79,462,213,249,81,40,41,103,37,66,6,2,4,125,65,60,5,3,2,8,3,5,32,18,14,102,45,57
6073,C4920,22,404,District-Korba ,Urban,80-89,161,72,89,24,8,16,27,15,12,4,3,1,57,24,33,1,1,0,2,0,2,8,4,4,38,17,21
6074,C4920,22,404,District-Korba ,Urban,90+,39,24,15,2,1,1,5,3,2,4,3,1,15,8,7,0,0,0,1,1,0,5,3,2,7,5,2
6075,C4920,22,404,District-Korba ,Urban,Age Not Stated,7,5,2,0,0,0,0,0,0,1,0,1,3,2,1,0,0,0,0,0,0,3,3,0,0,0,0
6076,C4920,22,405,District-Janjgir - Champa,Total,Total,44151,23094,21057,7307,3580,3727,5755,2758,2997,1788,993,795,15253,8478,6775,2166,1161,1005,1406,747,659,4663,2602,2061,5813,2775,3038
6077,C4920,22,405,District-Janjgir - Champa,Total,0-4,1073,590,483,135,74,61,125,61,64,32,15,17,276,160,116,46,29,17,14,9,5,275,144,131,170,98,72
6078,C4920,22,405,District-Janjgir - Champa,Total,5-9,2086,1162,924,281,157,124,212,102,110,231,131,100,469,284,185,167,93,74,41,25,16,308,149,159,377,221,156
6079,C4920,22,405,District-Janjgir - Champa,Total,10-19,6289,3473,2816,687,382,305,645,346,299,510,289,221,1875,1058,817,673,375,298,214,108,106,792,435,357,893,480,413
6080,C4920,22,405,District-Janjgir - Champa,Total,20-29,6140,3624,2516,498,301,197,514,282,232,308,168,140,2779,1701,1078,458,250,208,293,174,119,735,441,294,555,307,248
6081,C4920,22,405,District-Janjgir - Champa,Total,30-39,4669,2851,1818,426,269,157,548,301,247,222,119,103,1852,1226,626,334,178,156,272,146,126,628,395,233,387,217,170
6082,C4920,22,405,District-Janjgir - Champa,Total,40-49,4160,2404,1756,568,325,243,594,305,289,189,109,80,1448,900,548,252,130,122,242,133,109,540,326,214,327,176,151
6083,C4920,22,405,District-Janjgir - Champa,Total,50-59,3844,2012,1832,797,399,398,534,232,302,106,57,49,1383,777,606,111,47,64,137,74,63,456,257,199,320,169,151
6084,C4920,22,405,District-Janjgir - Champa,Total,60-69,7151,3178,3973,1884,809,1075,1156,470,686,127,72,55,2427,1142,1285,74,31,43,119,51,68,538,269,269,826,334,492
6085,C4920,22,405,District-Janjgir - Champa,Total,70-79,5884,2561,3323,1515,645,870,977,444,533,45,26,19,1847,844,1003,32,18,14,54,20,34,289,136,153,1125,428,697
6086,C4920,22,405,District-Janjgir - Champa,Total,80-89,2237,994,1243,431,184,247,372,182,190,15,6,9,699,307,392,14,8,6,16,7,9,78,36,42,612,264,348
6087,C4920,22,405,District-Janjgir - Champa,Total,90+,601,238,363,83,34,49,77,33,44,3,1,2,192,76,116,5,2,3,3,0,3,19,11,8,219,81,138
6088,C4920,22,405,District-Janjgir - Champa,Total,Age Not Stated,17,7,10,2,1,1,1,0,1,0,0,0,6,3,3,0,0,0,1,0,1,5,3,2,2,0,2
6089,C4920,22,405,District-Janjgir - Champa,Rural,Total,38268,19989,18279,6439,3156,3283,5038,2412,2626,1530,842,688,13260,7338,5922,1842,979,863,1172,616,556,3914,2213,1701,5073,2433,2640
6090,C4920,22,405,District-Janjgir - Champa,Rural,0-4,916,501,415,109,58,51,105,51,54,25,11,14,250,144,106,35,21,14,13,8,5,227,120,107,152,88,64
6091,C4920,22,405,District-Janjgir - Champa,Rural,5-9,1813,1021,792,239,140,99,178,83,95,200,113,87,416,250,166,151,83,68,33,21,12,270,137,133,326,194,132
6092,C4920,22,405,District-Janjgir - Champa,Rural,10-19,5526,3049,2477,578,322,256,558,309,249,442,247,195,1680,945,735,591,325,266,193,95,98,677,375,302,807,431,376
6093,C4920,22,405,District-Janjgir - Champa,Rural,20-29,5269,3113,2156,427,264,163,446,244,202,263,142,121,2405,1474,931,386,209,177,246,145,101,621,377,244,475,258,217
6094,C4920,22,405,District-Janjgir - Champa,Rural,30-39,3958,2426,1532,353,224,129,471,261,210,191,101,90,1580,1052,528,273,147,126,241,127,114,519,327,192,330,187,143
6095,C4920,22,405,District-Janjgir - Champa,Rural,40-49,3520,2025,1495,468,272,196,522,267,255,158,93,65,1218,744,474,209,108,101,212,115,97,456,277,179,277,149,128
6096,C4920,22,405,District-Janjgir - Champa,Rural,50-59,3304,1695,1609,701,344,357,470,199,271,95,53,42,1178,648,530,88,36,52,119,60,59,375,205,170,278,150,128
6097,C4920,22,405,District-Janjgir - Champa,Rural,60-69,6292,2797,3495,1712,743,969,1025,411,614,105,57,48,2130,993,1137,63,26,37,81,35,46,460,240,220,716,292,424
6098,C4920,22,405,District-Janjgir - Champa,Rural,70-79,5159,2268,2891,1392,595,797,859,396,463,37,20,17,1609,743,866,29,16,13,26,9,17,230,113,117,977,376,601
6099,C4920,22,405,District-Janjgir - Champa,Rural,80-89,1944,866,1078,386,164,222,331,161,170,11,4,7,608,271,337,13,7,6,7,1,6,56,29,27,532,229,303
6100,C4920,22,405,District-Janjgir - Champa,Rural,90+,552,222,330,73,30,43,72,30,42,3,1,2,180,71,109,4,1,3,1,0,1,18,10,8,201,79,122
6101,C4920,22,405,District-Janjgir - Champa,Rural,Age Not Stated,15,6,9,1,0,1,1,0,1,0,0,0,6,3,3,0,0,0,0,0,0,5,3,2,2,0,2
6102,C4920,22,405,District-Janjgir - Champa,Urban,Total,5883,3105,2778,868,424,444,717,346,371,258,151,107,1993,1140,853,324,182,142,234,131,103,749,389,360,740,342,398
6103,C4920,22,405,District-Janjgir - Champa,Urban,0-4,157,89,68,26,16,10,20,10,10,7,4,3,26,16,10,11,8,3,1,1,0,48,24,24,18,10,8
6104,C4920,22,405,District-Janjgir - Champa,Urban,5-9,273,141,132,42,17,25,34,19,15,31,18,13,53,34,19,16,10,6,8,4,4,38,12,26,51,27,24
6105,C4920,22,405,District-Janjgir - Champa,Urban,10-19,763,424,339,109,60,49,87,37,50,68,42,26,195,113,82,82,50,32,21,13,8,115,60,55,86,49,37
6106,C4920,22,405,District-Janjgir - Champa,Urban,20-29,871,511,360,71,37,34,68,38,30,45,26,19,374,227,147,72,41,31,47,29,18,114,64,50,80,49,31
6107,C4920,22,405,District-Janjgir - Champa,Urban,30-39,711,425,286,73,45,28,77,40,37,31,18,13,272,174,98,61,31,30,31,19,12,109,68,41,57,30,27
6108,C4920,22,405,District-Janjgir - Champa,Urban,40-49,640,379,261,100,53,47,72,38,34,31,16,15,230,156,74,43,22,21,30,18,12,84,49,35,50,27,23
6109,C4920,22,405,District-Janjgir - Champa,Urban,50-59,540,317,223,96,55,41,64,33,31,11,4,7,205,129,76,23,11,12,18,14,4,81,52,29,42,19,23
6110,C4920,22,405,District-Janjgir - Champa,Urban,60-69,859,381,478,172,66,106,131,59,72,22,15,7,297,149,148,11,5,6,38,16,22,78,29,49,110,42,68
6111,C4920,22,405,District-Janjgir - Champa,Urban,70-79,725,293,432,123,50,73,118,48,70,8,6,2,238,101,137,3,2,1,28,11,17,59,23,36,148,52,96
6112,C4920,22,405,District-Janjgir - Champa,Urban,80-89,293,128,165,45,20,25,41,21,20,4,2,2,91,36,55,1,1,0,9,6,3,22,7,15,80,35,45
6113,C4920,22,405,District-Janjgir - Champa,Urban,90+,49,16,33,10,4,6,5,3,2,0,0,0,12,5,7,1,1,0,2,0,2,1,1,0,18,2,16
6114,C4920,22,405,District-Janjgir - Champa,Urban,Age Not Stated,2,1,1,1,1,0,0,0,0,0,0,0,0,0,0,0,0,0,1,0,1,0,0,0,0,0,0
6115,C4920,22,406,District-Bilaspur,Total,Total,66848,36828,30020,9821,4870,4951,10174,5504,4670,3042,1694,1348,22066,12993,9073,3411,1880,1531,2230,1231,999,8841,4956,3885,7263,3700,3563
6116,C4920,22,406,District-Bilaspur,Total,0-4,2298,1219,1079,284,144,140,307,146,161,76,44,32,593,354,239,82,38,44,28,12,16,638,340,298,290,141,149
6117,C4920,22,406,District-Bilaspur,Total,5-9,4298,2398,1900,580,303,277,560,304,256,421,233,188,921,546,375,334,197,137,82,48,34,698,377,321,702,390,312
6118,C4920,22,406,District-Bilaspur,Total,10-19,11064,6169,4895,1264,703,561,1433,825,608,848,461,387,3074,1751,1323,961,531,430,377,207,170,1681,884,797,1426,807,619
6119,C4920,22,406,District-Bilaspur,Total,20-29,10500,6221,4279,880,485,395,1312,819,493,555,319,236,4336,2667,1669,682,365,317,431,242,189,1485,872,613,819,452,367
6120,C4920,22,406,District-Bilaspur,Total,30-39,8599,5217,3382,777,467,310,1305,753,552,396,233,163,3168,2026,1142,548,305,243,543,341,202,1322,777,545,540,315,225
6121,C4920,22,406,District-Bilaspur,Total,40-49,7147,4287,2860,846,476,370,1159,671,488,265,145,120,2495,1585,910,433,247,186,419,224,195,1075,673,402,455,266,189
6122,C4920,22,406,District-Bilaspur,Total,50-59,6045,3433,2612,1087,524,563,964,534,430,212,122,90,2233,1390,843,165,94,71,186,88,98,796,451,345,402,230,172
6123,C4920,22,406,District-Bilaspur,Total,60-69,8065,3857,4208,2080,881,1199,1427,656,771,166,84,82,2583,1388,1195,130,68,62,110,43,67,691,352,339,878,385,493
6124,C4920,22,406,District-Bilaspur,Total,70-79,5979,2714,3265,1463,628,835,1182,547,635,67,29,38,1813,885,928,48,21,27,34,15,19,322,162,160,1050,427,623
6125,C4920,22,406,District-Bilaspur,Total,80-89,2140,993,1147,450,209,241,411,194,217,28,21,7,631,300,331,18,7,11,11,7,4,93,48,45,498,207,291
6126,C4920,22,406,District-Bilaspur,Total,90+,623,267,356,99,42,57,98,46,52,6,1,5,191,85,106,6,5,1,6,3,3,26,12,14,191,73,118
6127,C4920,22,406,District-Bilaspur,Total,Age Not Stated,90,53,37,11,8,3,16,9,7,2,2,0,28,16,12,4,2,2,3,1,2,14,8,6,12,7,5
6128,C4920,22,406,District-Bilaspur,Rural,Total,53573,29416,24157,8050,3955,4095,8458,4568,3890,2189,1221,968,17950,10546,7404,2481,1385,1096,1676,911,765,6872,3874,2998,5897,2956,2941
6129,C4920,22,406,District-Bilaspur,Rural,0-4,1839,972,867,225,114,111,238,113,125,55,34,21,512,303,209,62,30,32,22,10,12,501,262,239,224,106,118
6130,C4920,22,406,District-Bilaspur,Rural,5-9,3494,1977,1517,465,249,216,458,250,208,332,188,144,782,471,311,268,159,109,70,40,30,559,311,248,560,309,251
6131,C4920,22,406,District-Bilaspur,Rural,10-19,8979,5016,3963,993,566,427,1213,702,511,665,359,306,2596,1471,1125,760,429,331,289,149,140,1349,721,628,1114,619,495
6132,C4920,22,406,District-Bilaspur,Rural,20-29,8178,4935,3243,658,369,289,1058,673,385,367,215,152,3494,2196,1298,484,259,225,329,184,145,1144,679,465,644,360,284
6133,C4920,22,406,District-Bilaspur,Rural,30-39,6594,4018,2576,587,358,229,1035,599,436,273,156,117,2501,1605,896,368,205,163,406,250,156,991,594,397,433,251,182
6134,C4920,22,406,District-Bilaspur,Rural,40-49,5497,3250,2247,640,354,286,964,557,407,168,90,78,1960,1211,749,308,175,133,302,163,139,801,500,301,354,200,154
6135,C4920,22,406,District-Bilaspur,Rural,50-59,4817,2680,2137,889,407,482,807,450,357,140,83,57,1808,1107,701,109,61,48,131,58,73,607,338,269,326,176,150
6136,C4920,22,406,District-Bilaspur,Rural,60-69,6802,3209,3593,1825,768,1057,1247,567,680,113,55,58,2140,1129,1011,84,45,39,83,36,47,552,282,270,758,327,431
6137,C4920,22,406,District-Bilaspur,Rural,70-79,5001,2254,2747,1279,547,732,990,447,543,50,23,27,1469,717,752,24,12,12,26,11,15,263,132,131,900,365,535
6138,C4920,22,406,District-Bilaspur,Rural,80-89,1785,834,951,391,176,215,355,167,188,20,15,5,510,251,259,8,5,3,9,6,3,75,41,34,417,173,244
6139,C4920,22,406,District-Bilaspur,Rural,90+,518,234,284,89,41,48,80,37,43,4,1,3,158,74,84,3,3,0,6,3,3,20,10,10,158,65,93
6140,C4920,22,406,District-Bilaspur,Rural,Age Not Stated,69,37,32,9,6,3,13,6,7,2,2,0,20,11,9,3,2,1,3,1,2,10,4,6,9,5,4
6141,C4920,22,406,District-Bilaspur,Urban,Total,13275,7412,5863,1771,915,856,1716,936,780,853,473,380,4116,2447,1669,930,495,435,554,320,234,1969,1082,887,1366,744,622
6142,C4920,22,406,District-Bilaspur,Urban,0-4,459,247,212,59,30,29,69,33,36,21,10,11,81,51,30,20,8,12,6,2,4,137,78,59,66,35,31
6143,C4920,22,406,District-Bilaspur,Urban,5-9,804,421,383,115,54,61,102,54,48,89,45,44,139,75,64,66,38,28,12,8,4,139,66,73,142,81,61
6144,C4920,22,406,District-Bilaspur,Urban,10-19,2085,1153,932,271,137,134,220,123,97,183,102,81,478,280,198,201,102,99,88,58,30,332,163,169,312,188,124
6145,C4920,22,406,District-Bilaspur,Urban,20-29,2322,1286,1036,222,116,106,254,146,108,188,104,84,842,471,371,198,106,92,102,58,44,341,193,148,175,92,83
6146,C4920,22,406,District-Bilaspur,Urban,30-39,2005,1199,806,190,109,81,270,154,116,123,77,46,667,421,246,180,100,80,137,91,46,331,183,148,107,64,43
6147,C4920,22,406,District-Bilaspur,Urban,40-49,1650,1037,613,206,122,84,195,114,81,97,55,42,535,374,161,125,72,53,117,61,56,274,173,101,101,66,35
6148,C4920,22,406,District-Bilaspur,Urban,50-59,1228,753,475,198,117,81,157,84,73,72,39,33,425,283,142,56,33,23,55,30,25,189,113,76,76,54,22
6149,C4920,22,406,District-Bilaspur,Urban,60-69,1263,648,615,255,113,142,180,89,91,53,29,24,443,259,184,46,23,23,27,7,20,139,70,69,120,58,62
6150,C4920,22,406,District-Bilaspur,Urban,70-79,978,460,518,184,81,103,192,100,92,17,6,11,344,168,176,24,9,15,8,4,4,59,30,29,150,62,88
6151,C4920,22,406,District-Bilaspur,Urban,80-89,355,159,196,59,33,26,56,27,29,8,6,2,121,49,72,10,2,8,2,1,1,18,7,11,81,34,47
6152,C4920,22,406,District-Bilaspur,Urban,90+,105,33,72,10,1,9,18,9,9,2,0,2,33,11,22,3,2,1,0,0,0,6,2,4,33,8,25
6153,C4920,22,406,District-Bilaspur,Urban,Age Not Stated,21,16,5,2,2,0,3,3,0,0,0,0,8,5,3,1,0,1,0,0,0,4,4,0,3,2,1
6154,C4920,22,407,District-Kabeerdham,Total,Total,20684,11077,9607,3342,1664,1678,2701,1433,1268,959,561,398,6982,3958,3024,958,506,452,483,282,201,2813,1478,1335,2446,1195,1251
6155,C4920,22,407,District-Kabeerdham,Total,0-4,664,351,313,70,38,32,73,34,39,22,14,8,165,100,65,22,9,13,4,2,2,220,103,117,88,51,37
6156,C4920,22,407,District-Kabeerdham,Total,5-9,1220,718,502,138,84,54,141,82,59,125,74,51,295,183,112,99,57,42,21,11,10,210,108,102,191,119,72
6157,C4920,22,407,District-Kabeerdham,Total,10-19,3199,1772,1427,320,185,135,347,200,147,245,139,106,1021,584,437,285,144,141,82,44,38,509,255,254,390,221,169
6158,C4920,22,407,District-Kabeerdham,Total,20-29,3261,1932,1329,250,164,86,295,174,121,166,98,68,1445,879,566,207,113,94,89,56,33,542,301,241,267,147,120
6159,C4920,22,407,District-Kabeerdham,Total,30-39,2587,1565,1022,229,148,81,290,150,140,144,89,55,1009,634,375,132,76,56,104,66,38,496,297,199,183,105,78
6160,C4920,22,407,District-Kabeerdham,Total,40-49,2084,1213,871,290,158,132,295,166,129,111,69,42,738,448,290,117,58,59,94,64,30,305,164,141,134,86,48
6161,C4920,22,407,District-Kabeerdham,Total,50-59,1778,939,839,397,208,189,271,141,130,66,38,28,597,345,252,49,23,26,48,20,28,218,105,113,132,59,73
6162,C4920,22,407,District-Kabeerdham,Total,60-69,2599,1175,1424,788,320,468,456,220,236,55,28,27,762,368,394,23,15,8,27,13,14,187,93,94,301,118,183
6163,C4920,22,407,District-Kabeerdham,Total,70-79,2154,927,1227,627,256,371,351,172,179,19,9,10,612,279,333,18,10,8,10,4,6,88,37,51,429,160,269
6164,C4920,22,407,District-Kabeerdham,Total,80-89,866,359,507,196,81,115,127,67,60,5,3,2,268,109,159,3,1,2,2,0,2,30,10,20,235,88,147
6165,C4920,22,407,District-Kabeerdham,Total,90+,264,121,143,37,22,15,51,24,27,0,0,0,68,28,40,3,0,3,2,2,0,7,4,3,96,41,55
6166,C4920,22,407,District-Kabeerdham,Total,Age Not Stated,8,5,3,0,0,0,4,3,1,1,0,1,2,1,1,0,0,0,0,0,0,1,1,0,0,0,0
6167,C4920,22,407,District-Kabeerdham,Rural,Total,18828,9994,8834,3134,1549,1585,2462,1291,1171,817,485,332,6388,3573,2815,848,439,409,425,243,182,2477,1306,1171,2277,1108,1169
6168,C4920,22,407,District-Kabeerdham,Rural,0-4,600,322,278,65,34,31,66,32,34,21,14,7,151,95,56,21,9,12,4,2,2,186,86,100,86,50,36
6169,C4920,22,407,District-Kabeerdham,Rural,5-9,1104,648,456,118,68,50,113,62,51,113,69,44,277,171,106,93,54,39,19,10,9,194,103,91,177,111,66
6170,C4920,22,407,District-Kabeerdham,Rural,10-19,2919,1622,1297,299,173,126,307,173,134,219,126,93,938,534,404,262,133,129,75,40,35,453,232,221,366,211,155
6171,C4920,22,407,District-Kabeerdham,Rural,20-29,2884,1716,1168,225,146,79,262,156,106,138,81,57,1287,785,502,184,101,83,78,48,30,477,270,207,233,129,104
6172,C4920,22,407,District-Kabeerdham,Rural,30-39,2266,1358,908,202,131,71,260,134,126,111,72,39,901,557,344,104,55,49,94,59,35,430,255,175,164,95,69
6173,C4920,22,407,District-Kabeerdham,Rural,40-49,1865,1064,801,275,150,125,269,150,119,92,58,34,673,397,276,101,46,55,77,50,27,260,141,119,118,72,46
6174,C4920,22,407,District-Kabeerdham,Rural,50-59,1612,837,775,381,201,180,248,126,122,55,29,26,537,299,238,40,19,21,45,19,26,189,90,99,117,54,63
6175,C4920,22,407,District-Kabeerdham,Rural,60-69,2454,1097,1357,748,305,443,435,206,229,47,26,21,725,346,379,20,12,8,22,11,11,171,83,88,286,108,178
6176,C4920,22,407,District-Kabeerdham,Rural,70-79,2032,862,1170,594,240,354,329,161,168,15,7,8,579,257,322,17,9,8,8,3,5,80,31,49,410,154,256
6177,C4920,22,407,District-Kabeerdham,Rural,80-89,832,347,485,191,79,112,120,65,55,5,3,2,255,104,151,3,1,2,2,0,2,29,10,19,227,85,142
6178,C4920,22,407,District-Kabeerdham,Rural,90+,253,117,136,36,22,14,50,24,26,0,0,0,63,27,36,3,0,3,1,1,0,7,4,3,93,39,54
6179,C4920,22,407,District-Kabeerdham,Rural,Age Not Stated,7,4,3,0,0,0,3,2,1,1,0,1,2,1,1,0,0,0,0,0,0,1,1,0,0,0,0
6180,C4920,22,407,District-Kabeerdham,Urban,Total,1856,1083,773,208,115,93,239,142,97,142,76,66,594,385,209,110,67,43,58,39,19,336,172,164,169,87,82
6181,C4920,22,407,District-Kabeerdham,Urban,0-4,64,29,35,5,4,1,7,2,5,1,0,1,14,5,9,1,0,1,0,0,0,34,17,17,2,1,1
6182,C4920,22,407,District-Kabeerdham,Urban,5-9,116,70,46,20,16,4,28,20,8,12,5,7,18,12,6,6,3,3,2,1,1,16,5,11,14,8,6
6183,C4920,22,407,District-Kabeerdham,Urban,10-19,280,150,130,21,12,9,40,27,13,26,13,13,83,50,33,23,11,12,7,4,3,56,23,33,24,10,14
6184,C4920,22,407,District-Kabeerdham,Urban,20-29,377,216,161,25,18,7,33,18,15,28,17,11,158,94,64,23,12,11,11,8,3,65,31,34,34,18,16
6185,C4920,22,407,District-Kabeerdham,Urban,30-39,321,207,114,27,17,10,30,16,14,33,17,16,108,77,31,28,21,7,10,7,3,66,42,24,19,10,9
6186,C4920,22,407,District-Kabeerdham,Urban,40-49,219,149,70,15,8,7,26,16,10,19,11,8,65,51,14,16,12,4,17,14,3,45,23,22,16,14,2
6187,C4920,22,407,District-Kabeerdham,Urban,50-59,166,102,64,16,7,9,23,15,8,11,9,2,60,46,14,9,4,5,3,1,2,29,15,14,15,5,10
6188,C4920,22,407,District-Kabeerdham,Urban,60-69,145,78,67,40,15,25,21,14,7,8,2,6,37,22,15,3,3,0,5,2,3,16,10,6,15,10,5
6189,C4920,22,407,District-Kabeerdham,Urban,70-79,122,65,57,33,16,17,22,11,11,4,2,2,33,22,11,1,1,0,2,1,1,8,6,2,19,6,13
6190,C4920,22,407,District-Kabeerdham,Urban,80-89,34,12,22,5,2,3,7,2,5,0,0,0,13,5,8,0,0,0,0,0,0,1,0,1,8,3,5
6191,C4920,22,407,District-Kabeerdham,Urban,90+,11,4,7,1,0,1,1,0,1,0,0,0,5,1,4,0,0,0,1,1,0,0,0,0,3,2,1
6192,C4920,22,407,District-Kabeerdham,Urban,Age Not Stated,1,1,0,0,0,0,1,1,0,0,0,0,0,0,0,0,0,0,0,0,0,0,0,0,0,0,0
6193,C4920,22,408,District-Rajnandgaon,Total,Total,42013,21770,20243,6595,3150,3445,6352,3169,3183,1689,931,758,13118,7419,5699,2373,1174,1199,1295,677,618,5451,2807,2644,5140,2443,2697
6194,C4920,22,408,District-Rajnandgaon,Total,0-4,1055,545,510,143,71,72,90,34,56,25,13,12,248,139,109,43,27,16,6,2,4,340,174,166,160,85,75
6195,C4920,22,408,District-Rajnandgaon,Total,5-9,2028,1149,879,231,133,98,205,117,88,196,106,90,402,251,151,236,134,102,40,24,16,374,198,176,344,186,158
6196,C4920,22,408,District-Rajnandgaon,Total,10-19,5596,3062,2534,591,348,243,581,318,263,409,218,191,1352,749,603,665,367,298,208,103,105,978,513,465,812,446,366
6197,C4920,22,408,District-Rajnandgaon,Total,20-29,5561,3044,2517,416,223,193,570,323,247,285,152,133,2173,1259,914,474,208,266,248,137,111,886,488,398,509,254,255
6198,C4920,22,408,District-Rajnandgaon,Total,30-39,4961,2820,2141,449,255,194,596,318,278,230,129,101,1875,1173,702,393,191,202,275,148,127,797,414,383,346,192,154
6199,C4920,22,408,District-Rajnandgaon,Total,40-49,4838,2761,2077,588,344,244,707,379,328,215,126,89,1677,1042,635,294,130,164,261,142,119,769,418,351,327,180,147
6200,C4920,22,408,District-Rajnandgaon,Total,50-59,4642,2503,2139,885,425,460,778,391,387,135,78,57,1632,982,650,154,68,86,136,71,65,531,288,243,391,200,191
6201,C4920,22,408,District-Rajnandgaon,Total,60-69,6610,2964,3646,1729,696,1033,1358,612,746,120,72,48,1951,991,960,72,30,42,83,32,51,492,196,296,805,335,470
6202,C4920,22,408,District-Rajnandgaon,Total,70-79,4772,2085,2687,1183,498,685,1047,473,574,57,28,29,1307,601,706,33,16,17,29,13,16,213,94,119,903,362,541
6203,C4920,22,408,District-Rajnandgaon,Total,80-89,1484,651,833,310,128,182,320,161,159,13,6,7,401,186,215,2,2,0,5,1,4,49,16,33,384,151,233
6204,C4920,22,408,District-Rajnandgaon,Total,90+,434,170,264,65,27,38,97,42,55,2,1,1,91,41,50,6,1,5,3,3,0,17,7,10,153,48,105
6205,C4920,22,408,District-Rajnandgaon,Total,Age Not Stated,32,16,16,5,2,3,3,1,2,2,2,0,9,5,4,1,0,1,1,1,0,5,1,4,6,4,2
6206,C4920,22,408,District-Rajnandgaon,Rural,Total,35201,18025,17176,5706,2692,3014,5510,2704,2806,1373,748,625,10855,6085,4770,1946,958,988,1015,525,490,4355,2225,2130,4441,2088,2353
6207,C4920,22,408,District-Rajnandgaon,Rural,0-4,907,470,437,128,64,64,79,29,50,24,12,12,213,119,94,34,20,14,6,2,4,288,153,135,135,71,64
6208,C4920,22,408,District-Rajnandgaon,Rural,5-9,1727,969,758,193,109,84,174,96,78,168,89,79,348,216,132,207,120,87,36,22,14,309,161,148,292,156,136
6209,C4920,22,408,District-Rajnandgaon,Rural,10-19,4666,2526,2140,462,274,188,494,269,225,344,181,163,1173,644,529,568,310,258,174,88,86,800,407,393,651,353,298
6210,C4920,22,408,District-Rajnandgaon,Rural,20-29,4542,2468,2074,328,175,153,463,253,210,234,124,110,1825,1064,761,387,166,221,197,109,88,691,376,315,417,201,216
6211,C4920,22,408,District-Rajnandgaon,Rural,30-39,3990,2251,1739,356,197,159,485,250,235,180,99,81,1504,943,561,306,149,157,208,107,101,651,339,312,300,167,133
6212,C4920,22,408,District-Rajnandgaon,Rural,40-49,3886,2207,1679,500,299,201,598,315,283,161,96,65,1331,823,508,242,106,136,198,106,92,582,312,270,274,150,124
6213,C4920,22,408,District-Rajnandgaon,Rural,50-59,3871,2042,1829,777,363,414,689,343,346,110,62,48,1314,781,533,118,48,70,98,48,50,424,228,196,341,169,172
6214,C4920,22,408,District-Rajnandgaon,Rural,60-69,5736,2534,3202,1543,611,932,1223,544,679,96,55,41,1637,812,825,54,24,30,67,28,39,385,158,227,731,302,429
6215,C4920,22,408,District-Rajnandgaon,Rural,70-79,4198,1834,2364,1083,460,623,936,425,511,45,23,22,1099,495,604,25,13,12,23,10,13,169,73,96,818,335,483
6216,C4920,22,408,District-Rajnandgaon,Rural,80-89,1283,561,722,274,115,159,284,143,141,9,5,4,333,150,183,1,1,0,4,1,3,37,10,27,341,136,205
6217,C4920,22,408,District-Rajnandgaon,Rural,90+,368,148,220,58,23,35,82,36,46,0,0,0,70,33,37,4,1,3,3,3,0,15,7,8,136,45,91
6218,C4920,22,408,District-Rajnandgaon,Rural,Age Not Stated,27,15,12,4,2,2,3,1,2,2,2,0,8,5,3,0,0,0,1,1,0,4,1,3,5,3,2
6219,C4920,22,408,District-Rajnandgaon,Urban,Total,6812,3745,3067,889,458,431,842,465,377,316,183,133,2263,1334,929,427,216,211,280,152,128,1096,582,514,699,355,344
6220,C4920,22,408,District-Rajnandgaon,Urban,0-4,148,75,73,15,7,8,11,5,6,1,1,0,35,20,15,9,7,2,0,0,0,52,21,31,25,14,11
6221,C4920,22,408,District-Rajnandgaon,Urban,5-9,301,180,121,38,24,14,31,21,10,28,17,11,54,35,19,29,14,15,4,2,2,65,37,28,52,30,22
6222,C4920,22,408,District-Rajnandgaon,Urban,10-19,930,536,394,129,74,55,87,49,38,65,37,28,179,105,74,97,57,40,34,15,19,178,106,72,161,93,68
6223,C4920,22,408,District-Rajnandgaon,Urban,20-29,1019,576,443,88,48,40,107,70,37,51,28,23,348,195,153,87,42,45,51,28,23,195,112,83,92,53,39
6224,C4920,22,408,District-Rajnandgaon,Urban,30-39,971,569,402,93,58,35,111,68,43,50,30,20,371,230,141,87,42,45,67,41,26,146,75,71,46,25,21
6225,C4920,22,408,District-Rajnandgaon,Urban,40-49,952,554,398,88,45,43,109,64,45,54,30,24,346,219,127,52,24,28,63,36,27,187,106,81,53,30,23
6226,C4920,22,408,District-Rajnandgaon,Urban,50-59,771,461,310,108,62,46,89,48,41,25,16,9,318,201,117,36,20,16,38,23,15,107,60,47,50,31,19
6227,C4920,22,408,District-Rajnandgaon,Urban,60-69,874,430,444,186,85,101,135,68,67,24,17,7,314,179,135,18,6,12,16,4,12,107,38,69,74,33,41
6228,C4920,22,408,District-Rajnandgaon,Urban,70-79,574,251,323,100,38,62,111,48,63,12,5,7,208,106,102,8,3,5,6,3,3,44,21,23,85,27,58
6229,C4920,22,408,District-Rajnandgaon,Urban,80-89,201,90,111,36,13,23,36,18,18,4,1,3,68,36,32,1,1,0,1,0,1,12,6,6,43,15,28
6230,C4920,22,408,District-Rajnandgaon,Urban,90+,66,22,44,7,4,3,15,6,9,2,1,1,21,8,13,2,0,2,0,0,0,2,0,2,17,3,14
6231,C4920,22,408,District-Rajnandgaon,Urban,Age Not Stated,5,1,4,1,0,1,0,0,0,0,0,0,1,0,1,1,0,1,0,0,0,1,0,1,1,1,0
6232,C4920,22,409,District-Durg,Total,Total,79006,42562,36444,12941,6449,6492,11055,5808,5247,3554,1959,1595,25188,14513,10675,4697,2471,2226,2785,1513,1272,8928,5006,3922,9858,4843,5015
6233,C4920,22,409,District-Durg,Total,0-4,2031,1069,962,306,141,165,298,132,166,62,34,28,381,224,157,72,35,37,25,15,10,578,316,262,309,172,137
6234,C4920,22,409,District-Durg,Total,5-9,3873,2148,1725,478,261,217,431,227,204,379,219,160,724,420,304,413,233,180,106,61,45,617,340,277,725,387,338
6235,C4920,22,409,District-Durg,Total,10-19,10567,5867,4700,1245,700,545,1207,670,537,858,458,400,2579,1470,1109,1353,712,641,384,224,160,1410,787,623,1531,846,685
6236,C4920,22,409,District-Durg,Total,20-29,12087,6814,5273,1087,629,458,1254,710,544,650,330,320,4973,2884,2089,987,535,452,576,314,262,1411,799,612,1149,613,536
6237,C4920,22,409,District-Durg,Total,30-39,10405,6069,4336,1066,609,457,1291,722,569,475,278,197,3994,2477,1517,826,420,406,653,357,296,1369,805,564,731,401,330
6238,C4920,22,409,District-Durg,Total,40-49,9555,5672,3883,1461,841,620,1368,769,599,459,263,196,3229,2084,1145,560,300,260,552,296,256,1264,741,523,662,378,284
6239,C4920,22,409,District-Durg,Total,50-59,8411,4715,3696,1787,920,867,1246,665,581,288,176,112,2915,1804,1111,266,133,133,250,129,121,969,543,426,690,345,345
6240,C4920,22,409,District-Durg,Total,60-69,10755,5040,5715,2862,1190,1672,1765,816,949,243,128,115,3271,1699,1572,149,68,81,156,75,81,811,414,397,1498,650,848
6241,C4920,22,409,District-Durg,Total,70-79,7918,3709,4209,1989,882,1107,1546,792,754,110,64,46,2198,1048,1150,54,28,26,61,32,29,367,192,175,1593,671,922
6242,C4920,22,409,District-Durg,Total,80-89,2660,1159,1501,548,232,316,506,237,269,26,8,18,749,326,423,12,4,8,12,6,6,97,52,45,710,294,416
6243,C4920,22,409,District-Durg,Total,90+,694,275,419,100,39,61,136,67,69,3,1,2,169,76,93,3,1,2,8,3,5,21,7,14,254,81,173
6244,C4920,22,409,District-Durg,Total,Age Not Stated,50,25,25,12,5,7,7,1,6,1,0,1,6,1,5,2,2,0,2,1,1,14,10,4,6,5,1
6245,C4920,22,409,District-Durg,Rural,Total,51957,27335,24622,8492,4076,4416,6926,3570,3356,2026,1119,907,17289,9798,7491,3024,1518,1506,1679,872,807,5256,2903,2353,7265,3479,3786
6246,C4920,22,409,District-Durg,Rural,0-4,1155,623,532,150,68,82,122,57,65,33,19,14,261,151,110,50,24,26,13,7,6,320,181,139,206,116,90
6247,C4920,22,409,District-Durg,Rural,5-9,2412,1359,1053,224,129,95,219,126,93,236,139,97,501,290,211,303,163,140,57,33,24,363,203,160,509,276,233
6248,C4920,22,409,District-Durg,Rural,10-19,6692,3677,3015,624,357,267,645,369,276,511,275,236,1840,1024,816,924,470,454,250,133,117,878,484,394,1020,565,455
6249,C4920,22,409,District-Durg,Rural,20-29,7398,4120,3278,529,307,222,621,369,252,350,175,175,3456,1980,1476,580,291,289,331,175,156,763,426,337,768,397,371
6250,C4920,22,409,District-Durg,Rural,30-39,6365,3659,2706,536,320,216,677,372,305,263,152,111,2697,1656,1041,497,231,266,400,206,194,804,455,349,491,267,224
6251,C4920,22,409,District-Durg,Rural,40-49,5880,3406,2474,826,460,366,789,423,366,247,136,111,2141,1338,803,348,187,161,337,174,163,722,424,298,470,264,206
6252,C4920,22,409,District-Durg,Rural,50-59,5664,3078,2586,1280,634,646,849,444,405,158,98,60,1971,1187,784,180,87,93,147,76,71,566,299,267,513,253,260
6253,C4920,22,409,District-Durg,Rural,60-69,7882,3624,4258,2221,896,1325,1337,604,733,136,76,60,2272,1179,1093,96,43,53,99,47,52,512,267,245,1209,512,697
6254,C4920,22,409,District-Durg,Rural,70-79,5882,2647,3235,1561,674,887,1177,577,600,72,40,32,1478,691,787,33,18,15,31,15,16,239,115,124,1291,517,774
6255,C4920,22,409,District-Durg,Rural,80-89,2059,904,1155,452,195,257,383,176,207,18,8,10,539,242,297,10,3,7,8,4,4,65,39,26,584,237,347
6256,C4920,22,409,District-Durg,Rural,90+,536,223,313,80,32,48,104,52,52,1,1,0,128,59,69,2,0,2,4,1,3,18,7,11,199,71,128
6257,C4920,22,409,District-Durg,Rural,Age Not Stated,32,15,17,9,4,5,3,1,2,1,0,1,5,1,4,1,1,0,2,1,1,6,3,3,5,4,1
6258,C4920,22,409,District-Durg,Urban,Total,27049,15227,11822,4449,2373,2076,4129,2238,1891,1528,840,688,7899,4715,3184,1673,953,720,1106,641,465,3672,2103,1569,2593,1364,1229
6259,C4920,22,409,District-Durg,Urban,0-4,876,446,430,156,73,83,176,75,101,29,15,14,120,73,47,22,11,11,12,8,4,258,135,123,103,56,47
6260,C4920,22,409,District-Durg,Urban,5-9,1461,789,672,254,132,122,212,101,111,143,80,63,223,130,93,110,70,40,49,28,21,254,137,117,216,111,105
6261,C4920,22,409,District-Durg,Urban,10-19,3875,2190,1685,621,343,278,562,301,261,347,183,164,739,446,293,429,242,187,134,91,43,532,303,229,511,281,230
6262,C4920,22,409,District-Durg,Urban,20-29,4689,2694,1995,558,322,236,633,341,292,300,155,145,1517,904,613,407,244,163,245,139,106,648,373,275,381,216,165
6263,C4920,22,409,District-Durg,Urban,30-39,4040,2410,1630,530,289,241,614,350,264,212,126,86,1297,821,476,329,189,140,253,151,102,565,350,215,240,134,106
6264,C4920,22,409,District-Durg,Urban,40-49,3675,2266,1409,635,381,254,579,346,233,212,127,85,1088,746,342,212,113,99,215,122,93,542,317,225,192,114,78
6265,C4920,22,409,District-Durg,Urban,50-59,2747,1637,1110,507,286,221,397,221,176,130,78,52,944,617,327,86,46,40,103,53,50,403,244,159,177,92,85
6266,C4920,22,409,District-Durg,Urban,60-69,2873,1416,1457,641,294,347,428,212,216,107,52,55,999,520,479,53,25,28,57,28,29,299,147,152,289,138,151
6267,C4920,22,409,District-Durg,Urban,70-79,2036,1062,974,428,208,220,369,215,154,38,24,14,720,357,363,21,10,11,30,17,13,128,77,51,302,154,148
6268,C4920,22,409,District-Durg,Urban,80-89,601,255,346,96,37,59,123,61,62,8,0,8,210,84,126,2,1,1,4,2,2,32,13,19,126,57,69
6269,C4920,22,409,District-Durg,Urban,90+,158,52,106,20,7,13,32,15,17,2,0,2,41,17,24,1,1,0,4,2,2,3,0,3,55,10,45
6270,C4920,22,409,District-Durg,Urban,Age Not Stated,18,10,8,3,1,2,4,0,4,0,0,0,1,0,1,1,1,0,0,0,0,8,7,1,1,1,0
6271,C4920,22,410,District-Raipur,Total,Total,113650,60497,53153,31373,16058,15315,17915,9229,8686,5185,2797,2388,25907,14897,11010,5814,3057,2757,2808,1441,1367,14409,7872,6537,10239,5146,5093
6272,C4920,22,410,District-Raipur,Total,0-4,5516,2907,2609,2221,1140,1081,859,458,401,101,48,53,555,317,238,231,125,106,23,11,12,1131,597,534,395,211,184
6273,C4920,22,410,District-Raipur,Total,5-9,7912,4239,3673,2592,1327,1265,1161,612,549,641,355,286,881,478,403,583,319,264,112,65,47,1034,575,459,908,508,400
6274,C4920,22,410,District-Raipur,Total,10-19,19207,10347,8860,5545,2860,2685,2699,1438,1261,1310,700,610,3082,1806,1276,1696,897,799,443,237,206,2546,1338,1208,1886,1071,815
6275,C4920,22,410,District-Raipur,Total,20-29,18338,10079,8259,4351,2343,2008,2415,1277,1138,981,517,464,5159,3035,2124,1174,592,582,573,279,294,2468,1379,1089,1217,657,560
6276,C4920,22,410,District-Raipur,Total,30-39,14853,8512,6341,3683,2075,1608,2303,1284,1019,723,382,341,3675,2311,1364,894,469,425,619,325,294,2120,1206,914,836,460,376
6277,C4920,22,410,District-Raipur,Total,40-49,12837,7480,5357,3339,1902,1437,2079,1129,950,592,330,262,3188,2067,1121,638,352,286,548,289,259,1813,1044,769,640,367,273
6278,C4920,22,410,District-Raipur,Total,50-59,10002,5568,4434,2665,1353,1312,1681,906,775,366,225,141,2819,1732,1087,292,169,123,265,127,138,1293,720,573,621,336,285
6279,C4920,22,410,District-Raipur,Total,60-69,12567,5870,6697,3751,1643,2108,2297,1069,1228,263,142,121,3409,1700,1709,192,81,111,152,67,85,1183,607,576,1320,561,759
6280,C4920,22,410,District-Raipur,Total,70-79,8458,3774,4684,2320,1022,1298,1631,698,933,140,66,74,2148,1023,1125,78,38,40,55,27,28,540,272,268,1546,628,918
6281,C4920,22,410,District-Raipur,Total,80-89,2851,1232,1619,651,268,383,563,256,307,40,19,21,763,335,428,16,8,8,9,5,4,175,86,89,634,255,379
6282,C4920,22,410,District-Raipur,Total,90+,811,334,477,171,78,93,165,74,91,14,6,8,189,72,117,6,1,5,3,3,0,54,20,34,209,80,129
6283,C4920,22,410,District-Raipur,Total,Age Not Stated,298,155,143,84,47,37,62,28,34,14,7,7,39,21,18,14,6,8,6,6,0,52,28,24,27,12,15
6284,C4920,22,410,District-Raipur,Rural,Total,77198,40672,36526,20970,10620,10350,11499,5844,5655,3268,1750,1518,18985,10795,8190,3817,1949,1868,1958,974,984,9016,4943,4073,7685,3797,3888
6285,C4920,22,410,District-Raipur,Rural,0-4,3593,1881,1712,1466,751,715,496,259,237,60,27,33,435,251,184,134,75,59,17,9,8,717,367,350,268,142,126
6286,C4920,22,410,District-Raipur,Rural,5-9,5331,2848,2483,1693,867,826,682,354,328,445,237,208,691,379,312,411,224,187,78,46,32,667,365,302,664,376,288
6287,C4920,22,410,District-Raipur,Rural,10-19,13310,7259,6051,3643,1911,1732,1728,941,787,894,491,403,2369,1388,981,1227,646,581,321,171,150,1723,932,791,1405,779,626
6288,C4920,22,410,District-Raipur,Rural,20-29,11622,6440,5182,2503,1354,1149,1310,709,601,572,299,273,3742,2244,1498,725,355,370,392,179,213,1480,817,663,898,483,415
6289,C4920,22,410,District-Raipur,Rural,30-39,9286,5348,3938,2189,1258,931,1304,727,577,430,225,205,2550,1592,958,540,260,280,430,217,213,1257,744,513,586,325,261
6290,C4920,22,410,District-Raipur,Rural,40-49,8269,4754,3515,2109,1185,924,1274,677,597,352,196,156,2247,1411,836,397,211,186,378,193,185,1054,619,435,458,262,196
6291,C4920,22,410,District-Raipur,Rural,50-59,6812,3664,3148,1825,880,945,1132,594,538,226,135,91,2032,1211,821,177,95,82,178,84,94,787,428,359,455,237,218
6292,C4920,22,410,District-Raipur,Rural,60-69,9558,4329,5229,2996,1284,1712,1730,786,944,156,75,81,2615,1269,1346,125,46,79,113,44,69,797,403,394,1026,422,604
6293,C4920,22,410,District-Raipur,Rural,70-79,6544,2899,3645,1876,841,1035,1266,533,733,91,45,46,1604,749,855,60,30,30,41,23,18,364,183,181,1242,495,747
6294,C4920,22,410,District-Raipur,Rural,80-89,2138,928,1210,509,210,299,426,197,229,27,14,13,543,237,306,11,5,6,6,4,2,111,56,55,505,205,300
6295,C4920,22,410,District-Raipur,Rural,90+,588,248,340,118,53,65,120,55,65,9,3,6,139,55,84,3,0,3,1,1,0,36,14,22,162,67,95
6296,C4920,22,410,District-Raipur,Rural,Age Not Stated,147,74,73,43,26,17,31,12,19,6,3,3,18,9,9,7,2,5,3,3,0,23,15,8,16,4,12
6297,C4920,22,410,District-Raipur,Urban,Total,36452,19825,16627,10403,5438,4965,6416,3385,3031,1917,1047,870,6922,4102,2820,1997,1108,889,850,467,383,5393,2929,2464,2554,1349,1205
6298,C4920,22,410,District-Raipur,Urban,0-4,1923,1026,897,755,389,366,363,199,164,41,21,20,120,66,54,97,50,47,6,2,4,414,230,184,127,69,58
6299,C4920,22,410,District-Raipur,Urban,5-9,2581,1391,1190,899,460,439,479,258,221,196,118,78,190,99,91,172,95,77,34,19,15,367,210,157,244,132,112
6300,C4920,22,410,District-Raipur,Urban,10-19,5897,3088,2809,1902,949,953,971,497,474,416,209,207,713,418,295,469,251,218,122,66,56,823,406,417,481,292,189
6301,C4920,22,410,District-Raipur,Urban,20-29,6716,3639,3077,1848,989,859,1105,568,537,409,218,191,1417,791,626,449,237,212,181,100,81,988,562,426,319,174,145
6302,C4920,22,410,District-Raipur,Urban,30-39,5567,3164,2403,1494,817,677,999,557,442,293,157,136,1125,719,406,354,209,145,189,108,81,863,462,401,250,135,115
6303,C4920,22,410,District-Raipur,Urban,40-49,4568,2726,1842,1230,717,513,805,452,353,240,134,106,941,656,285,241,141,100,170,96,74,759,425,334,182,105,77
6304,C4920,22,410,District-Raipur,Urban,50-59,3190,1904,1286,840,473,367,549,312,237,140,90,50,787,521,266,115,74,41,87,43,44,506,292,214,166,99,67
6305,C4920,22,410,District-Raipur,Urban,60-69,3009,1541,1468,755,359,396,567,283,284,107,67,40,794,431,363,67,35,32,39,23,16,386,204,182,294,139,155
6306,C4920,22,410,District-Raipur,Urban,70-79,1914,875,1039,444,181,263,365,165,200,49,21,28,544,274,270,18,8,10,14,4,10,176,89,87,304,133,171
6307,C4920,22,410,District-Raipur,Urban,80-89,713,304,409,142,58,84,137,59,78,13,5,8,220,98,122,5,3,2,3,1,2,64,30,34,129,50,79
6308,C4920,22,410,District-Raipur,Urban,90+,223,86,137,53,25,28,45,19,26,5,3,2,50,17,33,3,1,2,2,2,0,18,6,12,47,13,34
6309,C4920,22,410,District-Raipur,Urban,Age Not Stated,151,81,70,41,21,20,31,16,15,8,4,4,21,12,9,7,4,3,3,3,0,29,13,16,11,8,3
6310,C4920,22,411,District-Mahasamund,Total,Total,30385,15233,15152,5530,2650,2880,3968,1857,2111,1106,593,513,9384,5051,4333,1579,816,763,1002,454,548,3159,1646,1513,4657,2166,2491
6311,C4920,22,411,District-Mahasamund,Total,0-4,714,393,321,141,69,72,55,30,25,21,13,8,161,92,69,26,15,11,9,6,3,185,96,89,116,72,44
6312,C4920,22,411,District-Mahasamund,Total,5-9,1422,771,651,193,95,98,95,45,50,154,83,71,301,187,114,165,91,74,26,10,16,214,111,103,274,149,125
6313,C4920,22,411,District-Mahasamund,Total,10-19,3728,2041,1687,531,287,244,312,166,146,289,152,137,891,526,365,466,276,190,117,60,57,516,247,269,606,327,279
6314,C4920,22,411,District-Mahasamund,Total,20-29,3318,1860,1458,305,176,129,253,133,120,185,93,92,1263,746,517,281,147,134,190,97,93,454,264,190,387,204,183
6315,C4920,22,411,District-Mahasamund,Total,30-39,3083,1723,1360,333,201,132,310,153,157,151,92,59,1060,673,387,269,103,166,253,121,132,438,239,199,269,141,128
6316,C4920,22,411,District-Mahasamund,Total,40-49,3008,1688,1320,436,239,197,392,211,181,118,65,53,1029,609,420,203,106,97,175,77,98,409,234,175,246,147,99
6317,C4920,22,411,District-Mahasamund,Total,50-59,3185,1594,1591,709,341,368,484,227,257,71,38,33,1099,606,493,86,41,45,123,42,81,306,156,150,307,143,164
6318,C4920,22,411,District-Mahasamund,Total,60-69,5589,2473,3116,1500,625,875,965,411,554,80,38,42,1722,839,883,60,26,34,87,33,54,354,170,184,821,331,490
6319,C4920,22,411,District-Mahasamund,Total,70-79,4347,1881,2466,1005,453,552,796,349,447,27,13,14,1289,545,744,18,10,8,19,7,12,194,85,109,999,419,580
6320,C4920,22,411,District-Mahasamund,Total,80-89,1575,652,923,314,137,177,252,108,144,9,5,4,456,184,272,4,1,3,3,1,2,66,34,32,471,182,289
6321,C4920,22,411,District-Mahasamund,Total,90+,408,153,255,63,27,36,53,24,29,0,0,0,111,43,68,1,0,1,0,0,0,19,8,11,161,51,110
6322,C4920,22,411,District-Mahasamund,Total,Age Not Stated,8,4,4,0,0,0,1,0,1,1,1,0,2,1,1,0,0,0,0,0,0,4,2,2,0,0,0
6323,C4920,22,411,District-Mahasamund,Rural,Total,27463,13639,13824,5046,2426,2620,3630,1684,1946,979,516,463,8482,4501,3981,1422,726,696,881,394,487,2771,1439,1332,4252,1953,2299
6324,C4920,22,411,District-Mahasamund,Rural,0-4,637,347,290,124,61,63,51,29,22,20,12,8,141,77,64,22,13,9,9,6,3,163,83,80,107,66,41
6325,C4920,22,411,District-Mahasamund,Rural,5-9,1285,694,591,165,80,85,86,42,44,139,74,65,280,177,103,156,85,71,25,10,15,186,97,89,248,129,119
6326,C4920,22,411,District-Mahasamund,Rural,10-19,3340,1825,1515,471,257,214,283,151,132,259,134,125,804,472,332,430,251,179,106,56,50,449,215,234,538,289,249
6327,C4920,22,411,District-Mahasamund,Rural,20-29,2874,1602,1272,251,142,109,215,110,105,159,81,78,1114,659,455,240,121,119,158,81,77,404,239,165,333,169,164
6328,C4920,22,411,District-Mahasamund,Rural,30-39,2726,1507,1219,293,180,113,281,135,146,129,78,51,937,588,349,235,91,144,219,102,117,387,206,181,245,127,118
6329,C4920,22,411,District-Mahasamund,Rural,40-49,2675,1490,1185,404,223,181,355,186,169,109,61,48,903,530,373,185,95,90,154,65,89,349,201,148,216,129,87
6330,C4920,22,411,District-Mahasamund,Rural,50-59,2850,1394,1456,653,311,342,438,207,231,59,29,30,985,526,459,80,37,43,108,35,73,260,131,129,267,118,149
6331,C4920,22,411,District-Mahasamund,Rural,60-69,5171,2252,2919,1399,587,812,907,376,531,72,31,41,1582,752,830,54,24,30,82,32,50,312,148,164,763,302,461
6332,C4920,22,411,District-Mahasamund,Rural,70-79,4078,1771,2307,934,428,506,735,325,410,25,12,13,1213,505,708,15,8,7,17,6,11,181,78,103,958,409,549
6333,C4920,22,411,District-Mahasamund,Rural,80-89,1457,613,844,292,131,161,231,101,130,8,4,4,423,175,248,4,1,3,3,1,2,60,31,29,436,169,267
6334,C4920,22,411,District-Mahasamund,Rural,90+,365,141,224,60,26,34,47,22,25,0,0,0,99,39,60,1,0,1,0,0,0,17,8,9,141,46,95
6335,C4920,22,411,District-Mahasamund,Rural,Age Not Stated,5,3,2,0,0,0,1,0,1,0,0,0,1,1,0,0,0,0,0,0,0,3,2,1,0,0,0
6336,C4920,22,411,District-Mahasamund,Urban,Total,2922,1594,1328,484,224,260,338,173,165,127,77,50,902,550,352,157,90,67,121,60,61,388,207,181,405,213,192
6337,C4920,22,411,District-Mahasamund,Urban,0-4,77,46,31,17,8,9,4,1,3,1,1,0,20,15,5,4,2,2,0,0,0,22,13,9,9,6,3
6338,C4920,22,411,District-Mahasamund,Urban,5-9,137,77,60,28,15,13,9,3,6,15,9,6,21,10,11,9,6,3,1,0,1,28,14,14,26,20,6
6339,C4920,22,411,District-Mahasamund,Urban,10-19,388,216,172,60,30,30,29,15,14,30,18,12,87,54,33,36,25,11,11,4,7,67,32,35,68,38,30
6340,C4920,22,411,District-Mahasamund,Urban,20-29,444,258,186,54,34,20,38,23,15,26,12,14,149,87,62,41,26,15,32,16,16,50,25,25,54,35,19
6341,C4920,22,411,District-Mahasamund,Urban,30-39,357,216,141,40,21,19,29,18,11,22,14,8,123,85,38,34,12,22,34,19,15,51,33,18,24,14,10
6342,C4920,22,411,District-Mahasamund,Urban,40-49,333,198,135,32,16,16,37,25,12,9,4,5,126,79,47,18,11,7,21,12,9,60,33,27,30,18,12
6343,C4920,22,411,District-Mahasamund,Urban,50-59,335,200,135,56,30,26,46,20,26,12,9,3,114,80,34,6,4,2,15,7,8,46,25,21,40,25,15
6344,C4920,22,411,District-Mahasamund,Urban,60-69,418,221,197,101,38,63,58,35,23,8,7,1,140,87,53,6,2,4,5,1,4,42,22,20,58,29,29
6345,C4920,22,411,District-Mahasamund,Urban,70-79,269,110,159,71,25,46,61,24,37,2,1,1,76,40,36,3,2,1,2,1,1,13,7,6,41,10,31
6346,C4920,22,411,District-Mahasamund,Urban,80-89,118,39,79,22,6,16,21,7,14,1,1,0,33,9,24,0,0,0,0,0,0,6,3,3,35,13,22
6347,C4920,22,411,District-Mahasamund,Urban,90+,43,12,31,3,1,2,6,2,4,0,0,0,12,4,8,0,0,0,0,0,0,2,0,2,20,5,15
6348,C4920,22,411,District-Mahasamund,Urban,Age Not Stated,3,1,2,0,0,0,0,0,0,1,1,0,1,0,1,0,0,0,0,0,0,1,0,1,0,0,0
6349,C4920,22,412,District-Dhamtari ,Total,Total,16495,8752,7743,2182,1073,1109,2293,1140,1153,721,408,313,5578,3213,2365,1305,644,661,626,303,323,1666,903,763,2124,1068,1056
6350,C4920,22,412,District-Dhamtari ,Total,0-4,413,227,186,53,25,28,28,14,14,15,10,5,98,55,43,28,16,12,3,2,1,104,57,47,84,48,36
6351,C4920,22,412,District-Dhamtari ,Total,5-9,827,465,362,77,44,33,57,33,24,87,54,33,158,99,59,114,61,53,14,8,6,107,61,46,213,105,108
6352,C4920,22,412,District-Dhamtari ,Total,10-19,2436,1352,1084,302,190,112,231,144,87,163,92,71,550,315,235,395,193,202,66,33,33,296,158,138,433,227,206
6353,C4920,22,412,District-Dhamtari ,Total,20-29,2528,1337,1191,197,102,95,202,113,89,128,71,57,1037,564,473,261,131,130,129,55,74,294,146,148,280,155,125
6354,C4920,22,412,District-Dhamtari ,Total,30-39,2234,1244,990,191,111,80,232,137,95,105,58,47,925,546,379,210,91,119,129,71,58,262,136,126,180,94,86
6355,C4920,22,412,District-Dhamtari ,Total,40-49,2070,1203,867,213,121,92,255,125,130,99,55,44,785,502,283,165,89,76,147,76,71,243,145,98,163,90,73
6356,C4920,22,412,District-Dhamtari ,Total,50-59,1699,973,726,254,118,136,258,129,129,56,28,28,688,441,247,78,36,42,87,40,47,138,87,51,140,94,46
6357,C4920,22,412,District-Dhamtari ,Total,60-69,2051,985,1066,456,179,277,428,181,247,43,29,14,689,395,294,35,17,18,30,12,18,133,65,68,237,107,130
6358,C4920,22,412,District-Dhamtari ,Total,70-79,1557,695,862,333,137,196,422,193,229,19,9,10,461,223,238,14,7,7,12,2,10,62,33,29,234,91,143
6359,C4920,22,412,District-Dhamtari ,Total,80-89,537,212,325,87,36,51,151,57,94,6,2,4,150,58,92,2,1,1,8,4,4,17,9,8,116,45,71
6360,C4920,22,412,District-Dhamtari ,Total,90+,133,54,79,17,9,8,27,13,14,0,0,0,35,15,20,3,2,1,1,0,1,6,3,3,44,12,32
6361,C4920,22,412,District-Dhamtari ,Total,Age Not Stated,10,5,5,2,1,1,2,1,1,0,0,0,2,0,2,0,0,0,0,0,0,4,3,1,0,0,0
6362,C4920,22,412,District-Dhamtari ,Rural,Total,13251,6993,6258,1774,869,905,1946,956,990,533,306,227,4487,2585,1902,1022,492,530,502,231,271,1261,679,582,1726,875,851
6363,C4920,22,412,District-Dhamtari ,Rural,0-4,330,179,151,40,19,21,24,13,11,13,8,5,83,45,38,21,11,10,3,2,1,76,42,34,70,39,31
6364,C4920,22,412,District-Dhamtari ,Rural,5-9,674,384,290,60,33,27,50,28,22,72,45,27,131,82,49,97,51,46,13,7,6,88,53,35,163,85,78
6365,C4920,22,412,District-Dhamtari ,Rural,10-19,1974,1088,886,249,158,91,199,120,79,125,68,57,466,256,210,315,149,166,58,28,30,232,127,105,330,182,148
6366,C4920,22,412,District-Dhamtari ,Rural,20-29,2027,1073,954,144,78,66,167,92,75,99,55,44,865,477,388,201,97,104,98,39,59,226,111,115,227,124,103
6367,C4920,22,412,District-Dhamtari ,Rural,30-39,1748,982,766,149,90,59,186,108,78,83,48,35,727,439,288,160,66,94,99,53,46,199,101,98,145,77,68
6368,C4920,22,412,District-Dhamtari ,Rural,40-49,1636,948,688,163,93,70,213,100,113,68,40,28,641,415,226,126,72,54,117,55,62,171,99,72,137,74,63
6369,C4920,22,412,District-Dhamtari ,Rural,50-59,1345,760,585,202,91,111,219,110,109,32,16,16,529,337,192,63,29,34,76,34,42,103,65,38,121,78,43
6370,C4920,22,412,District-Dhamtari ,Rural,60-69,1656,774,882,382,148,234,374,156,218,26,18,8,536,304,232,24,9,15,24,10,14,94,44,50,196,85,111
6371,C4920,22,412,District-Dhamtari ,Rural,70-79,1316,583,733,295,119,176,369,171,198,12,7,5,365,173,192,12,6,6,8,0,8,50,26,24,205,81,124
6372,C4920,22,412,District-Dhamtari ,Rural,80-89,436,173,263,74,32,42,124,48,76,3,1,2,115,44,71,1,0,1,5,3,2,13,6,7,101,39,62
6373,C4920,22,412,District-Dhamtari ,Rural,90+,104,47,57,16,8,8,21,10,11,0,0,0,27,13,14,2,2,0,1,0,1,6,3,3,31,11,20
6374,C4920,22,412,District-Dhamtari ,Rural,Age Not Stated,5,2,3,0,0,0,0,0,0,0,0,0,2,0,2,0,0,0,0,0,0,3,2,1,0,0,0
6375,C4920,22,412,District-Dhamtari ,Urban,Total,3244,1759,1485,408,204,204,347,184,163,188,102,86,1091,628,463,283,152,131,124,72,52,405,224,181,398,193,205
6376,C4920,22,412,District-Dhamtari ,Urban,0-4,83,48,35,13,6,7,4,1,3,2,2,0,15,10,5,7,5,2,0,0,0,28,15,13,14,9,5
6377,C4920,22,412,District-Dhamtari ,Urban,5-9,153,81,72,17,11,6,7,5,2,15,9,6,27,17,10,17,10,7,1,1,0,19,8,11,50,20,30
6378,C4920,22,412,District-Dhamtari ,Urban,10-19,462,264,198,53,32,21,32,24,8,38,24,14,84,59,25,80,44,36,8,5,3,64,31,33,103,45,58
6379,C4920,22,412,District-Dhamtari ,Urban,20-29,501,264,237,53,24,29,35,21,14,29,16,13,172,87,85,60,34,26,31,16,15,68,35,33,53,31,22
6380,C4920,22,412,District-Dhamtari ,Urban,30-39,486,262,224,42,21,21,46,29,17,22,10,12,198,107,91,50,25,25,30,18,12,63,35,28,35,17,18
6381,C4920,22,412,District-Dhamtari ,Urban,40-49,434,255,179,50,28,22,42,25,17,31,15,16,144,87,57,39,17,22,30,21,9,72,46,26,26,16,10
6382,C4920,22,412,District-Dhamtari ,Urban,50-59,354,213,141,52,27,25,39,19,20,24,12,12,159,104,55,15,7,8,11,6,5,35,22,13,19,16,3
6383,C4920,22,412,District-Dhamtari ,Urban,60-69,395,211,184,74,31,43,54,25,29,17,11,6,153,91,62,11,8,3,6,2,4,39,21,18,41,22,19
6384,C4920,22,412,District-Dhamtari ,Urban,70-79,241,112,129,38,18,20,53,22,31,7,2,5,96,50,46,2,1,1,4,2,2,12,7,5,29,10,19
6385,C4920,22,412,District-Dhamtari ,Urban,80-89,101,39,62,13,4,9,27,9,18,3,1,2,35,14,21,1,1,0,3,1,2,4,3,1,15,6,9
6386,C4920,22,412,District-Dhamtari ,Urban,90+,29,7,22,1,1,0,6,3,3,0,0,0,8,2,6,1,0,1,0,0,0,0,0,0,13,1,12
6387,C4920,22,412,District-Dhamtari ,Urban,Age Not Stated,5,3,2,2,1,1,2,1,1,0,0,0,0,0,0,0,0,0,0,0,0,1,1,0,0,0,0
6388,C4920,22,413,District-Uttar Bastar Kanker,Total,Total,16888,8666,8222,2563,1296,1267,2508,1297,1211,765,423,342,5217,2764,2453,938,489,449,677,319,358,1971,1006,965,2249,1072,1177
6389,C4920,22,413,District-Uttar Bastar Kanker,Total,0-4,490,254,236,53,25,28,58,32,26,23,11,12,108,53,55,22,13,9,6,1,5,151,86,65,69,33,36
6390,C4920,22,413,District-Uttar Bastar Kanker,Total,5-9,958,563,395,81,50,31,111,61,50,135,78,57,189,117,72,78,52,26,39,25,14,153,73,80,172,107,65
6391,C4920,22,413,District-Uttar Bastar Kanker,Total,10-19,2298,1274,1024,267,150,117,283,145,138,207,109,98,470,268,202,248,137,111,110,58,52,367,204,163,346,203,143
6392,C4920,22,413,District-Uttar Bastar Kanker,Total,20-29,2116,1167,949,190,116,74,260,149,111,135,81,54,630,375,255,199,96,103,129,61,68,322,165,157,251,124,127
6393,C4920,22,413,District-Uttar Bastar Kanker,Total,30-39,1878,1045,833,183,110,73,252,147,105,82,48,34,613,355,258,154,73,81,146,69,77,269,144,125,179,99,80
6394,C4920,22,413,District-Uttar Bastar Kanker,Total,40-49,2002,1121,881,321,169,152,293,163,130,81,52,29,671,406,265,123,71,52,112,50,62,249,124,125,152,86,66
6395,C4920,22,413,District-Uttar Bastar Kanker,Total,50-59,1924,998,926,390,200,190,291,163,128,45,21,24,715,393,322,56,20,36,79,34,45,190,101,89,158,66,92
6396,C4920,22,413,District-Uttar Bastar Kanker,Total,60-69,2518,1148,1370,559,241,318,466,222,244,37,16,21,911,429,482,40,18,22,37,12,25,157,69,88,311,141,170
6397,C4920,22,413,District-Uttar Bastar Kanker,Total,70-79,1791,748,1043,383,173,210,323,146,177,16,5,11,590,244,346,14,7,7,9,5,4,79,27,52,377,141,236
6398,C4920,22,413,District-Uttar Bastar Kanker,Total,80-89,661,257,404,104,44,60,127,51,76,3,2,1,235,93,142,3,2,1,8,4,4,25,10,15,156,51,105
6399,C4920,22,413,District-Uttar Bastar Kanker,Total,90+,250,89,161,32,18,14,43,17,26,1,0,1,84,30,54,1,0,1,2,0,2,9,3,6,78,21,57
6400,C4920,22,413,District-Uttar Bastar Kanker,Total,Age Not Stated,2,2,0,0,0,0,1,1,0,0,0,0,1,1,0,0,0,0,0,0,0,0,0,0,0,0,0
6401,C4920,22,413,District-Uttar Bastar Kanker,Rural,Total,15418,7918,7500,2394,1217,1177,2321,1213,1108,696,386,310,4679,2470,2209,857,447,410,611,282,329,1769,910,859,2091,993,1098
6402,C4920,22,413,District-Uttar Bastar Kanker,Rural,0-4,454,231,223,48,24,24,57,32,25,22,10,12,99,46,53,22,13,9,6,1,5,138,75,63,62,30,32
6403,C4920,22,413,District-Uttar Bastar Kanker,Rural,5-9,892,532,360,77,47,30,103,58,45,127,75,52,179,112,67,73,48,25,36,23,13,140,71,69,157,98,59
6404,C4920,22,413,District-Uttar Bastar Kanker,Rural,10-19,2116,1176,940,240,138,102,265,137,128,188,98,90,435,250,185,226,121,105,105,55,50,339,192,147,318,185,133
6405,C4920,22,413,District-Uttar Bastar Kanker,Rural,20-29,1909,1060,849,169,103,66,246,144,102,121,72,49,568,341,227,179,86,93,116,54,62,284,147,137,226,113,113
6406,C4920,22,413,District-Uttar Bastar Kanker,Rural,30-39,1623,925,698,165,100,65,226,139,87,72,43,29,509,302,207,135,69,66,131,58,73,221,121,100,164,93,71
6407,C4920,22,413,District-Uttar Bastar Kanker,Rural,40-49,1794,1005,789,298,158,140,268,151,117,71,46,25,585,353,232,111,65,46,96,42,54,224,110,114,141,80,61
6408,C4920,22,413,District-Uttar Bastar Kanker,Rural,50-59,1754,901,853,368,192,176,266,145,121,39,19,20,631,342,289,55,19,36,70,29,41,171,92,79,154,63,91
6409,C4920,22,413,District-Uttar Bastar Kanker,Rural,60-69,2359,1065,1294,537,232,305,440,209,231,36,16,20,836,382,454,38,17,21,33,11,22,146,63,83,293,135,158
6410,C4920,22,413,District-Uttar Bastar Kanker,Rural,70-79,1670,701,969,365,164,201,292,133,159,16,5,11,544,229,315,14,7,7,8,5,3,73,26,47,358,132,226
6411,C4920,22,413,District-Uttar Bastar Kanker,Rural,80-89,611,236,375,99,43,56,119,47,72,3,2,1,210,82,128,3,2,1,8,4,4,25,10,15,144,46,98
6412,C4920,22,413,District-Uttar Bastar Kanker,Rural,90+,234,84,150,28,16,12,38,17,21,1,0,1,82,30,52,1,0,1,2,0,2,8,3,5,74,18,56
6413,C4920,22,413,District-Uttar Bastar Kanker,Rural,Age Not Stated,2,2,0,0,0,0,1,1,0,0,0,0,1,1,0,0,0,0,0,0,0,0,0,0,0,0,0
6414,C4920,22,413,District-Uttar Bastar Kanker,Urban,Total,1470,748,722,169,79,90,187,84,103,69,37,32,538,294,244,81,42,39,66,37,29,202,96,106,158,79,79
6415,C4920,22,413,District-Uttar Bastar Kanker,Urban,0-4,36,23,13,5,1,4,1,0,1,1,1,0,9,7,2,0,0,0,0,0,0,13,11,2,7,3,4
6416,C4920,22,413,District-Uttar Bastar Kanker,Urban,5-9,66,31,35,4,3,1,8,3,5,8,3,5,10,5,5,5,4,1,3,2,1,13,2,11,15,9,6
6417,C4920,22,413,District-Uttar Bastar Kanker,Urban,10-19,182,98,84,27,12,15,18,8,10,19,11,8,35,18,17,22,16,6,5,3,2,28,12,16,28,18,10
6418,C4920,22,413,District-Uttar Bastar Kanker,Urban,20-29,207,107,100,21,13,8,14,5,9,14,9,5,62,34,28,20,10,10,13,7,6,38,18,20,25,11,14
6419,C4920,22,413,District-Uttar Bastar Kanker,Urban,30-39,255,120,135,18,10,8,26,8,18,10,5,5,104,53,51,19,4,15,15,11,4,48,23,25,15,6,9
6420,C4920,22,413,District-Uttar Bastar Kanker,Urban,40-49,208,116,92,23,11,12,25,12,13,10,6,4,86,53,33,12,6,6,16,8,8,25,14,11,11,6,5
6421,C4920,22,413,District-Uttar Bastar Kanker,Urban,50-59,170,97,73,22,8,14,25,18,7,6,2,4,84,51,33,1,1,0,9,5,4,19,9,10,4,3,1
6422,C4920,22,413,District-Uttar Bastar Kanker,Urban,60-69,159,83,76,22,9,13,26,13,13,1,0,1,75,47,28,2,1,1,4,1,3,11,6,5,18,6,12
6423,C4920,22,413,District-Uttar Bastar Kanker,Urban,70-79,121,47,74,18,9,9,31,13,18,0,0,0,46,15,31,0,0,0,1,0,1,6,1,5,19,9,10
6424,C4920,22,413,District-Uttar Bastar Kanker,Urban,80-89,50,21,29,5,1,4,8,4,4,0,0,0,25,11,14,0,0,0,0,0,0,0,0,0,12,5,7
6425,C4920,22,413,District-Uttar Bastar Kanker,Urban,90+,16,5,11,4,2,2,5,0,5,0,0,0,2,0,2,0,0,0,0,0,0,1,0,1,4,3,1
6426,C4920,22,413,District-Uttar Bastar Kanker,Urban,Age Not Stated,0,0,0,0,0,0,0,0,0,0,0,0,0,0,0,0,0,0,0,0,0,0,0,0,0,0,0
6427,C4920,22,414,District-Bastar,Total,Total,27710,14688,13022,4511,2354,2157,5151,2685,2466,1349,720,629,7994,4470,3524,1431,713,718,984,491,493,3407,1817,1590,2883,1438,1445
6428,C4920,22,414,District-Bastar,Total,0-4,1154,628,526,217,109,108,209,111,98,36,17,19,223,134,89,36,21,15,22,12,10,282,150,132,129,74,55
6429,C4920,22,414,District-Bastar,Total,5-9,2095,1203,892,323,176,147,403,229,174,201,109,92,400,234,166,164,91,73,33,21,12,313,192,121,258,151,107
6430,C4920,22,414,District-Bastar,Total,10-19,4568,2472,2096,681,378,303,758,416,342,376,202,174,989,556,433,411,189,222,154,76,78,666,370,296,533,285,248
6431,C4920,22,414,District-Bastar,Total,20-29,3613,1996,1617,442,246,196,532,273,259,266,148,118,1055,659,396,278,121,157,180,83,97,524,290,234,336,176,160
6432,C4920,22,414,District-Bastar,Total,30-39,3237,1812,1425,416,233,183,502,284,218,188,99,89,1015,612,403,232,128,104,224,112,112,428,218,210,232,126,106
6433,C4920,22,414,District-Bastar,Total,40-49,3234,1791,1443,463,262,201,556,321,235,120,59,61,1048,615,433,167,88,79,186,95,91,474,245,229,220,106,114
6434,C4920,22,414,District-Bastar,Total,50-59,3067,1665,1402,576,300,276,686,360,326,69,36,33,1018,590,428,78,42,36,108,54,54,339,173,166,193,110,83
6435,C4920,22,414,District-Bastar,Total,60-69,3695,1768,1927,801,373,428,872,410,462,55,33,22,1227,615,612,46,21,25,61,30,31,244,110,134,389,176,213
6436,C4920,22,414,District-Bastar,Total,70-79,2141,960,1181,456,210,246,468,217,251,32,15,17,708,322,386,14,8,6,13,6,7,95,48,47,355,134,221
6437,C4920,22,414,District-Bastar,Total,80-89,668,276,392,105,50,55,121,48,73,4,1,3,237,90,147,2,1,1,1,1,0,27,12,15,171,73,98
6438,C4920,22,414,District-Bastar,Total,90+,214,102,112,31,17,14,40,15,25,2,1,1,67,38,29,1,1,0,1,1,0,8,5,3,64,24,40
6439,C4920,22,414,District-Bastar,Total,Age Not Stated,24,15,9,0,0,0,4,1,3,0,0,0,7,5,2,2,2,0,1,0,1,7,4,3,3,3,0
6440,C4920,22,414,District-Bastar,Rural,Total,24177,12708,11469,3993,2065,1928,4620,2399,2221,1200,625,575,7033,3885,3148,1149,586,563,827,401,426,2895,1522,1373,2460,1225,1235
6441,C4920,22,414,District-Bastar,Rural,0-4,1047,567,480,203,101,102,189,97,92,34,16,18,214,128,86,32,20,12,21,12,9,241,126,115,113,67,46
6442,C4920,22,414,District-Bastar,Rural,5-9,1883,1072,811,300,159,141,376,212,164,184,101,83,359,204,155,141,82,59,33,21,12,279,167,112,211,126,85
6443,C4920,22,414,District-Bastar,Rural,10-19,3987,2147,1840,578,311,267,675,366,309,339,177,162,901,501,400,323,158,165,137,66,71,577,325,252,457,243,214
6444,C4920,22,414,District-Bastar,Rural,20-29,3095,1711,1384,387,219,168,459,242,217,232,124,108,920,577,343,225,97,128,152,70,82,440,238,202,280,144,136
6445,C4920,22,414,District-Bastar,Rural,30-39,2733,1530,1203,363,207,156,446,257,189,162,81,81,849,513,336,182,100,82,182,83,99,359,183,176,190,106,84
6446,C4920,22,414,District-Bastar,Rural,40-49,2792,1519,1273,404,228,176,491,281,210,106,52,54,921,527,394,129,66,63,155,78,77,398,201,197,188,86,102
6447,C4920,22,414,District-Bastar,Rural,50-59,2670,1434,1236,506,259,247,626,322,304,59,31,28,880,508,372,63,34,29,86,42,44,282,143,139,168,95,73
6448,C4920,22,414,District-Bastar,Rural,60-69,3299,1547,1752,728,334,394,801,372,429,48,27,21,1097,535,562,36,18,18,48,23,25,205,87,118,336,151,185
6449,C4920,22,414,District-Bastar,Rural,70-79,1882,838,1044,408,187,221,420,198,222,30,14,16,618,276,342,13,7,6,10,4,6,77,34,43,306,118,188
6450,C4920,22,414,District-Bastar,Rural,80-89,585,243,342,94,46,48,98,39,59,4,1,3,209,78,131,2,1,1,1,1,0,23,10,13,154,67,87
6451,C4920,22,414,District-Bastar,Rural,90+,182,87,95,22,14,8,35,12,23,2,1,1,58,33,25,1,1,0,1,1,0,7,4,3,56,21,35
6452,C4920,22,414,District-Bastar,Rural,Age Not Stated,22,13,9,0,0,0,4,1,3,0,0,0,7,5,2,2,2,0,1,0,1,7,4,3,1,1,0
6453,C4920,22,414,District-Bastar,Urban,Total,3533,1980,1553,518,289,229,531,286,245,149,95,54,961,585,376,282,127,155,157,90,67,512,295,217,423,213,210
6454,C4920,22,414,District-Bastar,Urban,0-4,107,61,46,14,8,6,20,14,6,2,1,1,9,6,3,4,1,3,1,0,1,41,24,17,16,7,9
6455,C4920,22,414,District-Bastar,Urban,5-9,212,131,81,23,17,6,27,17,10,17,8,9,41,30,11,23,9,14,0,0,0,34,25,9,47,25,22
6456,C4920,22,414,District-Bastar,Urban,10-19,581,325,256,103,67,36,83,50,33,37,25,12,88,55,33,88,31,57,17,10,7,89,45,44,76,42,34
6457,C4920,22,414,District-Bastar,Urban,20-29,518,285,233,55,27,28,73,31,42,34,24,10,135,82,53,53,24,29,28,13,15,84,52,32,56,32,24
6458,C4920,22,414,District-Bastar,Urban,30-39,504,282,222,53,26,27,56,27,29,26,18,8,166,99,67,50,28,22,42,29,13,69,35,34,42,20,22
6459,C4920,22,414,District-Bastar,Urban,40-49,442,272,170,59,34,25,65,40,25,14,7,7,127,88,39,38,22,16,31,17,14,76,44,32,32,20,12
6460,C4920,22,414,District-Bastar,Urban,50-59,397,231,166,70,41,29,60,38,22,10,5,5,138,82,56,15,8,7,22,12,10,57,30,27,25,15,10
6461,C4920,22,414,District-Bastar,Urban,60-69,396,221,175,73,39,34,71,38,33,7,6,1,130,80,50,10,3,7,13,7,6,39,23,16,53,25,28
6462,C4920,22,414,District-Bastar,Urban,70-79,259,122,137,48,23,25,48,19,29,2,1,1,90,46,44,1,1,0,3,2,1,18,14,4,49,16,33
6463,C4920,22,414,District-Bastar,Urban,80-89,83,33,50,11,4,7,23,9,14,0,0,0,28,12,16,0,0,0,0,0,0,4,2,2,17,6,11
6464,C4920,22,414,District-Bastar,Urban,90+,32,15,17,9,3,6,5,3,2,0,0,0,9,5,4,0,0,0,0,0,0,1,1,0,8,3,5
6465,C4920,22,414,District-Bastar,Urban,Age Not Stated,2,2,0,0,0,0,0,0,0,0,0,0,0,0,0,0,0,0,0,0,0,0,0,0,2,2,0
6466,C4920,22,415,District-Narayanpur,Total,Total,2646,1381,1265,391,224,167,469,236,233,129,63,66,756,413,343,96,56,40,85,37,48,397,199,198,323,153,170
6467,C4920,22,415,District-Narayanpur,Total,0-4,95,44,51,9,7,2,14,5,9,5,2,3,14,8,6,4,1,3,1,1,0,36,15,21,12,5,7
6468,C4920,22,415,District-Narayanpur,Total,5-9,197,121,76,29,17,12,37,27,10,20,11,9,32,23,9,16,11,5,4,1,3,32,16,16,27,15,12
6469,C4920,22,415,District-Narayanpur,Total,10-19,395,216,179,52,34,18,62,27,35,34,15,19,81,46,35,30,17,13,16,8,8,77,45,32,43,24,19
6470,C4920,22,415,District-Narayanpur,Total,20-29,335,189,146,34,24,10,52,29,23,25,15,10,91,58,33,16,10,6,16,6,10,71,34,37,30,13,17
6471,C4920,22,415,District-Narayanpur,Total,30-39,304,173,131,36,22,14,45,26,19,15,6,9,89,55,34,15,9,6,20,9,11,68,37,31,16,9,7
6472,C4920,22,415,District-Narayanpur,Total,40-49,276,170,106,29,17,12,62,41,21,13,6,7,83,56,27,10,5,5,13,5,8,49,29,20,17,11,6
6473,C4920,22,415,District-Narayanpur,Total,50-59,345,166,179,69,35,34,78,37,41,10,4,6,117,64,53,3,1,2,8,4,4,31,10,21,29,11,18
6474,C4920,22,415,District-Narayanpur,Total,60-69,447,193,254,95,51,44,85,31,54,2,2,0,157,60,97,0,0,0,6,2,4,22,9,13,80,38,42
6475,C4920,22,415,District-Narayanpur,Total,70-79,177,79,98,30,13,17,20,8,12,4,2,2,62,30,32,1,1,0,1,1,0,8,3,5,51,21,30
6476,C4920,22,415,District-Narayanpur,Total,80-89,49,20,29,6,4,2,10,4,6,0,0,0,22,9,13,0,0,0,0,0,0,1,0,1,10,3,7
6477,C4920,22,415,District-Narayanpur,Total,90+,21,7,14,2,0,2,3,1,2,1,0,1,6,3,3,0,0,0,0,0,0,2,1,1,7,2,5
6478,C4920,22,415,District-Narayanpur,Total,Age Not Stated,5,3,2,0,0,0,1,0,1,0,0,0,2,1,1,1,1,0,0,0,0,0,0,0,1,1,0
6479,C4920,22,415,District-Narayanpur,Rural,Total,2219,1159,1060,329,185,144,406,207,199,107,51,56,631,340,291,74,45,29,55,26,29,338,171,167,279,134,145
6480,C4920,22,415,District-Narayanpur,Rural,0-4,85,39,46,9,7,2,13,5,8,4,2,2,13,7,6,2,0,2,1,1,0,33,13,20,10,4,6
6481,C4920,22,415,District-Narayanpur,Rural,5-9,169,104,65,24,13,11,33,23,10,19,10,9,27,20,7,13,11,2,4,1,3,27,13,14,22,13,9
6482,C4920,22,415,District-Narayanpur,Rural,10-19,311,167,144,39,23,16,53,22,31,26,10,16,64,39,25,24,14,10,9,3,6,61,35,26,35,21,14
6483,C4920,22,415,District-Narayanpur,Rural,20-29,268,157,111,25,18,7,43,24,19,23,13,10,73,50,23,10,6,4,12,6,6,59,29,30,23,11,12
6484,C4920,22,415,District-Narayanpur,Rural,30-39,231,138,93,29,18,11,37,24,13,13,6,7,61,37,24,12,7,5,11,6,5,57,33,24,11,7,4
6485,C4920,22,415,District-Narayanpur,Rural,40-49,225,143,82,21,12,9,56,38,18,8,4,4,71,49,22,8,4,4,7,3,4,42,26,16,12,7,5
6486,C4920,22,415,District-Narayanpur,Rural,50-59,296,138,158,61,30,31,70,33,37,7,2,5,100,52,48,3,1,2,5,3,2,26,9,17,24,8,16
6487,C4920,22,415,District-Narayanpur,Rural,60-69,408,174,234,89,49,40,71,25,46,2,2,0,144,51,93,0,0,0,5,2,3,22,9,13,75,36,39
6488,C4920,22,415,District-Narayanpur,Rural,70-79,163,72,91,25,11,14,19,8,11,4,2,2,55,25,30,1,1,0,1,1,0,8,3,5,50,21,29
6489,C4920,22,415,District-Narayanpur,Rural,80-89,41,18,23,5,4,1,8,4,4,0,0,0,17,7,10,0,0,0,0,0,0,1,0,1,10,3,7
6490,C4920,22,415,District-Narayanpur,Rural,90+,17,6,11,2,0,2,2,1,1,1,0,1,4,2,2,0,0,0,0,0,0,2,1,1,6,2,4
6491,C4920,22,415,District-Narayanpur,Rural,Age Not Stated,5,3,2,0,0,0,1,0,1,0,0,0,2,1,1,1,1,0,0,0,0,0,0,0,1,1,0
6492,C4920,22,415,District-Narayanpur,Urban,Total,427,222,205,62,39,23,63,29,34,22,12,10,125,73,52,22,11,11,30,11,19,59,28,31,44,19,25
6493,C4920,22,415,District-Narayanpur,Urban,0-4,10,5,5,0,0,0,1,0,1,1,0,1,1,1,0,2,1,1,0,0,0,3,2,1,2,1,1
6494,C4920,22,415,District-Narayanpur,Urban,5-9,28,17,11,5,4,1,4,4,0,1,1,0,5,3,2,3,0,3,0,0,0,5,3,2,5,2,3
6495,C4920,22,415,District-Narayanpur,Urban,10-19,84,49,35,13,11,2,9,5,4,8,5,3,17,7,10,6,3,3,7,5,2,16,10,6,8,3,5
6496,C4920,22,415,District-Narayanpur,Urban,20-29,67,32,35,9,6,3,9,5,4,2,2,0,18,8,10,6,4,2,4,0,4,12,5,7,7,2,5
6497,C4920,22,415,District-Narayanpur,Urban,30-39,73,35,38,7,4,3,8,2,6,2,0,2,28,18,10,3,2,1,9,3,6,11,4,7,5,2,3
6498,C4920,22,415,District-Narayanpur,Urban,40-49,51,27,24,8,5,3,6,3,3,5,2,3,12,7,5,2,1,1,6,2,4,7,3,4,5,4,1
6499,C4920,22,415,District-Narayanpur,Urban,50-59,49,28,21,8,5,3,8,4,4,3,2,1,17,12,5,0,0,0,3,1,2,5,1,4,5,3,2
6500,C4920,22,415,District-Narayanpur,Urban,60-69,39,19,20,6,2,4,14,6,8,0,0,0,13,9,4,0,0,0,1,0,1,0,0,0,5,2,3
6501,C4920,22,415,District-Narayanpur,Urban,70-79,14,7,7,5,2,3,1,0,1,0,0,0,7,5,2,0,0,0,0,0,0,0,0,0,1,0,1
6502,C4920,22,415,District-Narayanpur,Urban,80-89,8,2,6,1,0,1,2,0,2,0,0,0,5,2,3,0,0,0,0,0,0,0,0,0,0,0,0
6503,C4920,22,415,District-Narayanpur,Urban,90+,4,1,3,0,0,0,1,0,1,0,0,0,2,1,1,0,0,0,0,0,0,0,0,0,1,0,1
6504,C4920,22,415,District-Narayanpur,Urban,Age Not Stated,0,0,0,0,0,0,0,0,0,0,0,0,0,0,0,0,0,0,0,0,0,0,0,0,0,0,0
6505,C4920,22,416,District-Dakshin Bastar Dantewada,Total,Total,9247,4688,4559,1633,712,921,1727,913,814,447,239,208,2832,1530,1302,377,191,186,272,140,132,1126,591,535,833,372,461
6506,C4920,22,416,District-Dakshin Bastar Dantewada,Total,0-4,339,190,149,37,18,19,45,24,21,8,3,5,88,55,33,22,12,10,9,7,2,95,50,45,35,21,14
6507,C4920,22,416,District-Dakshin Bastar Dantewada,Total,5-9,682,383,299,72,37,35,157,88,69,61,33,28,159,81,78,49,29,20,16,10,6,103,62,41,65,43,22
6508,C4920,22,416,District-Dakshin Bastar Dantewada,Total,10-19,1394,730,664,163,85,78,240,138,102,134,73,61,401,217,184,111,52,59,40,20,20,186,92,94,119,53,66
6509,C4920,22,416,District-Dakshin Bastar Dantewada,Total,20-29,1198,659,539,121,59,62,205,129,76,86,44,42,391,219,172,69,32,37,61,32,29,166,92,74,99,52,47
6510,C4920,22,416,District-Dakshin Bastar Dantewada,Total,30-39,1062,619,443,147,84,63,186,111,75,59,29,30,332,210,122,53,30,23,63,35,28,160,89,71,62,31,31
6511,C4920,22,416,District-Dakshin Bastar Dantewada,Total,40-49,1103,620,483,182,84,98,234,130,104,48,29,19,377,239,138,28,12,16,42,18,24,134,72,62,58,36,22
6512,C4920,22,416,District-Dakshin Bastar Dantewada,Total,50-59,1186,589,597,277,123,154,280,137,143,24,16,8,363,200,163,22,13,9,21,10,11,114,50,64,85,40,45
6513,C4920,22,416,District-Dakshin Bastar Dantewada,Total,60-69,1407,564,843,422,143,279,233,97,136,17,6,11,445,197,248,15,7,8,16,7,9,101,50,51,158,57,101
6514,C4920,22,416,District-Dakshin Bastar Dantewada,Total,70-79,665,240,425,161,57,104,119,46,73,10,6,4,214,86,128,6,4,2,4,1,3,46,19,27,105,21,84
6515,C4920,22,416,District-Dakshin Bastar Dantewada,Total,80-89,170,69,101,40,15,25,23,10,13,0,0,0,49,19,30,1,0,1,0,0,0,16,10,6,41,15,26
6516,C4920,22,416,District-Dakshin Bastar Dantewada,Total,90+,31,17,14,10,7,3,3,2,1,0,0,0,12,6,6,1,0,1,0,0,0,0,0,0,5,2,3
6517,C4920,22,416,District-Dakshin Bastar Dantewada,Total,Age Not Stated,10,8,2,1,0,1,2,1,1,0,0,0,1,1,0,0,0,0,0,0,0,5,5,0,1,1,0
6518,C4920,22,416,District-Dakshin Bastar Dantewada,Rural,Total,7686,3812,3874,1391,590,801,1507,784,723,358,192,166,2354,1238,1116,292,148,144,202,106,96,901,460,441,681,294,387
6519,C4920,22,416,District-Dakshin Bastar Dantewada,Rural,0-4,282,156,126,32,14,18,39,21,18,8,3,5,69,42,27,20,10,10,7,6,1,80,45,35,27,15,12
6520,C4920,22,416,District-Dakshin Bastar Dantewada,Rural,5-9,569,314,255,58,28,30,125,63,62,50,29,21,141,70,71,35,21,14,15,10,5,90,55,35,55,38,17
6521,C4920,22,416,District-Dakshin Bastar Dantewada,Rural,10-19,1151,598,553,134,66,68,212,121,91,107,58,49,340,182,158,87,39,48,32,17,15,156,75,81,83,40,43
6522,C4920,22,416,District-Dakshin Bastar Dantewada,Rural,20-29,950,511,439,103,48,55,178,112,66,74,37,37,299,164,135,51,25,26,44,21,23,129,68,61,72,36,36
6523,C4920,22,416,District-Dakshin Bastar Dantewada,Rural,30-39,820,467,353,117,65,52,154,87,67,41,22,19,261,164,97,41,25,16,45,23,22,117,62,55,44,19,25
6524,C4920,22,416,District-Dakshin Bastar Dantewada,Rural,40-49,932,522,410,149,66,83,212,116,96,40,24,16,313,201,112,22,9,13,28,14,14,116,61,55,52,31,21
6525,C4920,22,416,District-Dakshin Bastar Dantewada,Rural,50-59,1007,491,516,242,108,134,250,125,125,14,9,5,309,163,146,15,9,6,16,8,8,81,33,48,80,36,44
6526,C4920,22,416,District-Dakshin Bastar Dantewada,Rural,60-69,1236,487,749,381,131,250,208,89,119,15,5,10,392,167,225,13,6,7,11,6,5,82,38,44,134,45,89
6527,C4920,22,416,District-Dakshin Bastar Dantewada,Rural,70-79,569,193,376,133,45,88,105,39,66,9,5,4,183,67,116,6,4,2,4,1,3,36,13,23,93,19,74
6528,C4920,22,416,District-Dakshin Bastar Dantewada,Rural,80-89,138,55,83,33,13,20,20,9,11,0,0,0,38,14,24,1,0,1,0,0,0,11,7,4,35,12,23
6529,C4920,22,416,District-Dakshin Bastar Dantewada,Rural,90+,24,12,12,8,6,2,2,1,1,0,0,0,8,3,5,1,0,1,0,0,0,0,0,0,5,2,3
6530,C4920,22,416,District-Dakshin Bastar Dantewada,Rural,Age Not Stated,8,6,2,1,0,1,2,1,1,0,0,0,1,1,0,0,0,0,0,0,0,3,3,0,1,1,0
6531,C4920,22,416,District-Dakshin Bastar Dantewada,Urban,Total,1561,876,685,242,122,120,220,129,91,89,47,42,478,292,186,85,43,42,70,34,36,225,131,94,152,78,74
6532,C4920,22,416,District-Dakshin Bastar Dantewada,Urban,0-4,57,34,23,5,4,1,6,3,3,0,0,0,19,13,6,2,2,0,2,1,1,15,5,10,8,6,2
6533,C4920,22,416,District-Dakshin Bastar Dantewada,Urban,5-9,113,69,44,14,9,5,32,25,7,11,4,7,18,11,7,14,8,6,1,0,1,13,7,6,10,5,5
6534,C4920,22,416,District-Dakshin Bastar Dantewada,Urban,10-19,243,132,111,29,19,10,28,17,11,27,15,12,61,35,26,24,13,11,8,3,5,30,17,13,36,13,23
6535,C4920,22,416,District-Dakshin Bastar Dantewada,Urban,20-29,248,148,100,18,11,7,27,17,10,12,7,5,92,55,37,18,7,11,17,11,6,37,24,13,27,16,11
6536,C4920,22,416,District-Dakshin Bastar Dantewada,Urban,30-39,242,152,90,30,19,11,32,24,8,18,7,11,71,46,25,12,5,7,18,12,6,43,27,16,18,12,6
6537,C4920,22,416,District-Dakshin Bastar Dantewada,Urban,40-49,171,98,73,33,18,15,22,14,8,8,5,3,64,38,26,6,3,3,14,4,10,18,11,7,6,5,1
6538,C4920,22,416,District-Dakshin Bastar Dantewada,Urban,50-59,179,98,81,35,15,20,30,12,18,10,7,3,54,37,17,7,4,3,5,2,3,33,17,16,5,4,1
6539,C4920,22,416,District-Dakshin Bastar Dantewada,Urban,60-69,171,77,94,41,12,29,25,8,17,2,1,1,53,30,23,2,1,1,5,1,4,19,12,7,24,12,12
6540,C4920,22,416,District-Dakshin Bastar Dantewada,Urban,70-79,96,47,49,28,12,16,14,7,7,1,1,0,31,19,12,0,0,0,0,0,0,10,6,4,12,2,10
6541,C4920,22,416,District-Dakshin Bastar Dantewada,Urban,80-89,32,14,18,7,2,5,3,1,2,0,0,0,11,5,6,0,0,0,0,0,0,5,3,2,6,3,3
6542,C4920,22,416,District-Dakshin Bastar Dantewada,Urban,90+,7,5,2,2,1,1,1,1,0,0,0,0,4,3,1,0,0,0,0,0,0,0,0,0,0,0,0
6543,C4920,22,416,District-Dakshin Bastar Dantewada,Urban,Age Not Stated,2,2,0,0,0,0,0,0,0,0,0,0,0,0,0,0,0,0,0,0,0,2,2,0,0,0,0
6544,C4920,22,417,District-Bijapur,Total,Total,4456,2383,2073,926,455,471,1056,593,463,201,109,92,1035,603,432,146,85,61,119,64,55,587,279,308,386,195,191
6545,C4920,22,417,District-Bijapur,Total,0-4,199,108,91,23,11,12,54,30,24,6,4,2,35,20,15,3,2,1,5,3,2,63,34,29,10,4,6
6546,C4920,22,417,District-Bijapur,Total,5-9,372,206,166,49,34,15,79,37,42,39,20,19,79,47,32,14,7,7,3,3,0,72,35,37,37,23,14
6547,C4920,22,417,District-Bijapur,Total,10-19,701,390,311,76,49,27,161,87,74,65,33,32,142,83,59,51,30,21,23,13,10,122,63,59,61,32,29
6548,C4920,22,417,District-Bijapur,Total,20-29,632,376,256,71,42,29,164,112,52,38,22,16,143,99,44,26,14,12,23,8,15,116,51,65,51,28,23
6549,C4920,22,417,District-Bijapur,Total,30-39,452,268,184,69,36,33,113,75,38,29,14,15,110,78,32,14,7,7,19,12,7,71,32,39,27,14,13
6550,C4920,22,417,District-Bijapur,Total,40-49,563,325,238,119,58,61,152,85,67,10,9,1,160,103,57,16,13,3,19,12,7,63,33,30,24,12,12
6551,C4920,22,417,District-Bijapur,Total,50-59,627,321,306,204,102,102,144,78,66,7,3,4,156,82,74,16,10,6,21,12,9,43,16,27,36,18,18
6552,C4920,22,417,District-Bijapur,Total,60-69,581,248,333,207,85,122,127,61,66,4,2,2,141,64,77,5,2,3,6,1,5,24,8,16,67,25,42
6553,C4920,22,417,District-Bijapur,Total,70-79,248,102,146,84,26,58,48,21,27,1,1,0,52,20,32,0,0,0,0,0,0,10,5,5,53,29,24
6554,C4920,22,417,District-Bijapur,Total,80-89,58,29,29,20,11,9,13,6,7,0,0,0,10,5,5,0,0,0,0,0,0,2,1,1,13,6,7
6555,C4920,22,417,District-Bijapur,Total,90+,22,10,12,4,1,3,1,1,0,2,1,1,7,2,5,0,0,0,0,0,0,1,1,0,7,4,3
6556,C4920,22,417,District-Bijapur,Total,Age Not Stated,1,0,1,0,0,0,0,0,0,0,0,0,0,0,0,1,0,1,0,0,0,0,0,0,0,0,0
6557,C4920,22,417,District-Bijapur,Rural,Total,3806,2011,1795,815,398,417,949,530,419,161,86,75,832,476,356,120,67,53,92,49,43,493,236,257,344,169,175
6558,C4920,22,417,District-Bijapur,Rural,0-4,173,92,81,22,10,12,50,28,22,4,2,2,27,15,12,2,1,1,4,2,2,57,31,26,7,3,4
6559,C4920,22,417,District-Bijapur,Rural,5-9,310,165,145,45,31,14,73,31,42,30,15,15,61,37,24,12,5,7,3,3,0,56,25,31,30,18,12
6560,C4920,22,417,District-Bijapur,Rural,10-19,587,321,266,60,38,22,136,72,64,54,25,29,115,68,47,41,23,18,18,10,8,108,55,53,55,30,25
6561,C4920,22,417,District-Bijapur,Rural,20-29,536,322,214,57,34,23,150,105,45,34,19,15,109,77,32,23,13,10,19,6,13,95,41,54,49,27,22
6562,C4920,22,417,District-Bijapur,Rural,30-39,353,207,146,53,28,25,96,61,35,21,11,10,82,57,25,11,5,6,12,8,4,57,26,31,21,11,10
6563,C4920,22,417,District-Bijapur,Rural,40-49,499,279,220,113,53,60,139,75,64,8,7,1,136,86,50,13,10,3,14,11,3,56,29,27,20,8,12
6564,C4920,22,417,District-Bijapur,Rural,50-59,542,278,264,187,93,94,134,73,61,4,3,1,120,63,57,12,8,4,18,9,9,34,14,20,33,15,18
6565,C4920,22,417,District-Bijapur,Rural,60-69,525,226,299,186,79,107,117,57,60,4,2,2,128,56,72,5,2,3,4,0,4,18,8,10,63,22,41
6566,C4920,22,417,District-Bijapur,Rural,70-79,218,89,129,73,22,51,43,21,22,1,1,0,42,14,28,0,0,0,0,0,0,10,5,5,49,26,23
6567,C4920,22,417,District-Bijapur,Rural,80-89,45,24,21,16,9,7,10,6,4,0,0,0,7,2,5,0,0,0,0,0,0,1,1,0,11,6,5
6568,C4920,22,417,District-Bijapur,Rural,90+,17,8,9,3,1,2,1,1,0,1,1,0,5,1,4,0,0,0,0,0,0,1,1,0,6,3,3
6569,C4920,22,417,District-Bijapur,Rural,Age Not Stated,1,0,1,0,0,0,0,0,0,0,0,0,0,0,0,1,0,1,0,0,0,0,0,0,0,0,0
6570,C4920,22,417,District-Bijapur,Urban,Total,650,372,278,111,57,54,107,63,44,40,23,17,203,127,76,26,18,8,27,15,12,94,43,51,42,26,16
6571,C4920,22,417,District-Bijapur,Urban,0-4,26,16,10,1,1,0,4,2,2,2,2,0,8,5,3,1,1,0,1,1,0,6,3,3,3,1,2
6572,C4920,22,417,District-Bijapur,Urban,5-9,62,41,21,4,3,1,6,6,0,9,5,4,18,10,8,2,2,0,0,0,0,16,10,6,7,5,2
6573,C4920,22,417,District-Bijapur,Urban,10-19,114,69,45,16,11,5,25,15,10,11,8,3,27,15,12,10,7,3,5,3,2,14,8,6,6,2,4
6574,C4920,22,417,District-Bijapur,Urban,20-29,96,54,42,14,8,6,14,7,7,4,3,1,34,22,12,3,1,2,4,2,2,21,10,11,2,1,1
6575,C4920,22,417,District-Bijapur,Urban,30-39,99,61,38,16,8,8,17,14,3,8,3,5,28,21,7,3,2,1,7,4,3,14,6,8,6,3,3
6576,C4920,22,417,District-Bijapur,Urban,40-49,64,46,18,6,5,1,13,10,3,2,2,0,24,17,7,3,3,0,5,1,4,7,4,3,4,4,0
6577,C4920,22,417,District-Bijapur,Urban,50-59,85,43,42,17,9,8,10,5,5,3,0,3,36,19,17,4,2,2,3,3,0,9,2,7,3,3,0
6578,C4920,22,417,District-Bijapur,Urban,60-69,56,22,34,21,6,15,10,4,6,0,0,0,13,8,5,0,0,0,2,1,1,6,0,6,4,3,1
6579,C4920,22,417,District-Bijapur,Urban,70-79,30,13,17,11,4,7,5,0,5,0,0,0,10,6,4,0,0,0,0,0,0,0,0,0,4,3,1
6580,C4920,22,417,District-Bijapur,Urban,80-89,13,5,8,4,2,2,3,0,3,0,0,0,3,3,0,0,0,0,0,0,0,1,0,1,2,0,2
6581,C4920,22,417,District-Bijapur,Urban,90+,5,2,3,1,0,1,0,0,0,1,0,1,2,1,1,0,0,0,0,0,0,0,0,0,1,1,0
6582,C4920,22,417,District-Bijapur,Urban,Age Not Stated,0,0,0,0,0,0,0,0,0,0,0,0,0,0,0,0,0,0,0,0,0,0,0,0,0,0,0
6583,C4920,26,0,State-DADRA & NAGAR HAVELI,Total,0-4,205,119,86,25,13,12,61,36,25,7,3,4,22,18,4,6,4,2,2,2,0,39,18,21,43,25,18
6584,C4920,26,0,State-DADRA & NAGAR HAVELI,Total,5-9,289,159,130,32,16,16,49,23,26,29,21,8,37,23,14,23,15,8,4,3,1,43,16,27,72,42,30
6585,C4920,26,0,State-DADRA & NAGAR HAVELI,Total,10-19,650,391,259,60,29,31,105,69,36,52,28,24,95,67,28,71,37,34,19,10,9,94,57,37,154,94,60
6586,C4920,26,0,State-DADRA & NAGAR HAVELI,Total,20-29,638,361,277,87,52,35,136,80,56,50,27,23,133,79,54,38,17,21,20,9,11,112,64,48,62,33,29
6587,C4920,26,0,State-DADRA & NAGAR HAVELI,Total,30-39,476,300,176,48,32,16,101,68,33,30,19,11,123,83,40,16,7,9,28,20,8,77,42,35,53,29,24
6588,C4920,26,0,State-DADRA & NAGAR HAVELI,Total,40-49,373,225,148,57,37,20,73,41,32,19,10,9,94,57,37,12,8,4,26,15,11,58,38,20,34,19,15
6589,C4920,26,0,State-DADRA & NAGAR HAVELI,Total,50-59,227,129,98,31,18,13,47,21,26,7,4,3,70,49,21,8,3,5,5,3,2,33,18,15,26,13,13
6590,C4920,26,0,State-DADRA & NAGAR HAVELI,Total,60-69,237,126,111,45,18,27,61,34,27,5,3,2,70,46,24,5,3,2,7,5,2,16,8,8,28,9,19
6591,C4920,26,0,State-DADRA & NAGAR HAVELI,Total,70-79,145,60,85,33,11,22,57,22,35,1,0,1,31,14,17,0,0,0,4,3,1,9,5,4,10,5,5
6592,C4920,26,0,State-DADRA & NAGAR HAVELI,Total,80-89,40,16,24,8,6,2,17,6,11,1,0,1,7,4,3,0,0,0,0,0,0,2,0,2,5,0,5
6593,C4920,26,0,State-DADRA & NAGAR HAVELI,Total,90+,8,4,4,3,2,1,2,1,1,0,0,0,0,0,0,1,1,0,0,0,0,0,0,0,2,0,2
6594,C4920,26,0,State-DADRA & NAGAR HAVELI,Total,Age Not Stated,6,3,3,0,0,0,6,3,3,0,0,0,0,0,0,0,0,0,0,0,0,0,0,0,0,0,0
6595,C4920,26,0,State-DADRA & NAGAR HAVELI,Rural,Total,1956,1097,859,260,136,124,393,220,173,119,68,51,388,243,145,118,67,51,85,50,35,248,135,113,345,178,167
6596,C4920,26,0,State-DADRA & NAGAR HAVELI,Rural,0-4,110,61,49,13,7,6,24,15,9,6,2,4,9,7,2,3,2,1,1,1,0,21,9,12,33,18,15
6597,C4920,26,0,State-DADRA & NAGAR HAVELI,Rural,5-9,165,86,79,12,5,7,27,13,14,15,10,5,17,11,6,15,8,7,2,1,1,27,10,17,50,28,22
6598,C4920,26,0,State-DADRA & NAGAR HAVELI,Rural,10-19,404,243,161,36,21,15,57,39,18,31,17,14,57,40,17,49,28,21,14,6,8,51,32,19,109,60,49
6599,C4920,26,0,State-DADRA & NAGAR HAVELI,Rural,20-29,337,192,145,50,31,19,60,36,24,23,12,11,72,45,27,27,13,14,18,8,10,43,22,21,44,25,19
6600,C4920,26,0,State-DADRA & NAGAR HAVELI,Rural,30-39,247,162,85,25,16,9,43,30,13,21,14,7,62,42,20,6,4,2,21,15,6,33,21,12,36,20,16
6601,C4920,26,0,State-DADRA & NAGAR HAVELI,Rural,40-49,226,131,95,36,21,15,39,19,20,12,6,6,58,34,24,8,6,2,17,11,6,33,22,11,23,12,11
6602,C4920,26,0,State-DADRA & NAGAR HAVELI,Rural,50-59,147,81,66,21,13,8,35,16,19,5,4,1,41,26,15,5,3,2,4,3,1,21,10,11,15,6,9
6603,C4920,26,0,State-DADRA & NAGAR HAVELI,Rural,60-69,169,83,86,34,11,23,46,25,21,4,3,1,42,27,15,4,2,2,7,5,2,10,5,5,22,5,17
6604,C4920,26,0,State-DADRA & NAGAR HAVELI,Rural,70-79,115,44,71,26,7,19,44,20,24,1,0,1,26,9,17,0,0,0,1,0,1,8,4,4,9,4,5
6605,C4920,26,0,State-DADRA & NAGAR HAVELI,Rural,80-89,26,10,16,6,4,2,11,4,7,1,0,1,4,2,2,0,0,0,0,0,0,1,0,1,3,0,3
6606,C4920,26,0,State-DADRA & NAGAR HAVELI,Rural,90+,4,1,3,1,0,1,1,0,1,0,0,0,0,0,0,1,1,0,0,0,0,0,0,0,1,0,1
6607,C4920,26,0,State-DADRA & NAGAR HAVELI,Rural,Age Not Stated,6,3,3,0,0,0,6,3,3,0,0,0,0,0,0,0,0,0,0,0,0,0,0,0,0,0,0
6608,C4920,26,0,State-DADRA & NAGAR HAVELI,Urban,Total,1338,796,542,169,98,71,322,184,138,82,47,35,294,197,97,62,28,34,30,20,10,235,131,104,144,91,53
6609,C4920,26,0,State-DADRA & NAGAR HAVELI,Urban,0-4,95,58,37,12,6,6,37,21,16,1,1,0,13,11,2,3,2,1,1,1,0,18,9,9,10,7,3
6610,C4920,26,0,State-DADRA & NAGAR HAVELI,Urban,5-9,124,73,51,20,11,9,22,10,12,14,11,3,20,12,8,8,7,1,2,2,0,16,6,10,22,14,8
6611,C4920,26,0,State-DADRA & NAGAR HAVELI,Urban,10-19,246,148,98,24,8,16,48,30,18,21,11,10,38,27,11,22,9,13,5,4,1,43,25,18,45,34,11
6612,C4920,26,0,State-DADRA & NAGAR HAVELI,Urban,20-29,301,169,132,37,21,16,76,44,32,27,15,12,61,34,27,11,4,7,2,1,1,69,42,27,18,8,10
6613,C4920,26,0,State-DADRA & NAGAR HAVELI,Urban,30-39,229,138,91,23,16,7,58,38,20,9,5,4,61,41,20,10,3,7,7,5,2,44,21,23,17,9,8
6614,C4920,26,0,State-DADRA & NAGAR HAVELI,Urban,40-49,147,94,53,21,16,5,34,22,12,7,4,3,36,23,13,4,2,2,9,4,5,25,16,9,11,7,4
6615,C4920,26,0,State-DADRA & NAGAR HAVELI,Urban,50-59,80,48,32,10,5,5,12,5,7,2,0,2,29,23,6,3,0,3,1,0,1,12,8,4,11,7,4
6616,C4920,26,0,State-DADRA & NAGAR HAVELI,Urban,60-69,68,43,25,11,7,4,15,9,6,1,0,1,28,19,9,1,1,0,0,0,0,6,3,3,6,4,2
6617,C4920,26,0,State-DADRA & NAGAR HAVELI,Urban,70-79,30,16,14,7,4,3,13,2,11,0,0,0,5,5,0,0,0,0,3,3,0,1,1,0,1,1,0
6618,C4920,26,0,State-DADRA & NAGAR HAVELI,Urban,80-89,14,6,8,2,2,0,6,2,4,0,0,0,3,2,1,0,0,0,0,0,0,1,0,1,2,0,2
6619,C4920,26,0,State-DADRA & NAGAR HAVELI,Urban,90+,4,3,1,2,2,0,1,1,0,0,0,0,0,0,0,0,0,0,0,0,0,0,0,0,1,0,1
6620,C4920,26,0,State-DADRA & NAGAR HAVELI,Urban,Age Not Stated,0,0,0,0,0,0,0,0,0,0,0,0,0,0,0,0,0,0,0,0,0,0,0,0,0,0,0
6621,C4920,26,496,District-Dadra & Nagar Haveli,Total,Total,3294,1893,1401,429,234,195,715,404,311,201,115,86,682,440,242,180,95,85,115,70,45,483,266,217,489,269,220
6622,C4920,26,496,District-Dadra & Nagar Haveli,Total,0-4,205,119,86,25,13,12,61,36,25,7,3,4,22,18,4,6,4,2,2,2,0,39,18,21,43,25,18
6623,C4920,26,496,District-Dadra & Nagar Haveli,Total,5-9,289,159,130,32,16,16,49,23,26,29,21,8,37,23,14,23,15,8,4,3,1,43,16,27,72,42,30
6624,C4920,26,496,District-Dadra & Nagar Haveli,Total,10-19,650,391,259,60,29,31,105,69,36,52,28,24,95,67,28,71,37,34,19,10,9,94,57,37,154,94,60
6625,C4920,26,496,District-Dadra & Nagar Haveli,Total,20-29,638,361,277,87,52,35,136,80,56,50,27,23,133,79,54,38,17,21,20,9,11,112,64,48,62,33,29
6626,C4920,26,496,District-Dadra & Nagar Haveli,Total,30-39,476,300,176,48,32,16,101,68,33,30,19,11,123,83,40,16,7,9,28,20,8,77,42,35,53,29,24
6627,C4920,26,496,District-Dadra & Nagar Haveli,Total,40-49,373,225,148,57,37,20,73,41,32,19,10,9,94,57,37,12,8,4,26,15,11,58,38,20,34,19,15
6628,C4920,26,496,District-Dadra & Nagar Haveli,Total,50-59,227,129,98,31,18,13,47,21,26,7,4,3,70,49,21,8,3,5,5,3,2,33,18,15,26,13,13
6629,C4920,26,496,District-Dadra & Nagar Haveli,Total,60-69,237,126,111,45,18,27,61,34,27,5,3,2,70,46,24,5,3,2,7,5,2,16,8,8,28,9,19
6630,C4920,26,496,District-Dadra & Nagar Haveli,Total,70-79,145,60,85,33,11,22,57,22,35,1,0,1,31,14,17,0,0,0,4,3,1,9,5,4,10,5,5
6631,C4920,26,496,District-Dadra & Nagar Haveli,Total,80-89,40,16,24,8,6,2,17,6,11,1,0,1,7,4,3,0,0,0,0,0,0,2,0,2,5,0,5
6632,C4920,26,496,District-Dadra & Nagar Haveli,Total,90+,8,4,4,3,2,1,2,1,1,0,0,0,0,0,0,1,1,0,0,0,0,0,0,0,2,0,2
6633,C4920,26,496,District-Dadra & Nagar Haveli,Total,Age Not Stated,6,3,3,0,0,0,6,3,3,0,0,0,0,0,0,0,0,0,0,0,0,0,0,0,0,0,0
6634,C4920,26,496,District-Dadra & Nagar Haveli,Rural,Total,1956,1097,859,260,136,124,393,220,173,119,68,51,388,243,145,118,67,51,85,50,35,248,135,113,345,178,167
6635,C4920,26,496,District-Dadra & Nagar Haveli,Rural,0-4,110,61,49,13,7,6,24,15,9,6,2,4,9,7,2,3,2,1,1,1,0,21,9,12,33,18,15
6636,C4920,26,496,District-Dadra & Nagar Haveli,Rural,5-9,165,86,79,12,5,7,27,13,14,15,10,5,17,11,6,15,8,7,2,1,1,27,10,17,50,28,22
6637,C4920,26,496,District-Dadra & Nagar Haveli,Rural,10-19,404,243,161,36,21,15,57,39,18,31,17,14,57,40,17,49,28,21,14,6,8,51,32,19,109,60,49
6638,C4920,26,496,District-Dadra & Nagar Haveli,Rural,20-29,337,192,145,50,31,19,60,36,24,23,12,11,72,45,27,27,13,14,18,8,10,43,22,21,44,25,19
6639,C4920,26,496,District-Dadra & Nagar Haveli,Rural,30-39,247,162,85,25,16,9,43,30,13,21,14,7,62,42,20,6,4,2,21,15,6,33,21,12,36,20,16
6640,C4920,26,496,District-Dadra & Nagar Haveli,Rural,40-49,226,131,95,36,21,15,39,19,20,12,6,6,58,34,24,8,6,2,17,11,6,33,22,11,23,12,11
6641,C4920,26,496,District-Dadra & Nagar Haveli,Rural,50-59,147,81,66,21,13,8,35,16,19,5,4,1,41,26,15,5,3,2,4,3,1,21,10,11,15,6,9
6642,C4920,26,496,District-Dadra & Nagar Haveli,Rural,60-69,169,83,86,34,11,23,46,25,21,4,3,1,42,27,15,4,2,2,7,5,2,10,5,5,22,5,17
6643,C4920,26,496,District-Dadra & Nagar Haveli,Rural,70-79,115,44,71,26,7,19,44,20,24,1,0,1,26,9,17,0,0,0,1,0,1,8,4,4,9,4,5
6644,C4920,26,496,District-Dadra & Nagar Haveli,Rural,80-89,26,10,16,6,4,2,11,4,7,1,0,1,4,2,2,0,0,0,0,0,0,1,0,1,3,0,3
6645,C4920,26,496,District-Dadra & Nagar Haveli,Rural,90+,4,1,3,1,0,1,1,0,1,0,0,0,0,0,0,1,1,0,0,0,0,0,0,0,1,0,1
6646,C4920,26,496,District-Dadra & Nagar Haveli,Rural,Age Not Stated,6,3,3,0,0,0,6,3,3,0,0,0,0,0,0,0,0,0,0,0,0,0,0,0,0,0,0
6647,C4920,26,496,District-Dadra & Nagar Haveli,Urban,Total,1338,796,542,169,98,71,322,184,138,82,47,35,294,197,97,62,28,34,30,20,10,235,131,104,144,91,53
6648,C4920,26,496,District-Dadra & Nagar Haveli,Urban,0-4,95,58,37,12,6,6,37,21,16,1,1,0,13,11,2,3,2,1,1,1,0,18,9,9,10,7,3
6649,C4920,26,496,District-Dadra & Nagar Haveli,Urban,5-9,124,73,51,20,11,9,22,10,12,14,11,3,20,12,8,8,7,1,2,2,0,16,6,10,22,14,8
6650,C4920,26,496,District-Dadra & Nagar Haveli,Urban,10-19,246,148,98,24,8,16,48,30,18,21,11,10,38,27,11,22,9,13,5,4,1,43,25,18,45,34,11
6651,C4920,26,496,District-Dadra & Nagar Haveli,Urban,20-29,301,169,132,37,21,16,76,44,32,27,15,12,61,34,27,11,4,7,2,1,1,69,42,27,18,8,10
6652,C4920,26,496,District-Dadra & Nagar Haveli,Urban,30-39,229,138,91,23,16,7,58,38,20,9,5,4,61,41,20,10,3,7,7,5,2,44,21,23,17,9,8
6653,C4920,26,496,District-Dadra & Nagar Haveli,Urban,40-49,147,94,53,21,16,5,34,22,12,7,4,3,36,23,13,4,2,2,9,4,5,25,16,9,11,7,4
6654,C4920,26,496,District-Dadra & Nagar Haveli,Urban,50-59,80,48,32,10,5,5,12,5,7,2,0,2,29,23,6,3,0,3,1,0,1,12,8,4,11,7,4
6655,C4920,26,496,District-Dadra & Nagar Haveli,Urban,60-69,68,43,25,11,7,4,15,9,6,1,0,1,28,19,9,1,1,0,0,0,0,6,3,3,6,4,2
6656,C4920,26,496,District-Dadra & Nagar Haveli,Urban,70-79,30,16,14,7,4,3,13,2,11,0,0,0,5,5,0,0,0,0,3,3,0,1,1,0,1,1,0
6657,C4920,26,496,District-Dadra & Nagar Haveli,Urban,80-89,14,6,8,2,2,0,6,2,4,0,0,0,3,2,1,0,0,0,0,0,0,1,0,1,2,0,2
6658,C4920,26,496,District-Dadra & Nagar Haveli,Urban,90+,4,3,1,2,2,0,1,1,0,0,0,0,0,0,0,0,0,0,0,0,0,0,0,0,1,0,1
6659,C4920,26,496,District-Dadra & Nagar Haveli,Urban,Age Not Stated,0,0,0,0,0,0,0,0,0,0,0,0,0,0,0,0,0,0,0,0,0,0,0,0,0,0,0
6660,C4920,25,0,State-DAMAN & DIU,Total,0-4,71,31,40,14,6,8,16,4,12,1,0,1,11,4,7,3,0,3,2,1,1,20,13,7,4,3,1
6661,C4920,25,0,State-DAMAN & DIU,Total,5-9,103,66,37,17,12,5,13,7,6,9,6,3,12,5,7,12,9,3,5,4,1,13,8,5,22,15,7
6662,C4920,25,0,State-DAMAN & DIU,Total,10-19,328,213,115,49,27,22,46,30,16,40,28,12,65,45,20,44,29,15,13,8,5,31,20,11,40,26,14
6663,C4920,25,0,State-DAMAN & DIU,Total,20-29,443,288,155,56,36,20,60,39,21,45,33,12,110,68,42,33,16,17,14,12,2,86,63,23,39,21,18
6664,C4920,25,0,State-DAMAN & DIU,Total,30-39,380,239,141,51,34,17,41,22,19,25,17,8,141,95,46,44,24,20,17,9,8,43,29,14,18,9,9
6665,C4920,25,0,State-DAMAN & DIU,Total,40-49,278,183,95,68,45,23,25,17,8,13,11,2,76,48,28,28,14,14,11,9,2,29,23,6,28,16,12
6666,C4920,25,0,State-DAMAN & DIU,Total,50-59,187,107,80,44,22,22,21,14,7,8,5,3,58,36,22,9,6,3,14,6,8,22,12,10,11,6,5
6667,C4920,25,0,State-DAMAN & DIU,Total,60-69,186,97,89,51,25,26,24,8,16,5,2,3,69,37,32,1,0,1,9,5,4,14,10,4,13,10,3
6668,C4920,25,0,State-DAMAN & DIU,Total,70-79,134,57,77,20,10,10,31,11,20,3,1,2,55,22,33,2,0,2,3,0,3,4,3,1,16,10,6
6669,C4920,25,0,State-DAMAN & DIU,Total,80-89,61,14,47,8,3,5,25,5,20,0,0,0,18,5,13,0,0,0,1,0,1,1,1,0,8,0,8
6670,C4920,25,0,State-DAMAN & DIU,Total,90+,19,3,16,2,1,1,7,1,6,0,0,0,3,1,2,0,0,0,0,0,0,0,0,0,7,0,7
6671,C4920,25,0,State-DAMAN & DIU,Total,Age Not Stated,6,2,4,2,1,1,0,0,0,0,0,0,2,1,1,0,0,0,0,0,0,1,0,1,1,0,1
6672,C4920,25,0,State-DAMAN & DIU,Rural,Total,777,451,326,146,95,51,80,36,44,56,33,23,254,145,109,66,37,29,34,20,14,65,37,28,76,48,28
6673,C4920,25,0,State-DAMAN & DIU,Rural,0-4,19,11,8,2,2,0,2,1,1,0,0,0,4,1,3,2,0,2,1,0,1,6,5,1,2,2,0
6674,C4920,25,0,State-DAMAN & DIU,Rural,5-9,29,18,11,4,4,0,1,1,0,5,4,1,5,1,4,3,3,0,2,1,1,3,0,3,6,4,2
6675,C4920,25,0,State-DAMAN & DIU,Rural,10-19,125,77,48,16,10,6,15,8,7,12,5,7,30,20,10,20,14,6,4,2,2,9,5,4,19,13,6
6676,C4920,25,0,State-DAMAN & DIU,Rural,20-29,127,70,57,16,10,6,10,4,6,16,9,7,38,19,19,14,6,8,7,6,1,12,8,4,14,8,6
6677,C4920,25,0,State-DAMAN & DIU,Rural,30-39,140,85,55,13,10,3,6,3,3,11,6,5,67,44,23,15,8,7,7,3,4,12,6,6,9,5,4
6678,C4920,25,0,State-DAMAN & DIU,Rural,40-49,107,74,33,37,29,8,10,5,5,5,4,1,28,18,10,9,4,5,3,3,0,6,4,2,9,7,2
6679,C4920,25,0,State-DAMAN & DIU,Rural,50-59,85,49,36,23,12,11,9,6,3,4,4,0,23,13,10,3,2,1,7,4,3,12,6,6,4,2,2
6680,C4920,25,0,State-DAMAN & DIU,Rural,60-69,61,34,27,19,11,8,8,2,6,1,0,1,23,15,8,0,0,0,3,1,2,3,2,1,4,3,1
6681,C4920,25,0,State-DAMAN & DIU,Rural,70-79,53,25,28,7,3,4,13,5,8,2,1,1,26,11,15,0,0,0,0,0,0,1,1,0,4,4,0
6682,C4920,25,0,State-DAMAN & DIU,Rural,80-89,20,5,15,6,2,4,4,0,4,0,0,0,8,3,5,0,0,0,0,0,0,0,0,0,2,0,2
6683,C4920,25,0,State-DAMAN & DIU,Rural,90+,6,2,4,1,1,0,2,1,1,0,0,0,1,0,1,0,0,0,0,0,0,0,0,0,2,0,2
6684,C4920,25,0,State-DAMAN & DIU,Rural,Age Not Stated,5,1,4,2,1,1,0,0,0,0,0,0,1,0,1,0,0,0,0,0,0,1,0,1,1,0,1
6685,C4920,25,0,State-DAMAN & DIU,Urban,Total,1419,849,570,236,127,109,229,122,107,93,70,23,366,222,144,110,61,49,55,34,21,199,145,54,131,68,63
6686,C4920,25,0,State-DAMAN & DIU,Urban,0-4,52,20,32,12,4,8,14,3,11,1,0,1,7,3,4,1,0,1,1,1,0,14,8,6,2,1,1
6687,C4920,25,0,State-DAMAN & DIU,Urban,5-9,74,48,26,13,8,5,12,6,6,4,2,2,7,4,3,9,6,3,3,3,0,10,8,2,16,11,5
6688,C4920,25,0,State-DAMAN & DIU,Urban,10-19,203,136,67,33,17,16,31,22,9,28,23,5,35,25,10,24,15,9,9,6,3,22,15,7,21,13,8
6689,C4920,25,0,State-DAMAN & DIU,Urban,20-29,316,218,98,40,26,14,50,35,15,29,24,5,72,49,23,19,10,9,7,6,1,74,55,19,25,13,12
6690,C4920,25,0,State-DAMAN & DIU,Urban,30-39,240,154,86,38,24,14,35,19,16,14,11,3,74,51,23,29,16,13,10,6,4,31,23,8,9,4,5
6691,C4920,25,0,State-DAMAN & DIU,Urban,40-49,171,109,62,31,16,15,15,12,3,8,7,1,48,30,18,19,10,9,8,6,2,23,19,4,19,9,10
6692,C4920,25,0,State-DAMAN & DIU,Urban,50-59,102,58,44,21,10,11,12,8,4,4,1,3,35,23,12,6,4,2,7,2,5,10,6,4,7,4,3
6693,C4920,25,0,State-DAMAN & DIU,Urban,60-69,125,63,62,32,14,18,16,6,10,4,2,2,46,22,24,1,0,1,6,4,2,11,8,3,9,7,2
6694,C4920,25,0,State-DAMAN & DIU,Urban,70-79,81,32,49,13,7,6,18,6,12,1,0,1,29,11,18,2,0,2,3,0,3,3,2,1,12,6,6
6695,C4920,25,0,State-DAMAN & DIU,Urban,80-89,41,9,32,2,1,1,21,5,16,0,0,0,10,2,8,0,0,0,1,0,1,1,1,0,6,0,6
6696,C4920,25,0,State-DAMAN & DIU,Urban,90+,13,1,12,1,0,1,5,0,5,0,0,0,2,1,1,0,0,0,0,0,0,0,0,0,5,0,5
6697,C4920,25,0,State-DAMAN & DIU,Urban,Age Not Stated,1,1,0,0,0,0,0,0,0,0,0,0,1,1,0,0,0,0,0,0,0,0,0,0,0,0,0
6698,C4920,25,494,District-Diu,Total,Total,742,408,334,99,51,48,74,31,43,44,29,15,282,157,125,71,37,34,37,23,14,43,24,19,92,56,36
6699,C4920,25,494,District-Diu,Total,0-4,14,6,8,2,1,1,1,1,0,0,0,0,3,1,2,1,0,1,1,0,1,4,2,2,2,1,1
6700,C4920,25,494,District-Diu,Total,5-9,26,18,8,4,4,0,1,0,1,2,1,1,6,2,4,3,3,0,1,1,0,2,1,1,7,6,1
6701,C4920,25,494,District-Diu,Total,10-19,113,74,39,15,9,6,8,3,5,11,7,4,26,22,4,20,13,7,8,5,3,9,5,4,16,10,6
6702,C4920,25,494,District-Diu,Total,20-29,112,68,44,14,8,6,6,4,2,13,9,4,36,20,16,11,5,6,7,7,0,8,4,4,17,11,6
6703,C4920,25,494,District-Diu,Total,30-39,120,70,50,8,4,4,8,5,3,8,5,3,68,42,26,15,6,9,5,3,2,2,1,1,6,4,2
6704,C4920,25,494,District-Diu,Total,40-49,96,61,35,20,13,7,4,3,1,3,3,0,35,22,13,16,8,8,2,2,0,4,2,2,12,8,4
6705,C4920,25,494,District-Diu,Total,50-59,68,36,32,9,3,6,5,4,1,4,3,1,24,13,11,3,2,1,7,2,5,10,6,4,6,3,3
6706,C4920,25,494,District-Diu,Total,60-69,76,37,39,14,5,9,8,1,7,2,1,1,37,19,18,1,0,1,5,3,2,2,2,0,7,6,1
6707,C4920,25,494,District-Diu,Total,70-79,76,30,46,11,4,7,15,5,10,1,0,1,34,13,21,1,0,1,1,0,1,2,1,1,11,7,4
6708,C4920,25,494,District-Diu,Total,80-89,31,7,24,1,0,1,15,5,10,0,0,0,10,2,8,0,0,0,0,0,0,0,0,0,5,0,5
6709,C4920,25,494,District-Diu,Total,90+,7,0,7,1,0,1,3,0,3,0,0,0,1,0,1,0,0,0,0,0,0,0,0,0,2,0,2
6710,C4920,25,494,District-Diu,Total,Age Not Stated,3,1,2,0,0,0,0,0,0,0,0,0,2,1,1,0,0,0,0,0,0,0,0,0,1,0,1
6711,C4920,25,494,District-Diu,Rural,Total,416,236,180,64,37,27,32,10,22,27,15,12,172,99,73,33,18,15,21,13,8,18,11,7,49,33,16
6712,C4920,25,494,District-Diu,Rural,0-4,9,5,4,1,1,0,1,1,0,0,0,0,3,1,2,1,0,1,1,0,1,1,1,0,1,1,0
6713,C4920,25,494,District-Diu,Rural,5-9,17,11,6,3,3,0,0,0,0,2,1,1,4,0,4,2,2,0,1,1,0,1,0,1,4,4,0
6714,C4920,25,494,District-Diu,Rural,10-19,76,49,27,13,8,5,5,2,3,8,4,4,17,15,2,11,7,4,4,2,2,5,3,2,13,8,5
6715,C4920,25,494,District-Diu,Rural,20-29,69,40,29,10,6,4,3,1,2,8,4,4,24,13,11,6,3,3,5,5,0,2,1,1,11,7,4
6716,C4920,25,494,District-Diu,Rural,30-39,75,40,35,4,1,3,3,1,2,6,3,3,46,27,19,8,4,4,3,1,2,2,1,1,3,2,1
6717,C4920,25,494,District-Diu,Rural,40-49,45,31,14,13,9,4,1,0,1,1,1,0,21,15,6,5,2,3,1,1,0,0,0,0,3,3,0
6718,C4920,25,494,District-Diu,Rural,50-59,34,20,14,5,3,2,2,1,1,2,2,0,10,5,5,0,0,0,4,2,2,7,5,2,4,2,2
6719,C4920,25,494,District-Diu,Rural,60-69,36,19,17,8,4,4,5,1,4,0,0,0,17,10,7,0,0,0,2,1,1,0,0,0,4,3,1
6720,C4920,25,494,District-Diu,Rural,70-79,39,19,20,6,2,4,8,3,5,0,0,0,22,11,11,0,0,0,0,0,0,0,0,0,3,3,0
6721,C4920,25,494,District-Diu,Rural,80-89,13,2,11,1,0,1,4,0,4,0,0,0,6,2,4,0,0,0,0,0,0,0,0,0,2,0,2
6722,C4920,25,494,District-Diu,Rural,90+,1,0,1,0,0,0,0,0,0,0,0,0,1,0,1,0,0,0,0,0,0,0,0,0,0,0,0
6723,C4920,25,494,District-Diu,Rural,Age Not Stated,2,0,2,0,0,0,0,0,0,0,0,0,1,0,1,0,0,0,0,0,0,0,0,0,1,0,1
6724,C4920,25,494,District-Diu,Urban,Total,326,172,154,35,14,21,42,21,21,17,14,3,110,58,52,38,19,19,16,10,6,25,13,12,43,23,20
6725,C4920,25,494,District-Diu,Urban,0-4,5,1,4,1,0,1,0,0,0,0,0,0,0,0,0,0,0,0,0,0,0,3,1,2,1,0,1
6726,C4920,25,494,District-Diu,Urban,5-9,9,7,2,1,1,0,1,0,1,0,0,0,2,2,0,1,1,0,0,0,0,1,1,0,3,2,1
6727,C4920,25,494,District-Diu,Urban,10-19,37,25,12,2,1,1,3,1,2,3,3,0,9,7,2,9,6,3,4,3,1,4,2,2,3,2,1
6728,C4920,25,494,District-Diu,Urban,20-29,43,28,15,4,2,2,3,3,0,5,5,0,12,7,5,5,2,3,2,2,0,6,3,3,6,4,2
6729,C4920,25,494,District-Diu,Urban,30-39,45,30,15,4,3,1,5,4,1,2,2,0,22,15,7,7,2,5,2,2,0,0,0,0,3,2,1
6730,C4920,25,494,District-Diu,Urban,40-49,51,30,21,7,4,3,3,3,0,2,2,0,14,7,7,11,6,5,1,1,0,4,2,2,9,5,4
6731,C4920,25,494,District-Diu,Urban,50-59,34,16,18,4,0,4,3,3,0,2,1,1,14,8,6,3,2,1,3,0,3,3,1,2,2,1,1
6732,C4920,25,494,District-Diu,Urban,60-69,40,18,22,6,1,5,3,0,3,2,1,1,20,9,11,1,0,1,3,2,1,2,2,0,3,3,0
6733,C4920,25,494,District-Diu,Urban,70-79,37,11,26,5,2,3,7,2,5,1,0,1,12,2,10,1,0,1,1,0,1,2,1,1,8,4,4
6734,C4920,25,494,District-Diu,Urban,80-89,18,5,13,0,0,0,11,5,6,0,0,0,4,0,4,0,0,0,0,0,0,0,0,0,3,0,3
6735,C4920,25,494,District-Diu,Urban,90+,6,0,6,1,0,1,3,0,3,0,0,0,0,0,0,0,0,0,0,0,0,0,0,0,2,0,2
6736,C4920,25,494,District-Diu,Urban,Age Not Stated,1,1,0,0,0,0,0,0,0,0,0,0,1,1,0,0,0,0,0,0,0,0,0,0,0,0,0
6737,C4920,25,495,District-Daman,Total,Total,1454,892,562,283,171,112,235,127,108,105,74,31,338,210,128,105,61,44,52,31,21,221,158,63,115,60,55
6738,C4920,25,495,District-Daman,Total,0-4,57,25,32,12,5,7,15,3,12,1,0,1,8,3,5,2,0,2,1,1,0,16,11,5,2,2,0
6739,C4920,25,495,District-Daman,Total,5-9,77,48,29,13,8,5,12,7,5,7,5,2,6,3,3,9,6,3,4,3,1,11,7,4,15,9,6
6740,C4920,25,495,District-Daman,Total,10-19,215,139,76,34,18,16,38,27,11,29,21,8,39,23,16,24,16,8,5,3,2,22,15,7,24,16,8
6741,C4920,25,495,District-Daman,Total,20-29,331,220,111,42,28,14,54,35,19,32,24,8,74,48,26,22,11,11,7,5,2,78,59,19,22,10,12
6742,C4920,25,495,District-Daman,Total,30-39,260,169,91,43,30,13,33,17,16,17,12,5,73,53,20,29,18,11,12,6,6,41,28,13,12,5,7
6743,C4920,25,495,District-Daman,Total,40-49,182,122,60,48,32,16,21,14,7,10,8,2,41,26,15,12,6,6,9,7,2,25,21,4,16,8,8
6744,C4920,25,495,District-Daman,Total,50-59,119,71,48,35,19,16,16,10,6,4,2,2,34,23,11,6,4,2,7,4,3,12,6,6,5,3,2
6745,C4920,25,495,District-Daman,Total,60-69,110,60,50,37,20,17,16,7,9,3,1,2,32,18,14,0,0,0,4,2,2,12,8,4,6,4,2
6746,C4920,25,495,District-Daman,Total,70-79,58,27,31,9,6,3,16,6,10,2,1,1,21,9,12,1,0,1,2,0,2,2,2,0,5,3,2
6747,C4920,25,495,District-Daman,Total,80-89,30,7,23,7,3,4,10,0,10,0,0,0,8,3,5,0,0,0,1,0,1,1,1,0,3,0,3
6748,C4920,25,495,District-Daman,Total,90+,12,3,9,1,1,0,4,1,3,0,0,0,2,1,1,0,0,0,0,0,0,0,0,0,5,0,5
6749,C4920,25,495,District-Daman,Total,Age Not Stated,3,1,2,2,1,1,0,0,0,0,0,0,0,0,0,0,0,0,0,0,0,1,0,1,0,0,0
6750,C4920,25,495,District-Daman,Rural,Total,361,215,146,82,58,24,48,26,22,29,18,11,82,46,36,33,19,14,13,7,6,47,26,21,27,15,12
6751,C4920,25,495,District-Daman,Rural,0-4,10,6,4,1,1,0,1,0,1,0,0,0,1,0,1,1,0,1,0,0,0,5,4,1,1,1,0
6752,C4920,25,495,District-Daman,Rural,5-9,12,7,5,1,1,0,1,1,0,3,3,0,1,1,0,1,1,0,1,0,1,2,0,2,2,0,2
6753,C4920,25,495,District-Daman,Rural,10-19,49,28,21,3,2,1,10,6,4,4,1,3,13,5,8,9,7,2,0,0,0,4,2,2,6,5,1
6754,C4920,25,495,District-Daman,Rural,20-29,58,30,28,6,4,2,7,3,4,8,5,3,14,6,8,8,3,5,2,1,1,10,7,3,3,1,2
6755,C4920,25,495,District-Daman,Rural,30-39,65,45,20,9,9,0,3,2,1,5,3,2,21,17,4,7,4,3,4,2,2,10,5,5,6,3,3
6756,C4920,25,495,District-Daman,Rural,40-49,62,43,19,24,20,4,9,5,4,4,3,1,7,3,4,4,2,2,2,2,0,6,4,2,6,4,2
6757,C4920,25,495,District-Daman,Rural,50-59,51,29,22,18,9,9,7,5,2,2,2,0,13,8,5,3,2,1,3,2,1,5,1,4,0,0,0
6758,C4920,25,495,District-Daman,Rural,60-69,25,15,10,11,7,4,3,1,2,1,0,1,6,5,1,0,0,0,1,0,1,3,2,1,0,0,0
6759,C4920,25,495,District-Daman,Rural,70-79,14,6,8,1,1,0,5,2,3,2,1,1,4,0,4,0,0,0,0,0,0,1,1,0,1,1,0
6760,C4920,25,495,District-Daman,Rural,80-89,7,3,4,5,2,3,0,0,0,0,0,0,2,1,1,0,0,0,0,0,0,0,0,0,0,0,0
6761,C4920,25,495,District-Daman,Rural,90+,5,2,3,1,1,0,2,1,1,0,0,0,0,0,0,0,0,0,0,0,0,0,0,0,2,0,2
6762,C4920,25,495,District-Daman,Rural,Age Not Stated,3,1,2,2,1,1,0,0,0,0,0,0,0,0,0,0,0,0,0,0,0,1,0,1,0,0,0
6763,C4920,25,495,District-Daman,Urban,Total,1093,677,416,201,113,88,187,101,86,76,56,20,256,164,92,72,42,30,39,24,15,174,132,42,88,45,43
6764,C4920,25,495,District-Daman,Urban,0-4,47,19,28,11,4,7,14,3,11,1,0,1,7,3,4,1,0,1,1,1,0,11,7,4,1,1,0
6765,C4920,25,495,District-Daman,Urban,5-9,65,41,24,12,7,5,11,6,5,4,2,2,5,2,3,8,5,3,3,3,0,9,7,2,13,9,4
6766,C4920,25,495,District-Daman,Urban,10-19,166,111,55,31,16,15,28,21,7,25,20,5,26,18,8,15,9,6,5,3,2,18,13,5,18,11,7
6767,C4920,25,495,District-Daman,Urban,20-29,273,190,83,36,24,12,47,32,15,24,19,5,60,42,18,14,8,6,5,4,1,68,52,16,19,9,10
6768,C4920,25,495,District-Daman,Urban,30-39,195,124,71,34,21,13,30,15,15,12,9,3,52,36,16,22,14,8,8,4,4,31,23,8,6,2,4
6769,C4920,25,495,District-Daman,Urban,40-49,120,79,41,24,12,12,12,9,3,6,5,1,34,23,11,8,4,4,7,5,2,19,17,2,10,4,6
6770,C4920,25,495,District-Daman,Urban,50-59,68,42,26,17,10,7,9,5,4,2,0,2,21,15,6,3,2,1,4,2,2,7,5,2,5,3,2
6771,C4920,25,495,District-Daman,Urban,60-69,85,45,40,26,13,13,13,6,7,2,1,1,26,13,13,0,0,0,3,2,1,9,6,3,6,4,2
6772,C4920,25,495,District-Daman,Urban,70-79,44,21,23,8,5,3,11,4,7,0,0,0,17,9,8,1,0,1,2,0,2,1,1,0,4,2,2
6773,C4920,25,495,District-Daman,Urban,80-89,23,4,19,2,1,1,10,0,10,0,0,0,6,2,4,0,0,0,1,0,1,1,1,0,3,0,3
6774,C4920,25,495,District-Daman,Urban,90+,7,1,6,0,0,0,2,0,2,0,0,0,2,1,1,0,0,0,0,0,0,0,0,0,3,0,3
6775,C4920,25,495,District-Daman,Urban,Age Not Stated,0,0,0,0,0,0,0,0,0,0,0,0,0,0,0,0,0,0,0,0,0,0,0,0,0,0,0
6776,C4920,30,0,State-GOA,Total,0-4,980,498,482,126,62,64,180,80,100,44,27,17,58,36,22,59,24,35,10,7,3,428,227,201,75,35,40
6777,C4920,30,0,State-GOA,Total,5-9,1407,728,679,151,73,78,242,120,122,345,176,169,85,48,37,108,62,46,43,21,22,298,146,152,135,82,53
6778,C4920,30,0,State-GOA,Total,10-19,3644,2027,1617,414,224,190,568,287,281,681,368,313,317,197,120,459,267,192,144,90,54,711,382,329,350,212,138
6779,C4920,30,0,State-GOA,Total,20-29,4128,2286,1842,448,231,217,653,367,286,921,496,425,421,269,152,340,196,144,214,123,91,823,425,398,308,179,129
6780,C4920,30,0,State-GOA,Total,30-39,4549,2402,2147,520,244,276,656,354,302,959,506,453,667,400,267,301,148,153,354,189,165,789,403,386,303,158,145
6781,C4920,30,0,State-GOA,Total,40-49,4687,2617,2070,709,364,345,680,363,317,861,491,370,720,497,223,264,133,131,340,178,162,868,445,423,245,146,99
6782,C4920,30,0,State-GOA,Total,50-59,4295,2287,2008,774,388,386,624,312,312,661,341,320,878,547,331,137,66,71,260,138,122,709,358,351,252,137,115
6783,C4920,30,0,State-GOA,Total,60-69,4434,2198,2236,901,395,506,750,336,414,516,260,256,1057,605,452,85,42,43,178,84,94,617,313,304,330,163,167
6784,C4920,30,0,State-GOA,Total,70-79,3089,1319,1770,636,252,384,606,259,347,195,101,94,845,392,453,51,23,28,83,31,52,361,153,208,312,108,204
6785,C4920,30,0,State-GOA,Total,80-89,1409,514,895,222,90,132,310,117,193,53,18,35,433,138,295,11,4,7,39,11,28,145,66,79,196,70,126
6786,C4920,30,0,State-GOA,Total,90+,302,100,202,52,23,29,60,21,39,17,13,4,90,21,69,2,0,2,4,1,3,18,5,13,59,16,43
6787,C4920,30,0,State-GOA,Total,Age Not Stated,88,40,48,11,4,7,18,5,13,19,10,9,7,3,4,0,0,0,6,2,4,17,10,7,10,6,4
6788,C4920,30,0,State-GOA,Rural,Total,14622,7479,7143,2418,1138,1280,2272,1072,1200,2148,1119,1029,2446,1418,1028,793,418,375,764,404,360,2553,1312,1241,1228,598,630
6789,C4920,30,0,State-GOA,Rural,0-4,389,200,189,46,26,20,70,27,43,17,10,7,26,15,11,22,9,13,3,2,1,173,97,76,32,14,18
6790,C4920,30,0,State-GOA,Rural,5-9,567,288,279,67,32,35,105,56,49,131,64,67,36,22,14,40,24,16,16,7,9,127,57,70,45,26,19
6791,C4920,30,0,State-GOA,Rural,10-19,1537,861,676,158,79,79,208,107,101,288,156,132,156,105,51,231,131,100,58,38,20,307,172,135,131,73,58
6792,C4920,30,0,State-GOA,Rural,20-29,1639,891,748,182,94,88,227,119,108,364,192,172,190,119,71,129,76,53,102,57,45,303,159,144,142,75,67
6793,C4920,30,0,State-GOA,Rural,30-39,2002,1052,950,241,111,130,276,148,128,393,207,186,305,183,122,116,58,58,150,78,72,369,195,174,152,72,80
6794,C4920,30,0,State-GOA,Rural,40-49,2058,1154,904,326,168,158,265,142,123,349,192,157,324,228,96,120,58,62,166,86,80,381,199,182,127,81,46
6795,C4920,30,0,State-GOA,Rural,50-59,1999,1060,939,391,203,188,279,133,146,286,142,144,368,233,135,62,29,33,132,76,56,350,175,175,131,69,62
6796,C4920,30,0,State-GOA,Rural,60-69,2202,1078,1124,516,236,280,371,151,220,219,109,110,485,282,203,42,19,23,84,46,38,308,152,156,177,83,94
6797,C4920,30,0,State-GOA,Rural,70-79,1444,597,847,337,124,213,309,135,174,70,34,36,356,166,190,25,12,13,35,7,28,153,67,86,159,52,107
6798,C4920,30,0,State-GOA,Rural,80-89,608,233,375,124,54,70,129,45,84,17,4,13,162,55,107,5,2,3,11,4,7,65,29,36,95,40,55
6799,C4920,30,0,State-GOA,Rural,90+,143,47,96,27,10,17,28,8,20,11,8,3,33,7,26,1,0,1,3,1,2,8,3,5,32,10,22
6800,C4920,30,0,State-GOA,Rural,Age Not Stated,34,18,16,3,1,2,5,1,4,3,1,2,5,3,2,0,0,0,4,2,2,9,7,2,5,3,2
6801,C4920,30,0,State-GOA,Urban,Total,18390,9537,8853,2546,1212,1334,3075,1549,1526,3124,1688,1436,3132,1735,1397,1024,547,477,911,471,440,3231,1621,1610,1347,714,633
6802,C4920,30,0,State-GOA,Urban,0-4,591,298,293,80,36,44,110,53,57,27,17,10,32,21,11,37,15,22,7,5,2,255,130,125,43,21,22
6803,C4920,30,0,State-GOA,Urban,5-9,840,440,400,84,41,43,137,64,73,214,112,102,49,26,23,68,38,30,27,14,13,171,89,82,90,56,34
6804,C4920,30,0,State-GOA,Urban,10-19,2107,1166,941,256,145,111,360,180,180,393,212,181,161,92,69,228,136,92,86,52,34,404,210,194,219,139,80
6805,C4920,30,0,State-GOA,Urban,20-29,2489,1395,1094,266,137,129,426,248,178,557,304,253,231,150,81,211,120,91,112,66,46,520,266,254,166,104,62
6806,C4920,30,0,State-GOA,Urban,30-39,2547,1350,1197,279,133,146,380,206,174,566,299,267,362,217,145,185,90,95,204,111,93,420,208,212,151,86,65
6807,C4920,30,0,State-GOA,Urban,40-49,2629,1463,1166,383,196,187,415,221,194,512,299,213,396,269,127,144,75,69,174,92,82,487,246,241,118,65,53
6808,C4920,30,0,State-GOA,Urban,50-59,2296,1227,1069,383,185,198,345,179,166,375,199,176,510,314,196,75,37,38,128,62,66,359,183,176,121,68,53
6809,C4920,30,0,State-GOA,Urban,60-69,2232,1120,1112,385,159,226,379,185,194,297,151,146,572,323,249,43,23,20,94,38,56,309,161,148,153,80,73
6810,C4920,30,0,State-GOA,Urban,70-79,1645,722,923,299,128,171,297,124,173,125,67,58,489,226,263,26,11,15,48,24,24,208,86,122,153,56,97
6811,C4920,30,0,State-GOA,Urban,80-89,801,281,520,98,36,62,181,72,109,36,14,22,271,83,188,6,2,4,28,7,21,80,37,43,101,30,71
6812,C4920,30,0,State-GOA,Urban,90+,159,53,106,25,13,12,32,13,19,6,5,1,57,14,43,1,0,1,1,0,1,10,2,8,27,6,21
6813,C4920,30,0,State-GOA,Urban,Age Not Stated,54,22,32,8,3,5,13,4,9,16,9,7,2,0,2,0,0,0,2,0,2,8,3,5,5,3,2
6814,C4920,30,585,District-North Goa,Total,Total,18977,9846,9131,2936,1403,1533,3248,1611,1637,3063,1654,1409,2987,1654,1333,1087,593,494,955,512,443,3270,1680,1590,1431,739,692
6815,C4920,30,585,District-North Goa,Total,0-4,530,273,257,57,27,30,108,46,62,20,10,10,32,20,12,31,16,15,6,4,2,239,134,105,37,16,21
6816,C4920,30,585,District-North Goa,Total,5-9,819,423,396,74,33,41,158,82,76,201,102,99,51,24,27,69,42,27,23,13,10,164,79,85,79,48,31
6817,C4920,30,585,District-North Goa,Total,10-19,2158,1212,946,224,130,94,355,185,170,397,218,179,174,105,69,308,171,137,91,56,35,422,230,192,187,117,70
6818,C4920,30,585,District-North Goa,Total,20-29,2337,1323,1014,246,138,108,396,221,175,538,303,235,230,144,86,185,116,69,127,75,52,446,232,214,169,94,75
6819,C4920,30,585,District-North Goa,Total,30-39,2599,1389,1210,292,134,158,398,215,183,554,295,259,355,218,137,164,89,75,193,103,90,474,242,232,169,93,76
6820,C4920,30,585,District-North Goa,Total,40-49,2716,1500,1216,427,209,218,416,224,192,498,287,211,376,254,122,150,76,74,195,100,95,527,276,251,127,74,53
6821,C4920,30,585,District-North Goa,Total,50-59,2417,1298,1119,466,244,222,347,169,178,399,203,196,454,281,173,88,42,46,155,89,66,380,195,185,128,75,53
6822,C4920,30,585,District-North Goa,Total,60-69,2561,1276,1285,576,262,314,435,203,232,297,155,142,569,310,259,51,22,29,94,51,43,343,174,169,196,99,97
6823,C4920,30,585,District-North Goa,Total,70-79,1741,753,988,395,158,237,382,165,217,109,61,48,429,196,233,30,15,15,39,15,24,184,76,108,173,67,106
6824,C4920,30,585,District-North Goa,Total,80-89,866,323,543,142,58,84,210,86,124,31,9,22,257,89,168,10,4,6,26,6,20,67,30,37,123,41,82
6825,C4920,30,585,District-North Goa,Total,90+,172,51,121,29,8,21,29,12,17,9,6,3,54,10,44,1,0,1,3,0,3,10,4,6,37,11,26
6826,C4920,30,585,District-North Goa,Total,Age Not Stated,61,25,36,8,2,6,14,3,11,10,5,5,6,3,3,0,0,0,3,0,3,14,8,6,6,4,2
6827,C4920,30,585,District-North Goa,Rural,Total,8504,4392,4112,1519,710,809,1352,653,699,1278,677,601,1287,745,542,530,287,243,433,240,193,1400,731,669,705,349,356
6828,C4920,30,585,District-North Goa,Rural,0-4,209,100,109,23,10,13,45,16,29,5,1,4,12,6,6,14,8,6,2,1,1,94,51,43,14,7,7
6829,C4920,30,585,District-North Goa,Rural,5-9,344,168,176,40,14,26,71,41,30,69,34,35,19,9,10,30,19,11,9,4,5,80,35,45,26,12,14
6830,C4920,30,585,District-North Goa,Rural,10-19,953,551,402,93,48,45,124,66,58,180,100,80,99,66,33,178,98,80,37,25,12,176,109,67,66,39,27
6831,C4920,30,585,District-North Goa,Rural,20-29,960,539,421,109,62,47,132,73,59,220,118,102,113,71,42,73,48,25,58,33,25,169,91,78,86,43,43
6832,C4920,30,585,District-North Goa,Rural,30-39,1179,619,560,156,66,90,168,90,78,233,123,110,168,110,58,73,40,33,89,43,46,208,107,101,84,40,44
6833,C4920,30,585,District-North Goa,Rural,40-49,1214,680,534,218,108,110,162,93,69,209,119,90,176,117,59,71,34,37,89,45,44,230,124,106,59,40,19
6834,C4920,30,585,District-North Goa,Rural,50-59,1128,599,529,241,133,108,160,71,89,182,91,91,177,112,65,41,16,25,82,52,30,174,84,90,71,40,31
6835,C4920,30,585,District-North Goa,Rural,60-69,1286,643,643,342,164,178,215,94,121,127,67,60,244,135,109,30,13,17,46,31,15,166,81,85,116,58,58
6836,C4920,30,585,District-North Goa,Rural,70-79,782,327,455,204,71,133,183,77,106,32,18,14,167,80,87,15,9,6,11,3,8,71,31,40,99,38,61
6837,C4920,30,585,District-North Goa,Rural,80-89,340,132,208,76,31,45,74,27,47,11,1,10,87,33,54,4,2,2,6,3,3,22,10,12,60,25,35
6838,C4920,30,585,District-North Goa,Rural,90+,82,21,61,14,2,12,13,4,9,7,4,3,20,3,17,1,0,1,2,0,2,3,2,1,22,6,16
6839,C4920,30,585,District-North Goa,Rural,Age Not Stated,27,13,14,3,1,2,5,1,4,3,1,2,5,3,2,0,0,0,2,0,2,7,6,1,2,1,1
6840,C4920,30,585,District-North Goa,Urban,Total,10473,5454,5019,1417,693,724,1896,958,938,1785,977,808,1700,909,791,557,306,251,522,272,250,1870,949,921,726,390,336
6841,C4920,30,585,District-North Goa,Urban,0-4,321,173,148,34,17,17,63,30,33,15,9,6,20,14,6,17,8,9,4,3,1,145,83,62,23,9,14
6842,C4920,30,585,District-North Goa,Urban,5-9,475,255,220,34,19,15,87,41,46,132,68,64,32,15,17,39,23,16,14,9,5,84,44,40,53,36,17
6843,C4920,30,585,District-North Goa,Urban,10-19,1205,661,544,131,82,49,231,119,112,217,118,99,75,39,36,130,73,57,54,31,23,246,121,125,121,78,43
6844,C4920,30,585,District-North Goa,Urban,20-29,1377,784,593,137,76,61,264,148,116,318,185,133,117,73,44,112,68,44,69,42,27,277,141,136,83,51,32
6845,C4920,30,585,District-North Goa,Urban,30-39,1420,770,650,136,68,68,230,125,105,321,172,149,187,108,79,91,49,42,104,60,44,266,135,131,85,53,32
6846,C4920,30,585,District-North Goa,Urban,40-49,1502,820,682,209,101,108,254,131,123,289,168,121,200,137,63,79,42,37,106,55,51,297,152,145,68,34,34
6847,C4920,30,585,District-North Goa,Urban,50-59,1289,699,590,225,111,114,187,98,89,217,112,105,277,169,108,47,26,21,73,37,36,206,111,95,57,35,22
6848,C4920,30,585,District-North Goa,Urban,60-69,1275,633,642,234,98,136,220,109,111,170,88,82,325,175,150,21,9,12,48,20,28,177,93,84,80,41,39
6849,C4920,30,585,District-North Goa,Urban,70-79,959,426,533,191,87,104,199,88,111,77,43,34,262,116,146,15,6,9,28,12,16,113,45,68,74,29,45
6850,C4920,30,585,District-North Goa,Urban,80-89,526,191,335,66,27,39,136,59,77,20,8,12,170,56,114,6,2,4,20,3,17,45,20,25,63,16,47
6851,C4920,30,585,District-North Goa,Urban,90+,90,30,60,15,6,9,16,8,8,2,2,0,34,7,27,0,0,0,1,0,1,7,2,5,15,5,10
6852,C4920,30,585,District-North Goa,Urban,Age Not Stated,34,12,22,5,1,4,9,2,7,7,4,3,1,0,1,0,0,0,1,0,1,7,2,5,4,3,1
6853,C4920,30,586,District-South Goa,Total,Total,14035,7170,6865,2028,947,1081,2099,1010,1089,2209,1153,1056,2591,1499,1092,730,372,358,720,363,357,2514,1253,1261,1144,573,571
6854,C4920,30,586,District-South Goa,Total,0-4,450,225,225,69,35,34,72,34,38,24,17,7,26,16,10,28,8,20,4,3,1,189,93,96,38,19,19
6855,C4920,30,586,District-South Goa,Total,5-9,588,305,283,77,40,37,84,38,46,144,74,70,34,24,10,39,20,19,20,8,12,134,67,67,56,34,22
6856,C4920,30,586,District-South Goa,Total,10-19,1486,815,671,190,94,96,213,102,111,284,150,134,143,92,51,151,96,55,53,34,19,289,152,137,163,95,68
6857,C4920,30,586,District-South Goa,Total,20-29,1791,963,828,202,93,109,257,146,111,383,193,190,191,125,66,155,80,75,87,48,39,377,193,184,139,85,54
6858,C4920,30,586,District-South Goa,Total,30-39,1950,1013,937,228,110,118,258,139,119,405,211,194,312,182,130,137,59,78,161,86,75,315,161,154,134,65,69
6859,C4920,30,586,District-South Goa,Total,40-49,1971,1117,854,282,155,127,264,139,125,363,204,159,344,243,101,114,57,57,145,78,67,341,169,172,118,72,46
6860,C4920,30,586,District-South Goa,Total,50-59,1878,989,889,308,144,164,277,143,134,262,138,124,424,266,158,49,24,25,105,49,56,329,163,166,124,62,62
6861,C4920,30,586,District-South Goa,Total,60-69,1873,922,951,325,133,192,315,133,182,219,105,114,488,295,193,34,20,14,84,33,51,274,139,135,134,64,70
6862,C4920,30,586,District-South Goa,Total,70-79,1348,566,782,241,94,147,224,94,130,86,40,46,416,196,220,21,8,13,44,16,28,177,77,100,139,41,98
6863,C4920,30,586,District-South Goa,Total,80-89,543,191,352,80,32,48,100,31,69,22,9,13,176,49,127,1,0,1,13,5,8,78,36,42,73,29,44
6864,C4920,30,586,District-South Goa,Total,90+,130,49,81,23,15,8,31,9,22,8,7,1,36,11,25,1,0,1,1,1,0,8,1,7,22,5,17
6865,C4920,30,586,District-South Goa,Total,Age Not Stated,27,15,12,3,2,1,4,2,2,9,5,4,1,0,1,0,0,0,3,2,1,3,2,1,4,2,2
6866,C4920,30,586,District-South Goa,Rural,Total,6118,3087,3031,899,428,471,920,419,501,870,442,428,1159,673,486,263,131,132,331,164,167,1153,581,572,523,249,274
6867,C4920,30,586,District-South Goa,Rural,0-4,180,100,80,23,16,7,25,11,14,12,9,3,14,9,5,8,1,7,1,1,0,79,46,33,18,7,11
6868,C4920,30,586,District-South Goa,Rural,5-9,223,120,103,27,18,9,34,15,19,62,30,32,17,13,4,10,5,5,7,3,4,47,22,25,19,14,5
6869,C4920,30,586,District-South Goa,Rural,10-19,584,310,274,65,31,34,84,41,43,108,56,52,57,39,18,53,33,20,21,13,8,131,63,68,65,34,31
6870,C4920,30,586,District-South Goa,Rural,20-29,679,352,327,73,32,41,95,46,49,144,74,70,77,48,29,56,28,28,44,24,20,134,68,66,56,32,24
6871,C4920,30,586,District-South Goa,Rural,30-39,823,433,390,85,45,40,108,58,50,160,84,76,137,73,64,43,18,25,61,35,26,161,88,73,68,32,36
6872,C4920,30,586,District-South Goa,Rural,40-49,844,474,370,108,60,48,103,49,54,140,73,67,148,111,37,49,24,25,77,41,36,151,75,76,68,41,27
6873,C4920,30,586,District-South Goa,Rural,50-59,871,461,410,150,70,80,119,62,57,104,51,53,191,121,70,21,13,8,50,24,26,176,91,85,60,29,31
6874,C4920,30,586,District-South Goa,Rural,60-69,916,435,481,174,72,102,156,57,99,92,42,50,241,147,94,12,6,6,38,15,23,142,71,71,61,25,36
6875,C4920,30,586,District-South Goa,Rural,70-79,662,270,392,133,53,80,126,58,68,38,16,22,189,86,103,10,3,7,24,4,20,82,36,46,60,14,46
6876,C4920,30,586,District-South Goa,Rural,80-89,268,101,167,48,23,25,55,18,37,6,3,3,75,22,53,1,0,1,5,1,4,43,19,24,35,15,20
6877,C4920,30,586,District-South Goa,Rural,90+,61,26,35,13,8,5,15,4,11,4,4,0,13,4,9,0,0,0,1,1,0,5,1,4,10,4,6
6878,C4920,30,586,District-South Goa,Rural,Age Not Stated,7,5,2,0,0,0,0,0,0,0,0,0,0,0,0,0,0,0,2,2,0,2,1,1,3,2,1
6879,C4920,30,586,District-South Goa,Urban,Total,7917,4083,3834,1129,519,610,1179,591,588,1339,711,628,1432,826,606,467,241,226,389,199,190,1361,672,689,621,324,297
6880,C4920,30,586,District-South Goa,Urban,0-4,270,125,145,46,19,27,47,23,24,12,8,4,12,7,5,20,7,13,3,2,1,110,47,63,20,12,8
6881,C4920,30,586,District-South Goa,Urban,5-9,365,185,180,50,22,28,50,23,27,82,44,38,17,11,6,29,15,14,13,5,8,87,45,42,37,20,17
6882,C4920,30,586,District-South Goa,Urban,10-19,902,505,397,125,63,62,129,61,68,176,94,82,86,53,33,98,63,35,32,21,11,158,89,69,98,61,37
6883,C4920,30,586,District-South Goa,Urban,20-29,1112,611,501,129,61,68,162,100,62,239,119,120,114,77,37,99,52,47,43,24,19,243,125,118,83,53,30
6884,C4920,30,586,District-South Goa,Urban,30-39,1127,580,547,143,65,78,150,81,69,245,127,118,175,109,66,94,41,53,100,51,49,154,73,81,66,33,33
6885,C4920,30,586,District-South Goa,Urban,40-49,1127,643,484,174,95,79,161,90,71,223,131,92,196,132,64,65,33,32,68,37,31,190,94,96,50,31,19
6886,C4920,30,586,District-South Goa,Urban,50-59,1007,528,479,158,74,84,158,81,77,158,87,71,233,145,88,28,11,17,55,25,30,153,72,81,64,33,31
6887,C4920,30,586,District-South Goa,Urban,60-69,957,487,470,151,61,90,159,76,83,127,63,64,247,148,99,22,14,8,46,18,28,132,68,64,73,39,34
6888,C4920,30,586,District-South Goa,Urban,70-79,686,296,390,108,41,67,98,36,62,48,24,24,227,110,117,11,5,6,20,12,8,95,41,54,79,27,52
6889,C4920,30,586,District-South Goa,Urban,80-89,275,90,185,32,9,23,45,13,32,16,6,10,101,27,74,0,0,0,8,4,4,35,17,18,38,14,24
6890,C4920,30,586,District-South Goa,Urban,90+,69,23,46,10,7,3,16,5,11,4,3,1,23,7,16,1,0,1,0,0,0,3,0,3,12,1,11
6891,C4920,30,586,District-South Goa,Urban,Age Not Stated,20,10,10,3,2,1,4,2,2,9,5,4,1,0,1,0,0,0,1,0,1,1,1,0,1,0,1
6892,C4920,7,0,State-NCT OF DELHI,Total,0-4,8333,4576,3757,1110,600,510,1758,908,850,279,158,121,1017,607,410,436,259,177,158,103,55,2832,1515,1317,743,426,317
6893,C4920,7,0,State-NCT OF DELHI,Total,5-9,14142,8263,5879,1603,909,694,2049,1109,940,1704,1020,684,1946,1129,817,1300,820,480,501,324,177,2758,1539,1219,2281,1413,868
6894,C4920,7,0,State-NCT OF DELHI,Total,10-19,38188,22702,15486,4170,2477,1693,5095,2777,2318,3589,2114,1475,7084,4427,2657,4912,3029,1883,1874,1143,731,6270,3565,2705,5194,3170,2024
6895,C4920,7,0,State-NCT OF DELHI,Total,20-29,40038,24922,15116,3935,2307,1628,5585,3194,2391,2995,1808,1187,11211,7420,3791,3916,2589,1327,1981,1323,658,6921,4050,2871,3494,2231,1263
6896,C4920,7,0,State-NCT OF DELHI,Total,30-39,32907,20808,12099,3379,2029,1350,4951,3036,1915,2256,1266,990,10079,6765,3314,2463,1579,884,1835,1172,663,5698,3499,2199,2246,1462,784
6897,C4920,7,0,State-NCT OF DELHI,Total,40-49,28166,18143,10023,3758,2244,1514,4111,2511,1600,1708,1034,674,8695,5940,2755,1701,1133,568,1616,1034,582,4758,3047,1711,1819,1200,619
6898,C4920,7,0,State-NCT OF DELHI,Total,50-59,22598,13691,8907,3713,2191,1522,3104,1746,1358,1179,749,430,7843,4816,3027,832,536,296,1004,600,404,3314,2051,1263,1609,1002,607
6899,C4920,7,0,State-NCT OF DELHI,Total,60-69,24425,13186,11239,4568,2318,2250,3300,1692,1608,808,475,333,9545,5212,4333,488,290,198,678,394,284,2631,1530,1101,2407,1275,1132
6900,C4920,7,0,State-NCT OF DELHI,Total,70-79,15773,7532,8241,2578,1214,1364,2571,1292,1279,391,225,166,6279,2880,3399,183,98,85,270,139,131,1208,666,542,2293,1018,1275
6901,C4920,7,0,State-NCT OF DELHI,Total,80-89,7882,3461,4421,1001,441,560,1524,758,766,127,66,61,2992,1251,1741,63,24,39,99,45,54,387,187,200,1689,689,1000
6902,C4920,7,0,State-NCT OF DELHI,Total,90+,2005,825,1180,253,102,151,331,165,166,30,12,18,641,249,392,26,16,10,26,12,14,116,65,51,582,204,378
6903,C4920,7,0,State-NCT OF DELHI,Total,Age Not Stated,425,270,155,56,32,24,120,89,31,28,19,9,51,31,20,18,12,6,4,3,1,120,69,51,28,15,13
6904,C4920,7,0,State-NCT OF DELHI,Rural,Total,6116,3668,2448,792,430,362,825,432,393,339,208,131,1885,1198,687,350,245,105,247,172,75,1005,586,419,673,397,276
6905,C4920,7,0,State-NCT OF DELHI,Rural,0-4,259,147,112,35,20,15,46,22,24,10,9,1,30,21,9,8,4,4,6,4,2,105,56,49,19,11,8
6906,C4920,7,0,State-NCT OF DELHI,Rural,5-9,396,249,147,40,20,20,50,30,20,61,36,25,69,45,24,25,18,7,9,8,1,72,43,29,70,49,21
6907,C4920,7,0,State-NCT OF DELHI,Rural,10-19,1022,646,376,96,62,34,139,84,55,84,53,31,228,154,74,110,76,34,44,29,15,172,93,79,149,95,54
6908,C4920,7,0,State-NCT OF DELHI,Rural,20-29,973,609,364,74,37,37,111,55,56,69,45,24,337,217,120,83,60,23,46,34,12,174,107,67,79,54,25
6909,C4920,7,0,State-NCT OF DELHI,Rural,30-39,834,552,282,71,51,20,100,56,44,45,26,19,311,215,96,53,34,19,53,39,14,145,94,51,56,37,19
6910,C4920,7,0,State-NCT OF DELHI,Rural,40-49,668,441,227,78,51,27,83,44,39,32,16,16,235,172,63,35,26,9,38,27,11,125,80,45,42,25,17
6911,C4920,7,0,State-NCT OF DELHI,Rural,50-59,509,296,213,99,47,52,56,29,27,12,7,5,182,111,71,21,18,3,23,14,9,79,46,33,37,24,13
6912,C4920,7,0,State-NCT OF DELHI,Rural,60-69,673,373,300,157,80,77,87,41,46,16,12,4,250,144,106,10,6,4,15,10,5,81,52,29,57,28,29
6913,C4920,7,0,State-NCT OF DELHI,Rural,70-79,440,201,239,98,43,55,86,34,52,6,3,3,141,76,65,3,2,1,12,7,5,21,3,18,73,33,40
6914,C4920,7,0,State-NCT OF DELHI,Rural,80-89,241,104,137,29,13,16,58,30,28,3,1,2,76,27,49,2,1,1,1,0,1,16,5,11,56,27,29
6915,C4920,7,0,State-NCT OF DELHI,Rural,90+,90,46,44,14,5,9,9,7,2,1,0,1,24,15,9,0,0,0,0,0,0,7,5,2,35,14,21
6916,C4920,7,0,State-NCT OF DELHI,Rural,Age Not Stated,11,4,7,1,1,0,0,0,0,0,0,0,2,1,1,0,0,0,0,0,0,8,2,6,0,0,0
6917,C4920,7,0,State-NCT OF DELHI,Urban,Total,228766,134711,94055,29332,16434,12898,33674,18845,14829,14755,8738,6017,65498,39529,25969,15988,10140,5848,9799,6120,3679,36008,21197,14811,23712,13708,10004
6918,C4920,7,0,State-NCT OF DELHI,Urban,0-4,8074,4429,3645,1075,580,495,1712,886,826,269,149,120,987,586,401,428,255,173,152,99,53,2727,1459,1268,724,415,309
6919,C4920,7,0,State-NCT OF DELHI,Urban,5-9,13746,8014,5732,1563,889,674,1999,1079,920,1643,984,659,1877,1084,793,1275,802,473,492,316,176,2686,1496,1190,2211,1364,847
6920,C4920,7,0,State-NCT OF DELHI,Urban,10-19,37166,22056,15110,4074,2415,1659,4956,2693,2263,3505,2061,1444,6856,4273,2583,4802,2953,1849,1830,1114,716,6098,3472,2626,5045,3075,1970
6921,C4920,7,0,State-NCT OF DELHI,Urban,20-29,39065,24313,14752,3861,2270,1591,5474,3139,2335,2926,1763,1163,10874,7203,3671,3833,2529,1304,1935,1289,646,6747,3943,2804,3415,2177,1238
6922,C4920,7,0,State-NCT OF DELHI,Urban,30-39,32073,20256,11817,3308,1978,1330,4851,2980,1871,2211,1240,971,9768,6550,3218,2410,1545,865,1782,1133,649,5553,3405,2148,2190,1425,765
6923,C4920,7,0,State-NCT OF DELHI,Urban,40-49,27498,17702,9796,3680,2193,1487,4028,2467,1561,1676,1018,658,8460,5768,2692,1666,1107,559,1578,1007,571,4633,2967,1666,1777,1175,602
6924,C4920,7,0,State-NCT OF DELHI,Urban,50-59,22089,13395,8694,3614,2144,1470,3048,1717,1331,1167,742,425,7661,4705,2956,811,518,293,981,586,395,3235,2005,1230,1572,978,594
6925,C4920,7,0,State-NCT OF DELHI,Urban,60-69,23752,12813,10939,4411,2238,2173,3213,1651,1562,792,463,329,9295,5068,4227,478,284,194,663,384,279,2550,1478,1072,2350,1247,1103
6926,C4920,7,0,State-NCT OF DELHI,Urban,70-79,15333,7331,8002,2480,1171,1309,2485,1258,1227,385,222,163,6138,2804,3334,180,96,84,258,132,126,1187,663,524,2220,985,1235
6927,C4920,7,0,State-NCT OF DELHI,Urban,80-89,7641,3357,4284,972,428,544,1466,728,738,124,65,59,2916,1224,1692,61,23,38,98,45,53,371,182,189,1633,662,971
6928,C4920,7,0,State-NCT OF DELHI,Urban,90+,1915,779,1136,239,97,142,322,158,164,29,12,17,617,234,383,26,16,10,26,12,14,109,60,49,547,190,357
6929,C4920,7,0,State-NCT OF DELHI,Urban,Age Not Stated,414,266,148,55,31,24,120,89,31,28,19,9,49,30,19,18,12,6,4,3,1,112,67,45,28,15,13
6930,C4920,7,90,District-North West,Total,Total,46870,28055,18815,5540,3134,2406,5993,3272,2721,2868,1699,1169,14693,9203,5490,3871,2473,1398,2151,1304,847,6449,3902,2547,5305,3068,2237
6931,C4920,7,90,District-North West,Total,0-4,1530,860,670,156,94,62,305,149,156,52,32,20,247,152,95,86,54,32,36,22,14,487,259,228,161,98,63
6932,C4920,7,90,District-North West,Total,5-9,2906,1681,1225,235,141,94,378,208,170,372,211,161,479,266,213,308,196,112,86,51,35,514,292,222,534,316,218
6933,C4920,7,90,District-North West,Total,10-19,8161,4902,3259,711,399,312,991,542,449,717,433,284,1771,1107,664,1251,784,467,398,243,155,1096,621,475,1226,773,453
6934,C4920,7,90,District-North West,Total,20-29,8124,5151,2973,741,424,317,885,497,388,527,321,206,2685,1835,850,956,633,323,438,295,143,1145,691,454,747,455,292
6935,C4920,7,90,District-North West,Total,30-39,6607,4188,2419,633,402,231,796,472,324,416,227,189,2306,1544,762,542,327,215,397,244,153,995,650,345,522,322,200
6936,C4920,7,90,District-North West,Total,40-49,5501,3582,1919,690,427,263,676,392,284,303,182,121,1862,1292,570,384,252,132,354,210,144,851,583,268,381,244,137
6937,C4920,7,90,District-North West,Total,50-59,4373,2730,1643,703,420,283,510,281,229,216,138,78,1577,1021,556,191,135,56,229,127,102,610,392,218,337,216,121
6938,C4920,7,90,District-North West,Total,60-69,4891,2695,2196,934,476,458,657,321,336,146,87,59,1953,1148,805,97,61,36,138,74,64,466,276,190,500,252,248
6939,C4920,7,90,District-North West,Total,70-79,2987,1467,1520,501,241,260,476,241,235,85,55,30,1151,557,594,35,24,11,58,31,27,198,90,108,483,228,255
6940,C4920,7,90,District-North West,Total,80-89,1387,628,759,181,89,92,258,134,124,23,8,15,546,232,314,16,4,12,14,5,9,61,33,28,288,123,165
6941,C4920,7,90,District-North West,Total,90+,366,148,218,51,18,33,54,30,24,6,2,4,111,47,64,4,2,2,2,1,1,16,8,8,122,40,82
6942,C4920,7,90,District-North West,Total,Age Not Stated,37,23,14,4,3,1,7,5,2,5,3,2,5,2,3,1,1,0,1,1,0,10,7,3,4,1,3
6943,C4920,7,90,District-North West,Rural,Total,2683,1691,992,251,150,101,345,194,151,146,92,54,909,593,316,189,136,53,126,90,36,401,246,155,316,190,126
6944,C4920,7,90,District-North West,Rural,0-4,110,68,42,13,7,6,21,12,9,3,3,0,17,9,8,6,3,3,5,4,1,36,25,11,9,5,4
6945,C4920,7,90,District-North West,Rural,5-9,190,128,62,11,5,6,20,13,7,30,19,11,39,27,12,14,11,3,5,4,1,34,22,12,37,27,10
6946,C4920,7,90,District-North West,Rural,10-19,515,322,193,39,23,16,76,52,24,33,19,14,131,88,43,56,40,16,24,14,10,78,37,41,78,49,29
6947,C4920,7,90,District-North West,Rural,20-29,483,311,172,30,18,12,58,32,26,34,23,11,187,116,71,42,30,12,18,14,4,60,43,17,54,35,19
6948,C4920,7,90,District-North West,Rural,30-39,417,280,137,32,25,7,45,30,15,18,13,5,168,112,56,26,17,9,30,23,7,66,39,27,32,21,11
6949,C4920,7,90,District-North West,Rural,40-49,296,200,96,32,23,9,33,17,16,13,7,6,110,80,30,20,15,5,17,13,4,48,34,14,23,11,12
6950,C4920,7,90,District-North West,Rural,50-59,226,143,83,29,16,13,19,9,10,3,2,1,90,59,31,16,14,2,16,11,5,36,21,15,17,11,6
6951,C4920,7,90,District-North West,Rural,60-69,226,136,90,35,18,17,31,13,18,8,4,4,95,66,29,6,3,3,5,4,1,30,21,9,16,7,9
6952,C4920,7,90,District-North West,Rural,70-79,137,63,74,21,9,12,25,7,18,3,2,1,49,27,22,2,2,0,6,3,3,6,0,6,25,13,12
6953,C4920,7,90,District-North West,Rural,80-89,50,25,25,5,4,1,14,7,7,0,0,0,15,5,10,1,1,0,0,0,0,3,2,1,12,6,6
6954,C4920,7,90,District-North West,Rural,90+,32,15,17,4,2,2,3,2,1,1,0,1,7,4,3,0,0,0,0,0,0,4,2,2,13,5,8
6955,C4920,7,90,District-North West,Rural,Age Not Stated,1,0,1,0,0,0,0,0,0,0,0,0,1,0,1,0,0,0,0,0,0,0,0,0,0,0,0
6956,C4920,7,90,District-North West,Urban,Total,44187,26364,17823,5289,2984,2305,5648,3078,2570,2722,1607,1115,13784,8610,5174,3682,2337,1345,2025,1214,811,6048,3656,2392,4989,2878,2111
6957,C4920,7,90,District-North West,Urban,0-4,1420,792,628,143,87,56,284,137,147,49,29,20,230,143,87,80,51,29,31,18,13,451,234,217,152,93,59
6958,C4920,7,90,District-North West,Urban,5-9,2716,1553,1163,224,136,88,358,195,163,342,192,150,440,239,201,294,185,109,81,47,34,480,270,210,497,289,208
6959,C4920,7,90,District-North West,Urban,10-19,7646,4580,3066,672,376,296,915,490,425,684,414,270,1640,1019,621,1195,744,451,374,229,145,1018,584,434,1148,724,424
6960,C4920,7,90,District-North West,Urban,20-29,7641,4840,2801,711,406,305,827,465,362,493,298,195,2498,1719,779,914,603,311,420,281,139,1085,648,437,693,420,273
6961,C4920,7,90,District-North West,Urban,30-39,6190,3908,2282,601,377,224,751,442,309,398,214,184,2138,1432,706,516,310,206,367,221,146,929,611,318,490,301,189
6962,C4920,7,90,District-North West,Urban,40-49,5205,3382,1823,658,404,254,643,375,268,290,175,115,1752,1212,540,364,237,127,337,197,140,803,549,254,358,233,125
6963,C4920,7,90,District-North West,Urban,50-59,4147,2587,1560,674,404,270,491,272,219,213,136,77,1487,962,525,175,121,54,213,116,97,574,371,203,320,205,115
6964,C4920,7,90,District-North West,Urban,60-69,4665,2559,2106,899,458,441,626,308,318,138,83,55,1858,1082,776,91,58,33,133,70,63,436,255,181,484,245,239
6965,C4920,7,90,District-North West,Urban,70-79,2850,1404,1446,480,232,248,451,234,217,82,53,29,1102,530,572,33,22,11,52,28,24,192,90,102,458,215,243
6966,C4920,7,90,District-North West,Urban,80-89,1337,603,734,176,85,91,244,127,117,23,8,15,531,227,304,15,3,12,14,5,9,58,31,27,276,117,159
6967,C4920,7,90,District-North West,Urban,90+,334,133,201,47,16,31,51,28,23,5,2,3,104,43,61,4,2,2,2,1,1,12,6,6,109,35,74
6968,C4920,7,90,District-North West,Urban,Age Not Stated,36,23,13,4,3,1,7,5,2,5,3,2,4,2,2,1,1,0,1,1,0,10,7,3,4,1,3
6969,C4920,7,91,District-North,Total,Total,12039,7140,4899,1634,861,773,1645,906,739,751,424,327,3545,2222,1323,842,544,298,690,425,265,1708,1032,676,1224,726,498
6970,C4920,7,91,District-North,Total,0-4,379,200,179,41,22,19,83,47,36,15,6,9,45,29,16,24,13,11,11,8,3,120,52,68,40,23,17
6971,C4920,7,91,District-North,Total,5-9,650,356,294,59,30,29,103,50,53,81,43,38,81,47,34,55,34,21,38,25,13,125,67,58,108,60,48
6972,C4920,7,91,District-North,Total,10-19,1833,1091,742,154,83,71,259,139,120,171,90,81,323,226,97,238,149,89,108,65,43,284,153,131,296,186,110
6973,C4920,7,91,District-North,Total,20-29,1964,1253,711,207,117,90,231,135,96,167,103,64,557,380,177,194,135,59,136,83,53,303,190,113,169,110,59
6974,C4920,7,91,District-North,Total,30-39,1729,1081,648,199,107,92,219,132,87,121,72,49,542,360,182,142,89,53,128,79,49,257,158,99,121,84,37
6975,C4920,7,91,District-North,Total,40-49,1558,1029,529,238,155,83,199,121,78,78,43,35,479,333,146,102,73,29,131,83,48,236,161,75,95,60,35
6976,C4920,7,91,District-North,Total,50-59,1279,792,487,223,132,91,168,96,72,53,27,26,487,301,186,44,28,16,59,36,23,153,110,43,92,62,30
6977,C4920,7,91,District-North,Total,60-69,1295,711,584,243,105,138,173,85,88,42,26,16,513,294,219,29,19,10,52,34,18,140,91,49,103,57,46
6978,C4920,7,91,District-North,Total,70-79,833,410,423,180,82,98,114,62,52,15,7,8,336,161,175,9,3,6,23,11,12,58,35,23,98,49,49
6979,C4920,7,91,District-North,Total,80-89,392,160,232,71,21,50,77,27,50,7,6,1,139,71,68,4,0,4,3,1,2,23,10,13,68,24,44
6980,C4920,7,91,District-North,Total,90+,116,50,66,19,7,12,16,10,6,1,1,0,42,19,23,1,1,0,1,0,1,2,1,1,34,11,23
6981,C4920,7,91,District-North,Total,Age Not Stated,11,7,4,0,0,0,3,2,1,0,0,0,1,1,0,0,0,0,0,0,0,7,4,3,0,0,0
6982,C4920,7,91,District-North,Rural,Total,249,135,114,56,26,30,22,11,11,9,5,4,71,44,27,13,9,4,8,5,3,55,29,26,15,6,9
6983,C4920,7,91,District-North,Rural,0-4,8,4,4,0,0,0,1,1,0,0,0,0,0,0,0,0,0,0,0,0,0,5,2,3,2,1,1
6984,C4920,7,91,District-North,Rural,5-9,9,5,4,1,0,1,0,0,0,2,2,0,1,0,1,2,1,1,0,0,0,2,1,1,1,1,0
6985,C4920,7,91,District-North,Rural,10-19,34,20,14,3,3,0,1,0,1,2,0,2,9,8,1,2,1,1,1,0,1,14,7,7,2,1,1
6986,C4920,7,91,District-North,Rural,20-29,39,23,16,2,2,0,3,2,1,2,1,1,15,7,8,4,2,2,1,0,1,11,8,3,1,1,0
6987,C4920,7,91,District-North,Rural,30-39,24,15,9,4,2,2,0,0,0,0,0,0,10,7,3,3,3,0,2,2,0,5,1,4,0,0,0
6988,C4920,7,91,District-North,Rural,40-49,21,15,6,2,2,0,3,1,2,1,1,0,9,7,2,1,1,0,1,1,0,3,2,1,1,0,1
6989,C4920,7,91,District-North,Rural,50-59,24,14,10,8,4,4,2,2,0,1,0,1,5,3,2,0,0,0,1,1,0,5,3,2,2,1,1
6990,C4920,7,91,District-North,Rural,60-69,39,23,16,12,7,5,7,3,4,1,1,0,10,7,3,1,1,0,1,0,1,6,4,2,1,0,1
6991,C4920,7,91,District-North,Rural,70-79,30,10,20,15,5,10,5,2,3,0,0,0,6,2,4,0,0,0,1,1,0,2,0,2,1,0,1
6992,C4920,7,91,District-North,Rural,80-89,16,4,12,6,0,6,0,0,0,0,0,0,6,3,3,0,0,0,0,0,0,2,1,1,2,0,2
6993,C4920,7,91,District-North,Rural,90+,5,2,3,3,1,2,0,0,0,0,0,0,0,0,0,0,0,0,0,0,0,0,0,0,2,1,1
6994,C4920,7,91,District-North,Rural,Age Not Stated,0,0,0,0,0,0,0,0,0,0,0,0,0,0,0,0,0,0,0,0,0,0,0,0,0,0,0
6995,C4920,7,91,District-North,Urban,Total,11790,7005,4785,1578,835,743,1623,895,728,742,419,323,3474,2178,1296,829,535,294,682,420,262,1653,1003,650,1209,720,489
6996,C4920,7,91,District-North,Urban,0-4,371,196,175,41,22,19,82,46,36,15,6,9,45,29,16,24,13,11,11,8,3,115,50,65,38,22,16
6997,C4920,7,91,District-North,Urban,5-9,641,351,290,58,30,28,103,50,53,79,41,38,80,47,33,53,33,20,38,25,13,123,66,57,107,59,48
6998,C4920,7,91,District-North,Urban,10-19,1799,1071,728,151,80,71,258,139,119,169,90,79,314,218,96,236,148,88,107,65,42,270,146,124,294,185,109
6999,C4920,7,91,District-North,Urban,20-29,1925,1230,695,205,115,90,228,133,95,165,102,63,542,373,169,190,133,57,135,83,52,292,182,110,168,109,59
7000,C4920,7,91,District-North,Urban,30-39,1705,1066,639,195,105,90,219,132,87,121,72,49,532,353,179,139,86,53,126,77,49,252,157,95,121,84,37
7001,C4920,7,91,District-North,Urban,40-49,1537,1014,523,236,153,83,196,120,76,77,42,35,470,326,144,101,72,29,130,82,48,233,159,74,94,60,34
7002,C4920,7,91,District-North,Urban,50-59,1255,778,477,215,128,87,166,94,72,52,27,25,482,298,184,44,28,16,58,35,23,148,107,41,90,61,29
7003,C4920,7,91,District-North,Urban,60-69,1256,688,568,231,98,133,166,82,84,41,25,16,503,287,216,28,18,10,51,34,17,134,87,47,102,57,45
7004,C4920,7,91,District-North,Urban,70-79,803,400,403,165,77,88,109,60,49,15,7,8,330,159,171,9,3,6,22,10,12,56,35,21,97,49,48
7005,C4920,7,91,District-North,Urban,80-89,376,156,220,65,21,44,77,27,50,7,6,1,133,68,65,4,0,4,3,1,2,21,9,12,66,24,42
7006,C4920,7,91,District-North,Urban,90+,111,48,63,16,6,10,16,10,6,1,1,0,42,19,23,1,1,0,1,0,1,2,1,1,32,10,22
7007,C4920,7,91,District-North,Urban,Age Not Stated,11,7,4,0,0,0,3,2,1,0,0,0,1,1,0,0,0,0,0,0,0,7,4,3,0,0,0
7008,C4920,7,92,District-North East,Total,Total,31939,19202,12737,3982,2170,1812,3917,2095,1822,2039,1227,812,10052,6262,3790,2046,1336,710,1419,882,537,5009,3074,1935,3475,2156,1319
7009,C4920,7,92,District-North East,Total,0-4,1135,635,500,176,92,84,245,130,115,37,23,14,162,88,74,65,45,20,33,22,11,294,167,127,123,68,55
7010,C4920,7,92,District-North East,Total,5-9,2128,1240,888,209,115,94,306,161,145,265,159,106,338,202,136,187,117,70,90,54,36,361,201,160,372,231,141
7011,C4920,7,92,District-North East,Total,10-19,5928,3415,2513,599,331,268,698,374,324,587,352,235,1361,817,544,681,420,261,343,195,148,829,440,389,830,486,344
7012,C4920,7,92,District-North East,Total,20-29,5826,3634,2192,495,283,212,624,327,297,391,235,156,2107,1363,744,501,353,148,271,180,91,885,519,366,552,374,178
7013,C4920,7,92,District-North East,Total,30-39,4615,2956,1659,413,248,165,521,273,248,296,161,135,1687,1143,544,314,204,110,256,176,80,778,503,275,350,248,102
7014,C4920,7,92,District-North East,Total,40-49,3700,2426,1274,462,256,206,410,249,161,204,122,82,1284,889,395,161,114,47,191,125,66,740,486,254,248,185,63
7015,C4920,7,92,District-North East,Total,50-59,2708,1734,974,453,273,180,303,174,129,119,80,39,987,629,358,66,46,20,111,61,50,469,328,141,200,143,57
7016,C4920,7,92,District-North East,Total,60-69,3300,1862,1438,673,334,339,382,194,188,93,65,28,1261,716,545,43,23,20,91,52,39,413,271,142,344,207,137
7017,C4920,7,92,District-North East,Total,70-79,1706,900,806,353,174,179,270,140,130,32,21,11,595,303,292,15,9,6,21,12,9,173,117,56,247,124,123
7018,C4920,7,92,District-North East,Total,80-89,649,289,360,124,54,70,121,54,67,9,4,5,204,87,117,5,1,4,8,3,5,28,17,11,150,69,81
7019,C4920,7,92,District-North East,Total,90+,204,88,116,23,10,13,32,15,17,2,2,0,61,22,39,5,3,2,3,1,2,25,16,9,53,19,34
7020,C4920,7,92,District-North East,Total,Age Not Stated,40,23,17,2,0,2,5,4,1,4,3,1,5,3,2,3,1,2,1,1,0,14,9,5,6,2,4
7021,C4920,7,92,District-North East,Rural,Total,280,169,111,31,21,10,65,21,44,23,16,7,69,49,20,14,13,1,7,4,3,48,26,22,23,19,4
7022,C4920,7,92,District-North East,Rural,0-4,22,12,10,3,2,1,12,5,7,0,0,0,1,1,0,0,0,0,1,0,1,4,3,1,1,1,0
7023,C4920,7,92,District-North East,Rural,5-9,35,22,13,2,1,1,6,2,4,8,6,2,5,4,1,2,2,0,0,0,0,5,3,2,7,4,3
7024,C4920,7,92,District-North East,Rural,10-19,47,31,16,8,6,2,6,2,4,4,2,2,10,9,1,4,3,1,1,1,0,8,3,5,6,5,1
7025,C4920,7,92,District-North East,Rural,20-29,56,29,27,3,1,2,17,3,14,3,3,0,17,9,8,5,5,0,1,1,0,9,6,3,1,1,0
7026,C4920,7,92,District-North East,Rural,30-39,35,20,15,3,2,1,12,3,9,2,1,1,8,7,1,0,0,0,2,1,1,6,4,2,2,2,0
7027,C4920,7,92,District-North East,Rural,40-49,29,18,11,3,2,1,4,1,3,1,0,1,11,10,1,2,2,0,1,0,1,5,1,4,2,2,0
7028,C4920,7,92,District-North East,Rural,50-59,15,8,7,1,0,1,5,3,2,2,1,1,3,2,1,1,1,0,0,0,0,3,1,2,0,0,0
7029,C4920,7,92,District-North East,Rural,60-69,25,19,6,6,5,1,0,0,0,3,3,0,7,3,4,0,0,0,1,1,0,6,5,1,2,2,0
7030,C4920,7,92,District-North East,Rural,70-79,9,5,4,1,1,0,3,2,1,0,0,0,3,1,2,0,0,0,0,0,0,1,0,1,1,1,0
7031,C4920,7,92,District-North East,Rural,80-89,3,2,1,1,1,0,0,0,0,0,0,0,2,1,1,0,0,0,0,0,0,0,0,0,0,0,0
7032,C4920,7,92,District-North East,Rural,90+,3,3,0,0,0,0,0,0,0,0,0,0,2,2,0,0,0,0,0,0,0,0,0,0,1,1,0
7033,C4920,7,92,District-North East,Rural,Age Not Stated,1,0,1,0,0,0,0,0,0,0,0,0,0,0,0,0,0,0,0,0,0,1,0,1,0,0,0
7034,C4920,7,92,District-North East,Urban,Total,31659,19033,12626,3951,2149,1802,3852,2074,1778,2016,1211,805,9983,6213,3770,2032,1323,709,1412,878,534,4961,3048,1913,3452,2137,1315
7035,C4920,7,92,District-North East,Urban,0-4,1113,623,490,173,90,83,233,125,108,37,23,14,161,87,74,65,45,20,32,22,10,290,164,126,122,67,55
7036,C4920,7,92,District-North East,Urban,5-9,2093,1218,875,207,114,93,300,159,141,257,153,104,333,198,135,185,115,70,90,54,36,356,198,158,365,227,138
7037,C4920,7,92,District-North East,Urban,10-19,5881,3384,2497,591,325,266,692,372,320,583,350,233,1351,808,543,677,417,260,342,194,148,821,437,384,824,481,343
7038,C4920,7,92,District-North East,Urban,20-29,5770,3605,2165,492,282,210,607,324,283,388,232,156,2090,1354,736,496,348,148,270,179,91,876,513,363,551,373,178
7039,C4920,7,92,District-North East,Urban,30-39,4580,2936,1644,410,246,164,509,270,239,294,160,134,1679,1136,543,314,204,110,254,175,79,772,499,273,348,246,102
7040,C4920,7,92,District-North East,Urban,40-49,3671,2408,1263,459,254,205,406,248,158,203,122,81,1273,879,394,159,112,47,190,125,65,735,485,250,246,183,63
7041,C4920,7,92,District-North East,Urban,50-59,2693,1726,967,452,273,179,298,171,127,117,79,38,984,627,357,65,45,20,111,61,50,466,327,139,200,143,57
7042,C4920,7,92,District-North East,Urban,60-69,3275,1843,1432,667,329,338,382,194,188,90,62,28,1254,713,541,43,23,20,90,51,39,407,266,141,342,205,137
7043,C4920,7,92,District-North East,Urban,70-79,1697,895,802,352,173,179,267,138,129,32,21,11,592,302,290,15,9,6,21,12,9,172,117,55,246,123,123
7044,C4920,7,92,District-North East,Urban,80-89,646,287,359,123,53,70,121,54,67,9,4,5,202,86,116,5,1,4,8,3,5,28,17,11,150,69,81
7045,C4920,7,92,District-North East,Urban,90+,201,85,116,23,10,13,32,15,17,2,2,0,59,20,39,5,3,2,3,1,2,25,16,9,52,18,34
7046,C4920,7,92,District-North East,Urban,Age Not Stated,39,23,16,2,0,2,5,4,1,4,3,1,5,3,2,3,1,2,1,1,0,13,9,4,6,2,4
7047,C4920,7,93,District-East,Total,Total,23229,13331,9898,2746,1523,1223,3463,1728,1735,1348,790,558,7002,4076,2926,1749,1124,625,1103,700,403,3298,1911,1387,2520,1479,1041
7048,C4920,7,93,District-East,Total,0-4,724,385,339,106,60,46,174,84,90,31,13,18,94,51,43,37,22,15,12,9,3,200,107,93,70,39,31
7049,C4920,7,93,District-East,Total,5-9,1314,767,547,145,82,63,215,117,98,142,93,49,202,112,90,132,74,58,42,31,11,208,120,88,228,138,90
7050,C4920,7,93,District-East,Total,10-19,3569,2098,1471,400,234,166,515,255,260,293,167,126,656,398,258,504,317,187,169,110,59,488,280,208,544,337,207
7051,C4920,7,93,District-East,Total,20-29,3961,2376,1585,358,204,154,571,267,304,265,156,109,1133,715,418,422,276,146,183,119,64,642,382,260,387,257,130
7052,C4920,7,93,District-East,Total,30-39,3199,1974,1225,294,170,124,447,237,210,209,121,88,984,656,328,302,206,96,239,152,87,512,296,216,212,136,76
7053,C4920,7,93,District-East,Total,40-49,2705,1727,978,357,223,134,349,171,178,150,83,67,830,580,250,177,118,59,207,143,64,442,275,167,193,134,59
7054,C4920,7,93,District-East,Total,50-59,2207,1288,919,304,175,129,316,160,156,108,70,38,793,479,314,85,53,32,110,63,47,333,189,144,158,99,59
7055,C4920,7,93,District-East,Total,60-69,2600,1373,1227,430,222,208,368,179,189,92,51,41,1019,521,498,57,37,20,87,50,37,293,170,123,254,143,111
7056,C4920,7,93,District-East,Total,70-79,1821,838,983,234,104,130,284,143,141,46,29,17,832,370,462,23,15,8,35,17,18,128,63,65,239,97,142
7057,C4920,7,93,District-East,Total,80-89,910,419,491,93,39,54,169,91,78,9,5,4,399,175,224,10,6,4,17,6,11,39,21,18,174,76,98
7058,C4920,7,93,District-East,Total,90+,195,74,121,23,8,15,40,18,22,3,2,1,58,18,40,0,0,0,2,0,2,9,5,4,60,23,37
7059,C4920,7,93,District-East,Total,Age Not Stated,24,12,12,2,2,0,15,6,9,0,0,0,2,1,1,0,0,0,0,0,0,4,3,1,1,0,1
7060,C4920,7,93,District-East,Rural,Total,55,28,27,11,5,6,5,3,2,7,5,2,18,7,11,4,2,2,1,0,1,8,6,2,1,0,1
7061,C4920,7,93,District-East,Rural,0-4,2,1,1,0,0,0,0,0,0,1,1,0,0,0,0,0,0,0,0,0,0,1,0,1,0,0,0
7062,C4920,7,93,District-East,Rural,5-9,3,2,1,1,0,1,1,1,0,0,0,0,1,1,0,0,0,0,0,0,0,0,0,0,0,0,0
7063,C4920,7,93,District-East,Rural,10-19,7,5,2,2,1,1,0,0,0,0,0,0,1,0,1,2,2,0,0,0,0,2,2,0,0,0,0
7064,C4920,7,93,District-East,Rural,20-29,8,4,4,3,2,1,1,0,1,2,2,0,1,0,1,1,0,1,0,0,0,0,0,0,0,0,0
7065,C4920,7,93,District-East,Rural,30-39,12,7,5,0,0,0,2,1,1,4,2,2,1,1,0,1,0,1,0,0,0,4,3,1,0,0,0
7066,C4920,7,93,District-East,Rural,40-49,5,1,4,2,0,2,0,0,0,0,0,0,3,1,2,0,0,0,0,0,0,0,0,0,0,0,0
7067,C4920,7,93,District-East,Rural,50-59,7,5,2,2,2,0,1,1,0,0,0,0,4,2,2,0,0,0,0,0,0,0,0,0,0,0,0
7068,C4920,7,93,District-East,Rural,60-69,5,2,3,1,0,1,0,0,0,0,0,0,2,1,1,0,0,0,1,0,1,1,1,0,0,0,0
7069,C4920,7,93,District-East,Rural,70-79,2,0,2,0,0,0,0,0,0,0,0,0,2,0,2,0,0,0,0,0,0,0,0,0,0,0,0
7070,C4920,7,93,District-East,Rural,80-89,3,1,2,0,0,0,0,0,0,0,0,0,2,1,1,0,0,0,0,0,0,0,0,0,1,0,1
7071,C4920,7,93,District-East,Rural,90+,1,0,1,0,0,0,0,0,0,0,0,0,1,0,1,0,0,0,0,0,0,0,0,0,0,0,0
7072,C4920,7,93,District-East,Rural,Age Not Stated,0,0,0,0,0,0,0,0,0,0,0,0,0,0,0,0,0,0,0,0,0,0,0,0,0,0,0
7073,C4920,7,93,District-East,Urban,Total,23174,13303,9871,2735,1518,1217,3458,1725,1733,1341,785,556,6984,4069,2915,1745,1122,623,1102,700,402,3290,1905,1385,2519,1479,1040
7074,C4920,7,93,District-East,Urban,0-4,722,384,338,106,60,46,174,84,90,30,12,18,94,51,43,37,22,15,12,9,3,199,107,92,70,39,31
7075,C4920,7,93,District-East,Urban,5-9,1311,765,546,144,82,62,214,116,98,142,93,49,201,111,90,132,74,58,42,31,11,208,120,88,228,138,90
7076,C4920,7,93,District-East,Urban,10-19,3562,2093,1469,398,233,165,515,255,260,293,167,126,655,398,257,502,315,187,169,110,59,486,278,208,544,337,207
7077,C4920,7,93,District-East,Urban,20-29,3953,2372,1581,355,202,153,570,267,303,263,154,109,1132,715,417,421,276,145,183,119,64,642,382,260,387,257,130
7078,C4920,7,93,District-East,Urban,30-39,3187,1967,1220,294,170,124,445,236,209,205,119,86,983,655,328,301,206,95,239,152,87,508,293,215,212,136,76
7079,C4920,7,93,District-East,Urban,40-49,2700,1726,974,355,223,132,349,171,178,150,83,67,827,579,248,177,118,59,207,143,64,442,275,167,193,134,59
7080,C4920,7,93,District-East,Urban,50-59,2200,1283,917,302,173,129,315,159,156,108,70,38,789,477,312,85,53,32,110,63,47,333,189,144,158,99,59
7081,C4920,7,93,District-East,Urban,60-69,2595,1371,1224,429,222,207,368,179,189,92,51,41,1017,520,497,57,37,20,86,50,36,292,169,123,254,143,111
7082,C4920,7,93,District-East,Urban,70-79,1819,838,981,234,104,130,284,143,141,46,29,17,830,370,460,23,15,8,35,17,18,128,63,65,239,97,142
7083,C4920,7,93,District-East,Urban,80-89,907,418,489,93,39,54,169,91,78,9,5,4,397,174,223,10,6,4,17,6,11,39,21,18,173,76,97
7084,C4920,7,93,District-East,Urban,90+,194,74,120,23,8,15,40,18,22,3,2,1,57,18,39,0,0,0,2,0,2,9,5,4,60,23,37
7085,C4920,7,93,District-East,Urban,Age Not Stated,24,12,12,2,2,0,15,6,9,0,0,0,2,1,1,0,0,0,0,0,0,4,3,1,1,0,1
7086,C4920,7,94,District-New Delhi,Total,Total,2559,1544,1015,444,288,156,521,333,188,143,81,62,577,340,237,125,78,47,73,41,32,457,264,193,219,119,100
7087,C4920,7,94,District-New Delhi,Total,0-4,65,30,35,11,5,6,15,5,10,2,0,2,3,1,2,2,1,1,1,1,0,30,17,13,1,0,1
7088,C4920,7,94,District-New Delhi,Total,5-9,123,80,43,29,23,6,10,5,5,8,3,5,15,9,6,10,6,4,4,3,1,31,20,11,16,11,5
7089,C4920,7,94,District-New Delhi,Total,10-19,465,304,161,115,90,25,57,31,26,35,21,14,58,43,15,32,18,14,10,6,4,103,70,33,55,25,30
7090,C4920,7,94,District-New Delhi,Total,20-29,396,237,159,51,33,18,68,35,33,27,14,13,82,53,29,40,25,15,20,16,4,66,35,31,42,26,16
7091,C4920,7,94,District-New Delhi,Total,30-39,301,182,119,35,19,16,58,34,24,18,13,5,87,59,28,15,11,4,13,3,10,59,31,28,16,12,4
7092,C4920,7,94,District-New Delhi,Total,40-49,480,325,155,73,43,30,174,143,31,20,9,11,98,59,39,9,6,3,11,6,5,81,52,29,14,7,7
7093,C4920,7,94,District-New Delhi,Total,50-59,341,207,134,63,39,24,83,55,28,22,15,7,86,51,35,11,7,4,6,4,2,50,24,26,20,12,8
7094,C4920,7,94,District-New Delhi,Total,60-69,154,89,65,40,26,14,15,6,9,6,4,2,55,33,22,3,2,1,4,2,2,20,9,11,11,7,4
7095,C4920,7,94,District-New Delhi,Total,70-79,129,43,86,19,5,14,21,6,15,4,2,2,50,18,32,2,1,1,1,0,1,14,4,10,18,7,11
7096,C4920,7,94,District-New Delhi,Total,80-89,74,27,47,7,4,3,10,4,6,1,0,1,36,11,25,0,0,0,1,0,1,1,0,1,18,8,10
7097,C4920,7,94,District-New Delhi,Total,90+,21,10,11,0,0,0,4,3,1,0,0,0,6,2,4,1,1,0,2,0,2,0,0,0,8,4,4
7098,C4920,7,94,District-New Delhi,Total,Age Not Stated,10,10,0,1,1,0,6,6,0,0,0,0,1,1,0,0,0,0,0,0,0,2,2,0,0,0,0
7099,C4920,7,94,District-New Delhi,Rural,Total,0,0,0,0,0,0,0,0,0,0,0,0,0,0,0,0,0,0,0,0,0,0,0,0,0,0,0
7100,C4920,7,94,District-New Delhi,Rural,0-4,0,0,0,0,0,0,0,0,0,0,0,0,0,0,0,0,0,0,0,0,0,0,0,0,0,0,0
7101,C4920,7,94,District-New Delhi,Rural,5-9,0,0,0,0,0,0,0,0,0,0,0,0,0,0,0,0,0,0,0,0,0,0,0,0,0,0,0
7102,C4920,7,94,District-New Delhi,Rural,10-19,0,0,0,0,0,0,0,0,0,0,0,0,0,0,0,0,0,0,0,0,0,0,0,0,0,0,0
7103,C4920,7,94,District-New Delhi,Rural,20-29,0,0,0,0,0,0,0,0,0,0,0,0,0,0,0,0,0,0,0,0,0,0,0,0,0,0,0
7104,C4920,7,94,District-New Delhi,Rural,30-39,0,0,0,0,0,0,0,0,0,0,0,0,0,0,0,0,0,0,0,0,0,0,0,0,0,0,0
7105,C4920,7,94,District-New Delhi,Rural,40-49,0,0,0,0,0,0,0,0,0,0,0,0,0,0,0,0,0,0,0,0,0,0,0,0,0,0,0
7106,C4920,7,94,District-New Delhi,Rural,50-59,0,0,0,0,0,0,0,0,0,0,0,0,0,0,0,0,0,0,0,0,0,0,0,0,0,0,0
7107,C4920,7,94,District-New Delhi,Rural,60-69,0,0,0,0,0,0,0,0,0,0,0,0,0,0,0,0,0,0,0,0,0,0,0,0,0,0,0
7108,C4920,7,94,District-New Delhi,Rural,70-79,0,0,0,0,0,0,0,0,0,0,0,0,0,0,0,0,0,0,0,0,0,0,0,0,0,0,0
7109,C4920,7,94,District-New Delhi,Rural,80-89,0,0,0,0,0,0,0,0,0,0,0,0,0,0,0,0,0,0,0,0,0,0,0,0,0,0,0
7110,C4920,7,94,District-New Delhi,Rural,90+,0,0,0,0,0,0,0,0,0,0,0,0,0,0,0,0,0,0,0,0,0,0,0,0,0,0,0
7111,C4920,7,94,District-New Delhi,Rural,Age Not Stated,0,0,0,0,0,0,0,0,0,0,0,0,0,0,0,0,0,0,0,0,0,0,0,0,0,0,0
7112,C4920,7,94,District-New Delhi,Urban,Total,2559,1544,1015,444,288,156,521,333,188,143,81,62,577,340,237,125,78,47,73,41,32,457,264,193,219,119,100
7113,C4920,7,94,District-New Delhi,Urban,0-4,65,30,35,11,5,6,15,5,10,2,0,2,3,1,2,2,1,1,1,1,0,30,17,13,1,0,1
7114,C4920,7,94,District-New Delhi,Urban,5-9,123,80,43,29,23,6,10,5,5,8,3,5,15,9,6,10,6,4,4,3,1,31,20,11,16,11,5
7115,C4920,7,94,District-New Delhi,Urban,10-19,465,304,161,115,90,25,57,31,26,35,21,14,58,43,15,32,18,14,10,6,4,103,70,33,55,25,30
7116,C4920,7,94,District-New Delhi,Urban,20-29,396,237,159,51,33,18,68,35,33,27,14,13,82,53,29,40,25,15,20,16,4,66,35,31,42,26,16
7117,C4920,7,94,District-New Delhi,Urban,30-39,301,182,119,35,19,16,58,34,24,18,13,5,87,59,28,15,11,4,13,3,10,59,31,28,16,12,4
7118,C4920,7,94,District-New Delhi,Urban,40-49,480,325,155,73,43,30,174,143,31,20,9,11,98,59,39,9,6,3,11,6,5,81,52,29,14,7,7
7119,C4920,7,94,District-New Delhi,Urban,50-59,341,207,134,63,39,24,83,55,28,22,15,7,86,51,35,11,7,4,6,4,2,50,24,26,20,12,8
7120,C4920,7,94,District-New Delhi,Urban,60-69,154,89,65,40,26,14,15,6,9,6,4,2,55,33,22,3,2,1,4,2,2,20,9,11,11,7,4
7121,C4920,7,94,District-New Delhi,Urban,70-79,129,43,86,19,5,14,21,6,15,4,2,2,50,18,32,2,1,1,1,0,1,14,4,10,18,7,11
7122,C4920,7,94,District-New Delhi,Urban,80-89,74,27,47,7,4,3,10,4,6,1,0,1,36,11,25,0,0,0,1,0,1,1,0,1,18,8,10
7123,C4920,7,94,District-New Delhi,Urban,90+,21,10,11,0,0,0,4,3,1,0,0,0,6,2,4,1,1,0,2,0,2,0,0,0,8,4,4
7124,C4920,7,94,District-New Delhi,Urban,Age Not Stated,10,10,0,1,1,0,6,6,0,0,0,0,1,1,0,0,0,0,0,0,0,2,2,0,0,0,0
7125,C4920,7,95,District-Central,Total,Total,11512,6341,5171,1567,866,701,1620,838,782,611,389,222,3311,1755,1556,722,430,292,505,322,183,1925,1078,847,1251,663,588
7126,C4920,7,95,District-Central,Total,0-4,366,195,171,36,14,22,85,46,39,13,8,5,32,20,12,23,14,9,10,6,4,139,73,66,28,14,14
7127,C4920,7,95,District-Central,Total,5-9,514,303,211,43,19,24,80,42,38,59,38,21,59,34,25,50,35,15,13,8,5,134,75,59,76,52,24
7128,C4920,7,95,District-Central,Total,10-19,1387,808,579,158,85,73,188,97,91,123,79,44,201,122,79,176,100,76,89,54,35,283,156,127,169,115,54
7129,C4920,7,95,District-Central,Total,20-29,1633,957,676,169,99,70,246,136,110,113,71,42,346,215,131,163,96,67,102,67,35,329,181,148,165,92,73
7130,C4920,7,95,District-Central,Total,30-39,1426,860,566,177,107,70,210,112,98,101,59,42,324,220,104,131,75,56,93,59,34,292,174,118,98,54,44
7131,C4920,7,95,District-Central,Total,40-49,1414,866,548,219,123,96,174,95,79,76,51,25,401,261,140,88,56,32,66,49,17,254,148,106,136,83,53
7132,C4920,7,95,District-Central,Total,50-59,1459,865,594,280,175,105,182,106,76,65,45,20,504,277,227,40,28,12,66,47,19,217,123,94,105,64,41
7133,C4920,7,95,District-Central,Total,60-69,1524,775,749,264,147,117,183,91,92,30,20,10,659,308,351,31,17,14,42,23,19,161,91,70,154,78,76
7134,C4920,7,95,District-Central,Total,70-79,1071,435,636,139,55,84,165,70,95,24,14,10,488,189,299,15,6,9,17,6,11,71,39,32,152,56,96
7135,C4920,7,95,District-Central,Total,80-89,554,211,343,64,30,34,86,34,52,4,2,2,237,87,150,1,1,0,3,2,1,34,14,20,125,41,84
7136,C4920,7,95,District-Central,Total,90+,144,56,88,15,9,6,19,7,12,2,1,1,58,22,36,4,2,2,4,1,3,2,2,0,40,12,28
7137,C4920,7,95,District-Central,Total,Age Not Stated,20,10,10,3,3,0,2,2,0,1,1,0,2,0,2,0,0,0,0,0,0,9,2,7,3,2,1
7138,C4920,7,95,District-Central,Rural,Total,0,0,0,0,0,0,0,0,0,0,0,0,0,0,0,0,0,0,0,0,0,0,0,0,0,0,0
7139,C4920,7,95,District-Central,Rural,0-4,0,0,0,0,0,0,0,0,0,0,0,0,0,0,0,0,0,0,0,0,0,0,0,0,0,0,0
7140,C4920,7,95,District-Central,Rural,5-9,0,0,0,0,0,0,0,0,0,0,0,0,0,0,0,0,0,0,0,0,0,0,0,0,0,0,0
7141,C4920,7,95,District-Central,Rural,10-19,0,0,0,0,0,0,0,0,0,0,0,0,0,0,0,0,0,0,0,0,0,0,0,0,0,0,0
7142,C4920,7,95,District-Central,Rural,20-29,0,0,0,0,0,0,0,0,0,0,0,0,0,0,0,0,0,0,0,0,0,0,0,0,0,0,0
7143,C4920,7,95,District-Central,Rural,30-39,0,0,0,0,0,0,0,0,0,0,0,0,0,0,0,0,0,0,0,0,0,0,0,0,0,0,0
7144,C4920,7,95,District-Central,Rural,40-49,0,0,0,0,0,0,0,0,0,0,0,0,0,0,0,0,0,0,0,0,0,0,0,0,0,0,0
7145,C4920,7,95,District-Central,Rural,50-59,0,0,0,0,0,0,0,0,0,0,0,0,0,0,0,0,0,0,0,0,0,0,0,0,0,0,0
7146,C4920,7,95,District-Central,Rural,60-69,0,0,0,0,0,0,0,0,0,0,0,0,0,0,0,0,0,0,0,0,0,0,0,0,0,0,0
7147,C4920,7,95,District-Central,Rural,70-79,0,0,0,0,0,0,0,0,0,0,0,0,0,0,0,0,0,0,0,0,0,0,0,0,0,0,0
7148,C4920,7,95,District-Central,Rural,80-89,0,0,0,0,0,0,0,0,0,0,0,0,0,0,0,0,0,0,0,0,0,0,0,0,0,0,0
7149,C4920,7,95,District-Central,Rural,90+,0,0,0,0,0,0,0,0,0,0,0,0,0,0,0,0,0,0,0,0,0,0,0,0,0,0,0
7150,C4920,7,95,District-Central,Rural,Age Not Stated,0,0,0,0,0,0,0,0,0,0,0,0,0,0,0,0,0,0,0,0,0,0,0,0,0,0,0
7151,C4920,7,95,District-Central,Urban,Total,11512,6341,5171,1567,866,701,1620,838,782,611,389,222,3311,1755,1556,722,430,292,505,322,183,1925,1078,847,1251,663,588
7152,C4920,7,95,District-Central,Urban,0-4,366,195,171,36,14,22,85,46,39,13,8,5,32,20,12,23,14,9,10,6,4,139,73,66,28,14,14
7153,C4920,7,95,District-Central,Urban,5-9,514,303,211,43,19,24,80,42,38,59,38,21,59,34,25,50,35,15,13,8,5,134,75,59,76,52,24
7154,C4920,7,95,District-Central,Urban,10-19,1387,808,579,158,85,73,188,97,91,123,79,44,201,122,79,176,100,76,89,54,35,283,156,127,169,115,54
7155,C4920,7,95,District-Central,Urban,20-29,1633,957,676,169,99,70,246,136,110,113,71,42,346,215,131,163,96,67,102,67,35,329,181,148,165,92,73
7156,C4920,7,95,District-Central,Urban,30-39,1426,860,566,177,107,70,210,112,98,101,59,42,324,220,104,131,75,56,93,59,34,292,174,118,98,54,44
7157,C4920,7,95,District-Central,Urban,40-49,1414,866,548,219,123,96,174,95,79,76,51,25,401,261,140,88,56,32,66,49,17,254,148,106,136,83,53
7158,C4920,7,95,District-Central,Urban,50-59,1459,865,594,280,175,105,182,106,76,65,45,20,504,277,227,40,28,12,66,47,19,217,123,94,105,64,41
7159,C4920,7,95,District-Central,Urban,60-69,1524,775,749,264,147,117,183,91,92,30,20,10,659,308,351,31,17,14,42,23,19,161,91,70,154,78,76
7160,C4920,7,95,District-Central,Urban,70-79,1071,435,636,139,55,84,165,70,95,24,14,10,488,189,299,15,6,9,17,6,11,71,39,32,152,56,96
7161,C4920,7,95,District-Central,Urban,80-89,554,211,343,64,30,34,86,34,52,4,2,2,237,87,150,1,1,0,3,2,1,34,14,20,125,41,84
7162,C4920,7,95,District-Central,Urban,90+,144,56,88,15,9,6,19,7,12,2,1,1,58,22,36,4,2,2,4,1,3,2,2,0,40,12,28
7163,C4920,7,95,District-Central,Urban,Age Not Stated,20,10,10,3,3,0,2,2,0,1,1,0,2,0,2,0,0,0,0,0,0,9,2,7,3,2,1
7164,C4920,7,96,District-West,Total,Total,36184,20978,15206,4282,2392,1890,4934,2714,2220,2263,1356,907,10710,6195,4515,2500,1588,912,1580,1028,552,5980,3461,2519,3935,2244,1691
7165,C4920,7,96,District-West,Total,0-4,1114,604,510,162,86,76,200,105,95,25,15,10,130,69,61,53,33,20,22,15,7,434,225,209,88,56,32
7166,C4920,7,96,District-West,Total,5-9,2002,1209,793,243,143,100,255,150,105,228,140,88,279,173,106,175,112,63,84,57,27,407,218,189,331,216,115
7167,C4920,7,96,District-West,Total,10-19,5300,3199,2101,558,340,218,707,393,314,480,288,192,908,573,335,710,449,261,245,156,89,1000,586,414,692,414,278
7168,C4920,7,96,District-West,Total,20-29,5566,3422,2144,525,305,220,652,363,289,443,274,169,1409,915,494,579,378,201,323,214,109,1112,653,459,523,320,203
7169,C4920,7,96,District-West,Total,30-39,4767,2936,1831,483,267,216,630,353,277,328,180,148,1370,904,466,382,244,138,269,180,89,933,555,378,372,253,119
7170,C4920,7,96,District-West,Total,40-49,4261,2727,1534,500,292,208,536,327,209,253,156,97,1371,917,454,311,207,104,251,166,85,733,453,280,306,209,97
7171,C4920,7,96,District-West,Total,50-59,3715,2170,1545,512,298,214,476,246,230,233,147,86,1318,772,546,151,93,58,195,125,70,549,320,229,281,169,112
7172,C4920,7,96,District-West,Total,60-69,4331,2291,2040,701,371,330,578,312,266,147,82,65,1837,954,883,91,51,40,120,79,41,459,245,214,398,197,201
7173,C4920,7,96,District-West,Total,70-79,3044,1460,1584,396,194,202,486,252,234,84,46,38,1313,581,732,33,14,19,50,26,24,229,141,88,453,206,247
7174,C4920,7,96,District-West,Total,80-89,1617,746,871,145,69,76,336,173,163,24,18,6,629,279,350,11,4,7,16,8,8,78,39,39,378,156,222
7175,C4920,7,96,District-West,Total,90+,377,154,223,45,19,26,58,28,30,5,1,4,131,48,83,2,1,1,4,2,2,22,10,12,110,45,65
7176,C4920,7,96,District-West,Total,Age Not Stated,90,60,30,12,8,4,20,12,8,13,9,4,15,10,5,2,2,0,1,0,1,24,16,8,3,3,0
7177,C4920,7,96,District-West,Rural,Total,90,48,42,27,8,19,17,9,8,2,1,1,19,13,6,5,3,2,5,4,1,7,6,1,8,4,4
7178,C4920,7,96,District-West,Rural,0-4,3,2,1,0,0,0,1,0,1,0,0,0,1,1,0,0,0,0,0,0,0,0,0,0,1,1,0
7179,C4920,7,96,District-West,Rural,5-9,5,3,2,3,2,1,1,1,0,0,0,0,0,0,0,0,0,0,0,0,0,0,0,0,1,0,1
7180,C4920,7,96,District-West,Rural,10-19,15,10,5,1,1,0,2,0,2,0,0,0,3,1,2,4,3,1,1,1,0,2,2,0,2,2,0
7181,C4920,7,96,District-West,Rural,20-29,12,5,7,5,0,5,1,1,0,1,0,1,3,3,0,0,0,0,0,0,0,1,1,0,1,0,1
7182,C4920,7,96,District-West,Rural,30-39,9,7,2,2,2,0,0,0,0,0,0,0,2,2,0,1,0,1,1,1,0,3,2,1,0,0,0
7183,C4920,7,96,District-West,Rural,40-49,11,7,4,1,0,1,0,0,0,0,0,0,7,5,2,0,0,0,2,1,1,0,0,0,1,1,0
7184,C4920,7,96,District-West,Rural,50-59,4,3,1,1,0,1,2,2,0,0,0,0,0,0,0,0,0,0,1,1,0,0,0,0,0,0,0
7185,C4920,7,96,District-West,Rural,60-69,12,5,7,8,2,6,2,2,0,1,1,0,1,0,1,0,0,0,0,0,0,0,0,0,0,0,0
7186,C4920,7,96,District-West,Rural,70-79,7,1,6,2,0,2,4,1,3,0,0,0,0,0,0,0,0,0,0,0,0,0,0,0,1,0,1
7187,C4920,7,96,District-West,Rural,80-89,8,3,5,2,0,2,4,2,2,0,0,0,2,1,1,0,0,0,0,0,0,0,0,0,0,0,0
7188,C4920,7,96,District-West,Rural,90+,4,2,2,2,1,1,0,0,0,0,0,0,0,0,0,0,0,0,0,0,0,1,1,0,1,0,1
7189,C4920,7,96,District-West,Rural,Age Not Stated,0,0,0,0,0,0,0,0,0,0,0,0,0,0,0,0,0,0,0,0,0,0,0,0,0,0,0
7190,C4920,7,96,District-West,Urban,Total,36094,20930,15164,4255,2384,1871,4917,2705,2212,2261,1355,906,10691,6182,4509,2495,1585,910,1575,1024,551,5973,3455,2518,3927,2240,1687
7191,C4920,7,96,District-West,Urban,0-4,1111,602,509,162,86,76,199,105,94,25,15,10,129,68,61,53,33,20,22,15,7,434,225,209,87,55,32
7192,C4920,7,96,District-West,Urban,5-9,1997,1206,791,240,141,99,254,149,105,228,140,88,279,173,106,175,112,63,84,57,27,407,218,189,330,216,114
7193,C4920,7,96,District-West,Urban,10-19,5285,3189,2096,557,339,218,705,393,312,480,288,192,905,572,333,706,446,260,244,155,89,998,584,414,690,412,278
7194,C4920,7,96,District-West,Urban,20-29,5554,3417,2137,520,305,215,651,362,289,442,274,168,1406,912,494,579,378,201,323,214,109,1111,652,459,522,320,202
7195,C4920,7,96,District-West,Urban,30-39,4758,2929,1829,481,265,216,630,353,277,328,180,148,1368,902,466,381,244,137,268,179,89,930,553,377,372,253,119
7196,C4920,7,96,District-West,Urban,40-49,4250,2720,1530,499,292,207,536,327,209,253,156,97,1364,912,452,311,207,104,249,165,84,733,453,280,305,208,97
7197,C4920,7,96,District-West,Urban,50-59,3711,2167,1544,511,298,213,474,244,230,233,147,86,1318,772,546,151,93,58,194,124,70,549,320,229,281,169,112
7198,C4920,7,96,District-West,Urban,60-69,4319,2286,2033,693,369,324,576,310,266,146,81,65,1836,954,882,91,51,40,120,79,41,459,245,214,398,197,201
7199,C4920,7,96,District-West,Urban,70-79,3037,1459,1578,394,194,200,482,251,231,84,46,38,1313,581,732,33,14,19,50,26,24,229,141,88,452,206,246
7200,C4920,7,96,District-West,Urban,80-89,1609,743,866,143,69,74,332,171,161,24,18,6,627,278,349,11,4,7,16,8,8,78,39,39,378,156,222
7201,C4920,7,96,District-West,Urban,90+,373,152,221,43,18,25,58,28,30,5,1,4,131,48,83,2,1,1,4,2,2,21,9,12,109,45,64
7202,C4920,7,96,District-West,Urban,Age Not Stated,90,60,30,12,8,4,20,12,8,13,9,4,15,10,5,2,2,0,1,0,1,24,16,8,3,3,0
7203,C4920,7,97,District-South West,Total,Total,32680,19546,13134,4224,2395,1829,5735,3418,2317,2278,1343,935,8263,5167,3096,1904,1239,665,1188,765,423,6221,3550,2671,2867,1669,1198
7204,C4920,7,97,District-South West,Total,0-4,1475,801,674,196,105,91,276,141,135,51,29,22,124,79,45,64,35,29,15,11,4,644,342,302,105,59,46
7205,C4920,7,97,District-South West,Total,5-9,2063,1208,855,248,134,114,323,174,149,243,153,90,213,126,87,150,99,51,69,47,22,549,307,242,268,168,100
7206,C4920,7,97,District-South West,Total,10-19,5101,3079,2022,562,339,223,750,434,316,518,305,213,766,483,283,544,342,202,248,159,89,1112,637,475,601,380,221
7207,C4920,7,97,District-South West,Total,20-29,6090,3791,2299,677,413,264,1071,641,430,485,287,198,1389,945,444,494,328,166,251,178,73,1303,713,590,420,286,134
7208,C4920,7,97,District-South West,Total,30-39,4947,3198,1749,509,315,194,984,659,325,340,189,151,1449,994,455,286,201,85,210,127,83,931,557,374,238,156,82
7209,C4920,7,97,District-South West,Total,40-49,4114,2674,1440,501,305,196,815,528,287,307,191,116,1207,816,391,186,128,58,193,130,63,697,442,255,208,134,74
7210,C4920,7,97,District-South West,Total,50-59,3025,1825,1200,491,278,213,498,293,205,166,101,65,1069,677,392,96,62,34,102,58,44,414,246,168,189,110,79
7211,C4920,7,97,District-South West,Total,60-69,2788,1520,1268,536,271,265,402,221,181,107,60,47,1038,591,447,53,30,23,59,34,25,313,170,143,280,143,137
7212,C4920,7,97,District-South West,Total,70-79,1782,868,914,326,156,170,322,165,157,38,19,19,642,313,329,16,7,9,22,11,11,156,87,69,260,110,150
7213,C4920,7,97,District-South West,Total,80-89,954,415,539,128,54,74,214,108,106,15,7,8,294,112,182,7,3,4,16,8,8,56,25,31,224,98,126
7214,C4920,7,97,District-South West,Total,90+,245,106,139,34,17,17,49,25,24,6,2,4,66,27,39,4,2,2,3,2,1,14,10,4,69,21,48
7215,C4920,7,97,District-South West,Total,Age Not Stated,96,61,35,16,8,8,31,29,2,2,0,2,6,4,2,4,2,2,0,0,0,32,14,18,5,4,1
7216,C4920,7,97,District-South West,Rural,Total,2587,1489,1098,399,211,188,325,163,162,127,72,55,773,475,298,118,78,40,98,67,31,446,249,197,301,174,127
7217,C4920,7,97,District-South West,Rural,0-4,103,56,47,17,11,6,8,3,5,5,4,1,11,10,1,2,1,1,0,0,0,54,24,30,6,3,3
7218,C4920,7,97,District-South West,Rural,5-9,137,77,60,20,11,9,16,9,7,19,7,12,19,10,9,7,4,3,4,4,0,29,16,13,23,16,7
7219,C4920,7,97,District-South West,Rural,10-19,358,226,132,34,22,12,40,21,19,41,29,12,67,41,26,38,25,13,17,13,4,63,39,24,58,36,22
7220,C4920,7,97,District-South West,Rural,20-29,345,221,124,30,14,16,25,13,12,22,13,9,107,79,28,29,22,7,25,18,7,86,45,41,21,17,4
7221,C4920,7,97,District-South West,Rural,30-39,312,204,108,29,19,10,32,15,17,14,6,8,120,84,36,22,14,8,18,12,6,56,41,15,21,13,8
7222,C4920,7,97,District-South West,Rural,40-49,288,187,101,37,23,14,38,21,17,15,8,7,94,68,26,11,7,4,16,11,5,62,38,24,15,11,4
7223,C4920,7,97,District-South West,Rural,50-59,226,118,108,58,25,33,27,12,15,5,3,2,80,45,35,4,3,1,5,1,4,29,17,12,18,12,6
7224,C4920,7,97,District-South West,Rural,60-69,359,185,174,95,48,47,45,22,23,2,2,0,134,67,67,3,2,1,7,5,2,36,20,16,37,19,18
7225,C4920,7,97,District-South West,Rural,70-79,250,120,130,58,28,30,48,21,27,2,0,2,81,46,35,1,0,1,5,3,2,11,3,8,44,19,25
7226,C4920,7,97,District-South West,Rural,80-89,156,67,89,15,8,7,40,21,19,2,0,2,45,15,30,1,0,1,1,0,1,11,2,9,41,21,20
7227,C4920,7,97,District-South West,Rural,90+,44,24,20,5,1,4,6,5,1,0,0,0,14,9,5,0,0,0,0,0,0,2,2,0,17,7,10
7228,C4920,7,97,District-South West,Rural,Age Not Stated,9,4,5,1,1,0,0,0,0,0,0,0,1,1,0,0,0,0,0,0,0,7,2,5,0,0,0
7229,C4920,7,97,District-South West,Urban,Total,30093,18057,12036,3825,2184,1641,5410,3255,2155,2151,1271,880,7490,4692,2798,1786,1161,625,1090,698,392,5775,3301,2474,2566,1495,1071
7230,C4920,7,97,District-South West,Urban,0-4,1372,745,627,179,94,85,268,138,130,46,25,21,113,69,44,62,34,28,15,11,4,590,318,272,99,56,43
7231,C4920,7,97,District-South West,Urban,5-9,1926,1131,795,228,123,105,307,165,142,224,146,78,194,116,78,143,95,48,65,43,22,520,291,229,245,152,93
7232,C4920,7,97,District-South West,Urban,10-19,4743,2853,1890,528,317,211,710,413,297,477,276,201,699,442,257,506,317,189,231,146,85,1049,598,451,543,344,199
7233,C4920,7,97,District-South West,Urban,20-29,5745,3570,2175,647,399,248,1046,628,418,463,274,189,1282,866,416,465,306,159,226,160,66,1217,668,549,399,269,130
7234,C4920,7,97,District-South West,Urban,30-39,4635,2994,1641,480,296,184,952,644,308,326,183,143,1329,910,419,264,187,77,192,115,77,875,516,359,217,143,74
7235,C4920,7,97,District-South West,Urban,40-49,3826,2487,1339,464,282,182,777,507,270,292,183,109,1113,748,365,175,121,54,177,119,58,635,404,231,193,123,70
7236,C4920,7,97,District-South West,Urban,50-59,2799,1707,1092,433,253,180,471,281,190,161,98,63,989,632,357,92,59,33,97,57,40,385,229,156,171,98,73
7237,C4920,7,97,District-South West,Urban,60-69,2429,1335,1094,441,223,218,357,199,158,105,58,47,904,524,380,50,28,22,52,29,23,277,150,127,243,124,119
7238,C4920,7,97,District-South West,Urban,70-79,1532,748,784,268,128,140,274,144,130,36,19,17,561,267,294,15,7,8,17,8,9,145,84,61,216,91,125
7239,C4920,7,97,District-South West,Urban,80-89,798,348,450,113,46,67,174,87,87,13,7,6,249,97,152,6,3,3,15,8,7,45,23,22,183,77,106
7240,C4920,7,97,District-South West,Urban,90+,201,82,119,29,16,13,43,20,23,6,2,4,52,18,34,4,2,2,3,2,1,12,8,4,52,14,38
7241,C4920,7,97,District-South West,Urban,Age Not Stated,87,57,30,15,7,8,31,29,2,2,0,2,5,3,2,4,2,2,0,0,0,25,12,13,5,4,1
7242,C4920,7,98,District-South,Total,Total,37870,22242,15628,5705,3235,2470,6671,3973,2698,2793,1637,1156,9230,5507,3723,2579,1573,1006,1337,825,512,5966,3511,2455,3589,1981,1608
7243,C4920,7,98,District-South,Total,0-4,1545,866,679,226,122,104,375,201,174,53,32,21,180,118,62,82,42,40,18,9,9,484,273,211,127,69,58
7244,C4920,7,98,District-South,Total,5-9,2442,1419,1023,392,222,170,379,202,177,306,180,126,280,160,120,233,147,86,75,48,27,429,239,190,348,221,127
7245,C4920,7,98,District-South,Total,10-19,6444,3806,2638,913,576,337,930,512,418,665,379,286,1040,658,382,776,450,326,264,155,109,1075,622,453,781,454,327
7246,C4920,7,98,District-South,Total,20-29,6478,4101,2377,712,429,283,1237,793,444,577,347,230,1503,999,504,567,365,202,257,171,86,1136,686,450,489,311,178
7247,C4920,7,98,District-South,Total,30-39,5316,3433,1883,636,394,242,1086,764,322,427,244,183,1330,885,445,349,222,127,230,152,78,941,575,366,317,197,120
7248,C4920,7,98,District-South,Total,40-49,4433,2787,1646,718,420,298,778,485,293,317,197,120,1163,793,370,283,179,104,212,122,90,724,447,277,238,144,94
7249,C4920,7,98,District-South,Total,50-59,3491,2080,1411,684,401,283,568,335,233,197,126,71,1022,609,413,148,84,64,126,79,47,519,319,200,227,127,100
7250,C4920,7,98,District-South,Total,60-69,3542,1870,1672,747,366,381,542,283,259,145,80,65,1210,647,563,84,50,34,85,46,39,366,207,159,363,191,172
7251,C4920,7,98,District-South,Total,70-79,2400,1111,1289,430,203,227,433,213,220,63,32,31,872,388,484,35,19,16,43,25,18,181,90,91,343,141,202
7252,C4920,7,98,District-South,Total,80-89,1345,566,779,188,81,107,253,133,120,35,16,19,508,197,311,9,5,4,21,12,9,67,28,39,264,94,170
7253,C4920,7,98,District-South,Total,90+,337,139,198,43,14,29,59,29,30,5,1,4,108,44,64,5,4,1,5,5,0,26,13,13,86,29,57
7254,C4920,7,98,District-South,Total,Age Not Stated,97,64,33,16,7,9,31,23,8,3,3,0,14,9,5,8,6,2,1,1,0,18,12,6,6,3,3
7255,C4920,7,98,District-South,Rural,Total,172,108,64,17,9,8,46,31,15,25,17,8,26,17,9,7,4,3,2,2,0,40,24,16,9,4,5
7256,C4920,7,98,District-South,Rural,0-4,11,4,7,2,0,2,3,1,2,1,1,0,0,0,0,0,0,0,0,0,0,5,2,3,0,0,0
7257,C4920,7,98,District-South,Rural,5-9,17,12,5,2,1,1,6,4,2,2,2,0,4,3,1,0,0,0,0,0,0,2,1,1,1,1,0
7258,C4920,7,98,District-South,Rural,10-19,46,32,14,9,6,3,14,9,5,4,3,1,7,7,0,4,2,2,0,0,0,5,3,2,3,2,1
7259,C4920,7,98,District-South,Rural,20-29,30,16,14,1,0,1,6,4,2,5,3,2,7,3,4,2,1,1,1,1,0,7,4,3,1,0,1
7260,C4920,7,98,District-South,Rural,30-39,25,19,6,1,1,0,9,7,2,7,4,3,2,2,0,0,0,0,0,0,0,5,4,1,1,1,0
7261,C4920,7,98,District-South,Rural,40-49,18,13,5,1,1,0,5,4,1,2,0,2,1,1,0,1,1,0,1,1,0,7,5,2,0,0,0
7262,C4920,7,98,District-South,Rural,50-59,7,5,2,0,0,0,0,0,0,1,1,0,0,0,0,0,0,0,0,0,0,6,4,2,0,0,0
7263,C4920,7,98,District-South,Rural,60-69,7,3,4,0,0,0,2,1,1,1,1,0,1,0,1,0,0,0,0,0,0,2,1,1,1,0,1
7264,C4920,7,98,District-South,Rural,70-79,5,2,3,1,0,1,1,1,0,1,1,0,0,0,0,0,0,0,0,0,0,1,0,1,1,0,1
7265,C4920,7,98,District-South,Rural,80-89,5,2,3,0,0,0,0,0,0,1,1,0,4,1,3,0,0,0,0,0,0,0,0,0,0,0,0
7266,C4920,7,98,District-South,Rural,90+,1,0,1,0,0,0,0,0,0,0,0,0,0,0,0,0,0,0,0,0,0,0,0,0,1,0,1
7267,C4920,7,98,District-South,Rural,Age Not Stated,0,0,0,0,0,0,0,0,0,0,0,0,0,0,0,0,0,0,0,0,0,0,0,0,0,0,0
7268,C4920,7,98,District-South,Urban,Total,37698,22134,15564,5688,3226,2462,6625,3942,2683,2768,1620,1148,9204,5490,3714,2572,1569,1003,1335,823,512,5926,3487,2439,3580,1977,1603
7269,C4920,7,98,District-South,Urban,0-4,1534,862,672,224,122,102,372,200,172,52,31,21,180,118,62,82,42,40,18,9,9,479,271,208,127,69,58
7270,C4920,7,98,District-South,Urban,5-9,2425,1407,1018,390,221,169,373,198,175,304,178,126,276,157,119,233,147,86,75,48,27,427,238,189,347,220,127
7271,C4920,7,98,District-South,Urban,10-19,6398,3774,2624,904,570,334,916,503,413,661,376,285,1033,651,382,772,448,324,264,155,109,1070,619,451,778,452,326
7272,C4920,7,98,District-South,Urban,20-29,6448,4085,2363,711,429,282,1231,789,442,572,344,228,1496,996,500,565,364,201,256,170,86,1129,682,447,488,311,177
7273,C4920,7,98,District-South,Urban,30-39,5291,3414,1877,635,393,242,1077,757,320,420,240,180,1328,883,445,349,222,127,230,152,78,936,571,365,316,196,120
7274,C4920,7,98,District-South,Urban,40-49,4415,2774,1641,717,419,298,773,481,292,315,197,118,1162,792,370,282,178,104,211,121,90,717,442,275,238,144,94
7275,C4920,7,98,District-South,Urban,50-59,3484,2075,1409,684,401,283,568,335,233,196,125,71,1022,609,413,148,84,64,126,79,47,513,315,198,227,127,100
7276,C4920,7,98,District-South,Urban,60-69,3535,1867,1668,747,366,381,540,282,258,144,79,65,1209,647,562,84,50,34,85,46,39,364,206,158,362,191,171
7277,C4920,7,98,District-South,Urban,70-79,2395,1109,1286,429,203,226,432,212,220,62,31,31,872,388,484,35,19,16,43,25,18,180,90,90,342,141,201
7278,C4920,7,98,District-South,Urban,80-89,1340,564,776,188,81,107,253,133,120,34,15,19,504,196,308,9,5,4,21,12,9,67,28,39,264,94,170
7279,C4920,7,98,District-South,Urban,90+,336,139,197,43,14,29,59,29,30,5,1,4,108,44,64,5,4,1,5,5,0,26,13,13,85,29,56
7280,C4920,7,98,District-South,Urban,Age Not Stated,97,64,33,16,7,9,31,23,8,3,3,0,14,9,5,8,6,2,1,1,0,18,12,6,6,3,3
7281,C4920,24,0,State-GUJARAT,Total,0-4,49920,27210,22710,10960,5786,5174,9990,5355,4635,1179,665,514,4861,2813,2048,1502,885,617,633,364,269,17985,9694,8291,2810,1648,1162
7282,C4920,24,0,State-GUJARAT,Total,5-9,77504,44438,33066,14667,8009,6658,12430,6847,5583,7348,4453,2895,9245,5582,3663,7319,4398,2921,1745,1067,678,16267,8912,7355,8483,5170,3313
7283,C4920,24,0,State-GUJARAT,Total,10-19,186450,107366,79084,34424,19133,15291,28317,15692,12625,14450,8755,5695,28987,17363,11624,21148,12751,8397,5697,3364,2333,35441,19363,16078,17986,10945,7041
7284,C4920,24,0,State-GUJARAT,Total,20-29,177825,102500,75325,29135,16193,12942,26314,14234,12080,11134,6401,4733,46991,28610,18381,13118,7808,5310,7060,4427,2633,33231,18195,15036,10842,6632,4210
7285,C4920,24,0,State-GUJARAT,Total,30-39,163951,95962,67989,25606,14282,11324,24181,13465,10716,8764,4987,3777,49410,30865,18545,9955,5852,4103,8878,5567,3311,29447,16317,13130,7710,4627,3083
7286,C4920,24,0,State-GUJARAT,Total,40-49,134992,79918,55074,25110,14064,11046,22008,12387,9621,7034,4069,2965,35144,23082,12062,6931,4064,2867,8109,4912,3197,24989,13889,11100,5667,3451,2216
7287,C4920,24,0,State-GUJARAT,Total,50-59,105750,61300,44450,23840,13060,10780,19268,10520,8748,4901,2913,1988,26792,17339,9453,3534,2044,1490,5081,2925,2156,17835,9823,8012,4499,2676,1823
7288,C4920,24,0,State-GUJARAT,Total,60-69,91670,47591,44079,23734,11623,12111,19848,9563,10285,3120,1756,1364,22654,13197,9457,1657,899,758,2883,1471,1412,12282,6284,5998,5492,2798,2694
7289,C4920,24,0,State-GUJARAT,Total,70-79,62785,29222,33563,16733,7398,9335,16771,7635,9136,1555,841,714,14143,7119,7024,671,308,363,1268,559,709,6044,2921,3123,5600,2441,3159
7290,C4920,24,0,State-GUJARAT,Total,80-89,27094,11248,15846,6909,2872,4037,7982,3342,4640,460,227,233,5295,2267,3028,217,86,131,394,152,242,2073,908,1165,3764,1394,2370
7291,C4920,24,0,State-GUJARAT,Total,90+,9964,3555,6409,2220,772,1448,2766,973,1793,200,96,104,1649,610,1039,95,43,52,148,49,99,860,387,473,2026,625,1401
7292,C4920,24,0,State-GUJARAT,Total,Age Not Stated,4397,2494,1903,812,425,387,800,428,372,187,114,73,708,416,292,246,171,75,141,86,55,1271,722,549,232,132,100
7293,C4920,24,0,State-GUJARAT,Rural,Total,570479,321906,248573,98315,51468,46847,85434,44201,41233,29348,17554,11794,153695,94479,59216,39554,23361,16193,24821,14563,10258,93382,50458,42924,45930,25822,20108
7294,C4920,24,0,State-GUJARAT,Rural,0-4,23351,12695,10656,4008,2075,1933,3741,1977,1764,652,368,284,3264,1893,1371,745,443,302,300,167,133,8835,4718,4117,1806,1054,752
7295,C4920,24,0,State-GUJARAT,Rural,5-9,43468,25132,18336,6660,3627,3033,5441,3023,2418,4477,2764,1713,6535,3974,2561,5169,3108,2061,1113,669,444,8355,4500,3855,5718,3467,2251
7296,C4920,24,0,State-GUJARAT,Rural,10-19,100692,58284,42408,15249,8451,6798,11912,6603,5309,7891,4907,2984,19716,11742,7974,13953,8436,5517,3459,2049,1410,17519,9461,8058,10993,6635,4358
7297,C4920,24,0,State-GUJARAT,Rural,20-29,86161,51338,34823,10175,5951,4224,8848,4961,3887,4912,2941,1971,30330,18872,11458,7135,4253,2882,4063,2554,1509,14344,7829,6515,6354,3977,2377
7298,C4920,24,0,State-GUJARAT,Rural,30-39,81367,49082,32285,9440,5552,3888,8888,5049,3839,3861,2221,1640,30821,19709,11112,5493,3201,2292,5407,3391,2016,13103,7307,5796,4354,2652,1702
7299,C4920,24,0,State-GUJARAT,Rural,40-49,66377,40195,26182,10264,5877,4387,8841,5040,3801,3023,1784,1239,21093,14103,6990,3816,2192,1624,4788,2857,1931,11392,6410,4982,3160,1932,1228
7300,C4920,24,0,State-GUJARAT,Rural,50-59,53262,30820,22442,11230,6035,5195,8795,4697,4098,2080,1245,835,15734,10225,5509,1764,998,766,2891,1614,1277,8284,4559,3725,2484,1447,1037
7301,C4920,24,0,State-GUJARAT,Rural,60-69,51744,26344,25400,13846,6559,7287,11223,5250,5973,1366,761,605,13270,7697,5573,837,448,389,1676,820,856,6222,3154,3068,3304,1655,1649
7302,C4920,24,0,State-GUJARAT,Rural,70-79,38402,17501,20901,10842,4664,6178,10517,4691,5826,708,376,332,8319,4230,4089,377,162,215,743,293,450,3229,1539,1690,3667,1546,2121
7303,C4920,24,0,State-GUJARAT,Rural,80-89,17027,7032,9995,4710,1941,2769,5070,2097,2973,206,92,114,3136,1391,1745,117,44,73,220,79,141,1068,467,601,2500,921,1579
7304,C4920,24,0,State-GUJARAT,Rural,90+,6543,2285,4258,1504,528,976,1807,611,1196,83,37,46,1068,396,672,44,20,24,94,28,66,473,204,269,1470,461,1009
7305,C4920,24,0,State-GUJARAT,Rural,Age Not Stated,2085,1198,887,387,208,179,351,202,149,89,58,31,409,247,162,104,56,48,67,42,25,558,310,248,120,75,45
7306,C4920,24,0,State-GUJARAT,Urban,Total,521823,290898,230925,115835,62149,53686,105241,56240,49001,30984,17723,13261,92184,54784,37400,26839,15948,10891,17216,10380,6836,104343,56957,47386,29181,16717,12464
7307,C4920,24,0,State-GUJARAT,Urban,0-4,26569,14515,12054,6952,3711,3241,6249,3378,2871,527,297,230,1597,920,677,757,442,315,333,197,136,9150,4976,4174,1004,594,410
7308,C4920,24,0,State-GUJARAT,Urban,5-9,34036,19306,14730,8007,4382,3625,6989,3824,3165,2871,1689,1182,2710,1608,1102,2150,1290,860,632,398,234,7912,4412,3500,2765,1703,1062
7309,C4920,24,0,State-GUJARAT,Urban,10-19,85758,49082,36676,19175,10682,8493,16405,9089,7316,6559,3848,2711,9271,5621,3650,7195,4315,2880,2238,1315,923,17922,9902,8020,6993,4310,2683
7310,C4920,24,0,State-GUJARAT,Urban,20-29,91664,51162,40502,18960,10242,8718,17466,9273,8193,6222,3460,2762,16661,9738,6923,5983,3555,2428,2997,1873,1124,18887,10366,8521,4488,2655,1833
7311,C4920,24,0,State-GUJARAT,Urban,30-39,82584,46880,35704,16166,8730,7436,15293,8416,6877,4903,2766,2137,18589,11156,7433,4462,2651,1811,3471,2176,1295,16344,9010,7334,3356,1975,1381
7312,C4920,24,0,State-GUJARAT,Urban,40-49,68615,39723,28892,14846,8187,6659,13167,7347,5820,4011,2285,1726,14051,8979,5072,3115,1872,1243,3321,2055,1266,13597,7479,6118,2507,1519,988
7313,C4920,24,0,State-GUJARAT,Urban,50-59,52488,30480,22008,12610,7025,5585,10473,5823,4650,2821,1668,1153,11058,7114,3944,1770,1046,724,2190,1311,879,9551,5264,4287,2015,1229,786
7314,C4920,24,0,State-GUJARAT,Urban,60-69,39926,21247,18679,9888,5064,4824,8625,4313,4312,1754,995,759,9384,5500,3884,820,451,369,1207,651,556,6060,3130,2930,2188,1143,1045
7315,C4920,24,0,State-GUJARAT,Urban,70-79,24383,11721,12662,5891,2734,3157,6254,2944,3310,847,465,382,5824,2889,2935,294,146,148,525,266,259,2815,1382,1433,1933,895,1038
7316,C4920,24,0,State-GUJARAT,Urban,80-89,10067,4216,5851,2199,931,1268,2912,1245,1667,254,135,119,2159,876,1283,100,42,58,174,73,101,1005,441,564,1264,473,791
7317,C4920,24,0,State-GUJARAT,Urban,90+,3421,1270,2151,716,244,472,959,362,597,117,59,58,581,214,367,51,23,28,54,21,33,387,183,204,556,164,392
7318,C4920,24,0,State-GUJARAT,Urban,Age Not Stated,2312,1296,1016,425,217,208,449,226,223,98,56,42,299,169,130,142,115,27,74,44,30,713,412,301,112,57,55
7319,C4920,24,468,District-Kachchh,Total,Total,37531,20582,16949,6958,3421,3537,5724,2861,2863,1705,1034,671,9818,5827,3991,2794,1669,1125,1831,1058,773,4921,2661,2260,3780,2051,1729
7320,C4920,24,468,District-Kachchh,Total,0-4,1272,728,544,181,98,83,200,113,87,32,12,20,208,117,91,66,48,18,23,19,4,427,235,192,135,86,49
7321,C4920,24,468,District-Kachchh,Total,5-9,2485,1458,1027,293,169,124,273,152,121,254,171,83,414,241,173,327,195,132,76,44,32,452,248,204,396,238,158
7322,C4920,24,468,District-Kachchh,Total,10-19,5660,3307,2353,724,415,309,634,329,305,427,260,167,1137,674,463,926,569,357,232,138,94,848,464,384,732,458,274
7323,C4920,24,468,District-Kachchh,Total,20-29,5577,3371,2206,569,346,223,629,375,254,287,176,111,1984,1219,765,523,305,218,300,193,107,829,474,355,456,283,173
7324,C4920,24,468,District-Kachchh,Total,30-39,5215,3093,2122,592,328,264,595,347,248,269,151,118,1905,1173,732,430,263,167,392,239,153,742,405,337,290,187,103
7325,C4920,24,468,District-Kachchh,Total,40-49,4255,2475,1780,707,372,335,586,329,257,168,104,64,1326,847,479,256,147,109,327,190,137,618,330,288,267,156,111
7326,C4920,24,468,District-Kachchh,Total,50-59,3701,2118,1583,933,499,434,613,328,285,133,84,49,1016,647,369,137,75,62,250,135,115,385,213,172,234,137,97
7327,C4920,24,468,District-Kachchh,Total,60-69,3818,1855,1963,1250,549,701,784,344,440,66,34,32,881,521,360,76,44,32,130,60,70,306,147,159,325,156,169
7328,C4920,24,468,District-Kachchh,Total,70-79,3187,1373,1814,1006,400,606,805,353,452,41,24,17,574,260,314,41,18,23,65,26,39,184,82,102,471,210,261
7329,C4920,24,468,District-Kachchh,Total,80-89,1649,573,1076,524,185,339,439,139,300,16,9,7,253,92,161,8,3,5,24,8,16,75,32,43,310,105,205
7330,C4920,24,468,District-Kachchh,Total,90+,607,173,434,162,51,111,144,42,102,7,4,3,106,30,76,2,0,2,7,2,5,19,9,10,160,35,125
7331,C4920,24,468,District-Kachchh,Total,Age Not Stated,105,58,47,17,9,8,22,10,12,5,5,0,14,6,8,2,2,0,5,4,1,36,22,14,4,0,4
7332,C4920,24,468,District-Kachchh,Rural,Total,24429,13331,11098,4832,2328,2504,3219,1524,1695,1130,707,423,6968,4193,2775,1885,1108,777,1335,755,580,2431,1335,1096,2629,1381,1248
7333,C4920,24,468,District-Kachchh,Rural,0-4,737,423,314,89,50,39,74,40,34,23,6,17,161,90,71,44,33,11,18,14,4,227,127,100,101,63,38
7334,C4920,24,468,District-Kachchh,Rural,5-9,1646,958,688,193,115,78,116,61,55,190,133,57,311,179,132,258,147,111,59,34,25,233,125,108,286,164,122
7335,C4920,24,468,District-Kachchh,Rural,10-19,3555,2093,1462,462,274,188,270,151,119,300,186,114,798,476,322,630,389,241,173,102,71,430,221,209,492,294,198
7336,C4920,24,468,District-Kachchh,Rural,20-29,3504,2195,1309,323,210,113,236,145,91,177,114,63,1498,950,548,341,197,144,207,137,70,415,250,165,307,192,115
7337,C4920,24,468,District-Kachchh,Rural,30-39,3206,1934,1272,358,196,162,223,135,88,166,93,73,1363,851,512,276,169,107,280,164,116,337,195,142,203,131,72
7338,C4920,24,468,District-Kachchh,Rural,40-49,2590,1514,1076,432,237,195,280,140,140,113,74,39,908,591,317,175,92,83,233,132,101,289,160,129,160,88,72
7339,C4920,24,468,District-Kachchh,Rural,50-59,2356,1326,1030,646,335,311,380,197,183,79,52,27,669,423,246,80,44,36,187,99,88,178,99,79,137,77,60
7340,C4920,24,468,District-Kachchh,Rural,60-69,2680,1297,1383,940,399,541,573,250,323,37,20,17,599,365,234,47,24,23,99,46,53,159,82,77,226,111,115
7341,C4920,24,468,District-Kachchh,Rural,70-79,2373,1005,1368,806,303,503,605,266,339,30,19,11,396,184,212,28,12,16,52,19,33,107,51,56,349,151,198
7342,C4920,24,468,District-Kachchh,Rural,80-89,1293,435,858,443,160,283,349,106,243,8,5,3,178,58,120,4,1,3,19,5,14,44,17,27,248,83,165
7343,C4920,24,468,District-Kachchh,Rural,90+,469,140,329,137,48,89,110,32,78,3,1,2,85,25,60,2,0,2,6,2,4,8,5,3,118,27,91
7344,C4920,24,468,District-Kachchh,Rural,Age Not Stated,20,11,9,3,1,2,3,1,2,4,4,0,2,1,1,0,0,0,2,1,1,4,3,1,2,0,2
7345,C4920,24,468,District-Kachchh,Urban,Total,13102,7251,5851,2126,1093,1033,2505,1337,1168,575,327,248,2850,1634,1216,909,561,348,496,303,193,2490,1326,1164,1151,670,481
7346,C4920,24,468,District-Kachchh,Urban,0-4,535,305,230,92,48,44,126,73,53,9,6,3,47,27,20,22,15,7,5,5,0,200,108,92,34,23,11
7347,C4920,24,468,District-Kachchh,Urban,5-9,839,500,339,100,54,46,157,91,66,64,38,26,103,62,41,69,48,21,17,10,7,219,123,96,110,74,36
7348,C4920,24,468,District-Kachchh,Urban,10-19,2105,1214,891,262,141,121,364,178,186,127,74,53,339,198,141,296,180,116,59,36,23,418,243,175,240,164,76
7349,C4920,24,468,District-Kachchh,Urban,20-29,2073,1176,897,246,136,110,393,230,163,110,62,48,486,269,217,182,108,74,93,56,37,414,224,190,149,91,58
7350,C4920,24,468,District-Kachchh,Urban,30-39,2009,1159,850,234,132,102,372,212,160,103,58,45,542,322,220,154,94,60,112,75,37,405,210,195,87,56,31
7351,C4920,24,468,District-Kachchh,Urban,40-49,1665,961,704,275,135,140,306,189,117,55,30,25,418,256,162,81,55,26,94,58,36,329,170,159,107,68,39
7352,C4920,24,468,District-Kachchh,Urban,50-59,1345,792,553,287,164,123,233,131,102,54,32,22,347,224,123,57,31,26,63,36,27,207,114,93,97,60,37
7353,C4920,24,468,District-Kachchh,Urban,60-69,1138,558,580,310,150,160,211,94,117,29,14,15,282,156,126,29,20,9,31,14,17,147,65,82,99,45,54
7354,C4920,24,468,District-Kachchh,Urban,70-79,814,368,446,200,97,103,200,87,113,11,5,6,178,76,102,13,6,7,13,7,6,77,31,46,122,59,63
7355,C4920,24,468,District-Kachchh,Urban,80-89,356,138,218,81,25,56,90,33,57,8,4,4,75,34,41,4,2,2,5,3,2,31,15,16,62,22,40
7356,C4920,24,468,District-Kachchh,Urban,90+,138,33,105,25,3,22,34,10,24,4,3,1,21,5,16,0,0,0,1,0,1,11,4,7,42,8,34
7357,C4920,24,468,District-Kachchh,Urban,Age Not Stated,85,47,38,14,8,6,19,9,10,1,1,0,12,5,7,2,2,0,3,3,0,32,19,13,2,0,2
7358,C4920,24,469,District-Banas Kantha,Total,Total,42481,25042,17439,7961,4285,3676,6078,3256,2822,2323,1541,782,13566,8597,4969,2791,1738,1053,2381,1435,946,3718,2078,1640,3663,2112,1551
7359,C4920,24,469,District-Banas Kantha,Total,0-4,1541,870,671,279,154,125,305,161,144,53,31,22,329,202,127,58,40,18,33,21,12,336,175,161,148,86,62
7360,C4920,24,469,District-Banas Kantha,Total,5-9,3796,2265,1531,578,339,239,532,274,258,466,294,172,772,476,296,403,258,145,117,76,41,389,211,178,539,337,202
7361,C4920,24,469,District-Banas Kantha,Total,10-19,8188,5058,3130,1201,706,495,994,576,418,720,506,214,2227,1378,849,994,647,347,344,213,131,718,414,304,990,618,372
7362,C4920,24,469,District-Banas Kantha,Total,20-29,6504,4125,2379,752,453,299,657,382,275,389,268,121,2716,1794,922,458,283,175,389,261,128,627,358,269,516,326,190
7363,C4920,24,469,District-Banas Kantha,Total,30-39,6320,4023,2297,708,462,246,648,386,262,265,167,98,2895,1900,995,391,243,148,536,338,198,531,317,214,346,210,136
7364,C4920,24,469,District-Banas Kantha,Total,40-49,4789,2992,1797,823,478,345,642,387,255,182,116,66,1777,1188,589,271,159,112,472,276,196,411,248,163,211,140,71
7365,C4920,24,469,District-Banas Kantha,Total,50-59,3666,2112,1554,922,490,432,574,319,255,114,74,40,1202,766,436,126,69,57,251,132,119,291,165,126,186,97,89
7366,C4920,24,469,District-Banas Kantha,Total,60-69,3695,1915,1780,1221,598,623,766,367,399,79,56,23,931,553,378,55,25,30,158,88,70,234,108,126,251,120,131
7367,C4920,24,469,District-Banas Kantha,Total,70-79,2560,1114,1446,979,413,566,588,246,342,39,24,15,495,252,243,26,10,16,60,24,36,123,52,71,250,93,157
7368,C4920,24,469,District-Banas Kantha,Total,80-89,1039,404,635,384,146,238,266,107,159,11,2,9,172,69,103,5,3,2,14,4,10,41,19,22,146,54,92
7369,C4920,24,469,District-Banas Kantha,Total,90+,330,127,203,101,39,62,85,36,49,3,1,2,43,13,30,1,0,1,7,2,5,11,6,5,79,30,49
7370,C4920,24,469,District-Banas Kantha,Total,Age Not Stated,53,37,16,13,7,6,21,15,6,2,2,0,7,6,1,3,1,2,0,0,0,6,5,1,1,1,0
7371,C4920,24,469,District-Banas Kantha,Rural,Total,35394,21007,14387,6770,3665,3105,4619,2490,2129,1946,1306,640,11653,7450,4203,2294,1428,866,1999,1211,788,2999,1667,1332,3114,1790,1324
7372,C4920,24,469,District-Banas Kantha,Rural,0-4,1269,719,550,226,126,100,210,108,102,47,27,20,307,192,115,47,33,14,25,16,9,279,142,137,128,75,53
7373,C4920,24,469,District-Banas Kantha,Rural,5-9,3230,1947,1283,494,291,203,368,193,175,415,260,155,703,432,271,351,229,122,105,69,36,326,175,151,468,298,170
7374,C4920,24,469,District-Banas Kantha,Rural,10-19,6881,4297,2584,987,598,389,706,423,283,619,438,181,1978,1220,758,863,564,299,305,190,115,576,337,239,847,527,320
7375,C4920,24,469,District-Banas Kantha,Rural,20-29,5282,3415,1867,603,376,227,447,267,180,315,221,94,2326,1571,755,352,217,135,319,213,106,507,287,220,413,263,150
7376,C4920,24,469,District-Banas Kantha,Rural,30-39,5149,3332,1817,573,388,185,465,284,181,215,138,77,2458,1639,819,299,180,119,459,292,167,410,247,163,270,164,106
7377,C4920,24,469,District-Banas Kantha,Rural,40-49,3907,2446,1461,689,403,286,490,301,189,134,92,42,1502,1003,499,215,123,92,391,228,163,317,185,132,169,111,58
7378,C4920,24,469,District-Banas Kantha,Rural,50-59,3073,1773,1300,790,423,367,488,268,220,89,55,34,1027,655,372,91,50,41,199,106,93,231,133,98,158,83,75
7379,C4920,24,469,District-Banas Kantha,Rural,60-69,3131,1611,1520,1075,520,555,626,297,329,67,48,19,768,459,309,45,20,25,129,75,54,194,86,108,227,106,121
7380,C4920,24,469,District-Banas Kantha,Rural,70-79,2236,971,1265,880,366,514,505,214,291,34,23,11,404,206,198,24,10,14,52,19,33,108,49,59,229,84,145
7381,C4920,24,469,District-Banas Kantha,Rural,80-89,911,359,552,348,131,217,230,96,134,6,1,5,144,60,84,3,1,2,11,3,8,36,16,20,133,51,82
7382,C4920,24,469,District-Banas Kantha,Rural,90+,286,109,177,94,37,57,71,29,42,3,1,2,32,9,23,1,0,1,4,0,4,9,5,4,72,28,44
7383,C4920,24,469,District-Banas Kantha,Rural,Age Not Stated,39,28,11,11,6,5,13,10,3,2,2,0,4,4,0,3,1,2,0,0,0,6,5,1,0,0,0
7384,C4920,24,469,District-Banas Kantha,Urban,Total,7087,4035,3052,1191,620,571,1459,766,693,377,235,142,1913,1147,766,497,310,187,382,224,158,719,411,308,549,322,227
7385,C4920,24,469,District-Banas Kantha,Urban,0-4,272,151,121,53,28,25,95,53,42,6,4,2,22,10,12,11,7,4,8,5,3,57,33,24,20,11,9
7386,C4920,24,469,District-Banas Kantha,Urban,5-9,566,318,248,84,48,36,164,81,83,51,34,17,69,44,25,52,29,23,12,7,5,63,36,27,71,39,32
7387,C4920,24,469,District-Banas Kantha,Urban,10-19,1307,761,546,214,108,106,288,153,135,101,68,33,249,158,91,131,83,48,39,23,16,142,77,65,143,91,52
7388,C4920,24,469,District-Banas Kantha,Urban,20-29,1222,710,512,149,77,72,210,115,95,74,47,27,390,223,167,106,66,40,70,48,22,120,71,49,103,63,40
7389,C4920,24,469,District-Banas Kantha,Urban,30-39,1171,691,480,135,74,61,183,102,81,50,29,21,437,261,176,92,63,29,77,46,31,121,70,51,76,46,30
7390,C4920,24,469,District-Banas Kantha,Urban,40-49,882,546,336,134,75,59,152,86,66,48,24,24,275,185,90,56,36,20,81,48,33,94,63,31,42,29,13
7391,C4920,24,469,District-Banas Kantha,Urban,50-59,593,339,254,132,67,65,86,51,35,25,19,6,175,111,64,35,19,16,52,26,26,60,32,28,28,14,14
7392,C4920,24,469,District-Banas Kantha,Urban,60-69,564,304,260,146,78,68,140,70,70,12,8,4,163,94,69,10,5,5,29,13,16,40,22,18,24,14,10
7393,C4920,24,469,District-Banas Kantha,Urban,70-79,324,143,181,99,47,52,83,32,51,5,1,4,91,46,45,2,0,2,8,5,3,15,3,12,21,9,12
7394,C4920,24,469,District-Banas Kantha,Urban,80-89,128,45,83,36,15,21,36,11,25,5,1,4,28,9,19,2,2,0,3,1,2,5,3,2,13,3,10
7395,C4920,24,469,District-Banas Kantha,Urban,90+,44,18,26,7,2,5,14,7,7,0,0,0,11,4,7,0,0,0,3,2,1,2,1,1,7,2,5
7396,C4920,24,469,District-Banas Kantha,Urban,Age Not Stated,14,9,5,2,1,1,8,5,3,0,0,0,3,2,1,0,0,0,0,0,0,0,0,0,1,1,0
7397,C4920,24,470,District-Patan  ,Total,Total,25017,14215,10802,4850,2601,2249,3878,1985,1893,1121,678,443,7510,4510,3000,1622,991,631,1145,697,448,2921,1602,1319,1970,1151,819
7398,C4920,24,470,District-Patan  ,Total,0-4,793,448,345,122,64,58,137,80,57,24,11,13,132,79,53,39,18,21,18,10,8,266,148,118,55,38,17
7399,C4920,24,470,District-Patan  ,Total,5-9,1722,1012,710,279,145,134,194,108,86,169,110,59,300,191,109,224,134,90,71,44,27,263,145,118,222,135,87
7400,C4920,24,470,District-Patan  ,Total,10-19,4158,2503,1655,766,460,306,519,285,234,323,210,113,882,527,355,548,350,198,159,94,65,513,279,234,448,298,150
7401,C4920,24,470,District-Patan  ,Total,20-29,3642,2243,1399,464,270,194,353,205,148,170,97,73,1461,903,558,289,187,102,197,133,64,446,260,186,262,188,74
7402,C4920,24,470,District-Patan  ,Total,30-39,3631,2229,1402,415,238,177,355,212,143,131,77,54,1625,1032,593,245,150,95,254,172,82,408,225,183,198,123,75
7403,C4920,24,470,District-Patan  ,Total,40-49,2848,1740,1108,476,296,180,363,210,153,136,74,62,985,628,357,164,97,67,213,131,82,380,220,160,131,84,47
7404,C4920,24,470,District-Patan  ,Total,50-59,2396,1370,1026,602,335,267,399,201,198,82,48,34,760,486,274,69,39,30,123,61,62,256,147,109,105,53,52
7405,C4920,24,470,District-Patan  ,Total,60-69,2567,1231,1336,774,363,411,633,268,365,48,29,19,656,358,298,29,13,16,66,30,36,203,101,102,158,69,89
7406,C4920,24,470,District-Patan  ,Total,70-79,2055,935,1120,602,274,328,599,273,326,27,15,12,468,215,253,10,2,8,30,17,13,113,46,67,206,93,113
7407,C4920,24,470,District-Patan  ,Total,80-89,872,357,515,267,118,149,244,103,141,8,5,3,176,63,113,2,0,2,7,2,5,46,19,27,122,47,75
7408,C4920,24,470,District-Patan  ,Total,90+,241,90,151,56,22,34,58,21,37,2,1,1,50,20,30,0,0,0,5,2,3,10,3,7,60,21,39
7409,C4920,24,470,District-Patan  ,Total,Age Not Stated,92,57,35,27,16,11,24,19,5,1,1,0,15,8,7,3,1,2,2,1,1,17,9,8,3,2,1
7410,C4920,24,470,District-Patan  ,Rural,Total,20798,11835,8963,4141,2226,1915,3270,1682,1588,925,570,355,6250,3772,2478,1289,785,504,932,557,375,2387,1305,1082,1604,938,666
7411,C4920,24,470,District-Patan  ,Rural,0-4,674,382,292,94,47,47,115,68,47,21,9,12,114,68,46,33,17,16,17,9,8,233,132,101,47,32,15
7412,C4920,24,470,District-Patan  ,Rural,5-9,1462,859,603,224,115,109,166,95,71,147,99,48,262,168,94,193,109,84,60,36,24,223,120,103,187,117,70
7413,C4920,24,470,District-Patan  ,Rural,10-19,3462,2091,1371,641,388,253,423,236,187,264,177,87,768,454,314,451,297,154,128,74,54,429,228,201,358,237,121
7414,C4920,24,470,District-Patan  ,Rural,20-29,2963,1869,1094,365,222,143,282,172,110,135,78,57,1230,780,450,223,142,81,163,111,52,358,209,149,207,155,52
7415,C4920,24,470,District-Patan  ,Rural,30-39,2859,1777,1082,315,185,130,273,163,110,103,63,40,1314,844,470,189,112,77,203,136,67,325,181,144,137,93,44
7416,C4920,24,470,District-Patan  ,Rural,40-49,2270,1372,898,389,240,149,287,163,124,115,61,54,791,503,288,119,70,49,171,99,72,300,174,126,98,62,36
7417,C4920,24,470,District-Patan  ,Rural,50-59,2028,1148,880,549,306,243,338,165,173,67,39,28,637,407,230,54,28,26,97,49,48,205,115,90,81,39,42
7418,C4920,24,470,District-Patan  ,Rural,60-69,2212,1064,1148,696,330,366,564,247,317,41,25,16,544,292,252,16,7,9,54,24,30,161,81,80,136,58,78
7419,C4920,24,470,District-Patan  ,Rural,70-79,1798,827,971,548,250,298,535,245,290,21,12,9,385,178,207,6,2,4,26,15,11,92,41,51,185,84,101
7420,C4920,24,470,District-Patan  ,Rural,80-89,771,315,456,244,108,136,213,90,123,8,5,3,151,55,96,2,0,2,7,2,5,36,14,22,110,41,69
7421,C4920,24,470,District-Patan  ,Rural,90+,212,77,135,52,21,31,51,20,31,2,1,1,40,15,25,0,0,0,4,1,3,8,1,7,55,18,37
7422,C4920,24,470,District-Patan  ,Rural,Age Not Stated,87,54,33,24,14,10,23,18,5,1,1,0,14,8,6,3,1,2,2,1,1,17,9,8,3,2,1
7423,C4920,24,470,District-Patan  ,Urban,Total,4219,2380,1839,709,375,334,608,303,305,196,108,88,1260,738,522,333,206,127,213,140,73,534,297,237,366,213,153
7424,C4920,24,470,District-Patan  ,Urban,0-4,119,66,53,28,17,11,22,12,10,3,2,1,18,11,7,6,1,5,1,1,0,33,16,17,8,6,2
7425,C4920,24,470,District-Patan  ,Urban,5-9,260,153,107,55,30,25,28,13,15,22,11,11,38,23,15,31,25,6,11,8,3,40,25,15,35,18,17
7426,C4920,24,470,District-Patan  ,Urban,10-19,696,412,284,125,72,53,96,49,47,59,33,26,114,73,41,97,53,44,31,20,11,84,51,33,90,61,29
7427,C4920,24,470,District-Patan  ,Urban,20-29,679,374,305,99,48,51,71,33,38,35,19,16,231,123,108,66,45,21,34,22,12,88,51,37,55,33,22
7428,C4920,24,470,District-Patan  ,Urban,30-39,772,452,320,100,53,47,82,49,33,28,14,14,311,188,123,56,38,18,51,36,15,83,44,39,61,30,31
7429,C4920,24,470,District-Patan  ,Urban,40-49,578,368,210,87,56,31,76,47,29,21,13,8,194,125,69,45,27,18,42,32,10,80,46,34,33,22,11
7430,C4920,24,470,District-Patan  ,Urban,50-59,368,222,146,53,29,24,61,36,25,15,9,6,123,79,44,15,11,4,26,12,14,51,32,19,24,14,10
7431,C4920,24,470,District-Patan  ,Urban,60-69,355,167,188,78,33,45,69,21,48,7,4,3,112,66,46,13,6,7,12,6,6,42,20,22,22,11,11
7432,C4920,24,470,District-Patan  ,Urban,70-79,257,108,149,54,24,30,64,28,36,6,3,3,83,37,46,4,0,4,4,2,2,21,5,16,21,9,12
7433,C4920,24,470,District-Patan  ,Urban,80-89,101,42,59,23,10,13,31,13,18,0,0,0,25,8,17,0,0,0,0,0,0,10,5,5,12,6,6
7434,C4920,24,470,District-Patan  ,Urban,90+,29,13,16,4,1,3,7,1,6,0,0,0,10,5,5,0,0,0,1,1,0,2,2,0,5,3,2
7435,C4920,24,470,District-Patan  ,Urban,Age Not Stated,5,3,2,3,2,1,1,1,0,0,0,0,1,0,1,0,0,0,0,0,0,0,0,0,0,0,0
7436,C4920,24,471,District-Mahesana,Total,Total,31870,18574,13296,4532,2508,2024,4631,2447,2184,1649,988,661,10761,6571,4190,2605,1611,994,1391,796,595,3862,2198,1664,2439,1455,984
7437,C4920,24,471,District-Mahesana,Total,0-4,1069,609,460,165,88,77,211,113,98,35,23,12,203,130,73,39,25,14,19,11,8,305,165,140,92,54,38
7438,C4920,24,471,District-Mahesana,Total,5-9,2109,1253,856,293,163,130,259,154,105,220,125,95,383,247,136,285,167,118,60,32,28,301,165,136,308,200,108
7439,C4920,24,471,District-Mahesana,Total,10-19,5498,3427,2071,741,428,313,683,385,298,423,272,151,1234,791,443,889,578,311,219,146,73,694,411,283,615,416,199
7440,C4920,24,471,District-Mahesana,Total,20-29,5424,3257,2167,559,345,214,604,325,279,293,184,109,2211,1346,865,488,308,180,220,127,93,669,384,285,380,238,142
7441,C4920,24,471,District-Mahesana,Total,30-39,5415,3214,2201,541,322,219,549,302,247,219,130,89,2617,1590,1027,402,251,151,274,169,105,535,292,243,278,158,120
7442,C4920,24,471,District-Mahesana,Total,40-49,4139,2481,1658,542,329,213,582,319,263,156,88,68,1566,986,580,271,158,113,284,167,117,541,313,228,197,121,76
7443,C4920,24,471,District-Mahesana,Total,50-59,3076,1795,1281,509,282,227,523,282,241,160,85,75,1095,696,399,130,76,54,164,79,85,359,210,149,136,85,51
7444,C4920,24,471,District-Mahesana,Total,60-69,2502,1334,1168,533,273,260,548,256,292,88,46,42,766,456,310,51,27,24,98,45,53,261,150,111,157,81,76
7445,C4920,24,471,District-Mahesana,Total,70-79,1711,804,907,436,186,250,424,199,225,46,30,16,464,240,224,34,12,22,37,12,25,135,69,66,135,56,79
7446,C4920,24,471,District-Mahesana,Total,80-89,643,277,366,149,66,83,186,89,97,7,4,3,150,54,96,8,5,3,11,5,6,37,22,15,95,32,63
7447,C4920,24,471,District-Mahesana,Total,90+,210,76,134,47,12,35,49,19,30,0,0,0,57,23,34,1,1,0,3,1,2,9,7,2,44,13,31
7448,C4920,24,471,District-Mahesana,Total,Age Not Stated,74,47,27,17,14,3,13,4,9,2,1,1,15,12,3,7,3,4,2,2,0,16,10,6,2,1,1
7449,C4920,24,471,District-Mahesana,Rural,Total,23110,13553,9557,3240,1794,1446,2824,1463,1361,1237,747,490,8425,5207,3218,2063,1277,786,1049,583,466,2432,1385,1047,1840,1097,743
7450,C4920,24,471,District-Mahesana,Rural,0-4,743,431,312,109,57,52,109,58,51,24,16,8,170,111,59,32,23,9,14,9,5,217,116,101,68,41,27
7451,C4920,24,471,District-Mahesana,Rural,5-9,1643,991,652,225,128,97,151,87,64,172,100,72,317,210,107,257,153,104,47,23,24,210,118,92,264,172,92
7452,C4920,24,471,District-Mahesana,Rural,10-19,4062,2519,1543,568,337,231,368,195,173,329,212,117,981,619,362,729,472,257,170,111,59,456,270,186,461,303,158
7453,C4920,24,471,District-Mahesana,Rural,20-29,3878,2384,1494,372,235,137,303,162,141,210,132,78,1761,1100,661,375,241,134,172,101,71,400,229,171,285,184,101
7454,C4920,24,471,District-Mahesana,Rural,30-39,3958,2389,1569,368,224,144,310,174,136,167,104,63,2073,1276,797,304,187,117,196,121,75,345,187,158,195,116,79
7455,C4920,24,471,District-Mahesana,Rural,40-49,2878,1740,1138,368,215,153,323,177,146,114,63,51,1186,763,423,200,114,86,212,123,89,328,194,134,147,91,56
7456,C4920,24,471,District-Mahesana,Rural,50-59,2133,1234,899,346,190,156,332,177,155,117,62,55,831,534,297,96,54,42,122,49,73,193,111,82,96,57,39
7457,C4920,24,471,District-Mahesana,Rural,60-69,1867,984,883,393,200,193,408,188,220,68,36,32,593,345,248,34,22,12,76,34,42,176,101,75,119,58,61
7458,C4920,24,471,District-Mahesana,Rural,70-79,1268,593,675,325,139,186,326,157,169,30,19,11,349,182,167,28,7,21,31,8,23,80,43,37,99,38,61
7459,C4920,24,471,District-Mahesana,Rural,80-89,482,206,276,120,52,68,151,71,80,5,3,2,112,41,71,4,3,1,4,1,3,16,9,7,70,26,44
7460,C4920,24,471,District-Mahesana,Rural,90+,157,56,101,38,10,28,37,13,24,0,0,0,40,17,23,0,0,0,3,1,2,5,5,0,34,10,24
7461,C4920,24,471,District-Mahesana,Rural,Age Not Stated,41,26,15,8,7,1,6,4,2,1,0,1,12,9,3,4,1,3,2,2,0,6,2,4,2,1,1
7462,C4920,24,471,District-Mahesana,Urban,Total,8760,5021,3739,1292,714,578,1807,984,823,412,241,171,2336,1364,972,542,334,208,342,213,129,1430,813,617,599,358,241
7463,C4920,24,471,District-Mahesana,Urban,0-4,326,178,148,56,31,25,102,55,47,11,7,4,33,19,14,7,2,5,5,2,3,88,49,39,24,13,11
7464,C4920,24,471,District-Mahesana,Urban,5-9,466,262,204,68,35,33,108,67,41,48,25,23,66,37,29,28,14,14,13,9,4,91,47,44,44,28,16
7465,C4920,24,471,District-Mahesana,Urban,10-19,1436,908,528,173,91,82,315,190,125,94,60,34,253,172,81,160,106,54,49,35,14,238,141,97,154,113,41
7466,C4920,24,471,District-Mahesana,Urban,20-29,1546,873,673,187,110,77,301,163,138,83,52,31,450,246,204,113,67,46,48,26,22,269,155,114,95,54,41
7467,C4920,24,471,District-Mahesana,Urban,30-39,1457,825,632,173,98,75,239,128,111,52,26,26,544,314,230,98,64,34,78,48,30,190,105,85,83,42,41
7468,C4920,24,471,District-Mahesana,Urban,40-49,1261,741,520,174,114,60,259,142,117,42,25,17,380,223,157,71,44,27,72,44,28,213,119,94,50,30,20
7469,C4920,24,471,District-Mahesana,Urban,50-59,943,561,382,163,92,71,191,105,86,43,23,20,264,162,102,34,22,12,42,30,12,166,99,67,40,28,12
7470,C4920,24,471,District-Mahesana,Urban,60-69,635,350,285,140,73,67,140,68,72,20,10,10,173,111,62,17,5,12,22,11,11,85,49,36,38,23,15
7471,C4920,24,471,District-Mahesana,Urban,70-79,443,211,232,111,47,64,98,42,56,16,11,5,115,58,57,6,5,1,6,4,2,55,26,29,36,18,18
7472,C4920,24,471,District-Mahesana,Urban,80-89,161,71,90,29,14,15,35,18,17,2,1,1,38,13,25,4,2,2,7,4,3,21,13,8,25,6,19
7473,C4920,24,471,District-Mahesana,Urban,90+,53,20,33,9,2,7,12,6,6,0,0,0,17,6,11,1,1,0,0,0,0,4,2,2,10,3,7
7474,C4920,24,471,District-Mahesana,Urban,Age Not Stated,33,21,12,9,7,2,7,0,7,1,1,0,3,3,0,3,2,1,0,0,0,10,8,2,0,0,0
7475,C4920,24,472,District-Sabar Kantha,Total,Total,41609,24010,17599,7806,4049,3757,5104,2761,2343,1814,1101,713,13162,8138,5024,3132,1893,1239,1837,1111,726,5315,2965,2350,3439,1992,1447
7476,C4920,24,472,District-Sabar Kantha,Total,0-4,1564,850,714,281,150,131,222,113,109,48,31,17,292,170,122,64,46,18,22,8,14,478,248,230,157,84,73
7477,C4920,24,472,District-Sabar Kantha,Total,5-9,2778,1681,1097,449,248,201,344,204,140,274,174,100,497,317,180,322,204,118,72,45,27,397,232,165,423,257,166
7478,C4920,24,472,District-Sabar Kantha,Total,10-19,6638,3913,2725,931,514,417,733,403,330,445,281,164,1526,906,620,978,615,363,204,123,81,957,542,415,864,529,335
7479,C4920,24,472,District-Sabar Kantha,Total,20-29,6429,3937,2492,682,431,251,625,371,254,294,170,124,2631,1663,968,618,358,260,281,183,98,803,457,346,495,304,191
7480,C4920,24,472,District-Sabar Kantha,Total,30-39,6220,3771,2449,672,389,283,552,324,228,239,130,109,2707,1724,983,500,292,208,431,284,147,746,421,325,373,207,166
7481,C4920,24,472,District-Sabar Kantha,Total,40-49,5302,3224,2078,830,456,374,596,351,245,215,131,84,1976,1275,701,352,213,139,400,245,155,691,416,275,242,137,105
7482,C4920,24,472,District-Sabar Kantha,Total,50-59,4529,2686,1843,1153,608,545,550,315,235,140,90,50,1505,991,514,176,100,76,229,137,92,551,294,257,225,151,74
7483,C4920,24,472,District-Sabar Kantha,Total,60-69,3997,2034,1963,1310,620,690,613,281,332,92,50,42,1135,637,498,84,49,35,123,59,64,396,206,190,244,132,112
7484,C4920,24,472,District-Sabar Kantha,Total,70-79,2623,1239,1384,996,433,563,514,235,279,41,25,16,614,329,285,16,4,12,46,14,32,193,98,95,203,101,102
7485,C4920,24,472,District-Sabar Kantha,Total,80-89,1071,469,602,374,155,219,262,119,143,13,9,4,197,89,108,10,4,6,21,8,13,66,30,36,128,55,73
7486,C4920,24,472,District-Sabar Kantha,Total,90+,379,159,220,114,41,73,81,37,44,7,6,1,65,27,38,5,3,2,7,4,3,19,9,10,81,32,49
7487,C4920,24,472,District-Sabar Kantha,Total,Age Not Stated,79,47,32,14,4,10,12,8,4,6,4,2,17,10,7,7,5,2,1,1,0,18,12,6,4,3,1
7488,C4920,24,472,District-Sabar Kantha,Rural,Total,34567,19965,14602,6575,3421,3154,4253,2295,1958,1494,899,595,11249,6990,4259,2575,1540,1035,1543,929,614,4119,2306,1813,2759,1585,1174
7489,C4920,24,472,District-Sabar Kantha,Rural,0-4,1326,723,603,234,131,103,190,92,98,40,26,14,262,153,109,50,36,14,16,5,11,398,205,193,136,75,61
7490,C4920,24,472,District-Sabar Kantha,Rural,5-9,2329,1417,912,362,200,162,292,176,116,237,152,85,448,281,167,278,177,101,63,40,23,302,184,118,347,207,140
7491,C4920,24,472,District-Sabar Kantha,Rural,10-19,5432,3157,2275,786,425,361,612,327,285,379,236,143,1337,799,538,787,480,307,173,108,65,730,410,320,628,372,256
7492,C4920,24,472,District-Sabar Kantha,Rural,20-29,5360,3306,2054,555,360,195,513,307,206,239,138,101,2309,1477,832,500,283,217,234,147,87,607,349,258,403,245,158
7493,C4920,24,472,District-Sabar Kantha,Rural,30-39,5088,3101,1987,548,323,225,456,270,186,192,105,87,2264,1443,821,415,241,174,370,241,129,562,318,244,281,160,121
7494,C4920,24,472,District-Sabar Kantha,Rural,40-49,4405,2692,1713,684,379,305,502,295,207,171,102,69,1657,1075,582,300,187,113,340,207,133,558,338,220,193,109,84
7495,C4920,24,472,District-Sabar Kantha,Rural,50-59,3768,2225,1543,980,516,464,456,259,197,112,70,42,1277,838,439,148,86,62,192,111,81,415,220,195,188,125,63
7496,C4920,24,472,District-Sabar Kantha,Rural,60-69,3344,1717,1627,1120,532,588,517,244,273,76,40,36,939,528,411,66,38,28,93,48,45,318,166,152,215,121,94
7497,C4920,24,472,District-Sabar Kantha,Rural,70-79,2223,1054,1169,867,381,486,416,189,227,29,16,13,519,286,233,15,4,11,38,11,27,153,75,78,186,92,94
7498,C4920,24,472,District-Sabar Kantha,Rural,80-89,913,402,511,331,135,196,217,97,120,12,8,4,167,78,89,8,3,5,18,8,10,52,26,26,108,47,61
7499,C4920,24,472,District-Sabar Kantha,Rural,90+,325,140,185,98,37,61,71,31,40,4,4,0,56,23,33,4,3,1,6,3,3,14,9,5,72,30,42
7500,C4920,24,472,District-Sabar Kantha,Rural,Age Not Stated,54,31,23,10,2,8,11,8,3,3,2,1,14,9,5,4,2,2,0,0,0,10,6,4,2,2,0
7501,C4920,24,472,District-Sabar Kantha,Urban,Total,7042,4045,2997,1231,628,603,851,466,385,320,202,118,1913,1148,765,557,353,204,294,182,112,1196,659,537,680,407,273
7502,C4920,24,472,District-Sabar Kantha,Urban,0-4,238,127,111,47,19,28,32,21,11,8,5,3,30,17,13,14,10,4,6,3,3,80,43,37,21,9,12
7503,C4920,24,472,District-Sabar Kantha,Urban,5-9,449,264,185,87,48,39,52,28,24,37,22,15,49,36,13,44,27,17,9,5,4,95,48,47,76,50,26
7504,C4920,24,472,District-Sabar Kantha,Urban,10-19,1206,756,450,145,89,56,121,76,45,66,45,21,189,107,82,191,135,56,31,15,16,227,132,95,236,157,79
7505,C4920,24,472,District-Sabar Kantha,Urban,20-29,1069,631,438,127,71,56,112,64,48,55,32,23,322,186,136,118,75,43,47,36,11,196,108,88,92,59,33
7506,C4920,24,472,District-Sabar Kantha,Urban,30-39,1132,670,462,124,66,58,96,54,42,47,25,22,443,281,162,85,51,34,61,43,18,184,103,81,92,47,45
7507,C4920,24,472,District-Sabar Kantha,Urban,40-49,897,532,365,146,77,69,94,56,38,44,29,15,319,200,119,52,26,26,60,38,22,133,78,55,49,28,21
7508,C4920,24,472,District-Sabar Kantha,Urban,50-59,761,461,300,173,92,81,94,56,38,28,20,8,228,153,75,28,14,14,37,26,11,136,74,62,37,26,11
7509,C4920,24,472,District-Sabar Kantha,Urban,60-69,653,317,336,190,88,102,96,37,59,16,10,6,196,109,87,18,11,7,30,11,19,78,40,38,29,11,18
7510,C4920,24,472,District-Sabar Kantha,Urban,70-79,400,185,215,129,52,77,98,46,52,12,9,3,95,43,52,1,0,1,8,3,5,40,23,17,17,9,8
7511,C4920,24,472,District-Sabar Kantha,Urban,80-89,158,67,91,43,20,23,45,22,23,1,1,0,30,11,19,2,1,1,3,0,3,14,4,10,20,8,12
7512,C4920,24,472,District-Sabar Kantha,Urban,90+,54,19,35,16,4,12,10,6,4,3,2,1,9,4,5,1,0,1,1,1,0,5,0,5,9,2,7
7513,C4920,24,472,District-Sabar Kantha,Urban,Age Not Stated,25,16,9,4,2,2,1,0,1,3,2,1,3,1,2,3,3,0,1,1,0,8,6,2,2,1,1
7514,C4920,24,473,District-Gandhinagar,Total,Total,26124,14801,11323,4555,2351,2204,5078,2644,2434,1393,814,579,6685,4145,2540,1707,1060,647,925,577,348,4227,2309,1918,1554,901,653
7515,C4920,24,473,District-Gandhinagar,Total,0-4,1097,607,490,192,94,98,338,188,150,26,18,8,102,63,39,35,22,13,8,6,2,346,187,159,50,29,21
7516,C4920,24,473,District-Gandhinagar,Total,5-9,1694,995,699,285,147,138,379,218,161,176,102,74,203,140,63,143,90,53,31,19,12,328,184,144,149,95,54
7517,C4920,24,473,District-Gandhinagar,Total,10-19,4338,2559,1779,700,394,306,819,443,376,352,206,146,683,439,244,526,340,186,127,71,56,775,433,342,356,233,123
7518,C4920,24,473,District-Gandhinagar,Total,20-29,4435,2541,1894,624,335,289,789,405,384,263,155,108,1283,765,518,402,254,148,151,111,40,687,375,312,236,141,95
7519,C4920,24,473,District-Gandhinagar,Total,30-39,4491,2620,1871,561,310,251,716,379,337,191,110,81,1656,1026,630,269,165,104,199,138,61,689,378,311,210,114,96
7520,C4920,24,473,District-Gandhinagar,Total,40-49,3420,2031,1389,585,307,278,579,326,253,170,103,67,1036,686,350,188,107,81,208,132,76,540,295,245,114,75,39
7521,C4920,24,473,District-Gandhinagar,Total,50-59,2566,1477,1089,549,282,267,510,251,259,98,56,42,732,489,243,74,45,29,93,57,36,391,226,165,119,71,48
7522,C4920,24,473,District-Gandhinagar,Total,60-69,2155,1082,1073,540,249,291,481,207,274,64,40,24,570,340,230,42,23,19,55,21,34,286,143,143,117,59,58
7523,C4920,24,473,District-Gandhinagar,Total,70-79,1199,550,649,329,148,181,293,138,155,34,17,17,287,135,152,14,7,7,34,15,19,98,42,56,110,48,62
7524,C4920,24,473,District-Gandhinagar,Total,80-89,434,196,238,117,51,66,102,55,47,9,4,5,92,42,50,5,3,2,12,3,9,42,21,21,55,17,38
7525,C4920,24,473,District-Gandhinagar,Total,90+,150,54,96,40,14,26,38,15,23,7,3,4,21,7,14,2,0,2,2,0,2,14,5,9,26,10,16
7526,C4920,24,473,District-Gandhinagar,Total,Age Not Stated,145,89,56,33,20,13,34,19,15,3,0,3,20,13,7,7,4,3,5,4,1,31,20,11,12,9,3
7527,C4920,24,473,District-Gandhinagar,Rural,Total,15575,8856,6719,3095,1593,1502,2723,1436,1287,899,534,365,3928,2471,1457,1046,639,407,570,362,208,2368,1286,1082,946,535,411
7528,C4920,24,473,District-Gandhinagar,Rural,0-4,658,344,314,145,74,71,178,91,87,15,11,4,68,38,30,20,9,11,2,1,1,196,100,96,34,20,14
7529,C4920,24,473,District-Gandhinagar,Rural,5-9,1098,664,434,218,115,103,222,137,85,120,72,48,136,97,39,99,64,35,22,15,7,176,97,79,105,67,38
7530,C4920,24,473,District-Gandhinagar,Rural,10-19,2733,1612,1121,511,288,223,456,250,206,231,141,90,432,276,156,343,215,128,84,50,34,459,261,198,217,131,86
7531,C4920,24,473,District-Gandhinagar,Rural,20-29,2599,1522,1077,439,235,204,385,205,180,167,100,67,769,475,294,220,146,74,90,63,27,387,208,179,142,90,52
7532,C4920,24,473,District-Gandhinagar,Rural,30-39,2635,1556,1079,375,210,165,379,211,168,123,68,55,970,612,358,157,94,63,134,90,44,381,211,170,116,60,56
7533,C4920,24,473,District-Gandhinagar,Rural,40-49,2041,1224,817,386,206,180,312,170,142,109,66,43,626,426,200,111,61,50,125,84,41,306,171,135,66,40,26
7534,C4920,24,473,District-Gandhinagar,Rural,50-59,1439,808,631,345,171,174,264,134,130,62,37,25,386,250,136,42,24,18,57,36,21,216,115,101,67,41,26
7535,C4920,24,473,District-Gandhinagar,Rural,60-69,1257,611,646,345,153,192,284,122,162,36,23,13,307,178,129,30,16,14,33,11,22,146,71,75,76,37,39
7536,C4920,24,473,District-Gandhinagar,Rural,70-79,691,316,375,210,87,123,154,68,86,24,12,12,160,84,76,11,4,7,16,6,10,56,28,28,60,27,33
7537,C4920,24,473,District-Gandhinagar,Rural,80-89,241,108,133,72,29,43,52,29,23,5,2,3,49,24,25,5,3,2,4,3,1,18,10,8,36,8,28
7538,C4920,24,473,District-Gandhinagar,Rural,90+,89,34,55,23,10,13,21,8,13,5,2,3,10,3,7,2,0,2,0,0,0,12,5,7,16,6,10
7539,C4920,24,473,District-Gandhinagar,Rural,Age Not Stated,94,57,37,26,15,11,16,11,5,2,0,2,15,8,7,6,3,3,3,3,0,15,9,6,11,8,3
7540,C4920,24,473,District-Gandhinagar,Urban,Total,10549,5945,4604,1460,758,702,2355,1208,1147,494,280,214,2757,1674,1083,661,421,240,355,215,140,1859,1023,836,608,366,242
7541,C4920,24,473,District-Gandhinagar,Urban,0-4,439,263,176,47,20,27,160,97,63,11,7,4,34,25,9,15,13,2,6,5,1,150,87,63,16,9,7
7542,C4920,24,473,District-Gandhinagar,Urban,5-9,596,331,265,67,32,35,157,81,76,56,30,26,67,43,24,44,26,18,9,4,5,152,87,65,44,28,16
7543,C4920,24,473,District-Gandhinagar,Urban,10-19,1605,947,658,189,106,83,363,193,170,121,65,56,251,163,88,183,125,58,43,21,22,316,172,144,139,102,37
7544,C4920,24,473,District-Gandhinagar,Urban,20-29,1836,1019,817,185,100,85,404,200,204,96,55,41,514,290,224,182,108,74,61,48,13,300,167,133,94,51,43
7545,C4920,24,473,District-Gandhinagar,Urban,30-39,1856,1064,792,186,100,86,337,168,169,68,42,26,686,414,272,112,71,41,65,48,17,308,167,141,94,54,40
7546,C4920,24,473,District-Gandhinagar,Urban,40-49,1379,807,572,199,101,98,267,156,111,61,37,24,410,260,150,77,46,31,83,48,35,234,124,110,48,35,13
7547,C4920,24,473,District-Gandhinagar,Urban,50-59,1127,669,458,204,111,93,246,117,129,36,19,17,346,239,107,32,21,11,36,21,15,175,111,64,52,30,22
7548,C4920,24,473,District-Gandhinagar,Urban,60-69,898,471,427,195,96,99,197,85,112,28,17,11,263,162,101,12,7,5,22,10,12,140,72,68,41,22,19
7549,C4920,24,473,District-Gandhinagar,Urban,70-79,508,234,274,119,61,58,139,70,69,10,5,5,127,51,76,3,3,0,18,9,9,42,14,28,50,21,29
7550,C4920,24,473,District-Gandhinagar,Urban,80-89,193,88,105,45,22,23,50,26,24,4,2,2,43,18,25,0,0,0,8,0,8,24,11,13,19,9,10
7551,C4920,24,473,District-Gandhinagar,Urban,90+,61,20,41,17,4,13,17,7,10,2,1,1,11,4,7,0,0,0,2,0,2,2,0,2,10,4,6
7552,C4920,24,473,District-Gandhinagar,Urban,Age Not Stated,51,32,19,7,5,2,18,8,10,1,0,1,5,5,0,1,1,0,2,1,1,16,11,5,1,1,0
7553,C4920,24,474,District-Ahmadabad,Total,Total,206254,114308,91946,56596,30268,26328,46632,24936,21696,12910,7249,5661,28253,16940,11313,8190,4893,3297,5268,3249,2019,40174,21940,18234,8231,4833,3398
7554,C4920,24,474,District-Ahmadabad,Total,0-4,12202,6587,5615,3803,2025,1778,2986,1609,1377,195,104,91,543,302,241,262,137,125,135,82,53,3948,2123,1825,330,205,125
7555,C4920,24,474,District-Ahmadabad,Total,5-9,14454,8122,6332,4212,2265,1947,3266,1804,1462,1239,723,516,897,539,358,752,448,304,224,136,88,3053,1690,1363,811,517,294
7556,C4920,24,474,District-Ahmadabad,Total,10-19,34437,19474,14963,9767,5415,4352,7611,4162,3449,2639,1522,1117,2945,1758,1187,2184,1344,840,702,446,256,6828,3743,3085,1761,1084,677
7557,C4920,24,474,District-Ahmadabad,Total,20-29,36895,20309,16586,9883,5254,4629,8044,4184,3860,2432,1305,1127,5268,3120,2148,1817,1099,718,918,578,340,7228,3953,3275,1305,816,489
7558,C4920,24,474,District-Ahmadabad,Total,30-39,32965,18518,14447,8357,4506,3851,7049,3835,3214,2070,1143,927,5988,3603,2385,1323,787,536,1009,629,380,6181,3409,2772,988,606,382
7559,C4920,24,474,District-Ahmadabad,Total,40-49,26986,15424,11562,7191,3884,3307,6008,3351,2657,1735,972,763,4263,2736,1527,908,544,364,974,613,361,5140,2864,2276,767,460,307
7560,C4920,24,474,District-Ahmadabad,Total,50-59,20642,11906,8736,5872,3273,2599,4681,2589,2092,1256,733,523,3248,2106,1142,539,331,208,679,426,253,3753,2075,1678,614,373,241
7561,C4920,24,474,District-Ahmadabad,Total,60-69,14515,7738,6777,4126,2118,2008,3422,1761,1661,787,427,360,2632,1568,1064,256,139,117,366,211,155,2307,1191,1116,619,323,296
7562,C4920,24,474,District-Ahmadabad,Total,70-79,8374,4109,4265,2266,1065,1201,2230,1050,1180,377,218,159,1661,854,807,87,36,51,172,86,86,1029,544,485,552,256,296
7563,C4920,24,474,District-Ahmadabad,Total,80-89,3160,1368,1792,765,323,442,928,410,518,103,59,44,604,255,349,27,9,18,55,24,31,351,153,198,327,135,192
7564,C4920,24,474,District-Ahmadabad,Total,90+,1112,468,644,264,100,164,301,119,182,47,26,21,160,76,84,20,8,12,19,6,13,158,84,74,143,49,94
7565,C4920,24,474,District-Ahmadabad,Total,Age Not Stated,512,285,227,90,40,50,106,62,44,30,17,13,44,23,21,15,11,4,15,12,3,198,111,87,14,9,5
7566,C4920,24,474,District-Ahmadabad,Rural,Total,21952,12435,9517,3970,2117,1853,3453,1733,1720,1238,704,534,5042,3171,1871,1410,860,550,728,446,282,4525,2492,2033,1586,912,674
7567,C4920,24,474,District-Ahmadabad,Rural,0-4,1032,580,452,178,103,75,143,80,63,25,17,8,106,63,43,31,18,13,12,9,3,479,251,228,58,39,19
7568,C4920,24,474,District-Ahmadabad,Rural,5-9,1737,1001,736,264,149,115,206,105,101,184,103,81,214,135,79,216,132,84,36,26,10,424,229,195,193,122,71
7569,C4920,24,474,District-Ahmadabad,Rural,10-19,4158,2473,1685,646,393,253,504,277,227,347,214,133,689,415,274,539,349,190,113,71,42,937,510,427,383,244,139
7570,C4920,24,474,District-Ahmadabad,Rural,20-29,3293,1964,1329,443,250,193,380,202,178,178,98,80,1072,681,391,230,138,92,114,77,37,683,383,300,193,135,58
7571,C4920,24,474,District-Ahmadabad,Rural,30-39,3164,1904,1260,409,239,170,376,212,164,173,99,74,1111,713,398,178,108,70,139,87,52,625,349,276,153,97,56
7572,C4920,24,474,District-Ahmadabad,Rural,40-49,2482,1519,963,417,255,162,390,220,170,123,69,54,637,430,207,120,72,48,141,89,52,540,314,226,114,70,44
7573,C4920,24,474,District-Ahmadabad,Rural,50-59,1943,1121,822,430,232,198,375,181,194,80,38,42,482,334,148,54,25,29,81,46,35,368,216,152,73,49,24
7574,C4920,24,474,District-Ahmadabad,Rural,60-69,1924,928,996,555,248,307,448,196,252,72,34,38,379,224,155,27,12,15,58,29,29,263,141,122,122,44,78
7575,C4920,24,474,District-Ahmadabad,Rural,70-79,1415,630,785,411,164,247,413,176,237,40,23,17,237,128,109,7,4,3,27,11,16,126,65,61,154,59,95
7576,C4920,24,474,District-Ahmadabad,Rural,80-89,564,222,342,161,62,99,164,69,95,11,6,5,87,34,53,4,0,4,5,1,4,40,15,25,92,35,57
7577,C4920,24,474,District-Ahmadabad,Rural,90+,204,69,135,49,19,30,49,11,38,2,0,2,21,10,11,3,1,2,2,0,2,29,12,17,49,16,33
7578,C4920,24,474,District-Ahmadabad,Rural,Age Not Stated,36,24,12,7,3,4,5,4,1,3,3,0,7,4,3,1,1,0,0,0,0,11,7,4,2,2,0
7579,C4920,24,474,District-Ahmadabad,Urban,Total,184302,101873,82429,52626,28151,24475,43179,23203,19976,11672,6545,5127,23211,13769,9442,6780,4033,2747,4540,2803,1737,35649,19448,16201,6645,3921,2724
7580,C4920,24,474,District-Ahmadabad,Urban,0-4,11170,6007,5163,3625,1922,1703,2843,1529,1314,170,87,83,437,239,198,231,119,112,123,73,50,3469,1872,1597,272,166,106
7581,C4920,24,474,District-Ahmadabad,Urban,5-9,12717,7121,5596,3948,2116,1832,3060,1699,1361,1055,620,435,683,404,279,536,316,220,188,110,78,2629,1461,1168,618,395,223
7582,C4920,24,474,District-Ahmadabad,Urban,10-19,30279,17001,13278,9121,5022,4099,7107,3885,3222,2292,1308,984,2256,1343,913,1645,995,650,589,375,214,5891,3233,2658,1378,840,538
7583,C4920,24,474,District-Ahmadabad,Urban,20-29,33602,18345,15257,9440,5004,4436,7664,3982,3682,2254,1207,1047,4196,2439,1757,1587,961,626,804,501,303,6545,3570,2975,1112,681,431
7584,C4920,24,474,District-Ahmadabad,Urban,30-39,29801,16614,13187,7948,4267,3681,6673,3623,3050,1897,1044,853,4877,2890,1987,1145,679,466,870,542,328,5556,3060,2496,835,509,326
7585,C4920,24,474,District-Ahmadabad,Urban,40-49,24504,13905,10599,6774,3629,3145,5618,3131,2487,1612,903,709,3626,2306,1320,788,472,316,833,524,309,4600,2550,2050,653,390,263
7586,C4920,24,474,District-Ahmadabad,Urban,50-59,18699,10785,7914,5442,3041,2401,4306,2408,1898,1176,695,481,2766,1772,994,485,306,179,598,380,218,3385,1859,1526,541,324,217
7587,C4920,24,474,District-Ahmadabad,Urban,60-69,12591,6810,5781,3571,1870,1701,2974,1565,1409,715,393,322,2253,1344,909,229,127,102,308,182,126,2044,1050,994,497,279,218
7588,C4920,24,474,District-Ahmadabad,Urban,70-79,6959,3479,3480,1855,901,954,1817,874,943,337,195,142,1424,726,698,80,32,48,145,75,70,903,479,424,398,197,201
7589,C4920,24,474,District-Ahmadabad,Urban,80-89,2596,1146,1450,604,261,343,764,341,423,92,53,39,517,221,296,23,9,14,50,23,27,311,138,173,235,100,135
7590,C4920,24,474,District-Ahmadabad,Urban,90+,908,399,509,215,81,134,252,108,144,45,26,19,139,66,73,17,7,10,17,6,11,129,72,57,94,33,61
7591,C4920,24,474,District-Ahmadabad,Urban,Age Not Stated,476,261,215,83,37,46,101,58,43,27,14,13,37,19,18,14,10,4,15,12,3,187,104,83,12,7,5
7592,C4920,24,475,District-Surendranagar,Total,Total,33077,18822,14255,5466,2917,2549,5036,2570,2466,1568,972,596,9936,6010,3926,2466,1429,1037,1488,912,576,4435,2512,1923,2682,1500,1182
7593,C4920,24,475,District-Surendranagar,Total,0-4,1069,587,482,157,73,84,182,81,101,38,23,15,173,108,65,36,27,9,17,10,7,388,219,169,78,46,32
7594,C4920,24,475,District-Surendranagar,Total,5-9,2226,1325,901,318,192,126,293,163,130,224,139,85,368,227,141,287,172,115,64,43,21,393,220,173,279,169,110
7595,C4920,24,475,District-Surendranagar,Total,10-19,5597,3249,2348,847,482,365,656,357,299,466,303,163,1080,656,424,865,491,374,194,102,92,860,479,381,629,379,250
7596,C4920,24,475,District-Surendranagar,Total,20-29,4909,2924,1985,494,298,196,504,276,228,265,155,110,1929,1155,774,442,277,165,206,144,62,725,408,317,344,211,133
7597,C4920,24,475,District-Surendranagar,Total,30-39,4723,2867,1856,539,328,211,507,269,238,202,127,75,1976,1244,732,328,179,149,316,207,109,583,340,243,272,173,99
7598,C4920,24,475,District-Surendranagar,Total,40-49,3913,2423,1490,544,302,242,573,322,251,148,91,57,1330,896,434,274,169,105,304,197,107,548,321,227,192,125,67
7599,C4920,24,475,District-Surendranagar,Total,50-59,3135,1836,1299,596,339,257,465,243,222,98,62,36,1101,682,419,125,67,58,184,100,84,419,253,166,147,90,57
7600,C4920,24,475,District-Surendranagar,Total,60-69,3193,1666,1527,816,380,436,697,358,339,68,41,27,966,553,413,71,33,38,119,68,51,257,144,113,199,89,110
7601,C4920,24,475,District-Surendranagar,Total,70-79,2613,1232,1381,716,326,390,698,317,381,35,19,16,683,347,336,26,11,15,57,26,31,152,75,77,246,111,135
7602,C4920,24,475,District-Surendranagar,Total,80-89,1203,529,674,335,152,183,342,142,200,13,6,7,249,120,129,8,2,6,17,12,5,55,31,24,184,64,120
7603,C4920,24,475,District-Surendranagar,Total,90+,409,138,271,84,35,49,102,33,69,7,3,4,76,21,55,1,0,1,9,2,7,22,4,18,108,40,68
7604,C4920,24,475,District-Surendranagar,Total,Age Not Stated,87,46,41,20,10,10,17,9,8,4,3,1,5,1,4,3,1,2,1,1,0,33,18,15,4,3,1
7605,C4920,24,475,District-Surendranagar,Rural,Total,23235,13221,10014,4058,2144,1914,3626,1844,1782,1169,739,430,7021,4283,2738,1735,993,742,1072,652,420,2615,1483,1132,1939,1083,856
7606,C4920,24,475,District-Surendranagar,Rural,0-4,758,417,341,110,48,62,126,57,69,27,16,11,134,83,51,25,18,7,13,6,7,259,151,108,64,38,26
7607,C4920,24,475,District-Surendranagar,Rural,5-9,1664,993,671,246,142,104,212,116,96,191,120,71,270,174,96,233,137,96,52,34,18,251,140,111,209,130,79
7608,C4920,24,475,District-Surendranagar,Rural,10-19,4103,2411,1692,641,369,272,487,279,208,367,243,124,800,489,311,668,377,291,150,84,66,521,286,235,469,284,185
7609,C4920,24,475,District-Surendranagar,Rural,20-29,3389,2031,1358,336,202,134,309,168,141,192,114,78,1503,911,592,283,177,106,150,101,49,404,223,181,212,135,77
7610,C4920,24,475,District-Surendranagar,Rural,30-39,3242,1997,1245,391,242,149,330,177,153,141,90,51,1434,912,522,201,110,91,235,159,76,325,198,127,185,109,76
7611,C4920,24,475,District-Surendranagar,Rural,40-49,2566,1593,973,370,201,169,390,224,166,101,66,35,895,597,298,180,102,78,210,135,75,298,182,116,122,86,36
7612,C4920,24,475,District-Surendranagar,Rural,50-59,2050,1180,870,422,234,188,316,158,158,63,41,22,732,459,273,69,37,32,120,61,59,227,130,97,101,60,41
7613,C4920,24,475,District-Surendranagar,Rural,60-69,2223,1143,1080,616,281,335,539,276,263,46,29,17,582,337,245,53,26,27,80,44,36,153,84,69,154,66,88
7614,C4920,24,475,District-Surendranagar,Rural,70-79,1932,907,1025,565,262,303,547,247,300,24,12,12,447,218,229,15,7,8,44,19,25,102,53,49,188,89,99
7615,C4920,24,475,District-Surendranagar,Rural,80-89,925,405,520,275,127,148,278,111,167,11,4,7,165,86,79,7,2,5,9,6,3,37,21,16,143,48,95
7616,C4920,24,475,District-Surendranagar,Rural,90+,320,113,207,71,31,40,78,23,55,4,2,2,55,17,38,0,0,0,8,2,6,16,3,13,88,35,53
7617,C4920,24,475,District-Surendranagar,Rural,Age Not Stated,63,31,32,15,5,10,14,8,6,2,2,0,4,0,4,1,0,1,1,1,0,22,12,10,4,3,1
7618,C4920,24,475,District-Surendranagar,Urban,Total,9842,5601,4241,1408,773,635,1410,726,684,399,233,166,2915,1727,1188,731,436,295,416,260,156,1820,1029,791,743,417,326
7619,C4920,24,475,District-Surendranagar,Urban,0-4,311,170,141,47,25,22,56,24,32,11,7,4,39,25,14,11,9,2,4,4,0,129,68,61,14,8,6
7620,C4920,24,475,District-Surendranagar,Urban,5-9,562,332,230,72,50,22,81,47,34,33,19,14,98,53,45,54,35,19,12,9,3,142,80,62,70,39,31
7621,C4920,24,475,District-Surendranagar,Urban,10-19,1494,838,656,206,113,93,169,78,91,99,60,39,280,167,113,197,114,83,44,18,26,339,193,146,160,95,65
7622,C4920,24,475,District-Surendranagar,Urban,20-29,1520,893,627,158,96,62,195,108,87,73,41,32,426,244,182,159,100,59,56,43,13,321,185,136,132,76,56
7623,C4920,24,475,District-Surendranagar,Urban,30-39,1481,870,611,148,86,62,177,92,85,61,37,24,542,332,210,127,69,58,81,48,33,258,142,116,87,64,23
7624,C4920,24,475,District-Surendranagar,Urban,40-49,1347,830,517,174,101,73,183,98,85,47,25,22,435,299,136,94,67,27,94,62,32,250,139,111,70,39,31
7625,C4920,24,475,District-Surendranagar,Urban,50-59,1085,656,429,174,105,69,149,85,64,35,21,14,369,223,146,56,30,26,64,39,25,192,123,69,46,30,16
7626,C4920,24,475,District-Surendranagar,Urban,60-69,970,523,447,200,99,101,158,82,76,22,12,10,384,216,168,18,7,11,39,24,15,104,60,44,45,23,22
7627,C4920,24,475,District-Surendranagar,Urban,70-79,681,325,356,151,64,87,151,70,81,11,7,4,236,129,107,11,4,7,13,7,6,50,22,28,58,22,36
7628,C4920,24,475,District-Surendranagar,Urban,80-89,278,124,154,60,25,35,64,31,33,2,2,0,84,34,50,1,0,1,8,6,2,18,10,8,41,16,25
7629,C4920,24,475,District-Surendranagar,Urban,90+,89,25,64,13,4,9,24,10,14,3,1,2,21,4,17,1,0,1,1,0,1,6,1,5,20,5,15
7630,C4920,24,475,District-Surendranagar,Urban,Age Not Stated,24,15,9,5,5,0,3,1,2,2,1,1,1,1,0,2,1,1,0,0,0,11,6,5,0,0,0
7631,C4920,24,476,District-Rajkot,Total,Total,59388,32757,26631,9091,4725,4366,9594,4919,4675,3043,1744,1299,14273,8475,5798,3844,2240,1604,2823,1692,1131,12252,6522,5730,4468,2440,2028
7632,C4920,24,476,District-Rajkot,Total,0-4,2146,1187,959,329,167,162,390,227,163,45,23,22,194,120,74,77,46,31,33,17,16,958,521,437,120,66,54
7633,C4920,24,476,District-Rajkot,Total,5-9,3439,1972,1467,522,276,246,461,256,205,307,179,128,352,212,140,351,202,149,103,72,31,929,512,417,414,263,151
7634,C4920,24,476,District-Rajkot,Total,10-19,8866,5007,3859,1165,613,552,1110,582,528,668,411,257,1364,833,531,1049,624,425,362,204,158,2112,1118,994,1036,622,414
7635,C4920,24,476,District-Rajkot,Total,20-29,9800,5422,4378,1137,602,535,1089,592,497,567,318,249,2852,1639,1213,806,475,331,499,292,207,2171,1110,1061,679,394,285
7636,C4920,24,476,District-Rajkot,Total,30-39,9115,5350,3765,963,551,412,1115,667,448,466,264,202,2987,1781,1206,658,393,265,585,391,194,1880,1035,845,461,268,193
7637,C4920,24,476,District-Rajkot,Total,40-49,7488,4480,3008,1046,609,437,1001,583,418,402,217,185,2138,1412,726,471,272,199,524,332,192,1553,850,703,353,205,148
7638,C4920,24,476,District-Rajkot,Total,50-59,5895,3444,2451,1055,588,467,995,540,455,260,158,102,1607,1037,570,236,117,119,345,205,140,1154,646,508,243,153,90
7639,C4920,24,476,District-Rajkot,Total,60-69,5423,2789,2634,1216,616,600,1266,583,683,190,101,89,1295,750,545,112,63,49,217,114,103,794,402,392,333,160,173
7640,C4920,24,476,District-Rajkot,Total,70-79,4051,1887,2164,974,429,545,1156,502,654,74,41,33,939,478,461,46,29,17,97,45,52,389,197,192,376,166,210
7641,C4920,24,476,District-Rajkot,Total,80-89,2090,839,1251,464,202,262,702,283,419,38,17,21,393,158,235,19,7,12,37,15,22,167,66,101,270,91,179
7642,C4920,24,476,District-Rajkot,Total,90+,832,258,574,163,48,115,276,85,191,12,6,6,110,32,78,9,3,6,11,2,9,81,35,46,170,47,123
7643,C4920,24,476,District-Rajkot,Total,Age Not Stated,243,122,121,57,24,33,33,19,14,14,9,5,42,23,19,10,9,1,10,3,7,64,30,34,13,5,8
7644,C4920,24,476,District-Rajkot,Rural,Total,25357,13858,11499,3590,1830,1760,3790,1862,1928,1326,760,566,6955,4173,2782,1915,1089,826,1214,675,539,4492,2357,2135,2075,1112,963
7645,C4920,24,476,District-Rajkot,Rural,0-4,786,426,360,123,60,63,102,58,44,25,11,14,86,56,30,22,13,9,15,5,10,353,188,165,60,35,25
7646,C4920,24,476,District-Rajkot,Rural,5-9,1528,864,664,213,111,102,141,82,59,150,81,69,193,112,81,207,112,95,52,36,16,353,189,164,219,141,78
7647,C4920,24,476,District-Rajkot,Rural,10-19,3813,2151,1662,423,222,201,375,207,168,306,186,120,686,410,276,606,359,247,161,83,78,770,394,376,486,290,196
7648,C4920,24,476,District-Rajkot,Rural,20-29,4017,2263,1754,370,203,167,295,161,134,225,133,92,1499,876,623,374,211,163,182,102,80,750,386,364,322,191,131
7649,C4920,24,476,District-Rajkot,Rural,30-39,3674,2202,1472,323,196,127,312,199,113,192,113,79,1461,883,578,303,180,123,261,174,87,643,355,288,179,102,77
7650,C4920,24,476,District-Rajkot,Rural,40-49,2963,1772,1191,372,222,150,324,175,149,169,90,79,973,659,314,216,121,95,230,130,100,531,288,243,148,87,61
7651,C4920,24,476,District-Rajkot,Rural,50-59,2393,1402,991,346,191,155,375,203,172,124,75,49,717,478,239,108,51,57,142,78,64,489,275,214,92,51,41
7652,C4920,24,476,District-Rajkot,Rural,60-69,2417,1221,1196,564,286,278,604,276,328,79,42,37,587,336,251,42,22,20,95,42,53,314,152,162,132,65,67
7653,C4920,24,476,District-Rajkot,Rural,70-79,2029,900,1129,486,193,293,642,267,375,33,19,14,458,240,218,23,15,8,51,19,32,162,79,83,174,68,106
7654,C4920,24,476,District-Rajkot,Rural,80-89,1180,474,706,273,116,157,423,170,253,13,5,8,214,94,120,9,3,6,20,5,15,76,29,47,152,52,100
7655,C4920,24,476,District-Rajkot,Rural,90+,485,145,340,84,23,61,187,57,130,5,2,3,62,17,45,4,1,3,5,1,4,29,15,14,109,29,80
7656,C4920,24,476,District-Rajkot,Rural,Age Not Stated,72,38,34,13,7,6,10,7,3,5,3,2,19,12,7,1,1,0,0,0,0,22,7,15,2,1,1
7657,C4920,24,476,District-Rajkot,Urban,Total,34031,18899,15132,5501,2895,2606,5804,3057,2747,1717,984,733,7318,4302,3016,1929,1151,778,1609,1017,592,7760,4165,3595,2393,1328,1065
7658,C4920,24,476,District-Rajkot,Urban,0-4,1360,761,599,206,107,99,288,169,119,20,12,8,108,64,44,55,33,22,18,12,6,605,333,272,60,31,29
7659,C4920,24,476,District-Rajkot,Urban,5-9,1911,1108,803,309,165,144,320,174,146,157,98,59,159,100,59,144,90,54,51,36,15,576,323,253,195,122,73
7660,C4920,24,476,District-Rajkot,Urban,10-19,5053,2856,2197,742,391,351,735,375,360,362,225,137,678,423,255,443,265,178,201,121,80,1342,724,618,550,332,218
7661,C4920,24,476,District-Rajkot,Urban,20-29,5783,3159,2624,767,399,368,794,431,363,342,185,157,1353,763,590,432,264,168,317,190,127,1421,724,697,357,203,154
7662,C4920,24,476,District-Rajkot,Urban,30-39,5441,3148,2293,640,355,285,803,468,335,274,151,123,1526,898,628,355,213,142,324,217,107,1237,680,557,282,166,116
7663,C4920,24,476,District-Rajkot,Urban,40-49,4525,2708,1817,674,387,287,677,408,269,233,127,106,1165,753,412,255,151,104,294,202,92,1022,562,460,205,118,87
7664,C4920,24,476,District-Rajkot,Urban,50-59,3502,2042,1460,709,397,312,620,337,283,136,83,53,890,559,331,128,66,62,203,127,76,665,371,294,151,102,49
7665,C4920,24,476,District-Rajkot,Urban,60-69,3006,1568,1438,652,330,322,662,307,355,111,59,52,708,414,294,70,41,29,122,72,50,480,250,230,201,95,106
7666,C4920,24,476,District-Rajkot,Urban,70-79,2022,987,1035,488,236,252,514,235,279,41,22,19,481,238,243,23,14,9,46,26,20,227,118,109,202,98,104
7667,C4920,24,476,District-Rajkot,Urban,80-89,910,365,545,191,86,105,279,113,166,25,12,13,179,64,115,10,4,6,17,10,7,91,37,54,118,39,79
7668,C4920,24,476,District-Rajkot,Urban,90+,347,113,234,79,25,54,89,28,61,7,4,3,48,15,33,5,2,3,6,1,5,52,20,32,61,18,43
7669,C4920,24,476,District-Rajkot,Urban,Age Not Stated,171,84,87,44,17,27,23,12,11,9,6,3,23,11,12,9,8,1,10,3,7,42,23,19,11,4,7
7670,C4920,24,477,District-Jamnagar,Total,Total,46713,25276,21437,7476,3871,3605,8680,4327,4353,2184,1281,903,11155,6501,4654,2925,1695,1230,2668,1529,1139,7369,3849,3520,4256,2223,2033
7671,C4920,24,477,District-Jamnagar,Total,0-4,1495,843,652,234,126,108,329,184,145,46,25,21,165,102,63,53,29,24,38,24,14,522,289,233,108,64,44
7672,C4920,24,477,District-Jamnagar,Total,5-9,2794,1575,1219,390,222,168,398,222,176,256,151,105,309,169,140,312,187,125,109,67,42,605,326,279,415,231,184
7673,C4920,24,477,District-Jamnagar,Total,10-19,6771,3934,2837,968,533,435,1005,563,442,537,341,196,1016,605,411,873,532,341,336,208,128,1242,673,569,794,479,315
7674,C4920,24,477,District-Jamnagar,Total,20-29,7121,4035,3086,770,434,336,1004,511,493,419,247,172,2099,1260,839,618,361,257,454,268,186,1176,616,560,581,338,243
7675,C4920,24,477,District-Jamnagar,Total,30-39,6449,3733,2716,687,413,274,1016,539,477,286,152,134,1948,1219,729,434,256,178,559,332,227,1107,587,520,412,235,177
7676,C4920,24,477,District-Jamnagar,Total,40-49,5481,3195,2286,779,443,336,899,501,398,244,151,93,1553,988,565,321,176,145,515,296,219,887,461,426,283,179,104
7677,C4920,24,477,District-Jamnagar,Total,50-59,4760,2686,2074,906,512,394,875,452,423,165,93,72,1383,836,547,171,94,77,309,183,126,712,374,338,239,142,97
7678,C4920,24,477,District-Jamnagar,Total,60-69,4878,2410,2468,1085,524,561,1089,516,573,119,64,55,1328,723,605,78,36,42,199,99,100,573,264,309,407,184,223
7679,C4920,24,477,District-Jamnagar,Total,70-79,3928,1720,2208,947,398,549,1165,507,658,70,40,30,855,402,453,39,16,23,88,31,57,312,155,157,452,171,281
7680,C4920,24,477,District-Jamnagar,Total,80-89,2080,830,1250,517,199,318,630,251,379,25,8,17,366,153,213,11,3,8,44,13,31,134,57,77,353,146,207
7681,C4920,24,477,District-Jamnagar,Total,90+,790,226,564,164,50,114,234,65,169,9,3,6,117,34,83,5,2,3,13,4,9,47,19,28,201,49,152
7682,C4920,24,477,District-Jamnagar,Total,Age Not Stated,166,89,77,29,17,12,36,16,20,8,6,2,16,10,6,10,3,7,4,4,0,52,28,24,11,5,6
7683,C4920,24,477,District-Jamnagar,Rural,Total,24431,13323,11108,4406,2194,2212,3637,1758,1879,1134,688,446,6509,3913,2596,1860,1075,785,1426,823,603,2910,1549,1361,2549,1323,1226
7684,C4920,24,477,District-Jamnagar,Rural,0-4,683,391,292,137,74,63,94,53,41,25,17,8,99,60,39,33,17,16,17,10,7,212,122,90,66,38,28
7685,C4920,24,477,District-Jamnagar,Rural,5-9,1538,864,674,217,114,103,125,68,57,156,95,61,216,118,98,226,135,91,63,42,21,257,143,114,278,149,129
7686,C4920,24,477,District-Jamnagar,Rural,10-19,3527,2112,1415,531,277,254,318,184,134,294,192,102,647,388,259,592,372,220,172,114,58,476,277,199,497,308,189
7687,C4920,24,477,District-Jamnagar,Rural,20-29,3613,2110,1503,409,225,184,249,137,112,200,127,73,1340,816,524,378,212,166,231,134,97,472,259,213,334,200,134
7688,C4920,24,477,District-Jamnagar,Rural,30-39,3250,1999,1251,362,224,138,325,181,144,141,79,62,1212,809,403,251,156,95,294,180,114,430,233,197,235,137,98
7689,C4920,24,477,District-Jamnagar,Rural,40-49,2638,1574,1064,401,221,180,296,177,119,124,75,49,880,579,301,188,98,90,287,170,117,303,159,144,159,95,64
7690,C4920,24,477,District-Jamnagar,Rural,50-59,2382,1353,1029,532,299,233,368,190,178,79,45,34,743,461,282,92,49,43,156,91,65,285,142,143,127,76,51
7691,C4920,24,477,District-Jamnagar,Rural,60-69,2449,1180,1269,657,305,352,533,246,287,52,29,23,644,353,291,50,17,33,110,52,58,214,95,119,189,83,106
7692,C4920,24,477,District-Jamnagar,Rural,70-79,2390,1012,1378,653,265,388,740,309,431,41,23,18,457,219,238,31,13,18,51,13,38,146,73,73,271,97,174
7693,C4920,24,477,District-Jamnagar,Rural,80-89,1328,523,805,367,146,221,410,158,252,13,1,12,193,82,111,10,3,7,32,11,21,70,25,45,233,97,136
7694,C4920,24,477,District-Jamnagar,Rural,90+,565,169,396,127,37,90,169,51,118,4,2,2,69,21,48,2,1,1,11,4,7,28,12,16,155,41,114
7695,C4920,24,477,District-Jamnagar,Rural,Age Not Stated,68,36,32,13,7,6,10,4,6,5,3,2,9,7,2,7,2,5,2,2,0,17,9,8,5,2,3
7696,C4920,24,477,District-Jamnagar,Urban,Total,22282,11953,10329,3070,1677,1393,5043,2569,2474,1050,593,457,4646,2588,2058,1065,620,445,1242,706,536,4459,2300,2159,1707,900,807
7697,C4920,24,477,District-Jamnagar,Urban,0-4,812,452,360,97,52,45,235,131,104,21,8,13,66,42,24,20,12,8,21,14,7,310,167,143,42,26,16
7698,C4920,24,477,District-Jamnagar,Urban,5-9,1256,711,545,173,108,65,273,154,119,100,56,44,93,51,42,86,52,34,46,25,21,348,183,165,137,82,55
7699,C4920,24,477,District-Jamnagar,Urban,10-19,3244,1822,1422,437,256,181,687,379,308,243,149,94,369,217,152,281,160,121,164,94,70,766,396,370,297,171,126
7700,C4920,24,477,District-Jamnagar,Urban,20-29,3508,1925,1583,361,209,152,755,374,381,219,120,99,759,444,315,240,149,91,223,134,89,704,357,347,247,138,109
7701,C4920,24,477,District-Jamnagar,Urban,30-39,3199,1734,1465,325,189,136,691,358,333,145,73,72,736,410,326,183,100,83,265,152,113,677,354,323,177,98,79
7702,C4920,24,477,District-Jamnagar,Urban,40-49,2843,1621,1222,378,222,156,603,324,279,120,76,44,673,409,264,133,78,55,228,126,102,584,302,282,124,84,40
7703,C4920,24,477,District-Jamnagar,Urban,50-59,2378,1333,1045,374,213,161,507,262,245,86,48,38,640,375,265,79,45,34,153,92,61,427,232,195,112,66,46
7704,C4920,24,477,District-Jamnagar,Urban,60-69,2429,1230,1199,428,219,209,556,270,286,67,35,32,684,370,314,28,19,9,89,47,42,359,169,190,218,101,117
7705,C4920,24,477,District-Jamnagar,Urban,70-79,1538,708,830,294,133,161,425,198,227,29,17,12,398,183,215,8,3,5,37,18,19,166,82,84,181,74,107
7706,C4920,24,477,District-Jamnagar,Urban,80-89,752,307,445,150,53,97,220,93,127,12,7,5,173,71,102,1,0,1,12,2,10,64,32,32,120,49,71
7707,C4920,24,477,District-Jamnagar,Urban,90+,225,57,168,37,13,24,65,14,51,5,1,4,48,13,35,3,1,2,2,0,2,19,7,12,46,8,38
7708,C4920,24,477,District-Jamnagar,Urban,Age Not Stated,98,53,45,16,10,6,26,12,14,3,3,0,7,3,4,3,1,2,2,2,0,35,19,16,6,3,3
7709,C4920,24,478,District-Porbandar ,Total,Total,11874,6472,5402,1855,904,951,1709,852,857,457,267,190,3112,1830,1282,880,547,333,782,434,348,1911,1016,895,1168,622,546
7710,C4920,24,478,District-Porbandar ,Total,0-4,322,180,142,57,28,29,38,23,15,14,8,6,33,19,14,17,5,12,8,0,8,124,78,46,31,19,12
7711,C4920,24,478,District-Porbandar ,Total,5-9,592,361,231,72,30,42,56,37,19,64,37,27,83,51,32,77,51,26,14,9,5,136,86,50,90,60,30
7712,C4920,24,478,District-Porbandar ,Total,10-19,1545,868,677,199,101,98,132,79,53,109,62,47,266,161,105,232,134,98,84,47,37,310,157,153,213,127,86
7713,C4920,24,478,District-Porbandar ,Total,20-29,1644,957,687,160,98,62,142,75,67,78,48,30,553,324,229,170,92,78,115,72,43,266,147,119,160,101,59
7714,C4920,24,478,District-Porbandar ,Total,30-39,1606,951,655,165,92,73,165,88,77,56,34,22,539,334,205,139,91,48,153,91,62,279,154,125,110,67,43
7715,C4920,24,478,District-Porbandar ,Total,40-49,1518,918,600,168,94,74,155,90,65,53,30,23,505,342,163,86,55,31,184,110,74,276,148,128,91,49,42
7716,C4920,24,478,District-Porbandar ,Total,50-59,1273,722,551,208,106,102,217,114,103,33,23,10,392,240,152,56,32,24,108,60,48,197,114,83,62,33,29
7717,C4920,24,478,District-Porbandar ,Total,60-69,1327,655,672,308,136,172,275,139,136,24,12,12,352,188,164,31,22,9,73,32,41,172,83,89,92,43,49
7718,C4920,24,478,District-Porbandar ,Total,70-79,1121,471,650,295,125,170,295,124,171,18,9,9,233,106,127,8,6,2,21,6,15,99,30,69,152,65,87
7719,C4920,24,478,District-Porbandar ,Total,80-89,580,230,350,155,69,86,162,63,99,2,1,1,115,49,66,3,0,3,16,4,12,29,9,20,98,35,63
7720,C4920,24,478,District-Porbandar ,Total,90+,245,77,168,61,20,41,69,19,50,1,1,0,33,13,20,1,1,0,2,0,2,14,3,11,64,20,44
7721,C4920,24,478,District-Porbandar ,Total,Age Not Stated,101,82,19,7,5,2,3,1,2,5,2,3,8,3,5,60,58,2,4,3,1,9,7,2,5,3,2
7722,C4920,24,478,District-Porbandar ,Rural,Total,6233,3402,2831,937,449,488,1002,502,500,228,126,102,1744,1042,702,470,277,193,466,243,223,711,391,320,675,372,303
7723,C4920,24,478,District-Porbandar ,Rural,0-4,138,83,55,23,13,10,16,13,3,9,5,4,15,9,6,4,0,4,6,0,6,45,32,13,20,11,9
7724,C4920,24,478,District-Porbandar ,Rural,5-9,333,202,131,34,16,18,27,18,9,38,19,19,52,32,20,52,34,18,10,5,5,57,33,24,63,45,18
7725,C4920,24,478,District-Porbandar ,Rural,10-19,796,461,335,96,50,46,54,32,22,71,40,31,149,98,51,154,88,66,49,30,19,104,53,51,119,70,49
7726,C4920,24,478,District-Porbandar ,Rural,20-29,822,483,339,64,39,25,64,36,28,40,23,17,310,181,129,89,51,38,63,37,26,99,56,43,93,60,33
7727,C4920,24,478,District-Porbandar ,Rural,30-39,805,493,312,71,38,33,70,42,28,23,14,9,314,196,118,72,49,23,92,51,41,101,61,40,62,42,20
7728,C4920,24,478,District-Porbandar ,Rural,40-49,781,487,294,87,52,35,90,55,35,15,7,8,281,196,85,45,24,21,112,65,47,104,62,42,47,26,21
7729,C4920,24,478,District-Porbandar ,Rural,50-59,617,352,265,94,48,46,117,62,55,10,7,3,204,127,77,31,19,12,59,29,30,69,43,26,33,17,16
7730,C4920,24,478,District-Porbandar ,Rural,60-69,720,358,362,160,69,91,180,92,88,13,6,7,197,107,90,16,9,7,48,19,29,60,31,29,46,25,21
7731,C4920,24,478,District-Porbandar ,Rural,70-79,653,273,380,166,68,98,214,95,119,5,3,2,118,52,66,3,2,1,12,2,10,48,13,35,87,38,49
7732,C4920,24,478,District-Porbandar ,Rural,80-89,371,146,225,95,40,55,117,44,73,2,1,1,77,34,43,2,0,2,11,3,8,12,3,9,55,21,34
7733,C4920,24,478,District-Porbandar ,Rural,90+,186,58,128,46,16,30,53,13,40,1,1,0,25,9,16,0,0,0,2,0,2,10,2,8,49,17,32
7734,C4920,24,478,District-Porbandar ,Rural,Age Not Stated,11,6,5,1,0,1,0,0,0,1,0,1,2,1,1,2,1,1,2,2,0,2,2,0,1,0,1
7735,C4920,24,478,District-Porbandar ,Urban,Total,5641,3070,2571,918,455,463,707,350,357,229,141,88,1368,788,580,410,270,140,316,191,125,1200,625,575,493,250,243
7736,C4920,24,478,District-Porbandar ,Urban,0-4,184,97,87,34,15,19,22,10,12,5,3,2,18,10,8,13,5,8,2,0,2,79,46,33,11,8,3
7737,C4920,24,478,District-Porbandar ,Urban,5-9,259,159,100,38,14,24,29,19,10,26,18,8,31,19,12,25,17,8,4,4,0,79,53,26,27,15,12
7738,C4920,24,478,District-Porbandar ,Urban,10-19,749,407,342,103,51,52,78,47,31,38,22,16,117,63,54,78,46,32,35,17,18,206,104,102,94,57,37
7739,C4920,24,478,District-Porbandar ,Urban,20-29,822,474,348,96,59,37,78,39,39,38,25,13,243,143,100,81,41,40,52,35,17,167,91,76,67,41,26
7740,C4920,24,478,District-Porbandar ,Urban,30-39,801,458,343,94,54,40,95,46,49,33,20,13,225,138,87,67,42,25,61,40,21,178,93,85,48,25,23
7741,C4920,24,478,District-Porbandar ,Urban,40-49,737,431,306,81,42,39,65,35,30,38,23,15,224,146,78,41,31,10,72,45,27,172,86,86,44,23,21
7742,C4920,24,478,District-Porbandar ,Urban,50-59,656,370,286,114,58,56,100,52,48,23,16,7,188,113,75,25,13,12,49,31,18,128,71,57,29,16,13
7743,C4920,24,478,District-Porbandar ,Urban,60-69,607,297,310,148,67,81,95,47,48,11,6,5,155,81,74,15,13,2,25,13,12,112,52,60,46,18,28
7744,C4920,24,478,District-Porbandar ,Urban,70-79,468,198,270,129,57,72,81,29,52,13,6,7,115,54,61,5,4,1,9,4,5,51,17,34,65,27,38
7745,C4920,24,478,District-Porbandar ,Urban,80-89,209,84,125,60,29,31,45,19,26,0,0,0,38,15,23,1,0,1,5,1,4,17,6,11,43,14,29
7746,C4920,24,478,District-Porbandar ,Urban,90+,59,19,40,15,4,11,16,6,10,0,0,0,8,4,4,1,1,0,0,0,0,4,1,3,15,3,12
7747,C4920,24,478,District-Porbandar ,Urban,Age Not Stated,90,76,14,6,5,1,3,1,2,4,2,2,6,2,4,58,57,1,2,1,1,7,5,2,4,3,1
7748,C4920,24,479,District-Junagadh,Total,Total,47934,26814,21120,7833,4171,3662,7157,3738,3419,2524,1452,1072,12704,7581,5123,3699,2142,1557,2456,1411,1045,7483,4017,3466,4078,2302,1776
7749,C4920,24,479,District-Junagadh,Total,0-4,1505,813,692,268,141,127,253,140,113,36,20,16,175,86,89,60,34,26,29,14,15,550,295,255,134,83,51
7750,C4920,24,479,District-Junagadh,Total,5-9,2995,1721,1274,426,232,194,378,202,176,316,184,132,395,226,169,378,235,143,90,52,38,553,301,252,459,289,170
7751,C4920,24,479,District-Junagadh,Total,10-19,7989,4614,3375,1246,737,509,978,543,435,639,377,262,1282,751,531,1168,678,490,289,173,116,1446,775,671,941,580,361
7752,C4920,24,479,District-Junagadh,Total,20-29,7540,4338,3202,849,483,366,772,426,346,461,264,197,2495,1488,1007,789,469,320,407,240,167,1175,627,548,592,341,251
7753,C4920,24,479,District-Junagadh,Total,30-39,7209,4206,3003,819,467,352,820,469,351,367,204,163,2540,1545,995,608,346,262,513,298,215,1081,593,488,461,284,177
7754,C4920,24,479,District-Junagadh,Total,40-49,6185,3780,2405,913,534,379,779,457,322,281,162,119,2028,1354,674,368,209,159,515,312,203,974,555,419,327,197,130
7755,C4920,24,479,District-Junagadh,Total,50-59,4589,2695,1894,948,507,441,671,394,277,203,125,78,1382,882,500,164,92,72,291,178,113,695,386,309,235,131,104
7756,C4920,24,479,District-Junagadh,Total,60-69,4331,2256,2075,1035,524,511,928,435,493,120,71,49,1176,671,505,91,47,44,203,100,103,498,258,240,280,150,130
7757,C4920,24,479,District-Junagadh,Total,70-79,3217,1479,1738,763,348,415,873,380,493,73,36,37,787,382,405,41,19,22,82,33,49,318,162,156,280,119,161
7758,C4920,24,479,District-Junagadh,Total,80-89,1572,615,957,378,138,240,487,212,275,10,4,6,305,130,175,24,9,15,24,7,17,118,38,80,226,77,149
7759,C4920,24,479,District-Junagadh,Total,90+,698,245,453,163,48,115,198,69,129,13,2,11,127,57,70,7,3,4,10,2,8,48,17,31,132,47,85
7760,C4920,24,479,District-Junagadh,Total,Age Not Stated,104,52,52,25,12,13,20,11,9,5,3,2,12,9,3,1,1,0,3,2,1,27,10,17,11,4,7
7761,C4920,24,479,District-Junagadh,Rural,Total,31362,17543,13819,5048,2627,2421,4454,2311,2143,1655,976,679,8701,5230,3471,2453,1415,1038,1655,937,718,4540,2469,2071,2856,1578,1278
7762,C4920,24,479,District-Junagadh,Rural,0-4,920,497,423,170,90,80,127,71,56,21,11,10,116,57,59,30,17,13,13,3,10,350,190,160,93,58,35
7763,C4920,24,479,District-Junagadh,Rural,5-9,2083,1197,886,280,140,140,226,131,95,236,142,94,281,167,114,281,167,114,66,36,30,363,195,168,350,219,131
7764,C4920,24,479,District-Junagadh,Rural,10-19,5116,2937,2179,773,445,328,513,275,238,432,253,179,869,496,373,809,467,342,200,117,83,838,469,369,682,415,267
7765,C4920,24,479,District-Junagadh,Rural,20-29,4952,2848,2104,523,289,234,419,242,177,295,180,115,1833,1083,750,517,300,217,258,148,110,706,374,332,401,232,169
7766,C4920,24,479,District-Junagadh,Rural,30-39,4751,2843,1908,498,288,210,475,283,192,237,135,102,1797,1113,684,392,230,162,376,216,160,670,392,278,306,186,120
7767,C4920,24,479,District-Junagadh,Rural,40-49,3848,2395,1453,558,326,232,440,259,181,174,104,70,1345,924,421,232,132,100,336,206,130,558,324,234,205,120,85
7768,C4920,24,479,District-Junagadh,Rural,50-59,2862,1683,1179,575,306,269,438,250,188,124,79,45,870,562,308,94,57,37,196,120,76,414,227,187,151,82,69
7769,C4920,24,479,District-Junagadh,Rural,60-69,2844,1480,1364,679,348,331,644,300,344,73,43,30,763,440,323,51,27,24,131,65,66,306,157,149,197,100,97
7770,C4920,24,479,District-Junagadh,Rural,70-79,2218,986,1232,548,241,307,641,279,362,45,24,21,513,246,267,27,11,16,52,17,35,194,92,102,198,76,122
7771,C4920,24,479,District-Junagadh,Rural,80-89,1157,458,699,290,105,185,372,163,209,6,2,4,207,93,114,15,6,9,16,5,11,88,31,57,163,53,110
7772,C4920,24,479,District-Junagadh,Rural,90+,544,186,358,140,42,98,146,52,94,8,1,7,96,40,56,5,1,4,8,2,6,38,13,25,103,35,68
7773,C4920,24,479,District-Junagadh,Rural,Age Not Stated,67,33,34,14,7,7,13,6,7,4,2,2,11,9,2,0,0,0,3,2,1,15,5,10,7,2,5
7774,C4920,24,479,District-Junagadh,Urban,Total,16572,9271,7301,2785,1544,1241,2703,1427,1276,869,476,393,4003,2351,1652,1246,727,519,801,474,327,2943,1548,1395,1222,724,498
7775,C4920,24,479,District-Junagadh,Urban,0-4,585,316,269,98,51,47,126,69,57,15,9,6,59,29,30,30,17,13,16,11,5,200,105,95,41,25,16
7776,C4920,24,479,District-Junagadh,Urban,5-9,912,524,388,146,92,54,152,71,81,80,42,38,114,59,55,97,68,29,24,16,8,190,106,84,109,70,39
7777,C4920,24,479,District-Junagadh,Urban,10-19,2873,1677,1196,473,292,181,465,268,197,207,124,83,413,255,158,359,211,148,89,56,33,608,306,302,259,165,94
7778,C4920,24,479,District-Junagadh,Urban,20-29,2588,1490,1098,326,194,132,353,184,169,166,84,82,662,405,257,272,169,103,149,92,57,469,253,216,191,109,82
7779,C4920,24,479,District-Junagadh,Urban,30-39,2458,1363,1095,321,179,142,345,186,159,130,69,61,743,432,311,216,116,100,137,82,55,411,201,210,155,98,57
7780,C4920,24,479,District-Junagadh,Urban,40-49,2337,1385,952,355,208,147,339,198,141,107,58,49,683,430,253,136,77,59,179,106,73,416,231,185,122,77,45
7781,C4920,24,479,District-Junagadh,Urban,50-59,1727,1012,715,373,201,172,233,144,89,79,46,33,512,320,192,70,35,35,95,58,37,281,159,122,84,49,35
7782,C4920,24,479,District-Junagadh,Urban,60-69,1487,776,711,356,176,180,284,135,149,47,28,19,413,231,182,40,20,20,72,35,37,192,101,91,83,50,33
7783,C4920,24,479,District-Junagadh,Urban,70-79,999,493,506,215,107,108,232,101,131,28,12,16,274,136,138,14,8,6,30,16,14,124,70,54,82,43,39
7784,C4920,24,479,District-Junagadh,Urban,80-89,415,157,258,88,33,55,115,49,66,4,2,2,98,37,61,9,3,6,8,2,6,30,7,23,63,24,39
7785,C4920,24,479,District-Junagadh,Urban,90+,154,59,95,23,6,17,52,17,35,5,1,4,31,17,14,2,2,0,2,0,2,10,4,6,29,12,17
7786,C4920,24,479,District-Junagadh,Urban,Age Not Stated,37,19,18,11,5,6,7,5,2,1,1,0,1,0,1,1,1,0,0,0,0,12,5,7,4,2,2
7787,C4920,24,480,District-Amreli,Total,Total,31002,17055,13947,5463,2754,2709,5133,2578,2555,1597,927,670,8137,4849,3288,2121,1260,861,1339,793,546,4729,2586,2143,2483,1308,1175
7788,C4920,24,480,District-Amreli,Total,0-4,974,515,459,186,90,96,159,83,76,20,10,10,129,83,46,37,25,12,16,8,8,358,186,172,69,30,39
7789,C4920,24,480,District-Amreli,Total,5-9,1784,1036,748,296,180,116,206,113,93,190,106,84,249,156,93,216,134,82,65,45,20,329,175,154,233,127,106
7790,C4920,24,480,District-Amreli,Total,10-19,5120,2846,2274,815,446,369,583,305,278,440,258,182,937,525,412,741,426,315,208,112,96,864,474,390,532,300,232
7791,C4920,24,480,District-Amreli,Total,20-29,4643,2732,1911,552,299,253,525,297,228,280,161,119,1667,1010,657,418,265,153,215,139,76,684,368,316,302,193,109
7792,C4920,24,480,District-Amreli,Total,30-39,4179,2504,1675,477,269,208,492,274,218,200,114,86,1477,936,541,291,170,121,296,196,100,708,393,315,238,152,86
7793,C4920,24,480,District-Amreli,Total,40-49,3589,2149,1440,540,292,248,492,267,225,164,104,60,1165,758,407,229,142,87,234,139,95,598,342,256,167,105,62
7794,C4920,24,480,District-Amreli,Total,50-59,2841,1620,1221,606,309,297,485,268,217,114,73,41,799,491,308,96,54,42,161,90,71,441,248,193,139,87,52
7795,C4920,24,480,District-Amreli,Total,60-69,2956,1509,1447,741,349,392,650,305,345,82,51,31,790,446,344,47,25,22,83,34,49,372,212,160,191,87,104
7796,C4920,24,480,District-Amreli,Total,70-79,2669,1267,1402,704,316,388,806,378,428,76,34,42,575,292,283,22,11,11,34,18,16,205,101,104,247,117,130
7797,C4920,24,480,District-Amreli,Total,80-89,1393,577,816,363,145,218,470,198,272,20,10,10,235,105,130,9,1,8,10,5,5,80,41,39,206,72,134
7798,C4920,24,480,District-Amreli,Total,90+,699,215,484,152,46,106,232,74,158,9,5,4,90,32,58,6,2,4,13,5,8,47,18,29,150,33,117
7799,C4920,24,480,District-Amreli,Total,Age Not Stated,155,85,70,31,13,18,33,16,17,2,1,1,24,15,9,9,5,4,4,2,2,43,28,15,9,5,4
7800,C4920,24,480,District-Amreli,Rural,Total,23664,12976,10688,4410,2219,2191,3984,1989,1995,1257,734,523,6047,3609,2438,1612,958,654,988,581,407,3445,1900,1545,1921,986,935
7801,C4920,24,480,District-Amreli,Rural,0-4,708,377,331,144,66,78,117,64,53,15,9,6,93,58,35,27,19,8,11,6,5,251,133,118,50,22,28
7802,C4920,24,480,District-Amreli,Rural,5-9,1405,817,588,241,148,93,148,80,68,154,87,67,209,132,77,175,110,65,53,34,19,237,124,113,188,102,86
7803,C4920,24,480,District-Amreli,Rural,10-19,3903,2201,1702,633,359,274,442,238,204,352,212,140,725,405,320,596,346,250,167,90,77,609,334,275,379,217,162
7804,C4920,24,480,District-Amreli,Rural,20-29,3487,2075,1412,421,223,198,383,223,160,220,128,92,1241,765,476,312,201,111,163,107,56,506,278,228,241,150,91
7805,C4920,24,480,District-Amreli,Rural,30-39,2947,1779,1168,353,206,147,329,184,145,146,82,64,1059,687,372,212,116,96,195,129,66,486,267,219,167,108,59
7806,C4920,24,480,District-Amreli,Rural,40-49,2581,1554,1027,428,235,193,335,181,154,132,83,49,820,541,279,148,91,57,164,93,71,429,255,174,125,75,50
7807,C4920,24,480,District-Amreli,Rural,50-59,2158,1203,955,491,237,254,381,213,168,88,55,33,585,344,241,66,39,27,120,69,51,321,184,137,106,62,44
7808,C4920,24,480,District-Amreli,Rural,60-69,2345,1190,1155,608,296,312,530,243,287,69,42,27,587,329,258,37,20,17,67,30,37,299,168,131,148,62,86
7809,C4920,24,480,District-Amreli,Rural,70-79,2226,1031,1195,615,270,345,687,310,377,58,26,32,441,223,218,19,9,10,28,15,13,169,83,86,209,95,114
7810,C4920,24,480,District-Amreli,Rural,80-89,1172,494,678,309,125,184,407,177,230,16,6,10,188,83,105,7,1,6,8,3,5,64,35,29,173,64,109
7811,C4920,24,480,District-Amreli,Rural,90+,616,192,424,142,43,99,200,64,136,6,3,3,79,30,49,5,2,3,10,4,6,43,18,25,131,28,103
7812,C4920,24,480,District-Amreli,Rural,Age Not Stated,116,63,53,25,11,14,25,12,13,1,1,0,20,12,8,8,4,4,2,1,1,31,21,10,4,1,3
7813,C4920,24,480,District-Amreli,Urban,Total,7338,4079,3259,1053,535,518,1149,589,560,340,193,147,2090,1240,850,509,302,207,351,212,139,1284,686,598,562,322,240
7814,C4920,24,480,District-Amreli,Urban,0-4,266,138,128,42,24,18,42,19,23,5,1,4,36,25,11,10,6,4,5,2,3,107,53,54,19,8,11
7815,C4920,24,480,District-Amreli,Urban,5-9,379,219,160,55,32,23,58,33,25,36,19,17,40,24,16,41,24,17,12,11,1,92,51,41,45,25,20
7816,C4920,24,480,District-Amreli,Urban,10-19,1217,645,572,182,87,95,141,67,74,88,46,42,212,120,92,145,80,65,41,22,19,255,140,115,153,83,70
7817,C4920,24,480,District-Amreli,Urban,20-29,1156,657,499,131,76,55,142,74,68,60,33,27,426,245,181,106,64,42,52,32,20,178,90,88,61,43,18
7818,C4920,24,480,District-Amreli,Urban,30-39,1232,725,507,124,63,61,163,90,73,54,32,22,418,249,169,79,54,25,101,67,34,222,126,96,71,44,27
7819,C4920,24,480,District-Amreli,Urban,40-49,1008,595,413,112,57,55,157,86,71,32,21,11,345,217,128,81,51,30,70,46,24,169,87,82,42,30,12
7820,C4920,24,480,District-Amreli,Urban,50-59,683,417,266,115,72,43,104,55,49,26,18,8,214,147,67,30,15,15,41,21,20,120,64,56,33,25,8
7821,C4920,24,480,District-Amreli,Urban,60-69,611,319,292,133,53,80,120,62,58,13,9,4,203,117,86,10,5,5,16,4,12,73,44,29,43,25,18
7822,C4920,24,480,District-Amreli,Urban,70-79,443,236,207,89,46,43,119,68,51,18,8,10,134,69,65,3,2,1,6,3,3,36,18,18,38,22,16
7823,C4920,24,480,District-Amreli,Urban,80-89,221,83,138,54,20,34,63,21,42,4,4,0,47,22,25,2,0,2,2,2,0,16,6,10,33,8,25
7824,C4920,24,480,District-Amreli,Urban,90+,83,23,60,10,3,7,32,10,22,3,2,1,11,2,9,1,0,1,3,1,2,4,0,4,19,5,14
7825,C4920,24,480,District-Amreli,Urban,Age Not Stated,39,22,17,6,2,4,8,4,4,1,0,1,4,3,1,1,1,0,2,1,1,12,7,5,5,4,1
7826,C4920,24,481,District-Bhavnagar,Total,Total,58974,32485,26489,9714,5042,4672,10077,5074,5003,3180,1864,1316,15790,9213,6577,3697,2192,1505,2390,1478,912,9351,4969,4382,4775,2653,2122
7827,C4920,24,481,District-Bhavnagar,Total,0-4,2163,1149,1014,340,187,153,393,197,196,56,28,28,275,155,120,110,63,47,30,18,12,817,425,392,142,76,66
7828,C4920,24,481,District-Bhavnagar,Total,5-9,3964,2254,1710,579,322,257,537,296,241,393,237,156,522,316,206,471,274,197,114,68,46,855,453,402,493,288,205
7829,C4920,24,481,District-Bhavnagar,Total,10-19,10865,6184,4681,1596,858,738,1389,748,641,855,518,337,2186,1268,918,1286,760,526,400,238,162,1934,1018,916,1219,776,443
7830,C4920,24,481,District-Bhavnagar,Total,20-29,9416,5498,3918,992,579,413,1142,576,566,551,337,214,3503,2105,1398,685,414,271,393,263,130,1515,816,699,635,408,227
7831,C4920,24,481,District-Bhavnagar,Total,30-39,8151,4776,3375,953,532,421,1051,580,471,442,249,193,3033,1825,1208,496,308,188,494,321,173,1257,712,545,425,249,176
7832,C4920,24,481,District-Bhavnagar,Total,40-49,6563,3889,2674,1085,599,486,990,567,423,359,211,148,1967,1270,697,354,208,146,403,251,152,1101,602,499,304,181,123
7833,C4920,24,481,District-Bhavnagar,Total,50-59,5293,3036,2257,1079,583,496,999,538,461,227,139,88,1477,895,582,156,97,59,291,193,98,795,431,364,269,160,109
7834,C4920,24,481,District-Bhavnagar,Total,60-69,5032,2533,2499,1270,625,645,1216,549,667,158,80,78,1314,722,592,69,35,34,150,76,74,516,264,252,339,182,157
7835,C4920,24,481,District-Bhavnagar,Total,70-79,4282,1901,2381,1091,468,623,1352,609,743,92,44,48,889,416,473,42,19,23,74,31,43,337,153,184,405,161,244
7836,C4920,24,481,District-Bhavnagar,Total,80-89,2194,903,1291,530,221,309,713,309,404,29,13,16,426,174,252,14,5,9,20,9,11,143,66,77,319,106,213
7837,C4920,24,481,District-Bhavnagar,Total,90+,909,292,617,179,57,122,264,93,171,12,4,8,169,54,115,9,6,3,10,4,6,51,16,35,215,58,157
7838,C4920,24,481,District-Bhavnagar,Total,Age Not Stated,142,70,72,20,11,9,31,12,19,6,4,2,29,13,16,5,3,2,11,6,5,30,13,17,10,8,2
7839,C4920,24,481,District-Bhavnagar,Rural,Total,33902,18806,15096,5515,2869,2646,5717,2875,2842,1784,1067,717,9887,5837,4050,2207,1333,874,1398,867,531,4516,2358,2158,2878,1600,1278
7840,C4920,24,481,District-Bhavnagar,Rural,0-4,1130,592,538,140,70,70,173,90,83,34,15,19,182,104,78,58,30,28,18,14,4,432,219,213,93,50,43
7841,C4920,24,481,District-Bhavnagar,Rural,5-9,2354,1376,978,332,187,145,276,160,116,253,161,92,333,201,132,318,195,123,76,43,33,450,236,214,316,193,123
7842,C4920,24,481,District-Bhavnagar,Rural,10-19,6505,3748,2757,858,463,395,739,402,337,538,329,209,1537,889,648,853,515,338,264,163,101,1027,542,485,689,445,244
7843,C4920,24,481,District-Bhavnagar,Rural,20-29,5175,3099,2076,476,289,187,514,276,238,281,181,100,2264,1386,878,375,236,139,221,148,73,658,339,319,386,244,142
7844,C4920,24,481,District-Bhavnagar,Rural,30-39,4383,2632,1751,444,255,189,506,281,225,222,117,105,1858,1158,700,277,171,106,299,195,104,526,299,227,251,156,95
7845,C4920,24,481,District-Bhavnagar,Rural,40-49,3490,2136,1354,568,329,239,515,307,208,186,116,70,1188,781,407,176,103,73,209,133,76,494,273,221,154,94,60
7846,C4920,24,481,District-Bhavnagar,Rural,50-59,2823,1623,1200,631,341,290,550,284,266,114,78,36,812,497,315,70,47,23,157,99,58,350,194,156,139,83,56
7847,C4920,24,481,District-Bhavnagar,Rural,60-69,3023,1483,1540,803,391,412,805,368,437,81,37,44,758,404,354,40,17,23,87,42,45,252,115,137,197,109,88
7848,C4920,24,481,District-Bhavnagar,Rural,70-79,2766,1229,1537,735,326,409,909,408,501,49,23,26,549,253,296,21,8,13,44,18,26,194,88,106,265,105,160
7849,C4920,24,481,District-Bhavnagar,Rural,80-89,1502,630,872,382,164,218,518,221,297,15,7,8,270,119,151,9,4,5,11,7,4,86,41,45,211,67,144
7850,C4920,24,481,District-Bhavnagar,Rural,90+,687,220,467,132,45,87,202,71,131,9,2,7,124,41,83,6,5,1,7,2,5,38,7,31,169,47,122
7851,C4920,24,481,District-Bhavnagar,Rural,Age Not Stated,64,38,26,14,9,5,10,7,3,2,1,1,12,4,8,4,2,2,5,3,2,9,5,4,8,7,1
7852,C4920,24,481,District-Bhavnagar,Urban,Total,25072,13679,11393,4199,2173,2026,4360,2199,2161,1396,797,599,5903,3376,2527,1490,859,631,992,611,381,4835,2611,2224,1897,1053,844
7853,C4920,24,481,District-Bhavnagar,Urban,0-4,1033,557,476,200,117,83,220,107,113,22,13,9,93,51,42,52,33,19,12,4,8,385,206,179,49,26,23
7854,C4920,24,481,District-Bhavnagar,Urban,5-9,1610,878,732,247,135,112,261,136,125,140,76,64,189,115,74,153,79,74,38,25,13,405,217,188,177,95,82
7855,C4920,24,481,District-Bhavnagar,Urban,10-19,4360,2436,1924,738,395,343,650,346,304,317,189,128,649,379,270,433,245,188,136,75,61,907,476,431,530,331,199
7856,C4920,24,481,District-Bhavnagar,Urban,20-29,4241,2399,1842,516,290,226,628,300,328,270,156,114,1239,719,520,310,178,132,172,115,57,857,477,380,249,164,85
7857,C4920,24,481,District-Bhavnagar,Urban,30-39,3768,2144,1624,509,277,232,545,299,246,220,132,88,1175,667,508,219,137,82,195,126,69,731,413,318,174,93,81
7858,C4920,24,481,District-Bhavnagar,Urban,40-49,3073,1753,1320,517,270,247,475,260,215,173,95,78,779,489,290,178,105,73,194,118,76,607,329,278,150,87,63
7859,C4920,24,481,District-Bhavnagar,Urban,50-59,2470,1413,1057,448,242,206,449,254,195,113,61,52,665,398,267,86,50,36,134,94,40,445,237,208,130,77,53
7860,C4920,24,481,District-Bhavnagar,Urban,60-69,2009,1050,959,467,234,233,411,181,230,77,43,34,556,318,238,29,18,11,63,34,29,264,149,115,142,73,69
7861,C4920,24,481,District-Bhavnagar,Urban,70-79,1516,672,844,356,142,214,443,201,242,43,21,22,340,163,177,21,11,10,30,13,17,143,65,78,140,56,84
7862,C4920,24,481,District-Bhavnagar,Urban,80-89,692,273,419,148,57,91,195,88,107,14,6,8,156,55,101,5,1,4,9,2,7,57,25,32,108,39,69
7863,C4920,24,481,District-Bhavnagar,Urban,90+,222,72,150,47,12,35,62,22,40,3,2,1,45,13,32,3,1,2,3,2,1,13,9,4,46,11,35
7864,C4920,24,481,District-Bhavnagar,Urban,Age Not Stated,78,32,46,6,2,4,21,5,16,4,3,1,17,9,8,1,1,0,6,3,3,21,8,13,2,1,1
7865,C4920,24,482,District-Anand  ,Total,Total,32109,19014,13095,4846,2731,2115,4036,2198,1838,1970,1189,781,9724,6162,3562,2917,1772,1145,1469,891,578,4680,2559,2121,2467,1512,955
7866,C4920,24,482,District-Anand  ,Total,0-4,1292,692,600,193,92,101,172,101,71,55,28,27,225,115,110,51,29,22,15,7,8,465,253,212,116,67,49
7867,C4920,24,482,District-Anand  ,Total,5-9,2455,1470,985,328,193,135,281,154,127,306,188,118,465,287,178,303,177,126,52,34,18,402,237,165,318,200,118
7868,C4920,24,482,District-Anand  ,Total,10-19,5907,3569,2338,894,512,382,697,434,263,520,321,199,1139,734,405,966,606,360,204,110,94,818,435,383,669,417,252
7869,C4920,24,482,District-Anand  ,Total,20-29,5089,3085,2004,628,396,232,507,289,218,340,214,126,1627,1025,602,598,359,239,271,171,100,730,397,333,388,234,154
7870,C4920,24,482,District-Anand  ,Total,30-39,5247,3218,2029,610,370,240,483,259,224,278,155,123,2225,1442,783,420,249,171,304,198,106,646,358,288,281,187,94
7871,C4920,24,482,District-Anand  ,Total,40-49,4033,2548,1485,566,349,217,471,269,202,204,126,78,1401,972,429,304,188,116,280,187,93,617,340,277,190,117,73
7872,C4920,24,482,District-Anand  ,Total,50-59,3149,1908,1241,562,313,249,433,235,198,139,88,51,1048,700,348,171,114,57,191,111,80,443,244,199,162,103,59
7873,C4920,24,482,District-Anand  ,Total,60-69,2540,1388,1152,547,276,271,430,204,226,78,46,32,888,529,359,62,32,30,94,43,51,306,169,137,135,89,46
7874,C4920,24,482,District-Anand  ,Total,70-79,1557,781,776,350,154,196,342,164,178,32,15,17,483,261,222,26,11,15,45,24,21,159,85,74,120,67,53
7875,C4920,24,482,District-Anand  ,Total,80-89,540,232,308,112,51,61,159,67,92,13,5,8,152,69,83,5,2,3,7,2,5,44,18,26,48,18,30
7876,C4920,24,482,District-Anand  ,Total,90+,192,61,131,34,12,22,39,10,29,5,3,2,51,16,35,3,1,2,3,1,2,22,7,15,35,11,24
7877,C4920,24,482,District-Anand  ,Total,Age Not Stated,108,62,46,22,13,9,22,12,10,0,0,0,20,12,8,8,4,4,3,3,0,28,16,12,5,2,3
7878,C4920,24,482,District-Anand  ,Rural,Total,22524,13497,9027,3615,2061,1554,2594,1420,1174,1387,847,540,7060,4546,2514,2028,1236,792,984,612,372,3164,1723,1441,1692,1052,640
7879,C4920,24,482,District-Anand  ,Rural,0-4,953,522,431,143,70,73,114,69,45,41,20,21,178,94,84,25,15,10,11,6,5,362,200,162,79,48,31
7880,C4920,24,482,District-Anand  ,Rural,5-9,1873,1138,735,270,164,106,200,109,91,244,152,92,372,228,144,226,132,94,35,26,9,289,169,120,237,158,79
7881,C4920,24,482,District-Anand  ,Rural,10-19,4396,2650,1746,693,394,299,465,282,183,398,243,155,857,548,309,756,474,282,139,80,59,585,315,270,503,314,189
7882,C4920,24,482,District-Anand  ,Rural,20-29,3570,2212,1358,456,303,153,322,187,135,222,147,75,1244,780,464,399,244,155,188,122,66,480,263,217,259,166,93
7883,C4920,24,482,District-Anand  ,Rural,30-39,3675,2283,1392,466,287,179,305,164,141,191,109,82,1651,1092,559,266,153,113,201,136,65,417,225,192,178,117,61
7884,C4920,24,482,District-Anand  ,Rural,40-49,2748,1754,994,407,247,160,310,176,134,139,87,52,985,697,288,197,125,72,192,127,65,405,224,181,113,71,42
7885,C4920,24,482,District-Anand  ,Rural,50-59,2083,1261,822,391,214,177,291,160,131,84,54,30,726,494,232,98,60,38,120,69,51,274,147,127,99,63,36
7886,C4920,24,482,District-Anand  ,Rural,60-69,1694,935,759,417,216,201,273,127,146,40,23,17,590,362,228,34,22,12,62,28,34,194,104,90,84,53,31
7887,C4920,24,482,District-Anand  ,Rural,70-79,996,511,485,256,114,142,200,102,98,15,6,9,305,180,125,15,6,9,28,14,14,101,50,51,76,39,37
7888,C4920,24,482,District-Anand  ,Rural,80-89,329,148,181,77,35,42,83,35,48,9,3,6,98,50,48,4,1,3,3,1,2,23,10,13,32,13,19
7889,C4920,24,482,District-Anand  ,Rural,90+,139,45,94,26,9,17,25,7,18,4,3,1,37,12,25,2,1,1,3,1,2,13,4,9,29,8,21
7890,C4920,24,482,District-Anand  ,Rural,Age Not Stated,68,38,30,13,8,5,6,2,4,0,0,0,17,9,8,6,3,3,2,2,0,21,12,9,3,2,1
7891,C4920,24,482,District-Anand  ,Urban,Total,9585,5517,4068,1231,670,561,1442,778,664,583,342,241,2664,1616,1048,889,536,353,485,279,206,1516,836,680,775,460,315
7892,C4920,24,482,District-Anand  ,Urban,0-4,339,170,169,50,22,28,58,32,26,14,8,6,47,21,26,26,14,12,4,1,3,103,53,50,37,19,18
7893,C4920,24,482,District-Anand  ,Urban,5-9,582,332,250,58,29,29,81,45,36,62,36,26,93,59,34,77,45,32,17,8,9,113,68,45,81,42,39
7894,C4920,24,482,District-Anand  ,Urban,10-19,1511,919,592,201,118,83,232,152,80,122,78,44,282,186,96,210,132,78,65,30,35,233,120,113,166,103,63
7895,C4920,24,482,District-Anand  ,Urban,20-29,1519,873,646,172,93,79,185,102,83,118,67,51,383,245,138,199,115,84,83,49,34,250,134,116,129,68,61
7896,C4920,24,482,District-Anand  ,Urban,30-39,1572,935,637,144,83,61,178,95,83,87,46,41,574,350,224,154,96,58,103,62,41,229,133,96,103,70,33
7897,C4920,24,482,District-Anand  ,Urban,40-49,1285,794,491,159,102,57,161,93,68,65,39,26,416,275,141,107,63,44,88,60,28,212,116,96,77,46,31
7898,C4920,24,482,District-Anand  ,Urban,50-59,1066,647,419,171,99,72,142,75,67,55,34,21,322,206,116,73,54,19,71,42,29,169,97,72,63,40,23
7899,C4920,24,482,District-Anand  ,Urban,60-69,846,453,393,130,60,70,157,77,80,38,23,15,298,167,131,28,10,18,32,15,17,112,65,47,51,36,15
7900,C4920,24,482,District-Anand  ,Urban,70-79,561,270,291,94,40,54,142,62,80,17,9,8,178,81,97,11,5,6,17,10,7,58,35,23,44,28,16
7901,C4920,24,482,District-Anand  ,Urban,80-89,211,84,127,35,16,19,76,32,44,4,2,2,54,19,35,1,1,0,4,1,3,21,8,13,16,5,11
7902,C4920,24,482,District-Anand  ,Urban,90+,53,16,37,8,3,5,14,3,11,1,0,1,14,4,10,1,0,1,0,0,0,9,3,6,6,3,3
7903,C4920,24,482,District-Anand  ,Urban,Age Not Stated,40,24,16,9,5,4,16,10,6,0,0,0,3,3,0,2,1,1,1,1,0,7,4,3,2,0,2
7904,C4920,24,483,District-Kheda,Total,Total,41036,24008,17028,6553,3576,2977,5528,2899,2629,2452,1457,995,10686,6830,3856,3085,1907,1178,1482,892,590,8176,4580,3596,3074,1867,1207
7905,C4920,24,483,District-Kheda,Total,0-4,1982,1087,895,381,195,186,294,157,137,68,34,34,259,150,109,59,34,25,14,9,5,781,432,349,126,76,50
7906,C4920,24,483,District-Kheda,Total,5-9,3415,2009,1406,566,294,272,417,225,192,366,221,145,485,294,191,389,269,120,58,35,23,717,417,300,417,254,163
7907,C4920,24,483,District-Kheda,Total,10-19,7837,4581,3256,1283,696,587,891,487,404,622,394,228,1267,806,461,1145,696,449,176,101,75,1550,859,691,903,542,361
7908,C4920,24,483,District-Kheda,Total,20-29,6711,3982,2729,1000,578,422,754,396,358,434,253,181,1970,1232,738,565,355,210,269,165,104,1259,712,547,460,291,169
7909,C4920,24,483,District-Kheda,Total,30-39,6379,3848,2531,752,440,312,727,398,329,321,201,120,2347,1489,858,386,229,157,342,216,126,1153,647,506,351,228,123
7910,C4920,24,483,District-Kheda,Total,40-49,5082,3157,1925,722,428,294,698,383,315,248,139,109,1632,1130,502,276,166,110,293,188,105,987,571,416,226,152,74
7911,C4920,24,483,District-Kheda,Total,50-59,3736,2298,1438,621,361,260,574,316,258,185,97,88,1114,789,325,155,103,52,174,100,74,742,435,307,171,97,74
7912,C4920,24,483,District-Kheda,Total,60-69,3040,1611,1429,624,295,329,564,261,303,122,71,51,850,518,332,54,28,26,93,47,46,562,292,270,171,99,72
7913,C4920,24,483,District-Kheda,Total,70-79,1723,877,846,395,189,206,370,184,186,49,29,20,472,267,205,24,11,13,39,17,22,240,115,125,134,65,69
7914,C4920,24,483,District-Kheda,Total,80-89,555,250,305,113,50,63,142,54,88,14,6,8,145,71,74,5,1,4,6,3,3,74,40,34,56,25,31
7915,C4920,24,483,District-Kheda,Total,90+,203,92,111,42,21,21,41,13,28,7,3,4,46,23,23,1,0,1,3,1,2,30,14,16,33,17,16
7916,C4920,24,483,District-Kheda,Total,Age Not Stated,373,216,157,54,29,25,56,25,31,16,9,7,99,61,38,26,15,11,15,10,5,81,46,35,26,21,5
7917,C4920,24,483,District-Kheda,Rural,Total,31339,18630,12709,4921,2714,2207,4101,2238,1863,1941,1158,783,8414,5445,2969,2443,1521,922,1228,748,480,6000,3387,2613,2291,1419,872
7918,C4920,24,483,District-Kheda,Rural,0-4,1527,838,689,289,143,146,220,123,97,57,28,29,199,116,83,45,26,19,13,9,4,596,324,272,108,69,39
7919,C4920,24,483,District-Kheda,Rural,5-9,2701,1610,1091,428,225,203,309,172,137,306,183,123,424,260,164,343,239,104,50,29,21,521,307,214,320,195,125
7920,C4920,24,483,District-Kheda,Rural,10-19,6090,3594,2496,1026,565,461,669,381,288,507,327,180,1016,641,375,967,592,375,155,91,64,1144,629,515,606,368,238
7921,C4920,24,483,District-Kheda,Rural,20-29,5126,3116,2010,735,443,292,544,299,245,329,193,136,1591,1011,580,430,275,155,225,140,85,919,523,396,353,232,121
7922,C4920,24,483,District-Kheda,Rural,30-39,4902,3026,1876,554,332,222,540,311,229,253,159,94,1871,1204,667,280,165,115,287,182,105,838,487,351,279,186,93
7923,C4920,24,483,District-Kheda,Rural,40-49,3808,2411,1397,526,304,222,504,293,211,191,107,84,1253,890,363,190,118,72,233,153,80,731,424,307,180,122,58
7924,C4920,24,483,District-Kheda,Rural,50-59,2768,1723,1045,440,258,182,430,239,191,139,70,69,857,614,243,105,66,39,144,83,61,528,320,208,125,73,52
7925,C4920,24,483,District-Kheda,Rural,60-69,2289,1208,1081,475,225,250,434,204,230,95,56,39,642,384,258,41,21,20,70,37,33,404,208,196,128,73,55
7926,C4920,24,483,District-Kheda,Rural,70-79,1291,678,613,283,138,145,285,149,136,37,23,14,353,206,147,17,7,10,31,14,17,178,89,89,107,52,55
7927,C4920,24,483,District-Kheda,Rural,80-89,423,192,231,91,40,51,103,38,65,9,3,6,107,56,51,4,1,3,4,1,3,62,34,28,43,19,24
7928,C4920,24,483,District-Kheda,Rural,90+,160,78,82,32,17,15,34,12,22,6,3,3,35,20,15,0,0,0,3,1,2,22,9,13,28,16,12
7929,C4920,24,483,District-Kheda,Rural,Age Not Stated,254,156,98,42,24,18,29,17,12,12,6,6,66,43,23,21,11,10,13,8,5,57,33,24,14,14,0
7930,C4920,24,483,District-Kheda,Urban,Total,9697,5378,4319,1632,862,770,1427,661,766,511,299,212,2272,1385,887,642,386,256,254,144,110,2176,1193,983,783,448,335
7931,C4920,24,483,District-Kheda,Urban,0-4,455,249,206,92,52,40,74,34,40,11,6,5,60,34,26,14,8,6,1,0,1,185,108,77,18,7,11
7932,C4920,24,483,District-Kheda,Urban,5-9,714,399,315,138,69,69,108,53,55,60,38,22,61,34,27,46,30,16,8,6,2,196,110,86,97,59,38
7933,C4920,24,483,District-Kheda,Urban,10-19,1747,987,760,257,131,126,222,106,116,115,67,48,251,165,86,178,104,74,21,10,11,406,230,176,297,174,123
7934,C4920,24,483,District-Kheda,Urban,20-29,1585,866,719,265,135,130,210,97,113,105,60,45,379,221,158,135,80,55,44,25,19,340,189,151,107,59,48
7935,C4920,24,483,District-Kheda,Urban,30-39,1477,822,655,198,108,90,187,87,100,68,42,26,476,285,191,106,64,42,55,34,21,315,160,155,72,42,30
7936,C4920,24,483,District-Kheda,Urban,40-49,1274,746,528,196,124,72,194,90,104,57,32,25,379,240,139,86,48,38,60,35,25,256,147,109,46,30,16
7937,C4920,24,483,District-Kheda,Urban,50-59,968,575,393,181,103,78,144,77,67,46,27,19,257,175,82,50,37,13,30,17,13,214,115,99,46,24,22
7938,C4920,24,483,District-Kheda,Urban,60-69,751,403,348,149,70,79,130,57,73,27,15,12,208,134,74,13,7,6,23,10,13,158,84,74,43,26,17
7939,C4920,24,483,District-Kheda,Urban,70-79,432,199,233,112,51,61,85,35,50,12,6,6,119,61,58,7,4,3,8,3,5,62,26,36,27,13,14
7940,C4920,24,483,District-Kheda,Urban,80-89,132,58,74,22,10,12,39,16,23,5,3,2,38,15,23,1,0,1,2,2,0,12,6,6,13,6,7
7941,C4920,24,483,District-Kheda,Urban,90+,43,14,29,10,4,6,7,1,6,1,0,1,11,3,8,1,0,1,0,0,0,8,5,3,5,1,4
7942,C4920,24,483,District-Kheda,Urban,Age Not Stated,119,60,59,12,5,7,27,8,19,4,3,1,33,18,15,5,4,1,2,2,0,24,13,11,12,7,5
7943,C4920,24,484,District-Panch Mahals,Total,Total,32303,18649,13654,5016,2741,2275,5057,2812,2245,1944,1146,798,7757,4894,2863,2093,1269,824,1261,793,468,6816,3591,3225,2359,1403,956
7944,C4920,24,484,District-Panch Mahals,Total,0-4,2037,1100,937,355,189,166,379,194,185,72,42,30,257,138,119,48,27,21,15,12,3,776,422,354,135,76,59
7945,C4920,24,484,District-Panch Mahals,Total,5-9,3279,1819,1460,556,295,261,473,261,212,324,204,120,465,259,206,279,163,116,56,34,22,745,376,369,381,227,154
7946,C4920,24,484,District-Panch Mahals,Total,10-19,6901,3943,2958,1100,614,486,943,542,401,553,322,231,1259,720,539,803,496,307,200,116,84,1386,733,653,657,400,257
7947,C4920,24,484,District-Panch Mahals,Total,20-29,5350,3179,2171,700,398,302,697,414,283,344,208,136,1554,981,573,383,228,155,234,158,76,1067,552,515,371,240,131
7948,C4920,24,484,District-Panch Mahals,Total,30-39,4622,2834,1788,511,289,222,607,354,253,245,138,107,1533,1028,505,265,174,91,302,200,102,923,501,422,236,150,86
7949,C4920,24,484,District-Panch Mahals,Total,40-49,3467,2094,1373,504,297,207,568,325,243,173,98,75,896,613,283,185,104,81,225,140,85,735,403,332,181,114,67
7950,C4920,24,484,District-Panch Mahals,Total,50-59,2635,1532,1103,427,236,191,468,250,218,115,74,41,742,499,243,80,49,31,141,85,56,535,268,267,127,71,56
7951,C4920,24,484,District-Panch Mahals,Total,60-69,2140,1236,904,438,233,205,421,228,193,75,42,33,630,406,224,33,24,9,52,31,21,376,206,170,115,66,49
7952,C4920,24,484,District-Panch Mahals,Total,70-79,1230,613,617,281,125,156,333,168,165,25,7,18,302,184,118,12,2,10,25,12,13,180,89,91,72,26,46
7953,C4920,24,484,District-Panch Mahals,Total,80-89,400,183,217,100,41,59,104,48,56,6,3,3,82,45,37,4,1,3,7,2,5,45,20,25,52,23,29
7954,C4920,24,484,District-Panch Mahals,Total,90+,135,60,75,32,18,14,39,15,24,1,1,0,16,8,8,0,0,0,2,2,0,20,9,11,25,7,18
7955,C4920,24,484,District-Panch Mahals,Total,Age Not Stated,107,56,51,12,6,6,25,13,12,11,7,4,21,13,8,1,1,0,2,1,1,28,12,16,7,3,4
7956,C4920,24,484,District-Panch Mahals,Rural,Total,27627,15969,11658,4362,2387,1975,4402,2453,1949,1690,994,696,6615,4189,2426,1648,1011,637,1017,649,368,5936,3123,2813,1957,1163,794
7957,C4920,24,484,District-Panch Mahals,Rural,0-4,1793,955,838,321,168,153,332,172,160,62,34,28,230,120,110,37,22,15,9,6,3,691,373,318,111,60,51
7958,C4920,24,484,District-Panch Mahals,Rural,5-9,2880,1607,1273,498,262,236,393,227,166,299,189,110,410,228,182,241,141,100,50,30,20,648,325,323,341,205,136
7959,C4920,24,484,District-Panch Mahals,Rural,10-19,5991,3405,2586,964,536,428,821,464,357,485,291,194,1118,636,482,667,413,254,155,85,70,1230,652,578,551,328,223
7960,C4920,24,484,District-Panch Mahals,Rural,20-29,4506,2703,1803,601,347,254,595,355,240,296,180,116,1333,841,492,283,171,112,190,132,58,917,481,436,291,196,95
7961,C4920,24,484,District-Panch Mahals,Rural,30-39,3813,2351,1462,414,240,174,524,304,220,199,106,93,1275,864,411,178,123,55,258,171,87,784,429,355,181,114,67
7962,C4920,24,484,District-Panch Mahals,Rural,40-49,2887,1757,1130,420,248,172,498,290,208,140,79,61,739,512,227,142,82,60,174,114,60,628,340,288,146,92,54
7963,C4920,24,484,District-Panch Mahals,Rural,50-59,2265,1319,946,372,211,161,411,213,198,104,66,38,639,427,212,63,39,24,116,74,42,465,233,232,95,56,39
7964,C4920,24,484,District-Panch Mahals,Rural,60-69,1839,1058,781,390,205,185,372,204,168,65,33,32,524,344,180,23,17,6,42,26,16,324,170,154,99,59,40
7965,C4920,24,484,District-Panch Mahals,Rural,70-79,1081,544,537,258,114,144,303,154,149,22,5,17,247,157,90,11,2,9,17,8,9,160,82,78,63,22,41
7966,C4920,24,484,District-Panch Mahals,Rural,80-89,345,164,181,83,35,48,94,45,49,6,3,3,66,39,27,3,1,2,3,1,2,42,18,24,48,22,26
7967,C4920,24,484,District-Panch Mahals,Rural,90+,125,54,71,31,17,14,34,12,22,1,1,0,14,8,6,0,0,0,1,1,0,19,8,11,25,7,18
7968,C4920,24,484,District-Panch Mahals,Rural,Age Not Stated,102,52,50,10,4,6,25,13,12,11,7,4,20,13,7,0,0,0,2,1,1,28,12,16,6,2,4
7969,C4920,24,484,District-Panch Mahals,Urban,Total,4676,2680,1996,654,354,300,655,359,296,254,152,102,1142,705,437,445,258,187,244,144,100,880,468,412,402,240,162
7970,C4920,24,484,District-Panch Mahals,Urban,0-4,244,145,99,34,21,13,47,22,25,10,8,2,27,18,9,11,5,6,6,6,0,85,49,36,24,16,8
7971,C4920,24,484,District-Panch Mahals,Urban,5-9,399,212,187,58,33,25,80,34,46,25,15,10,55,31,24,38,22,16,6,4,2,97,51,46,40,22,18
7972,C4920,24,484,District-Panch Mahals,Urban,10-19,910,538,372,136,78,58,122,78,44,68,31,37,141,84,57,136,83,53,45,31,14,156,81,75,106,72,34
7973,C4920,24,484,District-Panch Mahals,Urban,20-29,844,476,368,99,51,48,102,59,43,48,28,20,221,140,81,100,57,43,44,26,18,150,71,79,80,44,36
7974,C4920,24,484,District-Panch Mahals,Urban,30-39,809,483,326,97,49,48,83,50,33,46,32,14,258,164,94,87,51,36,44,29,15,139,72,67,55,36,19
7975,C4920,24,484,District-Panch Mahals,Urban,40-49,580,337,243,84,49,35,70,35,35,33,19,14,157,101,56,43,22,21,51,26,25,107,63,44,35,22,13
7976,C4920,24,484,District-Panch Mahals,Urban,50-59,370,213,157,55,25,30,57,37,20,11,8,3,103,72,31,17,10,7,25,11,14,70,35,35,32,15,17
7977,C4920,24,484,District-Panch Mahals,Urban,60-69,301,178,123,48,28,20,49,24,25,10,9,1,106,62,44,10,7,3,10,5,5,52,36,16,16,7,9
7978,C4920,24,484,District-Panch Mahals,Urban,70-79,149,69,80,23,11,12,30,14,16,3,2,1,55,27,28,1,0,1,8,4,4,20,7,13,9,4,5
7979,C4920,24,484,District-Panch Mahals,Urban,80-89,55,19,36,17,6,11,10,3,7,0,0,0,16,6,10,1,0,1,4,1,3,3,2,1,4,1,3
7980,C4920,24,484,District-Panch Mahals,Urban,90+,10,6,4,1,1,0,5,3,2,0,0,0,2,0,2,0,0,0,1,1,0,1,1,0,0,0,0
7981,C4920,24,484,District-Panch Mahals,Urban,Age Not Stated,5,4,1,2,2,0,0,0,0,0,0,0,1,0,1,1,1,0,0,0,0,0,0,0,1,1,0
7982,C4920,24,485,District-Dohad  ,Total,Total,31632,17637,13995,4980,2588,2392,5200,2774,2426,1218,708,510,8134,4920,3214,1530,889,641,904,553,351,7636,4049,3587,2030,1156,874
7983,C4920,24,485,District-Dohad  ,Total,0-4,2502,1325,1177,420,210,210,443,243,200,45,27,18,292,161,131,51,25,26,11,6,5,1111,573,538,129,80,49
7984,C4920,24,485,District-Dohad  ,Total,5-9,3342,1832,1510,565,284,281,593,319,274,245,149,96,439,263,176,227,125,102,39,20,19,938,503,435,296,169,127
7985,C4920,24,485,District-Dohad  ,Total,10-19,7274,3902,3372,1073,541,532,1106,577,529,371,214,157,1780,988,792,591,327,264,131,70,61,1670,875,795,552,310,242
7986,C4920,24,485,District-Dohad  ,Total,20-29,5116,2920,2196,607,337,270,643,346,297,183,97,86,1807,1085,722,255,151,104,200,134,66,1124,582,542,297,188,109
7987,C4920,24,485,District-Dohad  ,Total,30-39,3973,2410,1563,505,299,206,560,326,234,134,75,59,1292,851,441,160,103,57,195,128,67,959,537,422,168,91,77
7988,C4920,24,485,District-Dohad  ,Total,40-49,3062,1848,1214,459,260,199,477,268,209,105,68,37,887,606,281,135,91,44,159,92,67,697,370,327,143,93,50
7989,C4920,24,485,District-Dohad  ,Total,50-59,2325,1411,914,379,223,156,441,257,184,64,43,21,646,428,218,64,39,25,94,56,38,526,296,230,111,69,42
7990,C4920,24,485,District-Dohad  ,Total,60-69,2034,1059,975,479,236,243,435,203,232,43,22,21,507,285,222,27,19,8,52,32,20,360,186,174,131,76,55
7991,C4920,24,485,District-Dohad  ,Total,70-79,1271,588,683,321,132,189,328,156,172,20,9,11,331,169,162,8,1,7,17,10,7,146,65,81,100,46,54
7992,C4920,24,485,District-Dohad  ,Total,80-89,449,193,256,122,52,70,118,50,68,5,3,2,94,47,47,7,5,2,3,2,1,37,20,17,63,14,49
7993,C4920,24,485,District-Dohad  ,Total,90+,173,85,88,31,6,25,41,23,18,2,1,1,31,18,13,1,1,0,1,1,0,30,18,12,36,17,19
7994,C4920,24,485,District-Dohad  ,Total,Age Not Stated,111,64,47,19,8,11,15,6,9,1,0,1,28,19,9,4,2,2,2,2,0,38,24,14,4,3,1
7995,C4920,24,485,District-Dohad  ,Rural,Total,28774,16058,12716,4612,2403,2209,4841,2593,2248,1056,614,442,7431,4514,2917,1266,741,525,787,484,303,6993,3698,3295,1788,1011,777
7996,C4920,24,485,District-Dohad  ,Rural,0-4,2303,1226,1077,393,200,193,419,228,191,36,22,14,275,153,122,43,21,22,10,6,4,1006,523,483,121,73,48
7997,C4920,24,485,District-Dohad  ,Rural,5-9,3153,1724,1429,543,273,270,575,309,266,228,140,88,417,250,167,208,116,92,35,18,17,876,465,411,271,153,118
7998,C4920,24,485,District-Dohad  ,Rural,10-19,6745,3611,3134,1022,517,505,1051,551,500,331,186,145,1691,944,747,505,276,229,118,62,56,1546,807,739,481,268,213
7999,C4920,24,485,District-Dohad  ,Rural,20-29,4668,2669,1999,563,317,246,603,323,280,148,80,68,1693,1020,673,207,122,85,175,116,59,1016,526,490,263,165,98
8000,C4920,24,485,District-Dohad  ,Rural,30-39,3590,2188,1402,456,272,184,512,300,212,119,67,52,1162,767,395,126,84,42,169,113,56,898,505,393,148,80,68
8001,C4920,24,485,District-Dohad  ,Rural,40-49,2706,1641,1065,414,234,180,434,245,189,83,56,27,795,548,247,97,69,28,138,80,58,622,325,297,123,84,39
8002,C4920,24,485,District-Dohad  ,Rural,50-59,2025,1230,795,333,198,135,402,235,167,52,36,16,555,367,188,44,29,15,81,49,32,465,260,205,93,56,37
8003,C4920,24,485,District-Dohad  ,Rural,60-69,1830,957,873,440,216,224,401,192,209,36,16,20,445,254,191,21,16,5,46,29,17,330,172,158,111,62,49
8004,C4920,24,485,District-Dohad  ,Rural,70-79,1104,502,602,287,115,172,289,136,153,16,8,8,272,138,134,7,1,6,11,7,4,136,56,80,86,41,45
8005,C4920,24,485,District-Dohad  ,Rural,80-89,387,168,219,113,47,66,102,46,56,4,2,2,76,39,37,4,4,0,1,1,0,32,18,14,55,11,44
8006,C4920,24,485,District-Dohad  ,Rural,90+,159,81,78,29,6,23,39,22,17,2,1,1,25,17,8,1,1,0,1,1,0,30,18,12,32,15,17
8007,C4920,24,485,District-Dohad  ,Rural,Age Not Stated,104,61,43,19,8,11,14,6,8,1,0,1,25,17,8,3,2,1,2,2,0,36,23,13,4,3,1
8008,C4920,24,485,District-Dohad  ,Urban,Total,2858,1579,1279,368,185,183,359,181,178,162,94,68,703,406,297,264,148,116,117,69,48,643,351,292,242,145,97
8009,C4920,24,485,District-Dohad  ,Urban,0-4,199,99,100,27,10,17,24,15,9,9,5,4,17,8,9,8,4,4,1,0,1,105,50,55,8,7,1
8010,C4920,24,485,District-Dohad  ,Urban,5-9,189,108,81,22,11,11,18,10,8,17,9,8,22,13,9,19,9,10,4,2,2,62,38,24,25,16,9
8011,C4920,24,485,District-Dohad  ,Urban,10-19,529,291,238,51,24,27,55,26,29,40,28,12,89,44,45,86,51,35,13,8,5,124,68,56,71,42,29
8012,C4920,24,485,District-Dohad  ,Urban,20-29,448,251,197,44,20,24,40,23,17,35,17,18,114,65,49,48,29,19,25,18,7,108,56,52,34,23,11
8013,C4920,24,485,District-Dohad  ,Urban,30-39,383,222,161,49,27,22,48,26,22,15,8,7,130,84,46,34,19,15,26,15,11,61,32,29,20,11,9
8014,C4920,24,485,District-Dohad  ,Urban,40-49,356,207,149,45,26,19,43,23,20,22,12,10,92,58,34,38,22,16,21,12,9,75,45,30,20,9,11
8015,C4920,24,485,District-Dohad  ,Urban,50-59,300,181,119,46,25,21,39,22,17,12,7,5,91,61,30,20,10,10,13,7,6,61,36,25,18,13,5
8016,C4920,24,485,District-Dohad  ,Urban,60-69,204,102,102,39,20,19,34,11,23,7,6,1,62,31,31,6,3,3,6,3,3,30,14,16,20,14,6
8017,C4920,24,485,District-Dohad  ,Urban,70-79,167,86,81,34,17,17,39,20,19,4,1,3,59,31,28,1,0,1,6,3,3,10,9,1,14,5,9
8018,C4920,24,485,District-Dohad  ,Urban,80-89,62,25,37,9,5,4,16,4,12,1,1,0,18,8,10,3,1,2,2,1,1,5,2,3,8,3,5
8019,C4920,24,485,District-Dohad  ,Urban,90+,14,4,10,2,0,2,2,1,1,0,0,0,6,1,5,0,0,0,0,0,0,0,0,0,4,2,2
8020,C4920,24,485,District-Dohad  ,Urban,Age Not Stated,7,3,4,0,0,0,1,0,1,0,0,0,3,2,1,1,0,1,0,0,0,2,1,1,0,0,0
8021,C4920,24,486,District-Vadodara,Total,Total,85797,47802,37995,21748,11587,10161,17918,9574,8344,5771,3302,2469,12363,7687,4676,4818,2747,2071,2531,1487,1044,16630,9111,7519,4018,2307,1711
8022,C4920,24,486,District-Vadodara,Total,0-4,4857,2603,2254,1434,744,690,1106,569,537,100,64,36,285,162,123,129,73,56,54,28,26,1548,842,706,201,121,80
8023,C4920,24,486,District-Vadodara,Total,5-9,6397,3599,2798,1669,910,759,1237,674,563,572,348,224,499,291,208,515,303,212,123,73,50,1319,725,594,463,275,188
8024,C4920,24,486,District-Vadodara,Total,10-19,14457,8309,6148,3652,2085,1567,2784,1558,1226,1180,693,487,1366,813,553,1376,808,568,339,214,125,2817,1582,1235,943,556,387
8025,C4920,24,486,District-Vadodara,Total,20-29,13816,7665,6151,3422,1811,1611,2847,1513,1334,1083,602,481,1945,1190,755,900,517,383,424,246,178,2591,1422,1169,604,364,240
8026,C4920,24,486,District-Vadodara,Total,30-39,12930,7325,5605,2987,1606,1381,2516,1357,1159,896,502,394,2273,1434,839,787,420,367,556,351,205,2486,1397,1089,429,258,171
8027,C4920,24,486,District-Vadodara,Total,40-49,11414,6515,4899,2727,1489,1238,2270,1231,1039,751,418,333,1977,1306,671,547,321,226,500,302,198,2290,1239,1051,352,209,143
8028,C4920,24,486,District-Vadodara,Total,50-59,8933,5143,3790,2340,1257,1083,1897,1058,839,581,325,256,1618,1104,514,298,166,132,287,154,133,1661,937,724,251,142,109
8029,C4920,24,486,District-Vadodara,Total,60-69,6917,3696,3221,1943,967,976,1571,807,764,363,214,149,1308,803,505,149,75,74,152,76,76,1104,578,526,327,176,151
8030,C4920,24,486,District-Vadodara,Total,70-79,3791,1881,1910,1016,462,554,1028,510,518,165,94,71,716,396,320,77,42,35,69,32,37,476,228,248,244,117,127
8031,C4920,24,486,District-Vadodara,Total,80-89,1349,607,742,355,161,194,411,189,222,43,22,21,237,112,125,12,6,6,8,3,5,157,56,101,126,58,68
8032,C4920,24,486,District-Vadodara,Total,90+,460,193,267,120,50,70,135,53,82,16,8,8,65,27,38,11,7,4,7,3,4,53,25,28,53,20,33
8033,C4920,24,486,District-Vadodara,Total,Age Not Stated,476,266,210,83,45,38,116,55,61,21,12,9,74,49,25,17,9,8,12,5,7,128,80,48,25,11,14
8034,C4920,24,486,District-Vadodara,Rural,Total,33865,18970,14895,6902,3607,3295,5294,2811,2483,1845,1104,741,6949,4341,2608,2299,1264,1035,1163,699,464,7169,3881,3288,2244,1263,981
8035,C4920,24,486,District-Vadodara,Rural,0-4,1729,935,794,359,179,180,280,143,137,35,21,14,172,98,74,47,22,25,23,14,9,697,387,310,116,71,45
8036,C4920,24,486,District-Vadodara,Rural,5-9,2878,1610,1268,518,275,243,416,227,189,269,170,99,312,182,130,347,199,148,65,36,29,665,354,311,286,167,119
8037,C4920,24,486,District-Vadodara,Rural,10-19,5792,3314,2478,1081,614,467,759,432,327,425,258,167,816,485,331,754,439,315,185,119,66,1254,667,587,518,300,218
8038,C4920,24,486,District-Vadodara,Rural,20-29,4637,2710,1927,760,430,330,583,326,257,309,181,128,1124,717,407,344,189,155,188,113,75,1024,569,455,305,185,120
8039,C4920,24,486,District-Vadodara,Rural,30-39,4766,2814,1952,728,424,304,624,336,288,282,164,118,1297,840,457,363,180,183,258,169,89,1018,578,440,196,123,73
8040,C4920,24,486,District-Vadodara,Rural,40-49,4161,2457,1704,735,399,336,584,331,253,210,129,81,1072,725,347,231,122,109,223,137,86,952,522,430,154,92,62
8041,C4920,24,486,District-Vadodara,Rural,50-59,3469,1976,1493,867,454,413,586,319,267,147,81,66,848,559,289,123,65,58,111,63,48,657,368,289,130,67,63
8042,C4920,24,486,District-Vadodara,Rural,60-69,3328,1698,1630,977,433,544,664,336,328,106,63,43,718,427,291,50,26,24,69,30,39,525,265,260,219,118,101
8043,C4920,24,486,District-Vadodara,Rural,70-79,1982,940,1042,594,264,330,504,233,271,41,24,17,384,203,181,31,18,13,32,15,17,217,105,112,179,78,101
8044,C4920,24,486,District-Vadodara,Rural,80-89,704,317,387,209,101,108,196,88,108,11,5,6,124,64,60,2,0,2,4,2,2,71,18,53,87,39,48
8045,C4920,24,486,District-Vadodara,Rural,90+,225,92,133,51,22,29,63,21,42,3,2,1,40,18,22,3,2,1,2,0,2,22,10,12,41,17,24
8046,C4920,24,486,District-Vadodara,Rural,Age Not Stated,194,107,87,23,12,11,35,19,16,7,6,1,42,23,19,4,2,2,3,1,2,67,38,29,13,6,7
8047,C4920,24,486,District-Vadodara,Urban,Total,51932,28832,23100,14846,7980,6866,12624,6763,5861,3926,2198,1728,5414,3346,2068,2519,1483,1036,1368,788,580,9461,5230,4231,1774,1044,730
8048,C4920,24,486,District-Vadodara,Urban,0-4,3128,1668,1460,1075,565,510,826,426,400,65,43,22,113,64,49,82,51,31,31,14,17,851,455,396,85,50,35
8049,C4920,24,486,District-Vadodara,Urban,5-9,3519,1989,1530,1151,635,516,821,447,374,303,178,125,187,109,78,168,104,64,58,37,21,654,371,283,177,108,69
8050,C4920,24,486,District-Vadodara,Urban,10-19,8665,4995,3670,2571,1471,1100,2025,1126,899,755,435,320,550,328,222,622,369,253,154,95,59,1563,915,648,425,256,169
8051,C4920,24,486,District-Vadodara,Urban,20-29,9179,4955,4224,2662,1381,1281,2264,1187,1077,774,421,353,821,473,348,556,328,228,236,133,103,1567,853,714,299,179,120
8052,C4920,24,486,District-Vadodara,Urban,30-39,8164,4511,3653,2259,1182,1077,1892,1021,871,614,338,276,976,594,382,424,240,184,298,182,116,1468,819,649,233,135,98
8053,C4920,24,486,District-Vadodara,Urban,40-49,7253,4058,3195,1992,1090,902,1686,900,786,541,289,252,905,581,324,316,199,117,277,165,112,1338,717,621,198,117,81
8054,C4920,24,486,District-Vadodara,Urban,50-59,5464,3167,2297,1473,803,670,1311,739,572,434,244,190,770,545,225,175,101,74,176,91,85,1004,569,435,121,75,46
8055,C4920,24,486,District-Vadodara,Urban,60-69,3589,1998,1591,966,534,432,907,471,436,257,151,106,590,376,214,99,49,50,83,46,37,579,313,266,108,58,50
8056,C4920,24,486,District-Vadodara,Urban,70-79,1809,941,868,422,198,224,524,277,247,124,70,54,332,193,139,46,24,22,37,17,20,259,123,136,65,39,26
8057,C4920,24,486,District-Vadodara,Urban,80-89,645,290,355,146,60,86,215,101,114,32,17,15,113,48,65,10,6,4,4,1,3,86,38,48,39,19,20
8058,C4920,24,486,District-Vadodara,Urban,90+,235,101,134,69,28,41,72,32,40,13,6,7,25,9,16,8,5,3,5,3,2,31,15,16,12,3,9
8059,C4920,24,486,District-Vadodara,Urban,Age Not Stated,282,159,123,60,33,27,81,36,45,14,6,8,32,26,6,13,7,6,9,4,5,61,42,19,12,5,7
8060,C4920,24,487,District-Narmada,Total,Total,7854,4471,3383,1105,602,503,1422,787,635,385,214,171,1839,1177,662,455,275,180,331,170,161,1793,935,858,524,311,213
8061,C4920,24,487,District-Narmada,Total,0-4,366,203,163,48,24,24,73,43,30,13,10,3,45,27,18,13,9,4,2,1,1,149,73,76,23,16,7
8062,C4920,24,487,District-Narmada,Total,5-9,659,372,287,96,53,43,128,75,53,57,37,20,60,34,26,81,48,33,18,7,11,139,72,67,80,46,34
8063,C4920,24,487,District-Narmada,Total,10-19,1545,841,704,228,113,115,270,154,116,91,49,42,238,142,96,160,104,56,45,20,25,373,179,194,140,80,60
8064,C4920,24,487,District-Narmada,Total,20-29,1093,611,482,124,67,57,155,84,71,57,27,30,292,178,114,70,38,32,52,31,21,250,130,120,93,56,37
8065,C4920,24,487,District-Narmada,Total,30-39,1201,701,500,132,73,59,212,110,102,60,32,28,339,232,107,57,29,28,62,34,28,289,156,133,50,35,15
8066,C4920,24,487,District-Narmada,Total,40-49,1036,638,398,142,88,54,159,96,63,40,25,15,300,208,92,44,23,21,74,42,32,229,126,103,48,30,18
8067,C4920,24,487,District-Narmada,Total,50-59,715,409,306,110,55,55,136,72,64,39,21,18,189,135,54,21,15,6,41,19,22,156,82,74,23,10,13
8068,C4920,24,487,District-Narmada,Total,60-69,697,398,299,113,68,45,169,85,84,21,8,13,216,136,80,8,8,0,24,11,13,113,62,51,33,20,13
8069,C4920,24,487,District-Narmada,Total,70-79,336,186,150,70,38,32,76,44,32,3,2,1,104,58,46,1,1,0,8,3,5,57,32,25,17,8,9
8070,C4920,24,487,District-Narmada,Total,80-89,141,74,67,33,17,16,31,16,15,3,2,1,42,20,22,0,0,0,2,0,2,18,11,7,12,8,4
8071,C4920,24,487,District-Narmada,Total,90+,43,23,20,8,5,3,6,2,4,0,0,0,11,5,6,0,0,0,1,1,0,13,9,4,4,1,3
8072,C4920,24,487,District-Narmada,Total,Age Not Stated,22,15,7,1,1,0,7,6,1,1,1,0,3,2,1,0,0,0,2,1,1,7,3,4,1,1,0
8073,C4920,24,487,District-Narmada,Rural,Total,6947,3929,3018,974,540,434,1241,665,576,340,192,148,1623,1020,603,417,250,167,291,147,144,1604,845,759,457,270,187
8074,C4920,24,487,District-Narmada,Rural,0-4,335,181,154,47,23,24,67,39,28,12,9,3,38,21,17,11,7,4,2,1,1,138,68,70,20,13,7
8075,C4920,24,487,District-Narmada,Rural,5-9,613,339,274,88,47,41,114,63,51,53,36,17,56,31,25,81,48,33,17,7,10,128,63,65,76,44,32
8076,C4920,24,487,District-Narmada,Rural,10-19,1365,748,617,193,107,86,219,112,107,83,44,39,222,131,91,153,100,53,39,17,22,332,165,167,124,72,52
8077,C4920,24,487,District-Narmada,Rural,20-29,927,516,411,103,55,48,130,70,60,43,20,23,254,155,99,59,31,28,44,25,19,219,115,104,75,45,30
8078,C4920,24,487,District-Narmada,Rural,30-39,1072,619,453,119,67,52,194,99,95,56,30,26,299,200,99,51,26,25,57,30,27,256,139,117,40,28,12
8079,C4920,24,487,District-Narmada,Rural,40-49,909,556,353,127,79,48,135,82,53,33,21,12,265,180,85,38,20,18,62,33,29,203,113,90,46,28,18
8080,C4920,24,487,District-Narmada,Rural,50-59,629,358,271,96,48,48,124,64,60,36,21,15,160,111,49,16,10,6,36,18,18,140,77,63,21,9,12
8081,C4920,24,487,District-Narmada,Rural,60-69,616,346,270,99,58,41,151,75,76,17,6,11,191,117,74,7,7,0,22,11,11,101,55,46,28,17,11
8082,C4920,24,487,District-Narmada,Rural,70-79,295,165,130,61,34,27,67,39,28,3,2,1,88,49,39,1,1,0,7,3,4,53,31,22,15,6,9
8083,C4920,24,487,District-Narmada,Rural,80-89,124,65,59,33,17,16,27,14,13,3,2,1,37,18,19,0,0,0,2,0,2,15,8,7,7,6,1
8084,C4920,24,487,District-Narmada,Rural,90+,42,23,19,8,5,3,6,2,4,0,0,0,10,5,5,0,0,0,1,1,0,13,9,4,4,1,3
8085,C4920,24,487,District-Narmada,Rural,Age Not Stated,20,13,7,0,0,0,7,6,1,1,1,0,3,2,1,0,0,0,2,1,1,6,2,4,1,1,0
8086,C4920,24,487,District-Narmada,Urban,Total,907,542,365,131,62,69,181,122,59,45,22,23,216,157,59,38,25,13,40,23,17,189,90,99,67,41,26
8087,C4920,24,487,District-Narmada,Urban,0-4,31,22,9,1,1,0,6,4,2,1,1,0,7,6,1,2,2,0,0,0,0,11,5,6,3,3,0
8088,C4920,24,487,District-Narmada,Urban,5-9,46,33,13,8,6,2,14,12,2,4,1,3,4,3,1,0,0,0,1,0,1,11,9,2,4,2,2
8089,C4920,24,487,District-Narmada,Urban,10-19,180,93,87,35,6,29,51,42,9,8,5,3,16,11,5,7,4,3,6,3,3,41,14,27,16,8,8
8090,C4920,24,487,District-Narmada,Urban,20-29,166,95,71,21,12,9,25,14,11,14,7,7,38,23,15,11,7,4,8,6,2,31,15,16,18,11,7
8091,C4920,24,487,District-Narmada,Urban,30-39,129,82,47,13,6,7,18,11,7,4,2,2,40,32,8,6,3,3,5,4,1,33,17,16,10,7,3
8092,C4920,24,487,District-Narmada,Urban,40-49,127,82,45,15,9,6,24,14,10,7,4,3,35,28,7,6,3,3,12,9,3,26,13,13,2,2,0
8093,C4920,24,487,District-Narmada,Urban,50-59,86,51,35,14,7,7,12,8,4,3,0,3,29,24,5,5,5,0,5,1,4,16,5,11,2,1,1
8094,C4920,24,487,District-Narmada,Urban,60-69,81,52,29,14,10,4,18,10,8,4,2,2,25,19,6,1,1,0,2,0,2,12,7,5,5,3,2
8095,C4920,24,487,District-Narmada,Urban,70-79,41,21,20,9,4,5,9,5,4,0,0,0,16,9,7,0,0,0,1,0,1,4,1,3,2,2,0
8096,C4920,24,487,District-Narmada,Urban,80-89,17,9,8,0,0,0,4,2,2,0,0,0,5,2,3,0,0,0,0,0,0,3,3,0,5,2,3
8097,C4920,24,487,District-Narmada,Urban,90+,1,0,1,0,0,0,0,0,0,0,0,0,1,0,1,0,0,0,0,0,0,0,0,0,0,0,0
8098,C4920,24,487,District-Narmada,Urban,Age Not Stated,2,2,0,1,1,0,0,0,0,0,0,0,0,0,0,0,0,0,0,0,0,1,1,0,0,0,0
8099,C4920,24,488,District-Bharuch,Total,Total,26003,14552,11451,4659,2460,2199,4592,2443,2149,1411,858,553,4532,2837,1695,1562,902,660,990,592,398,6591,3530,3061,1666,930,736
8100,C4920,24,488,District-Bharuch,Total,0-4,1260,691,569,271,145,126,241,130,111,19,13,6,55,30,25,37,28,9,17,9,8,557,305,252,63,31,32
8101,C4920,24,488,District-Bharuch,Total,5-9,1865,1017,848,295,166,129,298,152,146,157,89,68,163,99,64,186,95,91,47,27,20,544,281,263,175,108,67
8102,C4920,24,488,District-Bharuch,Total,10-19,4459,2509,1950,730,354,376,637,349,288,326,214,112,503,316,187,504,303,201,151,85,66,1209,655,554,399,233,166
8103,C4920,24,488,District-Bharuch,Total,20-29,3776,2216,1560,548,301,247,622,357,265,264,171,93,641,426,215,279,156,123,140,94,46,1031,566,465,251,145,106
8104,C4920,24,488,District-Bharuch,Total,30-39,3799,2195,1604,542,305,237,560,316,244,202,123,79,894,573,321,244,131,113,190,118,72,1003,531,472,164,98,66
8105,C4920,24,488,District-Bharuch,Total,40-49,3465,2080,1385,559,320,239,551,321,230,174,94,80,742,506,236,173,105,68,187,113,74,953,536,417,126,85,41
8106,C4920,24,488,District-Bharuch,Total,50-59,2588,1503,1085,509,298,211,481,258,223,124,75,49,560,346,214,92,54,38,140,89,51,572,311,261,110,72,38
8107,C4920,24,488,District-Bharuch,Total,60-69,2309,1225,1084,570,285,285,526,280,246,74,44,30,510,316,194,28,17,11,73,37,36,416,194,222,112,52,60
8108,C4920,24,488,District-Bharuch,Total,70-79,1617,750,867,444,206,238,443,194,249,49,26,23,322,156,166,8,6,2,29,15,14,188,91,97,134,56,78
8109,C4920,24,488,District-Bharuch,Total,80-89,560,224,336,121,51,70,165,55,110,15,6,9,105,48,57,5,3,2,9,3,6,51,23,28,89,35,54
8110,C4920,24,488,District-Bharuch,Total,90+,175,66,109,38,13,25,49,17,32,2,0,2,21,8,13,2,2,0,1,0,1,30,16,14,32,10,22
8111,C4920,24,488,District-Bharuch,Total,Age Not Stated,130,76,54,32,16,16,19,14,5,5,3,2,16,13,3,4,2,2,6,2,4,37,21,16,11,5,6
8112,C4920,24,488,District-Bharuch,Rural,Total,17146,9562,7584,2985,1542,1443,2947,1517,1430,885,542,343,3378,2122,1256,1075,620,455,751,444,307,3864,2066,1798,1261,709,552
8113,C4920,24,488,District-Bharuch,Rural,0-4,774,410,364,149,73,76,142,72,70,8,5,3,49,28,21,24,19,5,11,6,5,344,186,158,47,21,26
8114,C4920,24,488,District-Bharuch,Rural,5-9,1259,676,583,194,106,88,184,86,98,109,63,46,133,76,57,147,74,73,39,21,18,314,159,155,139,91,48
8115,C4920,24,488,District-Bharuch,Rural,10-19,2989,1668,1321,453,200,253,405,228,177,220,148,72,382,240,142,373,217,156,113,62,51,734,391,343,309,182,127
8116,C4920,24,488,District-Bharuch,Rural,20-29,2281,1375,906,308,170,138,343,200,143,160,102,58,451,305,146,179,104,75,111,73,38,564,323,241,165,98,67
8117,C4920,24,488,District-Bharuch,Rural,30-39,2398,1407,991,312,181,131,323,176,147,110,62,48,680,448,232,147,76,71,148,89,59,553,298,255,125,77,48
8118,C4920,24,488,District-Bharuch,Rural,40-49,2186,1330,856,332,201,131,336,189,147,117,64,53,534,359,175,113,74,39,134,82,52,528,296,232,92,65,27
8119,C4920,24,488,District-Bharuch,Rural,50-59,1679,974,705,305,169,136,299,154,145,68,44,24,412,263,149,58,33,25,105,66,39,352,195,157,80,50,30
8120,C4920,24,488,District-Bharuch,Rural,60-69,1676,880,796,436,215,221,387,196,191,46,30,16,380,236,144,19,12,7,53,27,26,275,127,148,80,37,43
8121,C4920,24,488,District-Bharuch,Rural,70-79,1255,568,687,352,165,187,359,153,206,33,17,16,246,114,132,7,6,1,24,13,11,121,54,67,113,46,67
8122,C4920,24,488,District-Bharuch,Rural,80-89,424,169,255,93,38,55,118,42,76,9,5,4,84,37,47,2,1,1,8,3,5,34,14,20,76,29,47
8123,C4920,24,488,District-Bharuch,Rural,90+,133,49,84,27,10,17,40,13,27,1,0,1,15,6,9,2,2,0,1,0,1,19,9,10,28,9,19
8124,C4920,24,488,District-Bharuch,Rural,Age Not Stated,92,56,36,24,14,10,11,8,3,4,2,2,12,10,2,4,2,2,4,2,2,26,14,12,7,4,3
8125,C4920,24,488,District-Bharuch,Urban,Total,8857,4990,3867,1674,918,756,1645,926,719,526,316,210,1154,715,439,487,282,205,239,148,91,2727,1464,1263,405,221,184
8126,C4920,24,488,District-Bharuch,Urban,0-4,486,281,205,122,72,50,99,58,41,11,8,3,6,2,4,13,9,4,6,3,3,213,119,94,16,10,6
8127,C4920,24,488,District-Bharuch,Urban,5-9,606,341,265,101,60,41,114,66,48,48,26,22,30,23,7,39,21,18,8,6,2,230,122,108,36,17,19
8128,C4920,24,488,District-Bharuch,Urban,10-19,1470,841,629,277,154,123,232,121,111,106,66,40,121,76,45,131,86,45,38,23,15,475,264,211,90,51,39
8129,C4920,24,488,District-Bharuch,Urban,20-29,1495,841,654,240,131,109,279,157,122,104,69,35,190,121,69,100,52,48,29,21,8,467,243,224,86,47,39
8130,C4920,24,488,District-Bharuch,Urban,30-39,1401,788,613,230,124,106,237,140,97,92,61,31,214,125,89,97,55,42,42,29,13,450,233,217,39,21,18
8131,C4920,24,488,District-Bharuch,Urban,40-49,1279,750,529,227,119,108,215,132,83,57,30,27,208,147,61,60,31,29,53,31,22,425,240,185,34,20,14
8132,C4920,24,488,District-Bharuch,Urban,50-59,909,529,380,204,129,75,182,104,78,56,31,25,148,83,65,34,21,13,35,23,12,220,116,104,30,22,8
8133,C4920,24,488,District-Bharuch,Urban,60-69,633,345,288,134,70,64,139,84,55,28,14,14,130,80,50,9,5,4,20,10,10,141,67,74,32,15,17
8134,C4920,24,488,District-Bharuch,Urban,70-79,362,182,180,92,41,51,84,41,43,16,9,7,76,42,34,1,0,1,5,2,3,67,37,30,21,10,11
8135,C4920,24,488,District-Bharuch,Urban,80-89,136,55,81,28,13,15,47,13,34,6,1,5,21,11,10,3,2,1,1,0,1,17,9,8,13,6,7
8136,C4920,24,488,District-Bharuch,Urban,90+,42,17,25,11,3,8,9,4,5,1,0,1,6,2,4,0,0,0,0,0,0,11,7,4,4,1,3
8137,C4920,24,488,District-Bharuch,Urban,Age Not Stated,38,20,18,8,2,6,8,6,2,1,1,0,4,3,1,0,0,0,2,0,2,11,7,4,4,1,3
8138,C4920,24,489,District-The Dangs,Total,Total,3214,1731,1483,678,337,341,590,294,296,136,78,58,663,408,255,198,98,100,81,46,35,535,295,240,333,175,158
8139,C4920,24,489,District-The Dangs,Total,0-4,185,92,93,45,22,23,34,12,22,5,2,3,11,6,5,10,5,5,1,1,0,57,30,27,22,14,8
8140,C4920,24,489,District-The Dangs,Total,5-9,370,217,153,85,45,40,44,28,16,19,12,7,42,28,14,48,25,23,3,2,1,63,37,26,66,40,26
8141,C4920,24,489,District-The Dangs,Total,10-19,640,328,312,164,77,87,79,43,36,32,20,12,90,52,38,77,36,41,14,9,5,113,59,54,71,32,39
8142,C4920,24,489,District-The Dangs,Total,20-29,509,261,248,80,38,42,67,29,38,31,16,15,158,90,68,31,12,19,17,6,11,82,44,38,43,26,17
8143,C4920,24,489,District-The Dangs,Total,30-39,341,192,149,65,40,25,66,35,31,10,6,4,77,46,31,15,11,4,17,9,8,67,32,35,24,13,11
8144,C4920,24,489,District-The Dangs,Total,40-49,321,191,130,56,29,27,55,28,27,15,8,7,79,54,25,11,6,5,19,11,8,65,40,25,21,15,6
8145,C4920,24,489,District-The Dangs,Total,50-59,309,174,135,58,28,30,82,40,42,10,7,3,89,57,32,6,3,3,6,5,1,48,30,18,10,4,6
8146,C4920,24,489,District-The Dangs,Total,60-69,280,154,126,68,32,36,79,39,40,12,6,6,65,45,20,0,0,0,2,1,1,28,18,10,26,13,13
8147,C4920,24,489,District-The Dangs,Total,70-79,175,86,89,47,22,25,54,25,29,0,0,0,38,23,15,0,0,0,2,2,0,9,5,4,25,9,16
8148,C4920,24,489,District-The Dangs,Total,80-89,61,29,32,9,4,5,25,13,12,1,1,0,11,6,5,0,0,0,0,0,0,0,0,0,15,5,10
8149,C4920,24,489,District-The Dangs,Total,90+,20,6,14,1,0,1,5,2,3,1,0,1,3,1,2,0,0,0,0,0,0,1,0,1,9,3,6
8150,C4920,24,489,District-The Dangs,Total,Age Not Stated,3,1,2,0,0,0,0,0,0,0,0,0,0,0,0,0,0,0,0,0,0,2,0,2,1,1,0
8151,C4920,24,489,District-The Dangs,Rural,Total,2932,1577,1355,636,315,321,553,273,280,117,73,44,585,367,218,183,89,94,73,44,29,473,253,220,312,163,149
8152,C4920,24,489,District-The Dangs,Rural,0-4,175,89,86,43,21,22,33,12,21,4,2,2,11,6,5,10,5,5,1,1,0,53,28,25,20,14,6
8153,C4920,24,489,District-The Dangs,Rural,5-9,354,207,147,83,43,40,41,26,15,18,12,6,40,27,13,46,24,22,3,2,1,60,35,25,63,38,25
8154,C4920,24,489,District-The Dangs,Rural,10-19,591,303,288,159,74,85,77,42,35,30,19,11,79,47,32,69,32,37,12,9,3,100,51,49,65,29,36
8155,C4920,24,489,District-The Dangs,Rural,20-29,456,237,219,70,34,36,62,26,36,26,15,11,140,81,59,29,11,18,14,6,8,73,39,34,42,25,17
8156,C4920,24,489,District-The Dangs,Rural,30-39,303,169,134,63,39,24,59,30,29,7,5,2,67,41,26,14,10,4,17,9,8,57,24,33,19,11,8
8157,C4920,24,489,District-The Dangs,Rural,40-49,279,162,117,52,27,25,46,24,22,13,7,6,69,48,21,9,4,5,17,9,8,55,31,24,18,12,6
8158,C4920,24,489,District-The Dangs,Rural,50-59,279,158,121,52,25,27,77,36,41,8,6,2,78,53,25,6,3,3,5,5,0,44,27,17,9,3,6
8159,C4920,24,489,District-The Dangs,Rural,60-69,251,137,114,60,27,33,76,38,38,9,6,3,56,38,18,0,0,0,2,1,1,22,14,8,26,13,13
8160,C4920,24,489,District-The Dangs,Rural,70-79,163,80,83,44,21,23,52,24,28,0,0,0,33,20,13,0,0,0,2,2,0,7,4,3,25,9,16
8161,C4920,24,489,District-The Dangs,Rural,80-89,59,28,31,9,4,5,25,13,12,1,1,0,9,5,4,0,0,0,0,0,0,0,0,0,15,5,10
8162,C4920,24,489,District-The Dangs,Rural,90+,20,6,14,1,0,1,5,2,3,1,0,1,3,1,2,0,0,0,0,0,0,1,0,1,9,3,6
8163,C4920,24,489,District-The Dangs,Rural,Age Not Stated,2,1,1,0,0,0,0,0,0,0,0,0,0,0,0,0,0,0,0,0,0,1,0,1,1,1,0
8164,C4920,24,489,District-The Dangs,Urban,Total,282,154,128,42,22,20,37,21,16,19,5,14,78,41,37,15,9,6,8,2,6,62,42,20,21,12,9
8165,C4920,24,489,District-The Dangs,Urban,0-4,10,3,7,2,1,1,1,0,1,1,0,1,0,0,0,0,0,0,0,0,0,4,2,2,2,0,2
8166,C4920,24,489,District-The Dangs,Urban,5-9,16,10,6,2,2,0,3,2,1,1,0,1,2,1,1,2,1,1,0,0,0,3,2,1,3,2,1
8167,C4920,24,489,District-The Dangs,Urban,10-19,49,25,24,5,3,2,2,1,1,2,1,1,11,5,6,8,4,4,2,0,2,13,8,5,6,3,3
8168,C4920,24,489,District-The Dangs,Urban,20-29,53,24,29,10,4,6,5,3,2,5,1,4,18,9,9,2,1,1,3,0,3,9,5,4,1,1,0
8169,C4920,24,489,District-The Dangs,Urban,30-39,38,23,15,2,1,1,7,5,2,3,1,2,10,5,5,1,1,0,0,0,0,10,8,2,5,2,3
8170,C4920,24,489,District-The Dangs,Urban,40-49,42,29,13,4,2,2,9,4,5,2,1,1,10,6,4,2,2,0,2,2,0,10,9,1,3,3,0
8171,C4920,24,489,District-The Dangs,Urban,50-59,30,16,14,6,3,3,5,4,1,2,1,1,11,4,7,0,0,0,1,0,1,4,3,1,1,1,0
8172,C4920,24,489,District-The Dangs,Urban,60-69,29,17,12,8,5,3,3,1,2,3,0,3,9,7,2,0,0,0,0,0,0,6,4,2,0,0,0
8173,C4920,24,489,District-The Dangs,Urban,70-79,12,6,6,3,1,2,2,1,1,0,0,0,5,3,2,0,0,0,0,0,0,2,1,1,0,0,0
8174,C4920,24,489,District-The Dangs,Urban,80-89,2,1,1,0,0,0,0,0,0,0,0,0,2,1,1,0,0,0,0,0,0,0,0,0,0,0,0
8175,C4920,24,489,District-The Dangs,Urban,90+,0,0,0,0,0,0,0,0,0,0,0,0,0,0,0,0,0,0,0,0,0,0,0,0,0,0,0
8176,C4920,24,489,District-The Dangs,Urban,Age Not Stated,1,0,1,0,0,0,0,0,0,0,0,0,0,0,0,0,0,0,0,0,0,1,0,1,0,0,0
8177,C4920,24,490,District-Navsari  ,Total,Total,21515,11541,9974,3163,1618,1545,3127,1572,1555,1197,690,507,4348,2507,1841,1356,718,638,811,419,392,4958,2586,2372,2555,1431,1124
8178,C4920,24,490,District-Navsari  ,Total,0-4,679,374,305,110,62,48,101,49,52,10,9,1,59,34,25,12,7,5,5,2,3,332,181,151,50,30,20
8179,C4920,24,490,District-Navsari  ,Total,5-9,1212,712,500,141,74,67,136,76,60,125,86,39,120,73,47,121,77,44,10,5,5,308,167,141,251,154,97
8180,C4920,24,490,District-Navsari  ,Total,10-19,3539,2018,1521,430,227,203,334,193,141,251,157,94,370,218,152,417,234,183,92,46,46,762,411,351,883,532,351
8181,C4920,24,490,District-Navsari  ,Total,20-29,2795,1508,1287,304,168,136,295,162,133,232,110,122,504,288,216,260,132,128,128,74,54,770,396,374,302,178,124
8182,C4920,24,490,District-Navsari  ,Total,30-39,2803,1572,1231,307,157,150,310,156,154,171,105,66,666,407,259,224,111,113,176,99,77,751,422,329,198,115,83
8183,C4920,24,490,District-Navsari  ,Total,40-49,2700,1483,1217,404,213,191,345,185,160,160,82,78,628,388,240,164,80,84,157,76,81,678,362,316,164,97,67
8184,C4920,24,490,District-Navsari  ,Total,50-59,2502,1395,1107,441,224,217,374,208,166,108,63,45,629,412,217,94,45,49,125,63,62,587,295,292,144,85,59
8185,C4920,24,490,District-Navsari  ,Total,60-69,2362,1231,1131,500,249,251,440,222,218,80,47,33,634,353,281,38,19,19,70,37,33,417,211,206,183,93,90
8186,C4920,24,490,District-Navsari  ,Total,70-79,1767,784,983,352,168,184,463,195,268,40,23,17,451,210,241,17,9,8,30,9,21,217,90,127,197,80,117
8187,C4920,24,490,District-Navsari  ,Total,80-89,816,324,492,134,64,70,242,89,153,14,6,8,215,95,120,6,2,4,11,5,6,61,16,45,133,47,86
8188,C4920,24,490,District-Navsari  ,Total,90+,214,78,136,26,9,17,71,28,43,3,0,3,48,15,33,1,0,1,3,1,2,21,9,12,41,16,25
8189,C4920,24,490,District-Navsari  ,Total,Age Not Stated,126,62,64,14,3,11,16,9,7,3,2,1,24,14,10,2,2,0,4,2,2,54,26,28,9,4,5
8190,C4920,24,490,District-Navsari  ,Rural,Total,13883,7384,6499,2015,1044,971,1964,964,1000,723,407,316,2829,1642,1187,971,504,467,570,281,289,3308,1725,1583,1503,817,686
8191,C4920,24,490,District-Navsari  ,Rural,0-4,399,219,180,56,33,23,46,20,26,6,5,1,38,24,14,8,4,4,5,2,3,202,110,92,38,21,17
8192,C4920,24,490,District-Navsari  ,Rural,5-9,815,467,348,81,43,38,86,52,34,94,62,32,91,51,40,92,56,36,6,2,4,205,115,90,160,86,74
8193,C4920,24,490,District-Navsari  ,Rural,10-19,2215,1210,1005,268,139,129,205,112,93,148,87,61,254,145,109,313,168,145,64,35,29,503,273,230,460,251,209
8194,C4920,24,490,District-Navsari  ,Rural,20-29,1794,960,834,178,100,78,151,80,71,136,61,75,337,189,148,183,94,89,93,53,40,510,262,248,206,121,85
8195,C4920,24,490,District-Navsari  ,Rural,30-39,1843,1022,821,190,95,95,188,91,97,94,57,37,446,273,173,167,83,84,120,63,57,499,277,222,139,83,56
8196,C4920,24,490,District-Navsari  ,Rural,40-49,1799,985,814,262,143,119,224,121,103,90,47,43,428,263,165,115,52,63,118,55,63,450,242,208,112,62,50
8197,C4920,24,490,District-Navsari  ,Rural,50-59,1631,917,714,289,156,133,247,137,110,64,36,28,401,266,135,52,27,25,87,40,47,408,204,204,83,51,32
8198,C4920,24,490,District-Navsari  ,Rural,60-69,1561,810,751,336,162,174,308,142,166,58,35,23,395,227,168,24,12,12,43,20,23,289,152,137,108,60,48
8199,C4920,24,490,District-Navsari  ,Rural,70-79,1140,506,634,240,122,118,316,130,186,24,13,11,268,131,137,10,4,6,19,4,15,151,54,97,112,48,64
8200,C4920,24,490,District-Navsari  ,Rural,80-89,487,206,281,90,43,47,143,56,87,7,3,4,124,57,67,4,2,2,9,4,5,40,12,28,70,29,41
8201,C4920,24,490,District-Navsari  ,Rural,90+,125,44,81,18,6,12,38,16,22,1,0,1,31,9,22,1,0,1,3,1,2,18,7,11,15,5,10
8202,C4920,24,490,District-Navsari  ,Rural,Age Not Stated,74,38,36,7,2,5,12,7,5,1,1,0,16,7,9,2,2,0,3,2,1,33,17,16,0,0,0
8203,C4920,24,490,District-Navsari  ,Urban,Total,7632,4157,3475,1148,574,574,1163,608,555,474,283,191,1519,865,654,385,214,171,241,138,103,1650,861,789,1052,614,438
8204,C4920,24,490,District-Navsari  ,Urban,0-4,280,155,125,54,29,25,55,29,26,4,4,0,21,10,11,4,3,1,0,0,0,130,71,59,12,9,3
8205,C4920,24,490,District-Navsari  ,Urban,5-9,397,245,152,60,31,29,50,24,26,31,24,7,29,22,7,29,21,8,4,3,1,103,52,51,91,68,23
8206,C4920,24,490,District-Navsari  ,Urban,10-19,1324,808,516,162,88,74,129,81,48,103,70,33,116,73,43,104,66,38,28,11,17,259,138,121,423,281,142
8207,C4920,24,490,District-Navsari  ,Urban,20-29,1001,548,453,126,68,58,144,82,62,96,49,47,167,99,68,77,38,39,35,21,14,260,134,126,96,57,39
8208,C4920,24,490,District-Navsari  ,Urban,30-39,960,550,410,117,62,55,122,65,57,77,48,29,220,134,86,57,28,29,56,36,20,252,145,107,59,32,27
8209,C4920,24,490,District-Navsari  ,Urban,40-49,901,498,403,142,70,72,121,64,57,70,35,35,200,125,75,49,28,21,39,21,18,228,120,108,52,35,17
8210,C4920,24,490,District-Navsari  ,Urban,50-59,871,478,393,152,68,84,127,71,56,44,27,17,228,146,82,42,18,24,38,23,15,179,91,88,61,34,27
8211,C4920,24,490,District-Navsari  ,Urban,60-69,801,421,380,164,87,77,132,80,52,22,12,10,239,126,113,14,7,7,27,17,10,128,59,69,75,33,42
8212,C4920,24,490,District-Navsari  ,Urban,70-79,627,278,349,112,46,66,147,65,82,16,10,6,183,79,104,7,5,2,11,5,6,66,36,30,85,32,53
8213,C4920,24,490,District-Navsari  ,Urban,80-89,329,118,211,44,21,23,99,33,66,7,3,4,91,38,53,2,0,2,2,1,1,21,4,17,63,18,45
8214,C4920,24,490,District-Navsari  ,Urban,90+,89,34,55,8,3,5,33,12,21,2,0,2,17,6,11,0,0,0,0,0,0,3,2,1,26,11,15
8215,C4920,24,490,District-Navsari  ,Urban,Age Not Stated,52,24,28,7,1,6,4,2,2,2,1,1,8,7,1,0,0,0,1,0,1,21,9,12,9,4,5
8216,C4920,24,491,District-Valsad,Total,Total,27112,14707,12405,5051,2615,2436,5096,2689,2407,1390,778,612,3946,2386,1560,1286,718,568,710,404,306,8019,4246,3773,1614,871,743
8217,C4920,24,491,District-Valsad,Total,0-4,1523,821,702,305,174,131,291,156,135,39,24,15,88,52,36,19,8,11,12,6,6,681,353,328,88,48,40
8218,C4920,24,491,District-Valsad,Total,5-9,2067,1115,952,390,196,194,379,204,175,144,89,55,175,105,70,147,85,62,23,10,13,623,317,306,186,109,77
8219,C4920,24,491,District-Valsad,Total,10-19,4499,2439,2060,800,413,387,752,424,328,318,167,151,455,255,200,393,220,173,87,47,40,1332,715,617,362,198,164
8220,C4920,24,491,District-Valsad,Total,20-29,4129,2307,1822,631,352,279,672,371,301,256,142,114,540,338,202,254,144,110,126,77,49,1382,732,650,268,151,117
8221,C4920,24,491,District-Valsad,Total,30-39,3999,2251,1748,633,346,287,656,353,303,233,129,104,635,408,227,216,129,87,146,84,62,1317,715,602,163,87,76
8222,C4920,24,491,District-Valsad,Total,40-49,3566,2055,1511,667,388,279,623,360,263,163,96,67,549,344,205,138,70,68,157,92,65,1137,625,512,132,80,52
8223,C4920,24,491,District-Valsad,Total,50-59,2624,1447,1177,576,301,275,519,265,254,112,61,51,493,341,152,63,30,33,71,39,32,679,353,326,111,57,54
8224,C4920,24,491,District-Valsad,Total,60-69,2332,1180,1152,533,233,300,526,247,279,68,39,29,498,306,192,33,21,12,58,34,24,496,243,253,120,57,63
8225,C4920,24,491,District-Valsad,Total,70-79,1487,659,828,339,125,214,425,196,229,33,15,18,339,164,175,8,3,5,19,10,9,216,97,119,108,49,59
8226,C4920,24,491,District-Valsad,Total,80-89,509,234,275,97,42,55,172,74,98,11,5,6,101,46,55,6,2,4,6,2,4,66,40,26,50,23,27
8227,C4920,24,491,District-Valsad,Total,90+,155,67,88,31,14,17,41,18,23,3,3,0,38,10,28,0,0,0,1,1,0,24,14,10,17,7,10
8228,C4920,24,491,District-Valsad,Total,Age Not Stated,222,132,90,49,31,18,40,21,19,10,8,2,35,17,18,9,6,3,4,2,2,66,42,24,9,5,4
8229,C4920,24,491,District-Valsad,Rural,Total,16861,8970,7891,3020,1508,1512,3101,1565,1536,741,396,345,2730,1631,1099,827,469,358,498,284,214,4856,2547,2309,1088,570,518
8230,C4920,24,491,District-Valsad,Rural,0-4,929,493,436,171,101,70,173,88,85,21,14,7,65,36,29,10,4,6,9,4,5,415,212,203,65,34,31
8231,C4920,24,491,District-Valsad,Rural,5-9,1327,727,600,233,116,117,231,129,102,88,55,33,130,82,48,98,59,39,17,7,10,393,198,195,137,81,56
8232,C4920,24,491,District-Valsad,Rural,10-19,2739,1441,1298,437,212,225,425,223,202,170,87,83,325,181,144,269,152,117,54,32,22,813,418,395,246,136,110
8233,C4920,24,491,District-Valsad,Rural,20-29,2336,1274,1062,317,169,148,327,180,147,130,68,62,365,216,149,157,88,69,95,59,36,777,406,371,168,88,80
8234,C4920,24,491,District-Valsad,Rural,30-39,2359,1313,1046,362,197,165,359,192,167,117,62,55,413,263,150,134,81,53,106,60,46,766,409,357,102,49,53
8235,C4920,24,491,District-Valsad,Rural,40-49,2213,1262,951,372,210,162,376,210,166,81,43,38,391,248,143,93,48,45,115,66,49,696,385,311,89,52,37
8236,C4920,24,491,District-Valsad,Rural,50-59,1701,938,763,375,197,178,333,162,171,65,33,32,340,233,107,33,15,18,52,29,23,431,232,199,72,37,35
8237,C4920,24,491,District-Valsad,Rural,60-69,1594,775,819,385,160,225,377,169,208,34,17,17,340,207,133,20,14,6,33,18,15,328,157,171,77,33,44
8238,C4920,24,491,District-Valsad,Rural,70-79,1100,475,625,262,95,167,334,143,191,21,8,13,241,116,125,5,2,3,11,7,4,146,69,77,80,35,45
8239,C4920,24,491,District-Valsad,Rural,80-89,332,148,184,67,27,40,115,46,69,7,3,4,70,32,38,0,0,0,4,1,3,34,22,12,35,17,18
8240,C4920,24,491,District-Valsad,Rural,90+,93,39,54,13,6,7,26,11,15,2,2,0,26,6,20,0,0,0,0,0,0,16,10,6,10,4,6
8241,C4920,24,491,District-Valsad,Rural,Age Not Stated,138,85,53,26,18,8,25,12,13,5,4,1,24,11,13,8,6,2,2,1,1,41,29,12,7,4,3
8242,C4920,24,491,District-Valsad,Urban,Total,10251,5737,4514,2031,1107,924,1995,1124,871,649,382,267,1216,755,461,459,249,210,212,120,92,3163,1699,1464,526,301,225
8243,C4920,24,491,District-Valsad,Urban,0-4,594,328,266,134,73,61,118,68,50,18,10,8,23,16,7,9,4,5,3,2,1,266,141,125,23,14,9
8244,C4920,24,491,District-Valsad,Urban,5-9,740,388,352,157,80,77,148,75,73,56,34,22,45,23,22,49,26,23,6,3,3,230,119,111,49,28,21
8245,C4920,24,491,District-Valsad,Urban,10-19,1760,998,762,363,201,162,327,201,126,148,80,68,130,74,56,124,68,56,33,15,18,519,297,222,116,62,54
8246,C4920,24,491,District-Valsad,Urban,20-29,1793,1033,760,314,183,131,345,191,154,126,74,52,175,122,53,97,56,41,31,18,13,605,326,279,100,63,37
8247,C4920,24,491,District-Valsad,Urban,30-39,1640,938,702,271,149,122,297,161,136,116,67,49,222,145,77,82,48,34,40,24,16,551,306,245,61,38,23
8248,C4920,24,491,District-Valsad,Urban,40-49,1353,793,560,295,178,117,247,150,97,82,53,29,158,96,62,45,22,23,42,26,16,441,240,201,43,28,15
8249,C4920,24,491,District-Valsad,Urban,50-59,923,509,414,201,104,97,186,103,83,47,28,19,153,108,45,30,15,15,19,10,9,248,121,127,39,20,19
8250,C4920,24,491,District-Valsad,Urban,60-69,738,405,333,148,73,75,149,78,71,34,22,12,158,99,59,13,7,6,25,16,9,168,86,82,43,24,19
8251,C4920,24,491,District-Valsad,Urban,70-79,387,184,203,77,30,47,91,53,38,12,7,5,98,48,50,3,1,2,8,3,5,70,28,42,28,14,14
8252,C4920,24,491,District-Valsad,Urban,80-89,177,86,91,30,15,15,57,28,29,4,2,2,31,14,17,6,2,4,2,1,1,32,18,14,15,6,9
8253,C4920,24,491,District-Valsad,Urban,90+,62,28,34,18,8,10,15,7,8,1,1,0,12,4,8,0,0,0,1,1,0,8,4,4,7,3,4
8254,C4920,24,491,District-Valsad,Urban,Age Not Stated,84,47,37,23,13,10,15,9,6,5,4,1,11,6,5,1,0,1,2,1,1,25,13,12,2,1,1
8255,C4920,24,492,District-Surat,Total,Total,71903,41061,30842,14237,7909,6328,11622,6444,5178,4451,2646,1805,14549,8831,5718,3968,2287,1681,2257,1276,981,16283,9153,7130,4536,2515,2021
8256,C4920,24,492,District-Surat,Total,0-4,3597,2032,1565,743,414,329,626,350,276,73,38,35,292,182,110,111,69,42,54,32,22,1522,841,681,176,106,70
8257,C4920,24,492,District-Surat,Total,5-9,4871,2826,2045,888,513,375,776,423,353,432,268,164,497,289,208,384,227,157,98,62,36,1284,730,554,512,314,198
8258,C4920,24,492,District-Surat,Total,10-19,12085,7055,5030,2204,1302,902,1749,1039,710,1030,608,422,1544,924,620,1252,710,542,352,204,148,2853,1631,1222,1101,637,464
8259,C4920,24,492,District-Surat,Total,20-29,13785,8117,5668,2395,1398,997,1968,1168,800,1048,616,432,2942,1763,1179,859,487,372,371,229,142,3496,2054,1442,706,402,304
8260,C4920,24,492,District-Surat,Total,30-39,11310,6661,4649,1905,1034,871,1634,1010,624,726,426,300,2836,1790,1046,575,333,242,464,258,206,2670,1528,1142,500,282,218
8261,C4920,24,492,District-Surat,Total,40-49,8743,5222,3521,1801,1066,735,1303,739,564,514,319,195,2070,1364,706,378,219,159,398,228,170,1921,1087,834,358,200,158
8262,C4920,24,492,District-Surat,Total,50-59,6487,3794,2693,1599,915,684,1079,590,489,297,187,110,1622,1065,557,201,117,84,263,136,127,1162,616,546,264,168,96
8263,C4920,24,492,District-Surat,Total,60-69,5240,2735,2505,1379,670,709,1013,482,531,175,107,68,1396,818,578,129,73,56,139,72,67,672,327,345,337,186,151
8264,C4920,24,492,District-Surat,Total,70-79,3255,1491,1764,808,364,444,846,372,474,84,41,43,841,414,427,33,19,14,70,33,37,334,147,187,239,101,138
8265,C4920,24,492,District-Surat,Total,80-89,1438,599,839,314,137,177,410,176,234,26,12,14,321,132,189,11,8,3,23,11,12,114,48,66,219,75,144
8266,C4920,24,492,District-Surat,Total,90+,517,199,318,98,38,60,149,57,92,22,11,11,85,36,49,6,3,3,5,1,4,57,25,32,95,28,67
8267,C4920,24,492,District-Surat,Total,Age Not Stated,575,330,245,103,58,45,69,38,31,24,13,11,103,54,49,29,22,7,20,10,10,198,119,79,29,16,13
8268,C4920,24,492,District-Surat,Rural,Total,14105,7646,6459,1940,986,954,2073,1051,1022,751,422,329,3570,2067,1503,992,548,444,666,342,324,2942,1571,1371,1171,659,512
8269,C4920,24,492,District-Surat,Rural,0-4,485,247,238,59,28,31,57,30,27,9,5,4,61,38,23,20,9,11,5,2,3,235,114,121,39,21,18
8270,C4920,24,492,District-Surat,Rural,5-9,911,512,399,95,52,43,137,67,70,85,54,31,122,75,47,110,68,42,24,12,12,214,117,97,124,67,57
8271,C4920,24,492,District-Surat,Rural,10-19,2281,1256,1025,209,114,95,350,183,167,171,102,69,372,200,172,317,171,146,77,47,30,511,276,235,274,163,111
8272,C4920,24,492,District-Surat,Rural,20-29,2052,1157,895,206,120,86,218,119,99,142,73,69,534,310,224,165,97,68,100,55,45,496,268,228,191,115,76
8273,C4920,24,492,District-Surat,Rural,30-39,2075,1160,915,203,98,105,229,141,88,116,64,52,623,373,250,163,85,78,154,78,76,454,243,211,133,78,55
8274,C4920,24,492,District-Surat,Rural,40-49,1796,1070,726,214,132,82,200,123,77,86,44,42,549,367,182,110,55,55,133,66,67,395,228,167,109,55,54
8275,C4920,24,492,District-Surat,Rural,50-59,1496,862,634,273,151,122,208,114,94,67,42,25,454,279,175,45,26,19,90,50,40,279,146,133,80,54,26
8276,C4920,24,492,District-Surat,Rural,60-69,1430,687,743,344,146,198,256,104,152,31,15,16,438,229,209,40,22,18,45,20,25,193,96,97,83,55,28
8277,C4920,24,492,District-Surat,Rural,70-79,944,427,517,220,99,121,249,103,146,24,12,12,267,131,136,10,4,6,22,8,14,100,48,52,52,22,30
8278,C4920,24,492,District-Surat,Rural,80-89,378,148,230,70,26,44,114,49,65,6,3,3,98,37,61,3,3,0,7,2,5,22,11,11,58,17,41
8279,C4920,24,492,District-Surat,Rural,90+,124,45,79,29,9,20,35,12,23,5,2,3,29,13,16,0,0,0,2,0,2,6,3,3,18,6,12
8280,C4920,24,492,District-Surat,Rural,Age Not Stated,133,75,58,18,11,7,20,6,14,9,6,3,23,15,8,9,8,1,7,2,5,37,21,16,10,6,4
8281,C4920,24,492,District-Surat,Urban,Total,57798,33415,24383,12297,6923,5374,9549,5393,4156,3700,2224,1476,10979,6764,4215,2976,1739,1237,1591,934,657,13341,7582,5759,3365,1856,1509
8282,C4920,24,492,District-Surat,Urban,0-4,3112,1785,1327,684,386,298,569,320,249,64,33,31,231,144,87,91,60,31,49,30,19,1287,727,560,137,85,52
8283,C4920,24,492,District-Surat,Urban,5-9,3960,2314,1646,793,461,332,639,356,283,347,214,133,375,214,161,274,159,115,74,50,24,1070,613,457,388,247,141
8284,C4920,24,492,District-Surat,Urban,10-19,9804,5799,4005,1995,1188,807,1399,856,543,859,506,353,1172,724,448,935,539,396,275,157,118,2342,1355,987,827,474,353
8285,C4920,24,492,District-Surat,Urban,20-29,11733,6960,4773,2189,1278,911,1750,1049,701,906,543,363,2408,1453,955,694,390,304,271,174,97,3000,1786,1214,515,287,228
8286,C4920,24,492,District-Surat,Urban,30-39,9235,5501,3734,1702,936,766,1405,869,536,610,362,248,2213,1417,796,412,248,164,310,180,130,2216,1285,931,367,204,163
8287,C4920,24,492,District-Surat,Urban,40-49,6947,4152,2795,1587,934,653,1103,616,487,428,275,153,1521,997,524,268,164,104,265,162,103,1526,859,667,249,145,104
8288,C4920,24,492,District-Surat,Urban,50-59,4991,2932,2059,1326,764,562,871,476,395,230,145,85,1168,786,382,156,91,65,173,86,87,883,470,413,184,114,70
8289,C4920,24,492,District-Surat,Urban,60-69,3810,2048,1762,1035,524,511,757,378,379,144,92,52,958,589,369,89,51,38,94,52,42,479,231,248,254,131,123
8290,C4920,24,492,District-Surat,Urban,70-79,2311,1064,1247,588,265,323,597,269,328,60,29,31,574,283,291,23,15,8,48,25,23,234,99,135,187,79,108
8291,C4920,24,492,District-Surat,Urban,80-89,1060,451,609,244,111,133,296,127,169,20,9,11,223,95,128,8,5,3,16,9,7,92,37,55,161,58,103
8292,C4920,24,492,District-Surat,Urban,90+,393,154,239,69,29,40,114,45,69,17,9,8,56,23,33,6,3,3,3,1,2,51,22,29,77,22,55
8293,C4920,24,492,District-Surat,Urban,Age Not Stated,442,255,187,85,47,38,49,32,17,15,7,8,80,39,41,20,14,6,13,8,5,161,98,63,19,10,9
8294,C4920,24,493,District-Tapi,Total,Total,11976,6418,5558,1958,986,972,1976,1007,969,539,299,240,2476,1437,1039,652,367,285,486,248,238,2940,1556,1384,949,518,431
8295,C4920,24,493,District-Tapi,Total,0-4,428,217,211,61,30,31,87,39,48,12,7,5,40,20,20,9,6,3,4,3,1,183,95,88,32,17,15
8296,C4920,24,493,District-Tapi,Total,5-9,740,420,320,96,56,40,92,53,39,53,30,23,91,52,39,91,53,38,8,6,2,202,102,100,107,68,39
8297,C4920,24,493,District-Tapi,Total,10-19,1637,929,708,200,97,103,229,132,97,113,69,44,211,123,88,205,123,82,46,27,19,457,249,208,176,109,67
8298,C4920,24,493,District-Tapi,Total,20-29,1677,960,717,209,122,87,208,105,103,113,60,53,359,223,136,141,82,59,83,38,45,448,255,193,116,75,41
8299,C4920,24,493,District-Tapi,Total,30-39,1658,900,758,208,116,92,220,120,100,85,43,42,400,233,167,92,39,53,113,67,46,456,232,224,84,50,34
8300,C4920,24,493,District-Tapi,Total,40-49,1627,886,741,274,142,132,243,122,121,74,42,32,368,225,143,63,35,28,103,50,53,422,225,197,80,45,35
8301,C4920,24,493,District-Tapi,Total,50-59,1385,783,602,280,136,144,227,137,90,44,29,15,343,219,124,34,21,13,70,32,38,325,174,151,62,35,27
8302,C4920,24,493,District-Tapi,Total,60-69,1390,671,719,315,155,160,306,136,170,24,8,16,360,196,164,4,2,2,34,13,21,257,125,132,90,36,54
8303,C4920,24,493,District-Tapi,Total,70-79,986,445,541,206,84,122,265,116,149,12,4,8,220,109,111,5,3,2,18,8,10,135,71,64,125,50,75
8304,C4920,24,493,District-Tapi,Total,80-89,296,132,164,77,32,45,70,31,39,5,5,0,57,23,34,3,2,1,0,0,0,22,12,10,62,27,35
8305,C4920,24,493,District-Tapi,Total,90+,66,27,39,9,3,6,19,8,11,2,1,1,10,4,6,1,0,1,3,1,2,9,6,3,13,4,9
8306,C4920,24,493,District-Tapi,Total,Age Not Stated,86,48,38,23,13,10,10,8,2,2,1,1,17,10,7,4,1,3,4,3,1,24,10,14,2,2,0
8307,C4920,24,493,District-Tapi,Rural,Total,10467,5603,4864,1746,885,861,1752,887,865,450,248,202,2132,1254,878,591,331,260,418,208,210,2583,1356,1227,795,434,361
8308,C4920,24,493,District-Tapi,Rural,0-4,387,195,192,56,27,29,84,38,46,10,7,3,35,17,18,9,6,3,4,3,1,165,85,80,24,12,12
8309,C4920,24,493,District-Tapi,Rural,5-9,654,365,289,86,50,36,79,47,32,41,24,17,83,46,37,86,51,35,8,6,2,180,85,95,91,56,35
8310,C4920,24,493,District-Tapi,Rural,10-19,1452,821,631,188,91,97,199,117,82,94,56,38,188,110,78,190,112,78,39,23,16,405,225,180,149,87,62
8311,C4920,24,493,District-Tapi,Rural,20-29,1474,845,629,179,105,74,191,93,98,97,54,43,309,195,114,131,75,56,73,34,39,397,224,173,97,65,32
8312,C4920,24,493,District-Tapi,Rural,30-39,1460,792,668,185,106,79,202,109,93,76,36,40,349,208,141,78,32,46,99,56,43,397,200,197,74,45,29
8313,C4920,24,493,District-Tapi,Rural,40-49,1445,792,653,254,132,122,220,112,108,60,32,28,324,198,126,56,33,23,88,41,47,372,201,171,71,43,28
8314,C4920,24,493,District-Tapi,Rural,50-59,1212,673,539,260,125,135,209,123,86,38,23,15,292,190,102,26,15,11,59,25,34,280,146,134,48,26,22
8315,C4920,24,493,District-Tapi,Rural,60-69,1200,586,614,276,138,138,269,118,151,19,7,12,304,175,129,4,2,2,29,12,17,222,104,118,77,30,47
8316,C4920,24,493,District-Tapi,Rural,70-79,833,371,462,170,68,102,225,95,130,9,4,5,182,86,96,5,3,2,15,6,9,122,64,58,105,45,60
8317,C4920,24,493,District-Tapi,Rural,80-89,225,102,123,65,28,37,49,23,26,3,3,0,41,16,25,2,1,1,0,0,0,18,10,8,47,21,26
8318,C4920,24,493,District-Tapi,Rural,90+,53,21,32,6,2,4,17,6,11,1,1,0,9,4,5,1,0,1,1,0,1,7,5,2,11,3,8
8319,C4920,24,493,District-Tapi,Rural,Age Not Stated,72,40,32,21,13,8,8,6,2,2,1,1,16,9,7,3,1,2,3,2,1,18,7,11,1,1,0
8320,C4920,24,493,District-Tapi,Urban,Total,1509,815,694,212,101,111,224,120,104,89,51,38,344,183,161,61,36,25,68,40,28,357,200,157,154,84,70
8321,C4920,24,493,District-Tapi,Urban,0-4,41,22,19,5,3,2,3,1,2,2,0,2,5,3,2,0,0,0,0,0,0,18,10,8,8,5,3
8322,C4920,24,493,District-Tapi,Urban,5-9,86,55,31,10,6,4,13,6,7,12,6,6,8,6,2,5,2,3,0,0,0,22,17,5,16,12,4
8323,C4920,24,493,District-Tapi,Urban,10-19,185,108,77,12,6,6,30,15,15,19,13,6,23,13,10,15,11,4,7,4,3,52,24,28,27,22,5
8324,C4920,24,493,District-Tapi,Urban,20-29,203,115,88,30,17,13,17,12,5,16,6,10,50,28,22,10,7,3,10,4,6,51,31,20,19,10,9
8325,C4920,24,493,District-Tapi,Urban,30-39,198,108,90,23,10,13,18,11,7,9,7,2,51,25,26,14,7,7,14,11,3,59,32,27,10,5,5
8326,C4920,24,493,District-Tapi,Urban,40-49,182,94,88,20,10,10,23,10,13,14,10,4,44,27,17,7,2,5,15,9,6,50,24,26,9,2,7
8327,C4920,24,493,District-Tapi,Urban,50-59,173,110,63,20,11,9,18,14,4,6,6,0,51,29,22,8,6,2,11,7,4,45,28,17,14,9,5
8328,C4920,24,493,District-Tapi,Urban,60-69,190,85,105,39,17,22,37,18,19,5,1,4,56,21,35,0,0,0,5,1,4,35,21,14,13,6,7
8329,C4920,24,493,District-Tapi,Urban,70-79,153,74,79,36,16,20,40,21,19,3,0,3,38,23,15,0,0,0,3,2,1,13,7,6,20,5,15
8330,C4920,24,493,District-Tapi,Urban,80-89,71,30,41,12,4,8,21,8,13,2,2,0,16,7,9,1,1,0,0,0,0,4,2,2,15,6,9
8331,C4920,24,493,District-Tapi,Urban,90+,13,6,7,3,1,2,2,2,0,1,0,1,1,0,1,0,0,0,2,1,1,2,1,1,2,1,1
8332,C4920,24,493,District-Tapi,Urban,Age Not Stated,14,8,6,2,0,2,2,2,0,0,0,0,1,1,0,1,0,1,1,1,0,6,3,3,1,1,0
8333,C4920,2,0,State-HIMACHAL PRADESH,Total,0-4,4467,2453,2014,687,385,302,830,424,406,96,49,47,371,221,150,152,79,73,31,21,10,1871,1026,845,429,248,181
8334,C4920,2,0,State-HIMACHAL PRADESH,Total,5-9,7611,4327,3284,1045,567,478,1053,553,500,861,518,343,788,499,289,693,411,282,144,83,61,1839,981,858,1188,715,473
8335,C4920,2,0,State-HIMACHAL PRADESH,Total,10-19,19126,10935,8191,2661,1460,1201,2757,1480,1277,1635,987,648,2343,1488,855,2209,1257,952,615,342,273,4210,2310,1900,2696,1611,1085
8336,C4920,2,0,State-HIMACHAL PRADESH,Total,20-29,19620,11357,8263,2316,1334,982,2930,1629,1301,1420,831,589,3486,2232,1254,1862,1116,746,912,568,344,4630,2419,2211,2064,1228,836
8337,C4920,2,0,State-HIMACHAL PRADESH,Total,30-39,20253,12154,8099,2214,1285,929,2950,1651,1299,1110,659,451,5016,3236,1780,1566,987,579,1078,667,411,4654,2673,1981,1665,996,669
8338,C4920,2,0,State-HIMACHAL PRADESH,Total,40-49,18322,11065,7257,2406,1378,1028,2787,1604,1183,1041,618,423,4650,3108,1542,1186,708,478,956,569,387,3964,2291,1673,1332,789,543
8339,C4920,2,0,State-HIMACHAL PRADESH,Total,50-59,16912,9766,7146,3070,1612,1458,2619,1437,1182,792,449,343,4492,2814,1678,640,387,253,673,388,285,3276,1890,1386,1350,789,561
8340,C4920,2,0,State-HIMACHAL PRADESH,Total,60-69,18376,9697,8679,4126,1912,2214,3654,1924,1730,676,418,258,4730,2655,2075,382,215,167,420,226,194,2410,1304,1106,1978,1043,935
8341,C4920,2,0,State-HIMACHAL PRADESH,Total,70-79,16368,7998,8370,4225,1926,2299,3767,1873,1894,421,241,180,3794,1900,1894,188,97,91,211,114,97,1330,673,657,2432,1174,1258
8342,C4920,2,0,State-HIMACHAL PRADESH,Total,80-89,10128,4780,5348,2528,1176,1352,2433,1243,1190,165,85,80,2094,937,1157,74,39,35,81,36,45,572,288,284,2181,976,1205
8343,C4920,2,0,State-HIMACHAL PRADESH,Total,90+,3904,1673,2231,768,332,436,886,408,478,49,20,29,752,337,415,24,10,14,39,13,26,181,66,115,1205,487,718
8344,C4920,2,0,State-HIMACHAL PRADESH,Total,Age Not Stated,229,116,113,30,15,15,34,17,17,12,4,8,34,20,14,10,4,6,6,3,3,87,43,44,16,10,6
8345,C4920,2,0,State-HIMACHAL PRADESH,Rural,Total,142665,78963,63702,24140,12291,11849,23939,12653,11286,7548,4463,3085,30427,18140,12287,8127,4809,3318,4764,2769,1995,26252,14430,11822,17468,9408,8060
8346,C4920,2,0,State-HIMACHAL PRADESH,Rural,0-4,4041,2219,1822,612,341,271,706,367,339,93,46,47,347,210,137,135,70,65,27,18,9,1713,931,782,408,236,172
8347,C4920,2,0,State-HIMACHAL PRADESH,Rural,5-9,6874,3901,2973,940,511,429,878,457,421,794,482,312,737,466,271,621,364,257,134,78,56,1675,896,779,1095,647,448
8348,C4920,2,0,State-HIMACHAL PRADESH,Rural,10-19,17223,9843,7380,2392,1296,1096,2380,1285,1095,1464,918,546,2194,1385,809,1992,1133,859,560,309,251,3798,2088,1710,2443,1429,1014
8349,C4920,2,0,State-HIMACHAL PRADESH,Rural,20-29,17488,10102,7386,2037,1167,870,2404,1297,1107,1262,734,528,3219,2066,1153,1696,1022,674,836,518,318,4106,2145,1961,1928,1153,775
8350,C4920,2,0,State-HIMACHAL PRADESH,Rural,30-39,18317,11000,7317,1966,1142,824,2525,1394,1131,1004,591,413,4682,3024,1658,1422,907,515,1003,617,386,4151,2393,1758,1564,932,632
8351,C4920,2,0,State-HIMACHAL PRADESH,Rural,40-49,16573,9967,6606,2124,1207,917,2451,1388,1063,961,570,391,4285,2850,1435,1066,632,434,892,527,365,3571,2065,1506,1223,728,495
8352,C4920,2,0,State-HIMACHAL PRADESH,Rural,50-59,15552,8912,6640,2850,1487,1363,2388,1288,1100,722,406,316,4181,2606,1575,576,347,229,627,359,268,2962,1697,1265,1246,722,524
8353,C4920,2,0,State-HIMACHAL PRADESH,Rural,60-69,17367,9144,8223,3936,1821,2115,3456,1821,1635,644,396,248,4462,2501,1961,346,196,150,375,195,180,2253,1218,1035,1895,996,899
8354,C4920,2,0,State-HIMACHAL PRADESH,Rural,70-79,15562,7572,7990,4065,1844,2221,3587,1783,1804,393,221,172,3560,1786,1774,177,92,85,195,102,93,1236,621,615,2349,1123,1226
8355,C4920,2,0,State-HIMACHAL PRADESH,Rural,80-89,9689,4567,5122,2438,1135,1303,2294,1169,1125,153,76,77,2004,898,1106,65,32,33,74,31,43,537,272,265,2124,954,1170
8356,C4920,2,0,State-HIMACHAL PRADESH,Rural,90+,3759,1624,2135,752,326,426,838,389,449,46,19,27,723,328,395,22,10,12,36,12,24,164,62,102,1178,478,700
8357,C4920,2,0,State-HIMACHAL PRADESH,Rural,Age Not Stated,220,112,108,28,14,14,32,15,17,12,4,8,33,20,13,9,4,5,5,3,2,86,42,44,15,10,5
8358,C4920,2,0,State-HIMACHAL PRADESH,Urban,Total,12651,7358,5293,1936,1091,845,2761,1590,1171,730,416,314,2123,1307,816,859,501,358,402,261,141,2772,1534,1238,1068,658,410
8359,C4920,2,0,State-HIMACHAL PRADESH,Urban,0-4,426,234,192,75,44,31,124,57,67,3,3,0,24,11,13,17,9,8,4,3,1,158,95,63,21,12,9
8360,C4920,2,0,State-HIMACHAL PRADESH,Urban,5-9,737,426,311,105,56,49,175,96,79,67,36,31,51,33,18,72,47,25,10,5,5,164,85,79,93,68,25
8361,C4920,2,0,State-HIMACHAL PRADESH,Urban,10-19,1903,1092,811,269,164,105,377,195,182,171,69,102,149,103,46,217,124,93,55,33,22,412,222,190,253,182,71
8362,C4920,2,0,State-HIMACHAL PRADESH,Urban,20-29,2132,1255,877,279,167,112,526,332,194,158,97,61,267,166,101,166,94,72,76,50,26,524,274,250,136,75,61
8363,C4920,2,0,State-HIMACHAL PRADESH,Urban,30-39,1936,1154,782,248,143,105,425,257,168,106,68,38,334,212,122,144,80,64,75,50,25,503,280,223,101,64,37
8364,C4920,2,0,State-HIMACHAL PRADESH,Urban,40-49,1749,1098,651,282,171,111,336,216,120,80,48,32,365,258,107,120,76,44,64,42,22,393,226,167,109,61,48
8365,C4920,2,0,State-HIMACHAL PRADESH,Urban,50-59,1360,854,506,220,125,95,231,149,82,70,43,27,311,208,103,64,40,24,46,29,17,314,193,121,104,67,37
8366,C4920,2,0,State-HIMACHAL PRADESH,Urban,60-69,1009,553,456,190,91,99,198,103,95,32,22,10,268,154,114,36,19,17,45,31,14,157,86,71,83,47,36
8367,C4920,2,0,State-HIMACHAL PRADESH,Urban,70-79,806,426,380,160,82,78,180,90,90,28,20,8,234,114,120,11,5,6,16,12,4,94,52,42,83,51,32
8368,C4920,2,0,State-HIMACHAL PRADESH,Urban,80-89,439,213,226,90,41,49,139,74,65,12,9,3,90,39,51,9,7,2,7,5,2,35,16,19,57,22,35
8369,C4920,2,0,State-HIMACHAL PRADESH,Urban,90+,145,49,96,16,6,10,48,19,29,3,1,2,29,9,20,2,0,2,3,1,2,17,4,13,27,9,18
8370,C4920,2,0,State-HIMACHAL PRADESH,Urban,Age Not Stated,9,4,5,2,1,1,2,2,0,0,0,0,1,0,1,1,0,1,1,0,1,1,1,0,1,0,1
8371,C4920,2,23,District-Chamba,Total,Total,9500,5226,4274,1638,866,772,1895,965,930,535,292,243,1791,1108,683,518,303,215,294,170,124,1659,912,747,1170,610,560
8372,C4920,2,23,District-Chamba,Total,0-4,288,150,138,36,15,21,62,32,30,9,5,4,29,15,14,13,7,6,3,1,2,106,52,54,30,23,7
8373,C4920,2,23,District-Chamba,Total,5-9,576,299,277,68,34,34,93,41,52,73,31,42,69,43,26,46,27,19,5,2,3,132,72,60,90,49,41
8374,C4920,2,23,District-Chamba,Total,10-19,1296,760,536,138,79,59,177,97,80,129,70,59,193,135,58,152,88,64,47,24,23,277,164,113,183,103,80
8375,C4920,2,23,District-Chamba,Total,20-29,1212,706,506,129,83,46,196,104,92,100,61,39,229,152,77,100,61,39,61,34,27,266,141,125,131,70,61
8376,C4920,2,23,District-Chamba,Total,30-39,1064,671,393,101,72,29,162,90,72,76,44,32,258,171,87,81,55,26,57,38,19,239,145,94,90,56,34
8377,C4920,2,23,District-Chamba,Total,40-49,994,595,399,119,66,53,165,93,72,44,20,24,272,185,87,49,26,23,52,34,18,217,121,96,76,50,26
8378,C4920,2,23,District-Chamba,Total,50-59,985,567,418,202,108,94,186,94,92,34,22,12,239,162,77,36,20,16,37,23,14,177,97,80,74,41,33
8379,C4920,2,23,District-Chamba,Total,60-69,1195,606,589,296,154,142,317,157,160,41,26,15,237,119,118,26,12,14,17,6,11,137,70,67,124,62,62
8380,C4920,2,23,District-Chamba,Total,70-79,1036,466,570,319,136,183,298,137,161,21,9,12,158,73,85,9,4,5,11,6,5,70,34,36,150,67,83
8381,C4920,2,23,District-Chamba,Total,80-89,620,313,307,180,96,84,175,92,83,7,3,4,78,37,41,3,2,1,3,2,1,32,15,17,142,66,76
8382,C4920,2,23,District-Chamba,Total,90+,232,93,139,50,23,27,64,28,36,1,1,0,29,16,13,1,1,0,1,0,1,6,1,5,80,23,57
8383,C4920,2,23,District-Chamba,Total,Age Not Stated,2,0,2,0,0,0,0,0,0,0,0,0,0,0,0,2,0,2,0,0,0,0,0,0,0,0,0
8384,C4920,2,23,District-Chamba,Rural,Total,9059,4968,4091,1578,830,748,1809,917,892,500,270,230,1720,1065,655,492,285,207,278,158,120,1568,865,703,1114,578,536
8385,C4920,2,23,District-Chamba,Rural,0-4,279,146,133,33,14,19,62,32,30,9,5,4,29,15,14,13,7,6,3,1,2,102,51,51,28,21,7
8386,C4920,2,23,District-Chamba,Rural,5-9,557,287,270,66,32,34,92,40,52,71,30,41,66,41,25,43,25,18,5,2,3,128,70,58,86,47,39
8387,C4920,2,23,District-Chamba,Rural,10-19,1223,714,509,125,71,54,170,94,76,119,62,57,191,133,58,146,84,62,45,22,23,257,154,103,170,94,76
8388,C4920,2,23,District-Chamba,Rural,20-29,1147,663,484,122,77,45,186,97,89,92,55,37,220,144,76,95,59,36,58,33,25,245,129,116,129,69,60
8389,C4920,2,23,District-Chamba,Rural,30-39,1022,650,372,97,70,27,152,85,67,73,44,29,253,169,84,78,52,26,55,36,19,229,140,89,85,54,31
8390,C4920,2,23,District-Chamba,Rural,40-49,938,555,383,114,63,51,158,87,71,37,16,21,254,171,83,46,24,22,50,33,17,208,115,93,71,46,25
8391,C4920,2,23,District-Chamba,Rural,50-59,935,534,401,199,106,93,180,90,90,30,19,11,226,153,73,33,18,15,35,21,14,165,90,75,67,37,30
8392,C4920,2,23,District-Chamba,Rural,60-69,1148,581,567,286,149,137,304,149,155,40,26,14,231,117,114,24,10,14,15,4,11,132,67,65,116,59,57
8393,C4920,2,23,District-Chamba,Rural,70-79,993,444,549,311,130,181,285,131,154,21,9,12,148,70,78,8,3,5,8,4,4,68,33,35,144,64,80
8394,C4920,2,23,District-Chamba,Rural,80-89,594,303,291,176,95,81,161,86,75,7,3,4,75,36,39,3,2,1,3,2,1,30,15,15,139,64,75
8395,C4920,2,23,District-Chamba,Rural,90+,221,91,130,49,23,26,59,26,33,1,1,0,27,16,11,1,1,0,1,0,1,4,1,3,79,23,56
8396,C4920,2,23,District-Chamba,Rural,Age Not Stated,2,0,2,0,0,0,0,0,0,0,0,0,0,0,0,2,0,2,0,0,0,0,0,0,0,0,0
8397,C4920,2,23,District-Chamba,Urban,Total,441,258,183,60,36,24,86,48,38,35,22,13,71,43,28,26,18,8,16,12,4,91,47,44,56,32,24
8398,C4920,2,23,District-Chamba,Urban,0-4,9,4,5,3,1,2,0,0,0,0,0,0,0,0,0,0,0,0,0,0,0,4,1,3,2,2,0
8399,C4920,2,23,District-Chamba,Urban,5-9,19,12,7,2,2,0,1,1,0,2,1,1,3,2,1,3,2,1,0,0,0,4,2,2,4,2,2
8400,C4920,2,23,District-Chamba,Urban,10-19,73,46,27,13,8,5,7,3,4,10,8,2,2,2,0,6,4,2,2,2,0,20,10,10,13,9,4
8401,C4920,2,23,District-Chamba,Urban,20-29,65,43,22,7,6,1,10,7,3,8,6,2,9,8,1,5,2,3,3,1,2,21,12,9,2,1,1
8402,C4920,2,23,District-Chamba,Urban,30-39,42,21,21,4,2,2,10,5,5,3,0,3,5,2,3,3,3,0,2,2,0,10,5,5,5,2,3
8403,C4920,2,23,District-Chamba,Urban,40-49,56,40,16,5,3,2,7,6,1,7,4,3,18,14,4,3,2,1,2,1,1,9,6,3,5,4,1
8404,C4920,2,23,District-Chamba,Urban,50-59,50,33,17,3,2,1,6,4,2,4,3,1,13,9,4,3,2,1,2,2,0,12,7,5,7,4,3
8405,C4920,2,23,District-Chamba,Urban,60-69,47,25,22,10,5,5,13,8,5,1,0,1,6,2,4,2,2,0,2,2,0,5,3,2,8,3,5
8406,C4920,2,23,District-Chamba,Urban,70-79,43,22,21,8,6,2,13,6,7,0,0,0,10,3,7,1,1,0,3,2,1,2,1,1,6,3,3
8407,C4920,2,23,District-Chamba,Urban,80-89,26,10,16,4,1,3,14,6,8,0,0,0,3,1,2,0,0,0,0,0,0,2,0,2,3,2,1
8408,C4920,2,23,District-Chamba,Urban,90+,11,2,9,1,0,1,5,2,3,0,0,0,2,0,2,0,0,0,0,0,0,2,0,2,1,0,1
8409,C4920,2,23,District-Chamba,Urban,Age Not Stated,0,0,0,0,0,0,0,0,0,0,0,0,0,0,0,0,0,0,0,0,0,0,0,0,0,0,0
8410,C4920,2,24,District-Kangra,Total,Total,33756,19093,14663,5096,2539,2557,5850,3108,2742,1911,1162,749,7077,4383,2694,2221,1365,856,1345,806,539,6366,3546,2820,3890,2184,1706
8411,C4920,2,24,District-Kangra,Total,0-4,1122,642,480,141,86,55,198,109,89,26,13,13,86,49,37,39,24,15,6,5,1,508,285,223,118,71,47
8412,C4920,2,24,District-Kangra,Total,5-9,1733,1022,711,181,99,82,228,114,114,200,127,73,176,131,45,156,99,57,39,26,13,473,257,216,280,169,111
8413,C4920,2,24,District-Kangra,Total,10-19,3919,2342,1577,474,266,208,521,295,226,372,243,129,456,293,163,474,280,194,154,86,68,911,550,361,557,329,228
8414,C4920,2,24,District-Kangra,Total,20-29,4267,2477,1790,394,223,171,631,348,283,330,190,140,686,441,245,495,301,194,259,164,95,998,523,475,474,287,187
8415,C4920,2,24,District-Kangra,Total,30-39,4527,2733,1794,423,217,206,666,383,283,275,152,123,1152,739,413,414,274,140,256,171,85,957,553,404,384,244,140
8416,C4920,2,24,District-Kangra,Total,40-49,3974,2442,1532,448,252,196,618,356,262,223,127,96,1052,731,321,284,179,105,238,138,100,801,469,332,310,190,120
8417,C4920,2,24,District-Kangra,Total,50-59,3624,2148,1476,607,326,281,563,278,285,176,115,61,980,656,324,169,103,66,175,106,69,668,386,282,286,178,108
8418,C4920,2,24,District-Kangra,Total,60-69,3891,2116,1775,820,358,462,766,414,352,146,102,44,1028,615,413,108,66,42,119,64,55,504,277,227,400,220,180
8419,C4920,2,24,District-Kangra,Total,70-79,3548,1730,1818,914,400,514,872,427,445,101,62,39,789,412,377,51,25,26,61,32,29,285,135,150,475,237,238
8420,C4920,2,24,District-Kangra,Total,80-89,2237,1033,1204,531,236,295,575,290,285,48,24,24,492,224,268,18,8,10,23,10,13,162,63,99,388,178,210
8421,C4920,2,24,District-Kangra,Total,90+,814,368,446,155,73,82,198,89,109,9,5,4,169,90,79,10,4,6,11,3,8,47,24,23,215,80,135
8422,C4920,2,24,District-Kangra,Total,Age Not Stated,100,40,60,8,3,5,14,5,9,5,2,3,11,2,9,3,2,1,4,1,3,52,24,28,3,1,2
8423,C4920,2,24,District-Kangra,Rural,Total,31909,17994,13915,4821,2396,2425,5343,2792,2551,1784,1075,709,6782,4203,2579,2117,1298,819,1267,758,509,6055,3370,2685,3740,2102,1638
8424,C4920,2,24,District-Kangra,Rural,0-4,1049,597,452,132,81,51,176,99,77,25,12,13,82,47,35,36,21,15,5,4,1,479,264,215,114,69,45
8425,C4920,2,24,District-Kangra,Rural,5-9,1641,967,674,178,99,79,188,92,96,191,119,72,173,129,44,148,93,55,37,24,13,456,249,207,270,162,108
8426,C4920,2,24,District-Kangra,Rural,10-19,3700,2226,1474,451,257,194,465,268,197,358,236,122,433,275,158,456,268,188,148,83,65,856,522,334,533,317,216
8427,C4920,2,24,District-Kangra,Rural,20-29,3959,2273,1686,375,212,163,523,268,255,297,168,129,646,416,230,474,288,186,241,152,89,943,491,452,460,278,182
8428,C4920,2,24,District-Kangra,Rural,30-39,4253,2564,1689,397,204,193,570,320,250,256,140,116,1117,716,401,389,260,129,243,165,78,911,524,387,370,235,135
8429,C4920,2,24,District-Kangra,Rural,40-49,3726,2283,1443,409,231,178,559,312,247,208,117,91,1005,699,306,271,171,100,224,129,95,761,445,316,289,179,110
8430,C4920,2,24,District-Kangra,Rural,50-59,3432,2030,1402,568,303,265,527,255,272,163,107,56,941,631,310,161,97,64,169,102,67,637,369,268,266,166,100
8431,C4920,2,24,District-Kangra,Rural,60-69,3723,2026,1697,776,338,438,744,404,340,140,98,42,984,588,396,102,62,40,111,59,52,481,265,216,385,212,173
8432,C4920,2,24,District-Kangra,Rural,70-79,3392,1652,1740,875,379,496,840,412,428,90,52,38,747,396,351,50,25,25,55,28,27,275,131,144,460,229,231
8433,C4920,2,24,District-Kangra,Rural,80-89,2143,979,1164,502,219,283,549,273,276,42,19,23,476,215,261,17,7,10,21,8,13,159,63,96,377,175,202
8434,C4920,2,24,District-Kangra,Rural,90+,792,357,435,150,70,80,188,84,104,9,5,4,167,89,78,10,4,6,10,3,7,45,23,22,213,79,134
8435,C4920,2,24,District-Kangra,Rural,Age Not Stated,99,40,59,8,3,5,14,5,9,5,2,3,11,2,9,3,2,1,3,1,2,52,24,28,3,1,2
8436,C4920,2,24,District-Kangra,Urban,Total,1847,1099,748,275,143,132,507,316,191,127,87,40,295,180,115,104,67,37,78,48,30,311,176,135,150,82,68
8437,C4920,2,24,District-Kangra,Urban,0-4,73,45,28,9,5,4,22,10,12,1,1,0,4,2,2,3,3,0,1,1,0,29,21,8,4,2,2
8438,C4920,2,24,District-Kangra,Urban,5-9,92,55,37,3,0,3,40,22,18,9,8,1,3,2,1,8,6,2,2,2,0,17,8,9,10,7,3
8439,C4920,2,24,District-Kangra,Urban,10-19,219,116,103,23,9,14,56,27,29,14,7,7,23,18,5,18,12,6,6,3,3,55,28,27,24,12,12
8440,C4920,2,24,District-Kangra,Urban,20-29,308,204,104,19,11,8,108,80,28,33,22,11,40,25,15,21,13,8,18,12,6,55,32,23,14,9,5
8441,C4920,2,24,District-Kangra,Urban,30-39,274,169,105,26,13,13,96,63,33,19,12,7,35,23,12,25,14,11,13,6,7,46,29,17,14,9,5
8442,C4920,2,24,District-Kangra,Urban,40-49,248,159,89,39,21,18,59,44,15,15,10,5,47,32,15,13,8,5,14,9,5,40,24,16,21,11,10
8443,C4920,2,24,District-Kangra,Urban,50-59,192,118,74,39,23,16,36,23,13,13,8,5,39,25,14,8,6,2,6,4,2,31,17,14,20,12,8
8444,C4920,2,24,District-Kangra,Urban,60-69,168,90,78,44,20,24,22,10,12,6,4,2,44,27,17,6,4,2,8,5,3,23,12,11,15,8,7
8445,C4920,2,24,District-Kangra,Urban,70-79,156,78,78,39,21,18,32,15,17,11,10,1,42,16,26,1,0,1,6,4,2,10,4,6,15,8,7
8446,C4920,2,24,District-Kangra,Urban,80-89,94,54,40,29,17,12,26,17,9,6,5,1,16,9,7,1,1,0,2,2,0,3,0,3,11,3,8
8447,C4920,2,24,District-Kangra,Urban,90+,22,11,11,5,3,2,10,5,5,0,0,0,2,1,1,0,0,0,1,0,1,2,1,1,2,1,1
8448,C4920,2,24,District-Kangra,Urban,Age Not Stated,1,0,1,0,0,0,0,0,0,0,0,0,0,0,0,0,0,0,1,0,1,0,0,0,0,0,0
8449,C4920,2,25,District-Lahul & Spiti,Total,Total,696,370,326,193,100,93,124,67,57,28,11,17,146,79,67,33,20,13,6,4,2,94,55,39,72,34,38
8450,C4920,2,25,District-Lahul & Spiti,Total,0-4,19,10,9,5,3,2,3,1,2,0,0,0,2,1,1,0,0,0,0,0,0,7,3,4,2,2,0
8451,C4920,2,25,District-Lahul & Spiti,Total,5-9,33,20,13,5,4,1,4,2,2,2,2,0,4,2,2,5,3,2,1,1,0,6,3,3,6,3,3
8452,C4920,2,25,District-Lahul & Spiti,Total,10-19,73,41,32,21,11,10,8,2,6,2,1,1,12,9,3,12,6,6,0,0,0,5,3,2,13,9,4
8453,C4920,2,25,District-Lahul & Spiti,Total,20-29,87,52,35,15,8,7,16,11,5,8,2,6,15,10,5,5,4,1,0,0,0,21,13,8,7,4,3
8454,C4920,2,25,District-Lahul & Spiti,Total,30-39,88,48,40,21,13,8,19,8,11,3,0,3,23,14,9,4,3,1,2,0,2,12,8,4,4,2,2
8455,C4920,2,25,District-Lahul & Spiti,Total,40-49,95,57,38,24,16,8,22,16,6,6,2,4,21,9,12,3,0,3,2,2,0,11,9,2,6,3,3
8456,C4920,2,25,District-Lahul & Spiti,Total,50-59,88,43,45,32,17,15,7,3,4,5,3,2,16,8,8,1,1,0,1,1,0,21,9,12,5,1,4
8457,C4920,2,25,District-Lahul & Spiti,Total,60-69,81,42,39,31,12,19,13,9,4,2,1,1,24,14,10,0,0,0,0,0,0,5,3,2,6,3,3
8458,C4920,2,25,District-Lahul & Spiti,Total,70-79,70,32,38,26,12,14,15,8,7,0,0,0,15,5,10,1,1,0,0,0,0,2,1,1,11,5,6
8459,C4920,2,25,District-Lahul & Spiti,Total,80-89,41,17,24,7,1,6,14,7,7,0,0,0,12,6,6,1,1,0,0,0,0,1,1,0,6,1,5
8460,C4920,2,25,District-Lahul & Spiti,Total,90+,15,4,11,4,2,2,3,0,3,0,0,0,2,1,1,0,0,0,0,0,0,0,0,0,6,1,5
8461,C4920,2,25,District-Lahul & Spiti,Total,Age Not Stated,6,4,2,2,1,1,0,0,0,0,0,0,0,0,0,1,1,0,0,0,0,3,2,1,0,0,0
8462,C4920,2,25,District-Lahul & Spiti,Rural,Total,696,370,326,193,100,93,124,67,57,28,11,17,146,79,67,33,20,13,6,4,2,94,55,39,72,34,38
8463,C4920,2,25,District-Lahul & Spiti,Rural,0-4,19,10,9,5,3,2,3,1,2,0,0,0,2,1,1,0,0,0,0,0,0,7,3,4,2,2,0
8464,C4920,2,25,District-Lahul & Spiti,Rural,5-9,33,20,13,5,4,1,4,2,2,2,2,0,4,2,2,5,3,2,1,1,0,6,3,3,6,3,3
8465,C4920,2,25,District-Lahul & Spiti,Rural,10-19,73,41,32,21,11,10,8,2,6,2,1,1,12,9,3,12,6,6,0,0,0,5,3,2,13,9,4
8466,C4920,2,25,District-Lahul & Spiti,Rural,20-29,87,52,35,15,8,7,16,11,5,8,2,6,15,10,5,5,4,1,0,0,0,21,13,8,7,4,3
8467,C4920,2,25,District-Lahul & Spiti,Rural,30-39,88,48,40,21,13,8,19,8,11,3,0,3,23,14,9,4,3,1,2,0,2,12,8,4,4,2,2
8468,C4920,2,25,District-Lahul & Spiti,Rural,40-49,95,57,38,24,16,8,22,16,6,6,2,4,21,9,12,3,0,3,2,2,0,11,9,2,6,3,3
8469,C4920,2,25,District-Lahul & Spiti,Rural,50-59,88,43,45,32,17,15,7,3,4,5,3,2,16,8,8,1,1,0,1,1,0,21,9,12,5,1,4
8470,C4920,2,25,District-Lahul & Spiti,Rural,60-69,81,42,39,31,12,19,13,9,4,2,1,1,24,14,10,0,0,0,0,0,0,5,3,2,6,3,3
8471,C4920,2,25,District-Lahul & Spiti,Rural,70-79,70,32,38,26,12,14,15,8,7,0,0,0,15,5,10,1,1,0,0,0,0,2,1,1,11,5,6
8472,C4920,2,25,District-Lahul & Spiti,Rural,80-89,41,17,24,7,1,6,14,7,7,0,0,0,12,6,6,1,1,0,0,0,0,1,1,0,6,1,5
8473,C4920,2,25,District-Lahul & Spiti,Rural,90+,15,4,11,4,2,2,3,0,3,0,0,0,2,1,1,0,0,0,0,0,0,0,0,0,6,1,5
8474,C4920,2,25,District-Lahul & Spiti,Rural,Age Not Stated,6,4,2,2,1,1,0,0,0,0,0,0,0,0,0,1,1,0,0,0,0,3,2,1,0,0,0
8475,C4920,2,25,District-Lahul & Spiti,Urban,Total,0,0,0,0,0,0,0,0,0,0,0,0,0,0,0,0,0,0,0,0,0,0,0,0,0,0,0
8476,C4920,2,25,District-Lahul & Spiti,Urban,0-4,0,0,0,0,0,0,0,0,0,0,0,0,0,0,0,0,0,0,0,0,0,0,0,0,0,0,0
8477,C4920,2,25,District-Lahul & Spiti,Urban,5-9,0,0,0,0,0,0,0,0,0,0,0,0,0,0,0,0,0,0,0,0,0,0,0,0,0,0,0
8478,C4920,2,25,District-Lahul & Spiti,Urban,10-19,0,0,0,0,0,0,0,0,0,0,0,0,0,0,0,0,0,0,0,0,0,0,0,0,0,0,0
8479,C4920,2,25,District-Lahul & Spiti,Urban,20-29,0,0,0,0,0,0,0,0,0,0,0,0,0,0,0,0,0,0,0,0,0,0,0,0,0,0,0
8480,C4920,2,25,District-Lahul & Spiti,Urban,30-39,0,0,0,0,0,0,0,0,0,0,0,0,0,0,0,0,0,0,0,0,0,0,0,0,0,0,0
8481,C4920,2,25,District-Lahul & Spiti,Urban,40-49,0,0,0,0,0,0,0,0,0,0,0,0,0,0,0,0,0,0,0,0,0,0,0,0,0,0,0
8482,C4920,2,25,District-Lahul & Spiti,Urban,50-59,0,0,0,0,0,0,0,0,0,0,0,0,0,0,0,0,0,0,0,0,0,0,0,0,0,0,0
8483,C4920,2,25,District-Lahul & Spiti,Urban,60-69,0,0,0,0,0,0,0,0,0,0,0,0,0,0,0,0,0,0,0,0,0,0,0,0,0,0,0
8484,C4920,2,25,District-Lahul & Spiti,Urban,70-79,0,0,0,0,0,0,0,0,0,0,0,0,0,0,0,0,0,0,0,0,0,0,0,0,0,0,0
8485,C4920,2,25,District-Lahul & Spiti,Urban,80-89,0,0,0,0,0,0,0,0,0,0,0,0,0,0,0,0,0,0,0,0,0,0,0,0,0,0,0
8486,C4920,2,25,District-Lahul & Spiti,Urban,90+,0,0,0,0,0,0,0,0,0,0,0,0,0,0,0,0,0,0,0,0,0,0,0,0,0,0,0
8487,C4920,2,25,District-Lahul & Spiti,Urban,Age Not Stated,0,0,0,0,0,0,0,0,0,0,0,0,0,0,0,0,0,0,0,0,0,0,0,0,0,0,0
8488,C4920,2,26,District-Kullu,Total,Total,8581,4799,3782,1242,652,590,1689,949,740,548,324,224,1637,980,657,384,215,169,203,118,85,1878,1037,841,1000,524,476
8489,C4920,2,26,District-Kullu,Total,0-4,242,130,112,31,20,11,34,14,20,1,0,1,23,16,7,10,4,6,1,1,0,114,58,56,28,17,11
8490,C4920,2,26,District-Kullu,Total,5-9,391,216,175,45,21,24,46,24,22,43,25,18,41,23,18,28,17,11,4,2,2,108,57,51,76,47,29
8491,C4920,2,26,District-Kullu,Total,10-19,1150,628,522,128,74,54,179,105,74,90,54,36,164,88,76,113,61,52,21,9,12,296,156,140,159,81,78
8492,C4920,2,26,District-Kullu,Total,20-29,1090,649,441,110,73,37,140,87,53,87,52,35,218,141,77,82,52,30,43,30,13,297,161,136,113,53,60
8493,C4920,2,26,District-Kullu,Total,30-39,1102,667,435,104,70,34,131,71,60,69,42,27,264,185,79,70,40,30,41,23,18,337,186,151,86,50,36
8494,C4920,2,26,District-Kullu,Total,40-49,1067,641,426,121,67,54,148,92,56,95,62,33,256,163,93,41,19,22,43,23,20,303,178,125,60,37,23
8495,C4920,2,26,District-Kullu,Total,50-59,889,499,390,134,69,65,215,113,102,45,23,22,199,120,79,18,12,6,23,15,8,190,112,78,65,35,30
8496,C4920,2,26,District-Kullu,Total,60-69,1020,566,454,183,86,97,279,167,112,66,40,26,222,123,99,12,5,7,10,7,3,138,83,55,110,55,55
8497,C4920,2,26,District-Kullu,Total,70-79,874,440,434,192,89,103,271,145,126,34,17,17,154,78,76,7,3,4,11,7,4,62,29,33,143,72,71
8498,C4920,2,26,District-Kullu,Total,80-89,556,273,283,147,62,85,181,102,79,11,7,4,70,32,38,2,1,1,6,1,5,25,11,14,114,57,57
8499,C4920,2,26,District-Kullu,Total,90+,192,85,107,46,20,26,63,27,36,7,2,5,23,10,13,1,1,0,0,0,0,6,5,1,46,20,26
8500,C4920,2,26,District-Kullu,Total,Age Not Stated,8,5,3,1,1,0,2,2,0,0,0,0,3,1,2,0,0,0,0,0,0,2,1,1,0,0,0
8501,C4920,2,26,District-Kullu,Rural,Total,7770,4358,3412,1177,615,562,1568,882,686,520,308,212,1541,926,615,348,194,154,187,109,78,1466,825,641,963,499,464
8502,C4920,2,26,District-Kullu,Rural,0-4,205,108,97,30,19,11,28,12,16,1,0,1,21,15,6,9,4,5,1,1,0,87,40,47,28,17,11
8503,C4920,2,26,District-Kullu,Rural,5-9,345,193,152,40,19,21,38,20,18,42,25,17,39,21,18,24,15,9,4,2,2,87,48,39,71,43,28
8504,C4920,2,26,District-Kullu,Rural,10-19,1022,567,455,122,71,51,158,92,66,87,53,34,157,83,74,103,57,46,19,9,10,225,125,100,151,77,74
8505,C4920,2,26,District-Kullu,Rural,20-29,969,579,390,100,65,35,129,81,48,78,47,31,208,134,74,75,46,29,42,29,13,229,127,102,108,50,58
8506,C4920,2,26,District-Kullu,Rural,30-39,960,593,367,97,65,32,121,66,55,65,40,25,242,173,69,65,37,28,36,20,16,253,145,108,81,47,34
8507,C4920,2,26,District-Kullu,Rural,40-49,961,571,390,111,58,53,139,86,53,90,57,33,245,153,92,36,16,20,41,21,20,240,144,96,59,36,23
8508,C4920,2,26,District-Kullu,Rural,50-59,812,456,356,125,65,60,203,107,96,42,21,21,190,116,74,15,9,6,22,14,8,152,91,61,63,33,30
8509,C4920,2,26,District-Kullu,Rural,60-69,949,525,424,177,85,92,260,155,105,64,39,25,208,114,94,11,5,6,8,7,1,114,67,47,107,53,54
8510,C4920,2,26,District-Kullu,Rural,70-79,831,418,413,188,87,101,260,139,121,33,17,16,145,76,69,7,3,4,9,5,4,51,23,28,138,68,70
8511,C4920,2,26,District-Kullu,Rural,80-89,526,264,262,140,60,80,171,98,73,11,7,4,64,32,32,2,1,1,5,1,4,21,10,11,112,55,57
8512,C4920,2,26,District-Kullu,Rural,90+,182,79,103,46,20,26,59,24,35,7,2,5,19,8,11,1,1,0,0,0,0,5,4,1,45,20,25
8513,C4920,2,26,District-Kullu,Rural,Age Not Stated,8,5,3,1,1,0,2,2,0,0,0,0,3,1,2,0,0,0,0,0,0,2,1,1,0,0,0
8514,C4920,2,26,District-Kullu,Urban,Total,811,441,370,65,37,28,121,67,54,28,16,12,96,54,42,36,21,15,16,9,7,412,212,200,37,25,12
8515,C4920,2,26,District-Kullu,Urban,0-4,37,22,15,1,1,0,6,2,4,0,0,0,2,1,1,1,0,1,0,0,0,27,18,9,0,0,0
8516,C4920,2,26,District-Kullu,Urban,5-9,46,23,23,5,2,3,8,4,4,1,0,1,2,2,0,4,2,2,0,0,0,21,9,12,5,4,1
8517,C4920,2,26,District-Kullu,Urban,10-19,128,61,67,6,3,3,21,13,8,3,1,2,7,5,2,10,4,6,2,0,2,71,31,40,8,4,4
8518,C4920,2,26,District-Kullu,Urban,20-29,121,70,51,10,8,2,11,6,5,9,5,4,10,7,3,7,6,1,1,1,0,68,34,34,5,3,2
8519,C4920,2,26,District-Kullu,Urban,30-39,142,74,68,7,5,2,10,5,5,4,2,2,22,12,10,5,3,2,5,3,2,84,41,43,5,3,2
8520,C4920,2,26,District-Kullu,Urban,40-49,106,70,36,10,9,1,9,6,3,5,5,0,11,10,1,5,3,2,2,2,0,63,34,29,1,1,0
8521,C4920,2,26,District-Kullu,Urban,50-59,77,43,34,9,4,5,12,6,6,3,2,1,9,4,5,3,3,0,1,1,0,38,21,17,2,2,0
8522,C4920,2,26,District-Kullu,Urban,60-69,71,41,30,6,1,5,19,12,7,2,1,1,14,9,5,1,0,1,2,0,2,24,16,8,3,2,1
8523,C4920,2,26,District-Kullu,Urban,70-79,43,22,21,4,2,2,11,6,5,1,0,1,9,2,7,0,0,0,2,2,0,11,6,5,5,4,1
8524,C4920,2,26,District-Kullu,Urban,80-89,30,9,21,7,2,5,10,4,6,0,0,0,6,0,6,0,0,0,1,0,1,4,1,3,2,2,0
8525,C4920,2,26,District-Kullu,Urban,90+,10,6,4,0,0,0,4,3,1,0,0,0,4,2,2,0,0,0,0,0,0,1,1,0,1,0,1
8526,C4920,2,26,District-Kullu,Urban,Age Not Stated,0,0,0,0,0,0,0,0,0,0,0,0,0,0,0,0,0,0,0,0,0,0,0,0,0,0,0
8527,C4920,2,27,District-Mandi,Total,Total,25921,14180,11741,4549,2400,2149,4492,2368,2124,1368,727,641,5018,2984,2034,1259,713,546,703,419,284,5913,3153,2760,2619,1416,1203
8528,C4920,2,27,District-Mandi,Total,0-4,771,433,338,146,81,65,128,71,57,14,8,6,58,38,20,21,11,10,2,2,0,354,196,158,48,26,22
8529,C4920,2,27,District-Mandi,Total,5-9,1263,682,581,209,110,99,148,82,66,134,75,59,129,75,54,113,63,50,21,14,7,357,167,190,152,96,56
8530,C4920,2,27,District-Mandi,Total,10-19,3400,1876,1524,508,273,235,449,241,208,309,143,166,376,236,140,317,181,136,85,50,35,929,490,439,427,262,165
8531,C4920,2,27,District-Mandi,Total,20-29,3387,1926,1461,499,290,209,476,256,220,228,133,95,564,354,210,268,154,114,127,70,57,905,479,426,320,190,130
8532,C4920,2,27,District-Mandi,Total,30-39,3629,2074,1555,480,276,204,564,304,260,158,90,68,764,478,286,216,128,88,163,101,62,1036,568,468,248,129,119
8533,C4920,2,27,District-Mandi,Total,40-49,3099,1829,1270,442,258,184,479,276,203,174,96,78,711,467,244,151,89,62,124,81,43,828,456,372,190,106,84
8534,C4920,2,27,District-Mandi,Total,50-59,2872,1651,1221,498,276,222,468,262,206,147,75,72,769,481,288,84,45,39,78,48,30,643,359,284,185,105,80
8535,C4920,2,27,District-Mandi,Total,60-69,2851,1503,1348,606,309,297,591,298,293,118,67,51,735,402,333,39,22,17,51,30,21,443,224,219,268,151,117
8536,C4920,2,27,District-Mandi,Total,70-79,2438,1210,1228,619,289,330,629,309,320,53,30,23,519,274,245,30,12,18,29,15,14,271,138,133,288,143,145
8537,C4920,2,27,District-Mandi,Total,80-89,1595,733,862,417,184,233,415,199,216,23,9,14,290,129,161,16,7,9,12,5,7,97,59,38,325,141,184
8538,C4920,2,27,District-Mandi,Total,90+,562,236,326,118,49,69,141,69,72,4,0,4,94,43,51,0,0,0,10,2,8,35,10,25,160,63,97
8539,C4920,2,27,District-Mandi,Total,Age Not Stated,54,27,27,7,5,2,4,1,3,6,1,5,9,7,2,4,1,3,1,1,0,15,7,8,8,4,4
8540,C4920,2,27,District-Mandi,Rural,Total,24571,13459,11112,4371,2313,2058,4279,2251,2028,1248,690,558,4740,2817,1923,1159,655,504,645,381,264,5611,2992,2619,2518,1360,1158
8541,C4920,2,27,District-Mandi,Rural,0-4,734,412,322,137,76,61,123,71,52,14,8,6,55,37,18,21,11,10,2,2,0,336,182,154,46,25,21
8542,C4920,2,27,District-Mandi,Rural,5-9,1196,647,549,198,105,93,141,75,66,116,70,46,122,72,50,108,58,50,19,13,6,346,163,183,146,91,55
8543,C4920,2,27,District-Mandi,Rural,10-19,3188,1780,1408,485,263,222,423,223,200,242,133,109,358,223,135,299,171,128,77,45,32,894,468,426,410,254,156
8544,C4920,2,27,District-Mandi,Rural,20-29,3213,1829,1384,474,275,199,454,243,211,216,127,89,529,335,194,253,144,109,116,64,52,868,462,406,303,179,124
8545,C4920,2,27,District-Mandi,Rural,30-39,3429,1967,1462,451,262,189,538,291,247,155,88,67,719,448,271,195,117,78,149,91,58,988,546,442,234,124,110
8546,C4920,2,27,District-Mandi,Rural,40-49,2920,1725,1195,418,246,172,455,262,193,165,91,74,669,439,230,133,77,56,118,77,41,782,431,351,180,102,78
8547,C4920,2,27,District-Mandi,Rural,50-59,2703,1538,1165,477,263,214,443,245,198,144,72,72,723,445,278,75,41,34,72,45,27,592,329,263,177,98,79
8548,C4920,2,27,District-Mandi,Rural,60-69,2719,1435,1284,595,305,290,569,290,279,114,64,50,689,376,313,35,21,14,44,24,20,414,210,204,259,145,114
8549,C4920,2,27,District-Mandi,Rural,70-79,2335,1158,1177,604,283,321,601,293,308,49,27,22,498,266,232,25,10,15,28,14,14,249,126,123,281,139,142
8550,C4920,2,27,District-Mandi,Rural,80-89,1537,709,828,410,181,229,393,190,203,23,9,14,280,127,153,12,4,8,10,3,7,92,58,34,317,137,180
8551,C4920,2,27,District-Mandi,Rural,90+,546,232,314,116,49,67,135,67,68,4,0,4,89,42,47,0,0,0,9,2,7,35,10,25,158,62,96
8552,C4920,2,27,District-Mandi,Rural,Age Not Stated,51,27,24,6,5,1,4,1,3,6,1,5,9,7,2,3,1,2,1,1,0,15,7,8,7,4,3
8553,C4920,2,27,District-Mandi,Urban,Total,1350,721,629,178,87,91,213,117,96,120,37,83,278,167,111,100,58,42,58,38,20,302,161,141,101,56,45
8554,C4920,2,27,District-Mandi,Urban,0-4,37,21,16,9,5,4,5,0,5,0,0,0,3,1,2,0,0,0,0,0,0,18,14,4,2,1,1
8555,C4920,2,27,District-Mandi,Urban,5-9,67,35,32,11,5,6,7,7,0,18,5,13,7,3,4,5,5,0,2,1,1,11,4,7,6,5,1
8556,C4920,2,27,District-Mandi,Urban,10-19,212,96,116,23,10,13,26,18,8,67,10,57,18,13,5,18,10,8,8,5,3,35,22,13,17,8,9
8557,C4920,2,27,District-Mandi,Urban,20-29,174,97,77,25,15,10,22,13,9,12,6,6,35,19,16,15,10,5,11,6,5,37,17,20,17,11,6
8558,C4920,2,27,District-Mandi,Urban,30-39,200,107,93,29,14,15,26,13,13,3,2,1,45,30,15,21,11,10,14,10,4,48,22,26,14,5,9
8559,C4920,2,27,District-Mandi,Urban,40-49,179,104,75,24,12,12,24,14,10,9,5,4,42,28,14,18,12,6,6,4,2,46,25,21,10,4,6
8560,C4920,2,27,District-Mandi,Urban,50-59,169,113,56,21,13,8,25,17,8,3,3,0,46,36,10,9,4,5,6,3,3,51,30,21,8,7,1
8561,C4920,2,27,District-Mandi,Urban,60-69,132,68,64,11,4,7,22,8,14,4,3,1,46,26,20,4,1,3,7,6,1,29,14,15,9,6,3
8562,C4920,2,27,District-Mandi,Urban,70-79,103,52,51,15,6,9,28,16,12,4,3,1,21,8,13,5,2,3,1,1,0,22,12,10,7,4,3
8563,C4920,2,27,District-Mandi,Urban,80-89,58,24,34,7,3,4,22,9,13,0,0,0,10,2,8,4,3,1,2,2,0,5,1,4,8,4,4
8564,C4920,2,27,District-Mandi,Urban,90+,16,4,12,2,0,2,6,2,4,0,0,0,5,1,4,0,0,0,1,0,1,0,0,0,2,1,1
8565,C4920,2,27,District-Mandi,Urban,Age Not Stated,3,0,3,1,0,1,0,0,0,0,0,0,0,0,0,1,0,1,0,0,0,0,0,0,1,0,1
8566,C4920,2,28,District-Hamirpur,Total,Total,9995,5296,4699,1149,551,598,1289,633,656,489,294,195,2920,1560,1360,654,385,269,406,247,159,1713,888,825,1375,738,637
8567,C4920,2,28,District-Hamirpur,Total,0-4,201,110,91,17,11,6,31,13,18,6,3,3,22,10,12,6,2,4,0,0,0,94,59,35,25,12,13
8568,C4920,2,28,District-Hamirpur,Total,5-9,353,228,125,31,19,12,24,15,9,49,33,16,34,24,10,39,24,15,11,6,5,94,59,35,71,48,23
8569,C4920,2,28,District-Hamirpur,Total,10-19,899,531,368,72,48,24,105,52,53,87,54,33,117,81,36,136,69,67,36,23,13,184,103,81,162,101,61
8570,C4920,2,28,District-Hamirpur,Total,20-29,961,549,412,46,24,22,89,38,51,74,41,33,206,116,90,132,90,42,64,35,29,213,107,106,137,98,39
8571,C4920,2,28,District-Hamirpur,Total,30-39,1133,648,485,81,47,34,97,39,58,65,34,31,356,225,131,116,69,47,84,48,36,213,112,101,121,74,47
8572,C4920,2,28,District-Hamirpur,Total,40-49,1143,655,488,97,48,49,110,59,51,57,39,18,382,237,145,97,57,40,89,60,29,220,104,116,91,51,40
8573,C4920,2,28,District-Hamirpur,Total,50-59,1210,655,555,156,79,77,116,61,55,56,34,22,414,224,190,63,38,25,53,33,20,251,121,130,101,65,36
8574,C4920,2,28,District-Hamirpur,Total,60-69,1373,723,650,214,103,111,182,101,81,34,24,10,495,250,245,33,19,14,33,21,12,235,120,115,147,85,62
8575,C4920,2,28,District-Hamirpur,Total,70-79,1351,628,723,211,82,129,241,114,127,37,19,18,493,237,256,16,9,7,23,16,7,138,70,68,192,81,111
8576,C4920,2,28,District-Hamirpur,Total,80-89,910,387,523,165,68,97,184,89,95,16,10,6,270,108,162,11,7,4,6,3,3,56,30,26,202,72,130
8577,C4920,2,28,District-Hamirpur,Total,90+,459,180,279,59,22,37,110,52,58,8,3,5,130,47,83,5,1,4,7,2,5,15,3,12,125,50,75
8578,C4920,2,28,District-Hamirpur,Total,Age Not Stated,2,2,0,0,0,0,0,0,0,0,0,0,1,1,0,0,0,0,0,0,0,0,0,0,1,1,0
8579,C4920,2,28,District-Hamirpur,Rural,Total,9587,5057,4530,1099,526,573,1235,606,629,457,272,185,2806,1491,1315,619,368,251,391,235,156,1651,851,800,1329,708,621
8580,C4920,2,28,District-Hamirpur,Rural,0-4,192,106,86,14,9,5,30,12,18,6,3,3,21,10,11,5,2,3,0,0,0,91,58,33,25,12,13
8581,C4920,2,28,District-Hamirpur,Rural,5-9,339,221,118,30,19,11,22,14,8,48,32,16,32,23,9,35,22,13,11,6,5,92,59,33,69,46,23
8582,C4920,2,28,District-Hamirpur,Rural,10-19,849,500,349,68,45,23,96,48,48,80,50,30,111,76,35,130,67,63,33,20,13,175,97,78,156,97,59
8583,C4920,2,28,District-Hamirpur,Rural,20-29,909,517,392,45,23,22,82,33,49,69,37,32,195,112,83,122,84,38,60,33,27,202,100,102,134,95,39
8584,C4920,2,28,District-Hamirpur,Rural,30-39,1071,614,457,74,43,31,92,38,54,58,31,27,333,212,121,110,66,44,82,47,35,205,107,98,117,70,47
8585,C4920,2,28,District-Hamirpur,Rural,40-49,1083,617,466,90,46,44,107,58,49,53,36,17,357,219,138,95,56,39,84,55,29,211,98,113,86,49,37
8586,C4920,2,28,District-Hamirpur,Rural,50-59,1157,624,533,148,76,72,110,60,50,52,31,21,400,214,186,60,37,23,52,32,20,243,115,128,92,59,33
8587,C4920,2,28,District-Hamirpur,Rural,60-69,1328,693,635,211,102,109,174,94,80,31,21,10,478,239,239,31,17,14,33,21,12,228,117,111,142,82,60
8588,C4920,2,28,District-Hamirpur,Rural,70-79,1307,605,702,199,76,123,233,110,123,36,18,18,482,232,250,16,9,7,23,16,7,133,67,66,185,77,108
8589,C4920,2,28,District-Hamirpur,Rural,80-89,897,381,516,161,65,96,180,87,93,16,10,6,268,107,161,11,7,4,6,3,3,56,30,26,199,72,127
8590,C4920,2,28,District-Hamirpur,Rural,90+,453,177,276,59,22,37,109,52,57,8,3,5,128,46,82,4,1,3,7,2,5,15,3,12,123,48,75
8591,C4920,2,28,District-Hamirpur,Rural,Age Not Stated,2,2,0,0,0,0,0,0,0,0,0,0,1,1,0,0,0,0,0,0,0,0,0,0,1,1,0
8592,C4920,2,28,District-Hamirpur,Urban,Total,408,239,169,50,25,25,54,27,27,32,22,10,114,69,45,35,17,18,15,12,3,62,37,25,46,30,16
8593,C4920,2,28,District-Hamirpur,Urban,0-4,9,4,5,3,2,1,1,1,0,0,0,0,1,0,1,1,0,1,0,0,0,3,1,2,0,0,0
8594,C4920,2,28,District-Hamirpur,Urban,5-9,14,7,7,1,0,1,2,1,1,1,1,0,2,1,1,4,2,2,0,0,0,2,0,2,2,2,0
8595,C4920,2,28,District-Hamirpur,Urban,10-19,50,31,19,4,3,1,9,4,5,7,4,3,6,5,1,6,2,4,3,3,0,9,6,3,6,4,2
8596,C4920,2,28,District-Hamirpur,Urban,20-29,52,32,20,1,1,0,7,5,2,5,4,1,11,4,7,10,6,4,4,2,2,11,7,4,3,3,0
8597,C4920,2,28,District-Hamirpur,Urban,30-39,62,34,28,7,4,3,5,1,4,7,3,4,23,13,10,6,3,3,2,1,1,8,5,3,4,4,0
8598,C4920,2,28,District-Hamirpur,Urban,40-49,60,38,22,7,2,5,3,1,2,4,3,1,25,18,7,2,1,1,5,5,0,9,6,3,5,2,3
8599,C4920,2,28,District-Hamirpur,Urban,50-59,53,31,22,8,3,5,6,1,5,4,3,1,14,10,4,3,1,2,1,1,0,8,6,2,9,6,3
8600,C4920,2,28,District-Hamirpur,Urban,60-69,45,30,15,3,1,2,8,7,1,3,3,0,17,11,6,2,2,0,0,0,0,7,3,4,5,3,2
8601,C4920,2,28,District-Hamirpur,Urban,70-79,44,23,21,12,6,6,8,4,4,1,1,0,11,5,6,0,0,0,0,0,0,5,3,2,7,4,3
8602,C4920,2,28,District-Hamirpur,Urban,80-89,13,6,7,4,3,1,4,2,2,0,0,0,2,1,1,0,0,0,0,0,0,0,0,0,3,0,3
8603,C4920,2,28,District-Hamirpur,Urban,90+,6,3,3,0,0,0,1,0,1,0,0,0,2,1,1,1,0,1,0,0,0,0,0,0,2,2,0
8604,C4920,2,28,District-Hamirpur,Urban,Age Not Stated,0,0,0,0,0,0,0,0,0,0,0,0,0,0,0,0,0,0,0,0,0,0,0,0,0,0,0
8605,C4920,2,29,District-Una,Total,Total,9388,5269,4119,1501,723,778,995,500,495,502,298,204,2611,1518,1093,749,458,291,532,329,203,1233,720,513,1265,723,542
8606,C4920,2,29,District-Una,Total,0-4,151,95,56,16,9,7,18,8,10,6,3,3,21,13,8,5,4,1,3,1,2,61,42,19,21,15,6
8607,C4920,2,29,District-Una,Total,5-9,411,256,155,38,21,17,18,10,8,64,41,23,62,37,25,55,34,21,12,7,5,60,34,26,102,72,30
8608,C4920,2,29,District-Una,Total,10-19,1033,627,406,96,56,40,73,39,34,86,57,29,149,105,44,198,107,91,62,38,24,154,95,59,215,130,85
8609,C4920,2,29,District-Una,Total,20-29,1037,595,442,69,44,25,81,40,41,72,37,35,270,152,118,146,84,62,78,58,20,175,86,89,146,94,52
8610,C4920,2,29,District-Una,Total,30-39,1330,825,505,75,46,29,91,51,40,84,50,34,485,290,195,140,94,46,128,88,40,206,125,81,121,81,40
8611,C4920,2,29,District-Una,Total,40-49,1098,706,392,132,70,62,106,63,43,71,43,28,313,222,91,118,75,43,87,53,34,181,114,67,90,66,24
8612,C4920,2,29,District-Una,Total,50-59,1036,621,415,216,117,99,97,56,41,51,27,24,314,200,114,44,30,14,80,44,36,160,102,58,74,45,29
8613,C4920,2,29,District-Una,Total,60-69,1131,593,538,300,123,177,138,77,61,28,17,11,370,218,152,28,22,6,44,22,22,130,63,67,93,51,42
8614,C4920,2,29,District-Una,Total,70-79,1137,515,622,324,136,188,183,78,105,23,14,9,346,164,182,12,6,6,24,12,12,71,46,25,154,59,95
8615,C4920,2,29,District-Una,Total,80-89,690,316,374,169,74,95,138,56,82,13,8,5,197,91,106,3,2,1,10,4,6,23,12,11,137,69,68
8616,C4920,2,29,District-Una,Total,90+,331,120,211,66,27,39,51,22,29,4,1,3,84,26,58,0,0,0,4,2,2,10,1,9,112,41,71
8617,C4920,2,29,District-Una,Total,Age Not Stated,3,0,3,0,0,0,1,0,1,0,0,0,0,0,0,0,0,0,0,0,0,2,0,2,0,0,0
8618,C4920,2,29,District-Una,Rural,Total,8657,4834,3823,1446,689,757,918,460,458,445,265,180,2417,1398,1019,651,400,251,488,296,192,1121,661,460,1171,665,506
8619,C4920,2,29,District-Una,Rural,0-4,138,86,52,16,9,7,16,8,8,6,3,3,21,13,8,2,1,1,3,1,2,53,36,17,21,15,6
8620,C4920,2,29,District-Una,Rural,5-9,361,221,140,37,21,16,15,9,6,60,39,21,55,32,23,41,23,18,11,7,4,53,31,22,89,59,30
8621,C4920,2,29,District-Una,Rural,10-19,905,553,352,92,54,38,62,34,28,72,48,24,140,100,40,155,85,70,54,32,22,138,85,53,192,115,77
8622,C4920,2,29,District-Una,Rural,20-29,944,543,401,64,40,24,75,37,38,68,36,32,240,134,106,132,77,55,73,54,19,160,78,82,132,87,45
8623,C4920,2,29,District-Una,Rural,30-39,1239,765,474,74,45,29,84,46,38,72,43,29,453,269,184,130,90,40,119,80,39,192,116,76,115,76,39
8624,C4920,2,29,District-Una,Rural,40-49,1002,641,361,126,65,61,93,54,39,64,38,26,286,205,81,109,67,42,78,46,32,165,106,59,81,60,21
8625,C4920,2,29,District-Una,Rural,50-59,946,567,379,209,112,97,86,48,38,41,21,20,283,180,103,42,29,13,73,40,33,147,97,50,65,40,25
8626,C4920,2,29,District-Una,Rural,60-69,1067,558,509,288,118,170,131,74,57,25,15,10,348,204,144,25,20,5,39,18,21,124,62,62,87,47,40
8627,C4920,2,29,District-Una,Rural,70-79,1072,480,592,311,128,183,173,73,100,21,13,8,322,151,171,12,6,6,24,12,12,60,39,21,149,58,91
8628,C4920,2,29,District-Una,Rural,80-89,661,301,360,163,70,93,131,55,76,13,8,5,186,84,102,3,2,1,10,4,6,20,10,10,135,68,67
8629,C4920,2,29,District-Una,Rural,90+,319,119,200,66,27,39,51,22,29,3,1,2,83,26,57,0,0,0,4,2,2,7,1,6,105,40,65
8630,C4920,2,29,District-Una,Rural,Age Not Stated,3,0,3,0,0,0,1,0,1,0,0,0,0,0,0,0,0,0,0,0,0,2,0,2,0,0,0
8631,C4920,2,29,District-Una,Urban,Total,731,435,296,55,34,21,77,40,37,57,33,24,194,120,74,98,58,40,44,33,11,112,59,53,94,58,36
8632,C4920,2,29,District-Una,Urban,0-4,13,9,4,0,0,0,2,0,2,0,0,0,0,0,0,3,3,0,0,0,0,8,6,2,0,0,0
8633,C4920,2,29,District-Una,Urban,5-9,50,35,15,1,0,1,3,1,2,4,2,2,7,5,2,14,11,3,1,0,1,7,3,4,13,13,0
8634,C4920,2,29,District-Una,Urban,10-19,128,74,54,4,2,2,11,5,6,14,9,5,9,5,4,43,22,21,8,6,2,16,10,6,23,15,8
8635,C4920,2,29,District-Una,Urban,20-29,93,52,41,5,4,1,6,3,3,4,1,3,30,18,12,14,7,7,5,4,1,15,8,7,14,7,7
8636,C4920,2,29,District-Una,Urban,30-39,91,60,31,1,1,0,7,5,2,12,7,5,32,21,11,10,4,6,9,8,1,14,9,5,6,5,1
8637,C4920,2,29,District-Una,Urban,40-49,96,65,31,6,5,1,13,9,4,7,5,2,27,17,10,9,8,1,9,7,2,16,8,8,9,6,3
8638,C4920,2,29,District-Una,Urban,50-59,90,54,36,7,5,2,11,8,3,10,6,4,31,20,11,2,1,1,7,4,3,13,5,8,9,5,4
8639,C4920,2,29,District-Una,Urban,60-69,64,35,29,12,5,7,7,3,4,3,2,1,22,14,8,3,2,1,5,4,1,6,1,5,6,4,2
8640,C4920,2,29,District-Una,Urban,70-79,65,35,30,13,8,5,10,5,5,2,1,1,24,13,11,0,0,0,0,0,0,11,7,4,5,1,4
8641,C4920,2,29,District-Una,Urban,80-89,29,15,14,6,4,2,7,1,6,0,0,0,11,7,4,0,0,0,0,0,0,3,2,1,2,1,1
8642,C4920,2,29,District-Una,Urban,90+,12,1,11,0,0,0,0,0,0,1,0,1,1,0,1,0,0,0,0,0,0,3,0,3,7,1,6
8643,C4920,2,29,District-Una,Urban,Age Not Stated,0,0,0,0,0,0,0,0,0,0,0,0,0,0,0,0,0,0,0,0,0,0,0,0,0,0,0
8644,C4920,2,30,District-Bilaspur,Total,Total,7965,4472,3493,1140,583,557,1099,561,538,419,261,158,2060,1251,809,684,418,266,331,188,143,1090,597,493,1142,613,529
8645,C4920,2,30,District-Bilaspur,Total,0-4,208,103,105,45,24,21,34,18,16,4,2,2,23,12,11,7,4,3,1,0,1,74,31,43,20,12,8
8646,C4920,2,30,District-Bilaspur,Total,5-9,409,233,176,57,30,27,46,19,27,42,29,13,41,28,13,62,38,24,10,5,5,71,37,34,80,47,33
8647,C4920,2,30,District-Bilaspur,Total,10-19,996,568,428,100,58,42,111,58,53,85,55,30,118,71,47,204,118,86,55,30,25,159,81,78,164,97,67
8648,C4920,2,30,District-Bilaspur,Total,20-29,1007,612,395,116,58,58,97,50,47,69,44,25,229,163,66,145,93,52,49,35,14,157,83,74,145,86,59
8649,C4920,2,30,District-Bilaspur,Total,30-39,1050,629,421,83,46,37,130,68,62,65,35,30,310,202,108,102,65,37,79,41,38,170,107,63,111,65,46
8650,C4920,2,30,District-Bilaspur,Total,40-49,916,593,323,79,56,23,102,64,38,54,34,20,316,216,100,89,57,32,50,25,25,151,89,62,75,52,23
8651,C4920,2,30,District-Bilaspur,Total,50-59,794,484,310,118,63,55,88,50,38,44,28,16,265,173,92,45,28,17,41,21,20,125,80,45,68,41,27
8652,C4920,2,30,District-Bilaspur,Total,60-69,821,461,360,168,79,89,129,66,63,31,21,10,255,159,96,23,11,12,27,19,8,89,51,38,99,55,44
8653,C4920,2,30,District-Bilaspur,Total,70-79,842,383,459,199,96,103,154,74,80,13,9,4,253,111,142,3,2,1,10,5,5,58,27,31,152,59,93
8654,C4920,2,30,District-Bilaspur,Total,80-89,588,274,314,124,50,74,122,62,60,8,3,5,174,85,89,2,1,1,6,5,1,19,7,12,133,61,72
8655,C4920,2,30,District-Bilaspur,Total,90+,322,124,198,48,22,26,84,31,53,4,1,3,73,28,45,2,1,1,2,1,1,15,3,12,94,37,57
8656,C4920,2,30,District-Bilaspur,Total,Age Not Stated,12,8,4,3,1,2,2,1,1,0,0,0,3,3,0,0,0,0,1,1,0,2,1,1,1,1,0
8657,C4920,2,30,District-Bilaspur,Rural,Total,7587,4253,3334,1081,550,531,1067,541,526,390,248,142,1962,1197,765,647,397,250,304,170,134,1039,562,477,1097,588,509
8658,C4920,2,30,District-Bilaspur,Rural,0-4,203,100,103,45,24,21,34,18,16,4,2,2,21,10,11,7,4,3,1,0,1,71,30,41,20,12,8
8659,C4920,2,30,District-Bilaspur,Rural,5-9,393,225,168,56,30,26,45,19,26,40,28,12,35,24,11,59,36,23,10,5,5,70,37,33,78,46,32
8660,C4920,2,30,District-Bilaspur,Rural,10-19,939,541,398,93,54,39,105,54,51,80,53,27,112,70,42,193,112,81,50,28,22,152,79,73,154,91,63
8661,C4920,2,30,District-Bilaspur,Rural,20-29,968,585,383,111,55,56,94,48,46,63,40,23,221,157,64,139,89,50,47,33,14,154,80,74,139,83,56
8662,C4920,2,30,District-Bilaspur,Rural,30-39,982,586,396,75,41,34,127,65,62,59,33,26,293,193,100,91,58,33,74,37,37,158,99,59,105,60,45
8663,C4920,2,30,District-Bilaspur,Rural,40-49,857,551,306,70,48,22,98,61,37,50,31,19,299,203,96,86,56,30,46,23,23,138,79,59,70,50,20
8664,C4920,2,30,District-Bilaspur,Rural,50-59,746,455,291,109,59,50,86,48,38,40,27,13,254,168,86,43,27,16,35,17,18,115,70,45,64,39,25
8665,C4920,2,30,District-Bilaspur,Rural,60-69,791,445,346,160,75,85,127,66,61,30,21,9,246,155,91,22,11,11,22,15,7,88,50,38,96,52,44
8666,C4920,2,30,District-Bilaspur,Rural,70-79,809,368,441,192,93,99,146,70,76,13,9,4,241,106,135,3,2,1,10,5,5,58,27,31,146,56,90
8667,C4920,2,30,District-Bilaspur,Rural,80-89,572,267,305,120,49,71,121,61,60,7,3,4,166,80,86,2,1,1,6,5,1,19,7,12,131,61,70
8668,C4920,2,30,District-Bilaspur,Rural,90+,316,123,193,48,22,26,82,30,52,4,1,3,71,28,43,2,1,1,2,1,1,14,3,11,93,37,56
8669,C4920,2,30,District-Bilaspur,Rural,Age Not Stated,11,7,4,2,0,2,2,1,1,0,0,0,3,3,0,0,0,0,1,1,0,2,1,1,1,1,0
8670,C4920,2,30,District-Bilaspur,Urban,Total,378,219,159,59,33,26,32,20,12,29,13,16,98,54,44,37,21,16,27,18,9,51,35,16,45,25,20
8671,C4920,2,30,District-Bilaspur,Urban,0-4,5,3,2,0,0,0,0,0,0,0,0,0,2,2,0,0,0,0,0,0,0,3,1,2,0,0,0
8672,C4920,2,30,District-Bilaspur,Urban,5-9,16,8,8,1,0,1,1,0,1,2,1,1,6,4,2,3,2,1,0,0,0,1,0,1,2,1,1
8673,C4920,2,30,District-Bilaspur,Urban,10-19,57,27,30,7,4,3,6,4,2,5,2,3,6,1,5,11,6,5,5,2,3,7,2,5,10,6,4
8674,C4920,2,30,District-Bilaspur,Urban,20-29,39,27,12,5,3,2,3,2,1,6,4,2,8,6,2,6,4,2,2,2,0,3,3,0,6,3,3
8675,C4920,2,30,District-Bilaspur,Urban,30-39,68,43,25,8,5,3,3,3,0,6,2,4,17,9,8,11,7,4,5,4,1,12,8,4,6,5,1
8676,C4920,2,30,District-Bilaspur,Urban,40-49,59,42,17,9,8,1,4,3,1,4,3,1,17,13,4,3,1,2,4,2,2,13,10,3,5,2,3
8677,C4920,2,30,District-Bilaspur,Urban,50-59,48,29,19,9,4,5,2,2,0,4,1,3,11,5,6,2,1,1,6,4,2,10,10,0,4,2,2
8678,C4920,2,30,District-Bilaspur,Urban,60-69,30,16,14,8,4,4,2,0,2,1,0,1,9,4,5,1,0,1,5,4,1,1,1,0,3,3,0
8679,C4920,2,30,District-Bilaspur,Urban,70-79,33,15,18,7,3,4,8,4,4,0,0,0,12,5,7,0,0,0,0,0,0,0,0,0,6,3,3
8680,C4920,2,30,District-Bilaspur,Urban,80-89,16,7,9,4,1,3,1,1,0,1,0,1,8,5,3,0,0,0,0,0,0,0,0,0,2,0,2
8681,C4920,2,30,District-Bilaspur,Urban,90+,6,1,5,0,0,0,2,1,1,0,0,0,2,0,2,0,0,0,0,0,0,1,0,1,1,0,1
8682,C4920,2,30,District-Bilaspur,Urban,Age Not Stated,1,1,0,1,1,0,0,0,0,0,0,0,0,0,0,0,0,0,0,0,0,0,0,0,0,0,0
8683,C4920,2,31,District-Solan,Total,Total,14815,8283,6532,2390,1204,1186,2551,1457,1094,612,382,230,3149,1881,1268,756,438,318,462,282,180,3010,1658,1352,1885,981,904
8684,C4920,2,31,District-Solan,Total,0-4,471,257,214,53,34,19,113,62,51,8,4,4,34,24,10,10,3,7,5,4,1,196,101,95,52,25,27
8685,C4920,2,31,District-Solan,Total,5-9,766,419,347,94,51,43,141,75,66,79,47,32,74,47,27,73,38,35,15,10,5,182,99,83,108,52,56
8686,C4920,2,31,District-Solan,Total,10-19,1795,994,801,213,124,89,347,186,161,122,82,40,227,142,85,191,102,89,48,24,24,411,207,204,236,127,109
8687,C4920,2,31,District-Solan,Total,20-29,1919,1124,795,153,94,59,392,228,164,112,71,41,345,232,113,155,88,67,79,55,24,505,257,248,178,99,79
8688,C4920,2,31,District-Solan,Total,30-39,1989,1223,766,191,118,73,321,194,127,99,62,37,498,332,166,130,86,44,102,62,40,508,295,213,140,74,66
8689,C4920,2,31,District-Solan,Total,40-49,1677,1051,626,205,116,89,275,165,110,56,40,16,393,264,129,101,66,35,94,58,36,411,264,147,142,78,64
8690,C4920,2,31,District-Solan,Total,50-59,1561,875,686,329,148,181,199,118,81,45,20,25,397,243,154,46,31,15,55,37,18,360,205,155,130,73,57
8691,C4920,2,31,District-Solan,Total,60-69,1828,924,904,468,199,269,286,159,127,50,34,16,519,272,247,22,11,11,46,22,24,237,126,111,200,101,99
8692,C4920,2,31,District-Solan,Total,70-79,1513,786,727,408,189,219,252,139,113,29,15,14,401,213,188,23,11,12,11,6,5,126,64,62,263,149,114
8693,C4920,2,31,District-Solan,Total,80-89,918,444,474,206,99,107,169,99,70,10,5,5,200,83,117,4,2,2,6,3,3,51,29,22,272,124,148
8694,C4920,2,31,District-Solan,Total,90+,360,174,186,66,30,36,52,30,22,2,2,0,57,26,31,1,0,1,1,1,0,18,7,11,163,78,85
8695,C4920,2,31,District-Solan,Total,Age Not Stated,18,12,6,4,2,2,4,2,2,0,0,0,4,3,1,0,0,0,0,0,0,5,4,1,1,1,0
8696,C4920,2,31,District-Solan,Rural,Total,12943,7191,5752,2191,1085,1106,1848,1060,788,523,325,198,2894,1712,1182,692,405,287,421,259,162,2606,1427,1179,1768,918,850
8697,C4920,2,31,District-Solan,Rural,0-4,382,204,178,44,27,17,73,37,36,8,4,4,33,23,10,9,3,6,3,2,1,166,86,80,46,22,24
8698,C4920,2,31,District-Solan,Rural,5-9,618,343,275,78,41,37,78,45,33,69,41,28,65,43,22,67,36,31,13,9,4,147,80,67,101,48,53
8699,C4920,2,31,District-Solan,Rural,10-19,1541,863,678,187,108,79,246,137,109,108,75,33,208,129,79,175,95,80,45,24,21,352,177,175,220,118,102
8700,C4920,2,31,District-Solan,Rural,20-29,1516,887,629,125,80,45,223,123,100,84,51,33,304,203,101,140,79,61,65,47,18,420,215,205,155,89,66
8701,C4920,2,31,District-Solan,Rural,30-39,1657,997,660,162,95,67,192,110,82,77,45,32,452,299,153,123,82,41,95,58,37,425,240,185,131,68,63
8702,C4920,2,31,District-Solan,Rural,40-49,1435,901,534,176,98,78,197,122,75,51,38,13,347,231,116,90,59,31,88,54,34,361,232,129,125,67,58
8703,C4920,2,31,District-Solan,Rural,50-59,1413,786,627,312,139,173,157,92,65,41,19,22,360,218,142,41,29,12,52,35,17,328,185,143,122,69,53
8704,C4920,2,31,District-Solan,Rural,60-69,1709,859,850,443,186,257,248,142,106,49,33,16,489,253,236,22,11,11,42,20,22,223,118,105,193,96,97
8705,C4920,2,31,District-Solan,Rural,70-79,1446,752,694,394,183,211,233,133,100,27,14,13,385,202,183,21,10,11,11,6,5,120,60,60,255,144,111
8706,C4920,2,31,District-Solan,Rural,80-89,873,423,450,202,97,105,156,92,64,7,3,4,193,83,110,3,1,2,6,3,3,44,24,20,262,120,142
8707,C4920,2,31,District-Solan,Rural,90+,337,165,172,64,29,35,41,25,16,2,2,0,55,25,30,1,0,1,1,1,0,16,7,9,157,76,81
8708,C4920,2,31,District-Solan,Rural,Age Not Stated,16,11,5,4,2,2,4,2,2,0,0,0,3,3,0,0,0,0,0,0,0,4,3,1,1,1,0
8709,C4920,2,31,District-Solan,Urban,Total,1872,1092,780,199,119,80,703,397,306,89,57,32,255,169,86,64,33,31,41,23,18,404,231,173,117,63,54
8710,C4920,2,31,District-Solan,Urban,0-4,89,53,36,9,7,2,40,25,15,0,0,0,1,1,0,1,0,1,2,2,0,30,15,15,6,3,3
8711,C4920,2,31,District-Solan,Urban,5-9,148,76,72,16,10,6,63,30,33,10,6,4,9,4,5,6,2,4,2,1,1,35,19,16,7,4,3
8712,C4920,2,31,District-Solan,Urban,10-19,254,131,123,26,16,10,101,49,52,14,7,7,19,13,6,16,7,9,3,0,3,59,30,29,16,9,7
8713,C4920,2,31,District-Solan,Urban,20-29,403,237,166,28,14,14,169,105,64,28,20,8,41,29,12,15,9,6,14,8,6,85,42,43,23,10,13
8714,C4920,2,31,District-Solan,Urban,30-39,332,226,106,29,23,6,129,84,45,22,17,5,46,33,13,7,4,3,7,4,3,83,55,28,9,6,3
8715,C4920,2,31,District-Solan,Urban,40-49,242,150,92,29,18,11,78,43,35,5,2,3,46,33,13,11,7,4,6,4,2,50,32,18,17,11,6
8716,C4920,2,31,District-Solan,Urban,50-59,148,89,59,17,9,8,42,26,16,4,1,3,37,25,12,5,2,3,3,2,1,32,20,12,8,4,4
8717,C4920,2,31,District-Solan,Urban,60-69,119,65,54,25,13,12,38,17,21,1,1,0,30,19,11,0,0,0,4,2,2,14,8,6,7,5,2
8718,C4920,2,31,District-Solan,Urban,70-79,67,34,33,14,6,8,19,6,13,2,1,1,16,11,5,2,1,1,0,0,0,6,4,2,8,5,3
8719,C4920,2,31,District-Solan,Urban,80-89,45,21,24,4,2,2,13,7,6,3,2,1,7,0,7,1,1,0,0,0,0,7,5,2,10,4,6
8720,C4920,2,31,District-Solan,Urban,90+,23,9,14,2,1,1,11,5,6,0,0,0,2,1,1,0,0,0,0,0,0,2,0,2,6,2,4
8721,C4920,2,31,District-Solan,Urban,Age Not Stated,2,1,1,0,0,0,0,0,0,0,0,0,1,0,1,0,0,0,0,0,0,1,1,0,0,0,0
8722,C4920,2,32,District-Sirmaur,Total,Total,10946,6222,4724,2135,1076,1059,1954,1079,875,613,376,237,2185,1381,804,557,351,206,348,186,162,1857,1064,793,1297,709,588
8723,C4920,2,32,District-Sirmaur,Total,0-4,383,195,188,47,23,24,89,39,50,10,5,5,34,16,18,16,7,9,5,4,1,140,78,62,42,23,19
8724,C4920,2,32,District-Sirmaur,Total,5-9,576,339,237,63,34,29,123,65,58,69,46,23,66,37,29,32,24,8,11,4,7,121,79,42,91,50,41
8725,C4920,2,32,District-Sirmaur,Total,10-19,1712,910,802,299,115,184,305,156,149,132,84,48,235,151,84,158,102,56,49,24,25,338,160,178,196,118,78
8726,C4920,2,32,District-Sirmaur,Total,20-29,1538,901,637,223,109,114,259,148,111,132,85,47,291,203,88,105,62,43,58,31,27,311,165,146,159,98,61
8727,C4920,2,32,District-Sirmaur,Total,30-39,1353,879,474,124,77,47,244,146,98,73,45,28,351,241,110,89,59,30,70,42,28,275,181,94,127,88,39
8728,C4920,2,32,District-Sirmaur,Total,40-49,1201,733,468,185,106,79,200,118,82,72,40,32,318,218,100,69,41,28,67,38,29,212,129,83,78,43,35
8729,C4920,2,32,District-Sirmaur,Total,50-59,1082,657,425,233,120,113,194,124,70,43,22,21,257,165,92,43,30,13,45,22,23,174,114,60,93,60,33
8730,C4920,2,32,District-Sirmaur,Total,60-69,1369,707,662,391,178,213,262,135,127,45,26,19,293,178,115,32,18,14,31,15,16,157,91,66,158,66,92
8731,C4920,2,32,District-Sirmaur,Total,70-79,1011,533,478,337,183,154,172,88,84,27,16,11,201,102,99,7,6,1,8,5,3,81,45,36,178,88,90
8732,C4920,2,32,District-Sirmaur,Total,80-89,540,278,262,182,109,73,84,48,36,5,4,1,105,51,54,4,1,3,4,1,3,37,16,21,119,48,71
8733,C4920,2,32,District-Sirmaur,Total,90+,178,87,91,50,21,29,21,11,10,5,3,2,34,19,15,2,1,1,0,0,0,10,5,5,56,27,29
8734,C4920,2,32,District-Sirmaur,Total,Age Not Stated,3,3,0,1,1,0,1,1,0,0,0,0,0,0,0,0,0,0,0,0,0,1,1,0,0,0,0
8735,C4920,2,32,District-Sirmaur,Rural,Total,9839,5565,4274,2010,1005,1005,1679,910,769,560,347,213,1969,1251,718,490,308,182,312,162,150,1637,940,697,1182,642,540
8736,C4920,2,32,District-Sirmaur,Rural,0-4,338,177,161,44,22,22,64,30,34,10,5,5,28,14,14,15,6,9,5,4,1,131,74,57,41,22,19
8737,C4920,2,32,District-Sirmaur,Rural,5-9,523,302,221,59,33,26,115,59,56,61,41,20,61,33,28,32,24,8,10,4,6,102,64,38,83,44,39
8738,C4920,2,32,District-Sirmaur,Rural,10-19,1584,832,752,286,107,179,270,137,133,127,83,44,222,142,80,143,89,54,46,21,25,308,143,165,182,110,72
8739,C4920,2,32,District-Sirmaur,Rural,20-29,1352,792,560,206,95,111,195,109,86,118,78,40,274,190,84,94,56,38,52,27,25,270,146,124,143,91,52
8740,C4920,2,32,District-Sirmaur,Rural,30-39,1175,761,414,114,69,45,210,122,88,63,37,26,311,215,96,68,47,21,64,37,27,230,153,77,115,81,34
8741,C4920,2,32,District-Sirmaur,Rural,40-49,1061,647,414,166,95,71,170,98,72,67,37,30,291,199,92,57,34,23,61,35,26,185,114,71,64,35,29
8742,C4920,2,32,District-Sirmaur,Rural,50-59,964,585,379,219,113,106,166,106,60,37,20,17,233,149,84,40,28,12,39,19,20,151,100,51,79,50,29
8743,C4920,2,32,District-Sirmaur,Rural,60-69,1257,649,608,375,170,205,238,118,120,43,25,18,259,163,96,30,17,13,25,11,14,144,85,59,143,60,83
8744,C4920,2,32,District-Sirmaur,Rural,70-79,929,482,447,324,176,148,159,79,80,26,15,11,167,83,84,6,5,1,7,4,3,73,41,32,167,79,88
8745,C4920,2,32,District-Sirmaur,Rural,80-89,491,253,238,168,103,65,73,40,33,5,4,1,94,47,47,4,1,3,3,0,3,32,14,18,112,44,68
8746,C4920,2,32,District-Sirmaur,Rural,90+,162,82,80,48,21,27,18,11,7,3,2,1,29,16,13,1,1,0,0,0,0,10,5,5,53,26,27
8747,C4920,2,32,District-Sirmaur,Rural,Age Not Stated,3,3,0,1,1,0,1,1,0,0,0,0,0,0,0,0,0,0,0,0,0,1,1,0,0,0,0
8748,C4920,2,32,District-Sirmaur,Urban,Total,1107,657,450,125,71,54,275,169,106,53,29,24,216,130,86,67,43,24,36,24,12,220,124,96,115,67,48
8749,C4920,2,32,District-Sirmaur,Urban,0-4,45,18,27,3,1,2,25,9,16,0,0,0,6,2,4,1,1,0,0,0,0,9,4,5,1,1,0
8750,C4920,2,32,District-Sirmaur,Urban,5-9,53,37,16,4,1,3,8,6,2,8,5,3,5,4,1,0,0,0,1,0,1,19,15,4,8,6,2
8751,C4920,2,32,District-Sirmaur,Urban,10-19,128,78,50,13,8,5,35,19,16,5,1,4,13,9,4,15,13,2,3,3,0,30,17,13,14,8,6
8752,C4920,2,32,District-Sirmaur,Urban,20-29,186,109,77,17,14,3,64,39,25,14,7,7,17,13,4,11,6,5,6,4,2,41,19,22,16,7,9
8753,C4920,2,32,District-Sirmaur,Urban,30-39,178,118,60,10,8,2,34,24,10,10,8,2,40,26,14,21,12,9,6,5,1,45,28,17,12,7,5
8754,C4920,2,32,District-Sirmaur,Urban,40-49,140,86,54,19,11,8,30,20,10,5,3,2,27,19,8,12,7,5,6,3,3,27,15,12,14,8,6
8755,C4920,2,32,District-Sirmaur,Urban,50-59,118,72,46,14,7,7,28,18,10,6,2,4,24,16,8,3,2,1,6,3,3,23,14,9,14,10,4
8756,C4920,2,32,District-Sirmaur,Urban,60-69,112,58,54,16,8,8,24,17,7,2,1,1,34,15,19,2,1,1,6,4,2,13,6,7,15,6,9
8757,C4920,2,32,District-Sirmaur,Urban,70-79,82,51,31,13,7,6,13,9,4,1,1,0,34,19,15,1,1,0,1,1,0,8,4,4,11,9,2
8758,C4920,2,32,District-Sirmaur,Urban,80-89,49,25,24,14,6,8,11,8,3,0,0,0,11,4,7,0,0,0,1,1,0,5,2,3,7,4,3
8759,C4920,2,32,District-Sirmaur,Urban,90+,16,5,11,2,0,2,3,0,3,2,1,1,5,3,2,1,0,1,0,0,0,0,0,0,3,1,2
8760,C4920,2,32,District-Sirmaur,Urban,Age Not Stated,0,0,0,0,0,0,0,0,0,0,0,0,0,0,0,0,0,0,0,0,0,0,0,0,0,0,0
8761,C4920,2,33,District-Shimla,Total,Total,21834,12125,9709,4687,2510,2177,4339,2342,1997,1111,672,439,3644,2163,1481,1113,612,501,494,258,236,3915,2169,1746,2531,1399,1132
8762,C4920,2,33,District-Shimla,Total,0-4,586,315,271,148,77,71,112,52,60,12,6,6,34,24,10,24,12,12,5,3,2,209,119,90,42,22,20
8763,C4920,2,33,District-Shimla,Total,5-9,1036,577,459,247,139,108,174,103,71,96,56,40,84,48,36,82,43,39,13,4,9,218,108,110,122,76,46
8764,C4920,2,33,District-Shimla,Total,10-19,2707,1573,1134,582,343,239,460,233,227,202,131,71,282,169,113,240,134,106,56,32,24,515,284,231,370,247,123
8765,C4920,2,33,District-Shimla,Total,20-29,2885,1619,1266,527,301,226,511,291,220,196,108,88,391,241,150,215,119,96,85,49,36,719,365,354,241,145,96
8766,C4920,2,33,District-Shimla,Total,30-39,2771,1635,1136,501,287,214,488,271,217,132,96,36,506,336,170,193,109,84,91,52,39,644,362,282,216,122,94
8767,C4920,2,33,District-Shimla,Total,40-49,2814,1633,1181,520,304,216,507,275,232,162,101,61,574,369,205,176,95,81,100,51,49,588,337,251,187,101,86
8768,C4920,2,33,District-Shimla,Total,50-59,2513,1437,1076,501,269,232,427,253,174,124,67,57,598,360,238,87,45,42,80,36,44,474,286,188,222,121,101
8769,C4920,2,33,District-Shimla,Total,60-69,2556,1341,1215,604,287,317,616,310,306,95,52,43,511,289,222,56,29,27,38,18,20,305,177,128,331,179,152
8770,C4920,2,33,District-Shimla,Total,70-79,2293,1161,1132,616,293,323,610,321,289,68,42,26,418,211,207,28,18,10,19,9,10,159,82,77,375,185,190
8771,C4920,2,33,District-Shimla,Total,80-89,1259,635,624,347,172,175,338,182,156,18,10,8,189,85,104,10,7,3,4,2,2,61,40,21,292,137,155
8772,C4920,2,33,District-Shimla,Total,90+,394,185,209,90,37,53,90,46,44,5,2,3,55,29,26,2,1,1,3,2,1,18,6,12,131,62,69
8773,C4920,2,33,District-Shimla,Total,Age Not Stated,20,14,6,4,1,3,6,5,1,1,1,0,2,2,0,0,0,0,0,0,0,5,3,2,2,2,0
8774,C4920,2,33,District-Shimla,Rural,Total,18128,9928,8200,3817,2004,1813,3646,1953,1693,951,572,379,3138,1842,1296,821,447,374,423,214,209,3108,1717,1391,2224,1179,1045
8775,C4920,2,33,District-Shimla,Rural,0-4,477,260,217,110,55,55,89,42,47,10,4,6,29,22,7,17,10,7,4,3,1,182,105,77,36,19,17
8776,C4920,2,33,District-Shimla,Rural,5-9,804,439,365,186,103,83,132,79,53,84,49,35,77,42,35,57,28,29,11,3,8,171,83,88,86,52,34
8777,C4920,2,33,District-Shimla,Rural,10-19,2053,1141,912,432,242,190,355,180,175,170,111,59,236,137,99,166,90,76,41,23,18,405,218,187,248,140,108
8778,C4920,2,33,District-Shimla,Rural,20-29,2194,1235,959,365,210,155,385,219,166,157,86,71,325,204,121,153,88,65,73,39,34,531,265,266,205,124,81
8779,C4920,2,33,District-Shimla,Rural,30-39,2224,1333,891,374,219,155,383,217,166,112,81,31,437,293,144,158,90,68,79,45,34,491,284,207,190,104,86
8780,C4920,2,33,District-Shimla,Rural,40-49,2251,1289,962,386,222,164,398,205,193,143,93,50,469,295,174,132,68,64,90,46,44,468,271,197,165,89,76
8781,C4920,2,33,District-Shimla,Rural,50-59,2098,1165,933,408,214,194,364,209,155,105,53,52,511,302,209,61,27,34,72,31,41,378,223,155,199,106,93
8782,C4920,2,33,District-Shimla,Rural,60-69,2335,1216,1119,549,257,292,573,289,284,86,45,41,465,262,203,41,22,19,32,14,18,270,155,115,319,172,147
8783,C4920,2,33,District-Shimla,Rural,70-79,2123,1067,1056,581,276,305,572,302,270,62,39,23,363,179,184,27,18,9,16,7,9,140,71,69,362,175,187
8784,C4920,2,33,District-Shimla,Rural,80-89,1180,593,587,336,170,166,307,163,144,16,8,8,173,75,98,7,5,2,3,2,1,55,35,20,283,135,148
8785,C4920,2,33,District-Shimla,Rural,90+,371,178,193,86,35,51,84,45,39,5,2,3,51,29,22,2,1,1,2,1,1,12,4,8,129,61,68
8786,C4920,2,33,District-Shimla,Rural,Age Not Stated,18,12,6,4,1,3,4,3,1,1,1,0,2,2,0,0,0,0,0,0,0,5,3,2,2,2,0
8787,C4920,2,33,District-Shimla,Urban,Total,3706,2197,1509,870,506,364,693,389,304,160,100,60,506,321,185,292,165,127,71,44,27,807,452,355,307,220,87
8788,C4920,2,33,District-Shimla,Urban,0-4,109,55,54,38,22,16,23,10,13,2,2,0,5,2,3,7,2,5,1,0,1,27,14,13,6,3,3
8789,C4920,2,33,District-Shimla,Urban,5-9,232,138,94,61,36,25,42,24,18,12,7,5,7,6,1,25,15,10,2,1,1,47,25,22,36,24,12
8790,C4920,2,33,District-Shimla,Urban,10-19,654,432,222,150,101,49,105,53,52,32,20,12,46,32,14,74,44,30,15,9,6,110,66,44,122,107,15
8791,C4920,2,33,District-Shimla,Urban,20-29,691,384,307,162,91,71,126,72,54,39,22,17,66,37,29,62,31,31,12,10,2,188,100,88,36,21,15
8792,C4920,2,33,District-Shimla,Urban,30-39,547,302,245,127,68,59,105,54,51,20,15,5,69,43,26,35,19,16,12,7,5,153,78,75,26,18,8
8793,C4920,2,33,District-Shimla,Urban,40-49,563,344,219,134,82,52,109,70,39,19,8,11,105,74,31,44,27,17,10,5,5,120,66,54,22,12,10
8794,C4920,2,33,District-Shimla,Urban,50-59,415,272,143,93,55,38,63,44,19,19,14,5,87,58,29,26,18,8,8,5,3,96,63,33,23,15,8
8795,C4920,2,33,District-Shimla,Urban,60-69,221,125,96,55,30,25,43,21,22,9,7,2,46,27,19,15,7,8,6,4,2,35,22,13,12,7,5
8796,C4920,2,33,District-Shimla,Urban,70-79,170,94,76,35,17,18,38,19,19,6,3,3,55,32,23,1,0,1,3,2,1,19,11,8,13,10,3
8797,C4920,2,33,District-Shimla,Urban,80-89,79,42,37,11,2,9,31,19,12,2,2,0,16,10,6,3,2,1,1,0,1,6,5,1,9,2,7
8798,C4920,2,33,District-Shimla,Urban,90+,23,7,16,4,2,2,6,1,5,0,0,0,4,0,4,0,0,0,1,1,0,6,2,4,2,1,1
8799,C4920,2,33,District-Shimla,Urban,Age Not Stated,2,2,0,0,0,0,2,2,0,0,0,0,0,0,0,0,0,0,0,0,0,0,0,0,0,0,0
8800,C4920,2,34,District-Kinnaur,Total,Total,1919,986,933,356,178,178,423,214,209,142,80,62,312,159,153,58,32,26,42,23,19,296,165,131,290,135,155
8801,C4920,2,34,District-Kinnaur,Total,0-4,25,13,12,2,2,0,8,5,3,0,0,0,5,3,2,1,1,0,0,0,0,8,2,6,1,0,1
8802,C4920,2,34,District-Kinnaur,Total,5-9,64,36,28,7,5,2,8,3,5,10,6,4,8,4,4,2,1,1,2,2,0,17,9,8,10,6,4
8803,C4920,2,34,District-Kinnaur,Total,10-19,146,85,61,30,13,17,22,16,6,19,13,6,14,8,6,14,9,5,2,2,0,31,17,14,14,7,7
8804,C4920,2,34,District-Kinnaur,Total,20-29,230,147,83,35,27,8,42,28,14,12,7,5,42,27,15,14,8,6,9,7,2,63,39,24,13,4,9
8805,C4920,2,34,District-Kinnaur,Total,30-39,217,122,95,30,16,14,37,26,11,11,9,2,49,23,26,11,5,6,5,1,4,57,31,26,17,11,6
8806,C4920,2,34,District-Kinnaur,Total,40-49,244,130,114,34,19,15,55,27,28,27,14,13,42,27,15,8,4,4,10,6,4,41,21,20,27,12,15
8807,C4920,2,34,District-Kinnaur,Total,50-59,258,129,129,44,20,24,59,25,34,22,13,9,44,22,22,4,4,0,5,2,3,33,19,14,47,24,23
8808,C4920,2,34,District-Kinnaur,Total,60-69,260,115,145,45,24,21,75,31,44,20,8,12,41,16,25,3,0,3,4,2,2,30,19,11,42,15,27
8809,C4920,2,34,District-Kinnaur,Total,70-79,255,114,141,60,21,39,70,33,37,15,8,7,47,20,27,1,0,1,4,1,3,7,2,5,51,29,22
8810,C4920,2,34,District-Kinnaur,Total,80-89,174,77,97,53,25,28,38,17,21,6,2,4,17,6,11,0,0,0,1,0,1,8,5,3,51,22,29
8811,C4920,2,34,District-Kinnaur,Total,90+,45,17,28,16,6,10,9,3,6,0,0,0,2,2,0,0,0,0,0,0,0,1,1,0,17,5,12
8812,C4920,2,34,District-Kinnaur,Total,Age Not Stated,1,1,0,0,0,0,0,0,0,0,0,0,1,1,0,0,0,0,0,0,0,0,0,0,0,0,0
8813,C4920,2,34,District-Kinnaur,Rural,Total,1919,986,933,356,178,178,423,214,209,142,80,62,312,159,153,58,32,26,42,23,19,296,165,131,290,135,155
8814,C4920,2,34,District-Kinnaur,Rural,0-4,25,13,12,2,2,0,8,5,3,0,0,0,5,3,2,1,1,0,0,0,0,8,2,6,1,0,1
8815,C4920,2,34,District-Kinnaur,Rural,5-9,64,36,28,7,5,2,8,3,5,10,6,4,8,4,4,2,1,1,2,2,0,17,9,8,10,6,4
8816,C4920,2,34,District-Kinnaur,Rural,10-19,146,85,61,30,13,17,22,16,6,19,13,6,14,8,6,14,9,5,2,2,0,31,17,14,14,7,7
8817,C4920,2,34,District-Kinnaur,Rural,20-29,230,147,83,35,27,8,42,28,14,12,7,5,42,27,15,14,8,6,9,7,2,63,39,24,13,4,9
8818,C4920,2,34,District-Kinnaur,Rural,30-39,217,122,95,30,16,14,37,26,11,11,9,2,49,23,26,11,5,6,5,1,4,57,31,26,17,11,6
8819,C4920,2,34,District-Kinnaur,Rural,40-49,244,130,114,34,19,15,55,27,28,27,14,13,42,27,15,8,4,4,10,6,4,41,21,20,27,12,15
8820,C4920,2,34,District-Kinnaur,Rural,50-59,258,129,129,44,20,24,59,25,34,22,13,9,44,22,22,4,4,0,5,2,3,33,19,14,47,24,23
8821,C4920,2,34,District-Kinnaur,Rural,60-69,260,115,145,45,24,21,75,31,44,20,8,12,41,16,25,3,0,3,4,2,2,30,19,11,42,15,27
8822,C4920,2,34,District-Kinnaur,Rural,70-79,255,114,141,60,21,39,70,33,37,15,8,7,47,20,27,1,0,1,4,1,3,7,2,5,51,29,22
8823,C4920,2,34,District-Kinnaur,Rural,80-89,174,77,97,53,25,28,38,17,21,6,2,4,17,6,11,0,0,0,1,0,1,8,5,3,51,22,29
8824,C4920,2,34,District-Kinnaur,Rural,90+,45,17,28,16,6,10,9,3,6,0,0,0,2,2,0,0,0,0,0,0,0,1,1,0,17,5,12
8825,C4920,2,34,District-Kinnaur,Rural,Age Not Stated,1,1,0,0,0,0,0,0,0,0,0,0,1,1,0,0,0,0,0,0,0,0,0,0,0,0,0
8826,C4920,2,34,District-Kinnaur,Urban,Total,0,0,0,0,0,0,0,0,0,0,0,0,0,0,0,0,0,0,0,0,0,0,0,0,0,0,0
8827,C4920,2,34,District-Kinnaur,Urban,0-4,0,0,0,0,0,0,0,0,0,0,0,0,0,0,0,0,0,0,0,0,0,0,0,0,0,0,0
8828,C4920,2,34,District-Kinnaur,Urban,5-9,0,0,0,0,0,0,0,0,0,0,0,0,0,0,0,0,0,0,0,0,0,0,0,0,0,0,0
8829,C4920,2,34,District-Kinnaur,Urban,10-19,0,0,0,0,0,0,0,0,0,0,0,0,0,0,0,0,0,0,0,0,0,0,0,0,0,0,0
8830,C4920,2,34,District-Kinnaur,Urban,20-29,0,0,0,0,0,0,0,0,0,0,0,0,0,0,0,0,0,0,0,0,0,0,0,0,0,0,0
8831,C4920,2,34,District-Kinnaur,Urban,30-39,0,0,0,0,0,0,0,0,0,0,0,0,0,0,0,0,0,0,0,0,0,0,0,0,0,0,0
8832,C4920,2,34,District-Kinnaur,Urban,40-49,0,0,0,0,0,0,0,0,0,0,0,0,0,0,0,0,0,0,0,0,0,0,0,0,0,0,0
8833,C4920,2,34,District-Kinnaur,Urban,50-59,0,0,0,0,0,0,0,0,0,0,0,0,0,0,0,0,0,0,0,0,0,0,0,0,0,0,0
8834,C4920,2,34,District-Kinnaur,Urban,60-69,0,0,0,0,0,0,0,0,0,0,0,0,0,0,0,0,0,0,0,0,0,0,0,0,0,0,0
8835,C4920,2,34,District-Kinnaur,Urban,70-79,0,0,0,0,0,0,0,0,0,0,0,0,0,0,0,0,0,0,0,0,0,0,0,0,0,0,0
8836,C4920,2,34,District-Kinnaur,Urban,80-89,0,0,0,0,0,0,0,0,0,0,0,0,0,0,0,0,0,0,0,0,0,0,0,0,0,0,0
8837,C4920,2,34,District-Kinnaur,Urban,90+,0,0,0,0,0,0,0,0,0,0,0,0,0,0,0,0,0,0,0,0,0,0,0,0,0,0,0
8838,C4920,2,34,District-Kinnaur,Urban,Age Not Stated,0,0,0,0,0,0,0,0,0,0,0,0,0,0,0,0,0,0,0,0,0,0,0,0,0,0,0
8839,C4920,6,0,State-HARYANA,Total,0-4,24491,13585,10906,3176,1718,1458,7661,4061,3600,443,261,182,2019,1217,802,893,515,378,220,145,75,8439,4660,3779,1640,1008,632
8840,C4920,6,0,State-HARYANA,Total,5-9,34711,20141,14570,3977,2202,1775,8646,4730,3916,2744,1693,1051,3718,2364,1354,2481,1509,972,743,463,280,8607,4750,3857,3795,2430,1365
8841,C4920,6,0,State-HARYANA,Total,10-19,87740,52430,35310,9935,5598,4337,19752,10911,8841,5498,3528,1970,12765,8320,4445,8256,5237,3019,2965,1794,1171,20010,11432,8578,8559,5610,2949
8842,C4920,6,0,State-HARYANA,Total,20-29,87398,53534,33864,7767,4536,3231,18238,9848,8390,3830,2371,1459,22487,14911,7576,6182,4206,1976,3013,2087,926,20066,11720,8346,5815,3855,1960
8843,C4920,6,0,State-HARYANA,Total,30-39,75068,45873,29195,7078,4074,3004,14767,7879,6888,2988,1731,1257,20659,13768,6891,4919,3280,1639,2999,2011,988,17374,10354,7020,4284,2776,1508
8844,C4920,6,0,State-HARYANA,Total,40-49,62077,37942,24135,8652,4878,3774,12210,6519,5691,2228,1349,879,14194,9689,4505,3437,2197,1240,2591,1707,884,15207,9272,5935,3558,2331,1227
8845,C4920,6,0,State-HARYANA,Total,50-59,49745,28745,21000,9406,4981,4425,9257,4713,4544,1632,999,633,11696,7429,4267,1847,1160,687,1672,1025,647,11003,6487,4516,3232,1951,1281
8846,C4920,6,0,State-HARYANA,Total,60-69,57628,30439,27189,14860,7194,7666,10698,5267,5431,1396,839,557,13786,7790,5996,1268,738,530,1266,702,564,9374,5260,4114,4980,2649,2331
8847,C4920,6,0,State-HARYANA,Total,70-79,38547,19293,19254,10845,5192,5653,7838,3896,3942,694,400,294,8786,4528,4258,506,265,241,461,238,223,4277,2347,1930,5140,2427,2713
8848,C4920,6,0,State-HARYANA,Total,80-89,20805,9839,10966,5451,2575,2876,4645,2259,2386,227,104,123,4400,2041,2359,177,98,79,193,102,91,1622,800,822,4090,1860,2230
8849,C4920,6,0,State-HARYANA,Total,90+,7205,3164,4041,1443,615,828,1589,720,869,86,35,51,1402,631,771,72,40,32,53,18,35,476,229,247,2084,876,1208
8850,C4920,6,0,State-HARYANA,Total,Age Not Stated,959,548,411,112,61,51,226,113,113,21,11,10,114,73,41,32,23,9,15,6,9,366,217,149,73,44,29
8851,C4920,6,0,State-HARYANA,Rural,Total,357663,208784,148879,55737,29219,26518,66421,35029,31392,14578,9035,5543,82283,52540,29743,20160,13044,7116,10657,6820,3837,74374,43340,31034,33453,19757,13696
8852,C4920,6,0,State-HARYANA,Rural,0-4,15090,8398,6692,1977,1080,897,4220,2220,2000,307,180,127,1477,885,592,567,339,228,143,92,51,5328,2923,2405,1071,679,392
8853,C4920,6,0,State-HARYANA,Rural,5-9,22524,13141,9383,2496,1393,1103,4808,2627,2181,1971,1236,735,2762,1736,1026,1731,1055,676,506,319,187,5507,3012,2495,2743,1763,980
8854,C4920,6,0,State-HARYANA,Rural,10-19,57327,34496,22831,6219,3500,2719,11167,6146,5021,3861,2515,1346,9338,6096,3242,5876,3753,2123,1943,1176,767,12879,7319,5560,6044,3991,2053
8855,C4920,6,0,State-HARYANA,Rural,20-29,54719,34722,19997,4481,2724,1757,9317,5172,4145,2511,1599,912,16398,11093,5305,3963,2798,1165,1928,1358,570,12287,7369,4918,3834,2609,1225
8856,C4920,6,0,State-HARYANA,Rural,30-39,47989,30053,17936,4192,2485,1707,7772,4178,3594,1926,1117,809,15125,10273,4852,3216,2162,1054,1985,1325,660,10964,6650,4314,2809,1863,946
8857,C4920,6,0,State-HARYANA,Rural,40-49,39294,24596,14698,5281,3005,2276,6726,3683,3043,1420,856,564,9924,6929,2995,2254,1448,806,1694,1141,553,9637,5956,3681,2358,1578,780
8858,C4920,6,0,State-HARYANA,Rural,50-59,31328,18200,13128,5981,3122,2859,5248,2651,2597,988,606,382,7760,5001,2759,1153,705,448,1113,687,426,6937,4138,2799,2148,1290,858
8859,C4920,6,0,State-HARYANA,Rural,60-69,39825,20892,18933,10965,5179,5786,7049,3445,3604,938,564,374,9316,5349,3967,852,477,375,876,493,383,6256,3502,2754,3573,1883,1690
8860,C4920,6,0,State-HARYANA,Rural,70-79,27737,13950,13787,8483,4091,4392,5504,2695,2809,444,259,185,5904,3136,2768,350,185,165,290,142,148,2877,1595,1282,3885,1847,2038
8861,C4920,6,0,State-HARYANA,Rural,80-89,15624,7484,8140,4407,2081,2326,3329,1634,1695,147,75,72,3140,1497,1643,127,74,53,132,71,61,1133,570,563,3209,1482,1727
8862,C4920,6,0,State-HARYANA,Rural,90+,5617,2513,3104,1181,524,657,1170,525,645,53,22,31,1054,493,561,51,31,20,38,12,26,323,156,167,1747,750,997
8863,C4920,6,0,State-HARYANA,Rural,Age Not Stated,589,339,250,74,35,39,111,53,58,12,6,6,85,52,33,20,17,3,9,4,5,246,150,96,32,22,10
8864,C4920,6,0,State-HARYANA,Urban,Total,188711,106749,81962,26965,14405,12560,49106,25887,23219,7209,4286,2923,33743,20221,13522,9910,6224,3686,5534,3478,2056,42447,24188,18259,13797,8060,5737
8865,C4920,6,0,State-HARYANA,Urban,0-4,9401,5187,4214,1199,638,561,3441,1841,1600,136,81,55,542,332,210,326,176,150,77,53,24,3111,1737,1374,569,329,240
8866,C4920,6,0,State-HARYANA,Urban,5-9,12187,7000,5187,1481,809,672,3838,2103,1735,773,457,316,956,628,328,750,454,296,237,144,93,3100,1738,1362,1052,667,385
8867,C4920,6,0,State-HARYANA,Urban,10-19,30413,17934,12479,3716,2098,1618,8585,4765,3820,1637,1013,624,3427,2224,1203,2380,1484,896,1022,618,404,7131,4113,3018,2515,1619,896
8868,C4920,6,0,State-HARYANA,Urban,20-29,32679,18812,13867,3286,1812,1474,8921,4676,4245,1319,772,547,6089,3818,2271,2219,1408,811,1085,729,356,7779,4351,3428,1981,1246,735
8869,C4920,6,0,State-HARYANA,Urban,30-39,27079,15820,11259,2886,1589,1297,6995,3701,3294,1062,614,448,5534,3495,2039,1703,1118,585,1014,686,328,6410,3704,2706,1475,913,562
8870,C4920,6,0,State-HARYANA,Urban,40-49,22783,13346,9437,3371,1873,1498,5484,2836,2648,808,493,315,4270,2760,1510,1183,749,434,897,566,331,5570,3316,2254,1200,753,447
8871,C4920,6,0,State-HARYANA,Urban,50-59,18417,10545,7872,3425,1859,1566,4009,2062,1947,644,393,251,3936,2428,1508,694,455,239,559,338,221,4066,2349,1717,1084,661,423
8872,C4920,6,0,State-HARYANA,Urban,60-69,17803,9547,8256,3895,2015,1880,3649,1822,1827,458,275,183,4470,2441,2029,416,261,155,390,209,181,3118,1758,1360,1407,766,641
8873,C4920,6,0,State-HARYANA,Urban,70-79,10810,5343,5467,2362,1101,1261,2334,1201,1133,250,141,109,2882,1392,1490,156,80,76,171,96,75,1400,752,648,1255,580,675
8874,C4920,6,0,State-HARYANA,Urban,80-89,5181,2355,2826,1044,494,550,1316,625,691,80,29,51,1260,544,716,50,24,26,61,31,30,489,230,259,881,378,503
8875,C4920,6,0,State-HARYANA,Urban,90+,1588,651,937,262,91,171,419,195,224,33,13,20,348,138,210,21,9,12,15,6,9,153,73,80,337,126,211
8876,C4920,6,0,State-HARYANA,Urban,Age Not Stated,370,209,161,38,26,12,115,60,55,9,5,4,29,21,8,12,6,6,6,2,4,120,67,53,41,22,19
8877,C4920,6,69,District-Panchkula,Total,Total,11614,6542,5072,1798,928,870,2553,1340,1213,494,286,208,2378,1454,924,744,450,294,415,238,177,2338,1324,1014,894,522,372
8878,C4920,6,69,District-Panchkula,Total,0-4,514,287,227,86,44,42,151,80,71,14,7,7,34,18,16,20,11,9,7,6,1,168,98,70,34,23,11
8879,C4920,6,69,District-Panchkula,Total,5-9,739,420,319,97,52,45,180,102,78,68,40,28,75,37,38,65,39,26,15,8,7,163,92,71,76,50,26
8880,C4920,6,69,District-Panchkula,Total,10-19,1723,988,735,226,122,104,383,206,177,103,66,37,208,137,71,196,121,75,80,38,42,369,199,170,158,99,59
8881,C4920,6,69,District-Panchkula,Total,20-29,1808,1039,769,194,105,89,400,206,194,87,52,35,362,222,140,152,90,62,58,39,19,427,246,181,128,79,49
8882,C4920,6,69,District-Panchkula,Total,30-39,1706,1008,698,172,90,82,366,202,164,83,43,40,428,283,145,128,81,47,85,50,35,343,197,146,101,62,39
8883,C4920,6,69,District-Panchkula,Total,40-49,1488,918,570,221,130,91,310,165,145,44,27,17,362,263,99,77,48,29,82,47,35,318,196,122,74,42,32
8884,C4920,6,69,District-Panchkula,Total,50-59,1122,622,500,200,105,95,206,100,106,45,24,21,287,167,120,51,29,22,36,22,14,237,138,99,60,37,23
8885,C4920,6,69,District-Panchkula,Total,60-69,1103,553,550,251,110,141,223,110,113,35,19,16,284,152,132,31,17,14,30,14,16,163,83,80,86,48,38
8886,C4920,6,69,District-Panchkula,Total,70-79,814,418,396,217,109,108,182,90,92,8,5,3,214,112,102,14,6,8,16,11,5,81,43,38,82,42,40
8887,C4920,6,69,District-Panchkula,Total,80-89,403,198,205,95,47,48,101,50,51,4,2,2,94,46,48,6,4,2,3,1,2,42,21,21,58,27,31
8888,C4920,6,69,District-Panchkula,Total,90+,165,75,90,34,9,25,47,28,19,3,1,2,27,16,11,3,3,0,2,1,1,14,5,9,35,12,23
8889,C4920,6,69,District-Panchkula,Total,Age Not Stated,29,16,13,5,5,0,4,1,3,0,0,0,3,1,2,1,1,0,1,1,0,13,6,7,2,1,1
8890,C4920,6,69,District-Panchkula,Rural,Total,5121,2984,2137,778,396,382,847,446,401,268,149,119,1221,796,425,390,242,148,221,123,98,949,564,385,447,268,179
8891,C4920,6,69,District-Panchkula,Rural,0-4,221,128,93,35,22,13,51,23,28,9,6,3,15,8,7,10,8,2,4,4,0,77,45,32,20,12,8
8892,C4920,6,69,District-Panchkula,Rural,5-9,348,193,155,37,18,19,51,29,22,42,26,16,40,18,22,42,23,19,5,4,1,82,42,40,49,33,16
8893,C4920,6,69,District-Panchkula,Rural,10-19,786,468,318,96,59,37,127,71,56,59,36,23,110,72,38,111,69,42,38,15,23,159,87,72,86,59,27
8894,C4920,6,69,District-Panchkula,Rural,20-29,759,445,314,71,34,37,126,66,60,52,30,22,194,126,68,78,45,33,32,21,11,159,94,65,47,29,18
8895,C4920,6,69,District-Panchkula,Rural,30-39,759,476,283,59,30,29,98,60,38,42,19,23,255,181,74,61,41,20,48,28,20,145,84,61,51,33,18
8896,C4920,6,69,District-Panchkula,Rural,40-49,627,397,230,83,49,34,100,48,52,20,10,10,183,130,53,39,28,11,47,27,20,127,89,38,28,16,12
8897,C4920,6,69,District-Panchkula,Rural,50-59,436,257,179,86,47,39,64,31,33,18,9,9,123,81,42,20,12,8,19,12,7,79,46,33,27,19,8
8898,C4920,6,69,District-Panchkula,Rural,60-69,500,261,239,122,47,75,83,44,39,18,10,8,141,84,57,16,8,8,17,6,11,61,39,22,42,23,19
8899,C4920,6,69,District-Panchkula,Rural,70-79,378,207,171,105,53,52,75,35,40,3,2,1,103,64,39,7,3,4,6,4,2,31,22,9,48,24,24
8900,C4920,6,69,District-Panchkula,Rural,80-89,203,104,99,61,29,32,48,24,24,2,0,2,38,21,17,5,4,1,3,1,2,18,12,6,28,13,15
8901,C4920,6,69,District-Panchkula,Rural,90+,97,46,51,22,7,15,23,15,8,3,1,2,18,11,7,1,1,0,1,0,1,9,4,5,20,7,13
8902,C4920,6,69,District-Panchkula,Rural,Age Not Stated,7,2,5,1,1,0,1,0,1,0,0,0,1,0,1,0,0,0,1,1,0,2,0,2,1,0,1
8903,C4920,6,69,District-Panchkula,Urban,Total,6493,3558,2935,1020,532,488,1706,894,812,226,137,89,1157,658,499,354,208,146,194,115,79,1389,760,629,447,254,193
8904,C4920,6,69,District-Panchkula,Urban,0-4,293,159,134,51,22,29,100,57,43,5,1,4,19,10,9,10,3,7,3,2,1,91,53,38,14,11,3
8905,C4920,6,69,District-Panchkula,Urban,5-9,391,227,164,60,34,26,129,73,56,26,14,12,35,19,16,23,16,7,10,4,6,81,50,31,27,17,10
8906,C4920,6,69,District-Panchkula,Urban,10-19,937,520,417,130,63,67,256,135,121,44,30,14,98,65,33,85,52,33,42,23,19,210,112,98,72,40,32
8907,C4920,6,69,District-Panchkula,Urban,20-29,1049,594,455,123,71,52,274,140,134,35,22,13,168,96,72,74,45,29,26,18,8,268,152,116,81,50,31
8908,C4920,6,69,District-Panchkula,Urban,30-39,947,532,415,113,60,53,268,142,126,41,24,17,173,102,71,67,40,27,37,22,15,198,113,85,50,29,21
8909,C4920,6,69,District-Panchkula,Urban,40-49,861,521,340,138,81,57,210,117,93,24,17,7,179,133,46,38,20,18,35,20,15,191,107,84,46,26,20
8910,C4920,6,69,District-Panchkula,Urban,50-59,686,365,321,114,58,56,142,69,73,27,15,12,164,86,78,31,17,14,17,10,7,158,92,66,33,18,15
8911,C4920,6,69,District-Panchkula,Urban,60-69,603,292,311,129,63,66,140,66,74,17,9,8,143,68,75,15,9,6,13,8,5,102,44,58,44,25,19
8912,C4920,6,69,District-Panchkula,Urban,70-79,436,211,225,112,56,56,107,55,52,5,3,2,111,48,63,7,3,4,10,7,3,50,21,29,34,18,16
8913,C4920,6,69,District-Panchkula,Urban,80-89,200,94,106,34,18,16,53,26,27,2,2,0,56,25,31,1,0,1,0,0,0,24,9,15,30,14,16
8914,C4920,6,69,District-Panchkula,Urban,90+,68,29,39,12,2,10,24,13,11,0,0,0,9,5,4,2,2,0,1,1,0,5,1,4,15,5,10
8915,C4920,6,69,District-Panchkula,Urban,Age Not Stated,22,14,8,4,4,0,3,1,2,0,0,0,2,1,1,1,1,0,0,0,0,11,6,5,1,1,0
8916,C4920,6,70,District-Ambala,Total,Total,23849,13510,10339,3305,1718,1587,5248,2716,2532,890,547,343,4850,2876,1974,1594,982,612,931,574,357,5112,2979,2133,1919,1118,801
8917,C4920,6,70,District-Ambala,Total,0-4,762,419,343,115,62,53,274,151,123,15,6,9,63,33,30,30,19,11,8,5,3,220,120,100,37,23,14
8918,C4920,6,70,District-Ambala,Total,5-9,1273,766,507,134,70,64,349,194,155,102,63,39,120,81,39,109,64,45,36,26,10,287,176,111,136,92,44
8919,C4920,6,70,District-Ambala,Total,10-19,3190,1842,1348,303,164,139,760,411,349,196,127,69,349,216,133,358,218,140,135,74,61,760,421,339,329,211,118
8920,C4920,6,70,District-Ambala,Total,20-29,3844,2254,1590,315,185,130,912,477,435,151,87,64,848,530,318,320,196,124,174,107,67,873,516,357,251,156,95
8921,C4920,6,70,District-Ambala,Total,30-39,3537,2087,1450,315,178,137,678,343,335,135,81,54,920,567,353,294,193,101,182,115,67,799,475,324,214,135,79
8922,C4920,6,70,District-Ambala,Total,40-49,2993,1757,1236,361,185,176,648,333,315,107,69,38,605,397,208,233,129,104,158,102,56,716,442,274,165,100,65
8923,C4920,6,70,District-Ambala,Total,50-59,2410,1413,997,423,228,195,467,236,231,84,56,28,509,320,189,123,82,41,101,68,33,548,325,223,155,98,57
8924,C4920,6,70,District-Ambala,Total,60-69,2642,1423,1219,594,298,296,475,234,241,53,33,20,642,359,283,90,60,30,91,52,39,514,287,227,183,100,83
8925,C4920,6,70,District-Ambala,Total,70-79,1874,936,938,464,221,243,375,192,183,33,19,14,485,240,245,24,11,13,25,16,9,257,144,113,211,93,118
8926,C4920,6,70,District-Ambala,Total,80-89,982,462,520,217,100,117,233,110,123,10,4,6,232,103,129,10,8,2,16,8,8,99,49,50,165,80,85
8927,C4920,6,70,District-Ambala,Total,90+,327,143,184,63,27,36,70,32,38,4,2,2,74,28,46,1,1,0,5,1,4,37,22,15,73,30,43
8928,C4920,6,70,District-Ambala,Total,Age Not Stated,15,8,7,1,0,1,7,3,4,0,0,0,3,2,1,2,1,1,0,0,0,2,2,0,0,0,0
8929,C4920,6,70,District-Ambala,Rural,Total,13418,7669,5749,1992,1003,989,2499,1291,1208,492,300,192,2899,1774,1125,958,594,364,495,303,192,2895,1696,1199,1188,708,480
8930,C4920,6,70,District-Ambala,Rural,0-4,430,239,191,76,44,32,134,74,60,11,5,6,39,19,20,15,10,5,2,1,1,131,74,57,22,12,10
8931,C4920,6,70,District-Ambala,Rural,5-9,760,470,290,91,44,47,178,104,74,60,38,22,75,57,18,75,49,26,25,18,7,165,96,69,91,64,27
8932,C4920,6,70,District-Ambala,Rural,10-19,1892,1082,810,207,113,94,376,193,183,121,77,44,208,123,85,239,145,94,80,43,37,451,247,204,210,141,69
8933,C4920,6,70,District-Ambala,Rural,20-29,2060,1227,833,189,109,80,379,190,189,80,48,32,546,341,205,185,123,62,86,53,33,445,267,178,150,96,54
8934,C4920,6,70,District-Ambala,Rural,30-39,2018,1198,820,184,105,79,309,153,156,73,43,30,590,374,216,173,112,61,99,56,43,466,273,193,124,82,42
8935,C4920,6,70,District-Ambala,Rural,40-49,1635,981,654,216,104,112,296,159,137,54,33,21,350,247,103,136,70,66,72,48,24,411,258,153,100,62,38
8936,C4920,6,70,District-Ambala,Rural,50-59,1215,728,487,208,105,103,200,97,103,42,30,12,283,188,95,62,42,20,53,41,12,284,172,112,83,53,30
8937,C4920,6,70,District-Ambala,Rural,60-69,1507,803,704,345,158,187,240,121,119,26,15,11,371,212,159,52,31,21,53,30,23,301,168,133,119,68,51
8938,C4920,6,70,District-Ambala,Rural,70-79,1082,555,527,277,135,142,214,118,96,18,9,9,269,139,130,12,4,8,15,9,6,148,89,59,129,52,77
8939,C4920,6,70,District-Ambala,Rural,80-89,608,289,319,152,66,86,132,63,69,5,1,4,124,56,68,7,6,1,7,3,4,73,38,35,108,56,52
8940,C4920,6,70,District-Ambala,Rural,90+,205,93,112,47,20,27,40,19,21,2,1,1,41,16,25,1,1,0,3,1,2,19,13,6,52,22,30
8941,C4920,6,70,District-Ambala,Rural,Age Not Stated,6,4,2,0,0,0,1,0,1,0,0,0,3,2,1,1,1,0,0,0,0,1,1,0,0,0,0
8942,C4920,6,70,District-Ambala,Urban,Total,10431,5841,4590,1313,715,598,2749,1425,1324,398,247,151,1951,1102,849,636,388,248,436,271,165,2217,1283,934,731,410,321
8943,C4920,6,70,District-Ambala,Urban,0-4,332,180,152,39,18,21,140,77,63,4,1,3,24,14,10,15,9,6,6,4,2,89,46,43,15,11,4
8944,C4920,6,70,District-Ambala,Urban,5-9,513,296,217,43,26,17,171,90,81,42,25,17,45,24,21,34,15,19,11,8,3,122,80,42,45,28,17
8945,C4920,6,70,District-Ambala,Urban,10-19,1298,760,538,96,51,45,384,218,166,75,50,25,141,93,48,119,73,46,55,31,24,309,174,135,119,70,49
8946,C4920,6,70,District-Ambala,Urban,20-29,1784,1027,757,126,76,50,533,287,246,71,39,32,302,189,113,135,73,62,88,54,34,428,249,179,101,60,41
8947,C4920,6,70,District-Ambala,Urban,30-39,1519,889,630,131,73,58,369,190,179,62,38,24,330,193,137,121,81,40,83,59,24,333,202,131,90,53,37
8948,C4920,6,70,District-Ambala,Urban,40-49,1358,776,582,145,81,64,352,174,178,53,36,17,255,150,105,97,59,38,86,54,32,305,184,121,65,38,27
8949,C4920,6,70,District-Ambala,Urban,50-59,1195,685,510,215,123,92,267,139,128,42,26,16,226,132,94,61,40,21,48,27,21,264,153,111,72,45,27
8950,C4920,6,70,District-Ambala,Urban,60-69,1135,620,515,249,140,109,235,113,122,27,18,9,271,147,124,38,29,9,38,22,16,213,119,94,64,32,32
8951,C4920,6,70,District-Ambala,Urban,70-79,792,381,411,187,86,101,161,74,87,15,10,5,216,101,115,12,7,5,10,7,3,109,55,54,82,41,41
8952,C4920,6,70,District-Ambala,Urban,80-89,374,173,201,65,34,31,101,47,54,5,3,2,108,47,61,3,2,1,9,5,4,26,11,15,57,24,33
8953,C4920,6,70,District-Ambala,Urban,90+,122,50,72,16,7,9,30,13,17,2,1,1,33,12,21,0,0,0,2,0,2,18,9,9,21,8,13
8954,C4920,6,70,District-Ambala,Urban,Age Not Stated,9,4,5,1,0,1,6,3,3,0,0,0,0,0,0,1,0,1,0,0,0,1,1,0,0,0,0
8955,C4920,6,71,District-Yamunanagar,Total,Total,30642,17204,13438,5386,2667,2719,4922,2631,2291,1036,657,379,6681,3941,2740,1917,1162,755,1150,691,459,5727,3352,2375,3823,2103,1720
8956,C4920,6,71,District-Yamunanagar,Total,0-4,861,484,377,105,57,48,250,140,110,16,8,8,80,52,28,48,26,22,7,4,3,273,145,128,82,52,30
8957,C4920,6,71,District-Yamunanagar,Total,5-9,1414,831,583,142,77,65,302,168,134,122,81,41,166,109,57,120,70,50,37,21,16,341,192,149,184,113,71
8958,C4920,6,71,District-Yamunanagar,Total,10-19,3830,2306,1524,389,204,185,680,390,290,238,153,85,576,378,198,508,296,212,173,104,69,803,491,312,463,290,173
8959,C4920,6,71,District-Yamunanagar,Total,20-29,4120,2485,1635,345,197,148,645,348,297,174,102,72,1100,692,408,393,260,133,224,151,73,884,518,366,355,217,138
8960,C4920,6,71,District-Yamunanagar,Total,30-39,3922,2317,1605,335,164,171,665,339,326,138,82,56,1086,694,392,317,199,118,215,127,88,891,540,351,275,172,103
8961,C4920,6,71,District-Yamunanagar,Total,40-49,3755,2204,1551,672,324,348,539,303,236,103,67,36,794,508,286,246,148,98,188,123,65,896,528,368,317,203,114
8962,C4920,6,71,District-Yamunanagar,Total,50-59,3308,1828,1480,744,377,367,436,224,212,100,65,35,780,466,314,130,74,56,121,70,51,668,386,282,329,166,163
8963,C4920,6,71,District-Yamunanagar,Total,60-69,4359,2220,2139,1287,607,680,583,303,280,81,59,22,1037,526,511,85,49,36,116,56,60,578,331,247,592,289,303
8964,C4920,6,71,District-Yamunanagar,Total,70-79,3053,1578,1475,890,448,442,477,253,224,47,30,17,654,327,327,47,28,19,43,20,23,287,163,124,608,309,299
8965,C4920,6,71,District-Yamunanagar,Total,80-89,1462,696,766,362,156,206,258,116,142,13,8,5,295,143,152,16,10,6,21,14,7,87,50,37,410,199,211
8966,C4920,6,71,District-Yamunanagar,Total,90+,551,253,298,115,56,59,86,47,39,4,2,2,113,46,67,6,2,4,4,1,3,17,8,9,206,91,115
8967,C4920,6,71,District-Yamunanagar,Total,Age Not Stated,7,2,5,0,0,0,1,0,1,0,0,0,0,0,0,1,0,1,1,0,1,2,0,2,2,2,0
8968,C4920,6,71,District-Yamunanagar,Rural,Total,20152,11286,8866,3984,1950,2034,2656,1412,1244,669,431,238,4422,2645,1777,1205,745,460,704,411,293,3712,2192,1520,2800,1500,1300
8969,C4920,6,71,District-Yamunanagar,Rural,0-4,501,291,210,59,36,23,117,63,54,11,7,4,63,39,24,34,20,14,3,2,1,164,93,71,50,31,19
8970,C4920,6,71,District-Yamunanagar,Rural,5-9,872,523,349,83,43,40,147,78,69,90,64,26,122,73,49,88,50,38,21,14,7,194,117,77,127,84,43
8971,C4920,6,71,District-Yamunanagar,Rural,10-19,2436,1473,963,241,126,115,347,207,140,158,104,54,379,255,124,342,206,136,112,62,50,539,326,213,318,187,131
8972,C4920,6,71,District-Yamunanagar,Rural,20-29,2527,1536,991,191,112,79,308,172,136,110,67,43,750,460,290,240,162,78,133,86,47,559,331,228,236,146,90
8973,C4920,6,71,District-Yamunanagar,Rural,30-39,2438,1456,982,196,96,100,309,152,157,82,48,34,793,510,283,178,116,62,123,72,51,574,352,222,183,110,73
8974,C4920,6,71,District-Yamunanagar,Rural,40-49,2462,1443,1019,493,228,265,281,150,131,73,44,29,519,351,168,153,93,60,113,74,39,611,370,241,219,133,86
8975,C4920,6,71,District-Yamunanagar,Rural,50-59,2126,1142,984,562,275,287,247,121,126,53,31,22,485,290,195,67,38,29,76,40,36,414,240,174,222,107,115
8976,C4920,6,71,District-Yamunanagar,Rural,60-69,3170,1590,1580,1079,505,574,390,200,190,55,42,13,650,330,320,61,36,25,83,41,42,392,217,175,460,219,241
8977,C4920,6,71,District-Yamunanagar,Rural,70-79,2146,1144,1002,694,357,337,291,164,127,28,17,11,394,217,177,31,19,12,26,13,13,191,111,80,491,246,245
8978,C4920,6,71,District-Yamunanagar,Rural,80-89,1040,485,555,288,120,168,160,73,87,6,5,1,187,86,101,9,5,4,9,6,3,62,31,31,319,159,160
8979,C4920,6,71,District-Yamunanagar,Rural,90+,430,201,229,98,52,46,58,32,26,3,2,1,80,34,46,2,0,2,4,1,3,12,4,8,173,76,97
8980,C4920,6,71,District-Yamunanagar,Rural,Age Not Stated,4,2,2,0,0,0,1,0,1,0,0,0,0,0,0,0,0,0,1,0,1,0,0,0,2,2,0
8981,C4920,6,71,District-Yamunanagar,Urban,Total,10490,5918,4572,1402,717,685,2266,1219,1047,367,226,141,2259,1296,963,712,417,295,446,280,166,2015,1160,855,1023,603,420
8982,C4920,6,71,District-Yamunanagar,Urban,0-4,360,193,167,46,21,25,133,77,56,5,1,4,17,13,4,14,6,8,4,2,2,109,52,57,32,21,11
8983,C4920,6,71,District-Yamunanagar,Urban,5-9,542,308,234,59,34,25,155,90,65,32,17,15,44,36,8,32,20,12,16,7,9,147,75,72,57,29,28
8984,C4920,6,71,District-Yamunanagar,Urban,10-19,1394,833,561,148,78,70,333,183,150,80,49,31,197,123,74,166,90,76,61,42,19,264,165,99,145,103,42
8985,C4920,6,71,District-Yamunanagar,Urban,20-29,1593,949,644,154,85,69,337,176,161,64,35,29,350,232,118,153,98,55,91,65,26,325,187,138,119,71,48
8986,C4920,6,71,District-Yamunanagar,Urban,30-39,1484,861,623,139,68,71,356,187,169,56,34,22,293,184,109,139,83,56,92,55,37,317,188,129,92,62,30
8987,C4920,6,71,District-Yamunanagar,Urban,40-49,1293,761,532,179,96,83,258,153,105,30,23,7,275,157,118,93,55,38,75,49,26,285,158,127,98,70,28
8988,C4920,6,71,District-Yamunanagar,Urban,50-59,1182,686,496,182,102,80,189,103,86,47,34,13,295,176,119,63,36,27,45,30,15,254,146,108,107,59,48
8989,C4920,6,71,District-Yamunanagar,Urban,60-69,1189,630,559,208,102,106,193,103,90,26,17,9,387,196,191,24,13,11,33,15,18,186,114,72,132,70,62
8990,C4920,6,71,District-Yamunanagar,Urban,70-79,907,434,473,196,91,105,186,89,97,19,13,6,260,110,150,16,9,7,17,7,10,96,52,44,117,63,54
8991,C4920,6,71,District-Yamunanagar,Urban,80-89,422,211,211,74,36,38,98,43,55,7,3,4,108,57,51,7,5,2,12,8,4,25,19,6,91,40,51
8992,C4920,6,71,District-Yamunanagar,Urban,90+,121,52,69,17,4,13,28,15,13,1,0,1,33,12,21,4,2,2,0,0,0,5,4,1,33,15,18
8993,C4920,6,71,District-Yamunanagar,Urban,Age Not Stated,3,0,3,0,0,0,0,0,0,0,0,0,0,0,0,1,0,1,0,0,0,2,0,2,0,0,0
8994,C4920,6,72,District-Kurukshetra,Total,Total,17449,10286,7163,2129,1119,1010,2342,1288,1054,755,463,292,5011,3101,1910,1291,818,473,755,478,277,3466,2027,1439,1700,992,708
8995,C4920,6,72,District-Kurukshetra,Total,0-4,586,326,260,61,36,25,128,67,61,17,9,8,71,35,36,26,12,14,7,6,1,223,123,100,53,38,15
8996,C4920,6,72,District-Kurukshetra,Total,5-9,841,505,336,81,43,38,112,66,46,76,54,22,124,82,42,73,49,24,28,19,9,215,105,110,132,87,45
8997,C4920,6,72,District-Kurukshetra,Total,10-19,2419,1546,873,197,120,77,322,195,127,145,95,50,410,270,140,381,244,137,141,89,52,509,320,189,314,213,101
8998,C4920,6,72,District-Kurukshetra,Total,20-29,2943,1805,1138,161,100,61,329,189,140,156,97,59,1018,643,375,266,173,93,157,106,51,594,334,260,262,163,99
8999,C4920,6,72,District-Kurukshetra,Total,30-39,2703,1643,1060,157,86,71,296,167,129,111,58,53,1058,667,391,213,140,73,144,90,54,525,316,209,199,119,80
9000,C4920,6,72,District-Kurukshetra,Total,40-49,2109,1327,782,249,147,102,240,135,105,86,50,36,609,420,189,177,106,71,146,92,54,473,295,178,129,82,47
9001,C4920,6,72,District-Kurukshetra,Total,50-59,1618,962,656,271,140,131,191,106,85,56,42,14,443,280,163,79,55,24,70,47,23,396,227,169,112,65,47
9002,C4920,6,72,District-Kurukshetra,Total,60-69,1920,1034,886,433,207,226,302,147,155,65,37,28,590,346,244,51,29,22,39,20,19,296,180,116,144,68,76
9003,C4920,6,72,District-Kurukshetra,Total,70-79,1244,662,582,302,147,155,203,105,98,29,15,14,402,221,181,14,7,7,9,3,6,131,81,50,154,83,71
9004,C4920,6,72,District-Kurukshetra,Total,80-89,708,306,402,158,71,87,133,67,66,9,4,5,212,98,114,5,1,4,11,4,7,64,25,39,116,36,80
9005,C4920,6,72,District-Kurukshetra,Total,90+,316,148,168,56,21,35,78,42,36,5,2,3,68,36,32,5,1,4,3,2,1,19,8,11,82,36,46
9006,C4920,6,72,District-Kurukshetra,Total,Age Not Stated,42,22,20,3,1,2,8,2,6,0,0,0,6,3,3,1,1,0,0,0,0,21,13,8,3,2,1
9007,C4920,6,72,District-Kurukshetra,Rural,Total,12877,7590,5287,1526,772,754,1680,936,744,558,335,223,3774,2341,1433,974,612,362,565,359,206,2516,1474,1042,1284,761,523
9008,C4920,6,72,District-Kurukshetra,Rural,0-4,452,237,215,48,25,23,91,45,46,15,7,8,57,24,33,22,10,12,3,3,0,175,95,80,41,28,13
9009,C4920,6,72,District-Kurukshetra,Rural,5-9,650,384,266,65,34,31,85,49,36,58,40,18,93,61,32,60,37,23,21,15,6,158,75,83,110,73,37
9010,C4920,6,72,District-Kurukshetra,Rural,10-19,1817,1159,658,143,88,55,219,137,82,110,71,39,305,200,105,307,196,111,115,71,44,373,233,140,245,163,82
9011,C4920,6,72,District-Kurukshetra,Rural,20-29,2134,1306,828,108,66,42,213,119,94,120,72,48,778,487,291,196,128,68,106,74,32,416,236,180,197,124,73
9012,C4920,6,72,District-Kurukshetra,Rural,30-39,2011,1241,770,115,61,54,219,125,94,77,38,39,821,528,293,152,102,50,104,66,38,376,230,146,147,91,56
9013,C4920,6,72,District-Kurukshetra,Rural,40-49,1536,982,554,158,93,65,171,100,71,56,31,25,465,331,134,129,77,52,112,69,43,351,220,131,94,61,33
9014,C4920,6,72,District-Kurukshetra,Rural,50-59,1095,658,437,178,85,93,134,79,55,40,31,9,309,195,114,51,35,16,53,37,16,257,152,105,73,44,29
9015,C4920,6,72,District-Kurukshetra,Rural,60-69,1390,739,651,300,136,164,218,109,109,49,28,21,421,238,183,38,20,18,31,16,15,226,137,89,107,55,52
9016,C4920,6,72,District-Kurukshetra,Rural,70-79,937,498,439,231,110,121,155,84,71,22,14,8,295,160,135,10,5,5,7,2,5,104,61,43,113,62,51
9017,C4920,6,72,District-Kurukshetra,Rural,80-89,570,253,317,131,58,73,110,55,55,8,3,5,169,83,86,5,1,4,10,4,6,49,20,29,88,29,59
9018,C4920,6,72,District-Kurukshetra,Rural,90+,257,121,136,47,16,31,61,33,28,3,0,3,55,31,24,4,1,3,3,2,1,16,7,9,68,31,37
9019,C4920,6,72,District-Kurukshetra,Rural,Age Not Stated,28,12,16,2,0,2,4,1,3,0,0,0,6,3,3,0,0,0,0,0,0,15,8,7,1,0,1
9020,C4920,6,72,District-Kurukshetra,Urban,Total,4572,2696,1876,603,347,256,662,352,310,197,128,69,1237,760,477,317,206,111,190,119,71,950,553,397,416,231,185
9021,C4920,6,72,District-Kurukshetra,Urban,0-4,134,89,45,13,11,2,37,22,15,2,2,0,14,11,3,4,2,2,4,3,1,48,28,20,12,10,2
9022,C4920,6,72,District-Kurukshetra,Urban,5-9,191,121,70,16,9,7,27,17,10,18,14,4,31,21,10,13,12,1,7,4,3,57,30,27,22,14,8
9023,C4920,6,72,District-Kurukshetra,Urban,10-19,602,387,215,54,32,22,103,58,45,35,24,11,105,70,35,74,48,26,26,18,8,136,87,49,69,50,19
9024,C4920,6,72,District-Kurukshetra,Urban,20-29,809,499,310,53,34,19,116,70,46,36,25,11,240,156,84,70,45,25,51,32,19,178,98,80,65,39,26
9025,C4920,6,72,District-Kurukshetra,Urban,30-39,692,402,290,42,25,17,77,42,35,34,20,14,237,139,98,61,38,23,40,24,16,149,86,63,52,28,24
9026,C4920,6,72,District-Kurukshetra,Urban,40-49,573,345,228,91,54,37,69,35,34,30,19,11,144,89,55,48,29,19,34,23,11,122,75,47,35,21,14
9027,C4920,6,72,District-Kurukshetra,Urban,50-59,523,304,219,93,55,38,57,27,30,16,11,5,134,85,49,28,20,8,17,10,7,139,75,64,39,21,18
9028,C4920,6,72,District-Kurukshetra,Urban,60-69,530,295,235,133,71,62,84,38,46,16,9,7,169,108,61,13,9,4,8,4,4,70,43,27,37,13,24
9029,C4920,6,72,District-Kurukshetra,Urban,70-79,307,164,143,71,37,34,48,21,27,7,1,6,107,61,46,4,2,2,2,1,1,27,20,7,41,21,20
9030,C4920,6,72,District-Kurukshetra,Urban,80-89,138,53,85,27,13,14,23,12,11,1,1,0,43,15,28,0,0,0,1,0,1,15,5,10,28,7,21
9031,C4920,6,72,District-Kurukshetra,Urban,90+,59,27,32,9,5,4,17,9,8,2,2,0,13,5,8,1,0,1,0,0,0,3,1,2,14,5,9
9032,C4920,6,72,District-Kurukshetra,Urban,Age Not Stated,14,10,4,1,1,0,4,1,3,0,0,0,0,0,0,1,1,0,0,0,0,6,5,1,2,2,0
9033,C4920,6,73,District-Kaithal,Total,Total,27032,15496,11536,4504,2312,2192,4463,2311,2152,1058,636,422,6451,3991,2460,1349,858,491,904,556,348,5776,3370,2406,2527,1462,1065
9034,C4920,6,73,District-Kaithal,Total,0-4,1308,713,595,110,66,44,279,143,136,18,7,11,152,97,55,40,26,14,15,9,6,621,315,306,73,50,23
9035,C4920,6,73,District-Kaithal,Total,5-9,1644,933,711,123,77,46,298,168,130,140,90,50,182,107,75,128,71,57,46,32,14,538,275,263,189,113,76
9036,C4920,6,73,District-Kaithal,Total,10-19,4033,2412,1621,427,246,181,707,399,308,269,165,104,704,459,245,372,242,130,155,86,69,1000,558,442,399,257,142
9037,C4920,6,73,District-Kaithal,Total,20-29,4110,2551,1559,289,176,113,673,356,317,180,111,69,1264,825,439,243,170,73,162,113,49,1011,620,391,288,180,108
9038,C4920,6,73,District-Kaithal,Total,30-39,3422,2096,1326,283,165,118,545,277,268,135,75,60,1126,726,400,211,137,74,161,100,61,750,468,282,211,148,63
9039,C4920,6,73,District-Kaithal,Total,40-49,2961,1817,1144,449,249,200,512,263,249,109,65,44,793,536,257,174,109,65,162,105,57,577,367,210,185,123,62
9040,C4920,6,73,District-Kaithal,Total,50-59,2418,1398,1020,528,263,265,380,176,204,73,45,28,623,395,228,92,56,36,85,50,35,462,299,163,175,114,61
9041,C4920,6,73,District-Kaithal,Total,60-69,3311,1688,1623,1081,499,582,462,227,235,86,49,37,837,465,372,53,31,22,76,41,35,444,254,190,272,122,150
9042,C4920,6,73,District-Kaithal,Total,70-79,2230,1121,1109,756,355,401,350,185,165,36,23,13,484,254,230,21,10,11,31,14,17,219,120,99,333,160,173
9043,C4920,6,73,District-Kaithal,Total,80-89,1130,522,608,361,166,195,185,82,103,9,5,4,206,88,118,12,4,8,8,5,3,83,48,35,266,124,142
9044,C4920,6,73,District-Kaithal,Total,90+,405,207,198,89,44,45,68,34,34,3,1,2,76,37,39,1,0,1,3,1,2,30,20,10,135,70,65
9045,C4920,6,73,District-Kaithal,Total,Age Not Stated,60,38,22,8,6,2,4,1,3,0,0,0,4,2,2,2,2,0,0,0,0,41,26,15,1,1,0
9046,C4920,6,73,District-Kaithal,Rural,Total,21456,12423,9033,3628,1875,1753,3512,1864,1648,809,482,327,5061,3193,1868,1057,677,380,704,433,271,4658,2724,1934,2027,1175,852
9047,C4920,6,73,District-Kaithal,Rural,0-4,1068,585,483,92,54,38,224,121,103,15,5,10,125,78,47,27,18,9,12,7,5,515,262,253,58,40,18
9048,C4920,6,73,District-Kaithal,Rural,5-9,1345,755,590,104,65,39,237,136,101,115,73,42,148,85,63,93,49,44,40,26,14,450,226,224,158,95,63
9049,C4920,6,73,District-Kaithal,Rural,10-19,3208,1926,1282,349,205,144,566,327,239,203,123,80,553,363,190,295,188,107,114,66,48,816,460,356,312,194,118
9050,C4920,6,73,District-Kaithal,Rural,20-29,3220,2022,1198,216,133,83,499,273,226,134,79,55,1031,678,353,192,139,53,125,88,37,796,486,310,227,146,81
9051,C4920,6,73,District-Kaithal,Rural,30-39,2723,1709,1014,214,132,82,421,224,197,105,58,47,925,611,314,170,116,54,129,81,48,602,375,227,157,112,45
9052,C4920,6,73,District-Kaithal,Rural,40-49,2243,1403,840,320,181,139,380,200,180,81,51,30,627,430,197,131,82,49,124,83,41,448,285,163,132,91,41
9053,C4920,6,73,District-Kaithal,Rural,50-59,1853,1079,774,390,193,197,300,137,163,57,36,21,461,299,162,73,44,29,67,37,30,366,243,123,139,90,49
9054,C4920,6,73,District-Kaithal,Rural,60-69,2634,1353,1281,885,402,483,388,194,194,65,37,28,614,357,257,46,27,19,62,33,29,363,210,153,211,93,118
9055,C4920,6,73,District-Kaithal,Rural,70-79,1831,928,903,659,314,345,294,157,137,29,17,12,356,195,161,18,8,10,23,8,15,174,93,81,278,136,142
9056,C4920,6,73,District-Kaithal,Rural,80-89,929,443,486,315,149,166,146,66,80,3,2,1,155,64,91,10,4,6,5,3,2,63,41,22,232,114,118
9057,C4920,6,73,District-Kaithal,Rural,90+,345,184,161,76,41,35,53,28,25,2,1,1,62,31,31,0,0,0,3,1,2,27,19,8,122,63,59
9058,C4920,6,73,District-Kaithal,Rural,Age Not Stated,57,36,21,8,6,2,4,1,3,0,0,0,4,2,2,2,2,0,0,0,0,38,24,14,1,1,0
9059,C4920,6,73,District-Kaithal,Urban,Total,5576,3073,2503,876,437,439,951,447,504,249,154,95,1390,798,592,292,181,111,200,123,77,1118,646,472,500,287,213
9060,C4920,6,73,District-Kaithal,Urban,0-4,240,128,112,18,12,6,55,22,33,3,2,1,27,19,8,13,8,5,3,2,1,106,53,53,15,10,5
9061,C4920,6,73,District-Kaithal,Urban,5-9,299,178,121,19,12,7,61,32,29,25,17,8,34,22,12,35,22,13,6,6,0,88,49,39,31,18,13
9062,C4920,6,73,District-Kaithal,Urban,10-19,825,486,339,78,41,37,141,72,69,66,42,24,151,96,55,77,54,23,41,20,21,184,98,86,87,63,24
9063,C4920,6,73,District-Kaithal,Urban,20-29,890,529,361,73,43,30,174,83,91,46,32,14,233,147,86,51,31,20,37,25,12,215,134,81,61,34,27
9064,C4920,6,73,District-Kaithal,Urban,30-39,699,387,312,69,33,36,124,53,71,30,17,13,201,115,86,41,21,20,32,19,13,148,93,55,54,36,18
9065,C4920,6,73,District-Kaithal,Urban,40-49,718,414,304,129,68,61,132,63,69,28,14,14,166,106,60,43,27,16,38,22,16,129,82,47,53,32,21
9066,C4920,6,73,District-Kaithal,Urban,50-59,565,319,246,138,70,68,80,39,41,16,9,7,162,96,66,19,12,7,18,13,5,96,56,40,36,24,12
9067,C4920,6,73,District-Kaithal,Urban,60-69,677,335,342,196,97,99,74,33,41,21,12,9,223,108,115,7,4,3,14,8,6,81,44,37,61,29,32
9068,C4920,6,73,District-Kaithal,Urban,70-79,399,193,206,97,41,56,56,28,28,7,6,1,128,59,69,3,2,1,8,6,2,45,27,18,55,24,31
9069,C4920,6,73,District-Kaithal,Urban,80-89,201,79,122,46,17,29,39,16,23,6,3,3,51,24,27,2,0,2,3,2,1,20,7,13,34,10,24
9070,C4920,6,73,District-Kaithal,Urban,90+,60,23,37,13,3,10,15,6,9,1,0,1,14,6,8,1,0,1,0,0,0,3,1,2,13,7,6
9071,C4920,6,73,District-Kaithal,Urban,Age Not Stated,3,2,1,0,0,0,0,0,0,0,0,0,0,0,0,0,0,0,0,0,0,3,2,1,0,0,0
9072,C4920,6,74,District-Karnal,Total,Total,39860,22655,17205,5825,3084,2741,10090,5334,4756,1366,813,553,7326,4560,2766,2190,1344,846,997,628,369,9487,5381,4106,2579,1511,1068
9073,C4920,6,74,District-Karnal,Total,0-4,2460,1366,1094,379,218,161,693,376,317,25,14,11,93,54,39,77,50,27,17,10,7,1095,600,495,81,44,37
9074,C4920,6,74,District-Karnal,Total,5-9,2873,1636,1237,391,237,154,792,437,355,167,112,55,207,129,78,144,81,63,48,24,24,912,488,424,212,128,84
9075,C4920,6,74,District-Karnal,Total,10-19,6791,3973,2818,823,467,356,1839,1010,829,350,230,120,708,432,276,527,332,195,203,120,83,1891,1088,803,450,294,156
9076,C4920,6,74,District-Karnal,Total,20-29,7195,4191,3004,718,367,351,1825,957,868,217,130,87,1659,1069,590,505,313,192,207,144,63,1753,990,763,311,221,90
9077,C4920,6,74,District-Karnal,Total,30-39,5560,3338,2222,621,345,276,1361,725,636,209,103,106,1406,941,465,361,232,129,157,107,50,1201,723,478,244,162,82
9078,C4920,6,74,District-Karnal,Total,40-49,4117,2444,1673,542,308,234,1094,610,484,141,77,64,859,564,295,231,137,94,130,85,45,941,552,389,179,111,68
9079,C4920,6,74,District-Karnal,Total,50-59,3127,1787,1340,535,279,256,781,382,399,105,62,43,683,441,242,155,98,57,115,78,37,596,353,243,157,94,63
9080,C4920,6,74,District-Karnal,Total,60-69,3554,1855,1699,805,376,429,807,389,418,83,47,36,845,485,360,115,58,57,66,36,30,548,314,234,285,150,135
9081,C4920,6,74,District-Karnal,Total,70-79,2213,1121,1092,559,265,294,464,240,224,41,24,17,524,288,236,52,27,25,32,16,16,267,127,140,274,134,140
9082,C4920,6,74,District-Karnal,Total,80-89,1193,551,642,310,152,158,272,128,144,14,7,7,234,103,131,10,7,3,15,5,10,115,48,67,223,101,122
9083,C4920,6,74,District-Karnal,Total,90+,505,248,257,106,52,54,110,56,54,10,5,5,94,46,48,8,6,2,6,3,3,38,24,14,133,56,77
9084,C4920,6,74,District-Karnal,Total,Age Not Stated,272,145,127,36,18,18,52,24,28,4,2,2,14,8,6,5,3,2,1,0,1,130,74,56,30,16,14
9085,C4920,6,74,District-Karnal,Rural,Total,26653,15306,11347,3936,2057,1879,5799,3065,2734,929,564,365,5459,3437,2022,1421,888,533,707,438,269,6556,3772,2784,1846,1085,761
9086,C4920,6,74,District-Karnal,Rural,0-4,1616,906,710,244,147,97,399,223,176,20,11,9,72,42,30,44,31,13,12,7,5,759,409,350,66,36,30
9087,C4920,6,74,District-Karnal,Rural,5-9,1921,1098,823,251,150,101,461,252,209,121,80,41,156,93,63,94,54,40,31,15,16,655,362,293,152,92,60
9088,C4920,6,74,District-Karnal,Rural,10-19,4541,2644,1897,530,296,234,1055,566,489,246,166,80,527,316,211,378,239,139,158,95,63,1321,751,570,326,215,111
9089,C4920,6,74,District-Karnal,Rural,20-29,4744,2870,1874,431,230,201,1008,540,468,142,93,49,1282,844,438,319,205,114,150,103,47,1182,689,493,230,166,64
9090,C4920,6,74,District-Karnal,Rural,30-39,3695,2249,1446,364,199,165,756,402,354,142,67,75,1075,731,344,238,151,87,106,65,41,839,522,317,175,112,63
9091,C4920,6,74,District-Karnal,Rural,40-49,2633,1584,1049,349,197,152,604,335,269,96,52,44,595,398,197,145,89,56,90,59,31,637,382,255,117,72,45
9092,C4920,6,74,District-Karnal,Rural,50-59,1981,1134,847,320,160,160,429,207,222,72,42,30,486,313,173,94,59,35,83,55,28,392,234,158,105,64,41
9093,C4920,6,74,District-Karnal,Rural,60-69,2479,1295,1184,621,283,338,506,244,262,55,29,26,615,357,258,65,34,31,43,22,21,386,226,160,188,100,88
9094,C4920,6,74,District-Karnal,Rural,70-79,1598,823,775,454,209,245,297,160,137,23,16,7,378,212,166,28,14,14,22,13,9,191,97,94,205,102,103
9095,C4920,6,74,District-Karnal,Rural,80-89,911,425,486,257,127,130,193,92,101,7,4,3,185,84,101,8,6,2,8,3,5,84,34,50,169,75,94
9096,C4920,6,74,District-Karnal,Rural,90+,395,198,197,91,47,44,76,37,39,3,2,1,79,43,36,5,4,1,4,1,3,28,16,12,109,48,61
9097,C4920,6,74,District-Karnal,Rural,Age Not Stated,139,80,59,24,12,12,15,7,8,2,2,0,9,4,5,3,2,1,0,0,0,82,50,32,4,3,1
9098,C4920,6,74,District-Karnal,Urban,Total,13207,7349,5858,1889,1027,862,4291,2269,2022,437,249,188,1867,1123,744,769,456,313,290,190,100,2931,1609,1322,733,426,307
9099,C4920,6,74,District-Karnal,Urban,0-4,844,460,384,135,71,64,294,153,141,5,3,2,21,12,9,33,19,14,5,3,2,336,191,145,15,8,7
9100,C4920,6,74,District-Karnal,Urban,5-9,952,538,414,140,87,53,331,185,146,46,32,14,51,36,15,50,27,23,17,9,8,257,126,131,60,36,24
9101,C4920,6,74,District-Karnal,Urban,10-19,2250,1329,921,293,171,122,784,444,340,104,64,40,181,116,65,149,93,56,45,25,20,570,337,233,124,79,45
9102,C4920,6,74,District-Karnal,Urban,20-29,2451,1321,1130,287,137,150,817,417,400,75,37,38,377,225,152,186,108,78,57,41,16,571,301,270,81,55,26
9103,C4920,6,74,District-Karnal,Urban,30-39,1865,1089,776,257,146,111,605,323,282,67,36,31,331,210,121,123,81,42,51,42,9,362,201,161,69,50,19
9104,C4920,6,74,District-Karnal,Urban,40-49,1484,860,624,193,111,82,490,275,215,45,25,20,264,166,98,86,48,38,40,26,14,304,170,134,62,39,23
9105,C4920,6,74,District-Karnal,Urban,50-59,1146,653,493,215,119,96,352,175,177,33,20,13,197,128,69,61,39,22,32,23,9,204,119,85,52,30,22
9106,C4920,6,74,District-Karnal,Urban,60-69,1075,560,515,184,93,91,301,145,156,28,18,10,230,128,102,50,24,26,23,14,9,162,88,74,97,50,47
9107,C4920,6,74,District-Karnal,Urban,70-79,615,298,317,105,56,49,167,80,87,18,8,10,146,76,70,24,13,11,10,3,7,76,30,46,69,32,37
9108,C4920,6,74,District-Karnal,Urban,80-89,282,126,156,53,25,28,79,36,43,7,3,4,49,19,30,2,1,1,7,2,5,31,14,17,54,26,28
9109,C4920,6,74,District-Karnal,Urban,90+,110,50,60,15,5,10,34,19,15,7,3,4,15,3,12,3,2,1,2,2,0,10,8,2,24,8,16
9110,C4920,6,74,District-Karnal,Urban,Age Not Stated,133,65,68,12,6,6,37,17,20,2,0,2,5,4,1,2,1,1,1,0,1,48,24,24,26,13,13
9111,C4920,6,75,District-Panipat,Total,Total,24446,14045,10401,3013,1619,1394,5816,3090,2726,1038,614,424,4636,2890,1746,1129,722,407,791,496,295,6187,3503,2684,1836,1111,725
9112,C4920,6,75,District-Panipat,Total,0-4,1382,778,604,139,76,63,492,269,223,34,15,19,99,65,34,46,23,23,12,8,4,479,266,213,81,56,25
9113,C4920,6,75,District-Panipat,Total,5-9,1834,1060,774,175,85,90,524,296,228,141,89,52,186,124,62,97,66,31,38,21,17,492,266,226,181,113,68
9114,C4920,6,75,District-Panipat,Total,10-19,4342,2606,1736,472,271,201,1051,573,478,250,163,87,619,408,211,333,215,118,152,84,68,1093,635,458,372,257,115
9115,C4920,6,75,District-Panipat,Total,20-29,4379,2614,1765,314,172,142,1106,594,512,216,126,90,998,640,358,240,169,71,151,109,42,1108,639,469,246,165,81
9116,C4920,6,75,District-Panipat,Total,30-39,3248,1917,1331,289,180,109,735,392,343,132,68,64,783,485,298,153,94,59,145,112,33,882,496,386,129,90,39
9117,C4920,6,75,District-Panipat,Total,40-49,2752,1632,1120,302,169,133,612,334,278,110,64,46,535,361,174,123,76,47,130,76,54,777,452,325,163,100,63
9118,C4920,6,75,District-Panipat,Total,50-59,2051,1154,897,293,150,143,430,212,218,68,40,28,425,274,151,67,40,27,74,34,40,574,337,237,120,67,53
9119,C4920,6,75,District-Panipat,Total,60-69,2166,1124,1042,466,232,234,403,175,228,49,28,21,497,286,211,43,25,18,55,34,21,476,249,227,177,95,82
9120,C4920,6,75,District-Panipat,Total,70-79,1308,647,661,335,160,175,243,130,113,25,11,14,300,152,148,18,10,8,25,15,10,189,103,86,173,66,107
9121,C4920,6,75,District-Panipat,Total,80-89,737,387,350,194,106,88,154,78,76,10,7,3,156,75,81,4,2,2,4,1,3,88,50,38,127,68,59
9122,C4920,6,75,District-Panipat,Total,90+,236,119,117,34,18,16,61,35,26,3,3,0,35,17,18,4,1,3,4,1,3,29,10,19,66,34,32
9123,C4920,6,75,District-Panipat,Total,Age Not Stated,11,7,4,0,0,0,5,2,3,0,0,0,3,3,0,1,1,0,1,1,0,0,0,0,1,0,1
9124,C4920,6,75,District-Panipat,Rural,Total,11818,6956,4862,1526,831,695,2599,1378,1221,545,318,227,2663,1724,939,599,387,212,350,233,117,2491,1464,1027,1045,621,424
9125,C4920,6,75,District-Panipat,Rural,0-4,606,332,274,65,38,27,217,114,103,18,7,11,59,40,19,26,12,14,6,4,2,168,88,80,47,29,18
9126,C4920,6,75,District-Panipat,Rural,5-9,829,497,332,68,41,27,224,123,101,88,55,33,89,61,28,65,45,20,17,9,8,181,103,78,97,60,37
9127,C4920,6,75,District-Panipat,Rural,10-19,2013,1224,789,185,96,89,432,232,200,142,93,49,364,237,127,192,123,69,69,43,26,437,266,171,192,134,58
9128,C4920,6,75,District-Panipat,Rural,20-29,2045,1299,746,134,83,51,474,271,203,109,68,41,606,403,203,125,90,35,59,48,11,418,256,162,120,80,40
9129,C4920,6,75,District-Panipat,Rural,30-39,1588,1003,585,132,83,49,307,180,127,73,32,41,487,324,163,78,53,25,73,61,12,381,225,156,57,45,12
9130,C4920,6,75,District-Panipat,Rural,40-49,1261,786,475,136,78,58,271,153,118,46,26,20,291,205,86,52,32,20,62,36,26,320,203,117,83,53,30
9131,C4920,6,75,District-Panipat,Rural,50-59,965,530,435,151,79,72,194,88,106,27,11,16,224,144,80,29,15,14,27,10,17,241,142,99,72,41,31
9132,C4920,6,75,District-Panipat,Rural,60-69,1113,586,527,266,134,132,200,79,121,24,15,9,270,167,103,18,9,9,25,19,6,191,102,89,119,61,58
9133,C4920,6,75,District-Panipat,Rural,70-79,745,361,384,228,113,115,133,69,64,12,6,6,160,86,74,8,5,3,8,2,6,82,40,42,114,40,74
9134,C4920,6,75,District-Panipat,Rural,80-89,485,258,227,134,73,61,99,44,55,5,4,1,91,45,46,2,1,1,3,1,2,57,36,21,94,54,40
9135,C4920,6,75,District-Panipat,Rural,90+,161,76,85,27,13,14,43,23,20,1,1,0,21,11,10,3,1,2,1,0,1,15,3,12,50,24,26
9136,C4920,6,75,District-Panipat,Rural,Age Not Stated,7,4,3,0,0,0,5,2,3,0,0,0,1,1,0,1,1,0,0,0,0,0,0,0,0,0,0
9137,C4920,6,75,District-Panipat,Urban,Total,12628,7089,5539,1487,788,699,3217,1712,1505,493,296,197,1973,1166,807,530,335,195,441,263,178,3696,2039,1657,791,490,301
9138,C4920,6,75,District-Panipat,Urban,0-4,776,446,330,74,38,36,275,155,120,16,8,8,40,25,15,20,11,9,6,4,2,311,178,133,34,27,7
9139,C4920,6,75,District-Panipat,Urban,5-9,1005,563,442,107,44,63,300,173,127,53,34,19,97,63,34,32,21,11,21,12,9,311,163,148,84,53,31
9140,C4920,6,75,District-Panipat,Urban,10-19,2329,1382,947,287,175,112,619,341,278,108,70,38,255,171,84,141,92,49,83,41,42,656,369,287,180,123,57
9141,C4920,6,75,District-Panipat,Urban,20-29,2334,1315,1019,180,89,91,632,323,309,107,58,49,392,237,155,115,79,36,92,61,31,690,383,307,126,85,41
9142,C4920,6,75,District-Panipat,Urban,30-39,1660,914,746,157,97,60,428,212,216,59,36,23,296,161,135,75,41,34,72,51,21,501,271,230,72,45,27
9143,C4920,6,75,District-Panipat,Urban,40-49,1491,846,645,166,91,75,341,181,160,64,38,26,244,156,88,71,44,27,68,40,28,457,249,208,80,47,33
9144,C4920,6,75,District-Panipat,Urban,50-59,1086,624,462,142,71,71,236,124,112,41,29,12,201,130,71,38,25,13,47,24,23,333,195,138,48,26,22
9145,C4920,6,75,District-Panipat,Urban,60-69,1053,538,515,200,98,102,203,96,107,25,13,12,227,119,108,25,16,9,30,15,15,285,147,138,58,34,24
9146,C4920,6,75,District-Panipat,Urban,70-79,563,286,277,107,47,60,110,61,49,13,5,8,140,66,74,10,5,5,17,13,4,107,63,44,59,26,33
9147,C4920,6,75,District-Panipat,Urban,80-89,252,129,123,60,33,27,55,34,21,5,3,2,65,30,35,2,1,1,1,0,1,31,14,17,33,14,19
9148,C4920,6,75,District-Panipat,Urban,90+,75,43,32,7,5,2,18,12,6,2,2,0,14,6,8,1,0,1,3,1,2,14,7,7,16,10,6
9149,C4920,6,75,District-Panipat,Urban,Age Not Stated,4,3,1,0,0,0,0,0,0,0,0,0,2,2,0,0,0,0,1,1,0,0,0,0,1,0,1
9150,C4920,6,76,District-Sonipat,Total,Total,33325,19277,14048,4817,2518,2299,8291,4436,3855,1141,696,445,6165,3979,2186,1675,1107,568,765,516,249,7293,4194,3099,3178,1831,1347
9151,C4920,6,76,District-Sonipat,Total,0-4,1643,893,750,224,105,119,595,318,277,24,17,7,87,53,34,52,31,21,8,6,2,501,286,215,152,77,75
9152,C4920,6,76,District-Sonipat,Total,5-9,2170,1275,895,229,118,111,610,351,259,152,91,61,190,126,64,146,82,64,36,23,13,546,324,222,261,160,101
9153,C4920,6,76,District-Sonipat,Total,10-19,5708,3421,2287,710,412,298,1538,857,681,289,184,105,629,413,216,440,295,145,155,104,51,1302,753,549,645,403,242
9154,C4920,6,76,District-Sonipat,Total,20-29,5717,3481,2236,571,326,245,1375,739,636,197,121,76,1304,909,395,371,257,114,156,120,36,1296,732,564,447,277,170
9155,C4920,6,76,District-Sonipat,Total,30-39,4588,2812,1776,443,247,196,1060,562,498,147,87,60,1094,762,332,243,172,71,147,100,47,1119,684,435,335,198,137
9156,C4920,6,76,District-Sonipat,Total,40-49,3646,2204,1442,508,293,215,854,458,396,119,73,46,742,515,227,196,128,68,107,76,31,897,513,384,223,148,75
9157,C4920,6,76,District-Sonipat,Total,50-59,2942,1660,1282,492,258,234,660,322,338,100,62,38,623,402,221,110,70,40,73,42,31,666,376,290,218,128,90
9158,C4920,6,76,District-Sonipat,Total,60-69,3090,1634,1456,732,349,383,670,352,318,81,46,35,665,362,303,69,45,24,47,27,20,567,314,253,259,139,120
9159,C4920,6,76,District-Sonipat,Total,70-79,2149,1060,1089,561,253,308,515,241,274,20,11,9,488,255,233,26,18,8,22,12,10,245,137,108,272,133,139
9160,C4920,6,76,District-Sonipat,Total,80-89,1214,601,613,275,120,155,296,170,126,8,4,4,262,141,121,14,3,11,10,5,5,109,49,60,240,109,131
9161,C4920,6,76,District-Sonipat,Total,90+,414,209,205,68,36,32,104,57,47,2,0,2,75,37,38,5,3,2,4,1,3,34,18,16,122,57,65
9162,C4920,6,76,District-Sonipat,Total,Age Not Stated,44,27,17,4,1,3,14,9,5,2,0,2,6,4,2,3,3,0,0,0,0,11,8,3,4,2,2
9163,C4920,6,76,District-Sonipat,Rural,Total,20815,12211,8604,2997,1573,1424,4971,2648,2323,790,492,298,4397,2889,1508,1080,721,359,510,353,157,4262,2453,1809,1808,1082,726
9164,C4920,6,76,District-Sonipat,Rural,0-4,890,493,397,107,49,58,354,188,166,15,12,3,58,36,22,30,21,9,7,5,2,267,146,121,52,36,16
9165,C4920,6,76,District-Sonipat,Rural,5-9,1270,758,512,127,72,55,346,194,152,115,75,40,141,94,47,95,50,45,23,15,8,302,180,122,121,78,43
9166,C4920,6,76,District-Sonipat,Rural,10-19,3541,2132,1409,380,225,155,938,508,430,199,124,75,451,303,148,312,213,99,109,75,34,781,436,345,371,248,123
9167,C4920,6,76,District-Sonipat,Rural,20-29,3430,2198,1232,276,168,108,766,424,342,145,91,54,970,699,271,236,168,68,101,84,17,712,411,301,224,153,71
9168,C4920,6,76,District-Sonipat,Rural,30-39,2766,1759,1007,221,124,97,603,325,278,89,55,34,801,570,231,142,104,38,102,72,30,646,407,239,162,102,60
9169,C4920,6,76,District-Sonipat,Rural,40-49,2187,1358,829,284,172,112,450,254,196,80,48,32,528,365,163,126,81,45,63,45,18,536,309,227,120,84,36
9170,C4920,6,76,District-Sonipat,Rural,50-59,1795,1021,774,319,172,147,365,175,190,69,46,23,417,275,142,61,34,27,49,27,22,404,227,177,111,65,46
9171,C4920,6,76,District-Sonipat,Rural,60-69,2067,1085,982,537,256,281,444,224,220,57,30,27,451,247,204,45,31,14,30,17,13,349,197,152,154,83,71
9172,C4920,6,76,District-Sonipat,Rural,70-79,1576,754,822,465,208,257,375,167,208,14,9,5,333,167,166,19,12,7,14,8,6,160,88,72,196,95,101
9173,C4920,6,76,District-Sonipat,Rural,80-89,938,471,467,225,100,125,237,137,100,5,2,3,185,101,84,9,3,6,9,4,5,76,36,40,192,88,104
9174,C4920,6,76,District-Sonipat,Rural,90+,327,166,161,54,27,27,82,46,36,1,0,1,57,29,28,4,3,1,3,1,2,22,11,11,104,49,55
9175,C4920,6,76,District-Sonipat,Rural,Age Not Stated,28,16,12,2,0,2,11,6,5,1,0,1,5,3,2,1,1,0,0,0,0,7,5,2,1,1,0
9176,C4920,6,76,District-Sonipat,Urban,Total,12510,7066,5444,1820,945,875,3320,1788,1532,351,204,147,1768,1090,678,595,386,209,255,163,92,3031,1741,1290,1370,749,621
9177,C4920,6,76,District-Sonipat,Urban,0-4,753,400,353,117,56,61,241,130,111,9,5,4,29,17,12,22,10,12,1,1,0,234,140,94,100,41,59
9178,C4920,6,76,District-Sonipat,Urban,5-9,900,517,383,102,46,56,264,157,107,37,16,21,49,32,17,51,32,19,13,8,5,244,144,100,140,82,58
9179,C4920,6,76,District-Sonipat,Urban,10-19,2167,1289,878,330,187,143,600,349,251,90,60,30,178,110,68,128,82,46,46,29,17,521,317,204,274,155,119
9180,C4920,6,76,District-Sonipat,Urban,20-29,2287,1283,1004,295,158,137,609,315,294,52,30,22,334,210,124,135,89,46,55,36,19,584,321,263,223,124,99
9181,C4920,6,76,District-Sonipat,Urban,30-39,1822,1053,769,222,123,99,457,237,220,58,32,26,293,192,101,101,68,33,45,28,17,473,277,196,173,96,77
9182,C4920,6,76,District-Sonipat,Urban,40-49,1459,846,613,224,121,103,404,204,200,39,25,14,214,150,64,70,47,23,44,31,13,361,204,157,103,64,39
9183,C4920,6,76,District-Sonipat,Urban,50-59,1147,639,508,173,86,87,295,147,148,31,16,15,206,127,79,49,36,13,24,15,9,262,149,113,107,63,44
9184,C4920,6,76,District-Sonipat,Urban,60-69,1023,549,474,195,93,102,226,128,98,24,16,8,214,115,99,24,14,10,17,10,7,218,117,101,105,56,49
9185,C4920,6,76,District-Sonipat,Urban,70-79,573,306,267,96,45,51,140,74,66,6,2,4,155,88,67,7,6,1,8,4,4,85,49,36,76,38,38
9186,C4920,6,76,District-Sonipat,Urban,80-89,276,130,146,50,20,30,59,33,26,3,2,1,77,40,37,5,0,5,1,1,0,33,13,20,48,21,27
9187,C4920,6,76,District-Sonipat,Urban,90+,87,43,44,14,9,5,22,11,11,1,0,1,18,8,10,1,0,1,1,0,1,12,7,5,18,8,10
9188,C4920,6,76,District-Sonipat,Urban,Age Not Stated,16,11,5,2,1,1,3,3,0,1,0,1,1,1,0,2,2,0,0,0,0,4,3,1,3,1,2
9189,C4920,6,77,District-Jind,Total,Total,29003,16747,12256,4906,2565,2341,5818,2983,2835,1072,654,418,6216,3995,2221,1448,943,505,907,583,324,6145,3544,2601,2491,1480,1011
9190,C4920,6,77,District-Jind,Total,0-4,1133,635,498,156,82,74,338,180,158,18,13,5,109,61,48,52,31,21,6,2,4,370,212,158,84,54,30
9191,C4920,6,77,District-Jind,Total,5-9,1751,999,752,186,111,75,445,228,217,154,86,68,198,134,64,128,86,42,48,27,21,392,207,185,200,120,80
9192,C4920,6,77,District-Jind,Total,10-19,4604,2704,1900,500,273,227,1084,575,509,272,166,106,666,441,225,444,277,167,155,102,53,1048,580,468,435,290,145
9193,C4920,6,77,District-Jind,Total,20-29,4504,2812,1692,339,209,130,915,483,432,176,113,63,1338,895,443,277,205,72,162,114,48,1002,607,395,295,186,109
9194,C4920,6,77,District-Jind,Total,30-39,3871,2383,1488,366,221,145,717,363,354,160,97,63,1122,756,366,213,147,66,161,107,54,899,533,366,233,159,74
9195,C4920,6,77,District-Jind,Total,40-49,3324,2053,1271,470,264,206,586,289,297,121,73,48,799,575,224,165,102,63,158,106,52,859,523,336,166,121,45
9196,C4920,6,77,District-Jind,Total,50-59,2605,1452,1153,516,266,250,436,202,234,60,40,20,629,384,245,82,46,36,112,66,46,619,353,266,151,95,56
9197,C4920,6,77,District-Jind,Total,60-69,3293,1656,1637,1036,452,584,569,272,297,64,37,27,676,381,295,53,27,26,60,33,27,560,312,248,275,142,133
9198,C4920,6,77,District-Jind,Total,70-79,2330,1241,1089,842,435,407,424,225,199,32,22,10,417,227,190,22,13,9,30,17,13,267,153,114,296,149,147
9199,C4920,6,77,District-Jind,Total,80-89,1175,607,568,397,210,187,221,120,101,12,6,6,197,106,91,7,4,3,14,9,5,99,48,51,228,104,124
9200,C4920,6,77,District-Jind,Total,90+,391,190,201,96,40,56,78,42,36,3,1,2,60,32,28,4,4,0,1,0,1,24,13,11,125,58,67
9201,C4920,6,77,District-Jind,Total,Age Not Stated,22,15,7,2,2,0,5,4,1,0,0,0,5,3,2,1,1,0,0,0,0,6,3,3,3,2,1
9202,C4920,6,77,District-Jind,Rural,Total,23366,13512,9854,4278,2213,2065,4314,2221,2093,850,537,313,5149,3321,1828,1119,717,402,708,453,255,4894,2832,2062,2054,1218,836
9203,C4920,6,77,District-Jind,Rural,0-4,894,500,394,127,68,59,250,132,118,14,10,4,90,50,40,45,28,17,6,2,4,292,165,127,70,45,25
9204,C4920,6,77,District-Jind,Rural,5-9,1388,792,596,162,99,63,334,170,164,124,73,51,169,113,56,107,68,39,35,22,13,295,152,143,162,95,67
9205,C4920,6,77,District-Jind,Rural,10-19,3630,2136,1494,426,230,196,781,418,363,219,139,80,550,355,195,348,216,132,115,72,43,837,466,371,354,240,114
9206,C4920,6,77,District-Jind,Rural,20-29,3534,2256,1278,285,178,107,630,336,294,134,91,43,1127,770,357,204,152,52,117,81,36,806,505,301,231,143,88
9207,C4920,6,77,District-Jind,Rural,30-39,3058,1907,1151,295,182,113,523,269,254,125,80,45,922,620,302,159,107,52,130,86,44,711,429,282,193,134,59
9208,C4920,6,77,District-Jind,Rural,40-49,2609,1627,982,386,209,177,407,210,197,90,54,36,673,493,180,122,73,49,122,81,41,682,408,274,127,99,28
9209,C4920,6,77,District-Jind,Rural,50-59,2068,1133,935,438,220,218,322,147,175,48,31,17,487,295,192,60,30,30,92,56,36,497,278,219,124,76,48
9210,C4920,6,77,District-Jind,Rural,60-69,2804,1381,1423,938,403,535,459,214,245,58,32,26,562,310,252,43,21,22,52,29,23,461,257,204,231,115,116
9211,C4920,6,77,District-Jind,Rural,70-79,2006,1069,937,767,392,375,355,186,169,28,20,8,343,193,150,21,13,8,25,15,10,211,121,90,256,129,127
9212,C4920,6,77,District-Jind,Rural,80-89,1017,535,482,365,193,172,180,102,78,8,6,2,171,94,77,5,4,1,13,9,4,80,39,41,195,88,107
9213,C4920,6,77,District-Jind,Rural,90+,341,165,176,88,38,50,69,34,35,2,1,1,51,26,25,4,4,0,1,0,1,18,10,8,108,52,56
9214,C4920,6,77,District-Jind,Rural,Age Not Stated,17,11,6,1,1,0,4,3,1,0,0,0,4,2,2,1,1,0,0,0,0,4,2,2,3,2,1
9215,C4920,6,77,District-Jind,Urban,Total,5637,3235,2402,628,352,276,1504,762,742,222,117,105,1067,674,393,329,226,103,199,130,69,1251,712,539,437,262,175
9216,C4920,6,77,District-Jind,Urban,0-4,239,135,104,29,14,15,88,48,40,4,3,1,19,11,8,7,3,4,0,0,0,78,47,31,14,9,5
9217,C4920,6,77,District-Jind,Urban,5-9,363,207,156,24,12,12,111,58,53,30,13,17,29,21,8,21,18,3,13,5,8,97,55,42,38,25,13
9218,C4920,6,77,District-Jind,Urban,10-19,974,568,406,74,43,31,303,157,146,53,27,26,116,86,30,96,61,35,40,30,10,211,114,97,81,50,31
9219,C4920,6,77,District-Jind,Urban,20-29,970,556,414,54,31,23,285,147,138,42,22,20,211,125,86,73,53,20,45,33,12,196,102,94,64,43,21
9220,C4920,6,77,District-Jind,Urban,30-39,813,476,337,71,39,32,194,94,100,35,17,18,200,136,64,54,40,14,31,21,10,188,104,84,40,25,15
9221,C4920,6,77,District-Jind,Urban,40-49,715,426,289,84,55,29,179,79,100,31,19,12,126,82,44,43,29,14,36,25,11,177,115,62,39,22,17
9222,C4920,6,77,District-Jind,Urban,50-59,537,319,218,78,46,32,114,55,59,12,9,3,142,89,53,22,16,6,20,10,10,122,75,47,27,19,8
9223,C4920,6,77,District-Jind,Urban,60-69,489,275,214,98,49,49,110,58,52,6,5,1,114,71,43,10,6,4,8,4,4,99,55,44,44,27,17
9224,C4920,6,77,District-Jind,Urban,70-79,324,172,152,75,43,32,69,39,30,4,2,2,74,34,40,1,0,1,5,2,3,56,32,24,40,20,20
9225,C4920,6,77,District-Jind,Urban,80-89,158,72,86,32,17,15,41,18,23,4,0,4,26,12,14,2,0,2,1,0,1,19,9,10,33,16,17
9226,C4920,6,77,District-Jind,Urban,90+,50,25,25,8,2,6,9,8,1,1,0,1,9,6,3,0,0,0,0,0,0,6,3,3,17,6,11
9227,C4920,6,77,District-Jind,Urban,Age Not Stated,5,4,1,1,1,0,1,1,0,0,0,0,1,1,0,0,0,0,0,0,0,2,1,1,0,0,0
9228,C4920,6,78,District-Fatehabad,Total,Total,23861,13956,9905,3333,1769,1564,3417,1828,1589,964,597,367,6196,3813,2383,1470,923,547,830,522,308,5203,3076,2127,2448,1428,1020
9229,C4920,6,78,District-Fatehabad,Total,0-4,834,455,379,116,61,55,162,82,80,16,9,7,106,63,43,35,17,18,6,3,3,311,168,143,82,52,30
9230,C4920,6,78,District-Fatehabad,Total,5-9,1377,826,551,139,83,56,201,114,87,130,83,47,189,125,64,114,67,47,34,20,14,342,189,153,228,145,83
9231,C4920,6,78,District-Fatehabad,Total,10-19,3789,2287,1502,449,247,202,497,279,218,264,184,80,720,460,260,401,252,149,158,93,65,797,455,342,503,317,186
9232,C4920,6,78,District-Fatehabad,Total,20-29,3785,2335,1450,303,177,126,459,269,190,152,90,62,1239,789,450,272,176,96,146,101,45,863,518,345,351,215,136
9233,C4920,6,78,District-Fatehabad,Total,30-39,3426,2173,1253,265,153,112,387,213,174,138,88,50,1188,808,380,256,162,94,145,98,47,837,518,319,210,133,77
9234,C4920,6,78,District-Fatehabad,Total,40-49,2830,1739,1091,345,196,149,374,190,184,90,55,35,774,504,270,177,124,53,130,75,55,758,484,274,182,111,71
9235,C4920,6,78,District-Fatehabad,Total,50-59,2169,1270,899,383,210,173,320,174,146,64,35,29,573,346,227,92,57,35,84,50,34,486,292,194,167,106,61
9236,C4920,6,78,District-Fatehabad,Total,60-69,2727,1482,1245,620,306,314,439,229,210,66,36,30,695,391,304,73,35,38,84,58,26,508,289,219,242,138,104
9237,C4920,6,78,District-Fatehabad,Total,70-79,1657,826,831,436,211,225,308,156,152,31,11,20,417,200,217,30,17,13,25,13,12,200,117,83,210,101,109
9238,C4920,6,78,District-Fatehabad,Total,80-89,882,393,489,221,100,121,188,89,99,9,5,4,213,89,124,11,9,2,13,8,5,63,26,37,164,67,97
9239,C4920,6,78,District-Fatehabad,Total,90+,336,140,196,53,23,30,71,28,43,3,0,3,70,31,39,5,4,1,4,2,2,25,11,14,105,41,64
9240,C4920,6,78,District-Fatehabad,Total,Age Not Stated,49,30,19,3,2,1,11,5,6,1,1,0,12,7,5,4,3,1,1,1,0,13,9,4,4,2,2
9241,C4920,6,78,District-Fatehabad,Rural,Total,19574,11498,8076,2769,1467,1302,2668,1426,1242,785,484,301,5237,3259,1978,1124,712,412,694,437,257,4250,2526,1724,2047,1187,860
9242,C4920,6,78,District-Fatehabad,Rural,0-4,655,351,304,88,42,46,119,55,64,12,6,6,90,54,36,17,8,9,4,2,2,257,138,119,68,46,22
9243,C4920,6,78,District-Fatehabad,Rural,5-9,1120,671,449,112,67,45,143,82,61,113,75,38,167,110,57,84,52,32,30,16,14,275,148,127,196,121,75
9244,C4920,6,78,District-Fatehabad,Rural,10-19,3082,1874,1208,367,202,165,373,213,160,216,152,64,614,400,214,325,204,121,130,76,54,640,364,276,417,263,154
9245,C4920,6,78,District-Fatehabad,Rural,20-29,3034,1883,1151,223,133,90,357,214,143,120,66,54,1041,669,372,192,126,66,118,80,38,703,422,281,280,173,107
9246,C4920,6,78,District-Fatehabad,Rural,30-39,2843,1823,1020,212,123,89,305,170,135,116,74,42,1015,698,317,208,132,76,118,79,39,700,441,259,169,106,63
9247,C4920,6,78,District-Fatehabad,Rural,40-49,2309,1430,879,291,163,128,303,155,148,74,46,28,653,431,222,131,90,41,104,63,41,600,388,212,153,94,59
9248,C4920,6,78,District-Fatehabad,Rural,50-59,1761,1031,730,316,173,143,251,137,114,45,23,22,481,288,193,69,43,26,73,45,28,396,240,156,130,82,48
9249,C4920,6,78,District-Fatehabad,Rural,60-69,2314,1257,1057,540,267,273,358,190,168,55,28,27,583,325,258,57,28,29,77,53,24,440,252,188,204,114,90
9250,C4920,6,78,District-Fatehabad,Rural,70-79,1396,703,693,377,184,193,253,124,129,22,8,14,346,175,171,25,15,10,25,13,12,168,98,70,180,86,94
9251,C4920,6,78,District-Fatehabad,Rural,80-89,736,334,402,195,90,105,142,63,79,8,5,3,179,79,100,10,8,2,10,7,3,44,20,24,148,62,86
9252,C4920,6,78,District-Fatehabad,Rural,90+,290,118,172,46,22,24,57,19,38,3,0,3,61,26,35,3,3,0,4,2,2,18,8,10,98,38,60
9253,C4920,6,78,District-Fatehabad,Rural,Age Not Stated,34,23,11,2,1,1,7,4,3,1,1,0,7,4,3,3,3,0,1,1,0,9,7,2,4,2,2
9254,C4920,6,78,District-Fatehabad,Urban,Total,4287,2458,1829,564,302,262,749,402,347,179,113,66,959,554,405,346,211,135,136,85,51,953,550,403,401,241,160
9255,C4920,6,78,District-Fatehabad,Urban,0-4,179,104,75,28,19,9,43,27,16,4,3,1,16,9,7,18,9,9,2,1,1,54,30,24,14,6,8
9256,C4920,6,78,District-Fatehabad,Urban,5-9,257,155,102,27,16,11,58,32,26,17,8,9,22,15,7,30,15,15,4,4,0,67,41,26,32,24,8
9257,C4920,6,78,District-Fatehabad,Urban,10-19,707,413,294,82,45,37,124,66,58,48,32,16,106,60,46,76,48,28,28,17,11,157,91,66,86,54,32
9258,C4920,6,78,District-Fatehabad,Urban,20-29,751,452,299,80,44,36,102,55,47,32,24,8,198,120,78,80,50,30,28,21,7,160,96,64,71,42,29
9259,C4920,6,78,District-Fatehabad,Urban,30-39,583,350,233,53,30,23,82,43,39,22,14,8,173,110,63,48,30,18,27,19,8,137,77,60,41,27,14
9260,C4920,6,78,District-Fatehabad,Urban,40-49,521,309,212,54,33,21,71,35,36,16,9,7,121,73,48,46,34,12,26,12,14,158,96,62,29,17,12
9261,C4920,6,78,District-Fatehabad,Urban,50-59,408,239,169,67,37,30,69,37,32,19,12,7,92,58,34,23,14,9,11,5,6,90,52,38,37,24,13
9262,C4920,6,78,District-Fatehabad,Urban,60-69,413,225,188,80,39,41,81,39,42,11,8,3,112,66,46,16,7,9,7,5,2,68,37,31,38,24,14
9263,C4920,6,78,District-Fatehabad,Urban,70-79,261,123,138,59,27,32,55,32,23,9,3,6,71,25,46,5,2,3,0,0,0,32,19,13,30,15,15
9264,C4920,6,78,District-Fatehabad,Urban,80-89,146,59,87,26,10,16,46,26,20,1,0,1,34,10,24,1,1,0,3,1,2,19,6,13,16,5,11
9265,C4920,6,78,District-Fatehabad,Urban,90+,46,22,24,7,1,6,14,9,5,0,0,0,9,5,4,2,1,1,0,0,0,7,3,4,7,3,4
9266,C4920,6,78,District-Fatehabad,Urban,Age Not Stated,15,7,8,1,1,0,4,1,3,0,0,0,5,3,2,1,0,1,0,0,0,4,2,2,0,0,0
9267,C4920,6,79,District-Sirsa,Total,Total,31181,18101,13080,4213,2218,1995,5802,3127,2675,1252,751,501,7348,4522,2826,1684,1099,585,947,590,357,7260,4184,3076,2675,1610,1065
9268,C4920,6,79,District-Sirsa,Total,0-4,1156,629,527,167,94,73,268,132,136,17,10,7,131,71,60,44,25,19,9,3,6,422,231,191,98,63,35
9269,C4920,6,79,District-Sirsa,Total,5-9,1871,1110,761,240,119,121,366,217,149,140,78,62,251,163,88,125,71,54,32,24,8,495,290,205,222,148,74
9270,C4920,6,79,District-Sirsa,Total,10-19,5057,3076,1981,506,278,228,910,498,412,370,233,137,863,567,296,438,289,149,139,81,58,1245,734,511,586,396,190
9271,C4920,6,79,District-Sirsa,Total,20-29,5122,3156,1966,432,252,180,884,515,369,220,141,79,1556,1019,537,335,228,107,166,104,62,1190,674,516,339,223,116
9272,C4920,6,79,District-Sirsa,Total,30-39,4438,2691,1747,376,211,165,695,404,291,161,87,74,1390,872,518,304,205,99,180,119,61,1102,642,460,230,151,79
9273,C4920,6,79,District-Sirsa,Total,40-49,3497,2149,1348,357,224,133,612,340,272,131,80,51,807,528,279,215,134,81,161,111,50,1014,606,408,200,126,74
9274,C4920,6,79,District-Sirsa,Total,50-59,2759,1584,1175,426,235,191,470,240,230,89,51,38,661,395,266,92,68,24,120,71,49,740,427,313,161,97,64
9275,C4920,6,79,District-Sirsa,Total,60-69,3342,1850,1492,747,400,347,654,324,330,68,43,25,817,484,333,81,50,31,94,58,36,631,354,277,250,137,113
9276,C4920,6,79,District-Sirsa,Total,70-79,2199,1075,1124,549,239,310,510,249,261,36,19,17,503,250,253,33,21,12,30,11,19,275,158,117,263,128,135
9277,C4920,6,79,District-Sirsa,Total,80-89,1196,561,635,298,127,171,310,160,150,12,6,6,248,113,135,9,4,5,9,6,3,97,50,47,213,95,118
9278,C4920,6,79,District-Sirsa,Total,90+,485,186,299,109,37,72,108,40,68,8,3,5,105,51,54,7,3,4,5,1,4,32,7,25,111,44,67
9279,C4920,6,79,District-Sirsa,Total,Age Not Stated,59,34,25,6,2,4,15,8,7,0,0,0,16,9,7,1,1,0,2,1,1,17,11,6,2,2,0
9280,C4920,6,79,District-Sirsa,Rural,Total,23590,13731,9859,3303,1732,1571,3982,2145,1837,923,564,359,5748,3568,2180,1252,814,438,719,443,276,5506,3170,2336,2157,1295,862
9281,C4920,6,79,District-Sirsa,Rural,0-4,819,448,371,114,68,46,174,87,87,11,5,6,104,57,47,29,14,15,8,2,6,308,171,137,71,44,27
9282,C4920,6,79,District-Sirsa,Rural,5-9,1396,803,593,165,78,87,242,138,104,103,53,50,199,125,74,92,56,36,26,18,8,382,215,167,187,120,67
9283,C4920,6,79,District-Sirsa,Rural,10-19,3842,2376,1466,368,200,168,618,352,266,291,190,101,702,465,237,346,233,113,107,62,45,928,540,388,482,334,148
9284,C4920,6,79,District-Sirsa,Rural,20-29,3723,2325,1398,313,192,121,516,304,212,166,108,58,1239,819,420,233,157,76,122,79,43,892,507,385,242,159,83
9285,C4920,6,79,District-Sirsa,Rural,30-39,3381,2059,1322,277,154,123,495,285,210,120,67,53,1102,702,400,227,151,76,146,93,53,835,493,342,179,114,65
9286,C4920,6,79,District-Sirsa,Rural,40-49,2669,1659,1010,295,186,109,425,245,180,95,63,32,621,410,211,154,92,62,118,82,36,796,476,320,165,105,60
9287,C4920,6,79,District-Sirsa,Rural,50-59,1988,1147,841,324,175,149,307,156,151,53,29,24,481,290,191,67,50,17,88,51,37,543,319,224,125,77,48
9288,C4920,6,79,District-Sirsa,Rural,60-69,2563,1396,1167,609,317,292,465,227,238,44,27,17,624,368,256,64,38,26,69,43,26,486,267,219,202,109,93
9289,C4920,6,79,District-Sirsa,Rural,70-79,1771,871,900,469,210,259,404,190,214,27,16,11,373,191,182,27,17,10,23,8,15,226,132,94,222,107,115
9290,C4920,6,79,District-Sirsa,Rural,80-89,995,473,522,266,118,148,241,127,114,7,4,3,206,93,113,7,3,4,7,4,3,76,40,36,185,84,101
9291,C4920,6,79,District-Sirsa,Rural,90+,406,155,251,99,32,67,89,32,57,6,2,4,83,40,43,5,2,3,4,1,3,23,4,19,97,42,55
9292,C4920,6,79,District-Sirsa,Rural,Age Not Stated,37,19,18,4,2,2,6,2,4,0,0,0,14,8,6,1,1,0,1,0,1,11,6,5,0,0,0
9293,C4920,6,79,District-Sirsa,Urban,Total,7591,4370,3221,910,486,424,1820,982,838,329,187,142,1600,954,646,432,285,147,228,147,81,1754,1014,740,518,315,203
9294,C4920,6,79,District-Sirsa,Urban,0-4,337,181,156,53,26,27,94,45,49,6,5,1,27,14,13,15,11,4,1,1,0,114,60,54,27,19,8
9295,C4920,6,79,District-Sirsa,Urban,5-9,475,307,168,75,41,34,124,79,45,37,25,12,52,38,14,33,15,18,6,6,0,113,75,38,35,28,7
9296,C4920,6,79,District-Sirsa,Urban,10-19,1215,700,515,138,78,60,292,146,146,79,43,36,161,102,59,92,56,36,32,19,13,317,194,123,104,62,42
9297,C4920,6,79,District-Sirsa,Urban,20-29,1399,831,568,119,60,59,368,211,157,54,33,21,317,200,117,102,71,31,44,25,19,298,167,131,97,64,33
9298,C4920,6,79,District-Sirsa,Urban,30-39,1057,632,425,99,57,42,200,119,81,41,20,21,288,170,118,77,54,23,34,26,8,267,149,118,51,37,14
9299,C4920,6,79,District-Sirsa,Urban,40-49,828,490,338,62,38,24,187,95,92,36,17,19,186,118,68,61,42,19,43,29,14,218,130,88,35,21,14
9300,C4920,6,79,District-Sirsa,Urban,50-59,771,437,334,102,60,42,163,84,79,36,22,14,180,105,75,25,18,7,32,20,12,197,108,89,36,20,16
9301,C4920,6,79,District-Sirsa,Urban,60-69,779,454,325,138,83,55,189,97,92,24,16,8,193,116,77,17,12,5,25,15,10,145,87,58,48,28,20
9302,C4920,6,79,District-Sirsa,Urban,70-79,428,204,224,80,29,51,106,59,47,9,3,6,130,59,71,6,4,2,7,3,4,49,26,23,41,21,20
9303,C4920,6,79,District-Sirsa,Urban,80-89,201,88,113,32,9,23,69,33,36,5,2,3,42,20,22,2,1,1,2,2,0,21,10,11,28,11,17
9304,C4920,6,79,District-Sirsa,Urban,90+,79,31,48,10,5,5,19,8,11,2,1,1,22,11,11,2,1,1,1,0,1,9,3,6,14,2,12
9305,C4920,6,79,District-Sirsa,Urban,Age Not Stated,22,15,7,2,0,2,9,6,3,0,0,0,2,1,1,0,0,0,1,1,0,6,5,1,2,2,0
9306,C4920,6,80,District-Hisar,Total,Total,40001,23202,16799,5961,3224,2737,8991,4698,4293,1733,1067,666,7258,4659,2599,2101,1359,742,1096,708,388,9631,5556,4075,3230,1931,1299
9307,C4920,6,80,District-Hisar,Total,0-4,1853,1002,851,263,143,120,602,296,306,33,25,8,122,78,44,57,29,28,8,6,2,638,352,286,130,73,57
9308,C4920,6,80,District-Hisar,Total,5-9,2522,1398,1124,347,183,164,615,311,304,194,118,76,227,137,90,158,102,56,53,32,21,664,348,316,264,167,97
9309,C4920,6,80,District-Hisar,Total,10-19,6808,3958,2850,893,483,410,1633,888,745,435,266,169,788,520,268,577,364,213,195,115,80,1676,934,742,611,388,223
9310,C4920,6,80,District-Hisar,Total,20-29,6599,4159,2440,679,426,253,1415,771,644,309,204,105,1413,980,433,456,317,139,229,161,68,1691,1024,667,407,276,131
9311,C4920,6,80,District-Hisar,Total,30-39,5718,3454,2264,572,330,242,1178,637,541,214,120,94,1410,939,471,338,220,118,196,141,55,1518,881,637,292,186,106
9312,C4920,6,80,District-Hisar,Total,40-49,4890,3020,1870,639,375,264,1080,586,494,186,114,72,966,670,296,259,174,85,183,117,66,1329,814,515,248,170,78
9313,C4920,6,80,District-Hisar,Total,50-59,3700,2210,1490,637,346,291,734,406,328,156,91,65,763,499,264,126,82,44,112,68,44,930,554,376,242,164,78
9314,C4920,6,80,District-Hisar,Total,60-69,3926,2093,1833,919,446,473,821,386,435,118,81,37,821,480,341,79,42,37,84,50,34,742,412,330,342,196,146
9315,C4920,6,80,District-Hisar,Total,70-79,2292,1101,1191,616,291,325,510,230,280,58,35,23,443,219,224,32,17,15,19,10,9,280,155,125,334,144,190
9316,C4920,6,80,District-Hisar,Total,80-89,1240,579,661,314,156,158,284,135,149,21,9,12,239,101,138,13,10,3,13,6,7,114,54,60,242,108,134
9317,C4920,6,80,District-Hisar,Total,90+,369,174,195,67,36,31,102,42,60,4,2,2,51,25,26,3,2,1,3,1,2,28,14,14,111,52,59
9318,C4920,6,80,District-Hisar,Total,Age Not Stated,84,54,30,15,9,6,17,10,7,5,2,3,15,11,4,3,0,3,1,1,0,21,14,7,7,7,0
9319,C4920,6,80,District-Hisar,Rural,Total,27827,16248,11579,4314,2348,1966,5822,2975,2847,1121,711,410,5320,3493,1827,1448,930,518,759,493,266,6611,3834,2777,2432,1464,968
9320,C4920,6,80,District-Hisar,Rural,0-4,1205,663,542,162,89,73,392,188,204,19,16,3,94,60,34,41,24,17,7,5,2,394,221,173,96,60,36
9321,C4920,6,80,District-Hisar,Rural,5-9,1781,983,798,249,129,120,384,186,198,131,78,53,188,112,76,103,68,35,41,27,14,464,238,226,221,145,76
9322,C4920,6,80,District-Hisar,Rural,10-19,4793,2747,2046,622,327,295,1087,556,531,289,183,106,607,404,203,421,263,158,137,79,58,1175,647,528,455,288,167
9323,C4920,6,80,District-Hisar,Rural,20-29,4405,2864,1541,440,292,148,833,440,393,199,141,58,1039,755,284,310,222,88,151,106,45,1131,699,432,302,209,93
9324,C4920,6,80,District-Hisar,Rural,30-39,3902,2396,1506,384,237,147,717,384,333,131,75,56,1053,714,339,231,147,84,131,99,32,1054,616,438,201,124,77
9325,C4920,6,80,District-Hisar,Rural,40-49,3306,2076,1230,442,265,177,670,367,303,115,68,47,687,491,196,175,116,59,128,82,46,908,559,349,181,128,53
9326,C4920,6,80,District-Hisar,Rural,50-59,2532,1522,1010,463,255,208,467,262,205,98,60,38,541,352,189,81,51,30,83,50,33,624,376,248,175,116,59
9327,C4920,6,80,District-Hisar,Rural,60-69,2875,1540,1335,738,357,381,581,279,302,84,60,24,575,345,230,50,20,30,61,34,27,544,309,235,242,136,106
9328,C4920,6,80,District-Hisar,Rural,70-79,1720,830,890,496,234,262,388,176,212,38,23,15,312,152,160,22,10,12,9,5,4,200,113,87,255,117,138
9329,C4920,6,80,District-Hisar,Rural,80-89,970,455,515,258,128,130,216,100,116,14,7,7,171,79,92,9,7,2,9,5,4,86,38,48,207,91,116
9330,C4920,6,80,District-Hisar,Rural,90+,283,140,143,50,30,20,74,31,43,0,0,0,42,21,21,3,2,1,1,0,1,22,12,10,91,44,47
9331,C4920,6,80,District-Hisar,Rural,Age Not Stated,55,32,23,10,5,5,13,6,7,3,0,3,11,8,3,2,0,2,1,1,0,9,6,3,6,6,0
9332,C4920,6,80,District-Hisar,Urban,Total,12174,6954,5220,1647,876,771,3169,1723,1446,612,356,256,1938,1166,772,653,429,224,337,215,122,3020,1722,1298,798,467,331
9333,C4920,6,80,District-Hisar,Urban,0-4,648,339,309,101,54,47,210,108,102,14,9,5,28,18,10,16,5,11,1,1,0,244,131,113,34,13,21
9334,C4920,6,80,District-Hisar,Urban,5-9,741,415,326,98,54,44,231,125,106,63,40,23,39,25,14,55,34,21,12,5,7,200,110,90,43,22,21
9335,C4920,6,80,District-Hisar,Urban,10-19,2015,1211,804,271,156,115,546,332,214,146,83,63,181,116,65,156,101,55,58,36,22,501,287,214,156,100,56
9336,C4920,6,80,District-Hisar,Urban,20-29,2194,1295,899,239,134,105,582,331,251,110,63,47,374,225,149,146,95,51,78,55,23,560,325,235,105,67,38
9337,C4920,6,80,District-Hisar,Urban,30-39,1816,1058,758,188,93,95,461,253,208,83,45,38,357,225,132,107,73,34,65,42,23,464,265,199,91,62,29
9338,C4920,6,80,District-Hisar,Urban,40-49,1584,944,640,197,110,87,410,219,191,71,46,25,279,179,100,84,58,26,55,35,20,421,255,166,67,42,25
9339,C4920,6,80,District-Hisar,Urban,50-59,1168,688,480,174,91,83,267,144,123,58,31,27,222,147,75,45,31,14,29,18,11,306,178,128,67,48,19
9340,C4920,6,80,District-Hisar,Urban,60-69,1051,553,498,181,89,92,240,107,133,34,21,13,246,135,111,29,22,7,23,16,7,198,103,95,100,60,40
9341,C4920,6,80,District-Hisar,Urban,70-79,572,271,301,120,57,63,122,54,68,20,12,8,131,67,64,10,7,3,10,5,5,80,42,38,79,27,52
9342,C4920,6,80,District-Hisar,Urban,80-89,270,124,146,56,28,28,68,35,33,7,2,5,68,22,46,4,3,1,4,1,3,28,16,12,35,17,18
9343,C4920,6,80,District-Hisar,Urban,90+,86,34,52,17,6,11,28,11,17,4,2,2,9,4,5,0,0,0,2,1,1,6,2,4,20,8,12
9344,C4920,6,80,District-Hisar,Urban,Age Not Stated,29,22,7,5,4,1,4,4,0,2,2,0,4,3,1,1,0,1,0,0,0,12,8,4,1,1,0
9345,C4920,6,81,District-Bhiwani,Total,Total,30855,18596,12259,4502,2505,1997,6185,3233,2952,1565,954,611,6603,4484,2119,2045,1389,656,917,607,310,6371,3769,2602,2667,1655,1012
9346,C4920,6,81,District-Bhiwani,Total,0-4,1343,770,573,203,122,81,398,206,192,37,16,21,113,66,47,44,26,18,15,10,5,446,264,182,87,60,27
9347,C4920,6,81,District-Bhiwani,Total,5-9,2073,1203,870,215,126,89,481,242,239,189,124,65,256,153,103,184,117,67,47,33,14,431,237,194,270,171,99
9348,C4920,6,81,District-Bhiwani,Total,10-19,5214,3171,2043,573,347,226,1022,577,445,400,245,155,758,501,257,561,381,180,195,119,76,1129,631,498,576,370,206
9349,C4920,6,81,District-Bhiwani,Total,20-29,4896,3206,1690,451,274,177,903,491,412,259,172,87,1308,942,366,407,308,99,154,119,35,1072,657,415,342,243,99
9350,C4920,6,81,District-Bhiwani,Total,30-39,4447,2922,1525,407,268,139,788,424,364,226,132,94,1221,917,304,370,258,112,183,131,52,963,586,377,289,206,83
9351,C4920,6,81,District-Bhiwani,Total,40-49,3478,2229,1249,432,266,166,647,350,297,173,107,66,874,642,232,211,145,66,124,84,40,812,493,319,205,142,63
9352,C4920,6,81,District-Bhiwani,Total,50-59,2842,1681,1161,485,252,233,522,259,263,103,59,44,694,478,216,134,82,52,100,65,35,638,379,259,166,107,59
9353,C4920,6,81,District-Bhiwani,Total,60-69,3071,1683,1388,760,380,380,598,284,314,110,61,49,684,415,269,85,46,39,67,35,32,517,312,205,250,150,100
9354,C4920,6,81,District-Bhiwani,Total,70-79,1944,1010,934,567,285,282,444,221,223,43,27,16,376,211,165,33,17,16,24,6,18,228,135,93,229,108,121
9355,C4920,6,81,District-Bhiwani,Total,80-89,1169,557,612,334,157,177,299,141,158,15,7,8,239,122,117,11,6,5,5,4,1,94,52,42,172,68,104
9356,C4920,6,81,District-Bhiwani,Total,90+,309,126,183,70,27,43,66,27,39,7,3,4,71,30,41,4,2,2,1,1,0,12,7,5,78,29,49
9357,C4920,6,81,District-Bhiwani,Total,Age Not Stated,69,38,31,5,1,4,17,11,6,3,1,2,9,7,2,1,1,0,2,0,2,29,16,13,3,1,2
9358,C4920,6,81,District-Bhiwani,Rural,Total,23941,14565,9376,3645,2024,1621,4087,2144,1943,1266,767,499,5447,3723,1724,1668,1130,538,726,492,234,4990,2962,2028,2112,1323,789
9359,C4920,6,81,District-Bhiwani,Rural,0-4,954,548,406,155,92,63,218,111,107,34,14,20,97,58,39,35,21,14,12,8,4,338,201,137,65,43,22
9360,C4920,6,81,District-Bhiwani,Rural,5-9,1591,929,662,166,95,71,289,142,147,164,104,60,210,129,81,155,98,57,42,31,11,339,187,152,226,143,83
9361,C4920,6,81,District-Bhiwani,Rural,10-19,4064,2467,1597,452,274,178,659,370,289,337,202,135,648,422,226,465,319,146,138,86,52,887,494,393,478,300,178
9362,C4920,6,81,District-Bhiwani,Rural,20-29,3720,2509,1211,346,219,127,525,299,226,209,144,65,1091,788,303,320,240,80,119,94,25,837,522,315,273,203,70
9363,C4920,6,81,District-Bhiwani,Rural,30-39,3412,2298,1114,318,216,102,465,257,208,169,101,68,1019,772,247,302,211,91,155,113,42,754,461,293,230,167,63
9364,C4920,6,81,District-Bhiwani,Rural,40-49,2664,1732,932,316,195,121,446,249,197,142,89,53,704,526,178,167,111,56,98,65,33,635,384,251,156,113,43
9365,C4920,6,81,District-Bhiwani,Rural,50-59,2160,1287,873,385,200,185,346,174,172,72,38,34,549,378,171,109,68,41,82,53,29,499,300,199,118,76,42
9366,C4920,6,81,District-Bhiwani,Rural,60-69,2461,1346,1115,650,316,334,457,209,248,87,49,38,549,336,213,74,40,34,52,31,21,408,246,162,184,119,65
9367,C4920,6,81,District-Bhiwani,Rural,70-79,1602,840,762,492,253,239,365,187,178,28,15,13,311,176,135,27,13,14,20,6,14,182,108,74,177,82,95
9368,C4920,6,81,District-Bhiwani,Rural,80-89,987,469,518,294,137,157,247,117,130,15,7,8,204,108,96,10,6,4,5,4,1,74,39,35,138,51,87
9369,C4920,6,81,District-Bhiwani,Rural,90+,270,111,159,66,26,40,59,24,35,6,3,3,60,26,34,3,2,1,1,1,0,9,4,5,66,25,41
9370,C4920,6,81,District-Bhiwani,Rural,Age Not Stated,56,29,27,5,1,4,11,5,6,3,1,2,5,4,1,1,1,0,2,0,2,28,16,12,1,1,0
9371,C4920,6,81,District-Bhiwani,Urban,Total,6914,4031,2883,857,481,376,2098,1089,1009,299,187,112,1156,761,395,377,259,118,191,115,76,1381,807,574,555,332,223
9372,C4920,6,81,District-Bhiwani,Urban,0-4,389,222,167,48,30,18,180,95,85,3,2,1,16,8,8,9,5,4,3,2,1,108,63,45,22,17,5
9373,C4920,6,81,District-Bhiwani,Urban,5-9,482,274,208,49,31,18,192,100,92,25,20,5,46,24,22,29,19,10,5,2,3,92,50,42,44,28,16
9374,C4920,6,81,District-Bhiwani,Urban,10-19,1150,704,446,121,73,48,363,207,156,63,43,20,110,79,31,96,62,34,57,33,24,242,137,105,98,70,28
9375,C4920,6,81,District-Bhiwani,Urban,20-29,1176,697,479,105,55,50,378,192,186,50,28,22,217,154,63,87,68,19,35,25,10,235,135,100,69,40,29
9376,C4920,6,81,District-Bhiwani,Urban,30-39,1035,624,411,89,52,37,323,167,156,57,31,26,202,145,57,68,47,21,28,18,10,209,125,84,59,39,20
9377,C4920,6,81,District-Bhiwani,Urban,40-49,814,497,317,116,71,45,201,101,100,31,18,13,170,116,54,44,34,10,26,19,7,177,109,68,49,29,20
9378,C4920,6,81,District-Bhiwani,Urban,50-59,682,394,288,100,52,48,176,85,91,31,21,10,145,100,45,25,14,11,18,12,6,139,79,60,48,31,17
9379,C4920,6,81,District-Bhiwani,Urban,60-69,610,337,273,110,64,46,141,75,66,23,12,11,135,79,56,11,6,5,15,4,11,109,66,43,66,31,35
9380,C4920,6,81,District-Bhiwani,Urban,70-79,342,170,172,75,32,43,79,34,45,15,12,3,65,35,30,6,4,2,4,0,4,46,27,19,52,26,26
9381,C4920,6,81,District-Bhiwani,Urban,80-89,182,88,94,40,20,20,52,24,28,0,0,0,35,14,21,1,0,1,0,0,0,20,13,7,34,17,17
9382,C4920,6,81,District-Bhiwani,Urban,90+,39,15,24,4,1,3,7,3,4,1,0,1,11,4,7,1,0,1,0,0,0,3,3,0,12,4,8
9383,C4920,6,81,District-Bhiwani,Urban,Age Not Stated,13,9,4,0,0,0,6,6,0,0,0,0,4,3,1,0,0,0,0,0,0,1,0,1,2,0,2
9384,C4920,6,82,District-Rohtak,Total,Total,23533,13492,10041,3931,2001,1930,4340,2342,1998,927,567,360,5169,3144,2025,1329,832,497,790,491,299,4771,2828,1943,2276,1287,989
9385,C4920,6,82,District-Rohtak,Total,0-4,728,395,333,98,51,47,209,113,96,13,5,8,55,33,22,32,15,17,5,3,2,256,142,114,60,33,27
9386,C4920,6,82,District-Rohtak,Total,5-9,1118,691,427,131,71,60,245,144,101,113,78,35,104,71,33,97,63,34,32,24,8,267,152,115,129,88,41
9387,C4920,6,82,District-Rohtak,Total,10-19,3118,1865,1253,353,202,151,571,314,257,216,141,75,422,274,148,377,228,149,127,76,51,724,420,304,328,210,118
9388,C4920,6,82,District-Rohtak,Total,20-29,3319,2057,1262,299,166,133,561,322,239,181,109,72,882,576,306,272,166,106,159,110,49,742,457,285,223,151,72
9389,C4920,6,82,District-Rohtak,Total,30-39,3080,1896,1184,291,164,127,495,286,209,127,70,57,852,567,285,235,159,76,137,79,58,729,426,303,214,145,69
9390,C4920,6,82,District-Rohtak,Total,40-49,2692,1685,1007,406,209,197,434,241,193,85,56,29,650,445,205,132,93,39,123,87,36,688,444,244,174,110,64
9391,C4920,6,82,District-Rohtak,Total,50-59,2527,1493,1034,492,279,213,444,245,199,68,40,28,619,387,232,92,55,37,86,53,33,557,331,226,169,103,66
9392,C4920,6,82,District-Rohtak,Total,60-69,3080,1604,1476,840,400,440,526,278,248,66,38,28,759,400,359,53,34,19,76,37,39,480,275,205,280,142,138
9393,C4920,6,82,District-Rohtak,Total,70-79,2233,1046,1187,614,276,338,457,204,253,41,22,19,533,261,272,26,10,16,24,13,11,218,120,98,320,140,180
9394,C4920,6,82,District-Rohtak,Total,80-89,1235,586,649,336,152,184,286,147,139,14,7,7,217,99,118,8,6,2,16,7,9,90,50,40,268,118,150
9395,C4920,6,82,District-Rohtak,Total,90+,380,160,220,67,28,39,108,46,62,3,1,2,75,31,44,3,1,2,2,1,1,13,6,7,109,46,63
9396,C4920,6,82,District-Rohtak,Total,Age Not Stated,23,14,9,4,3,1,4,2,2,0,0,0,1,0,1,2,2,0,3,1,2,7,5,2,2,1,1
9397,C4920,6,82,District-Rohtak,Rural,Total,14747,8542,6205,2449,1234,1215,2629,1437,1192,553,360,193,3224,2002,1222,763,499,264,414,264,150,3141,1874,1267,1574,872,702
9398,C4920,6,82,District-Rohtak,Rural,0-4,447,237,210,60,32,28,116,60,56,8,4,4,37,22,15,20,9,11,4,2,2,161,85,76,41,23,18
9399,C4920,6,82,District-Rohtak,Rural,5-9,707,437,270,72,37,35,155,91,64,80,53,27,70,48,22,59,39,20,17,14,3,171,97,74,83,58,25
9400,C4920,6,82,District-Rohtak,Rural,10-19,1988,1197,791,213,123,90,349,197,152,130,91,39,280,183,97,246,149,97,64,42,22,486,275,211,220,137,83
9401,C4920,6,82,District-Rohtak,Rural,20-29,1970,1298,672,181,104,77,317,189,128,90,58,32,566,387,179,140,104,36,84,61,23,458,300,158,134,95,39
9402,C4920,6,82,District-Rohtak,Rural,30-39,1859,1166,693,166,100,66,282,157,125,80,49,31,515,351,164,127,88,39,79,41,38,484,291,193,126,89,37
9403,C4920,6,82,District-Rohtak,Rural,40-49,1626,1045,581,210,111,99,258,148,110,49,34,15,416,291,125,65,49,16,59,47,12,463,297,166,106,68,38
9404,C4920,6,82,District-Rohtak,Rural,50-59,1517,897,620,285,152,133,251,138,113,38,26,12,369,235,134,54,31,23,39,24,15,367,227,140,114,64,50
9405,C4920,6,82,District-Rohtak,Rural,60-69,1958,1004,954,515,231,284,328,186,142,39,23,16,465,244,221,28,18,10,44,21,23,326,176,150,213,105,108
9406,C4920,6,82,District-Rohtak,Rural,70-79,1520,709,811,452,208,244,304,134,170,25,15,10,317,154,163,15,6,9,11,7,4,149,81,68,247,104,143
9407,C4920,6,82,District-Rohtak,Rural,80-89,860,418,442,246,111,135,187,102,85,13,7,6,141,65,76,4,3,1,11,4,7,59,34,25,199,92,107
9408,C4920,6,82,District-Rohtak,Rural,90+,279,122,157,46,23,23,79,33,46,1,0,1,48,22,26,3,1,2,1,0,1,11,6,5,90,37,53
9409,C4920,6,82,District-Rohtak,Rural,Age Not Stated,16,12,4,3,2,1,3,2,1,0,0,0,0,0,0,2,2,0,1,1,0,6,5,1,1,0,1
9410,C4920,6,82,District-Rohtak,Urban,Total,8786,4950,3836,1482,767,715,1711,905,806,374,207,167,1945,1142,803,566,333,233,376,227,149,1630,954,676,702,415,287
9411,C4920,6,82,District-Rohtak,Urban,0-4,281,158,123,38,19,19,93,53,40,5,1,4,18,11,7,12,6,6,1,1,0,95,57,38,19,10,9
9412,C4920,6,82,District-Rohtak,Urban,5-9,411,254,157,59,34,25,90,53,37,33,25,8,34,23,11,38,24,14,15,10,5,96,55,41,46,30,16
9413,C4920,6,82,District-Rohtak,Urban,10-19,1130,668,462,140,79,61,222,117,105,86,50,36,142,91,51,131,79,52,63,34,29,238,145,93,108,73,35
9414,C4920,6,82,District-Rohtak,Urban,20-29,1349,759,590,118,62,56,244,133,111,91,51,40,316,189,127,132,62,70,75,49,26,284,157,127,89,56,33
9415,C4920,6,82,District-Rohtak,Urban,30-39,1221,730,491,125,64,61,213,129,84,47,21,26,337,216,121,108,71,37,58,38,20,245,135,110,88,56,32
9416,C4920,6,82,District-Rohtak,Urban,40-49,1066,640,426,196,98,98,176,93,83,36,22,14,234,154,80,67,44,23,64,40,24,225,147,78,68,42,26
9417,C4920,6,82,District-Rohtak,Urban,50-59,1010,596,414,207,127,80,193,107,86,30,14,16,250,152,98,38,24,14,47,29,18,190,104,86,55,39,16
9418,C4920,6,82,District-Rohtak,Urban,60-69,1122,600,522,325,169,156,198,92,106,27,15,12,294,156,138,25,16,9,32,16,16,154,99,55,67,37,30
9419,C4920,6,82,District-Rohtak,Urban,70-79,713,337,376,162,68,94,153,70,83,16,7,9,216,107,109,11,4,7,13,6,7,69,39,30,73,36,37
9420,C4920,6,82,District-Rohtak,Urban,80-89,375,168,207,90,41,49,99,45,54,1,0,1,76,34,42,4,3,1,5,3,2,31,16,15,69,26,43
9421,C4920,6,82,District-Rohtak,Urban,90+,101,38,63,21,5,16,29,13,16,2,1,1,27,9,18,0,0,0,1,1,0,2,0,2,19,9,10
9422,C4920,6,82,District-Rohtak,Urban,Age Not Stated,7,2,5,1,1,0,1,0,1,0,0,0,1,0,1,0,0,0,2,0,2,1,0,1,1,1,0
9423,C4920,6,83,District-Jhajjar,Total,Total,18728,11231,7497,2550,1419,1131,3475,1881,1594,882,535,347,4189,2703,1486,1045,710,335,588,403,185,4434,2609,1825,1565,971,594
9424,C4920,6,83,District-Jhajjar,Total,0-4,705,417,288,101,65,36,174,95,79,18,12,6,43,27,16,25,17,8,14,10,4,288,167,121,42,24,18
9425,C4920,6,83,District-Jhajjar,Total,5-9,1041,625,416,107,67,40,206,112,94,99,56,43,118,77,41,86,55,31,30,18,12,263,155,108,132,85,47
9426,C4920,6,83,District-Jhajjar,Total,10-19,2842,1756,1086,290,177,113,539,314,225,217,137,80,403,275,128,277,173,104,104,69,35,726,415,311,286,196,90
9427,C4920,6,83,District-Jhajjar,Total,20-29,2928,1849,1079,244,150,94,508,285,223,178,102,76,741,508,233,223,165,58,97,75,22,730,428,302,207,136,71
9428,C4920,6,83,District-Jhajjar,Total,30-39,2712,1753,959,236,153,83,426,244,182,110,75,35,789,537,252,203,143,60,105,70,35,685,422,263,158,109,49
9429,C4920,6,83,District-Jhajjar,Total,40-49,2206,1424,782,264,153,111,364,210,154,81,41,40,547,399,148,95,70,25,94,72,22,628,383,245,133,96,37
9430,C4920,6,83,District-Jhajjar,Total,50-59,1932,1167,765,279,154,125,325,180,145,76,53,23,493,315,178,58,39,19,79,53,26,496,293,203,126,80,46
9431,C4920,6,83,District-Jhajjar,Total,60-69,2101,1153,948,467,233,234,404,204,200,56,34,22,550,312,238,48,32,16,46,28,18,366,214,152,164,96,68
9432,C4920,6,83,District-Jhajjar,Total,70-79,1297,633,664,337,161,176,295,133,162,32,18,14,297,157,140,19,9,10,16,7,9,171,84,87,130,64,66
9433,C4920,6,83,District-Jhajjar,Total,80-89,702,336,366,177,86,91,169,79,90,11,4,7,159,75,84,4,2,2,3,1,2,63,37,26,116,52,64
9434,C4920,6,83,District-Jhajjar,Total,90+,232,98,134,46,19,27,56,21,35,2,1,1,45,19,26,5,3,2,0,0,0,12,6,6,66,29,37
9435,C4920,6,83,District-Jhajjar,Total,Age Not Stated,30,20,10,2,1,1,9,4,5,2,2,0,4,2,2,2,2,0,0,0,0,6,5,1,5,4,1
9436,C4920,6,83,District-Jhajjar,Rural,Total,14033,8475,5558,1908,1069,839,2663,1438,1225,650,411,239,3205,2103,1102,793,542,251,415,292,123,3174,1850,1324,1225,770,455
9437,C4920,6,83,District-Jhajjar,Rural,0-4,487,289,198,70,47,23,139,78,61,11,10,1,29,18,11,15,9,6,11,7,4,189,108,81,23,12,11
9438,C4920,6,83,District-Jhajjar,Rural,5-9,791,475,316,83,49,34,160,95,65,74,41,33,88,56,32,59,43,16,25,16,9,196,108,88,106,67,39
9439,C4920,6,83,District-Jhajjar,Rural,10-19,2123,1310,813,197,125,72,423,240,183,156,103,53,317,217,100,216,131,85,72,47,25,512,287,225,230,160,70
9440,C4920,6,83,District-Jhajjar,Rural,20-29,2213,1429,784,174,104,70,374,215,159,138,85,53,594,416,178,169,126,43,69,54,15,534,320,214,161,109,52
9441,C4920,6,83,District-Jhajjar,Rural,30-39,2065,1354,711,186,121,65,309,175,134,83,55,28,630,433,197,152,108,44,75,53,22,505,318,187,125,91,34
9442,C4920,6,83,District-Jhajjar,Rural,40-49,1633,1071,562,188,114,74,266,153,113,55,28,27,429,317,112,80,62,18,72,59,13,445,267,178,98,71,27
9443,C4920,6,83,District-Jhajjar,Rural,50-59,1396,834,562,201,108,93,249,139,110,55,43,12,354,223,131,42,27,15,44,30,14,349,200,149,102,64,38
9444,C4920,6,83,District-Jhajjar,Rural,60-69,1543,848,695,339,178,161,319,157,162,43,27,16,390,228,162,37,23,14,34,20,14,261,144,117,120,71,49
9445,C4920,6,83,District-Jhajjar,Rural,70-79,990,495,495,279,136,143,232,102,130,21,12,9,207,117,90,16,8,8,11,5,6,120,61,59,104,54,50
9446,C4920,6,83,District-Jhajjar,Rural,80-89,578,277,301,151,71,80,137,64,73,10,4,6,131,64,67,3,2,1,2,1,1,51,30,21,93,41,52
9447,C4920,6,83,District-Jhajjar,Rural,90+,191,80,111,39,16,23,47,17,30,2,1,1,32,12,20,3,2,1,0,0,0,9,5,4,59,27,32
9448,C4920,6,83,District-Jhajjar,Rural,Age Not Stated,23,13,10,1,0,1,8,3,5,2,2,0,4,2,2,1,1,0,0,0,0,3,2,1,4,3,1
9449,C4920,6,83,District-Jhajjar,Urban,Total,4695,2756,1939,642,350,292,812,443,369,232,124,108,984,600,384,252,168,84,173,111,62,1260,759,501,340,201,139
9450,C4920,6,83,District-Jhajjar,Urban,0-4,218,128,90,31,18,13,35,17,18,7,2,5,14,9,5,10,8,2,3,3,0,99,59,40,19,12,7
9451,C4920,6,83,District-Jhajjar,Urban,5-9,250,150,100,24,18,6,46,17,29,25,15,10,30,21,9,27,12,15,5,2,3,67,47,20,26,18,8
9452,C4920,6,83,District-Jhajjar,Urban,10-19,719,446,273,93,52,41,116,74,42,61,34,27,86,58,28,61,42,19,32,22,10,214,128,86,56,36,20
9453,C4920,6,83,District-Jhajjar,Urban,20-29,715,420,295,70,46,24,134,70,64,40,17,23,147,92,55,54,39,15,28,21,7,196,108,88,46,27,19
9454,C4920,6,83,District-Jhajjar,Urban,30-39,647,399,248,50,32,18,117,69,48,27,20,7,159,104,55,51,35,16,30,17,13,180,104,76,33,18,15
9455,C4920,6,83,District-Jhajjar,Urban,40-49,573,353,220,76,39,37,98,57,41,26,13,13,118,82,36,15,8,7,22,13,9,183,116,67,35,25,10
9456,C4920,6,83,District-Jhajjar,Urban,50-59,536,333,203,78,46,32,76,41,35,21,10,11,139,92,47,16,12,4,35,23,12,147,93,54,24,16,8
9457,C4920,6,83,District-Jhajjar,Urban,60-69,558,305,253,128,55,73,85,47,38,13,7,6,160,84,76,11,9,2,12,8,4,105,70,35,44,25,19
9458,C4920,6,83,District-Jhajjar,Urban,70-79,307,138,169,58,25,33,63,31,32,11,6,5,90,40,50,3,1,2,5,2,3,51,23,28,26,10,16
9459,C4920,6,83,District-Jhajjar,Urban,80-89,124,59,65,26,15,11,32,15,17,1,0,1,28,11,17,1,0,1,1,0,1,12,7,5,23,11,12
9460,C4920,6,83,District-Jhajjar,Urban,90+,41,18,23,7,3,4,9,4,5,0,0,0,13,7,6,2,1,1,0,0,0,3,1,2,7,2,5
9461,C4920,6,83,District-Jhajjar,Urban,Age Not Stated,7,7,0,1,1,0,1,1,0,0,0,0,0,0,0,1,1,0,0,0,0,3,3,0,1,1,0
9462,C4920,6,84,District-Mahendragarh,Total,Total,22297,12967,9330,4356,2277,2079,3260,1675,1585,911,568,343,5865,3645,2220,1330,895,435,591,394,197,3469,2023,1446,2515,1490,1025
9463,C4920,6,84,District-Mahendragarh,Total,0-4,579,327,252,83,39,44,106,51,55,13,8,5,69,54,15,25,18,7,6,5,1,207,102,105,70,50,20
9464,C4920,6,84,District-Mahendragarh,Total,5-9,1052,625,427,162,91,71,142,71,71,101,61,40,142,91,51,129,83,46,25,18,7,199,105,94,152,105,47
9465,C4920,6,84,District-Mahendragarh,Total,10-19,2920,1817,1103,388,208,180,380,218,162,242,159,83,517,339,178,386,245,141,85,49,36,530,321,209,392,278,114
9466,C4920,6,84,District-Mahendragarh,Total,20-29,2866,1941,925,315,205,110,332,204,128,145,97,48,923,645,278,259,199,60,100,80,20,543,322,221,249,189,60
9467,C4920,6,84,District-Mahendragarh,Total,30-39,2694,1687,1007,314,177,137,330,169,161,122,68,54,927,637,290,207,140,67,124,91,33,498,298,200,172,107,65
9468,C4920,6,84,District-Mahendragarh,Total,40-49,2501,1602,899,423,249,174,299,163,136,96,66,30,710,477,233,169,125,44,104,71,33,519,331,188,181,120,61
9469,C4920,6,84,District-Mahendragarh,Total,50-59,2166,1305,861,497,279,218,300,166,134,72,38,34,619,396,223,69,42,27,62,37,25,375,239,136,172,108,64
9470,C4920,6,84,District-Mahendragarh,Total,60-69,2944,1537,1407,887,419,468,476,240,236,62,37,25,824,468,356,49,26,23,52,29,23,321,164,157,273,154,119
9471,C4920,6,84,District-Mahendragarh,Total,70-79,2533,1237,1296,769,377,392,475,213,262,38,26,12,653,324,329,23,11,12,23,8,15,181,97,84,371,181,190
9472,C4920,6,84,District-Mahendragarh,Total,80-89,1445,658,787,389,183,206,329,142,187,12,5,7,338,152,186,11,4,7,9,5,4,57,25,32,300,142,158
9473,C4920,6,84,District-Mahendragarh,Total,90+,566,212,354,124,49,75,87,34,53,7,2,5,135,55,80,3,2,1,1,1,0,28,13,15,181,56,125
9474,C4920,6,84,District-Mahendragarh,Total,Age Not Stated,31,19,12,5,1,4,4,4,0,1,1,0,8,7,1,0,0,0,0,0,0,11,6,5,2,0,2
9475,C4920,6,84,District-Mahendragarh,Rural,Total,19136,11200,7936,3904,2037,1867,2758,1404,1354,770,495,275,4979,3131,1848,1145,783,362,486,324,162,2891,1698,1193,2203,1328,875
9476,C4920,6,84,District-Mahendragarh,Rural,0-4,472,276,196,73,36,37,76,40,36,9,5,4,65,52,13,22,17,5,6,5,1,159,78,81,62,43,19
9477,C4920,6,84,District-Mahendragarh,Rural,5-9,895,530,365,135,72,63,118,58,60,81,51,30,127,82,45,110,71,39,16,12,4,171,89,82,137,95,42
9478,C4920,6,84,District-Mahendragarh,Rural,10-19,2467,1541,926,333,179,154,312,172,140,206,141,65,439,291,148,332,212,120,70,39,31,428,259,169,347,248,99
9479,C4920,6,84,District-Mahendragarh,Rural,20-29,2399,1655,744,269,176,93,257,160,97,127,88,39,776,550,226,221,178,43,84,69,15,450,269,181,215,165,50
9480,C4920,6,84,District-Mahendragarh,Rural,30-39,2293,1441,852,271,153,118,274,137,137,103,61,42,802,547,255,178,123,55,96,73,23,413,248,165,156,99,57
9481,C4920,6,84,District-Mahendragarh,Rural,40-49,2152,1393,759,380,225,155,261,145,116,78,51,27,600,408,192,149,111,38,87,60,27,438,283,155,159,110,49
9482,C4920,6,84,District-Mahendragarh,Rural,50-59,1854,1116,738,452,252,200,238,131,107,66,36,30,513,326,187,60,35,25,50,30,20,329,213,116,146,93,53
9483,C4920,6,84,District-Mahendragarh,Rural,60-69,2557,1335,1222,811,378,433,408,202,206,50,32,18,691,402,289,43,22,21,47,25,22,274,140,134,233,134,99
9484,C4920,6,84,District-Mahendragarh,Rural,70-79,2214,1099,1115,707,350,357,428,191,237,33,23,10,545,283,262,18,9,9,20,5,15,148,80,68,315,158,157
9485,C4920,6,84,District-Mahendragarh,Rural,80-89,1296,600,696,359,170,189,297,131,166,12,5,7,297,135,162,9,3,6,9,5,4,49,21,28,264,130,134
9486,C4920,6,84,District-Mahendragarh,Rural,90+,510,197,313,109,45,64,85,33,52,5,2,3,116,48,68,3,2,1,1,1,0,24,13,11,167,53,114
9487,C4920,6,84,District-Mahendragarh,Rural,Age Not Stated,27,17,10,5,1,4,4,4,0,0,0,0,8,7,1,0,0,0,0,0,0,8,5,3,2,0,2
9488,C4920,6,84,District-Mahendragarh,Urban,Total,3161,1767,1394,452,240,212,502,271,231,141,73,68,886,514,372,185,112,73,105,70,35,578,325,253,312,162,150
9489,C4920,6,84,District-Mahendragarh,Urban,0-4,107,51,56,10,3,7,30,11,19,4,3,1,4,2,2,3,1,2,0,0,0,48,24,24,8,7,1
9490,C4920,6,84,District-Mahendragarh,Urban,5-9,157,95,62,27,19,8,24,13,11,20,10,10,15,9,6,19,12,7,9,6,3,28,16,12,15,10,5
9491,C4920,6,84,District-Mahendragarh,Urban,10-19,453,276,177,55,29,26,68,46,22,36,18,18,78,48,30,54,33,21,15,10,5,102,62,40,45,30,15
9492,C4920,6,84,District-Mahendragarh,Urban,20-29,467,286,181,46,29,17,75,44,31,18,9,9,147,95,52,38,21,17,16,11,5,93,53,40,34,24,10
9493,C4920,6,84,District-Mahendragarh,Urban,30-39,401,246,155,43,24,19,56,32,24,19,7,12,125,90,35,29,17,12,28,18,10,85,50,35,16,8,8
9494,C4920,6,84,District-Mahendragarh,Urban,40-49,349,209,140,43,24,19,38,18,20,18,15,3,110,69,41,20,14,6,17,11,6,81,48,33,22,10,12
9495,C4920,6,84,District-Mahendragarh,Urban,50-59,312,189,123,45,27,18,62,35,27,6,2,4,106,70,36,9,7,2,12,7,5,46,26,20,26,15,11
9496,C4920,6,84,District-Mahendragarh,Urban,60-69,387,202,185,76,41,35,68,38,30,12,5,7,133,66,67,6,4,2,5,4,1,47,24,23,40,20,20
9497,C4920,6,84,District-Mahendragarh,Urban,70-79,319,138,181,62,27,35,47,22,25,5,3,2,108,41,67,5,2,3,3,3,0,33,17,16,56,23,33
9498,C4920,6,84,District-Mahendragarh,Urban,80-89,149,58,91,30,13,17,32,11,21,0,0,0,41,17,24,2,1,1,0,0,0,8,4,4,36,12,24
9499,C4920,6,84,District-Mahendragarh,Urban,90+,56,15,41,15,4,11,2,1,1,2,0,2,19,7,12,0,0,0,0,0,0,4,0,4,14,3,11
9500,C4920,6,84,District-Mahendragarh,Urban,Age Not Stated,4,2,2,0,0,0,0,0,0,1,1,0,0,0,0,0,0,0,0,0,0,3,1,2,0,0,0
9501,C4920,6,85,District-Rewari,Total,Total,16370,9731,6639,2595,1354,1241,2691,1402,1289,753,472,281,4637,2983,1654,1084,722,362,561,369,192,2349,1387,962,1700,1042,658
9502,C4920,6,85,District-Rewari,Total,0-4,462,281,181,69,43,26,108,63,45,13,10,3,70,45,25,22,13,9,7,4,3,131,77,54,42,26,16
9503,C4920,6,85,District-Rewari,Total,5-9,886,540,346,87,57,30,149,80,69,88,58,30,147,91,56,92,53,39,16,6,10,151,77,74,156,118,38
9504,C4920,6,85,District-Rewari,Total,10-19,2266,1438,828,240,130,110,294,172,122,178,125,53,463,316,147,327,213,114,85,53,32,340,185,155,339,244,95
9505,C4920,6,85,District-Rewari,Total,20-29,2209,1429,780,162,106,56,308,166,142,138,82,56,762,507,255,217,166,51,94,60,34,349,212,137,179,130,49
9506,C4920,6,85,District-Rewari,Total,30-39,2245,1461,784,184,104,80,293,173,120,117,69,48,865,595,270,185,134,51,111,73,38,357,224,133,133,89,44
9507,C4920,6,85,District-Rewari,Total,40-49,1885,1240,645,273,156,117,257,144,113,86,51,35,595,424,171,113,71,42,119,91,28,319,220,99,123,83,40
9508,C4920,6,85,District-Rewari,Total,50-59,1619,996,623,346,193,153,263,132,131,42,31,11,479,330,149,59,35,24,59,42,17,270,167,103,101,66,35
9509,C4920,6,85,District-Rewari,Total,60-69,2020,1107,913,487,254,233,362,175,187,58,33,25,593,361,232,38,21,17,45,22,23,247,139,108,190,102,88
9510,C4920,6,85,District-Rewari,Total,70-79,1483,680,803,434,180,254,344,160,184,25,11,14,353,177,176,20,10,10,18,16,2,118,56,62,171,70,101
9511,C4920,6,85,District-Rewari,Total,80-89,972,428,544,256,106,150,233,113,120,7,2,5,233,98,135,7,4,3,5,2,3,51,24,27,180,79,101
9512,C4920,6,85,District-Rewari,Total,90+,315,126,189,54,24,30,79,23,56,1,0,1,75,38,37,3,1,2,2,0,2,15,5,10,86,35,51
9513,C4920,6,85,District-Rewari,Total,Age Not Stated,8,5,3,3,1,2,1,1,0,0,0,0,2,1,1,1,1,0,0,0,0,1,1,0,0,0,0
9514,C4920,6,85,District-Rewari,Rural,Total,12779,7598,5181,2096,1068,1028,1966,1016,950,587,377,210,3742,2425,1317,844,563,281,432,281,151,1745,1033,712,1367,835,532
9515,C4920,6,85,District-Rewari,Rural,0-4,320,185,135,47,26,21,68,33,35,10,9,1,49,30,19,19,11,8,4,2,2,89,51,38,34,23,11
9516,C4920,6,85,District-Rewari,Rural,5-9,651,403,248,64,42,22,86,52,34,71,49,22,124,77,47,65,35,30,15,6,9,104,49,55,122,93,29
9517,C4920,6,85,District-Rewari,Rural,10-19,1668,1058,610,179,93,86,183,107,76,140,97,43,358,242,116,251,165,86,56,36,20,247,137,110,254,181,73
9518,C4920,6,85,District-Rewari,Rural,20-29,1635,1073,562,108,69,39,184,102,82,97,58,39,629,423,206,169,130,39,72,45,27,245,150,95,131,96,35
9519,C4920,6,85,District-Rewari,Rural,30-39,1760,1164,596,152,87,65,202,117,85,95,59,36,722,508,214,146,107,39,88,56,32,256,163,93,99,67,32
9520,C4920,6,85,District-Rewari,Rural,40-49,1431,952,479,199,116,83,177,99,78,66,41,25,467,333,134,88,55,33,100,75,25,232,162,70,102,71,31
9521,C4920,6,85,District-Rewari,Rural,50-59,1269,783,486,261,145,116,190,94,96,35,25,10,392,272,120,49,29,20,47,32,15,213,133,80,82,53,29
9522,C4920,6,85,District-Rewari,Rural,60-69,1643,901,742,406,207,199,307,147,160,48,29,19,455,281,174,30,17,13,33,17,16,205,117,88,159,86,73
9523,C4920,6,85,District-Rewari,Rural,70-79,1255,579,676,391,161,230,291,138,153,20,8,12,281,144,137,17,9,8,11,10,1,102,49,53,142,60,82
9524,C4920,6,85,District-Rewari,Rural,80-89,861,385,476,237,100,137,210,105,105,4,2,2,200,82,118,6,3,3,5,2,3,39,19,20,160,72,88
9525,C4920,6,85,District-Rewari,Rural,90+,278,110,168,49,21,28,67,21,46,1,0,1,63,32,31,3,1,2,1,0,1,12,2,10,82,33,49
9526,C4920,6,85,District-Rewari,Rural,Age Not Stated,8,5,3,3,1,2,1,1,0,0,0,0,2,1,1,1,1,0,0,0,0,1,1,0,0,0,0
9527,C4920,6,85,District-Rewari,Urban,Total,3591,2133,1458,499,286,213,725,386,339,166,95,71,895,558,337,240,159,81,129,88,41,604,354,250,333,207,126
9528,C4920,6,85,District-Rewari,Urban,0-4,142,96,46,22,17,5,40,30,10,3,1,2,21,15,6,3,2,1,3,2,1,42,26,16,8,3,5
9529,C4920,6,85,District-Rewari,Urban,5-9,235,137,98,23,15,8,63,28,35,17,9,8,23,14,9,27,18,9,1,0,1,47,28,19,34,25,9
9530,C4920,6,85,District-Rewari,Urban,10-19,598,380,218,61,37,24,111,65,46,38,28,10,105,74,31,76,48,28,29,17,12,93,48,45,85,63,22
9531,C4920,6,85,District-Rewari,Urban,20-29,574,356,218,54,37,17,124,64,60,41,24,17,133,84,49,48,36,12,22,15,7,104,62,42,48,34,14
9532,C4920,6,85,District-Rewari,Urban,30-39,485,297,188,32,17,15,91,56,35,22,10,12,143,87,56,39,27,12,23,17,6,101,61,40,34,22,12
9533,C4920,6,85,District-Rewari,Urban,40-49,454,288,166,74,40,34,80,45,35,20,10,10,128,91,37,25,16,9,19,16,3,87,58,29,21,12,9
9534,C4920,6,85,District-Rewari,Urban,50-59,350,213,137,85,48,37,73,38,35,7,6,1,87,58,29,10,6,4,12,10,2,57,34,23,19,13,6
9535,C4920,6,85,District-Rewari,Urban,60-69,377,206,171,81,47,34,55,28,27,10,4,6,138,80,58,8,4,4,12,5,7,42,22,20,31,16,15
9536,C4920,6,85,District-Rewari,Urban,70-79,228,101,127,43,19,24,53,22,31,5,3,2,72,33,39,3,1,2,7,6,1,16,7,9,29,10,19
9537,C4920,6,85,District-Rewari,Urban,80-89,111,43,68,19,6,13,23,8,15,3,0,3,33,16,17,1,1,0,0,0,0,12,5,7,20,7,13
9538,C4920,6,85,District-Rewari,Urban,90+,37,16,21,5,3,2,12,2,10,0,0,0,12,6,6,0,0,0,1,0,1,3,3,0,4,2,2
9539,C4920,6,85,District-Rewari,Urban,Age Not Stated,0,0,0,0,0,0,0,0,0,0,0,0,0,0,0,0,0,0,0,0,0,0,0,0,0,0,0
9540,C4920,6,86,District-Gurgaon,Total,Total,22576,13020,9556,3432,1822,1610,5350,2859,2491,883,526,357,4259,2677,1582,1193,752,441,573,383,190,5108,2954,2154,1778,1047,731
9541,C4920,6,86,District-Gurgaon,Total,0-4,1052,608,444,107,60,47,355,212,143,16,9,7,76,45,31,50,24,26,10,6,4,363,205,158,75,47,28
9542,C4920,6,86,District-Gurgaon,Total,5-9,1425,827,598,209,116,93,368,196,172,86,53,33,115,74,41,112,68,44,27,20,7,363,202,161,145,98,47
9543,C4920,6,86,District-Gurgaon,Total,10-19,3305,2008,1297,395,232,163,798,460,338,201,116,85,411,273,138,317,216,101,124,80,44,744,424,320,315,207,108
9544,C4920,6,86,District-Gurgaon,Total,20-29,3783,2279,1504,329,200,129,900,474,426,168,104,64,780,518,262,270,172,98,96,67,29,992,572,420,248,172,76
9545,C4920,6,86,District-Gurgaon,Total,30-39,3503,2110,1393,349,196,153,843,459,384,159,98,61,759,496,263,193,125,68,112,88,24,885,529,356,203,119,84
9546,C4920,6,86,District-Gurgaon,Total,40-49,2773,1675,1098,453,254,199,562,296,266,107,65,42,574,401,173,124,73,51,83,54,29,728,437,291,142,95,47
9547,C4920,6,86,District-Gurgaon,Total,50-59,1961,1124,837,417,209,208,402,211,191,55,35,20,435,282,153,57,34,23,55,34,21,431,256,175,109,63,46
9548,C4920,6,86,District-Gurgaon,Total,60-69,2122,1119,1003,527,256,271,468,240,228,48,26,22,503,288,215,48,28,20,41,19,22,353,193,160,134,69,65
9549,C4920,6,86,District-Gurgaon,Total,70-79,1516,766,750,392,185,207,349,178,171,28,16,12,359,189,170,18,10,8,14,10,4,182,102,80,174,76,98
9550,C4920,6,86,District-Gurgaon,Total,80-89,860,401,459,202,98,104,233,105,128,9,2,7,196,92,104,4,2,2,9,5,4,51,23,28,156,74,82
9551,C4920,6,86,District-Gurgaon,Total,90+,264,94,170,51,15,36,67,24,43,5,2,3,49,17,32,0,0,0,1,0,1,14,9,5,77,27,50
9552,C4920,6,86,District-Gurgaon,Total,Age Not Stated,12,9,3,1,1,0,5,4,1,1,0,1,2,2,0,0,0,0,1,0,1,2,2,0,0,0,0
9553,C4920,6,86,District-Gurgaon,Rural,Total,7702,4527,3175,1140,588,552,1388,754,634,313,181,132,1868,1209,659,467,297,170,225,155,70,1546,882,664,755,461,294
9554,C4920,6,86,District-Gurgaon,Rural,0-4,300,170,130,36,17,19,82,53,29,8,4,4,28,15,13,19,7,12,2,2,0,93,51,42,32,21,11
9555,C4920,6,86,District-Gurgaon,Rural,5-9,431,244,187,59,32,27,84,47,37,26,15,11,50,30,20,51,26,25,9,5,4,90,48,42,62,41,21
9556,C4920,6,86,District-Gurgaon,Rural,10-19,1166,731,435,122,75,47,213,127,86,79,44,35,185,125,60,145,103,42,46,31,15,250,138,112,126,88,38
9557,C4920,6,86,District-Gurgaon,Rural,20-29,1287,815,472,93,57,36,209,118,91,65,40,25,370,255,115,99,66,33,43,29,14,303,169,134,105,81,24
9558,C4920,6,86,District-Gurgaon,Rural,30-39,1066,689,377,94,62,32,153,88,65,48,27,21,363,240,123,62,40,22,45,35,10,237,155,82,64,42,22
9559,C4920,6,86,District-Gurgaon,Rural,40-49,869,548,321,85,49,36,125,69,56,40,23,17,266,187,79,49,30,19,32,23,9,220,132,88,52,35,17
9560,C4920,6,86,District-Gurgaon,Rural,50-59,670,399,271,120,55,65,109,56,53,17,12,5,185,130,55,15,8,7,24,18,6,153,89,64,47,31,16
9561,C4920,6,86,District-Gurgaon,Rural,60-69,786,397,389,218,96,122,152,77,75,16,9,7,186,106,80,21,13,8,17,8,9,125,63,62,51,25,26
9562,C4920,6,86,District-Gurgaon,Rural,70-79,595,283,312,178,84,94,129,59,70,9,5,4,122,60,62,5,4,1,3,2,1,60,30,30,89,39,50
9563,C4920,6,86,District-Gurgaon,Rural,80-89,397,197,200,110,53,57,100,45,55,3,1,2,87,50,37,1,0,1,3,2,1,12,5,7,81,41,40
9564,C4920,6,86,District-Gurgaon,Rural,90+,133,52,81,25,8,17,31,14,17,2,1,1,25,10,15,0,0,0,1,0,1,3,2,1,46,17,29
9565,C4920,6,86,District-Gurgaon,Rural,Age Not Stated,2,2,0,0,0,0,1,1,0,0,0,0,1,1,0,0,0,0,0,0,0,0,0,0,0,0,0
9566,C4920,6,86,District-Gurgaon,Urban,Total,14874,8493,6381,2292,1234,1058,3962,2105,1857,570,345,225,2391,1468,923,726,455,271,348,228,120,3562,2072,1490,1023,586,437
9567,C4920,6,86,District-Gurgaon,Urban,0-4,752,438,314,71,43,28,273,159,114,8,5,3,48,30,18,31,17,14,8,4,4,270,154,116,43,26,17
9568,C4920,6,86,District-Gurgaon,Urban,5-9,994,583,411,150,84,66,284,149,135,60,38,22,65,44,21,61,42,19,18,15,3,273,154,119,83,57,26
9569,C4920,6,86,District-Gurgaon,Urban,10-19,2139,1277,862,273,157,116,585,333,252,122,72,50,226,148,78,172,113,59,78,49,29,494,286,208,189,119,70
9570,C4920,6,86,District-Gurgaon,Urban,20-29,2496,1464,1032,236,143,93,691,356,335,103,64,39,410,263,147,171,106,65,53,38,15,689,403,286,143,91,52
9571,C4920,6,86,District-Gurgaon,Urban,30-39,2437,1421,1016,255,134,121,690,371,319,111,71,40,396,256,140,131,85,46,67,53,14,648,374,274,139,77,62
9572,C4920,6,86,District-Gurgaon,Urban,40-49,1904,1127,777,368,205,163,437,227,210,67,42,25,308,214,94,75,43,32,51,31,20,508,305,203,90,60,30
9573,C4920,6,86,District-Gurgaon,Urban,50-59,1291,725,566,297,154,143,293,155,138,38,23,15,250,152,98,42,26,16,31,16,15,278,167,111,62,32,30
9574,C4920,6,86,District-Gurgaon,Urban,60-69,1336,722,614,309,160,149,316,163,153,32,17,15,317,182,135,27,15,12,24,11,13,228,130,98,83,44,39
9575,C4920,6,86,District-Gurgaon,Urban,70-79,921,483,438,214,101,113,220,119,101,19,11,8,237,129,108,13,6,7,11,8,3,122,72,50,85,37,48
9576,C4920,6,86,District-Gurgaon,Urban,80-89,463,204,259,92,45,47,133,60,73,6,1,5,109,42,67,3,2,1,6,3,3,39,18,21,75,33,42
9577,C4920,6,86,District-Gurgaon,Urban,90+,131,42,89,26,7,19,36,10,26,3,1,2,24,7,17,0,0,0,0,0,0,11,7,4,31,10,21
9578,C4920,6,86,District-Gurgaon,Urban,Age Not Stated,10,7,3,1,1,0,4,3,1,1,0,1,1,1,0,0,0,0,1,0,1,2,2,0,0,0,0
9579,C4920,6,87,District-Mewat ,Total,Total,18636,10751,7885,3286,1726,1560,3858,2008,1850,931,585,346,4231,2716,1515,904,575,329,409,259,150,3294,1896,1398,1723,986,737
9580,C4920,6,87,District-Mewat ,Total,0-4,1411,768,643,183,76,107,428,223,205,38,29,9,203,127,76,60,33,27,15,11,4,390,213,177,94,56,38
9581,C4920,6,87,District-Mewat ,Total,5-9,2047,1195,852,258,151,107,509,273,236,207,128,79,289,170,119,136,86,50,39,22,17,422,253,169,187,112,75
9582,C4920,6,87,District-Mewat ,Total,10-19,4043,2407,1636,412,233,179,832,438,394,321,216,105,980,618,362,300,186,114,107,66,41,764,435,329,327,215,112
9583,C4920,6,87,District-Mewat ,Total,20-29,2415,1553,862,206,129,77,405,227,178,133,85,48,828,577,251,158,111,47,61,37,24,454,273,181,170,114,56
9584,C4920,6,87,District-Mewat ,Total,30-39,1829,1105,724,184,114,70,354,174,180,73,45,28,577,392,185,105,67,38,69,45,24,372,210,162,95,58,37
9585,C4920,6,87,District-Mewat ,Total,40-49,1536,942,594,240,137,103,313,171,142,66,28,38,391,268,123,69,46,23,47,35,12,314,197,117,96,60,36
9586,C4920,6,87,District-Mewat ,Total,50-59,1232,675,557,326,151,175,238,121,117,31,16,15,258,177,81,35,18,17,34,19,15,212,125,87,98,48,50
9587,C4920,6,87,District-Mewat ,Total,60-69,1920,993,927,701,351,350,362,161,201,30,20,10,344,203,141,31,21,10,23,15,8,221,111,110,208,111,97
9588,C4920,6,87,District-Mewat ,Total,70-79,1304,684,620,488,246,242,265,145,120,25,15,10,229,125,104,7,5,2,10,7,3,92,49,43,188,92,96
9589,C4920,6,87,District-Mewat ,Total,80-89,668,330,338,224,115,109,117,59,58,5,1,4,105,46,59,3,2,1,2,2,0,35,18,17,177,87,90
9590,C4920,6,87,District-Mewat ,Total,90+,213,87,126,61,21,40,29,12,17,2,2,0,27,13,14,0,0,0,1,0,1,10,6,4,83,33,50
9591,C4920,6,87,District-Mewat ,Total,Age Not Stated,18,12,6,3,2,1,6,4,2,0,0,0,0,0,0,0,0,0,1,0,1,8,6,2,0,0,0
9592,C4920,6,87,District-Mewat ,Rural,Total,16638,9579,7059,3009,1586,1423,3543,1839,1704,838,524,314,3691,2394,1297,782,492,290,344,220,124,2918,1678,1240,1513,846,667
9593,C4920,6,87,District-Mewat ,Rural,0-4,1315,713,602,179,74,105,412,214,198,34,26,8,188,119,69,55,31,24,13,10,3,353,190,163,81,49,32
9594,C4920,6,87,District-Mewat ,Rural,5-9,1892,1097,795,238,139,99,487,261,226,192,119,73,268,155,113,122,75,47,35,19,16,381,227,154,169,102,67
9595,C4920,6,87,District-Mewat ,Rural,10-19,3693,2184,1509,383,214,169,783,406,377,298,196,102,899,569,330,269,165,104,94,60,34,681,387,294,286,187,99
9596,C4920,6,87,District-Mewat ,Rural,20-29,2111,1367,744,186,115,71,362,201,161,119,77,42,709,506,203,133,93,40,53,33,20,406,248,158,143,94,49
9597,C4920,6,87,District-Mewat ,Rural,30-39,1554,923,631,158,95,63,319,154,165,63,38,25,479,321,158,82,54,28,57,36,21,321,183,138,75,42,33
9598,C4920,6,87,District-Mewat ,Rural,40-49,1347,834,513,214,123,91,290,162,128,55,26,29,336,234,102,60,39,21,38,30,8,277,174,103,77,46,31
9599,C4920,6,87,District-Mewat ,Rural,50-59,1083,593,490,302,143,159,206,104,102,25,12,13,224,159,65,26,11,15,25,14,11,189,112,77,86,38,48
9600,C4920,6,87,District-Mewat ,Rural,60-69,1696,874,822,639,321,318,328,147,181,28,18,10,288,172,116,26,18,8,19,12,7,182,91,91,186,95,91
9601,C4920,6,87,District-Mewat ,Rural,70-79,1154,606,548,450,233,217,230,124,106,18,9,9,190,108,82,7,5,2,6,4,2,80,40,40,173,83,90
9602,C4920,6,87,District-Mewat ,Rural,80-89,582,291,291,202,106,96,95,50,45,4,1,3,86,38,48,2,1,1,2,2,0,30,14,16,161,79,82
9603,C4920,6,87,District-Mewat ,Rural,90+,193,85,108,55,21,34,25,12,13,2,2,0,24,13,11,0,0,0,1,0,1,10,6,4,76,31,45
9604,C4920,6,87,District-Mewat ,Rural,Age Not Stated,18,12,6,3,2,1,6,4,2,0,0,0,0,0,0,0,0,0,1,0,1,8,6,2,0,0,0
9605,C4920,6,87,District-Mewat ,Urban,Total,1998,1172,826,277,140,137,315,169,146,93,61,32,540,322,218,122,83,39,65,39,26,376,218,158,210,140,70
9606,C4920,6,87,District-Mewat ,Urban,0-4,96,55,41,4,2,2,16,9,7,4,3,1,15,8,7,5,2,3,2,1,1,37,23,14,13,7,6
9607,C4920,6,87,District-Mewat ,Urban,5-9,155,98,57,20,12,8,22,12,10,15,9,6,21,15,6,14,11,3,4,3,1,41,26,15,18,10,8
9608,C4920,6,87,District-Mewat ,Urban,10-19,350,223,127,29,19,10,49,32,17,23,20,3,81,49,32,31,21,10,13,6,7,83,48,35,41,28,13
9609,C4920,6,87,District-Mewat ,Urban,20-29,304,186,118,20,14,6,43,26,17,14,8,6,119,71,48,25,18,7,8,4,4,48,25,23,27,20,7
9610,C4920,6,87,District-Mewat ,Urban,30-39,275,182,93,26,19,7,35,20,15,10,7,3,98,71,27,23,13,10,12,9,3,51,27,24,20,16,4
9611,C4920,6,87,District-Mewat ,Urban,40-49,189,108,81,26,14,12,23,9,14,11,2,9,55,34,21,9,7,2,9,5,4,37,23,14,19,14,5
9612,C4920,6,87,District-Mewat ,Urban,50-59,149,82,67,24,8,16,32,17,15,6,4,2,34,18,16,9,7,2,9,5,4,23,13,10,12,10,2
9613,C4920,6,87,District-Mewat ,Urban,60-69,224,119,105,62,30,32,34,14,20,2,2,0,56,31,25,5,3,2,4,3,1,39,20,19,22,16,6
9614,C4920,6,87,District-Mewat ,Urban,70-79,150,78,72,38,13,25,35,21,14,7,6,1,39,17,22,0,0,0,4,3,1,12,9,3,15,9,6
9615,C4920,6,87,District-Mewat ,Urban,80-89,86,39,47,22,9,13,22,9,13,1,0,1,19,8,11,1,1,0,0,0,0,5,4,1,16,8,8
9616,C4920,6,87,District-Mewat ,Urban,90+,20,2,18,6,0,6,4,0,4,0,0,0,3,0,3,0,0,0,0,0,0,0,0,0,7,2,5
9617,C4920,6,87,District-Mewat ,Urban,Age Not Stated,0,0,0,0,0,0,0,0,0,0,0,0,0,0,0,0,0,0,0,0,0,0,0,0,0,0,0
9618,C4920,6,88,District-Faridabad,Total,Total,41972,23614,18358,6755,3623,3132,12819,6771,6048,1413,873,540,6241,3823,2418,1739,1078,661,893,565,328,9758,5483,4275,2354,1398,956
9619,C4920,6,88,District-Faridabad,Total,0-4,2526,1392,1134,319,168,151,1091,583,508,29,24,5,146,76,70,77,50,27,27,22,5,721,399,322,116,70,46
9620,C4920,6,88,District-Faridabad,Total,5-9,3166,1756,1410,406,204,202,1187,641,546,169,91,78,220,143,77,151,85,66,44,26,18,791,437,354,198,129,69
9621,C4920,6,88,District-Faridabad,Total,10-19,7649,4370,3279,1037,575,462,2587,1396,1191,317,201,116,766,499,267,489,285,204,203,129,74,1798,1001,797,452,284,168
9622,C4920,6,88,District-Faridabad,Total,20-29,7553,4293,3260,903,490,413,2384,1247,1137,272,170,102,1233,794,439,385,248,137,187,122,65,1851,995,856,338,227,111
9623,C4920,6,88,District-Faridabad,Total,30-39,5975,3515,2460,738,428,310,1891,1003,888,194,124,70,986,640,346,268,186,82,173,122,51,1506,878,628,219,134,85
9624,C4920,6,88,District-Faridabad,Total,40-49,4820,2780,2040,862,472,390,1341,685,656,136,84,52,762,498,264,171,99,72,116,72,44,1243,747,496,189,123,66
9625,C4920,6,88,District-Faridabad,Total,50-59,3782,2147,1635,894,482,412,858,443,415,132,80,52,737,458,279,100,68,32,62,33,29,826,480,346,173,103,70
9626,C4920,6,88,District-Faridabad,Total,60-69,3421,1870,1551,860,443,417,748,382,366,95,64,31,712,401,311,70,49,21,52,24,28,637,366,271,247,141,106
9627,C4920,6,88,District-Faridabad,Total,70-79,1871,934,937,481,234,247,400,230,170,45,26,19,431,210,221,18,3,15,21,11,10,256,124,132,219,96,123
9628,C4920,6,88,District-Faridabad,Total,80-89,903,431,472,202,101,101,233,118,115,18,6,12,204,90,114,8,5,3,7,4,3,79,36,43,152,71,81
9629,C4920,6,88,District-Faridabad,Total,90+,247,100,147,47,21,26,70,33,37,4,1,3,43,13,30,1,0,1,1,0,1,31,12,19,50,20,30
9630,C4920,6,88,District-Faridabad,Total,Age Not Stated,59,26,33,6,5,1,29,10,19,2,2,0,1,1,0,1,0,1,0,0,0,19,8,11,1,0,1
9631,C4920,6,88,District-Faridabad,Rural,Total,8113,4672,3441,1081,582,499,2046,1139,907,337,209,128,1509,926,583,453,281,172,193,127,66,1991,1098,893,503,310,193
9632,C4920,6,88,District-Faridabad,Rural,0-4,552,322,230,70,35,35,188,112,76,8,5,3,41,15,26,20,17,3,9,7,2,195,114,81,21,17,4
9633,C4920,6,88,District-Faridabad,Rural,5-9,655,371,284,81,42,39,173,93,80,41,25,16,61,41,20,45,26,19,9,3,6,188,105,83,57,36,21
9634,C4920,6,88,District-Faridabad,Rural,10-19,1574,945,629,178,105,73,414,243,171,89,59,30,202,133,69,139,82,57,52,33,19,376,211,165,124,79,45
9635,C4920,6,88,District-Faridabad,Rural,20-29,1418,815,603,117,65,52,344,184,160,64,37,27,329,197,132,91,61,30,47,31,16,364,192,172,62,48,14
9636,C4920,6,88,District-Faridabad,Rural,30-39,1054,648,406,79,53,26,267,159,108,46,31,15,244,160,84,62,39,23,32,27,5,290,154,136,34,25,9
9637,C4920,6,88,District-Faridabad,Rural,40-49,831,508,323,116,67,49,189,109,80,25,15,10,189,129,60,40,24,16,18,14,4,223,131,92,31,19,12
9638,C4920,6,88,District-Faridabad,Rural,50-59,588,339,249,86,50,36,126,61,65,25,14,11,149,99,50,24,15,9,12,5,7,145,83,62,21,12,9
9639,C4920,6,88,District-Faridabad,Rural,60-69,676,359,317,145,62,83,172,93,79,21,15,6,137,79,58,20,12,8,10,4,6,123,66,57,48,28,20
9640,C4920,6,88,District-Faridabad,Rural,70-79,432,201,231,129,61,68,93,42,51,12,5,7,101,48,53,8,1,7,2,2,0,48,24,24,39,18,21
9641,C4920,6,88,District-Faridabad,Rural,80-89,245,122,123,62,33,29,64,35,29,4,2,2,46,22,24,4,4,0,2,1,1,20,9,11,43,16,27
9642,C4920,6,88,District-Faridabad,Rural,90+,77,37,40,18,9,9,14,8,6,2,1,1,10,3,7,0,0,0,0,0,0,10,4,6,23,12,11
9643,C4920,6,88,District-Faridabad,Rural,Age Not Stated,11,5,6,0,0,0,2,0,2,0,0,0,0,0,0,0,0,0,0,0,0,9,5,4,0,0,0
9644,C4920,6,88,District-Faridabad,Urban,Total,33859,18942,14917,5674,3041,2633,10773,5632,5141,1076,664,412,4732,2897,1835,1286,797,489,700,438,262,7767,4385,3382,1851,1088,763
9645,C4920,6,88,District-Faridabad,Urban,0-4,1974,1070,904,249,133,116,903,471,432,21,19,2,105,61,44,57,33,24,18,15,3,526,285,241,95,53,42
9646,C4920,6,88,District-Faridabad,Urban,5-9,2511,1385,1126,325,162,163,1014,548,466,128,66,62,159,102,57,106,59,47,35,23,12,603,332,271,141,93,48
9647,C4920,6,88,District-Faridabad,Urban,10-19,6075,3425,2650,859,470,389,2173,1153,1020,228,142,86,564,366,198,350,203,147,151,96,55,1422,790,632,328,205,123
9648,C4920,6,88,District-Faridabad,Urban,20-29,6135,3478,2657,786,425,361,2040,1063,977,208,133,75,904,597,307,294,187,107,140,91,49,1487,803,684,276,179,97
9649,C4920,6,88,District-Faridabad,Urban,30-39,4921,2867,2054,659,375,284,1624,844,780,148,93,55,742,480,262,206,147,59,141,95,46,1216,724,492,185,109,76
9650,C4920,6,88,District-Faridabad,Urban,40-49,3989,2272,1717,746,405,341,1152,576,576,111,69,42,573,369,204,131,75,56,98,58,40,1020,616,404,158,104,54
9651,C4920,6,88,District-Faridabad,Urban,50-59,3194,1808,1386,808,432,376,732,382,350,107,66,41,588,359,229,76,53,23,50,28,22,681,397,284,152,91,61
9652,C4920,6,88,District-Faridabad,Urban,60-69,2745,1511,1234,715,381,334,576,289,287,74,49,25,575,322,253,50,37,13,42,20,22,514,300,214,199,113,86
9653,C4920,6,88,District-Faridabad,Urban,70-79,1439,733,706,352,173,179,307,188,119,33,21,12,330,162,168,10,2,8,19,9,10,208,100,108,180,78,102
9654,C4920,6,88,District-Faridabad,Urban,80-89,658,309,349,140,68,72,169,83,86,14,4,10,158,68,90,4,1,3,5,3,2,59,27,32,109,55,54
9655,C4920,6,88,District-Faridabad,Urban,90+,170,63,107,29,12,17,56,25,31,2,0,2,33,10,23,1,0,1,1,0,1,21,8,13,27,8,19
9656,C4920,6,88,District-Faridabad,Urban,Age Not Stated,48,21,27,6,5,1,27,10,17,2,2,0,1,1,0,1,0,1,0,0,0,10,3,7,1,0,1
9657,C4920,6,89,District-Palwal ,Total,Total,19144,11110,8034,2105,1156,949,5796,2963,2833,723,460,263,4316,2805,1511,809,548,261,381,247,134,3642,2089,1553,1372,842,530
9658,C4920,6,89,District-Palwal ,Total,0-4,1193,640,553,92,50,42,560,281,279,19,8,11,97,64,33,31,19,12,11,6,5,316,175,141,67,37,30
9659,C4920,6,89,District-Palwal ,Total,5-9,1594,920,674,118,64,54,565,319,246,106,59,47,212,140,72,87,51,36,32,19,13,333,180,153,141,88,53
9660,C4920,6,89,District-Palwal ,Total,10-19,4089,2479,1610,352,207,145,1325,741,584,225,156,69,805,524,281,247,165,82,94,63,31,762,432,330,279,191,88
9661,C4920,6,89,District-Palwal ,Total,20-29,3303,2045,1258,198,124,74,999,528,471,121,76,45,931,631,300,161,117,44,73,48,25,641,386,255,179,135,44
9662,C4920,6,89,District-Palwal ,Total,30-39,2444,1505,939,181,100,81,664,323,341,97,61,36,672,487,185,122,86,36,67,46,21,513,308,205,128,94,34
9663,C4920,6,89,District-Palwal ,Total,40-49,1824,1101,723,184,118,66,532,253,279,51,37,14,446,294,152,80,60,20,46,26,20,401,248,153,84,65,19
9664,C4920,6,89,District-Palwal ,Total,50-59,1455,817,638,222,125,97,394,176,218,53,34,19,363,237,126,44,30,14,32,23,9,276,150,126,71,42,29
9665,C4920,6,89,District-Palwal ,Total,60-69,1516,761,755,360,176,184,346,155,191,22,11,11,411,225,186,23,13,10,22,14,8,205,107,98,127,60,67
9666,C4920,6,89,District-Palwal ,Total,70-79,1003,517,486,236,114,122,248,116,132,21,14,7,224,129,95,9,5,4,4,2,2,133,79,54,128,58,70
9667,C4920,6,89,District-Palwal ,Total,80-89,529,249,280,129,66,63,111,50,61,5,3,2,121,61,60,4,1,3,0,0,0,42,17,25,117,51,66
9668,C4920,6,89,District-Palwal ,Total,90+,179,69,110,33,12,21,44,17,27,3,1,2,34,13,21,1,1,0,0,0,0,14,5,9,50,20,30
9669,C4920,6,89,District-Palwal ,Total,Age Not Stated,15,7,8,0,0,0,8,4,4,0,0,0,0,0,0,0,0,0,0,0,0,6,2,4,1,1,0
9670,C4920,6,89,District-Palwal ,Rural,Total,13907,8212,5695,1474,814,660,3992,2051,1941,525,344,181,3268,2187,1081,618,418,200,286,186,100,2678,1564,1114,1066,648,418
9671,C4920,6,89,District-Palwal ,Rural,0-4,886,485,401,70,39,31,399,206,193,15,6,9,77,49,28,22,13,9,8,5,3,244,138,106,51,29,22
9672,C4920,6,89,District-Palwal ,Rural,5-9,1231,728,503,84,45,39,424,247,177,82,49,33,177,116,61,67,41,26,23,14,9,264,148,116,110,68,42
9673,C4920,6,89,District-Palwal ,Rural,10-19,3003,1822,1181,248,145,103,912,504,408,173,124,49,640,421,219,197,132,65,67,43,24,555,308,247,211,145,66
9674,C4920,6,89,District-Palwal ,Rural,20-29,2351,1530,821,130,85,45,636,355,281,91,58,33,731,520,211,111,83,28,57,39,18,471,296,175,124,94,30
9675,C4920,6,89,District-Palwal ,Rural,30-39,1744,1094,650,115,72,43,439,205,234,64,40,24,512,378,134,88,60,28,49,33,16,375,230,145,102,76,26
9676,C4920,6,89,District-Palwal ,Rural,40-49,1264,787,477,120,80,40,356,173,183,30,23,7,325,222,103,63,44,19,35,19,16,277,179,98,58,47,11
9677,C4920,6,89,District-Palwal ,Rural,50-59,976,570,406,134,78,56,253,117,136,33,21,12,247,169,78,40,28,12,27,20,7,196,112,84,46,25,21
9678,C4920,6,89,District-Palwal ,Rural,60-69,1089,542,547,262,125,137,246,102,144,16,9,7,278,161,117,18,11,7,17,12,5,152,78,74,100,44,56
9679,C4920,6,89,District-Palwal ,Rural,70-79,789,395,394,183,86,97,198,88,110,14,10,4,168,95,73,9,5,4,3,1,2,102,57,45,112,53,59
9680,C4920,6,89,District-Palwal ,Rural,80-89,416,200,216,99,49,50,88,39,49,4,3,1,87,48,39,2,0,2,0,0,0,31,14,17,105,47,58
9681,C4920,6,89,District-Palwal ,Rural,90+,149,56,93,29,10,19,38,14,24,3,1,2,26,8,18,1,1,0,0,0,0,6,3,3,46,19,27
9682,C4920,6,89,District-Palwal ,Rural,Age Not Stated,9,3,6,0,0,0,3,1,2,0,0,0,0,0,0,0,0,0,0,0,0,5,1,4,1,1,0
9683,C4920,6,89,District-Palwal ,Urban,Total,5237,2898,2339,631,342,289,1804,912,892,198,116,82,1048,618,430,191,130,61,95,61,34,964,525,439,306,194,112
9684,C4920,6,89,District-Palwal ,Urban,0-4,307,155,152,22,11,11,161,75,86,4,2,2,20,15,5,9,6,3,3,1,2,72,37,35,16,8,8
9685,C4920,6,89,District-Palwal ,Urban,5-9,363,192,171,34,19,15,141,72,69,24,10,14,35,24,11,20,10,10,9,5,4,69,32,37,31,20,11
9686,C4920,6,89,District-Palwal ,Urban,10-19,1086,657,429,104,62,42,413,237,176,52,32,20,165,103,62,50,33,17,27,20,7,207,124,83,68,46,22
9687,C4920,6,89,District-Palwal ,Urban,20-29,952,515,437,68,39,29,363,173,190,30,18,12,200,111,89,50,34,16,16,9,7,170,90,80,55,41,14
9688,C4920,6,89,District-Palwal ,Urban,30-39,700,411,289,66,28,38,225,118,107,33,21,12,160,109,51,34,26,8,18,13,5,138,78,60,26,18,8
9689,C4920,6,89,District-Palwal ,Urban,40-49,560,314,246,64,38,26,176,80,96,21,14,7,121,72,49,17,16,1,11,7,4,124,69,55,26,18,8
9690,C4920,6,89,District-Palwal ,Urban,50-59,479,247,232,88,47,41,141,59,82,20,13,7,116,68,48,4,2,2,5,3,2,80,38,42,25,17,8
9691,C4920,6,89,District-Palwal ,Urban,60-69,427,219,208,98,51,47,100,53,47,6,2,4,133,64,69,5,2,3,5,2,3,53,29,24,27,16,11
9692,C4920,6,89,District-Palwal ,Urban,70-79,214,122,92,53,28,25,50,28,22,7,4,3,56,34,22,0,0,0,1,1,0,31,22,9,16,5,11
9693,C4920,6,89,District-Palwal ,Urban,80-89,113,49,64,30,17,13,23,11,12,1,0,1,34,13,21,2,1,1,0,0,0,11,3,8,12,4,8
9694,C4920,6,89,District-Palwal ,Urban,90+,30,13,17,4,2,2,6,3,3,0,0,0,8,5,3,0,0,0,0,0,0,8,2,6,4,1,3
9695,C4920,6,89,District-Palwal ,Urban,Age Not Stated,6,4,2,0,0,0,5,3,2,0,0,0,0,0,0,0,0,0,0,0,0,1,1,0,0,0,0
9696,C4920,1,0,State-JAMMU & KASHMIR,Total,0-4,17771,9712,8059,3591,1923,1668,5126,2728,2398,376,209,167,1467,861,606,721,398,323,240,137,103,4871,2672,2199,1379,784,595
9697,C4920,1,0,State-JAMMU & KASHMIR,Total,5-9,25395,14165,11230,4667,2498,2169,5356,2896,2460,2493,1518,975,2762,1602,1160,1324,768,556,731,402,329,5023,2722,2301,3039,1759,1280
9698,C4920,1,0,State-JAMMU & KASHMIR,Total,10-19,58262,32489,25773,9822,5402,4420,10973,5918,5055,4736,2866,1870,7753,4570,3183,3666,2063,1603,2595,1458,1137,11268,5981,5287,7449,4231,3218
9699,C4920,1,0,State-JAMMU & KASHMIR,Total,20-29,52668,31737,20931,7432,4101,3331,11394,7533,3861,3050,1833,1217,8497,5160,3337,3156,1892,1264,2732,1625,1107,10963,6446,4517,5444,3147,2297
9700,C4920,1,0,State-JAMMU & KASHMIR,Total,30-39,46691,28588,18103,6490,3695,2795,9820,6262,3558,2698,1692,1006,8309,5401,2908,2726,1688,1038,2790,1628,1162,9429,5502,3927,4429,2720,1709
9701,C4920,1,0,State-JAMMU & KASHMIR,Total,40-49,41709,24775,16934,6588,3705,2883,8169,5011,3158,2301,1442,859,7497,4819,2678,2296,1391,905,2612,1452,1160,8270,4606,3664,3976,2349,1627
9702,C4920,1,0,State-JAMMU & KASHMIR,Total,50-59,34356,19050,15306,7004,3725,3279,6470,3549,2921,1302,793,509,6747,4106,2641,1304,754,550,1734,947,787,6481,3393,3088,3314,1783,1531
9703,C4920,1,0,State-JAMMU & KASHMIR,Total,60-69,36585,19271,17314,8624,4348,4276,7140,3672,3468,973,564,409,7008,4103,2905,858,492,366,1266,671,595,5684,2906,2778,5032,2515,2517
9704,C4920,1,0,State-JAMMU & KASHMIR,Total,70-79,29260,15266,13994,7503,3754,3749,5938,3143,2795,503,290,213,5235,2971,2264,455,247,208,672,330,342,3361,1743,1618,5593,2788,2805
9705,C4920,1,0,State-JAMMU & KASHMIR,Total,80-89,13363,6973,6390,3523,1835,1688,2698,1439,1259,174,96,78,2130,1157,973,167,84,83,219,113,106,1152,603,549,3300,1646,1654
9706,C4920,1,0,State-JAMMU & KASHMIR,Total,90+,4679,2551,2128,1140,631,509,885,503,382,50,29,21,692,375,317,43,18,25,62,37,25,347,210,137,1460,748,712
9707,C4920,1,0,State-JAMMU & KASHMIR,Total,Age Not Stated,414,257,157,64,39,25,127,90,37,25,19,6,40,20,20,8,3,5,16,10,6,108,68,40,26,8,18
9708,C4920,1,0,State-JAMMU & KASHMIR,Rural,Total,273952,154892,119060,50142,27019,23123,51889,29201,22688,14872,9096,5776,47772,28978,18794,12214,7121,5093,11581,6447,5134,49399,27069,22330,36083,19961,16122
9709,C4920,1,0,State-JAMMU & KASHMIR,Rural,0-4,13915,7608,6307,2780,1506,1274,3777,1987,1790,305,173,132,1265,750,515,532,291,241,194,108,86,3894,2128,1766,1168,665,503
9710,C4920,1,0,State-JAMMU & KASHMIR,Rural,5-9,20426,11376,9050,3652,1948,1704,4071,2193,1878,2093,1282,811,2387,1405,982,1039,597,442,592,320,272,3996,2139,1857,2596,1492,1104
9711,C4920,1,0,State-JAMMU & KASHMIR,Rural,10-19,46234,25737,20497,7572,4148,3424,8232,4432,3800,3919,2388,1531,6646,3888,2758,2802,1574,1228,1969,1100,869,8840,4679,4161,6254,3528,2726
9712,C4920,1,0,State-JAMMU & KASHMIR,Rural,20-29,38076,22722,15354,5264,2928,2336,6930,4362,2568,2373,1437,936,7025,4270,2755,2301,1387,914,1963,1171,792,7798,4597,3201,4422,2570,1852
9713,C4920,1,0,State-JAMMU & KASHMIR,Rural,30-39,33638,20456,13182,4613,2666,1947,6150,3709,2441,2083,1319,764,6776,4410,2366,1939,1217,722,1974,1147,827,6648,3853,2795,3455,2135,1320
9714,C4920,1,0,State-JAMMU & KASHMIR,Rural,40-49,30272,17760,12512,4681,2594,2087,5340,3120,2220,1789,1123,666,5997,3841,2156,1597,949,648,1908,1040,868,5847,3257,2590,3113,1836,1277
9715,C4920,1,0,State-JAMMU & KASHMIR,Rural,50-59,25419,14119,11300,5033,2715,2318,4616,2513,2103,965,594,371,5491,3347,2144,892,499,393,1291,684,607,4566,2375,2191,2565,1392,1173
9716,C4920,1,0,State-JAMMU & KASHMIR,Rural,60-69,28112,14878,13234,6613,3343,3270,5395,2802,2593,743,433,310,5645,3339,2306,616,346,270,967,504,463,4136,2104,2032,3997,2007,1990
9717,C4920,1,0,State-JAMMU & KASHMIR,Rural,70-79,22843,12092,10751,5972,3008,2964,4475,2452,2023,392,223,169,4179,2410,1769,336,178,158,506,253,253,2509,1295,1214,4474,2273,2201
9718,C4920,1,0,State-JAMMU & KASHMIR,Rural,80-89,10786,5777,5009,2942,1582,1360,2103,1165,938,145,80,65,1741,976,765,126,68,58,158,84,74,828,434,394,2743,1388,1355
9719,C4920,1,0,State-JAMMU & KASHMIR,Rural,90+,3926,2183,1743,969,549,420,714,408,306,44,28,16,589,325,264,30,14,16,48,30,18,258,161,97,1274,668,606
9720,C4920,1,0,State-JAMMU & KASHMIR,Rural,Age Not Stated,305,184,121,51,32,19,86,58,28,21,16,5,31,17,14,4,1,3,11,6,5,79,47,32,22,7,15
9721,C4920,1,0,State-JAMMU & KASHMIR,Urban,Total,87201,49942,37259,16306,8637,7669,22207,13543,8664,3809,2255,1554,10365,6167,4198,4510,2677,1833,4088,2363,1725,17558,9783,7775,8358,4517,3841
9722,C4920,1,0,State-JAMMU & KASHMIR,Urban,0-4,3856,2104,1752,811,417,394,1349,741,608,71,36,35,202,111,91,189,107,82,46,29,17,977,544,433,211,119,92
9723,C4920,1,0,State-JAMMU & KASHMIR,Urban,5-9,4969,2789,2180,1015,550,465,1285,703,582,400,236,164,375,197,178,285,171,114,139,82,57,1027,583,444,443,267,176
9724,C4920,1,0,State-JAMMU & KASHMIR,Urban,10-19,12028,6752,5276,2250,1254,996,2741,1486,1255,817,478,339,1107,682,425,864,489,375,626,358,268,2428,1302,1126,1195,703,492
9725,C4920,1,0,State-JAMMU & KASHMIR,Urban,20-29,14592,9015,5577,2168,1173,995,4464,3171,1293,677,396,281,1472,890,582,855,505,350,769,454,315,3165,1849,1316,1022,577,445
9726,C4920,1,0,State-JAMMU & KASHMIR,Urban,30-39,13053,8132,4921,1877,1029,848,3670,2553,1117,615,373,242,1533,991,542,787,471,316,816,481,335,2781,1649,1132,974,585,389
9727,C4920,1,0,State-JAMMU & KASHMIR,Urban,40-49,11437,7015,4422,1907,1111,796,2829,1891,938,512,319,193,1500,978,522,699,442,257,704,412,292,2423,1349,1074,863,513,350
9728,C4920,1,0,State-JAMMU & KASHMIR,Urban,50-59,8937,4931,4006,1971,1010,961,1854,1036,818,337,199,138,1256,759,497,412,255,157,443,263,180,1915,1018,897,749,391,358
9729,C4920,1,0,State-JAMMU & KASHMIR,Urban,60-69,8473,4393,4080,2011,1005,1006,1745,870,875,230,131,99,1363,764,599,242,146,96,299,167,132,1548,802,746,1035,508,527
9730,C4920,1,0,State-JAMMU & KASHMIR,Urban,70-79,6417,3174,3243,1531,746,785,1463,691,772,111,67,44,1056,561,495,119,69,50,166,77,89,852,448,404,1119,515,604
9731,C4920,1,0,State-JAMMU & KASHMIR,Urban,80-89,2577,1196,1381,581,253,328,595,274,321,29,16,13,389,181,208,41,16,25,61,29,32,324,169,155,557,258,299
9732,C4920,1,0,State-JAMMU & KASHMIR,Urban,90+,753,368,385,171,82,89,171,95,76,6,1,5,103,50,53,13,4,9,14,7,7,89,49,40,186,80,106
9733,C4920,1,0,State-JAMMU & KASHMIR,Urban,Age Not Stated,109,73,36,13,7,6,41,32,9,4,3,1,9,3,6,4,2,2,5,4,1,29,21,8,4,1,3
9734,C4920,1,1,District-Kupwara,Total,Total,31798,18404,13394,5583,2985,2598,7066,3989,3077,1473,870,603,5244,3102,2142,1117,685,432,913,558,355,6182,3836,2346,4220,2379,1841
9735,C4920,1,1,District-Kupwara,Total,0-4,2567,1353,1214,478,238,240,823,434,389,43,25,18,217,129,88,82,42,40,25,11,14,733,389,344,166,85,81
9736,C4920,1,1,District-Kupwara,Total,5-9,3190,1745,1445,578,313,265,841,438,403,249,150,99,350,187,163,117,68,49,58,31,27,650,358,292,347,200,147
9737,C4920,1,1,District-Kupwara,Total,10-19,6177,3344,2833,1053,557,496,1375,718,657,437,266,171,850,472,378,260,151,109,189,99,90,1221,637,584,792,444,348
9738,C4920,1,1,District-Kupwara,Total,20-29,4481,2890,1591,556,315,241,906,593,313,226,127,99,660,386,274,210,135,75,157,110,47,1261,920,341,505,304,201
9739,C4920,1,1,District-Kupwara,Total,30-39,3555,2325,1230,452,272,180,756,452,304,184,110,74,660,424,236,148,105,43,163,109,54,842,630,212,350,223,127
9740,C4920,1,1,District-Kupwara,Total,40-49,2950,1784,1166,450,214,236,603,357,246,151,91,60,589,366,223,132,84,48,124,81,43,560,390,170,341,201,140
9741,C4920,1,1,District-Kupwara,Total,50-59,2464,1394,1070,509,262,247,486,266,220,74,47,27,566,349,217,64,39,25,89,55,34,376,218,158,300,158,142
9742,C4920,1,1,District-Kupwara,Total,60-69,2789,1535,1254,640,350,290,573,305,268,59,31,28,644,375,269,58,36,22,61,38,23,280,149,131,474,251,223
9743,C4920,1,1,District-Kupwara,Total,70-79,2152,1196,956,545,277,268,429,261,168,40,17,23,445,268,177,27,16,11,34,16,18,148,81,67,484,260,224
9744,C4920,1,1,District-Kupwara,Total,80-89,995,546,449,244,135,109,189,105,84,8,5,3,172,90,82,12,6,6,9,6,3,61,35,26,300,164,136
9745,C4920,1,1,District-Kupwara,Total,90+,422,260,162,74,49,25,66,47,19,0,0,0,85,52,33,6,3,3,3,1,2,33,21,12,155,87,68
9746,C4920,1,1,District-Kupwara,Total,Age Not Stated,56,32,24,4,3,1,19,13,6,2,1,1,6,4,2,1,0,1,1,1,0,17,8,9,6,2,4
9747,C4920,1,1,District-Kupwara,Rural,Total,28532,16446,12086,5176,2771,2405,6061,3341,2720,1227,729,498,4733,2787,1946,1008,618,390,836,508,328,5632,3503,2129,3859,2189,1670
9748,C4920,1,1,District-Kupwara,Rural,0-4,2277,1192,1085,449,223,226,719,378,341,29,17,12,177,105,72,72,36,36,24,11,13,655,347,308,152,75,77
9749,C4920,1,1,District-Kupwara,Rural,5-9,2887,1582,1305,543,296,247,746,387,359,207,130,77,314,169,145,108,64,44,52,26,26,587,318,269,330,192,138
9750,C4920,1,1,District-Kupwara,Rural,10-19,5558,2996,2562,975,514,461,1203,621,582,363,219,144,768,425,343,232,135,97,164,87,77,1109,575,534,744,420,324
9751,C4920,1,1,District-Kupwara,Rural,20-29,4033,2589,1444,516,294,222,736,450,286,192,111,81,605,350,255,197,130,67,143,102,41,1177,867,310,467,285,182
9752,C4920,1,1,District-Kupwara,Rural,30-39,3134,2029,1105,402,246,156,615,343,272,152,89,63,590,372,218,134,94,40,152,99,53,773,584,189,316,202,114
9753,C4920,1,1,District-Kupwara,Rural,40-49,2578,1529,1049,398,182,216,478,270,208,127,76,51,531,324,207,116,72,44,113,73,40,498,347,151,317,185,132
9754,C4920,1,1,District-Kupwara,Rural,50-59,2239,1265,974,480,247,233,432,242,190,59,36,23,523,322,201,56,35,21,82,49,33,338,196,142,269,138,131
9755,C4920,1,1,District-Kupwara,Rural,60-69,2524,1407,1117,596,330,266,504,273,231,55,29,26,576,340,236,52,30,22,60,37,23,256,137,119,425,231,194
9756,C4920,1,1,District-Kupwara,Rural,70-79,1950,1079,871,513,258,255,376,226,150,34,16,18,407,244,163,24,14,10,33,16,17,141,76,65,422,229,193
9757,C4920,1,1,District-Kupwara,Rural,80-89,922,514,408,233,133,100,177,99,78,7,5,2,157,83,74,12,6,6,9,6,3,55,31,24,272,151,121
9758,C4920,1,1,District-Kupwara,Rural,90+,378,234,144,68,46,22,56,39,17,0,0,0,79,49,30,4,2,2,3,1,2,29,18,11,139,79,60
9759,C4920,1,1,District-Kupwara,Rural,Age Not Stated,52,30,22,3,2,1,19,13,6,2,1,1,6,4,2,1,0,1,1,1,0,14,7,7,6,2,4
9760,C4920,1,1,District-Kupwara,Urban,Total,3266,1958,1308,407,214,193,1005,648,357,246,141,105,511,315,196,109,67,42,77,50,27,550,333,217,361,190,171
9761,C4920,1,1,District-Kupwara,Urban,0-4,290,161,129,29,15,14,104,56,48,14,8,6,40,24,16,10,6,4,1,0,1,78,42,36,14,10,4
9762,C4920,1,1,District-Kupwara,Urban,5-9,303,163,140,35,17,18,95,51,44,42,20,22,36,18,18,9,4,5,6,5,1,63,40,23,17,8,9
9763,C4920,1,1,District-Kupwara,Urban,10-19,619,348,271,78,43,35,172,97,75,74,47,27,82,47,35,28,16,12,25,12,13,112,62,50,48,24,24
9764,C4920,1,1,District-Kupwara,Urban,20-29,448,301,147,40,21,19,170,143,27,34,16,18,55,36,19,13,5,8,14,8,6,84,53,31,38,19,19
9765,C4920,1,1,District-Kupwara,Urban,30-39,421,296,125,50,26,24,141,109,32,32,21,11,70,52,18,14,11,3,11,10,1,69,46,23,34,21,13
9766,C4920,1,1,District-Kupwara,Urban,40-49,372,255,117,52,32,20,125,87,38,24,15,9,58,42,16,16,12,4,11,8,3,62,43,19,24,16,8
9767,C4920,1,1,District-Kupwara,Urban,50-59,225,129,96,29,15,14,54,24,30,15,11,4,43,27,16,8,4,4,7,6,1,38,22,16,31,20,11
9768,C4920,1,1,District-Kupwara,Urban,60-69,265,128,137,44,20,24,69,32,37,4,2,2,68,35,33,6,6,0,1,1,0,24,12,12,49,20,29
9769,C4920,1,1,District-Kupwara,Urban,70-79,202,117,85,32,19,13,53,35,18,6,1,5,38,24,14,3,2,1,1,0,1,7,5,2,62,31,31
9770,C4920,1,1,District-Kupwara,Urban,80-89,73,32,41,11,2,9,12,6,6,1,0,1,15,7,8,0,0,0,0,0,0,6,4,2,28,13,15
9771,C4920,1,1,District-Kupwara,Urban,90+,44,26,18,6,3,3,10,8,2,0,0,0,6,3,3,2,1,1,0,0,0,4,3,1,16,8,8
9772,C4920,1,1,District-Kupwara,Urban,Age Not Stated,4,2,2,1,1,0,0,0,0,0,0,0,0,0,0,0,0,0,0,0,0,3,1,2,0,0,0
9773,C4920,1,2,District-Badgam,Total,Total,21800,12286,9514,3430,1852,1578,4689,2755,1934,1042,625,417,4004,2312,1692,1168,680,488,1348,691,657,3455,1901,1554,2664,1470,1194
9774,C4920,1,2,District-Badgam,Total,0-4,1256,707,549,219,121,98,413,217,196,18,8,10,98,63,35,73,44,29,27,16,11,338,205,133,70,33,37
9775,C4920,1,2,District-Badgam,Total,5-9,1703,947,756,266,134,132,420,248,172,145,89,56,182,97,85,103,61,42,90,57,33,336,171,165,161,90,71
9776,C4920,1,2,District-Badgam,Total,10-19,3813,2101,1712,521,288,233,716,421,295,295,176,119,552,304,248,255,148,107,244,117,127,697,348,349,533,299,234
9777,C4920,1,2,District-Badgam,Total,20-29,2991,1843,1148,341,196,145,648,465,183,147,90,57,505,315,190,197,113,84,245,138,107,568,318,250,340,208,132
9778,C4920,1,2,District-Badgam,Total,30-39,2599,1618,981,333,186,147,591,407,184,131,80,51,446,275,171,174,109,65,225,120,105,432,264,168,267,177,90
9779,C4920,1,2,District-Badgam,Total,40-49,2436,1427,1009,353,205,148,490,285,205,135,86,49,470,283,187,162,93,69,228,105,123,362,219,143,236,151,85
9780,C4920,1,2,District-Badgam,Total,50-59,1970,1057,913,324,168,156,408,209,199,76,44,32,512,276,236,89,51,38,118,62,56,260,158,102,183,89,94
9781,C4920,1,2,District-Badgam,Total,60-69,2237,1178,1059,461,246,215,454,230,224,52,31,21,595,340,255,59,35,24,95,49,46,228,100,128,293,147,146
9782,C4920,1,2,District-Badgam,Total,70-79,1825,931,894,391,184,207,374,191,183,25,14,11,446,249,197,44,21,23,50,17,33,156,77,79,339,178,161
9783,C4920,1,2,District-Badgam,Total,80-89,741,365,376,175,95,80,135,63,72,10,5,5,149,85,64,7,3,4,21,8,13,64,33,31,180,73,107
9784,C4920,1,2,District-Badgam,Total,90+,212,107,105,42,27,15,38,18,20,6,2,4,45,24,21,4,2,2,5,2,3,11,7,4,61,25,36
9785,C4920,1,2,District-Badgam,Total,Age Not Stated,17,5,12,4,2,2,2,1,1,2,0,2,4,1,3,1,0,1,0,0,0,3,1,2,1,0,1
9786,C4920,1,2,District-Badgam,Rural,Total,18325,10232,8093,3001,1653,1348,3484,1926,1558,934,563,371,3640,2115,1525,1053,614,439,929,475,454,2912,1579,1333,2372,1307,1065
9787,C4920,1,2,District-Badgam,Rural,0-4,1100,627,473,194,112,82,336,179,157,17,7,10,93,62,31,67,41,26,22,13,9,305,184,121,66,29,37
9788,C4920,1,2,District-Badgam,Rural,5-9,1518,847,671,233,116,117,349,211,138,134,85,49,174,93,81,94,54,40,73,45,28,308,159,149,153,84,69
9789,C4920,1,2,District-Badgam,Rural,10-19,3409,1866,1543,472,260,212,595,340,255,274,164,110,510,280,230,236,134,102,196,93,103,614,308,306,512,287,225
9790,C4920,1,2,District-Badgam,Rural,20-29,2374,1388,986,295,171,124,347,200,147,137,84,53,471,296,175,181,106,75,160,95,65,474,249,225,309,187,122
9791,C4920,1,2,District-Badgam,Rural,30-39,2015,1217,798,297,169,128,320,186,134,115,72,43,414,250,164,154,99,55,123,72,51,351,207,144,241,162,79
9792,C4920,1,2,District-Badgam,Rural,40-49,1986,1145,841,322,186,136,345,176,169,114,72,42,421,262,159,142,81,61,140,57,83,297,179,118,205,132,73
9793,C4920,1,2,District-Badgam,Rural,50-59,1714,933,781,284,147,137,338,179,159,66,37,29,476,264,212,81,46,35,97,49,48,214,132,82,158,79,79
9794,C4920,1,2,District-Badgam,Rural,60-69,1881,1009,872,396,217,179,385,206,179,42,25,17,528,303,225,51,30,21,73,39,34,175,76,99,231,113,118
9795,C4920,1,2,District-Badgam,Rural,70-79,1519,790,729,324,162,162,317,172,145,21,12,9,390,213,177,37,19,18,31,9,22,115,54,61,284,149,135
9796,C4920,1,2,District-Badgam,Rural,80-89,611,311,300,145,86,59,117,61,56,7,3,4,120,69,51,7,3,4,12,3,9,48,25,23,155,61,94
9797,C4920,1,2,District-Badgam,Rural,90+,181,94,87,35,25,10,33,15,18,5,2,3,39,22,17,2,1,1,2,0,2,8,5,3,57,24,33
9798,C4920,1,2,District-Badgam,Rural,Age Not Stated,17,5,12,4,2,2,2,1,1,2,0,2,4,1,3,1,0,1,0,0,0,3,1,2,1,0,1
9799,C4920,1,2,District-Badgam,Urban,Total,3475,2054,1421,429,199,230,1205,829,376,108,62,46,364,197,167,115,66,49,419,216,203,543,322,221,292,163,129
9800,C4920,1,2,District-Badgam,Urban,0-4,156,80,76,25,9,16,77,38,39,1,1,0,5,1,4,6,3,3,5,3,2,33,21,12,4,4,0
9801,C4920,1,2,District-Badgam,Urban,5-9,185,100,85,33,18,15,71,37,34,11,4,7,8,4,4,9,7,2,17,12,5,28,12,16,8,6,2
9802,C4920,1,2,District-Badgam,Urban,10-19,404,235,169,49,28,21,121,81,40,21,12,9,42,24,18,19,14,5,48,24,24,83,40,43,21,12,9
9803,C4920,1,2,District-Badgam,Urban,20-29,617,455,162,46,25,21,301,265,36,10,6,4,34,19,15,16,7,9,85,43,42,94,69,25,31,21,10
9804,C4920,1,2,District-Badgam,Urban,30-39,584,401,183,36,17,19,271,221,50,16,8,8,32,25,7,20,10,10,102,48,54,81,57,24,26,15,11
9805,C4920,1,2,District-Badgam,Urban,40-49,450,282,168,31,19,12,145,109,36,21,14,7,49,21,28,20,12,8,88,48,40,65,40,25,31,19,12
9806,C4920,1,2,District-Badgam,Urban,50-59,256,124,132,40,21,19,70,30,40,10,7,3,36,12,24,8,5,3,21,13,8,46,26,20,25,10,15
9807,C4920,1,2,District-Badgam,Urban,60-69,356,169,187,65,29,36,69,24,45,10,6,4,67,37,30,8,5,3,22,10,12,53,24,29,62,34,28
9808,C4920,1,2,District-Badgam,Urban,70-79,306,141,165,67,22,45,57,19,38,4,2,2,56,36,20,7,2,5,19,8,11,41,23,18,55,29,26
9809,C4920,1,2,District-Badgam,Urban,80-89,130,54,76,30,9,21,18,2,16,3,2,1,29,16,13,0,0,0,9,5,4,16,8,8,25,12,13
9810,C4920,1,2,District-Badgam,Urban,90+,31,13,18,7,2,5,5,3,2,1,0,1,6,2,4,2,1,1,3,2,1,3,2,1,4,1,3
9811,C4920,1,2,District-Badgam,Urban,Age Not Stated,0,0,0,0,0,0,0,0,0,0,0,0,0,0,0,0,0,0,0,0,0,0,0,0,0,0,0
9812,C4920,1,3,District-Leh(Ladakh),Total,Total,3859,2608,1251,617,310,307,1824,1507,317,103,63,40,453,233,220,183,98,85,53,31,22,410,252,158,216,114,102
9813,C4920,1,3,District-Leh(Ladakh),Total,0-4,84,45,39,28,16,12,18,10,8,1,0,1,3,3,0,8,4,4,0,0,0,15,7,8,11,5,6
9814,C4920,1,3,District-Leh(Ladakh),Total,5-9,145,79,66,33,17,16,27,12,15,15,12,3,11,6,5,13,8,5,4,2,2,24,14,10,18,8,10
9815,C4920,1,3,District-Leh(Ladakh),Total,10-19,334,186,148,84,46,38,75,42,33,20,13,7,33,18,15,29,15,14,4,1,3,61,33,28,28,18,10
9816,C4920,1,3,District-Leh(Ladakh),Total,20-29,1062,844,218,97,46,51,697,634,63,16,9,7,48,24,24,38,20,18,17,13,4,114,83,31,35,15,20
9817,C4920,1,3,District-Leh(Ladakh),Total,30-39,781,623,158,75,39,36,514,467,47,14,10,4,51,30,21,31,20,11,8,4,4,66,42,24,22,11,11
9818,C4920,1,3,District-Leh(Ladakh),Total,40-49,463,315,148,63,36,27,219,178,41,21,10,11,48,25,23,26,12,14,14,8,6,51,35,16,21,11,10
9819,C4920,1,3,District-Leh(Ladakh),Total,50-59,294,158,136,65,32,33,93,60,33,10,4,6,55,24,31,16,10,6,2,1,1,30,16,14,23,11,12
9820,C4920,1,3,District-Leh(Ladakh),Total,60-69,245,115,130,56,24,32,56,27,29,3,3,0,77,34,43,11,6,5,2,1,1,16,6,10,24,14,10
9821,C4920,1,3,District-Leh(Ladakh),Total,70-79,253,133,120,68,34,34,56,32,24,2,2,0,79,40,39,6,2,4,2,1,1,19,8,11,21,14,7
9822,C4920,1,3,District-Leh(Ladakh),Total,80-89,147,83,64,35,15,20,51,31,20,1,0,1,38,24,14,1,1,0,0,0,0,10,6,4,11,6,5
9823,C4920,1,3,District-Leh(Ladakh),Total,90+,46,22,24,12,4,8,16,12,4,0,0,0,10,5,5,4,0,4,0,0,0,2,0,2,2,1,1
9824,C4920,1,3,District-Leh(Ladakh),Total,Age Not Stated,5,5,0,1,1,0,2,2,0,0,0,0,0,0,0,0,0,0,0,0,0,2,2,0,0,0,0
9825,C4920,1,3,District-Leh(Ladakh),Rural,Total,2669,1727,942,452,216,236,1093,891,202,83,53,30,386,197,189,144,74,70,38,26,12,288,173,115,185,97,88
9826,C4920,1,3,District-Leh(Ladakh),Rural,0-4,55,32,23,20,13,7,9,5,4,0,0,0,2,2,0,4,1,3,0,0,0,12,6,6,8,5,3
9827,C4920,1,3,District-Leh(Ladakh),Rural,5-9,110,63,47,23,12,11,16,9,7,13,11,2,11,6,5,11,6,5,3,2,1,18,10,8,15,7,8
9828,C4920,1,3,District-Leh(Ladakh),Rural,10-19,249,139,110,61,31,30,51,30,21,19,13,6,23,12,11,28,14,14,3,1,2,43,24,19,21,14,7
9829,C4920,1,3,District-Leh(Ladakh),Rural,20-29,672,519,153,62,29,33,417,383,34,10,6,4,40,17,23,27,13,14,15,12,3,69,46,23,32,13,19
9830,C4920,1,3,District-Leh(Ladakh),Rural,30-39,490,381,109,53,25,28,297,270,27,9,7,2,44,26,18,21,15,6,5,3,2,42,26,16,19,9,10
9831,C4920,1,3,District-Leh(Ladakh),Rural,40-49,295,185,110,43,22,21,106,81,25,20,9,11,40,21,19,23,10,13,8,6,2,38,28,10,17,8,9
9832,C4920,1,3,District-Leh(Ladakh),Rural,50-59,217,116,101,51,26,25,61,40,21,6,2,4,45,21,24,12,6,6,2,1,1,22,12,10,18,8,10
9833,C4920,1,3,District-Leh(Ladakh),Rural,60-69,219,105,114,46,22,24,50,25,25,3,3,0,70,30,40,10,6,4,1,0,1,16,6,10,23,13,10
9834,C4920,1,3,District-Leh(Ladakh),Rural,70-79,211,111,100,53,22,31,45,25,20,2,2,0,71,38,33,4,2,2,1,1,0,16,8,8,19,13,6
9835,C4920,1,3,District-Leh(Ladakh),Rural,80-89,117,62,55,28,10,18,33,18,15,1,0,1,35,22,13,1,1,0,0,0,0,8,5,3,11,6,5
9836,C4920,1,3,District-Leh(Ladakh),Rural,90+,31,11,20,12,4,8,7,4,3,0,0,0,5,2,3,3,0,3,0,0,0,2,0,2,2,1,1
9837,C4920,1,3,District-Leh(Ladakh),Rural,Age Not Stated,3,3,0,0,0,0,1,1,0,0,0,0,0,0,0,0,0,0,0,0,0,2,2,0,0,0,0
9838,C4920,1,3,District-Leh(Ladakh),Urban,Total,1190,881,309,165,94,71,731,616,115,20,10,10,67,36,31,39,24,15,15,5,10,122,79,43,31,17,14
9839,C4920,1,3,District-Leh(Ladakh),Urban,0-4,29,13,16,8,3,5,9,5,4,1,0,1,1,1,0,4,3,1,0,0,0,3,1,2,3,0,3
9840,C4920,1,3,District-Leh(Ladakh),Urban,5-9,35,16,19,10,5,5,11,3,8,2,1,1,0,0,0,2,2,0,1,0,1,6,4,2,3,1,2
9841,C4920,1,3,District-Leh(Ladakh),Urban,10-19,85,47,38,23,15,8,24,12,12,1,0,1,10,6,4,1,1,0,1,0,1,18,9,9,7,4,3
9842,C4920,1,3,District-Leh(Ladakh),Urban,20-29,390,325,65,35,17,18,280,251,29,6,3,3,8,7,1,11,7,4,2,1,1,45,37,8,3,2,1
9843,C4920,1,3,District-Leh(Ladakh),Urban,30-39,291,242,49,22,14,8,217,197,20,5,3,2,7,4,3,10,5,5,3,1,2,24,16,8,3,2,1
9844,C4920,1,3,District-Leh(Ladakh),Urban,40-49,168,130,38,20,14,6,113,97,16,1,1,0,8,4,4,3,2,1,6,2,4,13,7,6,4,3,1
9845,C4920,1,3,District-Leh(Ladakh),Urban,50-59,77,42,35,14,6,8,32,20,12,4,2,2,10,3,7,4,4,0,0,0,0,8,4,4,5,3,2
9846,C4920,1,3,District-Leh(Ladakh),Urban,60-69,26,10,16,10,2,8,6,2,4,0,0,0,7,4,3,1,0,1,1,1,0,0,0,0,1,1,0
9847,C4920,1,3,District-Leh(Ladakh),Urban,70-79,42,22,20,15,12,3,11,7,4,0,0,0,8,2,6,2,0,2,1,0,1,3,0,3,2,1,1
9848,C4920,1,3,District-Leh(Ladakh),Urban,80-89,30,21,9,7,5,2,18,13,5,0,0,0,3,2,1,0,0,0,0,0,0,2,1,1,0,0,0
9849,C4920,1,3,District-Leh(Ladakh),Urban,90+,15,11,4,0,0,0,9,8,1,0,0,0,5,3,2,1,0,1,0,0,0,0,0,0,0,0,0
9850,C4920,1,3,District-Leh(Ladakh),Urban,Age Not Stated,2,2,0,1,1,0,1,1,0,0,0,0,0,0,0,0,0,0,0,0,0,0,0,0,0,0,0
9851,C4920,1,4,District-Kargil,Total,Total,4050,2382,1668,642,365,277,1045,663,382,184,104,80,555,292,263,215,121,94,104,61,43,798,490,308,507,286,221
9852,C4920,1,4,District-Kargil,Total,0-4,159,73,86,21,13,8,45,23,22,2,0,2,11,4,7,12,8,4,2,0,2,46,14,32,20,11,9
9853,C4920,1,4,District-Kargil,Total,5-9,259,130,129,38,15,23,57,24,33,32,18,14,19,9,10,14,7,7,2,0,2,57,35,22,40,22,18
9854,C4920,1,4,District-Kargil,Total,10-19,604,324,280,88,43,45,138,78,60,51,25,26,55,30,25,49,26,23,24,14,10,116,60,56,83,48,35
9855,C4920,1,4,District-Kargil,Total,20-29,719,470,249,73,39,34,225,181,44,25,14,11,82,44,38,40,20,20,20,9,11,187,130,57,67,33,34
9856,C4920,1,4,District-Kargil,Total,30-39,561,373,188,61,42,19,132,89,43,21,14,7,62,39,23,35,23,12,25,15,10,160,116,44,65,35,30
9857,C4920,1,4,District-Kargil,Total,40-49,526,316,210,71,41,30,161,101,60,29,20,9,78,45,33,29,17,12,12,7,5,90,56,34,56,29,27
9858,C4920,1,4,District-Kargil,Total,50-59,301,171,130,59,32,27,70,39,31,6,3,3,56,31,25,15,9,6,9,8,1,49,26,23,37,23,14
9859,C4920,1,4,District-Kargil,Total,60-69,376,208,168,80,42,38,92,56,36,8,4,4,95,48,47,13,5,8,7,6,1,50,27,23,31,20,11
9860,C4920,1,4,District-Kargil,Total,70-79,333,191,142,102,61,41,68,34,34,6,4,2,65,33,32,6,4,2,2,1,1,26,15,11,58,39,19
9861,C4920,1,4,District-Kargil,Total,80-89,179,103,76,43,33,10,45,27,18,3,2,1,30,8,22,2,2,0,1,1,0,13,9,4,42,21,21
9862,C4920,1,4,District-Kargil,Total,90+,20,11,9,5,3,2,2,1,1,1,0,1,2,1,1,0,0,0,0,0,0,3,1,2,7,5,2
9863,C4920,1,4,District-Kargil,Total,Age Not Stated,13,12,1,1,1,0,10,10,0,0,0,0,0,0,0,0,0,0,0,0,0,1,1,0,1,0,1
9864,C4920,1,4,District-Kargil,Rural,Total,3824,2243,1581,621,354,267,967,607,360,171,94,77,524,280,244,212,119,93,90,50,40,766,472,294,473,267,206
9865,C4920,1,4,District-Kargil,Rural,0-4,150,68,82,20,12,8,43,22,21,2,0,2,9,3,6,12,8,4,2,0,2,43,13,30,19,10,9
9866,C4920,1,4,District-Kargil,Rural,5-9,242,119,123,37,14,23,50,21,29,32,18,14,19,9,10,14,7,7,2,0,2,56,35,21,32,15,17
9867,C4920,1,4,District-Kargil,Rural,10-19,558,294,264,81,42,39,124,68,56,46,21,25,53,28,25,48,25,23,19,9,10,113,58,55,74,43,31
9868,C4920,1,4,District-Kargil,Rural,20-29,676,444,232,72,38,34,206,166,40,24,13,11,76,42,34,39,19,20,17,8,9,181,127,54,61,31,30
9869,C4920,1,4,District-Kargil,Rural,30-39,528,353,175,58,39,19,123,82,41,18,12,6,58,39,19,35,23,12,25,15,10,149,109,40,62,34,28
9870,C4920,1,4,District-Kargil,Rural,40-49,499,302,197,70,41,29,149,93,56,26,18,8,75,44,31,29,17,12,10,6,4,87,54,33,53,29,24
9871,C4920,1,4,District-Kargil,Rural,50-59,285,159,126,59,32,27,66,36,30,5,2,3,55,30,25,14,9,5,6,5,1,46,24,22,34,21,13
9872,C4920,1,4,District-Kargil,Rural,60-69,356,196,160,77,39,38,86,52,34,8,4,4,87,45,42,13,5,8,6,5,1,48,26,22,31,20,11
9873,C4920,1,4,District-Kargil,Rural,70-79,323,186,137,99,60,39,66,32,34,6,4,2,60,31,29,6,4,2,2,1,1,26,15,11,58,39,19
9874,C4920,1,4,District-Kargil,Rural,80-89,175,100,75,42,33,9,42,24,18,3,2,1,30,8,22,2,2,0,1,1,0,13,9,4,42,21,21
9875,C4920,1,4,District-Kargil,Rural,90+,19,10,9,5,3,2,2,1,1,1,0,1,2,1,1,0,0,0,0,0,0,3,1,2,6,4,2
9876,C4920,1,4,District-Kargil,Rural,Age Not Stated,13,12,1,1,1,0,10,10,0,0,0,0,0,0,0,0,0,0,0,0,0,1,1,0,1,0,1
9877,C4920,1,4,District-Kargil,Urban,Total,226,139,87,21,11,10,78,56,22,13,10,3,31,12,19,3,2,1,14,11,3,32,18,14,34,19,15
9878,C4920,1,4,District-Kargil,Urban,0-4,9,5,4,1,1,0,2,1,1,0,0,0,2,1,1,0,0,0,0,0,0,3,1,2,1,1,0
9879,C4920,1,4,District-Kargil,Urban,5-9,17,11,6,1,1,0,7,3,4,0,0,0,0,0,0,0,0,0,0,0,0,1,0,1,8,7,1
9880,C4920,1,4,District-Kargil,Urban,10-19,46,30,16,7,1,6,14,10,4,5,4,1,2,2,0,1,1,0,5,5,0,3,2,1,9,5,4
9881,C4920,1,4,District-Kargil,Urban,20-29,43,26,17,1,1,0,19,15,4,1,1,0,6,2,4,1,1,0,3,1,2,6,3,3,6,2,4
9882,C4920,1,4,District-Kargil,Urban,30-39,33,20,13,3,3,0,9,7,2,3,2,1,4,0,4,0,0,0,0,0,0,11,7,4,3,1,2
9883,C4920,1,4,District-Kargil,Urban,40-49,27,14,13,1,0,1,12,8,4,3,2,1,3,1,2,0,0,0,2,1,1,3,2,1,3,0,3
9884,C4920,1,4,District-Kargil,Urban,50-59,16,12,4,0,0,0,4,3,1,1,1,0,1,1,0,1,0,1,3,3,0,3,2,1,3,2,1
9885,C4920,1,4,District-Kargil,Urban,60-69,20,12,8,3,3,0,6,4,2,0,0,0,8,3,5,0,0,0,1,1,0,2,1,1,0,0,0
9886,C4920,1,4,District-Kargil,Urban,70-79,10,5,5,3,1,2,2,2,0,0,0,0,5,2,3,0,0,0,0,0,0,0,0,0,0,0,0
9887,C4920,1,4,District-Kargil,Urban,80-89,4,3,1,1,0,1,3,3,0,0,0,0,0,0,0,0,0,0,0,0,0,0,0,0,0,0,0
9888,C4920,1,4,District-Kargil,Urban,90+,1,1,0,0,0,0,0,0,0,0,0,0,0,0,0,0,0,0,0,0,0,0,0,0,1,1,0
9889,C4920,1,4,District-Kargil,Urban,Age Not Stated,0,0,0,0,0,0,0,0,0,0,0,0,0,0,0,0,0,0,0,0,0,0,0,0,0,0,0
9890,C4920,1,5,District-Punch,Total,Total,12409,7526,4883,1962,1074,888,2995,1889,1106,800,495,305,2445,1595,850,401,205,196,374,235,139,1945,1184,761,1487,849,638
9891,C4920,1,5,District-Punch,Total,0-4,584,295,289,68,43,25,176,73,103,17,12,5,67,38,29,9,2,7,8,5,3,194,98,96,45,24,21
9892,C4920,1,5,District-Punch,Total,5-9,972,572,400,126,78,48,221,117,104,117,66,51,131,78,53,31,16,15,21,20,1,187,114,73,138,83,55
9893,C4920,1,5,District-Punch,Total,10-19,2302,1296,1006,278,154,124,449,232,217,229,137,92,432,259,173,95,47,48,79,48,31,432,245,187,308,174,134
9894,C4920,1,5,District-Punch,Total,20-29,1946,1321,625,142,81,61,644,508,136,137,81,56,358,231,127,61,32,29,70,38,32,336,225,111,198,125,73
9895,C4920,1,5,District-Punch,Total,30-39,1612,1083,529,148,89,59,492,356,136,105,75,30,343,240,103,64,38,26,67,44,23,249,158,91,144,83,61
9896,C4920,1,5,District-Punch,Total,40-49,1328,841,487,179,99,80,299,188,111,79,54,25,309,220,89,76,39,37,57,38,19,185,119,66,144,84,60
9897,C4920,1,5,District-Punch,Total,50-59,1017,602,415,182,103,79,223,119,104,42,27,15,260,169,91,34,16,18,35,22,13,142,89,53,99,57,42
9898,C4920,1,5,District-Punch,Total,60-69,987,566,421,279,144,135,176,98,78,37,20,17,255,173,82,13,7,6,21,12,9,116,65,51,90,47,43
9899,C4920,1,5,District-Punch,Total,70-79,851,479,372,297,148,149,155,97,58,18,11,7,168,112,56,13,4,9,6,3,3,62,40,22,132,64,68
9900,C4920,1,5,District-Punch,Total,80-89,533,311,222,178,85,93,108,68,40,17,11,6,84,59,25,4,3,1,7,3,4,24,18,6,111,64,47
9901,C4920,1,5,District-Punch,Total,90+,262,149,113,80,46,34,47,29,18,1,0,1,37,16,21,1,1,0,3,2,1,16,12,4,77,43,34
9902,C4920,1,5,District-Punch,Total,Age Not Stated,15,11,4,5,4,1,5,4,1,1,1,0,1,0,1,0,0,0,0,0,0,2,1,1,1,1,0
9903,C4920,1,5,District-Punch,Rural,Total,11601,7014,4587,1858,1013,845,2846,1804,1042,754,468,286,2292,1488,804,382,194,188,348,219,129,1697,1018,679,1424,810,614
9904,C4920,1,5,District-Punch,Rural,0-4,544,276,268,63,42,21,167,66,101,16,11,5,64,36,28,9,2,7,8,5,3,173,90,83,44,24,20
9905,C4920,1,5,District-Punch,Rural,5-9,917,535,382,124,76,48,208,108,100,111,64,47,129,78,51,29,14,15,19,18,1,162,96,66,135,81,54
9906,C4920,1,5,District-Punch,Rural,10-19,2168,1216,952,260,143,117,416,212,204,222,135,87,418,248,170,89,46,43,76,46,30,391,223,168,296,163,133
9907,C4920,1,5,District-Punch,Rural,20-29,1823,1245,578,128,74,54,630,504,126,126,73,53,336,219,117,58,31,27,66,37,29,294,190,104,185,117,68
9908,C4920,1,5,District-Punch,Rural,30-39,1487,993,494,140,84,56,470,344,126,98,71,27,314,217,97,62,36,26,65,42,23,203,122,81,135,77,58
9909,C4920,1,5,District-Punch,Rural,40-49,1199,747,452,160,84,76,281,180,101,72,49,23,279,195,84,72,35,37,51,32,19,148,93,55,136,79,57
9910,C4920,1,5,District-Punch,Rural,50-59,944,561,383,173,97,76,206,109,97,40,25,15,238,158,80,34,16,18,33,22,11,124,78,46,96,56,40
9911,C4920,1,5,District-Punch,Rural,60-69,928,530,398,265,137,128,167,90,77,34,18,16,241,162,79,12,6,6,17,10,7,105,61,44,87,46,41
9912,C4920,1,5,District-Punch,Rural,70-79,810,455,355,286,144,142,151,95,56,17,10,7,155,102,53,12,4,8,5,2,3,57,36,21,127,62,65
9913,C4920,1,5,District-Punch,Rural,80-89,516,302,214,177,84,93,100,65,35,16,11,5,82,57,25,4,3,1,6,3,3,22,16,6,109,63,46
9914,C4920,1,5,District-Punch,Rural,90+,252,145,107,78,45,33,45,27,18,1,0,1,35,16,19,1,1,0,2,2,0,16,12,4,74,42,32
9915,C4920,1,5,District-Punch,Rural,Age Not Stated,13,9,4,4,3,1,5,4,1,1,1,0,1,0,1,0,0,0,0,0,0,2,1,1,0,0,0
9916,C4920,1,5,District-Punch,Urban,Total,808,512,296,104,61,43,149,85,64,46,27,19,153,107,46,19,11,8,26,16,10,248,166,82,63,39,24
9917,C4920,1,5,District-Punch,Urban,0-4,40,19,21,5,1,4,9,7,2,1,1,0,3,2,1,0,0,0,0,0,0,21,8,13,1,0,1
9918,C4920,1,5,District-Punch,Urban,5-9,55,37,18,2,2,0,13,9,4,6,2,4,2,0,2,2,2,0,2,2,0,25,18,7,3,2,1
9919,C4920,1,5,District-Punch,Urban,10-19,134,80,54,18,11,7,33,20,13,7,2,5,14,11,3,6,1,5,3,2,1,41,22,19,12,11,1
9920,C4920,1,5,District-Punch,Urban,20-29,123,76,47,14,7,7,14,4,10,11,8,3,22,12,10,3,1,2,4,1,3,42,35,7,13,8,5
9921,C4920,1,5,District-Punch,Urban,30-39,125,90,35,8,5,3,22,12,10,7,4,3,29,23,6,2,2,0,2,2,0,46,36,10,9,6,3
9922,C4920,1,5,District-Punch,Urban,40-49,129,94,35,19,15,4,18,8,10,7,5,2,30,25,5,4,4,0,6,6,0,37,26,11,8,5,3
9923,C4920,1,5,District-Punch,Urban,50-59,73,41,32,9,6,3,17,10,7,2,2,0,22,11,11,0,0,0,2,0,2,18,11,7,3,1,2
9924,C4920,1,5,District-Punch,Urban,60-69,59,36,23,14,7,7,9,8,1,3,2,1,14,11,3,1,1,0,4,2,2,11,4,7,3,1,2
9925,C4920,1,5,District-Punch,Urban,70-79,41,24,17,11,4,7,4,2,2,1,1,0,13,10,3,1,0,1,1,1,0,5,4,1,5,2,3
9926,C4920,1,5,District-Punch,Urban,80-89,17,9,8,1,1,0,8,3,5,1,0,1,2,2,0,0,0,0,1,0,1,2,2,0,2,1,1
9927,C4920,1,5,District-Punch,Urban,90+,10,4,6,2,1,1,2,2,0,0,0,0,2,0,2,0,0,0,1,0,1,0,0,0,3,1,2
9928,C4920,1,5,District-Punch,Urban,Age Not Stated,2,2,0,1,1,0,0,0,0,0,0,0,0,0,0,0,0,0,0,0,0,0,0,0,1,1,0
9929,C4920,1,6,District-Rajouri,Total,Total,16743,9782,6961,4191,2240,1951,3608,2174,1434,979,614,365,2577,1639,938,731,430,301,496,300,196,2519,1464,1055,1642,921,721
9930,C4920,1,6,District-Rajouri,Total,0-4,1002,514,488,333,177,156,222,114,108,29,14,15,64,36,28,33,13,20,3,3,0,247,125,122,71,32,39
9931,C4920,1,6,District-Rajouri,Total,5-9,1370,755,615,351,172,179,267,141,126,135,88,47,126,80,46,57,32,25,21,14,7,242,128,114,171,100,71
9932,C4920,1,6,District-Rajouri,Total,10-19,2894,1627,1267,672,356,316,515,278,237,236,139,97,370,239,131,164,92,72,77,52,25,540,287,253,320,184,136
9933,C4920,1,6,District-Rajouri,Total,20-29,2709,1680,1029,571,318,253,653,462,191,188,121,67,406,246,160,151,90,61,99,61,38,416,253,163,225,129,96
9934,C4920,1,6,District-Rajouri,Total,30-39,2360,1509,851,470,264,206,569,379,190,136,91,45,401,285,116,119,77,42,119,66,53,361,223,138,185,124,61
9935,C4920,1,6,District-Rajouri,Total,40-49,1755,1105,650,396,234,162,407,248,159,106,63,43,290,203,87,84,56,28,79,47,32,265,181,84,128,73,55
9936,C4920,1,6,District-Rajouri,Total,50-59,1290,790,500,335,201,134,267,172,95,66,42,24,267,166,101,53,29,24,42,23,19,159,96,63,101,61,40
9937,C4920,1,6,District-Rajouri,Total,60-69,1301,708,593,384,183,201,247,132,115,40,27,13,312,187,125,42,24,18,33,19,14,125,78,47,118,58,60
9938,C4920,1,6,District-Rajouri,Total,70-79,1062,574,488,346,172,174,227,136,91,24,17,7,197,113,84,20,13,7,19,12,7,97,52,45,132,59,73
9939,C4920,1,6,District-Rajouri,Total,80-89,639,323,316,226,109,117,143,65,78,12,5,7,102,59,43,6,2,4,2,2,0,36,22,14,112,59,53
9940,C4920,1,6,District-Rajouri,Total,90+,339,187,152,100,52,48,83,44,39,6,6,0,40,24,16,2,2,0,2,1,1,27,16,11,79,42,37
9941,C4920,1,6,District-Rajouri,Total,Age Not Stated,22,10,12,7,2,5,8,3,5,1,1,0,2,1,1,0,0,0,0,0,0,4,3,1,0,0,0
9942,C4920,1,6,District-Rajouri,Rural,Total,15808,9128,6680,4026,2134,1892,3368,1993,1375,909,564,345,2442,1555,887,690,400,290,472,284,188,2316,1306,1010,1585,892,693
9943,C4920,1,6,District-Rajouri,Rural,0-4,971,497,474,329,174,155,212,108,104,28,14,14,64,36,28,32,13,19,3,3,0,235,118,117,68,31,37
9944,C4920,1,6,District-Rajouri,Rural,5-9,1321,718,603,342,165,177,259,135,124,127,80,47,123,79,44,55,31,24,19,12,7,230,121,109,166,95,71
9945,C4920,1,6,District-Rajouri,Rural,10-19,2782,1564,1218,655,350,305,487,263,224,225,132,93,360,233,127,156,85,71,72,50,22,517,271,246,310,180,130
9946,C4920,1,6,District-Rajouri,Rural,20-29,2475,1506,969,533,294,239,583,403,180,173,111,62,384,234,150,137,79,58,93,58,35,359,206,153,213,121,92
9947,C4920,1,6,District-Rajouri,Rural,30-39,2171,1357,814,437,237,200,516,334,182,122,79,43,374,264,110,113,74,39,116,63,53,315,185,130,178,121,57
9948,C4920,1,6,District-Rajouri,Rural,40-49,1605,987,618,368,214,154,369,213,156,98,56,42,266,189,77,77,50,27,74,42,32,231,152,79,122,71,51
9949,C4920,1,6,District-Rajouri,Rural,50-59,1224,744,480,322,192,130,252,162,90,62,39,23,248,153,95,52,28,24,42,23,19,150,88,62,96,59,37
9950,C4920,1,6,District-Rajouri,Rural,60-69,1259,689,570,372,178,194,241,130,111,36,27,9,301,179,122,41,24,17,31,18,13,121,76,45,116,57,59
9951,C4920,1,6,District-Rajouri,Rural,70-79,1022,556,466,342,170,172,222,135,87,21,15,6,181,106,75,19,12,7,18,12,6,91,48,43,128,58,70
9952,C4920,1,6,District-Rajouri,Rural,80-89,623,316,307,222,107,115,138,64,74,10,4,6,99,57,42,6,2,4,2,2,0,36,22,14,110,58,52
9953,C4920,1,6,District-Rajouri,Rural,90+,335,185,150,98,51,47,82,44,38,6,6,0,40,24,16,2,2,0,2,1,1,27,16,11,78,41,37
9954,C4920,1,6,District-Rajouri,Rural,Age Not Stated,20,9,11,6,2,4,7,2,5,1,1,0,2,1,1,0,0,0,0,0,0,4,3,1,0,0,0
9955,C4920,1,6,District-Rajouri,Urban,Total,935,654,281,165,106,59,240,181,59,70,50,20,135,84,51,41,30,11,24,16,8,203,158,45,57,29,28
9956,C4920,1,6,District-Rajouri,Urban,0-4,31,17,14,4,3,1,10,6,4,1,0,1,0,0,0,1,0,1,0,0,0,12,7,5,3,1,2
9957,C4920,1,6,District-Rajouri,Urban,5-9,49,37,12,9,7,2,8,6,2,8,8,0,3,1,2,2,1,1,2,2,0,12,7,5,5,5,0
9958,C4920,1,6,District-Rajouri,Urban,10-19,112,63,49,17,6,11,28,15,13,11,7,4,10,6,4,8,7,1,5,2,3,23,16,7,10,4,6
9959,C4920,1,6,District-Rajouri,Urban,20-29,234,174,60,38,24,14,70,59,11,15,10,5,22,12,10,14,11,3,6,3,3,57,47,10,12,8,4
9960,C4920,1,6,District-Rajouri,Urban,30-39,189,152,37,33,27,6,53,45,8,14,12,2,27,21,6,6,3,3,3,3,0,46,38,8,7,3,4
9961,C4920,1,6,District-Rajouri,Urban,40-49,150,118,32,28,20,8,38,35,3,8,7,1,24,14,10,7,6,1,5,5,0,34,29,5,6,2,4
9962,C4920,1,6,District-Rajouri,Urban,50-59,66,46,20,13,9,4,15,10,5,4,3,1,19,13,6,1,1,0,0,0,0,9,8,1,5,2,3
9963,C4920,1,6,District-Rajouri,Urban,60-69,42,19,23,12,5,7,6,2,4,4,0,4,11,8,3,1,0,1,2,1,1,4,2,2,2,1,1
9964,C4920,1,6,District-Rajouri,Urban,70-79,40,18,22,4,2,2,5,1,4,3,2,1,16,7,9,1,1,0,1,0,1,6,4,2,4,1,3
9965,C4920,1,6,District-Rajouri,Urban,80-89,16,7,9,4,2,2,5,1,4,2,1,1,3,2,1,0,0,0,0,0,0,0,0,0,2,1,1
9966,C4920,1,6,District-Rajouri,Urban,90+,4,2,2,2,1,1,1,0,1,0,0,0,0,0,0,0,0,0,0,0,0,0,0,0,1,1,0
9967,C4920,1,6,District-Rajouri,Urban,Age Not Stated,2,1,1,1,0,1,1,1,0,0,0,0,0,0,0,0,0,0,0,0,0,0,0,0,0,0,0
9968,C4920,1,7,District-Kathua,Total,Total,16728,9605,7123,5077,2749,2328,2973,1679,1294,1108,677,431,2446,1547,899,705,438,267,441,260,181,2485,1427,1058,1493,828,665
9969,C4920,1,7,District-Kathua,Total,0-4,869,502,367,342,199,143,173,98,75,19,13,6,60,34,26,32,22,10,6,4,2,194,104,90,43,28,15
9970,C4920,1,7,District-Kathua,Total,5-9,1286,729,557,438,246,192,195,117,78,122,75,47,105,66,39,62,36,26,13,4,9,220,115,105,131,70,61
9971,C4920,1,7,District-Kathua,Total,10-19,2728,1618,1110,840,457,383,434,260,174,265,164,101,267,170,97,175,112,63,73,46,27,422,251,171,252,158,94
9972,C4920,1,7,District-Kathua,Total,20-29,2532,1454,1078,751,403,348,413,222,191,170,96,74,371,232,139,133,77,56,90,61,29,409,234,175,195,129,66
9973,C4920,1,7,District-Kathua,Total,30-39,2365,1435,930,619,346,273,388,230,158,194,122,72,439,294,145,128,83,45,80,49,31,374,218,156,143,93,50
9974,C4920,1,7,District-Kathua,Total,40-49,1973,1240,733,510,303,207,343,208,135,141,92,49,356,244,112,92,56,36,84,49,35,331,209,122,116,79,37
9975,C4920,1,7,District-Kathua,Total,50-59,1402,828,574,423,231,192,262,157,105,90,55,35,269,179,90,45,32,13,35,19,16,206,119,87,72,36,36
9976,C4920,1,7,District-Kathua,Total,60-69,1374,740,634,459,238,221,287,158,129,55,33,22,238,141,97,13,8,5,31,14,17,180,101,79,111,47,64
9977,C4920,1,7,District-Kathua,Total,70-79,1251,598,653,394,174,220,281,135,146,38,20,18,227,122,105,16,10,6,22,11,11,82,45,37,191,81,110
9978,C4920,1,7,District-Kathua,Total,80-89,701,331,370,234,109,125,158,77,81,13,6,7,89,46,43,7,2,5,7,3,4,43,21,22,150,67,83
9979,C4920,1,7,District-Kathua,Total,90+,230,118,112,64,41,23,36,15,21,1,1,0,22,16,6,2,0,2,0,0,0,17,6,11,88,39,49
9980,C4920,1,7,District-Kathua,Total,Age Not Stated,17,12,5,3,2,1,3,2,1,0,0,0,3,3,0,0,0,0,0,0,0,7,4,3,1,1,0
9981,C4920,1,7,District-Kathua,Rural,Total,14257,8240,6017,3972,2146,1826,2579,1463,1116,997,609,388,2200,1402,798,602,379,223,390,233,157,2155,1251,904,1362,757,605
9982,C4920,1,7,District-Kathua,Rural,0-4,742,438,304,257,157,100,153,86,67,18,13,5,58,34,24,30,21,9,6,4,2,180,97,83,40,26,14
9983,C4920,1,7,District-Kathua,Rural,5-9,1105,635,470,335,193,142,169,102,67,120,74,46,97,65,32,52,28,24,12,4,8,206,107,99,114,62,52
9984,C4920,1,7,District-Kathua,Rural,10-19,2345,1401,944,667,361,306,370,224,146,243,153,90,243,155,88,152,100,52,65,41,24,370,221,149,235,146,89
9985,C4920,1,7,District-Kathua,Rural,20-29,2076,1197,879,536,290,246,346,182,164,149,83,66,342,214,128,105,61,44,82,57,25,346,198,148,170,112,58
9986,C4920,1,7,District-Kathua,Rural,30-39,2005,1233,772,454,246,208,342,206,136,173,107,66,403,274,129,115,75,40,72,45,27,319,191,128,127,89,38
9987,C4920,1,7,District-Kathua,Rural,40-49,1633,1032,601,375,224,151,303,185,118,119,74,45,317,215,102,79,50,29,68,39,29,270,176,94,102,69,33
9988,C4920,1,7,District-Kathua,Rural,50-59,1160,691,469,331,182,149,224,134,90,75,46,29,235,156,79,33,25,8,30,17,13,166,97,69,66,34,32
9989,C4920,1,7,District-Kathua,Rural,60-69,1206,656,550,392,205,187,250,139,111,50,32,18,209,126,83,12,7,5,30,14,16,162,92,70,101,41,60
9990,C4920,1,7,District-Kathua,Rural,70-79,1111,529,582,350,150,200,237,117,120,37,20,17,197,105,92,15,10,5,18,9,9,74,41,33,183,77,106
9991,C4920,1,7,District-Kathua,Rural,80-89,643,307,336,215,101,114,148,71,77,12,6,6,77,41,36,7,2,5,7,3,4,39,21,18,138,62,76
9992,C4920,1,7,District-Kathua,Rural,90+,214,109,105,57,35,22,34,15,19,1,1,0,19,14,5,2,0,2,0,0,0,16,6,10,85,38,47
9993,C4920,1,7,District-Kathua,Rural,Age Not Stated,17,12,5,3,2,1,3,2,1,0,0,0,3,3,0,0,0,0,0,0,0,7,4,3,1,1,0
9994,C4920,1,7,District-Kathua,Urban,Total,2471,1365,1106,1105,603,502,394,216,178,111,68,43,246,145,101,103,59,44,51,27,24,330,176,154,131,71,60
9995,C4920,1,7,District-Kathua,Urban,0-4,127,64,63,85,42,43,20,12,8,1,0,1,2,0,2,2,1,1,0,0,0,14,7,7,3,2,1
9996,C4920,1,7,District-Kathua,Urban,5-9,181,94,87,103,53,50,26,15,11,2,1,1,8,1,7,10,8,2,1,0,1,14,8,6,17,8,9
9997,C4920,1,7,District-Kathua,Urban,10-19,383,217,166,173,96,77,64,36,28,22,11,11,24,15,9,23,12,11,8,5,3,52,30,22,17,12,5
9998,C4920,1,7,District-Kathua,Urban,20-29,456,257,199,215,113,102,67,40,27,21,13,8,29,18,11,28,16,12,8,4,4,63,36,27,25,17,8
9999,C4920,1,7,District-Kathua,Urban,30-39,360,202,158,165,100,65,46,24,22,21,15,6,36,20,16,13,8,5,8,4,4,55,27,28,16,4,12
10000,C4920,1,7,District-Kathua,Urban,40-49,340,208,132,135,79,56,40,23,17,22,18,4,39,29,10,13,6,7,16,10,6,61,33,28,14,10,4
10001,C4920,1,7,District-Kathua,Urban,50-59,242,137,105,92,49,43,38,23,15,15,9,6,34,23,11,12,7,5,5,2,3,40,22,18,6,2,4
10002,C4920,1,7,District-Kathua,Urban,60-69,168,84,84,67,33,34,37,19,18,5,1,4,29,15,14,1,1,0,1,0,1,18,9,9,10,6,4
10003,C4920,1,7,District-Kathua,Urban,70-79,140,69,71,44,24,20,44,18,26,1,0,1,30,17,13,1,0,1,4,2,2,8,4,4,8,4,4
10004,C4920,1,7,District-Kathua,Urban,80-89,58,24,34,19,8,11,10,6,4,1,0,1,12,5,7,0,0,0,0,0,0,4,0,4,12,5,7
10005,C4920,1,7,District-Kathua,Urban,90+,16,9,7,7,6,1,2,0,2,0,0,0,3,2,1,0,0,0,0,0,0,1,0,1,3,1,2
10006,C4920,1,7,District-Kathua,Urban,Age Not Stated,0,0,0,0,0,0,0,0,0,0,0,0,0,0,0,0,0,0,0,0,0,0,0,0,0,0,0
10007,C4920,1,8,District-Baramula,Total,Total,26491,15306,11185,4561,2495,2066,5728,3349,2379,1503,921,582,4767,2915,1852,1303,757,546,1456,822,634,4382,2462,1920,2791,1585,1206
10008,C4920,1,8,District-Baramula,Total,0-4,1338,751,587,274,154,120,412,239,173,18,9,9,134,76,58,58,26,32,21,10,11,332,186,146,89,51,38
10009,C4920,1,8,District-Baramula,Total,5-9,1954,1111,843,360,202,158,426,221,205,192,123,69,240,142,98,105,58,47,70,36,34,353,206,147,208,123,85
10010,C4920,1,8,District-Baramula,Total,10-19,4988,2777,2211,788,427,361,996,535,461,410,255,155,791,481,310,307,146,161,270,154,116,905,472,433,521,307,214
10011,C4920,1,8,District-Baramula,Total,20-29,4137,2445,1692,589,321,268,855,539,316,246,145,101,799,467,332,254,165,89,283,158,125,766,443,323,345,207,138
10012,C4920,1,8,District-Baramula,Total,30-39,3413,2087,1326,431,244,187,762,484,278,226,151,75,628,391,237,208,137,71,228,130,98,638,384,254,292,166,126
10013,C4920,1,8,District-Baramula,Total,40-49,3019,1866,1153,424,259,165,665,419,246,171,109,62,597,383,214,180,116,64,233,142,91,471,272,199,278,166,112
10014,C4920,1,8,District-Baramula,Total,50-59,2229,1245,984,422,235,187,452,247,205,115,63,52,497,293,204,84,41,43,146,86,60,313,162,151,200,118,82
10015,C4920,1,8,District-Baramula,Total,60-69,2326,1279,1047,495,247,248,522,290,232,65,37,28,499,307,192,70,46,24,115,63,52,279,142,137,281,147,134
10016,C4920,1,8,District-Baramula,Total,70-79,1886,1041,845,472,234,238,406,232,174,37,18,19,384,244,140,24,15,9,59,30,29,201,124,77,303,144,159
10017,C4920,1,8,District-Baramula,Total,80-89,835,482,353,206,110,96,161,97,64,15,7,8,158,105,53,11,5,6,22,10,12,86,45,41,176,103,73
10018,C4920,1,8,District-Baramula,Total,90+,331,202,129,97,60,37,63,41,22,4,1,3,38,25,13,1,1,0,6,3,3,26,19,7,96,52,44
10019,C4920,1,8,District-Baramula,Total,Age Not Stated,35,20,15,3,2,1,8,5,3,4,3,1,2,1,1,1,1,0,3,0,3,12,7,5,2,1,1
10020,C4920,1,8,District-Baramula,Rural,Total,22391,12903,9488,4015,2208,1807,4430,2580,1850,1281,795,486,4221,2573,1648,1087,619,468,1292,722,570,3596,1992,1604,2469,1414,1055
10021,C4920,1,8,District-Baramula,Rural,0-4,1144,638,506,243,137,106,329,189,140,15,8,7,121,69,52,50,23,27,19,10,9,289,157,132,78,45,33
10022,C4920,1,8,District-Baramula,Rural,5-9,1713,976,737,333,184,149,349,185,164,164,108,56,209,125,84,97,53,44,63,32,31,308,177,131,190,112,78
10023,C4920,1,8,District-Baramula,Rural,10-19,4286,2402,1884,698,383,315,791,442,349,360,224,136,715,432,283,259,120,139,238,134,104,757,393,364,468,274,194
10024,C4920,1,8,District-Baramula,Rural,20-29,3371,1968,1403,505,269,236,610,382,228,199,121,78,696,401,295,222,143,79,249,134,115,585,335,250,305,183,122
10025,C4920,1,8,District-Baramula,Rural,30-39,2769,1655,1114,376,213,163,545,331,214,191,126,65,548,338,210,161,105,56,198,109,89,498,288,210,252,145,107
10026,C4920,1,8,District-Baramula,Rural,40-49,2508,1540,968,374,228,146,477,296,181,151,99,52,532,345,187,145,91,54,203,124,79,379,215,164,247,142,105
10027,C4920,1,8,District-Baramula,Rural,50-59,1912,1070,842,369,208,161,366,195,171,98,53,45,442,261,181,68,32,36,132,80,52,256,132,124,181,109,72
10028,C4920,1,8,District-Baramula,Rural,60-69,2003,1113,890,426,222,204,432,239,193,54,32,22,442,272,170,55,33,22,109,60,49,243,124,119,242,131,111
10029,C4920,1,8,District-Baramula,Rural,70-79,1638,921,717,419,211,208,337,200,137,29,14,15,341,212,129,19,13,6,52,26,26,176,112,64,265,133,132
10030,C4920,1,8,District-Baramula,Rural,80-89,723,422,301,185,99,86,135,83,52,14,7,7,138,94,44,9,4,5,20,10,10,70,35,35,152,90,62
10031,C4920,1,8,District-Baramula,Rural,90+,297,183,114,84,52,32,55,36,19,4,1,3,36,23,13,1,1,0,6,3,3,24,18,6,87,49,38
10032,C4920,1,8,District-Baramula,Rural,Age Not Stated,27,15,12,3,2,1,4,2,2,2,2,0,1,1,0,1,1,0,3,0,3,11,6,5,2,1,1
10033,C4920,1,8,District-Baramula,Urban,Total,4100,2403,1697,546,287,259,1298,769,529,222,126,96,546,342,204,216,138,78,164,100,64,786,470,316,322,171,151
10034,C4920,1,8,District-Baramula,Urban,0-4,194,113,81,31,17,14,83,50,33,3,1,2,13,7,6,8,3,5,2,0,2,43,29,14,11,6,5
10035,C4920,1,8,District-Baramula,Urban,5-9,241,135,106,27,18,9,77,36,41,28,15,13,31,17,14,8,5,3,7,4,3,45,29,16,18,11,7
10036,C4920,1,8,District-Baramula,Urban,10-19,702,375,327,90,44,46,205,93,112,50,31,19,76,49,27,48,26,22,32,20,12,148,79,69,53,33,20
10037,C4920,1,8,District-Baramula,Urban,20-29,766,477,289,84,52,32,245,157,88,47,24,23,103,66,37,32,22,10,34,24,10,181,108,73,40,24,16
10038,C4920,1,8,District-Baramula,Urban,30-39,644,432,212,55,31,24,217,153,64,35,25,10,80,53,27,47,32,15,30,21,9,140,96,44,40,21,19
10039,C4920,1,8,District-Baramula,Urban,40-49,511,326,185,50,31,19,188,123,65,20,10,10,65,38,27,35,25,10,30,18,12,92,57,35,31,24,7
10040,C4920,1,8,District-Baramula,Urban,50-59,317,175,142,53,27,26,86,52,34,17,10,7,55,32,23,16,9,7,14,6,8,57,30,27,19,9,10
10041,C4920,1,8,District-Baramula,Urban,60-69,323,166,157,69,25,44,90,51,39,11,5,6,57,35,22,15,13,2,6,3,3,36,18,18,39,16,23
10042,C4920,1,8,District-Baramula,Urban,70-79,248,120,128,53,23,30,69,32,37,8,4,4,43,32,11,5,2,3,7,4,3,25,12,13,38,11,27
10043,C4920,1,8,District-Baramula,Urban,80-89,112,60,52,21,11,10,26,14,12,1,0,1,20,11,9,2,1,1,2,0,2,16,10,6,24,13,11
10044,C4920,1,8,District-Baramula,Urban,90+,34,19,15,13,8,5,8,5,3,0,0,0,2,2,0,0,0,0,0,0,0,2,1,1,9,3,6
10045,C4920,1,8,District-Baramula,Urban,Age Not Stated,8,5,3,0,0,0,4,3,1,2,1,1,1,0,1,0,0,0,0,0,0,1,1,0,0,0,0
10046,C4920,1,9,District-Bandipore,Total,Total,13792,7683,6109,2471,1382,1089,2960,1604,1356,592,348,244,2316,1339,977,553,317,236,853,499,354,2286,1213,1073,1761,981,780
10047,C4920,1,9,District-Bandipore,Total,0-4,760,410,350,136,72,64,272,141,131,17,12,5,79,52,27,15,5,10,5,4,1,178,86,92,58,38,20
10048,C4920,1,9,District-Bandipore,Total,5-9,1156,606,550,235,126,109,284,153,131,91,57,34,158,84,74,45,28,17,32,14,18,199,82,117,112,62,50
10049,C4920,1,9,District-Bandipore,Total,10-19,2741,1518,1223,504,283,221,603,319,284,171,99,72,388,223,165,136,81,55,112,72,40,522,269,253,305,172,133
10050,C4920,1,9,District-Bandipore,Total,20-29,1920,1078,842,258,146,112,350,189,161,99,60,39,344,183,161,100,52,48,150,90,60,411,230,181,208,128,80
10051,C4920,1,9,District-Bandipore,Total,30-39,1619,953,666,248,156,92,298,162,136,71,41,30,266,161,105,90,49,41,171,107,64,305,175,130,170,102,68
10052,C4920,1,9,District-Bandipore,Total,40-49,1372,776,596,221,119,102,243,138,105,61,37,24,253,147,106,67,40,27,152,80,72,251,145,106,124,70,54
10053,C4920,1,9,District-Bandipore,Total,50-59,1108,605,503,189,107,82,233,123,110,34,18,16,216,125,91,46,27,19,111,61,50,172,91,81,107,53,54
10054,C4920,1,9,District-Bandipore,Total,60-69,1307,678,629,275,149,126,271,137,134,35,21,14,263,150,113,32,22,10,85,46,39,131,66,65,215,87,128
10055,C4920,1,9,District-Bandipore,Total,70-79,1131,649,482,245,124,121,248,139,109,9,2,7,241,152,89,12,10,2,25,18,7,83,46,37,268,158,110
10056,C4920,1,9,District-Bandipore,Total,80-89,477,277,200,125,77,48,114,73,41,2,1,1,70,37,33,9,3,6,7,4,3,22,14,8,128,68,60
10057,C4920,1,9,District-Bandipore,Total,90+,188,124,64,35,23,12,37,25,12,1,0,1,36,24,12,1,0,1,3,3,0,9,6,3,66,43,23
10058,C4920,1,9,District-Bandipore,Total,Age Not Stated,13,9,4,0,0,0,7,5,2,1,0,1,2,1,1,0,0,0,0,0,0,3,3,0,0,0,0
10059,C4920,1,9,District-Bandipore,Rural,Total,11560,6423,5137,2032,1132,900,2540,1387,1153,479,282,197,1936,1117,819,463,258,205,705,421,284,1918,999,919,1487,827,660
10060,C4920,1,9,District-Bandipore,Rural,0-4,684,369,315,125,67,58,262,135,127,15,11,4,68,45,23,12,3,9,2,1,1,151,74,77,49,33,16
10061,C4920,1,9,District-Bandipore,Rural,5-9,1004,527,477,209,109,100,257,137,120,76,48,28,143,74,69,35,21,14,22,11,11,164,71,93,98,56,42
10062,C4920,1,9,District-Bandipore,Rural,10-19,2366,1304,1062,432,238,194,535,287,248,143,82,61,325,184,141,117,72,45,95,63,32,457,232,225,262,146,116
10063,C4920,1,9,District-Bandipore,Rural,20-29,1592,894,698,217,126,91,306,166,140,78,50,28,287,151,136,85,42,43,122,75,47,327,180,147,170,104,66
10064,C4920,1,9,District-Bandipore,Rural,30-39,1327,768,559,207,127,80,254,137,117,57,32,25,211,126,85,73,36,37,137,91,46,250,136,114,138,83,55
10065,C4920,1,9,District-Bandipore,Rural,40-49,1147,640,507,186,97,89,192,111,81,46,27,19,207,122,85,58,34,24,133,69,64,221,124,97,104,56,48
10066,C4920,1,9,District-Bandipore,Rural,50-59,920,501,419,156,89,67,182,99,83,29,15,14,179,102,77,38,21,17,99,55,44,147,76,71,90,44,46
10067,C4920,1,9,District-Bandipore,Rural,60-69,1045,545,500,209,115,94,216,108,108,23,14,9,223,133,90,26,17,9,68,36,32,104,50,54,176,72,104
10068,C4920,1,9,District-Bandipore,Rural,70-79,910,519,391,177,88,89,198,111,87,9,2,7,199,126,73,11,9,2,21,15,6,68,37,31,227,131,96
10069,C4920,1,9,District-Bandipore,Rural,80-89,386,235,151,86,57,29,98,69,29,2,1,1,59,29,30,7,3,4,3,2,1,19,12,7,112,62,50
10070,C4920,1,9,District-Bandipore,Rural,90+,168,113,55,28,19,9,34,23,11,0,0,0,34,24,10,1,0,1,3,3,0,7,4,3,61,40,21
10071,C4920,1,9,District-Bandipore,Rural,Age Not Stated,11,8,3,0,0,0,6,4,2,1,0,1,1,1,0,0,0,0,0,0,0,3,3,0,0,0,0
10072,C4920,1,9,District-Bandipore,Urban,Total,2232,1260,972,439,250,189,420,217,203,113,66,47,380,222,158,90,59,31,148,78,70,368,214,154,274,154,120
10073,C4920,1,9,District-Bandipore,Urban,0-4,76,41,35,11,5,6,10,6,4,2,1,1,11,7,4,3,2,1,3,3,0,27,12,15,9,5,4
10074,C4920,1,9,District-Bandipore,Urban,5-9,152,79,73,26,17,9,27,16,11,15,9,6,15,10,5,10,7,3,10,3,7,35,11,24,14,6,8
10075,C4920,1,9,District-Bandipore,Urban,10-19,375,214,161,72,45,27,68,32,36,28,17,11,63,39,24,19,9,10,17,9,8,65,37,28,43,26,17
10076,C4920,1,9,District-Bandipore,Urban,20-29,328,184,144,41,20,21,44,23,21,21,10,11,57,32,25,15,10,5,28,15,13,84,50,34,38,24,14
10077,C4920,1,9,District-Bandipore,Urban,30-39,292,185,107,41,29,12,44,25,19,14,9,5,55,35,20,17,13,4,34,16,18,55,39,16,32,19,13
10078,C4920,1,9,District-Bandipore,Urban,40-49,225,136,89,35,22,13,51,27,24,15,10,5,46,25,21,9,6,3,19,11,8,30,21,9,20,14,6
10079,C4920,1,9,District-Bandipore,Urban,50-59,188,104,84,33,18,15,51,24,27,5,3,2,37,23,14,8,6,2,12,6,6,25,15,10,17,9,8
10080,C4920,1,9,District-Bandipore,Urban,60-69,262,133,129,66,34,32,55,29,26,12,7,5,40,17,23,6,5,1,17,10,7,27,16,11,39,15,24
10081,C4920,1,9,District-Bandipore,Urban,70-79,221,130,91,68,36,32,50,28,22,0,0,0,42,26,16,1,1,0,4,3,1,15,9,6,41,27,14
10082,C4920,1,9,District-Bandipore,Urban,80-89,91,42,49,39,20,19,16,4,12,0,0,0,11,8,3,2,0,2,4,2,2,3,2,1,16,6,10
10083,C4920,1,9,District-Bandipore,Urban,90+,20,11,9,7,4,3,3,2,1,1,0,1,2,0,2,0,0,0,0,0,0,2,2,0,5,3,2
10084,C4920,1,9,District-Bandipore,Urban,Age Not Stated,2,1,1,0,0,0,1,1,0,0,0,0,1,0,1,0,0,0,0,0,0,0,0,0,0,0,0
10085,C4920,1,10,District-Srinagar,Total,Total,26373,14694,11679,5358,2819,2539,6667,3701,2966,1288,726,562,2773,1669,1104,1857,1124,733,1218,736,482,5105,2769,2336,2107,1150,957
10086,C4920,1,10,District-Srinagar,Total,0-4,1354,746,608,384,204,180,444,241,203,19,9,10,51,27,24,86,57,29,16,12,4,290,166,124,64,30,34
10087,C4920,1,10,District-Srinagar,Total,5-9,1707,908,799,413,210,203,432,225,207,139,75,64,111,60,51,138,79,59,40,23,17,300,154,146,134,82,52
10088,C4920,1,10,District-Srinagar,Total,10-19,3993,2214,1779,910,511,399,912,477,435,267,151,116,316,189,127,332,190,142,179,106,73,716,379,337,361,211,150
10089,C4920,1,10,District-Srinagar,Total,20-29,4426,2472,1954,857,462,395,1142,658,484,239,133,106,437,248,189,345,203,142,226,141,85,897,481,416,283,146,137
10090,C4920,1,10,District-Srinagar,Total,30-39,3961,2276,1685,708,361,347,978,574,404,200,108,92,401,258,143,345,210,135,253,145,108,787,443,344,289,177,112
10091,C4920,1,10,District-Srinagar,Total,40-49,3425,2061,1364,589,325,264,836,513,323,169,101,68,411,271,140,307,199,108,188,120,68,679,381,298,246,151,95
10092,C4920,1,10,District-Srinagar,Total,50-59,2608,1467,1141,508,259,249,627,359,268,124,68,56,319,207,112,158,100,58,145,98,47,539,277,262,188,99,89
10093,C4920,1,10,District-Srinagar,Total,60-69,2322,1258,1064,467,234,233,546,292,254,82,49,33,347,207,140,83,52,31,95,52,43,499,270,229,203,102,101
10094,C4920,1,10,District-Srinagar,Total,70-79,1686,854,832,365,186,179,498,229,269,39,28,11,255,137,118,41,25,16,47,26,21,247,140,107,194,83,111
10095,C4920,1,10,District-Srinagar,Total,80-89,659,319,340,114,51,63,191,97,94,8,4,4,98,48,50,17,6,11,21,9,12,103,52,51,107,52,55
10096,C4920,1,10,District-Srinagar,Total,90+,202,100,102,39,15,24,52,29,23,2,0,2,25,17,8,3,2,1,5,2,3,38,18,20,38,17,21
10097,C4920,1,10,District-Srinagar,Total,Age Not Stated,30,19,11,4,1,3,9,7,2,0,0,0,2,0,2,2,1,1,3,2,1,10,8,2,0,0,0
10098,C4920,1,10,District-Srinagar,Rural,Total,373,213,160,51,29,22,65,37,28,18,9,9,70,44,26,26,12,14,21,11,10,71,37,34,51,34,17
10099,C4920,1,10,District-Srinagar,Rural,0-4,23,12,11,6,2,4,6,4,2,0,0,0,3,1,2,0,0,0,0,0,0,6,3,3,2,2,0
10100,C4920,1,10,District-Srinagar,Rural,5-9,43,20,23,11,4,7,8,4,4,3,1,2,7,4,3,4,1,3,0,0,0,4,2,2,6,4,2
10101,C4920,1,10,District-Srinagar,Rural,10-19,60,34,26,3,2,1,5,3,2,6,5,1,14,8,6,9,4,5,5,3,2,7,3,4,11,6,5
10102,C4920,1,10,District-Srinagar,Rural,20-29,51,28,23,0,0,0,7,3,4,3,1,2,11,9,2,4,2,2,4,1,3,15,9,6,7,3,4
10103,C4920,1,10,District-Srinagar,Rural,30-39,48,28,20,4,4,0,11,7,4,3,1,2,9,5,4,5,3,2,1,1,0,6,2,4,9,5,4
10104,C4920,1,10,District-Srinagar,Rural,40-49,49,32,17,6,4,2,7,4,3,1,0,1,10,8,2,1,1,0,7,4,3,11,5,6,6,6,0
10105,C4920,1,10,District-Srinagar,Rural,50-59,26,14,12,1,0,1,7,2,5,0,0,0,7,5,2,1,0,1,3,2,1,6,4,2,1,1,0
10106,C4920,1,10,District-Srinagar,Rural,60-69,36,23,13,10,6,4,8,6,2,1,1,0,4,2,2,1,1,0,1,0,1,8,4,4,3,3,0
10107,C4920,1,10,District-Srinagar,Rural,70-79,20,13,7,6,3,3,3,2,1,0,0,0,3,2,1,0,0,0,0,0,0,6,4,2,2,2,0
10108,C4920,1,10,District-Srinagar,Rural,80-89,14,8,6,4,4,0,1,1,0,1,0,1,2,0,2,1,0,1,0,0,0,1,1,0,4,2,2
10109,C4920,1,10,District-Srinagar,Rural,90+,3,1,2,0,0,0,2,1,1,0,0,0,0,0,0,0,0,0,0,0,0,1,0,1,0,0,0
10110,C4920,1,10,District-Srinagar,Rural,Age Not Stated,0,0,0,0,0,0,0,0,0,0,0,0,0,0,0,0,0,0,0,0,0,0,0,0,0,0,0
10111,C4920,1,10,District-Srinagar,Urban,Total,26000,14481,11519,5307,2790,2517,6602,3664,2938,1270,717,553,2703,1625,1078,1831,1112,719,1197,725,472,5034,2732,2302,2056,1116,940
10112,C4920,1,10,District-Srinagar,Urban,0-4,1331,734,597,378,202,176,438,237,201,19,9,10,48,26,22,86,57,29,16,12,4,284,163,121,62,28,34
10113,C4920,1,10,District-Srinagar,Urban,5-9,1664,888,776,402,206,196,424,221,203,136,74,62,104,56,48,134,78,56,40,23,17,296,152,144,128,78,50
10114,C4920,1,10,District-Srinagar,Urban,10-19,3933,2180,1753,907,509,398,907,474,433,261,146,115,302,181,121,323,186,137,174,103,71,709,376,333,350,205,145
10115,C4920,1,10,District-Srinagar,Urban,20-29,4375,2444,1931,857,462,395,1135,655,480,236,132,104,426,239,187,341,201,140,222,140,82,882,472,410,276,143,133
10116,C4920,1,10,District-Srinagar,Urban,30-39,3913,2248,1665,704,357,347,967,567,400,197,107,90,392,253,139,340,207,133,252,144,108,781,441,340,280,172,108
10117,C4920,1,10,District-Srinagar,Urban,40-49,3376,2029,1347,583,321,262,829,509,320,168,101,67,401,263,138,306,198,108,181,116,65,668,376,292,240,145,95
10118,C4920,1,10,District-Srinagar,Urban,50-59,2582,1453,1129,507,259,248,620,357,263,124,68,56,312,202,110,157,100,57,142,96,46,533,273,260,187,98,89
10119,C4920,1,10,District-Srinagar,Urban,60-69,2286,1235,1051,457,228,229,538,286,252,81,48,33,343,205,138,82,51,31,94,52,42,491,266,225,200,99,101
10120,C4920,1,10,District-Srinagar,Urban,70-79,1666,841,825,359,183,176,495,227,268,39,28,11,252,135,117,41,25,16,47,26,21,241,136,105,192,81,111
10121,C4920,1,10,District-Srinagar,Urban,80-89,645,311,334,110,47,63,190,96,94,7,4,3,96,48,48,16,6,10,21,9,12,102,51,51,103,50,53
10122,C4920,1,10,District-Srinagar,Urban,90+,199,99,100,39,15,24,50,28,22,2,0,2,25,17,8,3,2,1,5,2,3,37,18,19,38,17,21
10123,C4920,1,10,District-Srinagar,Urban,Age Not Stated,30,19,11,4,1,3,9,7,2,0,0,0,2,0,2,2,1,1,3,2,1,10,8,2,0,0,0
10124,C4920,1,11,District-Ganderbal,Total,Total,9611,5199,4412,1931,1062,869,1726,944,782,451,267,184,1542,831,711,424,232,192,583,305,278,1960,1015,945,994,543,451
10125,C4920,1,11,District-Ganderbal,Total,0-4,510,281,229,137,75,62,109,53,56,8,8,0,65,43,22,24,13,11,10,5,5,131,72,59,26,12,14
10126,C4920,1,11,District-Ganderbal,Total,5-9,762,415,347,169,88,81,164,93,71,63,33,30,105,50,55,37,26,11,23,12,11,147,79,68,54,34,20
10127,C4920,1,11,District-Ganderbal,Total,10-19,1791,943,848,325,192,133,334,167,167,122,63,59,226,123,103,98,50,48,122,58,64,366,177,189,198,113,85
10128,C4920,1,11,District-Ganderbal,Total,20-29,1317,748,569,209,107,102,221,131,90,69,47,22,203,110,93,79,39,40,100,58,42,286,170,116,150,86,64
10129,C4920,1,11,District-Ganderbal,Total,30-39,1184,644,540,198,110,88,182,97,85,67,47,20,179,104,75,78,47,31,93,55,38,274,123,151,113,61,52
10130,C4920,1,11,District-Ganderbal,Total,40-49,1107,579,528,193,109,84,154,83,71,58,34,24,199,102,97,46,25,21,99,46,53,285,130,155,73,50,23
10131,C4920,1,11,District-Ganderbal,Total,50-59,883,472,411,186,97,89,139,86,53,21,14,7,158,82,76,24,13,11,63,36,27,204,102,102,88,42,46
10132,C4920,1,11,District-Ganderbal,Total,60-69,923,506,417,209,101,108,197,112,85,25,11,14,193,113,80,22,11,11,47,23,24,143,87,56,87,48,39
10133,C4920,1,11,District-Ganderbal,Total,70-79,672,365,307,184,108,76,137,77,60,9,6,3,137,70,67,11,5,6,18,9,9,81,45,36,95,45,50
10134,C4920,1,11,District-Ganderbal,Total,80-89,336,176,160,90,54,36,69,32,37,6,3,3,52,24,28,5,3,2,6,2,4,35,23,12,73,35,38
10135,C4920,1,11,District-Ganderbal,Total,90+,117,61,56,29,19,10,16,9,7,3,1,2,25,10,15,0,0,0,2,1,1,5,4,1,37,17,20
10136,C4920,1,11,District-Ganderbal,Total,Age Not Stated,9,9,0,2,2,0,4,4,0,0,0,0,0,0,0,0,0,0,0,0,0,3,3,0,0,0,0
10137,C4920,1,11,District-Ganderbal,Rural,Total,8356,4518,3838,1758,965,793,1514,835,679,389,235,154,1351,725,626,368,203,165,500,263,237,1622,831,791,854,461,393
10138,C4920,1,11,District-Ganderbal,Rural,0-4,463,248,215,126,69,57,94,42,52,6,6,0,60,39,21,23,13,10,9,4,5,121,65,56,24,10,14
10139,C4920,1,11,District-Ganderbal,Rural,5-9,704,389,315,165,87,78,146,83,63,56,30,26,99,48,51,33,24,9,18,9,9,137,75,62,50,33,17
10140,C4920,1,11,District-Ganderbal,Rural,10-19,1612,852,760,299,176,123,299,151,148,105,57,48,204,111,93,89,47,42,115,53,62,333,165,168,168,92,76
10141,C4920,1,11,District-Ganderbal,Rural,20-29,1152,649,503,192,99,93,193,116,77,61,42,19,174,91,83,69,35,34,83,47,36,253,146,107,127,73,54
10142,C4920,1,11,District-Ganderbal,Rural,30-39,1032,556,476,175,94,81,161,89,72,56,38,18,157,91,66,68,42,26,82,48,34,242,108,134,91,46,45
10143,C4920,1,11,District-Ganderbal,Rural,40-49,919,482,437,172,93,79,137,73,64,49,31,18,170,84,86,38,21,17,83,45,38,208,93,115,62,42,20
10144,C4920,1,11,District-Ganderbal,Rural,50-59,747,403,344,171,91,80,124,79,45,17,12,5,143,74,69,20,9,11,52,30,22,139,70,69,81,38,43
10145,C4920,1,11,District-Ganderbal,Rural,60-69,769,422,347,186,91,95,173,96,77,22,10,12,152,94,58,17,8,9,41,19,22,104,62,42,74,42,32
10146,C4920,1,11,District-Ganderbal,Rural,70-79,563,308,255,163,98,65,113,65,48,8,5,3,118,60,58,7,2,5,12,6,6,58,31,27,84,41,43
10147,C4920,1,11,District-Ganderbal,Rural,80-89,283,145,138,80,47,33,57,28,29,6,3,3,52,24,28,4,2,2,3,1,2,20,10,10,61,30,31
10148,C4920,1,11,District-Ganderbal,Rural,90+,103,55,48,27,18,9,13,9,4,3,1,2,22,9,13,0,0,0,2,1,1,4,3,1,32,14,18
10149,C4920,1,11,District-Ganderbal,Rural,Age Not Stated,9,9,0,2,2,0,4,4,0,0,0,0,0,0,0,0,0,0,0,0,0,3,3,0,0,0,0
10150,C4920,1,11,District-Ganderbal,Urban,Total,1255,681,574,173,97,76,212,109,103,62,32,30,191,106,85,56,29,27,83,42,41,338,184,154,140,82,58
10151,C4920,1,11,District-Ganderbal,Urban,0-4,47,33,14,11,6,5,15,11,4,2,2,0,5,4,1,1,0,1,1,1,0,10,7,3,2,2,0
10152,C4920,1,11,District-Ganderbal,Urban,5-9,58,26,32,4,1,3,18,10,8,7,3,4,6,2,4,4,2,2,5,3,2,10,4,6,4,1,3
10153,C4920,1,11,District-Ganderbal,Urban,10-19,179,91,88,26,16,10,35,16,19,17,6,11,22,12,10,9,3,6,7,5,2,33,12,21,30,21,9
10154,C4920,1,11,District-Ganderbal,Urban,20-29,165,99,66,17,8,9,28,15,13,8,5,3,29,19,10,10,4,6,17,11,6,33,24,9,23,13,10
10155,C4920,1,11,District-Ganderbal,Urban,30-39,152,88,64,23,16,7,21,8,13,11,9,2,22,13,9,10,5,5,11,7,4,32,15,17,22,15,7
10156,C4920,1,11,District-Ganderbal,Urban,40-49,188,97,91,21,16,5,17,10,7,9,3,6,29,18,11,8,4,4,16,1,15,77,37,40,11,8,3
10157,C4920,1,11,District-Ganderbal,Urban,50-59,136,69,67,15,6,9,15,7,8,4,2,2,15,8,7,4,4,0,11,6,5,65,32,33,7,4,3
10158,C4920,1,11,District-Ganderbal,Urban,60-69,154,84,70,23,10,13,24,16,8,3,1,2,41,19,22,5,3,2,6,4,2,39,25,14,13,6,7
10159,C4920,1,11,District-Ganderbal,Urban,70-79,109,57,52,21,10,11,24,12,12,1,1,0,19,10,9,4,3,1,6,3,3,23,14,9,11,4,7
10160,C4920,1,11,District-Ganderbal,Urban,80-89,53,31,22,10,7,3,12,4,8,0,0,0,0,0,0,1,1,0,3,1,2,15,13,2,12,5,7
10161,C4920,1,11,District-Ganderbal,Urban,90+,14,6,8,2,1,1,3,0,3,0,0,0,3,1,2,0,0,0,0,0,0,1,1,0,5,3,2
10162,C4920,1,11,District-Ganderbal,Urban,Age Not Stated,0,0,0,0,0,0,0,0,0,0,0,0,0,0,0,0,0,0,0,0,0,0,0,0,0,0,0
10163,C4920,1,12,District-Pulwama,Total,Total,25227,13068,12159,3714,1878,1836,4292,2240,2052,943,580,363,3634,2088,1546,854,497,357,1585,798,787,5865,2724,3141,4340,2263,2077
10164,C4920,1,12,District-Pulwama,Total,0-4,1018,589,429,98,52,46,443,247,196,19,13,6,66,38,28,17,10,7,21,10,11,247,150,97,107,69,38
10165,C4920,1,12,District-Pulwama,Total,5-9,1219,671,548,112,64,48,273,146,127,108,71,37,126,77,49,62,35,27,62,35,27,249,125,124,227,118,109
10166,C4920,1,12,District-Pulwama,Total,10-19,3103,1701,1402,362,192,170,656,373,283,194,112,82,374,215,159,178,111,67,155,79,76,594,305,289,590,314,276
10167,C4920,1,12,District-Pulwama,Total,20-29,3041,1660,1381,299,151,148,527,271,256,154,96,58,492,289,203,167,101,66,209,124,85,697,366,331,496,262,234
10168,C4920,1,12,District-Pulwama,Total,30-39,2929,1593,1336,317,176,141,428,223,205,147,97,50,513,320,193,133,78,55,265,139,126,738,331,407,388,229,159
10169,C4920,1,12,District-Pulwama,Total,40-49,3215,1628,1587,411,204,207,396,191,205,124,83,41,532,325,207,127,74,53,276,140,136,901,380,521,448,231,217
10170,C4920,1,12,District-Pulwama,Total,50-59,3096,1483,1613,564,264,300,375,176,199,78,47,31,487,264,223,71,39,32,230,102,128,852,355,497,439,236,203
10171,C4920,1,12,District-Pulwama,Total,60-69,3556,1667,1889,735,352,383,551,262,289,68,31,37,502,258,244,50,25,25,198,85,113,862,376,486,590,278,312
10172,C4920,1,12,District-Pulwama,Total,70-79,2716,1369,1347,536,274,262,435,225,210,37,21,16,360,202,158,36,19,17,121,57,64,546,254,292,645,317,328
10173,C4920,1,12,District-Pulwama,Total,80-89,1008,517,491,209,113,96,159,96,63,8,4,4,140,76,64,11,5,6,34,17,17,145,62,83,302,144,158
10174,C4920,1,12,District-Pulwama,Total,90+,294,173,121,66,34,32,42,28,14,2,2,0,37,20,17,2,0,2,14,10,4,25,14,11,106,65,41
10175,C4920,1,12,District-Pulwama,Total,Age Not Stated,32,17,15,5,2,3,7,2,5,4,3,1,5,4,1,0,0,0,0,0,0,9,6,3,2,0,2
10176,C4920,1,12,District-Pulwama,Rural,Total,21937,11410,10527,3032,1554,1478,3749,1949,1800,852,521,331,3229,1879,1350,768,449,319,1486,743,743,5049,2358,2691,3772,1957,1815
10177,C4920,1,12,District-Pulwama,Rural,0-4,840,490,350,80,44,36,322,179,143,16,10,6,61,36,25,17,10,7,19,10,9,225,138,87,100,63,37
10178,C4920,1,12,District-Pulwama,Rural,5-9,1107,610,497,92,52,40,248,132,116,98,62,36,115,72,43,59,34,25,59,33,26,226,115,111,210,110,100
10179,C4920,1,12,District-Pulwama,Rural,10-19,2805,1529,1276,314,169,145,587,332,255,175,101,74,346,199,147,161,101,60,143,70,73,545,275,270,534,282,252
10180,C4920,1,12,District-Pulwama,Rural,20-29,2654,1448,1206,250,134,116,461,235,226,138,86,52,434,258,176,151,92,59,192,111,81,595,308,287,433,224,209
10181,C4920,1,12,District-Pulwama,Rural,30-39,2572,1406,1166,273,154,119,389,197,192,134,89,45,458,293,165,123,72,51,249,130,119,612,278,334,334,193,141
10182,C4920,1,12,District-Pulwama,Rural,40-49,2746,1397,1349,316,153,163,336,161,175,119,80,39,454,280,174,109,63,46,255,129,126,769,330,439,388,201,187
10183,C4920,1,12,District-Pulwama,Rural,50-59,2640,1284,1356,447,214,233,335,157,178,70,42,28,433,243,190,62,35,27,220,98,122,706,296,410,367,199,168
10184,C4920,1,12,District-Pulwama,Rural,60-69,3053,1428,1625,580,276,304,495,233,262,57,27,30,439,223,216,41,22,19,185,79,106,747,330,417,509,238,271
10185,C4920,1,12,District-Pulwama,Rural,70-79,2352,1192,1160,439,228,211,391,204,187,34,18,16,324,185,139,32,15,17,116,56,60,481,224,257,535,262,273
10186,C4920,1,12,District-Pulwama,Rural,80-89,883,458,425,177,97,80,141,89,52,6,2,4,128,70,58,11,5,6,34,17,17,118,50,68,268,128,140
10187,C4920,1,12,District-Pulwama,Rural,90+,261,157,104,59,31,28,38,28,10,2,2,0,34,18,16,2,0,2,14,10,4,20,11,9,92,57,35
10188,C4920,1,12,District-Pulwama,Rural,Age Not Stated,24,11,13,5,2,3,6,2,4,3,2,1,3,2,1,0,0,0,0,0,0,5,3,2,2,0,2
10189,C4920,1,12,District-Pulwama,Urban,Total,3290,1658,1632,682,324,358,543,291,252,91,59,32,405,209,196,86,48,38,99,55,44,816,366,450,568,306,262
10190,C4920,1,12,District-Pulwama,Urban,0-4,178,99,79,18,8,10,121,68,53,3,3,0,5,2,3,0,0,0,2,0,2,22,12,10,7,6,1
10191,C4920,1,12,District-Pulwama,Urban,5-9,112,61,51,20,12,8,25,14,11,10,9,1,11,5,6,3,1,2,3,2,1,23,10,13,17,8,9
10192,C4920,1,12,District-Pulwama,Urban,10-19,298,172,126,48,23,25,69,41,28,19,11,8,28,16,12,17,10,7,12,9,3,49,30,19,56,32,24
10193,C4920,1,12,District-Pulwama,Urban,20-29,387,212,175,49,17,32,66,36,30,16,10,6,58,31,27,16,9,7,17,13,4,102,58,44,63,38,25
10194,C4920,1,12,District-Pulwama,Urban,30-39,357,187,170,44,22,22,39,26,13,13,8,5,55,27,28,10,6,4,16,9,7,126,53,73,54,36,18
10195,C4920,1,12,District-Pulwama,Urban,40-49,469,231,238,95,51,44,60,30,30,5,3,2,78,45,33,18,11,7,21,11,10,132,50,82,60,30,30
10196,C4920,1,12,District-Pulwama,Urban,50-59,456,199,257,117,50,67,40,19,21,8,5,3,54,21,33,9,4,5,10,4,6,146,59,87,72,37,35
10197,C4920,1,12,District-Pulwama,Urban,60-69,503,239,264,155,76,79,56,29,27,11,4,7,63,35,28,9,3,6,13,6,7,115,46,69,81,40,41
10198,C4920,1,12,District-Pulwama,Urban,70-79,364,177,187,97,46,51,44,21,23,3,3,0,36,17,19,4,4,0,5,1,4,65,30,35,110,55,55
10199,C4920,1,12,District-Pulwama,Urban,80-89,125,59,66,32,16,16,18,7,11,2,2,0,12,6,6,0,0,0,0,0,0,27,12,15,34,16,18
10200,C4920,1,12,District-Pulwama,Urban,90+,33,16,17,7,3,4,4,0,4,0,0,0,3,2,1,0,0,0,0,0,0,5,3,2,14,8,6
10201,C4920,1,12,District-Pulwama,Urban,Age Not Stated,8,6,2,0,0,0,1,0,1,1,1,0,2,2,0,0,0,0,0,0,0,4,3,1,0,0,0
10202,C4920,1,13,District-Shupiyan,Total,Total,7904,4355,3549,1268,692,576,1217,667,550,404,230,174,1370,847,523,440,263,177,235,129,106,1912,945,967,1058,582,476
10203,C4920,1,13,District-Shupiyan,Total,0-4,352,198,154,58,27,31,79,44,35,3,1,2,34,18,16,21,15,6,2,1,1,119,70,49,36,22,14
10204,C4920,1,13,District-Shupiyan,Total,5-9,599,322,277,109,50,59,102,57,45,56,30,26,76,49,27,46,19,27,16,9,7,128,72,56,66,36,30
10205,C4920,1,13,District-Shupiyan,Total,10-19,1434,768,666,223,125,98,203,100,103,90,50,40,221,125,96,103,55,48,46,29,17,335,171,164,213,113,100
10206,C4920,1,13,District-Shupiyan,Total,20-29,1228,681,547,158,84,74,167,91,76,68,43,25,213,131,82,88,59,29,49,25,24,317,157,160,168,91,77
10207,C4920,1,13,District-Shupiyan,Total,30-39,978,567,411,116,67,49,138,84,54,60,34,26,189,131,58,56,35,21,39,21,18,275,125,150,105,70,35
10208,C4920,1,13,District-Shupiyan,Total,40-49,851,475,376,113,60,53,140,83,57,57,34,23,173,111,62,39,27,12,27,16,11,219,99,120,83,45,38
10209,C4920,1,13,District-Shupiyan,Total,50-59,761,424,337,111,62,49,120,69,51,28,14,14,170,104,66,37,23,14,21,12,9,194,97,97,80,43,37
10210,C4920,1,13,District-Shupiyan,Total,60-69,732,404,328,145,82,63,116,62,54,25,14,11,118,70,48,26,17,9,16,9,7,171,87,84,115,63,52
10211,C4920,1,13,District-Shupiyan,Total,70-79,574,297,277,145,77,68,79,37,42,12,8,4,105,67,38,18,10,8,14,6,8,103,44,59,98,48,50
10212,C4920,1,13,District-Shupiyan,Total,80-89,280,147,133,75,49,26,49,21,28,4,1,3,52,30,22,4,3,1,3,0,3,34,14,20,59,29,30
10213,C4920,1,13,District-Shupiyan,Total,90+,108,69,39,13,8,5,23,18,5,0,0,0,19,11,8,2,0,2,1,1,0,16,9,7,34,22,12
10214,C4920,1,13,District-Shupiyan,Total,Age Not Stated,7,3,4,2,1,1,1,1,0,1,1,0,0,0,0,0,0,0,1,0,1,1,0,1,1,0,1
10215,C4920,1,13,District-Shupiyan,Rural,Total,7021,3905,3116,1188,649,539,1102,605,497,362,208,154,1268,785,483,405,245,160,222,121,101,1485,745,740,989,547,442
10216,C4920,1,13,District-Shupiyan,Rural,0-4,323,180,143,55,25,30,71,39,32,3,1,2,34,18,16,21,15,6,2,1,1,103,60,43,34,21,13
10217,C4920,1,13,District-Shupiyan,Rural,5-9,562,301,261,109,50,59,96,53,43,55,30,25,73,47,26,43,19,24,16,9,7,109,60,49,61,33,28
10218,C4920,1,13,District-Shupiyan,Rural,10-19,1326,713,613,211,118,93,188,94,94,84,46,38,212,117,95,99,53,46,43,28,15,285,149,136,204,108,96
10219,C4920,1,13,District-Shupiyan,Rural,20-29,1110,616,494,152,80,72,148,79,69,64,41,23,195,120,75,80,54,26,49,25,24,262,129,133,160,88,72
10220,C4920,1,13,District-Shupiyan,Rural,30-39,858,501,357,107,62,45,124,78,46,50,28,22,176,121,55,52,32,20,37,19,18,216,97,119,96,64,32
10221,C4920,1,13,District-Shupiyan,Rural,40-49,730,413,317,109,58,51,130,74,56,45,28,17,156,99,57,36,26,10,26,15,11,151,71,80,77,42,35
10222,C4920,1,13,District-Shupiyan,Rural,50-59,661,381,280,94,52,42,114,66,48,23,13,10,157,99,58,35,23,12,20,11,9,146,75,71,72,42,30
10223,C4920,1,13,District-Shupiyan,Rural,60-69,609,336,273,133,76,57,101,55,46,22,12,10,107,63,44,23,15,8,14,7,7,103,53,50,106,55,51
10224,C4920,1,13,District-Shupiyan,Rural,70-79,486,262,224,133,73,60,68,33,35,11,7,4,93,62,31,13,6,7,10,5,5,69,32,37,89,44,45
10225,C4920,1,13,District-Shupiyan,Rural,80-89,251,134,117,71,47,24,40,17,23,4,1,3,46,28,18,2,2,0,3,0,3,29,11,18,56,28,28
10226,C4920,1,13,District-Shupiyan,Rural,90+,99,65,34,12,7,5,21,16,5,0,0,0,19,11,8,1,0,1,1,1,0,11,8,3,34,22,12
10227,C4920,1,13,District-Shupiyan,Rural,Age Not Stated,6,3,3,2,1,1,1,1,0,1,1,0,0,0,0,0,0,0,1,0,1,1,0,1,0,0,0
10228,C4920,1,13,District-Shupiyan,Urban,Total,883,450,433,80,43,37,115,62,53,42,22,20,102,62,40,35,18,17,13,8,5,427,200,227,69,35,34
10229,C4920,1,13,District-Shupiyan,Urban,0-4,29,18,11,3,2,1,8,5,3,0,0,0,0,0,0,0,0,0,0,0,0,16,10,6,2,1,1
10230,C4920,1,13,District-Shupiyan,Urban,5-9,37,21,16,0,0,0,6,4,2,1,0,1,3,2,1,3,0,3,0,0,0,19,12,7,5,3,2
10231,C4920,1,13,District-Shupiyan,Urban,10-19,108,55,53,12,7,5,15,6,9,6,4,2,9,8,1,4,2,2,3,1,2,50,22,28,9,5,4
10232,C4920,1,13,District-Shupiyan,Urban,20-29,118,65,53,6,4,2,19,12,7,4,2,2,18,11,7,8,5,3,0,0,0,55,28,27,8,3,5
10233,C4920,1,13,District-Shupiyan,Urban,30-39,120,66,54,9,5,4,14,6,8,10,6,4,13,10,3,4,3,1,2,2,0,59,28,31,9,6,3
10234,C4920,1,13,District-Shupiyan,Urban,40-49,121,62,59,4,2,2,10,9,1,12,6,6,17,12,5,3,1,2,1,1,0,68,28,40,6,3,3
10235,C4920,1,13,District-Shupiyan,Urban,50-59,100,43,57,17,10,7,6,3,3,5,1,4,13,5,8,2,0,2,1,1,0,48,22,26,8,1,7
10236,C4920,1,13,District-Shupiyan,Urban,60-69,123,68,55,12,6,6,15,7,8,3,2,1,11,7,4,3,2,1,2,2,0,68,34,34,9,8,1
10237,C4920,1,13,District-Shupiyan,Urban,70-79,88,35,53,12,4,8,11,4,7,1,1,0,12,5,7,5,4,1,4,1,3,34,12,22,9,4,5
10238,C4920,1,13,District-Shupiyan,Urban,80-89,29,13,16,4,2,2,9,4,5,0,0,0,6,2,4,2,1,1,0,0,0,5,3,2,3,1,2
10239,C4920,1,13,District-Shupiyan,Urban,90+,9,4,5,1,1,0,2,2,0,0,0,0,0,0,0,1,0,1,0,0,0,5,1,4,0,0,0
10240,C4920,1,13,District-Shupiyan,Urban,Age Not Stated,1,0,1,0,0,0,0,0,0,0,0,0,0,0,0,0,0,0,0,0,0,0,0,0,1,0,1
10241,C4920,1,14,District-Anantnag,Total,Total,48653,25965,22688,8805,4625,4180,9368,5028,4340,1779,1062,717,7055,4012,3043,1452,850,602,2510,1324,1186,8944,4526,4418,8740,4538,4202
10242,C4920,1,14,District-Anantnag,Total,0-4,2004,1132,872,316,176,140,634,348,286,45,26,19,138,79,59,53,35,18,32,21,11,578,322,256,208,125,83
10243,C4920,1,14,District-Anantnag,Total,5-9,2789,1561,1228,426,232,194,633,333,300,223,137,86,305,195,110,96,53,43,98,53,45,605,321,284,403,237,166
10244,C4920,1,14,District-Anantnag,Total,10-19,6071,3259,2812,896,478,418,1116,600,516,448,258,190,754,440,314,269,155,114,376,200,176,1288,641,647,924,487,437
10245,C4920,1,14,District-Anantnag,Total,20-29,5265,3014,2251,654,352,302,1015,648,367,255,145,110,823,494,329,262,154,108,377,191,186,1086,590,496,793,440,353
10246,C4920,1,14,District-Anantnag,Total,30-39,5215,3053,2162,673,364,309,1015,610,405,247,149,98,842,541,301,216,137,79,401,219,182,1062,573,489,759,460,299
10247,C4920,1,14,District-Anantnag,Total,40-49,5538,3087,2451,905,492,413,966,568,398,241,165,76,903,536,367,222,136,86,481,243,238,1083,528,555,737,419,318
10248,C4920,1,14,District-Anantnag,Total,50-59,5846,2922,2924,1283,661,622,1052,482,570,139,80,59,942,526,416,144,69,75,367,185,182,1135,530,605,784,389,395
10249,C4920,1,14,District-Anantnag,Total,60-69,7455,3658,3797,1785,883,902,1438,689,749,109,60,49,1080,551,529,116,67,49,233,134,99,1209,569,640,1485,705,780
10250,C4920,1,14,District-Anantnag,Total,70-79,5788,2898,2890,1324,698,626,1045,516,529,53,31,22,876,443,433,50,26,24,111,57,54,700,349,351,1629,778,851
10251,C4920,1,14,District-Anantnag,Total,80-89,2078,1057,1021,430,225,205,363,186,177,12,6,6,309,167,142,19,14,5,24,14,10,160,75,85,761,370,391
10252,C4920,1,14,District-Anantnag,Total,90+,556,296,260,100,56,44,80,41,39,4,2,2,81,40,41,5,4,1,6,4,2,30,23,7,250,126,124
10253,C4920,1,14,District-Anantnag,Total,Age Not Stated,48,28,20,13,8,5,11,7,4,3,3,0,2,0,2,0,0,0,4,3,1,8,5,3,7,2,5
10254,C4920,1,14,District-Anantnag,Rural,Total,36849,19590,17259,6307,3338,2969,6761,3495,3266,1412,833,579,5681,3265,2416,1156,678,478,1591,836,755,7165,3582,3583,6776,3563,3213
10255,C4920,1,14,District-Anantnag,Rural,0-4,1643,924,719,260,143,117,488,269,219,38,23,15,124,70,54,41,27,14,26,16,10,485,266,219,181,110,71
10256,C4920,1,14,District-Anantnag,Rural,5-9,2219,1216,1003,299,155,144,486,243,243,189,115,74,260,171,89,85,48,37,79,43,36,485,247,238,336,194,142
10257,C4920,1,14,District-Anantnag,Rural,10-19,4805,2573,2232,668,354,314,888,474,414,366,209,157,646,376,270,216,123,93,203,103,100,1053,535,518,765,399,366
10258,C4920,1,14,District-Anantnag,Rural,20-29,3848,2163,1685,489,266,223,626,352,274,199,110,89,677,409,268,205,119,86,200,104,96,823,447,376,629,356,273
10259,C4920,1,14,District-Anantnag,Rural,30-39,3765,2171,1594,444,245,199,666,363,303,186,114,72,693,445,248,169,110,59,241,131,110,801,419,382,565,344,221
10260,C4920,1,14,District-Anantnag,Rural,40-49,4061,2206,1855,585,304,281,669,367,302,188,126,62,722,413,309,175,109,66,317,159,158,861,411,450,544,317,227
10261,C4920,1,14,District-Anantnag,Rural,50-59,4305,2129,2176,842,441,401,753,338,415,101,58,43,746,416,330,114,53,61,241,120,121,928,419,509,580,284,296
10262,C4920,1,14,District-Anantnag,Rural,60-69,5710,2816,2894,1296,645,651,1080,515,565,88,47,41,842,437,405,89,53,36,174,99,75,992,468,524,1149,552,597
10263,C4920,1,14,District-Anantnag,Rural,70-79,4405,2256,2149,997,540,457,768,390,378,43,23,20,657,346,311,43,21,22,85,45,40,580,287,293,1232,604,628
10264,C4920,1,14,District-Anantnag,Rural,80-89,1596,861,735,338,192,146,264,145,119,9,5,4,243,144,99,15,11,4,17,11,6,126,60,66,584,293,291
10265,C4920,1,14,District-Anantnag,Rural,90+,456,253,203,79,46,33,65,33,32,3,1,2,70,38,32,4,4,0,5,3,2,25,20,5,205,108,97
10266,C4920,1,14,District-Anantnag,Rural,Age Not Stated,36,22,14,10,7,3,8,6,2,2,2,0,1,0,1,0,0,0,3,2,1,6,3,3,6,2,4
10267,C4920,1,14,District-Anantnag,Urban,Total,11804,6375,5429,2498,1287,1211,2607,1533,1074,367,229,138,1374,747,627,296,172,124,919,488,431,1779,944,835,1964,975,989
10268,C4920,1,14,District-Anantnag,Urban,0-4,361,208,153,56,33,23,146,79,67,7,3,4,14,9,5,12,8,4,6,5,1,93,56,37,27,15,12
10269,C4920,1,14,District-Anantnag,Urban,5-9,570,345,225,127,77,50,147,90,57,34,22,12,45,24,21,11,5,6,19,10,9,120,74,46,67,43,24
10270,C4920,1,14,District-Anantnag,Urban,10-19,1266,686,580,228,124,104,228,126,102,82,49,33,108,64,44,53,32,21,173,97,76,235,106,129,159,88,71
10271,C4920,1,14,District-Anantnag,Urban,20-29,1417,851,566,165,86,79,389,296,93,56,35,21,146,85,61,57,35,22,177,87,90,263,143,120,164,84,80
10272,C4920,1,14,District-Anantnag,Urban,30-39,1450,882,568,229,119,110,349,247,102,61,35,26,149,96,53,47,27,20,160,88,72,261,154,107,194,116,78
10273,C4920,1,14,District-Anantnag,Urban,40-49,1477,881,596,320,188,132,297,201,96,53,39,14,181,123,58,47,27,20,164,84,80,222,117,105,193,102,91
10274,C4920,1,14,District-Anantnag,Urban,50-59,1541,793,748,441,220,221,299,144,155,38,22,16,196,110,86,30,16,14,126,65,61,207,111,96,204,105,99
10275,C4920,1,14,District-Anantnag,Urban,60-69,1745,842,903,489,238,251,358,174,184,21,13,8,238,114,124,27,14,13,59,35,24,217,101,116,336,153,183
10276,C4920,1,14,District-Anantnag,Urban,70-79,1383,642,741,327,158,169,277,126,151,10,8,2,219,97,122,7,5,2,26,12,14,120,62,58,397,174,223
10277,C4920,1,14,District-Anantnag,Urban,80-89,482,196,286,92,33,59,99,41,58,3,1,2,66,23,43,4,3,1,7,3,4,34,15,19,177,77,100
10278,C4920,1,14,District-Anantnag,Urban,90+,100,43,57,21,10,11,15,8,7,1,1,0,11,2,9,1,0,1,1,1,0,5,3,2,45,18,27
10279,C4920,1,14,District-Anantnag,Urban,Age Not Stated,12,6,6,3,1,2,3,1,2,1,1,0,1,0,1,0,0,0,1,1,0,2,2,0,1,0,1
10280,C4920,1,15,District-Kulgam,Total,Total,14415,7950,6465,2316,1275,1041,2241,1177,1064,857,544,313,2682,1586,1096,767,434,333,642,344,298,2623,1319,1304,2287,1271,1016
10281,C4920,1,15,District-Kulgam,Total,0-4,570,324,246,94,57,37,116,63,53,16,9,7,59,36,23,29,11,18,15,9,6,159,87,72,82,52,30
10282,C4920,1,15,District-Kulgam,Total,5-9,955,534,421,158,90,68,138,74,64,112,66,46,123,77,46,59,39,20,44,20,24,161,81,80,160,87,73
10283,C4920,1,15,District-Kulgam,Total,10-19,2295,1272,1023,358,199,159,319,173,146,198,133,65,355,193,162,171,91,80,107,51,56,374,203,171,413,229,184
10284,C4920,1,15,District-Kulgam,Total,20-29,1919,1065,854,254,134,120,248,121,127,141,89,52,400,231,169,155,99,56,99,61,38,347,177,170,275,153,122
10285,C4920,1,15,District-Kulgam,Total,30-39,1731,1014,717,207,128,79,219,117,102,140,86,54,361,234,127,116,72,44,100,57,43,316,165,151,272,155,117
10286,C4920,1,15,District-Kulgam,Total,40-49,1729,965,764,230,139,91,250,136,114,121,75,46,357,216,141,98,48,50,98,50,48,352,162,190,223,139,84
10287,C4920,1,15,District-Kulgam,Total,50-59,1539,837,702,250,133,117,245,138,107,67,42,25,356,219,137,63,33,30,61,37,24,340,155,185,157,80,77
10288,C4920,1,15,District-Kulgam,Total,60-69,1584,823,761,307,148,159,309,160,149,31,22,9,318,184,134,44,23,21,55,27,28,290,139,151,230,120,110
10289,C4920,1,15,District-Kulgam,Total,70-79,1314,692,622,283,141,142,263,139,124,19,13,6,236,126,110,27,16,11,45,20,25,191,97,94,250,140,110
10290,C4920,1,15,District-Kulgam,Total,80-89,590,312,278,133,80,53,105,41,64,7,5,2,91,55,36,3,2,1,16,10,6,74,37,37,161,82,79
10291,C4920,1,15,District-Kulgam,Total,90+,180,106,74,42,26,16,29,15,14,3,2,1,25,14,11,2,0,2,1,1,0,17,15,2,61,33,28
10292,C4920,1,15,District-Kulgam,Total,Age Not Stated,9,6,3,0,0,0,0,0,0,2,2,0,1,1,0,0,0,0,1,1,0,2,1,1,3,1,2
10293,C4920,1,15,District-Kulgam,Rural,Total,11288,6298,4990,1921,1051,870,1750,919,831,707,454,253,2171,1287,884,602,353,249,523,280,243,1962,1018,944,1652,936,716
10294,C4920,1,15,District-Kulgam,Rural,0-4,464,267,197,87,52,35,95,46,49,12,8,4,51,32,19,23,11,12,12,7,5,122,68,54,62,43,19
10295,C4920,1,15,District-Kulgam,Rural,5-9,800,448,352,140,80,60,114,61,53,104,60,44,100,61,39,45,32,13,39,18,21,131,69,62,127,67,60
10296,C4920,1,15,District-Kulgam,Rural,10-19,1862,1040,822,320,177,143,235,122,113,167,114,53,292,157,135,136,76,60,89,43,46,302,170,132,321,181,140
10297,C4920,1,15,District-Kulgam,Rural,20-29,1487,824,663,221,114,107,182,87,95,110,69,41,316,181,135,125,82,43,80,50,30,249,129,120,204,112,92
10298,C4920,1,15,District-Kulgam,Rural,30-39,1310,785,525,187,118,69,166,89,77,104,62,42,289,192,97,91,58,33,76,39,37,227,123,104,170,104,66
10299,C4920,1,15,District-Kulgam,Rural,40-49,1358,758,600,188,110,78,208,117,91,99,62,37,290,174,116,74,34,40,79,42,37,264,117,147,156,102,54
10300,C4920,1,15,District-Kulgam,Rural,50-59,1183,656,527,197,111,86,192,106,86,55,38,17,289,177,112,50,26,24,52,31,21,255,120,135,93,47,46
10301,C4920,1,15,District-Kulgam,Rural,60-69,1179,627,552,225,100,125,235,128,107,28,20,8,259,155,104,35,19,16,41,21,20,208,109,99,148,75,73
10302,C4920,1,15,District-Kulgam,Rural,70-79,1014,545,469,224,108,116,219,119,100,17,12,5,188,100,88,20,13,7,37,17,20,134,73,61,175,103,72
10303,C4920,1,15,District-Kulgam,Rural,80-89,479,258,221,100,61,39,82,33,49,7,5,2,78,47,31,2,2,0,16,10,6,55,27,28,139,73,66
10304,C4920,1,15,District-Kulgam,Rural,90+,144,84,60,32,20,12,22,11,11,2,2,0,18,10,8,1,0,1,1,1,0,13,12,1,55,28,27
10305,C4920,1,15,District-Kulgam,Rural,Age Not Stated,8,6,2,0,0,0,0,0,0,2,2,0,1,1,0,0,0,0,1,1,0,2,1,1,2,1,1
10306,C4920,1,15,District-Kulgam,Urban,Total,3127,1652,1475,395,224,171,491,258,233,150,90,60,511,299,212,165,81,84,119,64,55,661,301,360,635,335,300
10307,C4920,1,15,District-Kulgam,Urban,0-4,106,57,49,7,5,2,21,17,4,4,1,3,8,4,4,6,0,6,3,2,1,37,19,18,20,9,11
10308,C4920,1,15,District-Kulgam,Urban,5-9,155,86,69,18,10,8,24,13,11,8,6,2,23,16,7,14,7,7,5,2,3,30,12,18,33,20,13
10309,C4920,1,15,District-Kulgam,Urban,10-19,433,232,201,38,22,16,84,51,33,31,19,12,63,36,27,35,15,20,18,8,10,72,33,39,92,48,44
10310,C4920,1,15,District-Kulgam,Urban,20-29,432,241,191,33,20,13,66,34,32,31,20,11,84,50,34,30,17,13,19,11,8,98,48,50,71,41,30
10311,C4920,1,15,District-Kulgam,Urban,30-39,421,229,192,20,10,10,53,28,25,36,24,12,72,42,30,25,14,11,24,18,6,89,42,47,102,51,51
10312,C4920,1,15,District-Kulgam,Urban,40-49,371,207,164,42,29,13,42,19,23,22,13,9,67,42,25,24,14,10,19,8,11,88,45,43,67,37,30
10313,C4920,1,15,District-Kulgam,Urban,50-59,356,181,175,53,22,31,53,32,21,12,4,8,67,42,25,13,7,6,9,6,3,85,35,50,64,33,31
10314,C4920,1,15,District-Kulgam,Urban,60-69,405,196,209,82,48,34,74,32,42,3,2,1,59,29,30,9,4,5,14,6,8,82,30,52,82,45,37
10315,C4920,1,15,District-Kulgam,Urban,70-79,300,147,153,59,33,26,44,20,24,2,1,1,48,26,22,7,3,4,8,3,5,57,24,33,75,37,38
10316,C4920,1,15,District-Kulgam,Urban,80-89,111,54,57,33,19,14,23,8,15,0,0,0,13,8,5,1,0,1,0,0,0,19,10,9,22,9,13
10317,C4920,1,15,District-Kulgam,Urban,90+,36,22,14,10,6,4,7,4,3,1,0,1,7,4,3,1,0,1,0,0,0,4,3,1,6,5,1
10318,C4920,1,15,District-Kulgam,Urban,Age Not Stated,1,0,1,0,0,0,0,0,0,0,0,0,0,0,0,0,0,0,0,0,0,0,0,0,1,0,1
10319,C4920,1,16,District-Doda,Total,Total,11355,6619,4736,2055,1157,898,1972,1127,845,984,599,385,2452,1500,952,441,267,174,295,182,113,1723,1010,713,1433,777,656
10320,C4920,1,16,District-Doda,Total,0-4,482,264,218,85,44,41,81,38,43,26,13,13,79,43,36,13,9,4,4,3,1,135,83,52,59,31,28
10321,C4920,1,16,District-Doda,Total,5-9,902,509,393,142,83,59,126,79,47,142,81,61,139,80,59,30,14,16,22,10,12,153,81,72,148,81,67
10322,C4920,1,16,District-Doda,Total,10-19,2019,1157,862,356,210,146,290,151,139,234,146,88,377,228,149,107,63,44,52,35,17,341,186,155,262,138,124
10323,C4920,1,16,District-Doda,Total,20-29,1721,1034,687,244,155,89,257,154,103,167,100,67,436,270,166,70,44,26,63,41,22,303,173,130,181,97,84
10324,C4920,1,16,District-Doda,Total,30-39,1469,933,536,190,121,69,245,147,98,129,84,45,379,244,135,76,52,24,50,34,16,225,147,78,175,104,71
10325,C4920,1,16,District-Doda,Total,40-49,1301,795,506,178,114,64,214,125,89,128,71,57,312,186,126,70,45,25,49,30,19,208,137,71,142,87,55
10326,C4920,1,16,District-Doda,Total,50-59,928,557,371,169,92,77,191,116,75,51,38,13,248,158,90,38,19,19,22,9,13,138,83,55,71,42,29
10327,C4920,1,16,District-Doda,Total,60-69,1086,600,486,258,124,134,212,114,98,65,41,24,245,152,93,21,15,6,22,12,10,131,70,61,132,72,60
10328,C4920,1,16,District-Doda,Total,70-79,820,445,375,239,120,119,195,118,77,29,16,13,149,85,64,7,3,4,7,4,3,65,38,27,129,61,68
10329,C4920,1,16,District-Doda,Total,80-89,447,237,210,140,67,73,114,62,52,10,6,4,66,40,26,7,2,5,3,3,0,20,10,10,87,47,40
10330,C4920,1,16,District-Doda,Total,90+,168,81,87,50,25,25,43,20,23,2,2,0,21,14,7,1,1,0,1,1,0,3,1,2,47,17,30
10331,C4920,1,16,District-Doda,Total,Age Not Stated,12,7,5,4,2,2,4,3,1,1,1,0,1,0,1,1,0,1,0,0,0,1,1,0,0,0,0
10332,C4920,1,16,District-Doda,Rural,Total,10927,6354,4573,2010,1124,886,1898,1085,813,951,578,373,2355,1439,916,416,251,165,279,171,108,1634,957,677,1384,749,635
10333,C4920,1,16,District-Doda,Rural,0-4,468,254,214,85,44,41,79,37,42,26,13,13,75,41,34,12,8,4,3,2,1,130,79,51,58,30,28
10334,C4920,1,16,District-Doda,Rural,5-9,868,488,380,138,81,57,122,76,46,139,80,59,131,76,55,28,12,16,21,9,12,144,75,69,145,79,66
10335,C4920,1,16,District-Doda,Rural,10-19,1942,1107,835,342,198,144,281,143,138,227,142,85,366,221,145,104,61,43,50,33,17,324,178,146,248,131,117
10336,C4920,1,16,District-Doda,Rural,20-29,1645,987,658,237,149,88,246,149,97,159,94,65,414,255,159,66,41,25,60,39,21,288,166,122,175,94,81
10337,C4920,1,16,District-Doda,Rural,30-39,1411,893,518,186,118,68,236,141,95,126,82,44,363,231,132,68,47,21,49,34,15,214,140,74,169,100,69
10338,C4920,1,16,District-Doda,Rural,40-49,1258,769,489,176,113,63,208,122,86,124,69,55,301,180,121,68,43,25,45,27,18,196,130,66,140,85,55
10339,C4920,1,16,District-Doda,Rural,50-59,887,528,359,167,90,77,182,111,71,48,35,13,240,151,89,38,19,19,20,8,12,127,76,51,65,38,27
10340,C4920,1,16,District-Doda,Rural,60-69,1045,576,469,251,120,131,205,111,94,62,39,23,234,146,88,19,14,5,20,11,9,124,64,60,130,71,59
10341,C4920,1,16,District-Doda,Rural,70-79,795,433,362,235,117,118,186,114,72,29,16,13,145,84,61,7,3,4,7,4,3,65,38,27,121,57,64
10342,C4920,1,16,District-Doda,Rural,80-89,434,233,201,139,67,72,109,60,49,8,5,3,65,40,25,5,2,3,3,3,0,18,9,9,87,47,40
10343,C4920,1,16,District-Doda,Rural,90+,163,79,84,50,25,25,40,18,22,2,2,0,20,14,6,1,1,0,1,1,0,3,1,2,46,17,29
10344,C4920,1,16,District-Doda,Rural,Age Not Stated,11,7,4,4,2,2,4,3,1,1,1,0,1,0,1,0,0,0,0,0,0,1,1,0,0,0,0
10345,C4920,1,16,District-Doda,Urban,Total,428,265,163,45,33,12,74,42,32,33,21,12,97,61,36,25,16,9,16,11,5,89,53,36,49,28,21
10346,C4920,1,16,District-Doda,Urban,0-4,14,10,4,0,0,0,2,1,1,0,0,0,4,2,2,1,1,0,1,1,0,5,4,1,1,1,0
10347,C4920,1,16,District-Doda,Urban,5-9,34,21,13,4,2,2,4,3,1,3,1,2,8,4,4,2,2,0,1,1,0,9,6,3,3,2,1
10348,C4920,1,16,District-Doda,Urban,10-19,77,50,27,14,12,2,9,8,1,7,4,3,11,7,4,3,2,1,2,2,0,17,8,9,14,7,7
10349,C4920,1,16,District-Doda,Urban,20-29,76,47,29,7,6,1,11,5,6,8,6,2,22,15,7,4,3,1,3,2,1,15,7,8,6,3,3
10350,C4920,1,16,District-Doda,Urban,30-39,58,40,18,4,3,1,9,6,3,3,2,1,16,13,3,8,5,3,1,0,1,11,7,4,6,4,2
10351,C4920,1,16,District-Doda,Urban,40-49,43,26,17,2,1,1,6,3,3,4,2,2,11,6,5,2,2,0,4,3,1,12,7,5,2,2,0
10352,C4920,1,16,District-Doda,Urban,50-59,41,29,12,2,2,0,9,5,4,3,3,0,8,7,1,0,0,0,2,1,1,11,7,4,6,4,2
10353,C4920,1,16,District-Doda,Urban,60-69,41,24,17,7,4,3,7,3,4,3,2,1,11,6,5,2,1,1,2,1,1,7,6,1,2,1,1
10354,C4920,1,16,District-Doda,Urban,70-79,25,12,13,4,3,1,9,4,5,0,0,0,4,1,3,0,0,0,0,0,0,0,0,0,8,4,4
10355,C4920,1,16,District-Doda,Urban,80-89,13,4,9,1,0,1,5,2,3,2,1,1,1,0,1,2,0,2,0,0,0,2,1,1,0,0,0
10356,C4920,1,16,District-Doda,Urban,90+,5,2,3,0,0,0,3,2,1,0,0,0,1,0,1,0,0,0,0,0,0,0,0,0,1,0,1
10357,C4920,1,16,District-Doda,Urban,Age Not Stated,1,0,1,0,0,0,0,0,0,0,0,0,0,0,0,1,0,1,0,0,0,0,0,0,0,0,0
10358,C4920,1,17,District-Ramban,Total,Total,6542,3798,2744,1302,721,581,1108,599,509,540,337,203,1114,720,394,284,162,122,201,126,75,1172,652,520,821,481,340
10359,C4920,1,17,District-Ramban,Total,0-4,359,181,178,68,35,33,72,33,39,18,8,10,34,20,14,13,7,6,8,6,2,105,55,50,41,17,24
10360,C4920,1,17,District-Ramban,Total,5-9,552,309,243,81,37,44,80,39,41,98,59,39,87,54,33,24,16,8,10,4,6,104,58,46,68,42,26
10361,C4920,1,17,District-Ramban,Total,10-19,1243,704,539,163,88,75,195,98,97,149,89,60,185,113,72,76,38,38,50,32,18,259,136,123,166,110,56
10362,C4920,1,17,District-Ramban,Total,20-29,906,569,337,133,83,50,132,82,50,78,51,27,192,132,60,49,27,22,33,23,10,170,100,70,119,71,48
10363,C4920,1,17,District-Ramban,Total,30-39,863,521,342,137,94,43,148,77,71,66,39,27,161,105,56,39,22,17,31,23,8,196,108,88,85,53,32
10364,C4920,1,17,District-Ramban,Total,40-49,739,441,298,127,77,50,128,72,56,65,44,21,138,96,42,48,28,20,29,15,14,138,74,64,66,35,31
10365,C4920,1,17,District-Ramban,Total,50-59,543,324,219,133,76,57,103,61,42,33,22,11,115,68,47,19,16,3,19,11,8,77,41,36,44,29,15
10366,C4920,1,17,District-Ramban,Total,60-69,536,294,242,161,79,82,96,49,47,20,15,5,99,63,36,11,5,6,13,8,5,59,39,20,77,36,41
10367,C4920,1,17,District-Ramban,Total,70-79,476,264,212,189,88,101,91,51,40,5,5,0,71,48,23,3,2,1,5,3,2,42,26,16,70,41,29
10368,C4920,1,17,District-Ramban,Total,80-89,229,126,103,72,36,36,48,28,20,8,5,3,27,19,8,2,1,1,3,1,2,14,10,4,55,26,29
10369,C4920,1,17,District-Ramban,Total,90+,91,60,31,37,27,10,14,8,6,0,0,0,5,2,3,0,0,0,0,0,0,5,2,3,30,21,9
10370,C4920,1,17,District-Ramban,Total,Age Not Stated,5,5,0,1,1,0,1,1,0,0,0,0,0,0,0,0,0,0,0,0,0,3,3,0,0,0,0
10371,C4920,1,17,District-Ramban,Rural,Total,6274,3640,2634,1248,692,556,1078,582,496,527,327,200,1062,685,377,269,154,115,184,115,69,1116,625,491,790,460,330
10372,C4920,1,17,District-Ramban,Rural,0-4,351,175,176,67,35,32,72,33,39,17,7,10,31,17,14,13,7,6,7,5,2,103,54,49,41,17,24
10373,C4920,1,17,District-Ramban,Rural,5-9,547,306,241,81,37,44,80,39,41,97,59,38,86,53,33,23,15,8,9,4,5,103,57,46,68,42,26
10374,C4920,1,17,District-Ramban,Rural,10-19,1210,682,528,161,87,74,187,92,95,147,87,60,180,108,72,73,38,35,49,32,17,253,134,119,160,104,56
10375,C4920,1,17,District-Ramban,Rural,20-29,865,542,323,125,78,47,130,81,49,77,50,27,183,125,58,46,25,21,31,21,10,159,94,65,114,68,46
10376,C4920,1,17,District-Ramban,Rural,30-39,827,495,332,133,90,43,141,73,68,65,38,27,154,100,54,38,21,17,28,20,8,186,102,84,82,51,31
10377,C4920,1,17,District-Ramban,Rural,40-49,696,419,277,117,71,46,125,70,55,62,43,19,133,94,39,43,25,18,28,15,13,125,69,56,63,32,31
10378,C4920,1,17,District-Ramban,Rural,50-59,508,302,206,122,68,54,100,60,40,32,21,11,110,65,45,17,15,2,16,9,7,70,37,33,41,27,14
10379,C4920,1,17,District-Ramban,Rural,60-69,506,278,228,154,76,78,94,47,47,18,13,5,93,60,33,11,5,6,9,5,4,55,37,18,72,35,37
10380,C4920,1,17,District-Ramban,Rural,70-79,453,256,197,184,87,97,86,50,36,4,4,0,65,45,20,3,2,1,4,3,1,40,26,14,67,39,28
10381,C4920,1,17,District-Ramban,Rural,80-89,215,120,95,66,35,31,48,28,20,8,5,3,22,16,6,2,1,1,3,1,2,14,10,4,52,24,28
10382,C4920,1,17,District-Ramban,Rural,90+,91,60,31,37,27,10,14,8,6,0,0,0,5,2,3,0,0,0,0,0,0,5,2,3,30,21,9
10383,C4920,1,17,District-Ramban,Rural,Age Not Stated,5,5,0,1,1,0,1,1,0,0,0,0,0,0,0,0,0,0,0,0,0,3,3,0,0,0,0
10384,C4920,1,17,District-Ramban,Urban,Total,268,158,110,54,29,25,30,17,13,13,10,3,52,35,17,15,8,7,17,11,6,56,27,29,31,21,10
10385,C4920,1,17,District-Ramban,Urban,0-4,8,6,2,1,0,1,0,0,0,1,1,0,3,3,0,0,0,0,1,1,0,2,1,1,0,0,0
10386,C4920,1,17,District-Ramban,Urban,5-9,5,3,2,0,0,0,0,0,0,1,0,1,1,1,0,1,1,0,1,0,1,1,1,0,0,0,0
10387,C4920,1,17,District-Ramban,Urban,10-19,33,22,11,2,1,1,8,6,2,2,2,0,5,5,0,3,0,3,1,0,1,6,2,4,6,6,0
10388,C4920,1,17,District-Ramban,Urban,20-29,41,27,14,8,5,3,2,1,1,1,1,0,9,7,2,3,2,1,2,2,0,11,6,5,5,3,2
10389,C4920,1,17,District-Ramban,Urban,30-39,36,26,10,4,4,0,7,4,3,1,1,0,7,5,2,1,1,0,3,3,0,10,6,4,3,2,1
10390,C4920,1,17,District-Ramban,Urban,40-49,43,22,21,10,6,4,3,2,1,3,1,2,5,2,3,5,3,2,1,0,1,13,5,8,3,3,0
10391,C4920,1,17,District-Ramban,Urban,50-59,35,22,13,11,8,3,3,1,2,1,1,0,5,3,2,2,1,1,3,2,1,7,4,3,3,2,1
10392,C4920,1,17,District-Ramban,Urban,60-69,30,16,14,7,3,4,2,2,0,2,2,0,6,3,3,0,0,0,4,3,1,4,2,2,5,1,4
10393,C4920,1,17,District-Ramban,Urban,70-79,23,8,15,5,1,4,5,1,4,1,1,0,6,3,3,0,0,0,1,0,1,2,0,2,3,2,1
10394,C4920,1,17,District-Ramban,Urban,80-89,14,6,8,6,1,5,0,0,0,0,0,0,5,3,2,0,0,0,0,0,0,0,0,0,3,2,1
10395,C4920,1,17,District-Ramban,Urban,90+,0,0,0,0,0,0,0,0,0,0,0,0,0,0,0,0,0,0,0,0,0,0,0,0,0,0,0
10396,C4920,1,17,District-Ramban,Urban,Age Not Stated,0,0,0,0,0,0,0,0,0,0,0,0,0,0,0,0,0,0,0,0,0,0,0,0,0,0,0
10397,C4920,1,18,District-Kishtwar,Total,Total,5802,3324,2478,1067,563,504,1018,586,432,432,262,170,1156,709,447,222,121,101,106,63,43,985,524,461,816,496,320
10398,C4920,1,18,District-Kishtwar,Total,0-4,272,144,128,45,17,28,58,26,32,9,5,4,29,18,11,12,5,7,1,0,1,82,49,33,36,24,12
10399,C4920,1,18,District-Kishtwar,Total,5-9,414,235,179,79,43,36,52,31,21,53,36,17,48,25,23,11,9,2,4,2,2,112,58,54,55,31,24
10400,C4920,1,18,District-Kishtwar,Total,10-19,946,522,424,151,80,71,142,74,68,84,46,38,156,89,67,57,29,28,22,14,8,195,106,89,139,84,55
10401,C4920,1,18,District-Kishtwar,Total,20-29,742,423,319,102,62,40,95,51,44,69,38,31,182,105,77,34,19,15,17,10,7,156,80,76,87,58,29
10402,C4920,1,18,District-Kishtwar,Total,30-39,759,464,295,112,64,48,111,68,43,77,52,25,179,115,64,26,12,14,22,13,9,144,83,61,88,57,31
10403,C4920,1,18,District-Kishtwar,Total,40-49,695,426,269,99,56,43,142,84,58,68,41,27,140,95,45,24,17,7,19,11,8,123,64,59,80,58,22
10404,C4920,1,18,District-Kishtwar,Total,50-59,537,305,232,106,58,48,108,67,41,28,16,12,155,91,64,15,7,8,9,6,3,64,28,36,52,32,20
10405,C4920,1,18,District-Kishtwar,Total,60-69,615,352,263,158,78,80,131,75,56,29,17,12,124,86,38,20,11,9,6,4,2,59,28,31,88,53,35
10406,C4920,1,18,District-Kishtwar,Total,70-79,507,289,218,128,69,59,121,77,44,13,10,3,94,57,37,14,5,9,4,1,3,36,21,15,97,49,48
10407,C4920,1,18,District-Kishtwar,Total,80-89,233,121,112,71,28,43,44,25,19,1,0,1,35,22,13,8,6,2,2,2,0,10,4,6,62,34,28
10408,C4920,1,18,District-Kishtwar,Total,90+,79,41,38,16,8,8,14,8,6,0,0,0,13,6,7,1,1,0,0,0,0,3,2,1,32,16,16
10409,C4920,1,18,District-Kishtwar,Total,Age Not Stated,3,2,1,0,0,0,0,0,0,1,1,0,1,0,1,0,0,0,0,0,0,1,1,0,0,0,0
10410,C4920,1,18,District-Kishtwar,Rural,Total,5541,3181,2360,1018,535,483,959,552,407,420,255,165,1130,695,435,206,114,92,97,56,41,938,503,435,773,471,302
10411,C4920,1,18,District-Kishtwar,Rural,0-4,262,140,122,45,17,28,52,24,28,9,5,4,29,18,11,11,5,6,1,0,1,81,48,33,34,23,11
10412,C4920,1,18,District-Kishtwar,Rural,5-9,399,226,173,74,41,33,50,30,20,51,34,17,48,25,23,10,8,2,4,2,2,109,56,53,53,30,23
10413,C4920,1,18,District-Kishtwar,Rural,10-19,917,500,417,145,76,69,134,67,67,84,46,38,154,88,66,57,29,28,21,13,8,192,105,87,130,76,54
10414,C4920,1,18,District-Kishtwar,Rural,20-29,711,404,307,101,61,40,91,49,42,68,38,30,176,100,76,31,17,14,15,8,7,146,74,72,83,57,26
10415,C4920,1,18,District-Kishtwar,Rural,30-39,715,440,275,103,59,44,101,62,39,76,51,25,176,112,64,21,11,10,18,11,7,138,80,58,82,54,28
10416,C4920,1,18,District-Kishtwar,Rural,40-49,660,407,253,94,51,43,134,80,54,66,40,26,139,95,44,19,14,5,17,9,8,113,61,52,78,57,21
10417,C4920,1,18,District-Kishtwar,Rural,50-59,505,289,216,100,56,44,102,62,40,25,14,11,146,88,58,15,7,8,9,6,3,59,26,33,49,30,19
10418,C4920,1,18,District-Kishtwar,Rural,60-69,590,338,252,152,73,79,124,73,51,27,16,11,124,86,38,19,11,8,6,4,2,54,26,28,84,49,35
10419,C4920,1,18,District-Kishtwar,Rural,70-79,484,281,203,121,66,55,117,74,43,12,10,2,91,57,34,14,5,9,4,1,3,34,20,14,91,48,43
10420,C4920,1,18,District-Kishtwar,Rural,80-89,216,113,103,67,27,40,40,23,17,1,0,1,33,20,13,8,6,2,2,2,0,8,4,4,57,31,26
10421,C4920,1,18,District-Kishtwar,Rural,90+,79,41,38,16,8,8,14,8,6,0,0,0,13,6,7,1,1,0,0,0,0,3,2,1,32,16,16
10422,C4920,1,18,District-Kishtwar,Rural,Age Not Stated,3,2,1,0,0,0,0,0,0,1,1,0,1,0,1,0,0,0,0,0,0,1,1,0,0,0,0
10423,C4920,1,18,District-Kishtwar,Urban,Total,261,143,118,49,28,21,59,34,25,12,7,5,26,14,12,16,7,9,9,7,2,47,21,26,43,25,18
10424,C4920,1,18,District-Kishtwar,Urban,0-4,10,4,6,0,0,0,6,2,4,0,0,0,0,0,0,1,0,1,0,0,0,1,1,0,2,1,1
10425,C4920,1,18,District-Kishtwar,Urban,5-9,15,9,6,5,2,3,2,1,1,2,2,0,0,0,0,1,1,0,0,0,0,3,2,1,2,1,1
10426,C4920,1,18,District-Kishtwar,Urban,10-19,29,22,7,6,4,2,8,7,1,0,0,0,2,1,1,0,0,0,1,1,0,3,1,2,9,8,1
10427,C4920,1,18,District-Kishtwar,Urban,20-29,31,19,12,1,1,0,4,2,2,1,0,1,6,5,1,3,2,1,2,2,0,10,6,4,4,1,3
10428,C4920,1,18,District-Kishtwar,Urban,30-39,44,24,20,9,5,4,10,6,4,1,1,0,3,3,0,5,1,4,4,2,2,6,3,3,6,3,3
10429,C4920,1,18,District-Kishtwar,Urban,40-49,35,19,16,5,5,0,8,4,4,2,1,1,1,0,1,5,3,2,2,2,0,10,3,7,2,1,1
10430,C4920,1,18,District-Kishtwar,Urban,50-59,32,16,16,6,2,4,6,5,1,3,2,1,9,3,6,0,0,0,0,0,0,5,2,3,3,2,1
10431,C4920,1,18,District-Kishtwar,Urban,60-69,25,14,11,6,5,1,7,2,5,2,1,1,0,0,0,1,0,1,0,0,0,5,2,3,4,4,0
10432,C4920,1,18,District-Kishtwar,Urban,70-79,23,8,15,7,3,4,4,3,1,1,0,1,3,0,3,0,0,0,0,0,0,2,1,1,6,1,5
10433,C4920,1,18,District-Kishtwar,Urban,80-89,17,8,9,4,1,3,4,2,2,0,0,0,2,2,0,0,0,0,0,0,0,2,0,2,5,3,2
10434,C4920,1,18,District-Kishtwar,Urban,90+,0,0,0,0,0,0,0,0,0,0,0,0,0,0,0,0,0,0,0,0,0,0,0,0,0,0,0
10435,C4920,1,18,District-Kishtwar,Urban,Age Not Stated,0,0,0,0,0,0,0,0,0,0,0,0,0,0,0,0,0,0,0,0,0,0,0,0,0,0,0
10436,C4920,1,19,District-Udhampur,Total,Total,11515,7070,4445,1971,1083,888,2179,1381,798,806,528,278,1980,1313,667,721,434,287,508,311,197,1932,1198,734,1418,822,596
10437,C4920,1,19,District-Udhampur,Total,0-4,439,220,219,81,41,40,85,40,45,12,7,5,54,28,26,30,14,16,10,5,5,131,65,66,36,20,16
10438,C4920,1,19,District-Udhampur,Total,5-9,790,467,323,115,67,48,108,55,53,127,85,42,86,50,36,63,40,23,30,15,15,145,86,59,116,69,47
10439,C4920,1,19,District-Udhampur,Total,10-19,1916,1127,789,269,154,115,308,167,141,245,158,87,253,151,102,170,103,67,107,56,51,280,162,118,284,176,108
10440,C4920,1,19,District-Udhampur,Total,20-29,1745,1177,568,211,134,77,363,263,100,118,78,40,297,204,93,151,92,59,78,54,24,360,249,111,167,103,64
10441,C4920,1,19,District-Udhampur,Total,30-39,1700,1155,545,199,128,71,329,228,101,121,84,37,349,244,105,124,83,41,96,72,24,338,227,111,144,89,55
10442,C4920,1,19,District-Udhampur,Total,40-49,1478,988,490,186,106,80,331,251,80,82,53,29,282,209,73,90,51,39,93,61,32,280,173,107,134,84,50
10443,C4920,1,19,District-Udhampur,Total,50-59,1036,674,362,191,103,88,216,147,69,44,30,14,226,165,61,48,34,14,51,25,26,181,117,64,79,53,26
10444,C4920,1,19,District-Udhampur,Total,60-69,943,532,411,250,122,128,152,78,74,33,20,13,207,148,59,30,12,18,27,15,12,121,67,54,123,70,53
10445,C4920,1,19,District-Udhampur,Total,70-79,838,428,410,272,128,144,168,81,87,12,6,6,138,81,57,12,5,7,11,5,6,68,38,30,157,84,73
10446,C4920,1,19,District-Udhampur,Total,80-89,471,238,233,153,84,69,83,50,33,8,4,4,70,30,40,2,0,2,3,2,1,24,11,13,128,57,71
10447,C4920,1,19,District-Udhampur,Total,90+,154,61,93,44,16,28,34,19,15,4,3,1,15,2,13,1,0,1,2,1,1,4,3,1,50,17,33
10448,C4920,1,19,District-Udhampur,Total,Age Not Stated,5,3,2,0,0,0,2,2,0,0,0,0,3,1,2,0,0,0,0,0,0,0,0,0,0,0,0
10449,C4920,1,19,District-Udhampur,Rural,Total,8972,5371,3601,1623,876,747,1397,802,595,714,461,253,1625,1076,549,589,363,226,416,247,169,1397,842,555,1211,704,507
10450,C4920,1,19,District-Udhampur,Rural,0-4,370,192,178,73,38,35,65,34,31,12,7,5,50,26,24,25,12,13,10,5,5,106,56,50,29,14,15
10451,C4920,1,19,District-Udhampur,Rural,5-9,685,405,280,107,64,43,88,44,44,113,74,39,80,46,34,55,34,21,26,13,13,119,72,47,97,58,39
10452,C4920,1,19,District-Udhampur,Rural,10-19,1606,947,659,238,131,107,245,130,115,222,146,76,214,125,89,145,91,54,91,50,41,205,118,87,246,156,90
10453,C4920,1,19,District-Udhampur,Rural,20-29,1237,802,435,161,103,58,133,79,54,100,62,38,248,171,77,124,81,43,68,46,22,260,171,89,143,89,54
10454,C4920,1,19,District-Udhampur,Rural,30-39,1202,772,430,151,96,55,159,86,73,105,72,33,273,189,84,103,69,34,75,52,23,209,130,79,127,78,49
10455,C4920,1,19,District-Udhampur,Rural,40-49,1088,710,378,141,75,66,186,137,49,71,45,26,238,178,60,68,39,29,76,49,27,196,118,78,112,69,43
10456,C4920,1,19,District-Udhampur,Rural,50-59,779,510,269,145,78,67,154,102,52,39,26,13,175,132,43,34,24,10,37,16,21,128,85,43,67,47,20
10457,C4920,1,19,District-Udhampur,Rural,60-69,778,436,342,204,99,105,126,65,61,31,19,12,173,124,49,21,8,13,20,10,10,97,52,45,106,59,47
10458,C4920,1,19,District-Udhampur,Rural,70-79,701,351,350,233,108,125,149,71,78,10,4,6,98,58,40,11,5,6,9,4,5,51,27,24,140,74,66
10459,C4920,1,19,District-Udhampur,Rural,80-89,394,194,200,130,69,61,65,40,25,7,3,4,61,25,36,2,0,2,2,1,1,22,10,12,105,46,59
10460,C4920,1,19,District-Udhampur,Rural,90+,128,50,78,40,15,25,26,13,13,4,3,1,12,1,11,1,0,1,2,1,1,4,3,1,39,14,25
10461,C4920,1,19,District-Udhampur,Rural,Age Not Stated,4,2,2,0,0,0,1,1,0,0,0,0,3,1,2,0,0,0,0,0,0,0,0,0,0,0,0
10462,C4920,1,19,District-Udhampur,Urban,Total,2543,1699,844,348,207,141,782,579,203,92,67,25,355,237,118,132,71,61,92,64,28,535,356,179,207,118,89
10463,C4920,1,19,District-Udhampur,Urban,0-4,69,28,41,8,3,5,20,6,14,0,0,0,4,2,2,5,2,3,0,0,0,25,9,16,7,6,1
10464,C4920,1,19,District-Udhampur,Urban,5-9,105,62,43,8,3,5,20,11,9,14,11,3,6,4,2,8,6,2,4,2,2,26,14,12,19,11,8
10465,C4920,1,19,District-Udhampur,Urban,10-19,310,180,130,31,23,8,63,37,26,23,12,11,39,26,13,25,12,13,16,6,10,75,44,31,38,20,18
10466,C4920,1,19,District-Udhampur,Urban,20-29,508,375,133,50,31,19,230,184,46,18,16,2,49,33,16,27,11,16,10,8,2,100,78,22,24,14,10
10467,C4920,1,19,District-Udhampur,Urban,30-39,498,383,115,48,32,16,170,142,28,16,12,4,76,55,21,21,14,7,21,20,1,129,97,32,17,11,6
10468,C4920,1,19,District-Udhampur,Urban,40-49,390,278,112,45,31,14,145,114,31,11,8,3,44,31,13,22,12,10,17,12,5,84,55,29,22,15,7
10469,C4920,1,19,District-Udhampur,Urban,50-59,257,164,93,46,25,21,62,45,17,5,4,1,51,33,18,14,10,4,14,9,5,53,32,21,12,6,6
10470,C4920,1,19,District-Udhampur,Urban,60-69,165,96,69,46,23,23,26,13,13,2,1,1,34,24,10,9,4,5,7,5,2,24,15,9,17,11,6
10471,C4920,1,19,District-Udhampur,Urban,70-79,137,77,60,39,20,19,19,10,9,2,2,0,40,23,17,1,0,1,2,1,1,17,11,6,17,10,7
10472,C4920,1,19,District-Udhampur,Urban,80-89,77,44,33,23,15,8,18,10,8,1,1,0,9,5,4,0,0,0,1,1,0,2,1,1,23,11,12
10473,C4920,1,19,District-Udhampur,Urban,90+,26,11,15,4,1,3,8,6,2,0,0,0,3,1,2,0,0,0,0,0,0,0,0,0,11,3,8
10474,C4920,1,19,District-Udhampur,Urban,Age Not Stated,1,1,0,0,0,0,1,1,0,0,0,0,0,0,0,0,0,0,0,0,0,0,0,0,0,0,0
10475,C4920,1,20,District-Reasi,Total,Total,5579,3331,2248,978,541,437,882,507,375,498,324,174,1215,779,436,252,146,106,224,136,88,849,491,358,681,407,274
10476,C4920,1,20,District-Reasi,Total,0-4,289,142,147,47,24,23,52,25,27,14,8,6,40,23,17,16,8,8,5,2,3,91,37,54,24,15,9
10477,C4920,1,20,District-Reasi,Total,5-9,454,243,211,94,46,48,61,29,32,78,51,27,45,22,23,22,12,10,16,10,6,65,33,32,73,40,33
10478,C4920,1,20,District-Reasi,Total,10-19,1089,655,434,144,82,62,163,97,66,164,102,62,173,109,64,62,37,25,48,30,18,177,99,78,158,99,59
10479,C4920,1,20,District-Reasi,Total,20-29,820,498,322,104,56,48,110,60,50,90,59,31,211,136,75,43,26,17,44,26,18,117,74,43,101,61,40
10480,C4920,1,20,District-Reasi,Total,30-39,743,469,274,86,53,33,116,66,50,62,46,16,198,125,73,52,34,18,49,29,20,127,81,46,53,35,18
10481,C4920,1,20,District-Reasi,Total,40-49,536,355,181,80,54,26,82,51,31,39,24,15,152,108,44,26,14,12,27,20,7,94,61,33,36,23,13
10482,C4920,1,20,District-Reasi,Total,50-59,419,272,147,72,41,31,78,48,30,22,16,6,119,85,34,18,12,6,14,8,6,67,41,26,29,21,8
10483,C4920,1,20,District-Reasi,Total,60-69,446,257,189,113,55,58,77,38,39,12,6,6,131,91,40,5,1,4,11,4,7,52,32,20,45,30,15
10484,C4920,1,20,District-Reasi,Total,70-79,410,229,181,117,62,55,81,54,27,12,7,5,84,50,34,7,2,5,9,6,3,39,18,21,61,30,31
10485,C4920,1,20,District-Reasi,Total,80-89,254,144,110,80,43,37,43,30,13,1,1,0,49,22,27,1,0,1,0,0,0,17,14,3,63,34,29
10486,C4920,1,20,District-Reasi,Total,90+,113,63,50,40,24,16,18,9,9,2,2,0,13,8,5,0,0,0,0,0,0,2,1,1,38,19,19
10487,C4920,1,20,District-Reasi,Total,Age Not Stated,6,4,2,1,1,0,1,0,1,2,2,0,0,0,0,0,0,0,1,1,0,1,0,1,0,0,0
10488,C4920,1,20,District-Reasi,Rural,Total,5143,3065,2078,920,504,416,816,468,348,463,299,164,1101,709,392,231,136,95,204,123,81,767,445,322,641,381,260
10489,C4920,1,20,District-Reasi,Rural,0-4,268,131,137,45,22,23,50,24,26,11,6,5,33,20,13,15,8,7,5,2,3,87,36,51,22,13,9
10490,C4920,1,20,District-Reasi,Rural,5-9,430,232,198,92,45,47,58,28,30,72,46,26,45,22,23,22,12,10,15,9,6,56,30,26,70,40,30
10491,C4920,1,20,District-Reasi,Rural,10-19,1024,622,402,139,79,60,156,94,62,159,102,57,162,103,59,56,33,23,45,29,16,164,93,71,143,89,54
10492,C4920,1,20,District-Reasi,Rural,20-29,743,449,294,95,50,45,102,56,46,80,50,30,190,123,67,39,25,14,40,25,15,105,66,39,92,54,38
10493,C4920,1,20,District-Reasi,Rural,30-39,687,429,258,84,51,33,102,54,48,59,43,16,184,118,66,48,32,16,43,23,20,116,75,41,51,33,18
10494,C4920,1,20,District-Reasi,Rural,40-49,470,310,160,71,48,23,73,45,28,34,20,14,132,93,39,22,12,10,24,17,7,82,54,28,32,21,11
10495,C4920,1,20,District-Reasi,Rural,50-59,376,245,131,63,36,27,70,43,27,21,15,6,112,80,32,17,11,6,12,8,4,55,32,23,26,20,6
10496,C4920,1,20,District-Reasi,Rural,60-69,411,232,179,104,48,56,74,37,37,10,5,5,117,79,38,4,1,3,11,4,7,47,29,18,44,29,15
10497,C4920,1,20,District-Reasi,Rural,70-79,382,213,169,112,59,53,74,51,23,12,7,5,73,44,29,7,2,5,8,5,3,36,16,20,60,29,31
10498,C4920,1,20,District-Reasi,Rural,80-89,237,138,99,75,42,33,39,27,12,1,1,0,42,21,21,1,0,1,0,0,0,16,13,3,63,34,29
10499,C4920,1,20,District-Reasi,Rural,90+,109,60,49,39,23,16,17,9,8,2,2,0,11,6,5,0,0,0,0,0,0,2,1,1,38,19,19
10500,C4920,1,20,District-Reasi,Rural,Age Not Stated,6,4,2,1,1,0,1,0,1,2,2,0,0,0,0,0,0,0,1,1,0,1,0,1,0,0,0
10501,C4920,1,20,District-Reasi,Urban,Total,436,266,170,58,37,21,66,39,27,35,25,10,114,70,44,21,10,11,20,13,7,82,46,36,40,26,14
10502,C4920,1,20,District-Reasi,Urban,0-4,21,11,10,2,2,0,2,1,1,3,2,1,7,3,4,1,0,1,0,0,0,4,1,3,2,2,0
10503,C4920,1,20,District-Reasi,Urban,5-9,24,11,13,2,1,1,3,1,2,6,5,1,0,0,0,0,0,0,1,1,0,9,3,6,3,0,3
10504,C4920,1,20,District-Reasi,Urban,10-19,65,33,32,5,3,2,7,3,4,5,0,5,11,6,5,6,4,2,3,1,2,13,6,7,15,10,5
10505,C4920,1,20,District-Reasi,Urban,20-29,77,49,28,9,6,3,8,4,4,10,9,1,21,13,8,4,1,3,4,1,3,12,8,4,9,7,2
10506,C4920,1,20,District-Reasi,Urban,30-39,56,40,16,2,2,0,14,12,2,3,3,0,14,7,7,4,2,2,6,6,0,11,6,5,2,2,0
10507,C4920,1,20,District-Reasi,Urban,40-49,66,45,21,9,6,3,9,6,3,5,4,1,20,15,5,4,2,2,3,3,0,12,7,5,4,2,2
10508,C4920,1,20,District-Reasi,Urban,50-59,43,27,16,9,5,4,8,5,3,1,1,0,7,5,2,1,1,0,2,0,2,12,9,3,3,1,2
10509,C4920,1,20,District-Reasi,Urban,60-69,35,25,10,9,7,2,3,1,2,2,1,1,14,12,2,1,0,1,0,0,0,5,3,2,1,1,0
10510,C4920,1,20,District-Reasi,Urban,70-79,28,16,12,5,3,2,7,3,4,0,0,0,11,6,5,0,0,0,1,1,0,3,2,1,1,1,0
10511,C4920,1,20,District-Reasi,Urban,80-89,17,6,11,5,1,4,4,3,1,0,0,0,7,1,6,0,0,0,0,0,0,1,1,0,0,0,0
10512,C4920,1,20,District-Reasi,Urban,90+,4,3,1,1,1,0,1,0,1,0,0,0,2,2,0,0,0,0,0,0,0,0,0,0,0,0,0
10513,C4920,1,20,District-Reasi,Urban,Age Not Stated,0,0,0,0,0,0,0,0,0,0,0,0,0,0,0,0,0,0,0,0,0,0,0,0,0,0,0
10514,C4920,1,21,District-Jammu,Total,Total,33785,20051,13734,5879,3120,2759,7449,4590,2859,1603,999,604,5066,3273,1793,2199,1292,907,1272,759,513,7984,4636,3348,2333,1382,951
10515,C4920,1,21,District-Jammu,Total,0-4,1264,710,554,241,118,123,342,192,150,22,9,13,70,47,23,75,42,33,13,5,8,439,254,185,62,43,19
10516,C4920,1,21,District-Jammu,Total,5-9,1862,1099,763,294,155,139,393,231,162,162,100,62,156,89,67,158,95,63,46,25,21,487,292,195,166,112,54
10517,C4920,1,21,District-Jammu,Total,10-19,4878,2881,1997,730,408,322,909,495,414,356,243,113,507,324,183,479,271,208,221,148,73,1197,707,490,479,285,194
10518,C4920,1,21,District-Jammu,Total,20-29,6055,3809,2246,737,400,337,1609,1156,453,300,187,113,822,537,285,435,270,165,257,165,92,1497,853,644,398,241,157
10519,C4920,1,21,District-Jammu,Total,30-39,5346,3303,2043,624,343,281,1258,853,405,244,139,105,1025,680,345,384,217,167,255,146,109,1297,747,550,259,178,81
10520,C4920,1,21,District-Jammu,Total,40-49,4413,2756,1657,658,370,288,964,633,331,214,128,86,733,526,207,300,183,117,202,117,85,1130,670,460,212,129,83
10521,C4920,1,21,District-Jammu,Total,50-59,3448,2074,1374,763,415,348,623,355,268,134,91,43,598,410,188,188,116,72,123,70,53,863,516,347,156,101,55
10522,C4920,1,21,District-Jammu,Total,60-69,2793,1557,1236,703,375,328,527,255,272,99,59,40,528,328,200,103,57,46,76,43,33,578,341,237,179,99,80
10523,C4920,1,21,District-Jammu,Total,70-79,2114,1065,1049,667,313,354,454,222,232,51,27,24,360,210,150,48,29,19,45,20,25,308,155,153,181,89,92
10524,C4920,1,21,District-Jammu,Total,80-89,1133,567,566,352,172,180,243,126,117,15,13,2,184,81,103,24,11,13,25,15,10,126,70,56,164,79,85
10525,C4920,1,21,District-Jammu,Total,90+,431,199,232,106,47,59,108,58,50,6,3,3,78,38,40,3,0,3,7,3,4,47,24,23,76,26,50
10526,C4920,1,21,District-Jammu,Total,Age Not Stated,48,31,17,4,4,0,19,14,5,0,0,0,5,3,2,2,1,1,2,2,0,15,7,8,1,0,1
10527,C4920,1,21,District-Jammu,Rural,Total,16587,9724,6863,2893,1539,1354,2524,1378,1146,950,606,344,3249,2147,1102,1161,685,476,751,433,318,3635,2109,1526,1424,827,597
10528,C4920,1,21,District-Jammu,Rural,0-4,567,339,228,118,62,56,108,65,43,14,6,8,45,34,11,33,21,12,9,4,5,204,121,83,36,26,10
10529,C4920,1,21,District-Jammu,Rural,5-9,945,544,401,121,60,61,137,81,56,102,59,43,94,59,35,110,65,45,35,17,18,242,132,110,104,71,33
10530,C4920,1,21,District-Jammu,Rural,10-19,2566,1532,1034,341,196,145,353,189,164,222,159,63,336,212,124,264,148,116,156,106,50,597,353,244,297,169,128
10531,C4920,1,21,District-Jammu,Rural,20-29,2654,1600,1054,312,171,141,334,196,138,185,119,66,583,384,199,229,144,85,154,92,62,609,346,263,248,148,100
10532,C4920,1,21,District-Jammu,Rural,30-39,2468,1486,982,273,151,122,295,165,130,136,79,57,679,462,217,208,120,88,141,77,64,582,327,255,154,105,49
10533,C4920,1,21,District-Jammu,Rural,40-49,2053,1282,771,295,168,127,304,175,129,121,75,46,438,324,114,157,95,62,116,61,55,514,322,192,108,62,46
10534,C4920,1,21,District-Jammu,Rural,50-59,1642,1011,631,338,193,145,269,146,123,75,53,22,354,247,107,73,45,28,66,35,31,373,229,144,94,63,31
10535,C4920,1,21,District-Jammu,Rural,60-69,1452,812,640,371,191,180,248,121,127,54,29,25,311,203,108,49,25,24,39,22,17,274,163,111,106,58,48
10536,C4920,1,21,District-Jammu,Rural,70-79,1182,592,590,400,185,215,239,113,126,24,15,9,225,137,88,21,13,8,19,10,9,141,64,77,113,55,58
10537,C4920,1,21,District-Jammu,Rural,80-89,741,378,363,250,128,122,158,83,75,11,9,2,122,54,68,15,9,6,12,7,5,64,37,27,109,51,58
10538,C4920,1,21,District-Jammu,Rural,90+,298,139,159,72,32,40,76,43,33,6,3,3,59,29,30,1,0,1,3,1,2,27,12,15,54,19,35
10539,C4920,1,21,District-Jammu,Rural,Age Not Stated,19,9,10,2,2,0,3,1,2,0,0,0,3,2,1,1,0,1,1,1,0,8,3,5,1,0,1
10540,C4920,1,21,District-Jammu,Urban,Total,17198,10327,6871,2986,1581,1405,4925,3212,1713,653,393,260,1817,1126,691,1038,607,431,521,326,195,4349,2527,1822,909,555,354
10541,C4920,1,21,District-Jammu,Urban,0-4,697,371,326,123,56,67,234,127,107,8,3,5,25,13,12,42,21,21,4,1,3,235,133,102,26,17,9
10542,C4920,1,21,District-Jammu,Urban,5-9,917,555,362,173,95,78,256,150,106,60,41,19,62,30,32,48,30,18,11,8,3,245,160,85,62,41,21
10543,C4920,1,21,District-Jammu,Urban,10-19,2312,1349,963,389,212,177,556,306,250,134,84,50,171,112,59,215,123,92,65,42,23,600,354,246,182,116,66
10544,C4920,1,21,District-Jammu,Urban,20-29,3401,2209,1192,425,229,196,1275,960,315,115,68,47,239,153,86,206,126,80,103,73,30,888,507,381,150,93,57
10545,C4920,1,21,District-Jammu,Urban,30-39,2878,1817,1061,351,192,159,963,688,275,108,60,48,346,218,128,176,97,79,114,69,45,715,420,295,105,73,32
10546,C4920,1,21,District-Jammu,Urban,40-49,2360,1474,886,363,202,161,660,458,202,93,53,40,295,202,93,143,88,55,86,56,30,616,348,268,104,67,37
10547,C4920,1,21,District-Jammu,Urban,50-59,1806,1063,743,425,222,203,354,209,145,59,38,21,244,163,81,115,71,44,57,35,22,490,287,203,62,38,24
10548,C4920,1,21,District-Jammu,Urban,60-69,1341,745,596,332,184,148,279,134,145,45,30,15,217,125,92,54,32,22,37,21,16,304,178,126,73,41,32
10549,C4920,1,21,District-Jammu,Urban,70-79,932,473,459,267,128,139,215,109,106,27,12,15,135,73,62,27,16,11,26,10,16,167,91,76,68,34,34
10550,C4920,1,21,District-Jammu,Urban,80-89,392,189,203,102,44,58,85,43,42,4,4,0,62,27,35,9,2,7,13,8,5,62,33,29,55,28,27
10551,C4920,1,21,District-Jammu,Urban,90+,133,60,73,34,15,19,32,15,17,0,0,0,19,9,10,2,0,2,4,2,2,20,12,8,22,7,15
10552,C4920,1,21,District-Jammu,Urban,Age Not Stated,29,22,7,2,2,0,16,13,3,0,0,0,2,1,1,1,1,0,1,1,0,7,4,3,0,0,0
10553,C4920,1,22,District-Samba,Total,Total,6722,3828,2894,1270,668,602,1089,588,501,312,176,136,1291,844,447,435,245,190,252,140,112,1441,814,627,632,353,279
10554,C4920,1,22,District-Samba,Total,0-4,239,131,108,38,20,18,57,29,28,1,0,1,15,6,9,10,6,4,6,5,1,87,48,39,25,17,8
10555,C4920,1,22,District-Samba,Total,5-9,355,218,137,50,30,20,56,33,23,34,16,18,33,25,8,31,17,14,9,6,3,99,59,40,43,32,11
10556,C4920,1,22,District-Samba,Total,10-19,903,495,408,107,72,35,125,63,62,71,41,30,118,75,43,94,52,42,38,17,21,230,107,123,120,68,52
10557,C4920,1,22,District-Samba,Total,20-29,986,562,424,92,56,36,117,54,63,48,24,24,216,145,71,94,55,39,49,28,21,262,140,122,108,60,48
10558,C4920,1,22,District-Samba,Total,30-39,948,590,358,86,48,38,151,92,59,56,33,23,237,161,76,84,48,36,50,31,19,223,139,84,61,38,23
10559,C4920,1,22,District-Samba,Total,40-49,860,549,311,152,89,63,136,99,37,41,27,14,175,122,53,51,31,20,41,26,15,212,121,91,52,34,18
10560,C4920,1,22,District-Samba,Total,50-59,637,389,248,160,93,67,99,53,46,20,12,8,156,115,41,35,19,16,22,11,11,120,76,44,25,10,15
10561,C4920,1,22,District-Samba,Total,60-69,652,356,296,204,92,112,110,53,57,21,12,9,138,97,41,16,7,9,17,7,10,105,67,38,41,21,20
10562,C4920,1,22,District-Samba,Total,70-79,601,279,322,194,82,112,127,60,67,13,7,6,118,62,56,13,5,8,16,7,9,61,30,31,59,26,33
10563,C4920,1,22,District-Samba,Total,80-89,398,191,207,138,65,73,83,39,44,5,2,3,65,30,35,5,4,1,3,1,2,31,18,13,68,32,36
10564,C4920,1,22,District-Samba,Total,90+,136,61,75,49,21,28,24,9,15,2,2,0,20,6,14,2,1,1,1,1,0,8,6,2,30,15,15
10565,C4920,1,22,District-Samba,Total,Age Not Stated,7,7,0,0,0,0,4,4,0,0,0,0,0,0,0,0,0,0,0,0,0,3,3,0,0,0,0
10566,C4920,1,22,District-Samba,Rural,Total,5717,3267,2450,1020,536,484,908,502,406,272,153,119,1106,728,378,376,203,173,207,110,97,1278,724,554,550,311,239
10567,C4920,1,22,District-Samba,Rural,0-4,206,119,87,33,16,17,45,23,22,1,0,1,13,6,7,10,6,4,5,5,0,78,48,30,21,15,6
10568,C4920,1,22,District-Samba,Rural,5-9,300,189,111,44,27,17,35,24,11,30,14,16,30,23,7,27,15,12,6,4,2,92,55,37,36,27,9
10569,C4920,1,22,District-Samba,Rural,10-19,778,424,354,90,63,27,102,54,48,60,31,29,105,66,39,76,39,37,31,13,18,209,96,113,105,62,43
10570,C4920,1,22,District-Samba,Rural,20-29,827,460,367,65,38,27,96,44,52,41,23,18,187,120,67,81,46,35,40,24,16,222,114,108,95,51,44
10571,C4920,1,22,District-Samba,Rural,30-39,817,508,309,69,38,31,117,72,45,48,27,21,209,145,64,77,43,34,41,23,18,199,124,75,57,36,21
10572,C4920,1,22,District-Samba,Rural,40-49,734,468,266,115,68,47,123,90,33,37,24,13,146,102,44,46,27,19,35,20,15,188,108,80,44,29,15
10573,C4920,1,22,District-Samba,Rural,50-59,545,327,218,121,65,56,87,45,42,19,12,7,138,103,35,28,14,14,20,9,11,111,71,40,21,8,13
10574,C4920,1,22,District-Samba,Rural,60-69,553,304,249,168,77,91,101,53,48,18,11,7,113,77,36,15,6,9,11,4,7,93,59,34,34,17,17
10575,C4920,1,22,District-Samba,Rural,70-79,512,244,268,162,71,91,113,53,60,12,7,5,98,53,45,11,4,7,14,6,8,50,26,24,52,24,28
10576,C4920,1,22,District-Samba,Rural,80-89,327,168,159,112,56,56,71,37,34,4,2,2,50,27,23,3,2,1,3,1,2,27,16,11,57,27,30
10577,C4920,1,22,District-Samba,Rural,90+,117,55,62,41,17,24,18,7,11,2,2,0,17,6,11,2,1,1,1,1,0,8,6,2,28,15,13
10578,C4920,1,22,District-Samba,Rural,Age Not Stated,1,1,0,0,0,0,0,0,0,0,0,0,0,0,0,0,0,0,0,0,0,1,1,0,0,0,0
10579,C4920,1,22,District-Samba,Urban,Total,1005,561,444,250,132,118,181,86,95,40,23,17,185,116,69,59,42,17,45,30,15,163,90,73,82,42,40
10580,C4920,1,22,District-Samba,Urban,0-4,33,12,21,5,4,1,12,6,6,0,0,0,2,0,2,0,0,0,1,0,1,9,0,9,4,2,2
10581,C4920,1,22,District-Samba,Urban,5-9,55,29,26,6,3,3,21,9,12,4,2,2,3,2,1,4,2,2,3,2,1,7,4,3,7,5,2
10582,C4920,1,22,District-Samba,Urban,10-19,125,71,54,17,9,8,23,9,14,11,10,1,13,9,4,18,13,5,7,4,3,21,11,10,15,6,9
10583,C4920,1,22,District-Samba,Urban,20-29,159,102,57,27,18,9,21,10,11,7,1,6,29,25,4,13,9,4,9,4,5,40,26,14,13,9,4
10584,C4920,1,22,District-Samba,Urban,30-39,131,82,49,17,10,7,34,20,14,8,6,2,28,16,12,7,5,2,9,8,1,24,15,9,4,2,2
10585,C4920,1,22,District-Samba,Urban,40-49,126,81,45,37,21,16,13,9,4,4,3,1,29,20,9,5,4,1,6,6,0,24,13,11,8,5,3
10586,C4920,1,22,District-Samba,Urban,50-59,92,62,30,39,28,11,12,8,4,1,0,1,18,12,6,7,5,2,2,2,0,9,5,4,4,2,2
10587,C4920,1,22,District-Samba,Urban,60-69,99,52,47,36,15,21,9,0,9,3,1,2,25,20,5,1,1,0,6,3,3,12,8,4,7,4,3
10588,C4920,1,22,District-Samba,Urban,70-79,89,35,54,32,11,21,14,7,7,1,0,1,20,9,11,2,1,1,2,1,1,11,4,7,7,2,5
10589,C4920,1,22,District-Samba,Urban,80-89,71,23,48,26,9,17,12,2,10,1,0,1,15,3,12,2,2,0,0,0,0,4,2,2,11,5,6
10590,C4920,1,22,District-Samba,Urban,90+,19,6,13,8,4,4,6,2,4,0,0,0,3,0,3,0,0,0,0,0,0,0,0,0,2,0,2
10591,C4920,1,22,District-Samba,Urban,Age Not Stated,6,6,0,0,0,0,4,4,0,0,0,0,0,0,0,0,0,0,0,0,0,2,2,0,0,0,0
10592,C4920,29,0,State-KARNATAKA,Total,0-4,58602,30721,27881,13334,6841,6493,13182,6650,6532,1325,732,593,6214,3628,2586,3376,1771,1605,252,135,117,16411,8441,7970,4508,2523,1985
10593,C4920,29,0,State-KARNATAKA,Total,5-9,93449,51342,42107,15870,8403,7467,16196,8370,7826,10657,6138,4519,11688,6986,4702,8702,4883,3819,621,346,275,18280,9507,8773,11435,6709,4726
10594,C4920,29,0,State-KARNATAKA,Total,10-19,237332,130720,106612,39912,21598,18314,39372,20720,18652,23449,13108,10341,38546,22910,15636,26113,14254,11859,2627,1423,1204,43087,22948,20139,24226,13759,10467
10595,C4920,29,0,State-KARNATAKA,Total,20-29,243962,133564,110398,40641,21634,19007,42740,22494,20246,18367,9779,8588,56504,34077,22427,20624,10723,9901,3733,1948,1785,45115,23874,21241,16238,9035,7203
10596,C4920,29,0,State-KARNATAKA,Total,30-39,193941,108554,85387,33276,17645,15631,34493,18241,16252,13276,6891,6385,44458,28807,15651,14512,7326,7186,4318,2280,2038,38768,21385,17383,10840,5979,4861
10597,C4920,29,0,State-KARNATAKA,Total,40-49,157235,91900,65335,28558,15454,13104,28245,15436,12809,10061,5627,4434,36126,24705,11421,10073,5301,4772,4107,2159,1948,31667,18165,13502,8398,5053,3345
10598,C4920,29,0,State-KARNATAKA,Total,50-59,118482,67791,50691,25262,12796,12466,20904,10976,9928,6287,3585,2702,29638,20121,9517,5424,2783,2641,2655,1334,1321,22300,12584,9716,6012,3612,2400
10599,C4920,29,0,State-KARNATAKA,Total,60-69,113719,60679,53040,31488,14274,17214,19966,10018,9948,4605,2560,2045,27657,17951,9706,3313,1613,1700,1705,816,889,17952,9631,8321,7033,3816,3217
10600,C4920,29,0,State-KARNATAKA,Total,70-79,69151,34765,34386,22991,10127,12864,12845,6306,6539,1908,1061,847,14622,8927,5695,1220,556,664,629,293,336,8852,4529,4323,6084,2966,3118
10601,C4920,29,0,State-KARNATAKA,Total,80-89,28285,12345,15940,9878,3983,5895,5599,2528,3071,571,254,317,4959,2383,2576,395,179,216,192,65,127,3058,1446,1612,3633,1507,2126
10602,C4920,29,0,State-KARNATAKA,Total,90+,8513,3298,5215,2698,1009,1689,1651,682,969,153,73,80,1410,553,857,145,61,84,60,22,38,875,369,506,1521,529,992
10603,C4920,29,0,State-KARNATAKA,Total,Age Not Stated,1534,842,692,262,145,117,498,264,234,82,40,42,160,91,69,77,51,26,14,7,7,356,200,156,85,44,41
10604,C4920,29,0,State-KARNATAKA,Rural,Total,792694,438605,354089,139405,69266,70139,120294,62341,57953,60633,33680,26953,195850,124089,71761,59116,30810,28306,13225,6698,6527,135183,73633,61550,68988,38088,30900
10605,C4920,29,0,State-KARNATAKA,Rural,0-4,31159,16574,14585,5391,2746,2645,6134,3149,2985,882,492,390,4590,2699,1891,1901,985,916,122,69,53,9046,4701,4345,3093,1733,1360
10606,C4920,29,0,State-KARNATAKA,Rural,5-9,56330,31340,24990,7483,4014,3469,8158,4225,3933,7440,4328,3112,8719,5208,3511,5807,3265,2542,313,168,145,10222,5313,4909,8188,4819,3369
10607,C4920,29,0,State-KARNATAKA,Rural,10-19,147239,82388,64851,20443,11344,9099,20686,11093,9593,16544,9446,7098,28933,17223,11710,17602,9556,8046,1577,850,727,24772,13338,11434,16682,9538,7144
10608,C4920,29,0,State-KARNATAKA,Rural,20-29,134156,75354,58802,15770,8705,7065,18226,9764,8462,11845,6402,5443,40278,24665,15613,12676,6544,6132,2315,1144,1171,22265,12147,10118,10781,5983,4798
10609,C4920,29,0,State-KARNATAKA,Rural,30-39,105581,59878,45703,13386,7112,6274,15208,7894,7314,8330,4314,4016,30972,20393,10579,8599,4205,4394,2768,1430,1338,19382,10760,8622,6936,3770,3166
10610,C4920,29,0,State-KARNATAKA,Rural,40-49,91454,54238,37216,13653,7411,6242,14135,7633,6502,6672,3733,2939,25514,17634,7880,6172,3170,3002,2680,1389,1291,17160,9951,7209,5468,3317,2151
10611,C4920,29,0,State-KARNATAKA,Rural,50-59,71198,40889,30309,13798,6767,7031,11186,5762,5424,4095,2320,1775,20822,14136,6686,3208,1614,1594,1755,854,901,12475,7104,5371,3859,2332,1527
10612,C4920,29,0,State-KARNATAKA,Rural,60-69,77067,40817,36250,21673,9481,12192,12639,6305,6334,3085,1729,1356,20186,13069,7117,2075,984,1091,1139,543,596,11218,6019,5199,5052,2687,2365
10613,C4920,29,0,State-KARNATAKA,Rural,70-79,50543,25258,25285,17788,7696,10092,8782,4276,4506,1256,691,565,10974,6780,4194,745,338,407,394,187,207,5894,3020,2874,4710,2270,2440
10614,C4920,29,0,State-KARNATAKA,Rural,80-89,20952,9101,11851,7824,3177,4647,3889,1730,2159,348,158,190,3676,1794,1882,202,79,123,108,42,66,2012,945,1067,2893,1176,1717
10615,C4920,29,0,State-KARNATAKA,Rural,90+,6324,2399,3925,2077,754,1323,1135,457,678,96,45,51,1064,420,644,79,35,44,47,18,29,562,236,326,1264,434,830
10616,C4920,29,0,State-KARNATAKA,Rural,Age Not Stated,691,369,322,119,59,60,116,53,63,40,22,18,122,68,54,50,35,15,7,4,3,175,99,76,62,29,33
10617,C4920,29,0,State-KARNATAKA,Urban,Total,531511,287916,243595,124765,64643,60122,115397,60344,55053,30108,16168,13940,76132,47050,29082,34858,18691,16167,7688,4130,3558,111538,59446,52092,31025,17444,13581
10618,C4920,29,0,State-KARNATAKA,Urban,0-4,27443,14147,13296,7943,4095,3848,7048,3501,3547,443,240,203,1624,929,695,1475,786,689,130,66,64,7365,3740,3625,1415,790,625
10619,C4920,29,0,State-KARNATAKA,Urban,5-9,37119,20002,17117,8387,4389,3998,8038,4145,3893,3217,1810,1407,2969,1778,1191,2895,1618,1277,308,178,130,8058,4194,3864,3247,1890,1357
10620,C4920,29,0,State-KARNATAKA,Urban,10-19,90093,48332,41761,19469,10254,9215,18686,9627,9059,6905,3662,3243,9613,5687,3926,8511,4698,3813,1050,573,477,18315,9610,8705,7544,4221,3323
10621,C4920,29,0,State-KARNATAKA,Urban,20-29,109806,58210,51596,24871,12929,11942,24514,12730,11784,6522,3377,3145,16226,9412,6814,7948,4179,3769,1418,804,614,22850,11727,11123,5457,3052,2405
10622,C4920,29,0,State-KARNATAKA,Urban,30-39,88360,48676,39684,19890,10533,9357,19285,10347,8938,4946,2577,2369,13486,8414,5072,5913,3121,2792,1550,850,700,19386,10625,8761,3904,2209,1695
10623,C4920,29,0,State-KARNATAKA,Urban,40-49,65781,37662,28119,14905,8043,6862,14110,7803,6307,3389,1894,1495,10612,7071,3541,3901,2131,1770,1427,770,657,14507,8214,6293,2930,1736,1194
10624,C4920,29,0,State-KARNATAKA,Urban,50-59,47284,26902,20382,11464,6029,5435,9718,5214,4504,2192,1265,927,8816,5985,2831,2216,1169,1047,900,480,420,9825,5480,4345,2153,1280,873
10625,C4920,29,0,State-KARNATAKA,Urban,60-69,36652,19862,16790,9815,4793,5022,7327,3713,3614,1520,831,689,7471,4882,2589,1238,629,609,566,273,293,6734,3612,3122,1981,1129,852
10626,C4920,29,0,State-KARNATAKA,Urban,70-79,18608,9507,9101,5203,2431,2772,4063,2030,2033,652,370,282,3648,2147,1501,475,218,257,235,106,129,2958,1509,1449,1374,696,678
10627,C4920,29,0,State-KARNATAKA,Urban,80-89,7333,3244,4089,2054,806,1248,1710,798,912,223,96,127,1283,589,694,193,100,93,84,23,61,1046,501,545,740,331,409
10628,C4920,29,0,State-KARNATAKA,Urban,90+,2189,899,1290,621,255,366,516,225,291,57,28,29,346,133,213,66,26,40,13,4,9,313,133,180,257,95,162
10629,C4920,29,0,State-KARNATAKA,Urban,Age Not Stated,843,473,370,143,86,57,382,211,171,42,18,24,38,23,15,27,16,11,7,3,4,181,101,80,23,15,8
10630,C4920,29,555,District-Belgaum,Total,Total,92594,52176,40418,14349,7348,7001,12310,6621,5689,7305,3926,3379,26489,16790,9699,8054,4231,3823,1553,822,731,14805,8086,6719,7729,4352,3377
10631,C4920,29,555,District-Belgaum,Total,0-4,3802,2029,1773,678,343,335,638,331,307,119,62,57,629,369,260,278,129,149,13,5,8,1045,566,479,402,224,178
10632,C4920,29,555,District-Belgaum,Total,5-9,6714,3749,2965,830,444,386,871,454,417,904,500,404,1202,742,460,757,436,321,37,21,16,1172,617,555,941,535,406
10633,C4920,29,555,District-Belgaum,Total,10-19,17401,9864,7537,2182,1223,959,1933,1047,886,1985,1106,879,3962,2446,1516,2349,1292,1057,208,109,99,2790,1492,1298,1992,1149,843
10634,C4920,29,555,District-Belgaum,Total,20-29,16376,9282,7094,1779,995,784,1732,979,753,1384,708,676,5744,3511,2233,1798,939,859,287,149,138,2426,1327,1099,1226,674,552
10635,C4920,29,555,District-Belgaum,Total,30-39,12931,7306,5625,1562,845,717,1648,870,778,1045,536,509,4297,2753,1544,1168,539,629,317,166,151,2162,1182,980,732,415,317
10636,C4920,29,555,District-Belgaum,Total,40-49,11110,6654,4456,1544,839,705,1560,890,670,801,431,370,3444,2347,1097,866,459,407,319,176,143,1944,1129,815,632,383,249
10637,C4920,29,555,District-Belgaum,Total,50-59,8311,4959,3352,1448,753,695,1174,630,544,508,275,233,2769,1909,860,451,246,205,176,103,73,1342,766,576,443,277,166
10638,C4920,29,555,District-Belgaum,Total,60-69,8409,4624,3785,2008,914,1094,1315,714,601,352,191,161,2626,1661,965,270,141,129,122,62,60,1171,627,544,545,314,231
10639,C4920,29,555,District-Belgaum,Total,70-79,4950,2587,2363,1467,657,810,963,484,479,163,97,66,1292,803,489,77,34,43,50,28,22,510,277,233,428,207,221
10640,C4920,29,555,District-Belgaum,Total,80-89,2004,904,1100,673,275,398,389,181,208,33,16,17,414,205,209,27,13,14,16,3,13,169,78,91,283,133,150
10641,C4920,29,555,District-Belgaum,Total,90+,551,197,354,172,56,116,83,38,45,9,3,6,102,38,64,10,2,8,7,0,7,67,21,46,101,39,62
10642,C4920,29,555,District-Belgaum,Total,Age Not Stated,35,21,14,6,4,2,4,3,1,2,1,1,8,6,2,3,1,2,1,0,1,7,4,3,4,2,2
10643,C4920,29,555,District-Belgaum,Rural,Total,72348,40760,31588,11160,5674,5486,9551,5112,4439,5753,3115,2638,21414,13595,7819,6276,3239,3037,1157,606,551,10871,5983,4888,6166,3436,2730
10644,C4920,29,555,District-Belgaum,Rural,0-4,3110,1670,1440,536,263,273,516,265,251,92,52,40,547,325,222,244,108,136,12,4,8,822,458,364,341,195,146
10645,C4920,29,555,District-Belgaum,Rural,5-9,5468,3041,2427,667,359,308,699,358,341,733,404,329,1028,635,393,631,358,273,22,12,10,897,469,428,791,446,345
10646,C4920,29,555,District-Belgaum,Rural,10-19,14007,7947,6060,1753,989,764,1517,815,702,1623,922,701,3337,2051,1286,1871,1014,857,165,88,77,2151,1160,991,1590,908,682
10647,C4920,29,555,District-Belgaum,Rural,20-29,12686,7252,5434,1320,744,576,1336,765,571,1089,565,524,4641,2870,1771,1390,710,680,218,108,110,1733,972,761,959,518,441
10648,C4920,29,555,District-Belgaum,Rural,30-39,9756,5552,4204,1167,640,527,1204,632,572,802,400,402,3409,2216,1193,869,391,478,227,123,104,1530,832,698,548,318,230
10649,C4920,29,555,District-Belgaum,Rural,40-49,8377,5015,3362,1097,607,490,1166,656,510,611,342,269,2715,1855,860,667,344,323,235,128,107,1397,799,598,489,284,205
10650,C4920,29,555,District-Belgaum,Rural,50-59,6174,3643,2531,1053,529,524,882,466,416,384,198,186,2158,1473,685,323,175,148,124,71,53,919,528,391,331,203,128
10651,C4920,29,555,District-Belgaum,Rural,60-69,6682,3649,3033,1620,714,906,1072,585,487,267,146,121,2103,1316,787,192,102,90,101,50,51,883,479,404,444,257,187
10652,C4920,29,555,District-Belgaum,Rural,70-79,3977,2077,1900,1230,545,685,764,391,373,115,69,46,1052,654,398,62,28,34,35,21,14,360,202,158,359,167,192
10653,C4920,29,555,District-Belgaum,Rural,80-89,1624,728,896,565,231,334,316,142,174,27,14,13,335,165,170,19,7,12,11,1,10,126,64,62,225,104,121
10654,C4920,29,555,District-Belgaum,Rural,90+,459,169,290,147,50,97,76,35,41,8,2,6,81,29,52,6,1,5,6,0,6,49,18,31,86,34,52
10655,C4920,29,555,District-Belgaum,Rural,Age Not Stated,28,17,11,5,3,2,3,2,1,2,1,1,8,6,2,2,1,1,1,0,1,4,2,2,3,2,1
10656,C4920,29,555,District-Belgaum,Urban,Total,20246,11416,8830,3189,1674,1515,2759,1509,1250,1552,811,741,5075,3195,1880,1778,992,786,396,216,180,3934,2103,1831,1563,916,647
10657,C4920,29,555,District-Belgaum,Urban,0-4,692,359,333,142,80,62,122,66,56,27,10,17,82,44,38,34,21,13,1,1,0,223,108,115,61,29,32
10658,C4920,29,555,District-Belgaum,Urban,5-9,1246,708,538,163,85,78,172,96,76,171,96,75,174,107,67,126,78,48,15,9,6,275,148,127,150,89,61
10659,C4920,29,555,District-Belgaum,Urban,10-19,3394,1917,1477,429,234,195,416,232,184,362,184,178,625,395,230,478,278,200,43,21,22,639,332,307,402,241,161
10660,C4920,29,555,District-Belgaum,Urban,20-29,3690,2030,1660,459,251,208,396,214,182,295,143,152,1103,641,462,408,229,179,69,41,28,693,355,338,267,156,111
10661,C4920,29,555,District-Belgaum,Urban,30-39,3175,1754,1421,395,205,190,444,238,206,243,136,107,888,537,351,299,148,151,90,43,47,632,350,282,184,97,87
10662,C4920,29,555,District-Belgaum,Urban,40-49,2733,1639,1094,447,232,215,394,234,160,190,89,101,729,492,237,199,115,84,84,48,36,547,330,217,143,99,44
10663,C4920,29,555,District-Belgaum,Urban,50-59,2137,1316,821,395,224,171,292,164,128,124,77,47,611,436,175,128,71,57,52,32,20,423,238,185,112,74,38
10664,C4920,29,555,District-Belgaum,Urban,60-69,1727,975,752,388,200,188,243,129,114,85,45,40,523,345,178,78,39,39,21,12,9,288,148,140,101,57,44
10665,C4920,29,555,District-Belgaum,Urban,70-79,973,510,463,237,112,125,199,93,106,48,28,20,240,149,91,15,6,9,15,7,8,150,75,75,69,40,29
10666,C4920,29,555,District-Belgaum,Urban,80-89,380,176,204,108,44,64,73,39,34,6,2,4,79,40,39,8,6,2,5,2,3,43,14,29,58,29,29
10667,C4920,29,555,District-Belgaum,Urban,90+,92,28,64,25,6,19,7,3,4,1,1,0,21,9,12,4,1,3,1,0,1,18,3,15,15,5,10
10668,C4920,29,555,District-Belgaum,Urban,Age Not Stated,7,4,3,1,1,0,1,1,0,0,0,0,0,0,0,1,0,1,0,0,0,3,2,1,1,0,1
10669,C4920,29,556,District-Bagalkot ,Total,Total,43179,23929,19250,7128,3490,3638,6368,3395,2973,3399,1880,1519,12201,7507,4694,3155,1704,1451,500,256,244,6725,3626,3099,3703,2071,1632
10670,C4920,29,556,District-Bagalkot ,Total,0-4,1746,931,815,200,95,105,270,138,132,71,34,37,319,180,139,119,64,55,7,4,3,575,308,267,185,108,77
10671,C4920,29,556,District-Bagalkot ,Total,5-9,3412,1951,1461,359,206,153,468,259,209,534,322,212,572,345,227,376,225,151,21,7,14,559,283,276,523,304,219
10672,C4920,29,556,District-Bagalkot ,Total,10-19,8551,4833,3718,972,555,417,1181,687,494,986,549,437,2083,1195,888,1048,596,452,65,30,35,1296,714,582,920,507,413
10673,C4920,29,556,District-Bagalkot ,Total,20-29,7985,4504,3481,671,380,291,977,558,419,655,342,313,3181,1885,1296,687,348,339,102,53,49,1171,624,547,541,314,227
10674,C4920,29,556,District-Bagalkot ,Total,30-39,5557,3230,2327,661,370,291,803,404,399,442,249,193,1925,1236,689,435,221,214,95,56,39,859,489,370,337,205,132
10675,C4920,29,556,District-Bagalkot ,Total,40-49,4504,2626,1878,746,365,381,747,397,350,322,172,150,1284,889,395,264,138,126,96,49,47,793,459,334,252,157,95
10676,C4920,29,556,District-Bagalkot ,Total,50-59,3520,2015,1505,852,433,419,572,308,264,169,100,69,1036,691,345,111,56,55,63,33,30,552,302,250,165,92,73
10677,C4920,29,556,District-Bagalkot ,Total,60-69,4157,2142,2015,1326,579,747,665,335,330,143,77,66,1037,644,393,75,40,35,36,19,17,571,285,286,304,163,141
10678,C4920,29,556,District-Bagalkot ,Total,70-79,2468,1193,1275,894,355,539,441,205,236,61,28,33,544,342,202,24,9,15,11,4,7,235,111,124,258,139,119
10679,C4920,29,556,District-Bagalkot ,Total,80-89,951,389,562,355,125,230,190,88,102,11,5,6,151,70,81,11,6,5,2,0,2,84,37,47,147,58,89
10680,C4920,29,556,District-Bagalkot ,Total,90+,305,101,204,88,25,63,53,15,38,3,2,1,64,27,37,4,1,3,2,1,1,25,10,15,66,20,46
10681,C4920,29,556,District-Bagalkot ,Total,Age Not Stated,23,14,9,4,2,2,1,1,0,2,0,2,5,3,2,1,0,1,0,0,0,5,4,1,5,4,1
10682,C4920,29,556,District-Bagalkot ,Rural,Total,29697,16448,13249,4661,2255,2406,4424,2341,2083,2419,1340,1079,8512,5272,3240,2191,1174,1017,336,164,172,4505,2437,2068,2649,1465,1184
10683,C4920,29,556,District-Bagalkot ,Rural,0-4,1262,683,579,158,77,81,177,95,82,53,24,29,250,146,104,97,54,43,5,3,2,380,202,178,142,82,60
10684,C4920,29,556,District-Bagalkot ,Rural,5-9,2542,1439,1103,273,157,116,327,180,147,401,238,163,446,262,184,283,170,113,13,3,10,399,201,198,400,228,172
10685,C4920,29,556,District-Bagalkot ,Rural,10-19,6192,3523,2669,679,387,292,815,475,340,723,410,313,1575,925,650,768,431,337,52,24,28,909,497,412,671,374,297
10686,C4920,29,556,District-Bagalkot ,Rural,20-29,5280,2990,2290,439,261,178,635,358,277,446,226,220,2141,1282,859,435,212,223,66,30,36,737,397,340,381,224,157
10687,C4920,29,556,District-Bagalkot ,Rural,30-39,3738,2188,1550,425,242,183,558,276,282,316,177,139,1319,872,447,293,143,150,58,30,28,551,317,234,218,131,87
10688,C4920,29,556,District-Bagalkot ,Rural,40-49,2973,1744,1229,435,214,221,516,267,249,221,119,102,870,606,264,170,87,83,66,32,34,535,318,217,160,101,59
10689,C4920,29,556,District-Bagalkot ,Rural,50-59,2197,1238,959,436,209,227,370,192,178,119,74,45,697,459,238,70,36,34,41,23,18,363,194,169,101,51,50
10690,C4920,29,556,District-Bagalkot ,Rural,60-69,2840,1439,1401,861,356,505,504,253,251,95,52,43,710,430,280,50,28,22,28,16,12,381,195,186,211,109,102
10691,C4920,29,556,District-Bagalkot ,Rural,70-79,1760,848,912,646,250,396,340,166,174,38,16,22,362,230,132,15,7,8,4,2,2,164,77,87,191,100,91
10692,C4920,29,556,District-Bagalkot ,Rural,80-89,674,271,403,249,82,167,142,66,76,3,2,1,96,41,55,7,5,2,1,0,1,62,29,33,114,46,68
10693,C4920,29,556,District-Bagalkot ,Rural,90+,226,78,148,57,19,38,39,12,27,3,2,1,44,18,26,3,1,2,2,1,1,21,8,13,57,17,40
10694,C4920,29,556,District-Bagalkot ,Rural,Age Not Stated,13,7,6,3,1,2,1,1,0,1,0,1,2,1,1,0,0,0,0,0,0,3,2,1,3,2,1
10695,C4920,29,556,District-Bagalkot ,Urban,Total,13482,7481,6001,2467,1235,1232,1944,1054,890,980,540,440,3689,2235,1454,964,530,434,164,92,72,2220,1189,1031,1054,606,448
10696,C4920,29,556,District-Bagalkot ,Urban,0-4,484,248,236,42,18,24,93,43,50,18,10,8,69,34,35,22,10,12,2,1,1,195,106,89,43,26,17
10697,C4920,29,556,District-Bagalkot ,Urban,5-9,870,512,358,86,49,37,141,79,62,133,84,49,126,83,43,93,55,38,8,4,4,160,82,78,123,76,47
10698,C4920,29,556,District-Bagalkot ,Urban,10-19,2359,1310,1049,293,168,125,366,212,154,263,139,124,508,270,238,280,165,115,13,6,7,387,217,170,249,133,116
10699,C4920,29,556,District-Bagalkot ,Urban,20-29,2705,1514,1191,232,119,113,342,200,142,209,116,93,1040,603,437,252,136,116,36,23,13,434,227,207,160,90,70
10700,C4920,29,556,District-Bagalkot ,Urban,30-39,1819,1042,777,236,128,108,245,128,117,126,72,54,606,364,242,142,78,64,37,26,11,308,172,136,119,74,45
10701,C4920,29,556,District-Bagalkot ,Urban,40-49,1531,882,649,311,151,160,231,130,101,101,53,48,414,283,131,94,51,43,30,17,13,258,141,117,92,56,36
10702,C4920,29,556,District-Bagalkot ,Urban,50-59,1323,777,546,416,224,192,202,116,86,50,26,24,339,232,107,41,20,21,22,10,12,189,108,81,64,41,23
10703,C4920,29,556,District-Bagalkot ,Urban,60-69,1317,703,614,465,223,242,161,82,79,48,25,23,327,214,113,25,12,13,8,3,5,190,90,100,93,54,39
10704,C4920,29,556,District-Bagalkot ,Urban,70-79,708,345,363,248,105,143,101,39,62,23,12,11,182,112,70,9,2,7,7,2,5,71,34,37,67,39,28
10705,C4920,29,556,District-Bagalkot ,Urban,80-89,277,118,159,106,43,63,48,22,26,8,3,5,55,29,26,4,1,3,1,0,1,22,8,14,33,12,21
10706,C4920,29,556,District-Bagalkot ,Urban,90+,79,23,56,31,6,25,14,3,11,0,0,0,20,9,11,1,0,1,0,0,0,4,2,2,9,3,6
10707,C4920,29,556,District-Bagalkot ,Urban,Age Not Stated,10,7,3,1,1,0,0,0,0,1,0,1,3,2,1,1,0,1,0,0,0,2,2,0,2,2,0
10708,C4920,29,557,District-Bijapur,Total,Total,43533,24038,19495,6961,3575,3386,6872,3463,3409,3802,2067,1735,10639,6675,3964,3351,1722,1629,511,257,254,7728,4224,3504,3669,2055,1614
10709,C4920,29,557,District-Bijapur,Total,0-4,2313,1196,1117,387,194,193,461,232,229,68,41,27,336,192,144,155,81,74,6,4,2,692,344,348,208,108,100
10710,C4920,29,557,District-Bijapur,Total,5-9,3814,2030,1784,533,292,241,544,242,302,572,310,262,551,320,231,360,190,170,20,10,10,732,364,368,502,302,200
10711,C4920,29,557,District-Bijapur,Total,10-19,9092,4960,4132,1200,672,528,1377,733,644,1099,589,510,1900,1073,827,985,508,477,76,41,35,1472,793,679,983,551,432
10712,C4920,29,557,District-Bijapur,Total,20-29,8183,4550,3633,926,508,418,1139,603,536,758,413,345,2633,1533,1100,699,358,341,102,45,57,1341,741,600,585,349,236
10713,C4920,29,557,District-Bijapur,Total,30-39,5698,3239,2459,717,374,343,869,422,447,487,258,229,1647,1142,505,486,231,255,96,43,53,1087,608,479,309,161,148
10714,C4920,29,557,District-Bijapur,Total,40-49,4480,2704,1776,635,356,279,767,413,354,380,207,173,1158,822,336,296,161,135,104,57,47,852,498,354,288,190,98
10715,C4920,29,557,District-Bijapur,Total,50-59,3408,1947,1461,620,298,322,589,289,300,198,116,82,942,653,289,184,96,88,62,33,29,629,355,274,184,107,77
10716,C4920,29,557,District-Bijapur,Total,60-69,3447,1940,1507,904,432,472,583,292,291,141,81,60,888,600,288,122,72,50,25,13,12,542,321,221,242,129,113
10717,C4920,29,557,District-Bijapur,Total,70-79,2053,1034,1019,680,312,368,350,160,190,77,40,37,412,257,155,44,15,29,14,8,6,273,148,125,203,94,109
10718,C4920,29,557,District-Bijapur,Total,80-89,769,334,435,269,111,158,141,52,89,14,7,7,133,67,66,17,8,9,4,2,2,76,35,41,115,52,63
10719,C4920,29,557,District-Bijapur,Total,90+,245,85,160,84,22,62,42,20,22,6,3,3,36,13,23,3,2,1,2,1,1,24,12,12,48,12,36
10720,C4920,29,557,District-Bijapur,Total,Age Not Stated,31,19,12,6,4,2,10,5,5,2,2,0,3,3,0,0,0,0,0,0,0,8,5,3,2,0,2
10721,C4920,29,557,District-Bijapur,Rural,Total,33403,18560,14843,5442,2807,2635,4674,2339,2335,2988,1645,1343,8619,5443,3176,2633,1349,1284,399,191,208,5768,3161,2607,2880,1625,1255
10722,C4920,29,557,District-Bijapur,Rural,0-4,1707,897,810,300,157,143,314,161,153,56,35,21,267,155,112,119,63,56,5,3,2,493,243,250,153,80,73
10723,C4920,29,557,District-Bijapur,Rural,5-9,2937,1594,1343,399,226,173,360,160,200,454,250,204,453,269,184,299,163,136,12,4,8,561,275,286,399,247,152
10724,C4920,29,557,District-Bijapur,Rural,10-19,7008,3860,3148,906,508,398,933,512,421,900,493,407,1561,875,686,768,398,370,58,30,28,1110,601,509,772,443,329
10725,C4920,29,557,District-Bijapur,Rural,20-29,6175,3479,2696,675,382,293,722,375,347,598,337,261,2135,1265,870,544,278,266,82,35,47,978,542,436,441,265,176
10726,C4920,29,557,District-Bijapur,Rural,30-39,4239,2422,1817,517,267,250,542,250,292,364,186,178,1318,925,393,382,172,210,73,32,41,797,458,339,246,132,114
10727,C4920,29,557,District-Bijapur,Rural,40-49,3319,2008,1311,475,268,207,507,269,238,283,154,129,905,645,260,232,124,108,83,44,39,637,369,268,197,135,62
10728,C4920,29,557,District-Bijapur,Rural,50-59,2610,1465,1145,476,223,253,406,185,221,148,86,62,768,529,239,142,69,73,50,24,26,479,272,207,141,77,64
10729,C4920,29,557,District-Bijapur,Rural,60-69,2810,1595,1215,767,367,400,450,237,213,114,69,45,740,499,241,102,64,38,19,9,10,408,243,165,210,107,103
10730,C4920,29,557,District-Bijapur,Rural,70-79,1722,872,850,608,284,324,282,133,149,58,28,30,335,211,124,32,11,21,12,7,5,224,119,105,171,79,92
10731,C4920,29,557,District-Bijapur,Rural,80-89,644,284,360,241,102,139,117,40,77,5,2,3,105,58,47,12,6,6,3,2,1,57,26,31,104,48,56
10732,C4920,29,557,District-Bijapur,Rural,90+,209,70,139,73,20,53,34,13,21,6,3,3,30,10,20,1,1,0,2,1,1,19,10,9,44,12,32
10733,C4920,29,557,District-Bijapur,Rural,Age Not Stated,23,14,9,5,3,2,7,4,3,2,2,0,2,2,0,0,0,0,0,0,0,5,3,2,2,0,2
10734,C4920,29,557,District-Bijapur,Urban,Total,10130,5478,4652,1519,768,751,2198,1124,1074,814,422,392,2020,1232,788,718,373,345,112,66,46,1960,1063,897,789,430,359
10735,C4920,29,557,District-Bijapur,Urban,0-4,606,299,307,87,37,50,147,71,76,12,6,6,69,37,32,36,18,18,1,1,0,199,101,98,55,28,27
10736,C4920,29,557,District-Bijapur,Urban,5-9,877,436,441,134,66,68,184,82,102,118,60,58,98,51,47,61,27,34,8,6,2,171,89,82,103,55,48
10737,C4920,29,557,District-Bijapur,Urban,10-19,2084,1100,984,294,164,130,444,221,223,199,96,103,339,198,141,217,110,107,18,11,7,362,192,170,211,108,103
10738,C4920,29,557,District-Bijapur,Urban,20-29,2008,1071,937,251,126,125,417,228,189,160,76,84,498,268,230,155,80,75,20,10,10,363,199,164,144,84,60
10739,C4920,29,557,District-Bijapur,Urban,30-39,1459,817,642,200,107,93,327,172,155,123,72,51,329,217,112,104,59,45,23,11,12,290,150,140,63,29,34
10740,C4920,29,557,District-Bijapur,Urban,40-49,1161,696,465,160,88,72,260,144,116,97,53,44,253,177,76,64,37,27,21,13,8,215,129,86,91,55,36
10741,C4920,29,557,District-Bijapur,Urban,50-59,798,482,316,144,75,69,183,104,79,50,30,20,174,124,50,42,27,15,12,9,3,150,83,67,43,30,13
10742,C4920,29,557,District-Bijapur,Urban,60-69,637,345,292,137,65,72,133,55,78,27,12,15,148,101,47,20,8,12,6,4,2,134,78,56,32,22,10
10743,C4920,29,557,District-Bijapur,Urban,70-79,331,162,169,72,28,44,68,27,41,19,12,7,77,46,31,12,4,8,2,1,1,49,29,20,32,15,17
10744,C4920,29,557,District-Bijapur,Urban,80-89,125,50,75,28,9,19,24,12,12,9,5,4,28,9,19,5,2,3,1,0,1,19,9,10,11,4,7
10745,C4920,29,557,District-Bijapur,Urban,90+,36,15,21,11,2,9,8,7,1,0,0,0,6,3,3,2,1,1,0,0,0,5,2,3,4,0,4
10746,C4920,29,557,District-Bijapur,Urban,Age Not Stated,8,5,3,1,1,0,3,1,2,0,0,0,1,1,0,0,0,0,0,0,0,3,2,1,0,0,0
10747,C4920,29,558,District-Bidar,Total,Total,42637,24339,18298,7112,3669,3443,7799,4059,3740,2830,1593,1237,10747,6971,3776,2519,1385,1134,488,281,207,7929,4507,3422,3213,1874,1339
10748,C4920,29,558,District-Bidar,Total,0-4,1933,1018,915,311,159,152,484,231,253,46,24,22,290,166,124,84,47,37,8,3,5,536,290,246,174,98,76
10749,C4920,29,558,District-Bidar,Total,5-9,3267,1809,1458,429,235,194,616,312,304,407,252,155,488,281,207,274,154,120,24,15,9,684,353,331,345,207,138
10750,C4920,29,558,District-Bidar,Total,10-19,8268,4626,3642,1198,644,554,1484,766,718,899,487,412,1615,1001,614,750,412,338,84,49,35,1509,855,654,729,412,317
10751,C4920,29,558,District-Bidar,Total,20-29,7067,4134,2933,830,503,327,1216,657,559,525,295,230,2117,1336,781,559,299,260,86,48,38,1268,714,554,466,282,184
10752,C4920,29,558,District-Bidar,Total,30-39,5588,3388,2200,691,380,311,1006,528,478,325,186,139,1683,1184,499,364,199,165,98,63,35,1098,651,447,323,197,126
10753,C4920,29,558,District-Bidar,Total,40-49,4537,2903,1634,656,361,295,868,502,366,237,132,105,1323,970,353,203,133,70,67,48,19,925,583,342,258,174,84
10754,C4920,29,558,District-Bidar,Total,50-59,3603,2082,1521,653,336,317,639,325,314,153,90,63,1050,694,356,130,66,64,58,26,32,701,409,292,219,136,83
10755,C4920,29,558,District-Bidar,Total,60-69,4395,2352,2043,1065,490,575,773,377,396,151,82,69,1277,796,481,106,53,53,42,20,22,711,386,325,270,148,122
10756,C4920,29,558,District-Bidar,Total,70-79,2570,1377,1193,795,347,448,436,228,208,61,35,26,623,406,217,36,18,18,17,8,9,339,189,150,263,146,117
10757,C4920,29,558,District-Bidar,Total,80-89,1036,501,535,364,161,203,198,99,99,20,10,10,212,110,102,8,3,5,1,0,1,121,64,57,112,54,58
10758,C4920,29,558,District-Bidar,Total,90+,357,143,214,116,51,65,76,34,42,5,0,5,68,26,42,5,1,4,3,1,2,30,10,20,54,20,34
10759,C4920,29,558,District-Bidar,Total,Age Not Stated,16,6,10,4,2,2,3,0,3,1,0,1,1,1,0,0,0,0,0,0,0,7,3,4,0,0,0
10760,C4920,29,558,District-Bidar,Rural,Total,33388,19047,14341,5940,3051,2889,5613,2919,2694,2244,1252,992,8545,5549,2996,1970,1084,886,378,212,166,6120,3502,2618,2578,1478,1100
10761,C4920,29,558,District-Bidar,Rural,0-4,1427,768,659,255,128,127,309,149,160,35,21,14,218,128,90,68,41,27,6,3,3,397,223,174,139,75,64
10762,C4920,29,558,District-Bidar,Rural,5-9,2462,1350,1112,354,194,160,409,203,206,306,187,119,375,211,164,206,113,93,16,10,6,521,266,255,275,166,109
10763,C4920,29,558,District-Bidar,Rural,10-19,6314,3545,2769,942,509,433,1004,523,481,730,394,336,1267,786,481,601,333,268,58,33,25,1143,649,494,569,318,251
10764,C4920,29,558,District-Bidar,Rural,20-29,5305,3144,2161,642,400,242,816,446,370,409,230,179,1631,1035,596,424,222,202,62,37,25,952,544,408,369,230,139
10765,C4920,29,558,District-Bidar,Rural,30-39,4221,2569,1652,551,304,247,699,369,330,248,138,110,1299,920,379,279,154,125,80,50,30,821,493,328,244,141,103
10766,C4920,29,558,District-Bidar,Rural,40-49,3507,2236,1271,503,271,232,633,363,270,201,110,91,1047,769,278,161,104,57,55,39,16,711,449,262,196,131,65
10767,C4920,29,558,District-Bidar,Rural,50-59,2909,1652,1257,564,292,272,477,231,246,120,71,49,864,564,300,102,53,49,48,17,31,559,319,240,175,105,70
10768,C4920,29,558,District-Bidar,Rural,60-69,3749,2001,1748,955,441,514,641,314,327,122,66,56,1074,666,408,90,46,44,36,16,20,596,327,269,235,125,110
10769,C4920,29,558,District-Bidar,Rural,70-79,2254,1210,1044,729,317,412,385,205,180,49,27,22,533,351,182,31,15,16,13,6,7,286,167,119,228,122,106
10770,C4920,29,558,District-Bidar,Rural,80-89,916,444,472,333,147,186,170,86,84,18,8,10,182,98,84,6,2,4,1,0,1,107,56,51,99,47,52
10771,C4920,29,558,District-Bidar,Rural,90+,311,123,188,108,46,62,68,30,38,5,0,5,54,20,34,2,1,1,3,1,2,22,7,15,49,18,31
10772,C4920,29,558,District-Bidar,Rural,Age Not Stated,13,5,8,4,2,2,2,0,2,1,0,1,1,1,0,0,0,0,0,0,0,5,2,3,0,0,0
10773,C4920,29,558,District-Bidar,Urban,Total,9249,5292,3957,1172,618,554,2186,1140,1046,586,341,245,2202,1422,780,549,301,248,110,69,41,1809,1005,804,635,396,239
10774,C4920,29,558,District-Bidar,Urban,0-4,506,250,256,56,31,25,175,82,93,11,3,8,72,38,34,16,6,10,2,0,2,139,67,72,35,23,12
10775,C4920,29,558,District-Bidar,Urban,5-9,805,459,346,75,41,34,207,109,98,101,65,36,113,70,43,68,41,27,8,5,3,163,87,76,70,41,29
10776,C4920,29,558,District-Bidar,Urban,10-19,1954,1081,873,256,135,121,480,243,237,169,93,76,348,215,133,149,79,70,26,16,10,366,206,160,160,94,66
10777,C4920,29,558,District-Bidar,Urban,20-29,1762,990,772,188,103,85,400,211,189,116,65,51,486,301,185,135,77,58,24,11,13,316,170,146,97,52,45
10778,C4920,29,558,District-Bidar,Urban,30-39,1367,819,548,140,76,64,307,159,148,77,48,29,384,264,120,85,45,40,18,13,5,277,158,119,79,56,23
10779,C4920,29,558,District-Bidar,Urban,40-49,1030,667,363,153,90,63,235,139,96,36,22,14,276,201,75,42,29,13,12,9,3,214,134,80,62,43,19
10780,C4920,29,558,District-Bidar,Urban,50-59,694,430,264,89,44,45,162,94,68,33,19,14,186,130,56,28,13,15,10,9,1,142,90,52,44,31,13
10781,C4920,29,558,District-Bidar,Urban,60-69,646,351,295,110,49,61,132,63,69,29,16,13,203,130,73,16,7,9,6,4,2,115,59,56,35,23,12
10782,C4920,29,558,District-Bidar,Urban,70-79,316,167,149,66,30,36,51,23,28,12,8,4,90,55,35,5,3,2,4,2,2,53,22,31,35,24,11
10783,C4920,29,558,District-Bidar,Urban,80-89,120,57,63,31,14,17,28,13,15,2,2,0,30,12,18,2,1,1,0,0,0,14,8,6,13,7,6
10784,C4920,29,558,District-Bidar,Urban,90+,46,20,26,8,5,3,8,4,4,0,0,0,14,6,8,3,0,3,0,0,0,8,3,5,5,2,3
10785,C4920,29,558,District-Bidar,Urban,Age Not Stated,3,1,2,0,0,0,1,0,1,0,0,0,0,0,0,0,0,0,0,0,0,2,1,1,0,0,0
10786,C4920,29,559,District-Raichur,Total,Total,39366,20729,18637,7785,3629,4156,6885,3437,3448,2670,1547,1123,8804,5300,3504,2604,1320,1284,556,276,280,6990,3627,3363,3072,1593,1479
10787,C4920,29,559,District-Raichur,Total,0-4,2091,1128,963,421,221,200,449,239,210,51,30,21,276,166,110,137,71,66,11,3,8,565,304,261,181,94,87
10788,C4920,29,559,District-Raichur,Total,5-9,3479,1951,1528,563,312,251,595,307,288,444,270,174,482,284,198,321,170,151,23,12,11,637,340,297,414,256,158
10789,C4920,29,559,District-Raichur,Total,10-19,8794,4761,4033,1296,695,601,1492,772,720,891,534,357,1911,1089,822,867,460,407,86,44,42,1454,721,733,797,446,351
10790,C4920,29,559,District-Raichur,Total,20-29,6804,3703,3101,894,477,417,1029,520,509,518,297,221,2070,1199,871,495,254,241,113,64,49,1303,685,618,382,207,175
10791,C4920,29,559,District-Raichur,Total,30-39,4691,2624,2067,663,338,325,819,424,395,282,151,131,1275,851,424,311,155,156,101,55,46,1006,530,476,234,120,114
10792,C4920,29,559,District-Raichur,Total,40-49,3765,2121,1644,637,324,313,778,422,356,206,112,94,884,573,311,223,107,116,105,45,60,771,440,331,161,98,63
10793,C4920,29,559,District-Raichur,Total,50-59,2995,1620,1375,703,304,399,565,285,280,145,85,60,719,481,238,115,50,65,54,25,29,536,306,230,158,84,74
10794,C4920,29,559,District-Raichur,Total,60-69,3430,1537,1893,1227,445,782,575,256,319,91,46,45,661,407,254,75,22,53,46,23,23,434,196,238,321,142,179
10795,C4920,29,559,District-Raichur,Total,70-79,2230,896,1334,949,361,588,383,149,234,30,16,14,381,186,195,41,21,20,11,4,7,191,71,120,244,88,156
10796,C4920,29,559,District-Raichur,Total,80-89,832,300,532,348,119,229,146,46,100,8,5,3,109,51,58,13,6,7,4,1,3,66,25,41,138,47,91
10797,C4920,29,559,District-Raichur,Total,90+,230,76,154,77,31,46,49,14,35,4,1,3,33,11,22,4,2,2,2,0,2,19,6,13,42,11,31
10798,C4920,29,559,District-Raichur,Total,Age Not Stated,25,12,13,7,2,5,5,3,2,0,0,0,3,2,1,2,2,0,0,0,0,8,3,5,0,0,0
10799,C4920,29,559,District-Raichur,Rural,Total,30125,15821,14304,6373,2952,3421,4926,2454,2472,2019,1196,823,6822,4121,2701,1998,1004,994,399,185,214,5076,2622,2454,2512,1287,1225
10800,C4920,29,559,District-Raichur,Rural,0-4,1607,868,739,335,169,166,311,166,145,40,27,13,223,135,88,103,54,49,8,3,5,432,235,197,155,79,76
10801,C4920,29,559,District-Raichur,Rural,5-9,2764,1571,1193,457,258,199,440,227,213,347,214,133,404,245,159,258,140,118,19,10,9,492,265,227,347,212,135
10802,C4920,29,559,District-Raichur,Rural,10-19,6860,3747,3113,1019,556,463,1105,584,521,696,426,270,1560,886,674,688,360,328,57,28,29,1082,544,538,653,363,290
10803,C4920,29,559,District-Raichur,Rural,20-29,5006,2753,2253,690,382,308,660,340,320,384,223,161,1610,946,664,368,186,182,81,41,40,921,481,440,292,154,138
10804,C4920,29,559,District-Raichur,Rural,30-39,3394,1896,1498,508,257,251,555,286,269,200,111,89,942,637,305,227,109,118,69,37,32,711,369,342,182,90,92
10805,C4920,29,559,District-Raichur,Rural,40-49,2735,1523,1212,504,250,254,536,289,247,151,85,66,648,415,233,164,77,87,80,30,50,530,303,227,122,74,48
10806,C4920,29,559,District-Raichur,Rural,50-59,2255,1202,1053,588,247,341,401,198,203,105,60,45,544,365,179,90,41,49,41,17,24,368,208,160,118,66,52
10807,C4920,29,559,District-Raichur,Rural,60-69,2728,1195,1533,1054,383,671,441,192,249,64,33,31,489,302,187,56,14,42,35,17,18,320,137,183,269,117,152
10808,C4920,29,559,District-Raichur,Rural,70-79,1874,759,1115,836,318,518,313,127,186,24,13,11,295,145,150,30,17,13,6,1,5,150,55,95,220,83,137
10809,C4920,29,559,District-Raichur,Rural,80-89,693,237,456,308,102,206,121,33,88,5,4,1,80,35,45,9,2,7,2,1,1,49,19,30,119,41,78
10810,C4920,29,559,District-Raichur,Rural,90+,191,62,129,70,29,41,38,9,29,3,0,3,25,9,16,3,2,1,1,0,1,16,5,11,35,8,27
10811,C4920,29,559,District-Raichur,Rural,Age Not Stated,18,8,10,4,1,3,5,3,2,0,0,0,2,1,1,2,2,0,0,0,0,5,1,4,0,0,0
10812,C4920,29,559,District-Raichur,Urban,Total,9241,4908,4333,1412,677,735,1959,983,976,651,351,300,1982,1179,803,606,316,290,157,91,66,1914,1005,909,560,306,254
10813,C4920,29,559,District-Raichur,Urban,0-4,484,260,224,86,52,34,138,73,65,11,3,8,53,31,22,34,17,17,3,0,3,133,69,64,26,15,11
10814,C4920,29,559,District-Raichur,Urban,5-9,715,380,335,106,54,52,155,80,75,97,56,41,78,39,39,63,30,33,4,2,2,145,75,70,67,44,23
10815,C4920,29,559,District-Raichur,Urban,10-19,1934,1014,920,277,139,138,387,188,199,195,108,87,351,203,148,179,100,79,29,16,13,372,177,195,144,83,61
10816,C4920,29,559,District-Raichur,Urban,20-29,1798,950,848,204,95,109,369,180,189,134,74,60,460,253,207,127,68,59,32,23,9,382,204,178,90,53,37
10817,C4920,29,559,District-Raichur,Urban,30-39,1297,728,569,155,81,74,264,138,126,82,40,42,333,214,119,84,46,38,32,18,14,295,161,134,52,30,22
10818,C4920,29,559,District-Raichur,Urban,40-49,1030,598,432,133,74,59,242,133,109,55,27,28,236,158,78,59,30,29,25,15,10,241,137,104,39,24,15
10819,C4920,29,559,District-Raichur,Urban,50-59,740,418,322,115,57,58,164,87,77,40,25,15,175,116,59,25,9,16,13,8,5,168,98,70,40,18,22
10820,C4920,29,559,District-Raichur,Urban,60-69,702,342,360,173,62,111,134,64,70,27,13,14,172,105,67,19,8,11,11,6,5,114,59,55,52,25,27
10821,C4920,29,559,District-Raichur,Urban,70-79,356,137,219,113,43,70,70,22,48,6,3,3,86,41,45,11,4,7,5,3,2,41,16,25,24,5,19
10822,C4920,29,559,District-Raichur,Urban,80-89,139,63,76,40,17,23,25,13,12,3,1,2,29,16,13,4,4,0,2,0,2,17,6,11,19,6,13
10823,C4920,29,559,District-Raichur,Urban,90+,39,14,25,7,2,5,11,5,6,1,1,0,8,2,6,1,0,1,1,0,1,3,1,2,7,3,4
10824,C4920,29,559,District-Raichur,Urban,Age Not Stated,7,4,3,3,1,2,0,0,0,0,0,0,1,1,0,0,0,0,0,0,0,3,2,1,0,0,0
10825,C4920,29,560,District-Koppal,Total,Total,34599,19081,15518,5749,2730,3019,5150,2738,2412,2425,1366,1059,9963,6178,3785,2351,1253,1098,495,239,256,5942,3209,2733,2524,1368,1156
10826,C4920,29,560,District-Koppal,Total,0-4,1587,832,755,214,104,110,315,166,149,54,35,19,245,143,102,70,30,40,6,5,1,562,273,289,121,76,45
10827,C4920,29,560,District-Koppal,Total,5-9,2883,1620,1263,355,188,167,431,248,183,391,221,170,485,288,197,267,153,114,16,10,6,575,297,278,363,215,148
10828,C4920,29,560,District-Koppal,Total,10-19,7798,4452,3346,1024,545,479,1105,622,483,747,453,294,1993,1191,802,868,488,380,86,50,36,1303,721,582,672,382,290
10829,C4920,29,560,District-Koppal,Total,20-29,6309,3582,2727,636,344,292,784,430,354,452,232,220,2490,1495,995,444,243,201,104,47,57,1046,597,449,353,194,159
10830,C4920,29,560,District-Koppal,Total,30-39,4146,2431,1715,460,238,222,624,344,280,279,153,126,1454,957,497,289,142,147,90,47,43,749,428,321,201,122,79
10831,C4920,29,560,District-Koppal,Total,40-49,3213,1907,1306,490,271,219,499,273,226,205,120,85,992,674,318,201,100,101,101,43,58,574,334,240,151,92,59
10832,C4920,29,560,District-Koppal,Total,50-59,2482,1456,1026,469,234,235,432,234,198,126,71,55,778,535,243,95,43,52,51,22,29,416,241,175,115,76,39
10833,C4920,29,560,District-Koppal,Total,60-69,3267,1629,1638,1008,419,589,517,244,273,120,58,62,879,563,316,79,37,42,30,10,20,424,198,226,210,100,110
10834,C4920,29,560,District-Koppal,Total,70-79,1974,870,1104,746,278,468,292,129,163,31,15,16,471,260,211,34,16,18,8,4,4,198,85,113,194,83,111
10835,C4920,29,560,District-Koppal,Total,80-89,712,237,475,284,90,194,108,37,71,15,7,8,134,57,77,1,0,1,2,1,1,67,25,42,101,20,81
10836,C4920,29,560,District-Koppal,Total,90+,197,47,150,59,17,42,40,9,31,2,0,2,33,10,23,2,0,2,1,0,1,19,4,15,41,7,34
10837,C4920,29,560,District-Koppal,Total,Age Not Stated,31,18,13,4,2,2,3,2,1,3,1,2,9,5,4,1,1,0,0,0,0,9,6,3,2,1,1
10838,C4920,29,560,District-Koppal,Rural,Total,29803,16455,13348,5004,2372,2632,4542,2394,2148,2079,1186,893,8437,5294,3143,1971,1034,937,416,198,218,5168,2795,2373,2186,1182,1004
10839,C4920,29,560,District-Koppal,Rural,0-4,1407,728,679,193,91,102,283,150,133,49,32,17,225,133,92,55,23,32,5,4,1,489,230,259,108,65,43
10840,C4920,29,560,District-Koppal,Rural,5-9,2549,1426,1123,307,161,146,386,211,175,344,193,151,422,255,167,232,134,98,12,9,3,521,270,251,325,193,132
10841,C4920,29,560,District-Koppal,Rural,10-19,6869,3943,2926,902,480,422,989,562,427,642,407,235,1762,1052,710,735,410,325,78,46,32,1175,654,521,586,332,254
10842,C4920,29,560,District-Koppal,Rural,20-29,5335,3056,2279,543,301,242,677,364,313,367,192,175,2127,1294,833,365,192,173,84,39,45,883,507,376,289,167,122
10843,C4920,29,560,District-Koppal,Rural,30-39,3495,2046,1449,397,203,194,537,294,243,240,132,108,1206,803,403,229,112,117,73,35,38,643,365,278,170,102,68
10844,C4920,29,560,District-Koppal,Rural,40-49,2697,1596,1101,410,227,183,444,238,206,173,101,72,819,563,256,170,81,89,81,33,48,483,282,201,117,71,46
10845,C4920,29,560,District-Koppal,Rural,50-59,2114,1232,882,395,199,196,380,206,174,111,58,53,642,444,198,81,37,44,44,18,26,361,206,155,100,64,36
10846,C4920,29,560,District-Koppal,Rural,60-69,2835,1407,1428,895,371,524,460,215,245,110,52,58,729,474,255,69,29,40,30,10,20,362,171,191,180,85,95
10847,C4920,29,560,District-Koppal,Rural,70-79,1703,761,942,649,242,407,258,113,145,27,12,15,374,218,156,32,15,17,6,3,3,174,79,95,183,79,104
10848,C4920,29,560,District-Koppal,Rural,80-89,616,207,409,256,80,176,97,35,62,15,7,8,99,45,54,1,0,1,2,1,1,56,22,34,90,17,73
10849,C4920,29,560,District-Koppal,Rural,90+,160,38,122,53,15,38,28,4,24,0,0,0,26,9,17,1,0,1,1,0,1,15,4,11,36,6,30
10850,C4920,29,560,District-Koppal,Rural,Age Not Stated,23,15,8,4,2,2,3,2,1,1,0,1,6,4,2,1,1,0,0,0,0,6,5,1,2,1,1
10851,C4920,29,560,District-Koppal,Urban,Total,4796,2626,2170,745,358,387,608,344,264,346,180,166,1526,884,642,380,219,161,79,41,38,774,414,360,338,186,152
10852,C4920,29,560,District-Koppal,Urban,0-4,180,104,76,21,13,8,32,16,16,5,3,2,20,10,10,15,7,8,1,1,0,73,43,30,13,11,2
10853,C4920,29,560,District-Koppal,Urban,5-9,334,194,140,48,27,21,45,37,8,47,28,19,63,33,30,35,19,16,4,1,3,54,27,27,38,22,16
10854,C4920,29,560,District-Koppal,Urban,10-19,929,509,420,122,65,57,116,60,56,105,46,59,231,139,92,133,78,55,8,4,4,128,67,61,86,50,36
10855,C4920,29,560,District-Koppal,Urban,20-29,974,526,448,93,43,50,107,66,41,85,40,45,363,201,162,79,51,28,20,8,12,163,90,73,64,27,37
10856,C4920,29,560,District-Koppal,Urban,30-39,651,385,266,63,35,28,87,50,37,39,21,18,248,154,94,60,30,30,17,12,5,106,63,43,31,20,11
10857,C4920,29,560,District-Koppal,Urban,40-49,516,311,205,80,44,36,55,35,20,32,19,13,173,111,62,31,19,12,20,10,10,91,52,39,34,21,13
10858,C4920,29,560,District-Koppal,Urban,50-59,368,224,144,74,35,39,52,28,24,15,13,2,136,91,45,14,6,8,7,4,3,55,35,20,15,12,3
10859,C4920,29,560,District-Koppal,Urban,60-69,432,222,210,113,48,65,57,29,28,10,6,4,150,89,61,10,8,2,0,0,0,62,27,35,30,15,15
10860,C4920,29,560,District-Koppal,Urban,70-79,271,109,162,97,36,61,34,16,18,4,3,1,97,42,55,2,1,1,2,1,1,24,6,18,11,4,7
10861,C4920,29,560,District-Koppal,Urban,80-89,96,30,66,28,10,18,11,2,9,0,0,0,35,12,23,0,0,0,0,0,0,11,3,8,11,3,8
10862,C4920,29,560,District-Koppal,Urban,90+,37,9,28,6,2,4,12,5,7,2,0,2,7,1,6,1,0,1,0,0,0,4,0,4,5,1,4
10863,C4920,29,560,District-Koppal,Urban,Age Not Stated,8,3,5,0,0,0,0,0,0,2,1,1,3,1,2,0,0,0,0,0,0,3,1,2,0,0,0
10864,C4920,29,561,District-Gadag,Total,Total,25114,14036,11078,3949,2038,1911,3335,1721,1614,1855,1033,822,7079,4398,2681,2014,1082,932,350,193,157,4253,2313,1940,2279,1258,1021
10865,C4920,29,561,District-Gadag,Total,0-4,1037,558,479,175,89,86,162,77,85,27,20,7,189,108,81,66,34,32,1,1,0,294,156,138,123,73,50
10866,C4920,29,561,District-Gadag,Total,5-9,1875,1056,819,213,102,111,223,129,94,236,140,96,323,198,125,226,143,83,11,8,3,342,171,171,301,165,136
10867,C4920,29,561,District-Gadag,Total,10-19,5073,2854,2219,644,369,275,605,324,281,545,300,245,1058,635,423,663,377,286,53,34,19,860,430,430,645,385,260
10868,C4920,29,561,District-Gadag,Total,20-29,4750,2729,2021,517,316,201,524,292,232,369,204,165,1716,1037,679,439,218,221,65,31,34,761,426,335,359,205,154
10869,C4920,29,561,District-Gadag,Total,30-39,3384,1909,1475,444,244,200,440,222,218,232,121,111,1121,715,406,276,125,151,79,48,31,589,332,257,203,102,101
10870,C4920,29,561,District-Gadag,Total,40-49,2861,1738,1123,422,238,184,410,229,181,192,113,79,933,638,295,170,89,81,67,36,31,504,307,197,163,88,75
10871,C4920,29,561,District-Gadag,Total,50-59,2210,1297,913,393,218,175,332,167,165,116,67,49,699,455,244,99,58,41,44,25,19,410,237,173,117,70,47
10872,C4920,29,561,District-Gadag,Total,60-69,2246,1162,1084,579,242,337,356,168,188,94,44,50,645,413,232,56,31,25,23,8,15,323,170,153,170,86,84
10873,C4920,29,561,District-Gadag,Total,70-79,1162,536,626,380,153,227,210,87,123,32,18,14,285,159,126,11,5,6,5,2,3,115,58,57,124,54,70
10874,C4920,29,561,District-Gadag,Total,80-89,377,152,225,142,57,85,48,17,31,8,4,4,79,32,47,3,0,3,1,0,1,37,17,20,59,25,34
10875,C4920,29,561,District-Gadag,Total,90+,126,38,88,40,10,30,22,8,14,3,1,2,27,6,21,5,2,3,0,0,0,14,6,8,15,5,10
10876,C4920,29,561,District-Gadag,Total,Age Not Stated,13,7,6,0,0,0,3,1,2,1,1,0,4,2,2,0,0,0,1,0,1,4,3,1,0,0,0
10877,C4920,29,561,District-Gadag,Rural,Total,17258,9631,7627,2851,1444,1407,2372,1251,1121,1256,715,541,4750,2973,1777,1343,702,641,206,115,91,3009,1641,1368,1471,790,681
10878,C4920,29,561,District-Gadag,Rural,0-4,740,402,338,123,64,59,114,57,57,16,14,2,133,74,59,46,25,21,0,0,0,220,116,104,88,52,36
10879,C4920,29,561,District-Gadag,Rural,5-9,1275,720,555,157,81,76,155,82,73,158,99,59,227,141,86,147,87,60,6,4,2,236,119,117,189,107,82
10880,C4920,29,561,District-Gadag,Rural,10-19,3450,1949,1501,445,265,180,428,238,190,388,220,168,748,439,309,449,251,198,35,26,9,614,312,302,343,198,145
10881,C4920,29,561,District-Gadag,Rural,20-29,3248,1909,1339,343,201,142,384,226,158,241,133,108,1167,741,426,297,149,148,42,18,24,531,302,229,243,139,104
10882,C4920,29,561,District-Gadag,Rural,30-39,2259,1277,982,307,169,138,292,149,143,158,84,74,721,468,253,186,74,112,45,29,16,403,229,174,147,75,72
10883,C4920,29,561,District-Gadag,Rural,40-49,1914,1156,758,285,154,131,272,159,113,142,83,59,631,428,203,108,59,49,38,20,18,337,198,139,101,55,46
10884,C4920,29,561,District-Gadag,Rural,50-59,1507,875,632,292,157,135,239,123,116,67,41,26,462,298,164,60,32,28,22,13,9,293,170,123,72,41,31
10885,C4920,29,561,District-Gadag,Rural,60-69,1642,817,825,446,174,272,286,135,151,60,27,33,412,261,151,37,20,17,15,5,10,254,134,120,132,61,71
10886,C4920,29,561,District-Gadag,Rural,70-79,850,378,472,307,119,188,154,63,91,19,10,9,180,97,83,7,3,4,3,0,3,80,44,36,100,42,58
10887,C4920,29,561,District-Gadag,Rural,80-89,275,110,165,115,50,65,32,11,21,5,2,3,49,21,28,3,0,3,0,0,0,27,10,17,44,16,28
10888,C4920,29,561,District-Gadag,Rural,90+,87,31,56,31,10,21,13,7,6,1,1,0,17,3,14,3,2,1,0,0,0,10,4,6,12,4,8
10889,C4920,29,561,District-Gadag,Rural,Age Not Stated,11,7,4,0,0,0,3,1,2,1,1,0,3,2,1,0,0,0,0,0,0,4,3,1,0,0,0
10890,C4920,29,561,District-Gadag,Urban,Total,7856,4405,3451,1098,594,504,963,470,493,599,318,281,2329,1425,904,671,380,291,144,78,66,1244,672,572,808,468,340
10891,C4920,29,561,District-Gadag,Urban,0-4,297,156,141,52,25,27,48,20,28,11,6,5,56,34,22,20,9,11,1,1,0,74,40,34,35,21,14
10892,C4920,29,561,District-Gadag,Urban,5-9,600,336,264,56,21,35,68,47,21,78,41,37,96,57,39,79,56,23,5,4,1,106,52,54,112,58,54
10893,C4920,29,561,District-Gadag,Urban,10-19,1623,905,718,199,104,95,177,86,91,157,80,77,310,196,114,214,126,88,18,8,10,246,118,128,302,187,115
10894,C4920,29,561,District-Gadag,Urban,20-29,1502,820,682,174,115,59,140,66,74,128,71,57,549,296,253,142,69,73,23,13,10,230,124,106,116,66,50
10895,C4920,29,561,District-Gadag,Urban,30-39,1125,632,493,137,75,62,148,73,75,74,37,37,400,247,153,90,51,39,34,19,15,186,103,83,56,27,29
10896,C4920,29,561,District-Gadag,Urban,40-49,947,582,365,137,84,53,138,70,68,50,30,20,302,210,92,62,30,32,29,16,13,167,109,58,62,33,29
10897,C4920,29,561,District-Gadag,Urban,50-59,703,422,281,101,61,40,93,44,49,49,26,23,237,157,80,39,26,13,22,12,10,117,67,50,45,29,16
10898,C4920,29,561,District-Gadag,Urban,60-69,604,345,259,133,68,65,70,33,37,34,17,17,233,152,81,19,11,8,8,3,5,69,36,33,38,25,13
10899,C4920,29,561,District-Gadag,Urban,70-79,312,158,154,73,34,39,56,24,32,13,8,5,105,62,43,4,2,2,2,2,0,35,14,21,24,12,12
10900,C4920,29,561,District-Gadag,Urban,80-89,102,42,60,27,7,20,16,6,10,3,2,1,30,11,19,0,0,0,1,0,1,10,7,3,15,9,6
10901,C4920,29,561,District-Gadag,Urban,90+,39,7,32,9,0,9,9,1,8,2,0,2,10,3,7,2,0,2,0,0,0,4,2,2,3,1,2
10902,C4920,29,561,District-Gadag,Urban,Age Not Stated,2,0,2,0,0,0,0,0,0,0,0,0,1,0,1,0,0,0,1,0,1,0,0,0,0,0,0
10903,C4920,29,562,District-Dharwad,Total,Total,37221,21007,16214,6105,3166,2939,5164,2711,2453,2897,1579,1318,10020,6335,3685,3074,1656,1418,777,460,317,5988,3272,2716,3196,1828,1368
10904,C4920,29,562,District-Dharwad,Total,0-4,1440,755,685,251,121,130,274,128,146,39,19,20,218,133,85,96,51,45,13,8,5,392,199,193,157,96,61
10905,C4920,29,562,District-Dharwad,Total,5-9,2604,1471,1133,358,193,165,357,196,161,334,192,142,388,233,155,268,144,124,18,12,6,495,261,234,386,240,146
10906,C4920,29,562,District-Dharwad,Total,10-19,6878,3849,3029,989,558,431,842,467,375,751,402,349,1350,809,541,828,449,379,89,46,43,1096,577,519,933,541,392
10907,C4920,29,562,District-Dharwad,Total,20-29,6910,3930,2980,773,435,338,839,436,403,557,291,266,2344,1430,914,699,373,326,138,77,61,1048,589,459,512,299,213
10908,C4920,29,562,District-Dharwad,Total,30-39,5515,3085,2430,705,350,355,771,399,372,444,226,218,1768,1123,645,460,224,236,173,99,74,901,496,405,293,168,125
10909,C4920,29,562,District-Dharwad,Total,40-49,4648,2804,1844,783,435,348,624,366,258,332,188,144,1360,908,452,381,224,157,163,115,48,775,450,325,230,118,112
10910,C4920,29,562,District-Dharwad,Total,50-59,3500,2095,1405,637,336,301,524,269,255,202,131,71,1049,718,331,208,119,89,97,61,36,579,331,248,204,130,74
10911,C4920,29,562,District-Dharwad,Total,60-69,3132,1761,1371,787,395,392,461,232,229,170,92,78,929,620,309,105,62,43,60,34,26,419,221,198,201,105,96
10912,C4920,29,562,District-Dharwad,Total,70-79,1735,912,823,536,243,293,300,145,155,47,26,21,446,285,161,19,8,11,16,6,10,203,113,90,168,86,82
10913,C4920,29,562,District-Dharwad,Total,80-89,639,278,361,208,74,134,135,63,72,15,9,6,128,66,62,8,2,6,5,1,4,65,28,37,75,35,40
10914,C4920,29,562,District-Dharwad,Total,90+,201,54,147,73,22,51,33,8,25,4,1,3,37,8,29,2,0,2,4,1,3,11,4,7,37,10,27
10915,C4920,29,562,District-Dharwad,Total,Age Not Stated,19,13,6,5,4,1,4,2,2,2,2,0,3,2,1,0,0,0,1,0,1,4,3,1,0,0,0
10916,C4920,29,562,District-Dharwad,Rural,Total,17731,10211,7520,2999,1576,1423,1847,978,869,1361,766,595,5716,3651,2065,1504,796,708,365,205,160,2443,1391,1052,1496,848,648
10917,C4920,29,562,District-Dharwad,Rural,0-4,622,330,292,97,48,49,65,39,26,16,7,9,139,89,50,38,14,24,4,2,2,173,87,86,90,44,46
10918,C4920,29,562,District-Dharwad,Rural,5-9,1215,701,514,149,85,64,104,56,48,173,112,61,228,131,97,140,77,63,5,4,1,205,107,98,211,129,82
10919,C4920,29,562,District-Dharwad,Rural,10-19,3329,1906,1423,475,279,196,294,159,135,387,208,179,818,500,318,448,238,210,40,21,19,455,262,193,412,239,173
10920,C4920,29,562,District-Dharwad,Rural,20-29,3212,1898,1314,316,190,126,258,144,114,261,139,122,1323,833,490,351,193,158,60,28,32,409,235,174,234,136,98
10921,C4920,29,562,District-Dharwad,Rural,30-39,2556,1444,1112,324,160,164,257,124,133,176,94,82,1011,641,370,229,102,127,78,40,38,351,208,143,130,75,55
10922,C4920,29,562,District-Dharwad,Rural,40-49,2098,1297,801,342,195,147,199,125,74,143,82,61,727,489,238,165,97,68,85,60,25,326,199,127,111,50,61
10923,C4920,29,562,District-Dharwad,Rural,50-59,1556,955,601,289,144,145,201,107,94,86,57,29,559,378,181,82,53,29,48,32,16,211,127,84,80,57,23
10924,C4920,29,562,District-Dharwad,Rural,60-69,1674,958,716,473,241,232,217,107,110,90,52,38,546,371,175,42,21,21,32,14,18,185,98,87,89,54,35
10925,C4920,29,562,District-Dharwad,Rural,70-79,977,520,457,342,168,174,166,79,87,21,9,12,259,168,91,7,1,6,9,3,6,95,52,43,78,40,38
10926,C4920,29,562,District-Dharwad,Rural,80-89,364,165,199,141,54,87,70,33,37,5,3,2,80,44,36,1,0,1,2,0,2,26,13,13,39,18,21
10927,C4920,29,562,District-Dharwad,Rural,90+,118,30,88,49,11,38,16,5,11,1,1,0,23,5,18,1,0,1,2,1,1,4,1,3,22,6,16
10928,C4920,29,562,District-Dharwad,Rural,Age Not Stated,10,7,3,2,1,1,0,0,0,2,2,0,3,2,1,0,0,0,0,0,0,3,2,1,0,0,0
10929,C4920,29,562,District-Dharwad,Urban,Total,19490,10796,8694,3106,1590,1516,3317,1733,1584,1536,813,723,4304,2684,1620,1570,860,710,412,255,157,3545,1881,1664,1700,980,720
10930,C4920,29,562,District-Dharwad,Urban,0-4,818,425,393,154,73,81,209,89,120,23,12,11,79,44,35,58,37,21,9,6,3,219,112,107,67,52,15
10931,C4920,29,562,District-Dharwad,Urban,5-9,1389,770,619,209,108,101,253,140,113,161,80,81,160,102,58,128,67,61,13,8,5,290,154,136,175,111,64
10932,C4920,29,562,District-Dharwad,Urban,10-19,3549,1943,1606,514,279,235,548,308,240,364,194,170,532,309,223,380,211,169,49,25,24,641,315,326,521,302,219
10933,C4920,29,562,District-Dharwad,Urban,20-29,3698,2032,1666,457,245,212,581,292,289,296,152,144,1021,597,424,348,180,168,78,49,29,639,354,285,278,163,115
10934,C4920,29,562,District-Dharwad,Urban,30-39,2959,1641,1318,381,190,191,514,275,239,268,132,136,757,482,275,231,122,109,95,59,36,550,288,262,163,93,70
10935,C4920,29,562,District-Dharwad,Urban,40-49,2550,1507,1043,441,240,201,425,241,184,189,106,83,633,419,214,216,127,89,78,55,23,449,251,198,119,68,51
10936,C4920,29,562,District-Dharwad,Urban,50-59,1944,1140,804,348,192,156,323,162,161,116,74,42,490,340,150,126,66,60,49,29,20,368,204,164,124,73,51
10937,C4920,29,562,District-Dharwad,Urban,60-69,1458,803,655,314,154,160,244,125,119,80,40,40,383,249,134,63,41,22,28,20,8,234,123,111,112,51,61
10938,C4920,29,562,District-Dharwad,Urban,70-79,758,392,366,194,75,119,134,66,68,26,17,9,187,117,70,12,7,5,7,3,4,108,61,47,90,46,44
10939,C4920,29,562,District-Dharwad,Urban,80-89,275,113,162,67,20,47,65,30,35,10,6,4,48,22,26,7,2,5,3,1,2,39,15,24,36,17,19
10940,C4920,29,562,District-Dharwad,Urban,90+,83,24,59,24,11,13,17,3,14,3,0,3,14,3,11,1,0,1,2,0,2,7,3,4,15,4,11
10941,C4920,29,562,District-Dharwad,Urban,Age Not Stated,9,6,3,3,3,0,4,2,2,0,0,0,0,0,0,0,0,0,1,0,1,1,1,0,0,0,0
10942,C4920,29,563,District-Uttara Kannada,Total,Total,22593,12703,9890,3284,1705,1579,2590,1343,1247,1816,1006,810,6047,3803,2244,2184,1208,976,905,436,469,3102,1681,1421,2665,1521,1144
10943,C4920,29,563,District-Uttara Kannada,Total,0-4,565,299,266,53,26,27,82,39,43,15,8,7,111,64,47,34,17,17,3,0,3,177,95,82,90,50,40
10944,C4920,29,563,District-Uttara Kannada,Total,5-9,1373,794,579,164,99,65,124,70,54,171,102,69,216,135,81,185,103,82,7,5,2,203,116,87,303,164,139
10945,C4920,29,563,District-Uttara Kannada,Total,10-19,3666,2132,1534,393,225,168,398,217,181,388,238,150,649,407,242,607,353,254,50,21,29,507,269,238,674,402,272
10946,C4920,29,563,District-Uttara Kannada,Total,20-29,3704,2083,1621,271,163,108,353,192,161,391,207,184,1128,673,455,490,280,210,131,65,66,505,263,242,435,240,195
10947,C4920,29,563,District-Uttara Kannada,Total,30-39,3127,1779,1348,260,152,108,285,151,134,299,139,160,1010,647,363,349,179,170,190,96,94,423,246,177,311,169,142
10948,C4920,29,563,District-Uttara Kannada,Total,40-49,3000,1759,1241,354,196,158,288,147,141,218,128,90,967,626,341,280,155,125,223,110,113,439,248,191,231,149,82
10949,C4920,29,563,District-Uttara Kannada,Total,50-59,2478,1475,1003,435,232,203,268,141,127,168,90,78,781,546,235,147,82,65,166,82,84,346,190,156,167,112,55
10950,C4920,29,563,District-Uttara Kannada,Total,60-69,2233,1223,1010,601,280,321,290,151,139,114,62,52,622,405,217,64,30,34,96,42,54,286,149,137,160,104,56
10951,C4920,29,563,District-Uttara Kannada,Total,70-79,1535,773,762,478,218,260,283,130,153,46,28,18,390,230,160,15,6,9,27,10,17,143,72,71,153,79,74
10952,C4920,29,563,District-Uttara Kannada,Total,80-89,727,318,409,215,94,121,181,86,95,5,4,1,146,60,86,7,2,5,6,3,3,54,29,25,113,40,73
10953,C4920,29,563,District-Uttara Kannada,Total,90+,168,64,104,56,20,36,33,17,16,1,0,1,26,10,16,4,1,3,5,2,3,18,3,15,25,11,14
10954,C4920,29,563,District-Uttara Kannada,Total,Age Not Stated,17,4,13,4,0,4,5,2,3,0,0,0,1,0,1,2,0,2,1,0,1,1,1,0,3,1,2
10955,C4920,29,563,District-Uttara Kannada,Rural,Total,17307,9761,7546,2728,1399,1329,2039,1052,987,1312,744,568,4655,2954,1701,1602,881,721,682,344,338,2254,1232,1022,2035,1155,880
10956,C4920,29,563,District-Uttara Kannada,Rural,0-4,420,221,199,41,20,21,64,34,30,12,7,5,94,54,40,24,13,11,2,0,2,115,58,57,68,35,33
10957,C4920,29,563,District-Uttara Kannada,Rural,5-9,1075,631,444,125,77,48,100,53,47,141,83,58,172,113,59,145,83,62,4,3,1,150,89,61,238,130,108
10958,C4920,29,563,District-Uttara Kannada,Rural,10-19,2777,1627,1150,291,161,130,323,177,146,280,177,103,496,316,180,456,258,198,34,17,17,380,210,170,517,311,206
10959,C4920,29,563,District-Uttara Kannada,Rural,20-29,2731,1568,1163,211,129,82,265,146,119,287,160,127,862,512,350,345,203,142,101,55,46,343,190,153,317,173,144
10960,C4920,29,563,District-Uttara Kannada,Rural,30-39,2288,1295,993,193,111,82,209,110,99,208,100,108,756,479,277,255,126,129,138,74,64,307,179,128,222,116,106
10961,C4920,29,563,District-Uttara Kannada,Rural,40-49,2234,1311,923,289,158,131,189,92,97,150,85,65,738,494,244,196,104,92,176,86,90,328,178,150,168,114,54
10962,C4920,29,563,District-Uttara Kannada,Rural,50-59,1912,1130,782,363,187,176,210,105,105,119,68,51,618,433,185,108,63,45,120,62,58,249,131,118,125,81,44
10963,C4920,29,563,District-Uttara Kannada,Rural,60-69,1793,987,806,539,257,282,240,129,111,76,40,36,476,310,166,51,23,28,75,33,42,206,111,95,130,84,46
10964,C4920,29,563,District-Uttara Kannada,Rural,70-79,1288,648,640,425,190,235,240,110,130,35,21,14,305,186,119,14,6,8,22,10,12,117,59,58,130,66,64
10965,C4920,29,563,District-Uttara Kannada,Rural,80-89,628,283,345,194,90,104,163,78,85,4,3,1,116,49,67,6,2,4,5,2,3,44,23,21,96,36,60
10966,C4920,29,563,District-Uttara Kannada,Rural,90+,150,57,93,53,19,34,31,16,15,0,0,0,22,8,14,2,0,2,5,2,3,14,3,11,23,9,14
10967,C4920,29,563,District-Uttara Kannada,Rural,Age Not Stated,11,3,8,4,0,4,5,2,3,0,0,0,0,0,0,0,0,0,0,0,0,1,1,0,1,0,1
10968,C4920,29,563,District-Uttara Kannada,Urban,Total,5286,2942,2344,556,306,250,551,291,260,504,262,242,1392,849,543,582,327,255,223,92,131,848,449,399,630,366,264
10969,C4920,29,563,District-Uttara Kannada,Urban,0-4,145,78,67,12,6,6,18,5,13,3,1,2,17,10,7,10,4,6,1,0,1,62,37,25,22,15,7
10970,C4920,29,563,District-Uttara Kannada,Urban,5-9,298,163,135,39,22,17,24,17,7,30,19,11,44,22,22,40,20,20,3,2,1,53,27,26,65,34,31
10971,C4920,29,563,District-Uttara Kannada,Urban,10-19,889,505,384,102,64,38,75,40,35,108,61,47,153,91,62,151,95,56,16,4,12,127,59,68,157,91,66
10972,C4920,29,563,District-Uttara Kannada,Urban,20-29,973,515,458,60,34,26,88,46,42,104,47,57,266,161,105,145,77,68,30,10,20,162,73,89,118,67,51
10973,C4920,29,563,District-Uttara Kannada,Urban,30-39,839,484,355,67,41,26,76,41,35,91,39,52,254,168,86,94,53,41,52,22,30,116,67,49,89,53,36
10974,C4920,29,563,District-Uttara Kannada,Urban,40-49,766,448,318,65,38,27,99,55,44,68,43,25,229,132,97,84,51,33,47,24,23,111,70,41,63,35,28
10975,C4920,29,563,District-Uttara Kannada,Urban,50-59,566,345,221,72,45,27,58,36,22,49,22,27,163,113,50,39,19,20,46,20,26,97,59,38,42,31,11
10976,C4920,29,563,District-Uttara Kannada,Urban,60-69,440,236,204,62,23,39,50,22,28,38,22,16,146,95,51,13,7,6,21,9,12,80,38,42,30,20,10
10977,C4920,29,563,District-Uttara Kannada,Urban,70-79,247,125,122,53,28,25,43,20,23,11,7,4,85,44,41,1,0,1,5,0,5,26,13,13,23,13,10
10978,C4920,29,563,District-Uttara Kannada,Urban,80-89,99,35,64,21,4,17,18,8,10,1,1,0,30,11,19,1,0,1,1,1,0,10,6,4,17,4,13
10979,C4920,29,563,District-Uttara Kannada,Urban,90+,18,7,11,3,1,2,2,1,1,1,0,1,4,2,2,2,1,1,0,0,0,4,0,4,2,2,0
10980,C4920,29,563,District-Uttara Kannada,Urban,Age Not Stated,6,1,5,0,0,0,0,0,0,0,0,0,1,0,1,2,0,2,1,0,1,0,0,0,2,1,1
10981,C4920,29,564,District-Haveri,Total,Total,37760,21603,16157,6203,3162,3041,4268,2286,1982,2561,1406,1155,11332,7306,4026,3166,1706,1460,593,337,256,6053,3380,2673,3584,2020,1564
10982,C4920,29,564,District-Haveri,Total,0-4,1319,712,607,162,89,73,205,115,90,46,23,23,290,168,122,70,41,29,7,2,5,382,196,186,157,78,79
10983,C4920,29,564,District-Haveri,Total,5-9,2715,1549,1166,270,145,125,274,158,116,355,194,161,541,317,224,330,196,134,10,6,4,438,226,212,497,307,190
10984,C4920,29,564,District-Haveri,Total,10-19,7246,4187,3059,866,508,358,765,424,341,704,390,314,1596,982,614,1115,622,493,84,44,40,1208,689,519,908,528,380
10985,C4920,29,564,District-Haveri,Total,20-29,6385,3663,2722,634,353,281,619,324,295,501,273,228,2388,1489,899,666,327,339,107,66,41,982,550,432,488,281,207
10986,C4920,29,564,District-Haveri,Total,30-39,4831,2807,2024,570,300,270,528,274,254,339,171,168,1731,1144,587,407,201,206,111,62,49,846,480,366,299,175,124
10987,C4920,29,564,District-Haveri,Total,40-49,4563,2770,1793,723,373,350,529,286,243,239,137,102,1549,1100,449,299,176,123,123,66,57,794,455,339,307,177,130
10988,C4920,29,564,District-Haveri,Total,50-59,3759,2235,1524,784,393,391,433,233,200,175,109,66,1328,906,422,143,80,63,75,41,34,589,339,250,232,134,98
10989,C4920,29,564,District-Haveri,Total,60-69,3819,2162,1657,1107,508,599,479,250,229,135,79,56,1164,785,379,90,41,49,59,36,23,509,302,207,276,161,115
10990,C4920,29,564,District-Haveri,Total,70-79,2150,1096,1054,761,344,417,296,157,139,56,27,29,546,328,218,32,16,16,12,10,2,214,105,109,233,109,124
10991,C4920,29,564,District-Haveri,Total,80-89,735,340,395,260,125,135,104,53,51,7,2,5,151,70,81,9,3,6,3,3,0,65,27,38,136,57,79
10992,C4920,29,564,District-Haveri,Total,90+,218,74,144,62,22,40,35,12,23,2,0,2,42,15,27,2,1,1,2,1,1,24,10,14,49,13,36
10993,C4920,29,564,District-Haveri,Total,Age Not Stated,20,8,12,4,2,2,1,0,1,2,1,1,6,2,4,3,2,1,0,0,0,2,1,1,2,0,2
10994,C4920,29,564,District-Haveri,Rural,Total,29587,16978,12609,4963,2557,2406,3085,1674,1411,2029,1112,917,9313,6040,3273,2359,1246,1113,454,257,197,4679,2584,2095,2705,1508,1197
10995,C4920,29,564,District-Haveri,Rural,0-4,1008,540,468,122,65,57,121,64,57,41,20,21,245,146,99,53,33,20,7,2,5,299,147,152,120,63,57
10996,C4920,29,564,District-Haveri,Rural,5-9,2072,1170,902,201,111,90,183,102,81,286,157,129,447,264,183,259,152,107,8,4,4,339,170,169,349,210,139
10997,C4920,29,564,District-Haveri,Rural,10-19,5407,3106,2301,656,385,271,521,296,225,552,306,246,1280,785,495,805,429,376,62,33,29,897,509,388,634,363,271
10998,C4920,29,564,District-Haveri,Rural,20-29,4952,2876,2076,470,270,200,424,223,201,389,216,173,1948,1238,710,497,230,267,83,52,31,751,419,332,390,228,162
10999,C4920,29,564,District-Haveri,Rural,30-39,3809,2269,1540,458,244,214,377,204,173,269,136,133,1427,957,470,308,164,144,81,46,35,648,373,275,241,145,96
11000,C4920,29,564,District-Haveri,Rural,40-49,3613,2194,1419,596,320,276,393,222,171,188,104,84,1263,895,368,228,131,97,94,49,45,617,341,276,234,132,102
11001,C4920,29,564,District-Haveri,Rural,50-59,3002,1792,1210,622,317,305,322,178,144,137,82,55,1111,752,359,109,60,49,55,29,26,467,271,196,179,103,76
11002,C4920,29,564,District-Haveri,Rural,60-69,3106,1766,1340,916,425,491,397,212,185,114,69,45,950,647,303,69,32,37,48,29,19,401,235,166,211,117,94
11003,C4920,29,564,District-Haveri,Rural,70-79,1821,928,893,648,296,352,241,126,115,47,20,27,471,283,188,22,11,11,12,10,2,186,90,96,194,92,102
11004,C4920,29,564,District-Haveri,Rural,80-89,595,269,326,217,103,114,76,36,40,4,1,3,127,58,69,5,2,3,2,2,0,53,21,32,111,46,65
11005,C4920,29,564,District-Haveri,Rural,90+,187,63,124,55,20,35,29,11,18,1,0,1,38,13,25,2,1,1,2,1,1,20,8,12,40,9,31
11006,C4920,29,564,District-Haveri,Rural,Age Not Stated,15,5,10,2,1,1,1,0,1,1,1,0,6,2,4,2,1,1,0,0,0,1,0,1,2,0,2
11007,C4920,29,564,District-Haveri,Urban,Total,8173,4625,3548,1240,605,635,1183,612,571,532,294,238,2019,1266,753,807,460,347,139,80,59,1374,796,578,879,512,367
11008,C4920,29,564,District-Haveri,Urban,0-4,311,172,139,40,24,16,84,51,33,5,3,2,45,22,23,17,8,9,0,0,0,83,49,34,37,15,22
11009,C4920,29,564,District-Haveri,Urban,5-9,643,379,264,69,34,35,91,56,35,69,37,32,94,53,41,71,44,27,2,2,0,99,56,43,148,97,51
11010,C4920,29,564,District-Haveri,Urban,10-19,1839,1081,758,210,123,87,244,128,116,152,84,68,316,197,119,310,193,117,22,11,11,311,180,131,274,165,109
11011,C4920,29,564,District-Haveri,Urban,20-29,1433,787,646,164,83,81,195,101,94,112,57,55,440,251,189,169,97,72,24,14,10,231,131,100,98,53,45
11012,C4920,29,564,District-Haveri,Urban,30-39,1022,538,484,112,56,56,151,70,81,70,35,35,304,187,117,99,37,62,30,16,14,198,107,91,58,30,28
11013,C4920,29,564,District-Haveri,Urban,40-49,950,576,374,127,53,74,136,64,72,51,33,18,286,205,81,71,45,26,29,17,12,177,114,63,73,45,28
11014,C4920,29,564,District-Haveri,Urban,50-59,757,443,314,162,76,86,111,55,56,38,27,11,217,154,63,34,20,14,20,12,8,122,68,54,53,31,22
11015,C4920,29,564,District-Haveri,Urban,60-69,713,396,317,191,83,108,82,38,44,21,10,11,214,138,76,21,9,12,11,7,4,108,67,41,65,44,21
11016,C4920,29,564,District-Haveri,Urban,70-79,329,168,161,113,48,65,55,31,24,9,7,2,75,45,30,10,5,5,0,0,0,28,15,13,39,17,22
11017,C4920,29,564,District-Haveri,Urban,80-89,140,71,69,43,22,21,28,17,11,3,1,2,24,12,12,4,1,3,1,1,0,12,6,6,25,11,14
11018,C4920,29,564,District-Haveri,Urban,90+,31,11,20,7,2,5,6,1,5,1,0,1,4,2,2,0,0,0,0,0,0,4,2,2,9,4,5
11019,C4920,29,564,District-Haveri,Urban,Age Not Stated,5,3,2,2,1,1,0,0,0,1,0,1,0,0,0,1,1,0,0,0,0,1,1,0,0,0,0
11020,C4920,29,565,District-Bellary,Total,Total,50895,27804,23091,8895,4389,4506,9205,4863,4342,3310,1813,1497,11997,7376,4621,3770,1958,1812,704,363,341,9532,5144,4388,3482,1898,1584
11021,C4920,29,565,District-Bellary,Total,0-4,2683,1446,1237,507,267,240,666,347,319,58,33,25,344,213,131,179,96,83,11,5,6,715,372,343,203,113,90
11022,C4920,29,565,District-Bellary,Total,5-9,4249,2326,1923,591,297,294,737,412,325,497,274,223,652,416,236,458,238,220,32,17,15,848,422,426,434,250,184
11023,C4920,29,565,District-Bellary,Total,10-19,10853,5968,4885,1562,851,711,1794,949,845,1009,558,451,2357,1358,999,1153,631,522,110,66,44,1943,1028,915,925,527,398
11024,C4920,29,565,District-Bellary,Total,20-29,9885,5447,4438,1290,700,590,1586,817,769,629,335,294,3098,1866,1232,803,407,396,145,75,70,1759,937,822,575,310,265
11025,C4920,29,565,District-Bellary,Total,30-39,6828,3943,2885,967,495,472,1222,686,536,434,243,191,1823,1191,632,463,243,220,149,70,79,1427,806,621,343,209,134
11026,C4920,29,565,District-Bellary,Total,40-49,5276,3089,2187,860,475,385,1027,571,456,294,160,134,1260,844,416,334,175,159,126,70,56,1119,642,477,256,152,104
11027,C4920,29,565,District-Bellary,Total,50-59,3882,2155,1727,751,361,390,769,410,359,187,105,82,925,603,322,198,87,111,67,30,37,799,458,341,186,101,85
11028,C4920,29,565,District-Bellary,Total,60-69,3725,1943,1782,1112,493,619,698,353,345,123,64,59,857,534,323,118,58,60,44,23,21,549,301,248,224,117,107
11029,C4920,29,565,District-Bellary,Total,70-79,2322,1048,1274,850,325,525,459,215,244,51,27,24,462,261,201,44,14,30,13,4,9,268,131,137,175,71,104
11030,C4920,29,565,District-Bellary,Total,80-89,878,321,557,307,92,215,187,81,106,19,10,9,169,71,98,15,8,7,5,2,3,73,27,46,103,30,73
11031,C4920,29,565,District-Bellary,Total,90+,273,95,178,92,29,63,52,19,33,1,0,1,45,16,29,4,0,4,1,1,0,22,13,9,56,17,39
11032,C4920,29,565,District-Bellary,Total,Age Not Stated,41,23,18,6,4,2,8,3,5,8,4,4,5,3,2,1,1,0,1,0,1,10,7,3,2,1,1
11033,C4920,29,565,District-Bellary,Rural,Total,34320,18852,15468,6194,3049,3145,6129,3198,2931,2225,1222,1003,8826,5458,3368,2606,1352,1254,450,215,235,5567,3089,2478,2323,1269,1054
11034,C4920,29,565,District-Bellary,Rural,0-4,1792,976,816,363,193,170,477,248,229,40,23,17,239,148,91,131,67,64,7,3,4,408,220,188,127,74,53
11035,C4920,29,565,District-Bellary,Rural,5-9,2922,1600,1322,411,208,203,515,292,223,340,183,157,482,298,184,336,178,158,23,11,12,503,246,257,312,184,128
11036,C4920,29,565,District-Bellary,Rural,10-19,7693,4286,3407,1126,630,496,1252,662,590,717,401,316,1845,1058,787,834,462,372,66,37,29,1201,670,531,652,366,286
11037,C4920,29,565,District-Bellary,Rural,20-29,6480,3643,2837,814,464,350,1004,514,490,416,213,203,2234,1369,865,538,274,264,94,46,48,1008,552,456,372,211,161
11038,C4920,29,565,District-Bellary,Rural,30-39,4326,2502,1824,613,306,307,745,414,331,263,152,111,1306,867,439,292,149,143,106,45,61,784,440,344,217,129,88
11039,C4920,29,565,District-Bellary,Rural,40-49,3344,1993,1351,522,296,226,632,339,293,196,107,89,896,623,273,214,105,109,72,38,34,652,390,262,160,95,65
11040,C4920,29,565,District-Bellary,Rural,50-59,2479,1378,1101,510,243,267,484,257,227,118,70,48,650,419,231,128,54,74,40,16,24,444,259,185,105,60,45
11041,C4920,29,565,District-Bellary,Rural,60-69,2664,1392,1272,844,365,479,495,242,253,85,44,41,642,406,236,88,48,40,27,13,14,340,196,144,143,78,65
11042,C4920,29,565,District-Bellary,Rural,70-79,1725,770,955,664,253,411,337,156,181,33,18,15,357,198,159,31,9,22,10,4,6,176,91,85,117,41,76
11043,C4920,29,565,District-Bellary,Rural,80-89,665,233,432,255,71,184,140,58,82,10,7,3,136,56,80,9,5,4,4,1,3,36,15,21,75,20,55
11044,C4920,29,565,District-Bellary,Rural,90+,202,61,141,70,18,52,41,13,28,1,0,1,34,13,21,4,0,4,1,1,0,10,6,4,41,10,31
11045,C4920,29,565,District-Bellary,Rural,Age Not Stated,28,18,10,2,2,0,7,3,4,6,4,2,5,3,2,1,1,0,0,0,0,5,4,1,2,1,1
11046,C4920,29,565,District-Bellary,Urban,Total,16575,8952,7623,2701,1340,1361,3076,1665,1411,1085,591,494,3171,1918,1253,1164,606,558,254,148,106,3965,2055,1910,1159,629,530
11047,C4920,29,565,District-Bellary,Urban,0-4,891,470,421,144,74,70,189,99,90,18,10,8,105,65,40,48,29,19,4,2,2,307,152,155,76,39,37
11048,C4920,29,565,District-Bellary,Urban,5-9,1327,726,601,180,89,91,222,120,102,157,91,66,170,118,52,122,60,62,9,6,3,345,176,169,122,66,56
11049,C4920,29,565,District-Bellary,Urban,10-19,3160,1682,1478,436,221,215,542,287,255,292,157,135,512,300,212,319,169,150,44,29,15,742,358,384,273,161,112
11050,C4920,29,565,District-Bellary,Urban,20-29,3405,1804,1601,476,236,240,582,303,279,213,122,91,864,497,367,265,133,132,51,29,22,751,385,366,203,99,104
11051,C4920,29,565,District-Bellary,Urban,30-39,2502,1441,1061,354,189,165,477,272,205,171,91,80,517,324,193,171,94,77,43,25,18,643,366,277,126,80,46
11052,C4920,29,565,District-Bellary,Urban,40-49,1932,1096,836,338,179,159,395,232,163,98,53,45,364,221,143,120,70,50,54,32,22,467,252,215,96,57,39
11053,C4920,29,565,District-Bellary,Urban,50-59,1403,777,626,241,118,123,285,153,132,69,35,34,275,184,91,70,33,37,27,14,13,355,199,156,81,41,40
11054,C4920,29,565,District-Bellary,Urban,60-69,1061,551,510,268,128,140,203,111,92,38,20,18,215,128,87,30,10,20,17,10,7,209,105,104,81,39,42
11055,C4920,29,565,District-Bellary,Urban,70-79,597,278,319,186,72,114,122,59,63,18,9,9,105,63,42,13,5,8,3,0,3,92,40,52,58,30,28
11056,C4920,29,565,District-Bellary,Urban,80-89,213,88,125,52,21,31,47,23,24,9,3,6,33,15,18,6,3,3,1,1,0,37,12,25,28,10,18
11057,C4920,29,565,District-Bellary,Urban,90+,71,34,37,22,11,11,11,6,5,0,0,0,11,3,8,0,0,0,0,0,0,12,7,5,15,7,8
11058,C4920,29,565,District-Bellary,Urban,Age Not Stated,13,5,8,4,2,2,1,0,1,2,0,2,0,0,0,0,0,0,1,0,1,5,3,2,0,0,0
11059,C4920,29,566,District-Chitradurga,Total,Total,35971,20088,15883,6196,3161,3035,6096,3299,2797,2880,1660,1220,8373,5232,3141,2461,1287,1174,415,220,195,6589,3606,2983,2961,1623,1338
11060,C4920,29,566,District-Chitradurga,Total,0-4,1344,727,617,206,105,101,317,172,145,35,24,11,182,108,74,79,47,32,7,5,2,379,187,192,139,79,60
11061,C4920,29,566,District-Chitradurga,Total,5-9,2474,1421,1053,350,185,165,367,208,159,325,196,129,389,250,139,221,125,96,12,6,6,452,242,210,358,209,149
11062,C4920,29,566,District-Chitradurga,Total,10-19,6919,3835,3084,1161,638,523,1071,576,495,880,508,372,1170,680,490,712,389,323,67,36,31,1145,611,534,713,397,316
11063,C4920,29,566,District-Chitradurga,Total,20-29,6039,3262,2777,778,407,371,924,471,453,527,302,225,1693,1005,688,492,229,263,77,38,39,1088,580,508,460,230,230
11064,C4920,29,566,District-Chitradurga,Total,30-39,4980,2837,2143,642,335,307,829,442,387,396,222,174,1363,888,475,350,187,163,84,40,44,1024,562,462,292,161,131
11065,C4920,29,566,District-Chitradurga,Total,40-49,4438,2685,1753,634,350,284,789,480,309,312,180,132,1171,774,397,299,158,141,75,44,31,926,554,372,232,145,87
11066,C4920,29,566,District-Chitradurga,Total,50-59,3376,1984,1392,611,306,305,605,337,268,191,102,89,934,646,288,159,81,78,50,27,23,635,371,264,191,114,77
11067,C4920,29,566,District-Chitradurga,Total,60-69,3226,1732,1494,794,363,431,609,321,288,137,80,57,849,535,314,97,46,51,29,19,10,521,280,241,190,88,102
11068,C4920,29,566,District-Chitradurga,Total,70-79,2073,1105,968,649,316,333,362,188,174,58,36,22,448,267,181,36,19,17,11,5,6,281,147,134,228,127,101
11069,C4920,29,566,District-Chitradurga,Total,80-89,817,370,447,278,112,166,178,86,92,14,5,9,131,62,69,11,5,6,1,0,1,96,51,45,108,49,59
11070,C4920,29,566,District-Chitradurga,Total,90+,233,101,132,83,38,45,37,16,21,4,4,0,37,15,22,3,0,3,1,0,1,21,6,15,47,22,25
11071,C4920,29,566,District-Chitradurga,Total,Age Not Stated,52,29,23,10,6,4,8,2,6,1,1,0,6,2,4,2,1,1,1,0,1,21,15,6,3,2,1
11072,C4920,29,566,District-Chitradurga,Rural,Total,29152,16258,12894,5169,2612,2557,4694,2528,2166,2411,1393,1018,6962,4344,2618,2022,1056,966,353,185,168,5015,2756,2259,2526,1384,1142
11073,C4920,29,566,District-Chitradurga,Rural,0-4,1056,563,493,166,84,82,223,119,104,29,19,10,156,88,68,63,40,23,4,3,1,297,142,155,118,68,50
11074,C4920,29,566,District-Chitradurga,Rural,5-9,1993,1145,848,268,145,123,274,148,126,285,171,114,337,217,120,175,98,77,9,5,4,338,178,160,307,183,124
11075,C4920,29,566,District-Chitradurga,Rural,10-19,5588,3101,2487,933,511,422,800,425,375,753,437,316,980,579,401,599,328,271,60,32,28,859,453,406,604,336,268
11076,C4920,29,566,District-Chitradurga,Rural,20-29,4724,2549,2175,597,310,287,678,336,342,431,254,177,1384,818,566,393,180,213,61,28,33,793,437,356,387,186,201
11077,C4920,29,566,District-Chitradurga,Rural,30-39,3865,2234,1631,526,277,249,593,317,276,317,174,143,1092,728,364,289,151,138,75,34,41,737,420,317,236,133,103
11078,C4920,29,566,District-Chitradurga,Rural,40-49,3556,2148,1408,525,291,234,604,373,231,254,144,110,967,630,337,250,135,115,65,41,24,705,415,290,186,119,67
11079,C4920,29,566,District-Chitradurga,Rural,50-59,2743,1612,1131,511,249,262,478,272,206,164,88,76,770,526,244,136,71,65,45,22,23,484,288,196,155,96,59
11080,C4920,29,566,District-Chitradurga,Rural,60-69,2770,1472,1298,704,312,392,521,279,242,113,67,46,726,451,275,77,34,43,21,15,6,439,236,203,169,78,91
11081,C4920,29,566,District-Chitradurga,Rural,70-79,1862,982,880,607,292,315,319,163,156,48,30,18,392,235,157,30,15,15,11,5,6,243,127,116,212,115,97
11082,C4920,29,566,District-Chitradurga,Rural,80-89,740,336,404,251,103,148,164,79,85,12,4,8,119,57,62,6,3,3,0,0,0,85,43,42,103,47,56
11083,C4920,29,566,District-Chitradurga,Rural,90+,212,92,120,74,34,40,34,15,19,4,4,0,33,13,20,2,0,2,1,0,1,18,5,13,46,21,25
11084,C4920,29,566,District-Chitradurga,Rural,Age Not Stated,43,24,19,7,4,3,6,2,4,1,1,0,6,2,4,2,1,1,1,0,1,17,12,5,3,2,1
11085,C4920,29,566,District-Chitradurga,Urban,Total,6819,3830,2989,1027,549,478,1402,771,631,469,267,202,1411,888,523,439,231,208,62,35,27,1574,850,724,435,239,196
11086,C4920,29,566,District-Chitradurga,Urban,0-4,288,164,124,40,21,19,94,53,41,6,5,1,26,20,6,16,7,9,3,2,1,82,45,37,21,11,10
11087,C4920,29,566,District-Chitradurga,Urban,5-9,481,276,205,82,40,42,93,60,33,40,25,15,52,33,19,46,27,19,3,1,2,114,64,50,51,26,25
11088,C4920,29,566,District-Chitradurga,Urban,10-19,1331,734,597,228,127,101,271,151,120,127,71,56,190,101,89,113,61,52,7,4,3,286,158,128,109,61,48
11089,C4920,29,566,District-Chitradurga,Urban,20-29,1315,713,602,181,97,84,246,135,111,96,48,48,309,187,122,99,49,50,16,10,6,295,143,152,73,44,29
11090,C4920,29,566,District-Chitradurga,Urban,30-39,1115,603,512,116,58,58,236,125,111,79,48,31,271,160,111,61,36,25,9,6,3,287,142,145,56,28,28
11091,C4920,29,566,District-Chitradurga,Urban,40-49,882,537,345,109,59,50,185,107,78,58,36,22,204,144,60,49,23,26,10,3,7,221,139,82,46,26,20
11092,C4920,29,566,District-Chitradurga,Urban,50-59,633,372,261,100,57,43,127,65,62,27,14,13,164,120,44,23,10,13,5,5,0,151,83,68,36,18,18
11093,C4920,29,566,District-Chitradurga,Urban,60-69,456,260,196,90,51,39,88,42,46,24,13,11,123,84,39,20,12,8,8,4,4,82,44,38,21,10,11
11094,C4920,29,566,District-Chitradurga,Urban,70-79,211,123,88,42,24,18,43,25,18,10,6,4,56,32,24,6,4,2,0,0,0,38,20,18,16,12,4
11095,C4920,29,566,District-Chitradurga,Urban,80-89,77,34,43,27,9,18,14,7,7,2,1,1,12,5,7,5,2,3,1,0,1,11,8,3,5,2,3
11096,C4920,29,566,District-Chitradurga,Urban,90+,21,9,12,9,4,5,3,1,2,0,0,0,4,2,2,1,0,1,0,0,0,3,1,2,1,1,0
11097,C4920,29,566,District-Chitradurga,Urban,Age Not Stated,9,5,4,3,2,1,2,0,2,0,0,0,0,0,0,0,0,0,0,0,0,4,3,1,0,0,0
11098,C4920,29,567,District-Davanagere,Total,Total,40819,22587,18232,7027,3580,3447,6680,3497,3183,3392,1916,1476,8760,5525,3235,3127,1682,1445,495,261,234,8358,4444,3914,2980,1682,1298
11099,C4920,29,567,District-Davanagere,Total,0-4,1657,857,800,309,165,144,327,162,165,48,22,26,207,111,96,111,55,56,5,3,2,523,267,256,127,72,55
11100,C4920,29,567,District-Davanagere,Total,5-9,3052,1694,1358,449,241,208,466,246,220,381,211,170,462,261,201,289,180,109,15,8,7,612,329,283,378,218,160
11101,C4920,29,567,District-Davanagere,Total,10-19,8371,4582,3789,1264,650,614,1178,618,560,1129,655,474,1425,836,589,914,516,398,60,32,28,1631,851,780,770,424,346
11102,C4920,29,567,District-Davanagere,Total,20-29,7494,4151,3343,929,506,423,1148,596,552,624,361,263,1937,1169,768,704,385,319,92,50,42,1540,782,758,520,302,218
11103,C4920,29,567,District-Davanagere,Total,30-39,5822,3280,2542,845,438,407,919,497,422,418,206,212,1449,973,476,458,223,235,105,56,49,1301,711,590,327,176,151
11104,C4920,29,567,District-Davanagere,Total,40-49,4891,2875,2016,797,429,368,845,464,381,346,212,134,1198,808,390,296,156,140,102,55,47,1055,591,464,252,160,92
11105,C4920,29,567,District-Davanagere,Total,50-59,3606,2073,1533,717,373,344,645,358,287,205,122,83,892,611,281,175,81,94,64,29,35,744,401,343,164,98,66
11106,C4920,29,567,District-Davanagere,Total,60-69,3162,1725,1437,825,384,441,591,291,300,142,80,62,707,478,229,123,58,65,35,19,16,545,304,241,194,111,83
11107,C4920,29,567,District-Davanagere,Total,70-79,1767,916,851,553,262,291,343,165,178,59,29,30,338,215,123,37,17,20,14,7,7,280,143,137,143,78,65
11108,C4920,29,567,District-Davanagere,Total,80-89,694,302,392,246,97,149,154,73,81,22,9,13,102,43,59,11,7,4,3,2,1,81,40,41,75,31,44
11109,C4920,29,567,District-Davanagere,Total,90+,240,98,142,86,31,55,55,24,31,6,2,4,30,13,17,4,2,2,0,0,0,30,14,16,29,12,17
11110,C4920,29,567,District-Davanagere,Total,Age Not Stated,63,34,29,7,4,3,9,3,6,12,7,5,13,7,6,5,2,3,0,0,0,16,11,5,1,0,1
11111,C4920,29,567,District-Davanagere,Rural,Total,28361,15739,12622,4927,2479,2448,4524,2405,2119,2090,1208,882,6219,3975,2244,2096,1118,978,352,175,177,5967,3167,2800,2186,1212,974
11112,C4920,29,567,District-Davanagere,Rural,0-4,1142,595,547,187,95,92,212,113,99,35,16,19,151,78,73,65,32,33,3,3,0,393,198,195,96,60,36
11113,C4920,29,567,District-Davanagere,Rural,5-9,2049,1136,913,307,160,147,294,165,129,237,134,103,304,167,137,202,124,78,6,4,2,408,213,195,291,169,122
11114,C4920,29,567,District-Davanagere,Rural,10-19,5527,3030,2497,839,449,390,799,428,371,594,359,235,904,518,386,618,344,274,48,23,25,1158,602,556,567,307,260
11115,C4920,29,567,District-Davanagere,Rural,20-29,5045,2818,2227,602,325,277,738,391,347,420,247,173,1328,820,508,470,261,209,57,30,27,1080,543,537,350,201,149
11116,C4920,29,567,District-Davanagere,Rural,30-39,4009,2308,1701,562,289,273,580,318,262,276,138,138,1061,742,319,295,145,150,75,37,38,932,517,415,228,122,106
11117,C4920,29,567,District-Davanagere,Rural,40-49,3431,2033,1398,527,284,243,583,324,259,227,143,84,904,617,287,204,107,97,79,39,40,726,411,315,181,108,73
11118,C4920,29,567,District-Davanagere,Rural,50-59,2545,1453,1092,499,245,254,445,247,198,139,84,55,647,445,202,121,53,68,42,18,24,532,291,241,120,70,50
11119,C4920,29,567,District-Davanagere,Rural,60-69,2405,1311,1094,644,302,342,442,209,233,93,58,35,537,364,173,84,36,48,28,15,13,425,243,182,152,84,68
11120,C4920,29,567,District-Davanagere,Rural,70-79,1407,705,702,465,213,252,269,134,135,44,20,24,269,168,101,26,11,15,11,4,7,213,100,113,110,55,55
11121,C4920,29,567,District-Davanagere,Rural,80-89,569,250,319,218,86,132,119,57,62,16,6,10,76,38,38,6,4,2,3,2,1,66,32,34,65,25,40
11122,C4920,29,567,District-Davanagere,Rural,90+,189,78,111,73,28,45,36,16,20,6,2,4,25,11,14,2,0,2,0,0,0,22,10,12,25,11,14
11123,C4920,29,567,District-Davanagere,Rural,Age Not Stated,43,22,21,4,3,1,7,3,4,3,1,2,13,7,6,3,1,2,0,0,0,12,7,5,1,0,1
11124,C4920,29,567,District-Davanagere,Urban,Total,12458,6848,5610,2100,1101,999,2156,1092,1064,1302,708,594,2541,1550,991,1031,564,467,143,86,57,2391,1277,1114,794,470,324
11125,C4920,29,567,District-Davanagere,Urban,0-4,515,262,253,122,70,52,115,49,66,13,6,7,56,33,23,46,23,23,2,0,2,130,69,61,31,12,19
11126,C4920,29,567,District-Davanagere,Urban,5-9,1003,558,445,142,81,61,172,81,91,144,77,67,158,94,64,87,56,31,9,4,5,204,116,88,87,49,38
11127,C4920,29,567,District-Davanagere,Urban,10-19,2844,1552,1292,425,201,224,379,190,189,535,296,239,521,318,203,296,172,124,12,9,3,473,249,224,203,117,86
11128,C4920,29,567,District-Davanagere,Urban,20-29,2449,1333,1116,327,181,146,410,205,205,204,114,90,609,349,260,234,124,110,35,20,15,460,239,221,170,101,69
11129,C4920,29,567,District-Davanagere,Urban,30-39,1813,972,841,283,149,134,339,179,160,142,68,74,388,231,157,163,78,85,30,19,11,369,194,175,99,54,45
11130,C4920,29,567,District-Davanagere,Urban,40-49,1460,842,618,270,145,125,262,140,122,119,69,50,294,191,103,92,49,43,23,16,7,329,180,149,71,52,19
11131,C4920,29,567,District-Davanagere,Urban,50-59,1061,620,441,218,128,90,200,111,89,66,38,28,245,166,79,54,28,26,22,11,11,212,110,102,44,28,16
11132,C4920,29,567,District-Davanagere,Urban,60-69,757,414,343,181,82,99,149,82,67,49,22,27,170,114,56,39,22,17,7,4,3,120,61,59,42,27,15
11133,C4920,29,567,District-Davanagere,Urban,70-79,360,211,149,88,49,39,74,31,43,15,9,6,69,47,22,11,6,5,3,3,0,67,43,24,33,23,10
11134,C4920,29,567,District-Davanagere,Urban,80-89,125,52,73,28,11,17,35,16,19,6,3,3,26,5,21,5,3,2,0,0,0,15,8,7,10,6,4
11135,C4920,29,567,District-Davanagere,Urban,90+,51,20,31,13,3,10,19,8,11,0,0,0,5,2,3,2,2,0,0,0,0,8,4,4,4,1,3
11136,C4920,29,567,District-Davanagere,Urban,Age Not Stated,20,12,8,3,1,2,2,0,2,9,6,3,0,0,0,2,1,1,0,0,0,4,4,0,0,0,0
11137,C4920,29,568,District-Shimoga,Total,Total,28835,15932,12903,4502,2280,2222,3729,1856,1873,2358,1325,1033,6957,4396,2561,2701,1410,1291,582,294,288,5125,2723,2402,2881,1648,1233
11138,C4920,29,568,District-Shimoga,Total,0-4,1024,570,454,164,91,73,130,66,64,33,19,14,176,108,68,72,41,31,14,7,7,317,167,150,118,71,47
11139,C4920,29,568,District-Shimoga,Total,5-9,1931,1071,860,258,126,132,200,110,90,268,162,106,282,163,119,244,132,112,13,10,3,322,162,160,344,206,138
11140,C4920,29,568,District-Shimoga,Total,10-19,5130,2794,2336,729,404,325,657,302,355,547,305,242,822,507,315,770,412,358,67,40,27,810,421,389,728,403,325
11141,C4920,29,568,District-Shimoga,Total,20-29,4957,2668,2289,607,309,298,542,261,281,466,252,214,1270,762,508,596,295,301,81,40,41,890,461,429,505,288,217
11142,C4920,29,568,District-Shimoga,Total,30-39,4386,2431,1955,491,271,220,529,273,256,341,171,170,1290,802,488,398,214,184,150,79,71,838,433,405,349,188,161
11143,C4920,29,568,District-Shimoga,Total,40-49,3989,2339,1650,522,289,233,541,286,255,309,177,132,1142,775,367,310,155,155,124,55,69,765,436,329,276,166,110
11144,C4920,29,568,District-Shimoga,Total,50-59,2949,1771,1178,475,269,206,425,236,189,211,128,83,865,574,291,167,89,78,69,36,33,534,297,237,203,142,61
11145,C4920,29,568,District-Shimoga,Total,60-69,2428,1321,1107,587,254,333,338,164,174,121,74,47,690,457,233,96,50,46,47,19,28,388,207,181,161,96,65
11146,C4920,29,568,District-Shimoga,Total,70-79,1369,701,668,427,184,243,233,104,129,46,30,16,316,197,119,33,15,18,12,6,6,191,109,82,111,56,55
11147,C4920,29,568,District-Shimoga,Total,80-89,509,202,307,191,62,129,100,44,56,13,6,7,84,42,42,6,3,3,5,2,3,50,21,29,60,22,38
11148,C4920,29,568,District-Shimoga,Total,90+,138,54,84,48,20,28,26,7,19,2,1,1,20,9,11,6,2,4,0,0,0,14,6,8,22,9,13
11149,C4920,29,568,District-Shimoga,Total,Age Not Stated,25,10,15,3,1,2,8,3,5,1,0,1,0,0,0,3,2,1,0,0,0,6,3,3,4,1,3
11150,C4920,29,568,District-Shimoga,Rural,Total,18716,10328,8388,2899,1442,1457,2286,1118,1168,1599,913,686,4684,2985,1699,1728,883,845,382,192,190,3191,1698,1493,1947,1097,850
11151,C4920,29,568,District-Shimoga,Rural,0-4,647,360,287,111,61,50,76,38,38,23,13,10,114,65,49,50,29,21,9,6,3,184,99,85,80,49,31
11152,C4920,29,568,District-Shimoga,Rural,5-9,1294,715,579,176,77,99,125,71,54,186,112,74,198,117,81,147,84,63,8,6,2,208,100,108,246,148,98
11153,C4920,29,568,District-Shimoga,Rural,10-19,3321,1812,1509,452,256,196,417,177,240,389,229,160,571,365,206,473,239,234,40,26,14,480,241,239,499,279,220
11154,C4920,29,568,District-Shimoga,Rural,20-29,3136,1696,1440,363,182,181,308,151,157,312,176,136,839,508,331,393,192,201,51,28,23,548,278,270,322,181,141
11155,C4920,29,568,District-Shimoga,Rural,30-39,2745,1514,1231,268,150,118,311,153,158,214,101,113,857,538,319,254,132,122,95,46,49,525,289,236,221,105,116
11156,C4920,29,568,District-Shimoga,Rural,40-49,2596,1524,1072,325,182,143,341,179,162,211,126,85,772,518,254,199,96,103,83,35,48,487,280,207,178,108,70
11157,C4920,29,568,District-Shimoga,Rural,50-59,1883,1141,742,289,158,131,237,137,100,143,83,60,587,399,188,108,53,55,51,26,25,334,193,141,134,92,42
11158,C4920,29,568,District-Shimoga,Rural,60-69,1675,916,759,415,183,232,218,104,114,81,51,30,483,326,157,70,42,28,36,14,22,258,132,126,114,64,50
11159,C4920,29,568,District-Shimoga,Rural,70-79,956,472,484,313,130,183,162,70,92,30,17,13,202,122,80,26,12,14,5,3,2,130,71,59,88,47,41
11160,C4920,29,568,District-Shimoga,Rural,80-89,356,134,222,149,47,102,73,33,40,8,4,4,49,21,28,3,1,2,4,2,2,24,9,15,46,17,29
11161,C4920,29,568,District-Shimoga,Rural,90+,93,39,54,36,15,21,17,5,12,1,1,0,12,6,6,2,1,1,0,0,0,9,4,5,16,7,9
11162,C4920,29,568,District-Shimoga,Rural,Age Not Stated,14,5,9,2,1,1,1,0,1,1,0,1,0,0,0,3,2,1,0,0,0,4,2,2,3,0,3
11163,C4920,29,568,District-Shimoga,Urban,Total,10119,5604,4515,1603,838,765,1443,738,705,759,412,347,2273,1411,862,973,527,446,200,102,98,1934,1025,909,934,551,383
11164,C4920,29,568,District-Shimoga,Urban,0-4,377,210,167,53,30,23,54,28,26,10,6,4,62,43,19,22,12,10,5,1,4,133,68,65,38,22,16
11165,C4920,29,568,District-Shimoga,Urban,5-9,637,356,281,82,49,33,75,39,36,82,50,32,84,46,38,97,48,49,5,4,1,114,62,52,98,58,40
11166,C4920,29,568,District-Shimoga,Urban,10-19,1809,982,827,277,148,129,240,125,115,158,76,82,251,142,109,297,173,124,27,14,13,330,180,150,229,124,105
11167,C4920,29,568,District-Shimoga,Urban,20-29,1821,972,849,244,127,117,234,110,124,154,76,78,431,254,177,203,103,100,30,12,18,342,183,159,183,107,76
11168,C4920,29,568,District-Shimoga,Urban,30-39,1641,917,724,223,121,102,218,120,98,127,70,57,433,264,169,144,82,62,55,33,22,313,144,169,128,83,45
11169,C4920,29,568,District-Shimoga,Urban,40-49,1393,815,578,197,107,90,200,107,93,98,51,47,370,257,113,111,59,52,41,20,21,278,156,122,98,58,40
11170,C4920,29,568,District-Shimoga,Urban,50-59,1066,630,436,186,111,75,188,99,89,68,45,23,278,175,103,59,36,23,18,10,8,200,104,96,69,50,19
11171,C4920,29,568,District-Shimoga,Urban,60-69,753,405,348,172,71,101,120,60,60,40,23,17,207,131,76,26,8,18,11,5,6,130,75,55,47,32,15
11172,C4920,29,568,District-Shimoga,Urban,70-79,413,229,184,114,54,60,71,34,37,16,13,3,114,75,39,7,3,4,7,3,4,61,38,23,23,9,14
11173,C4920,29,568,District-Shimoga,Urban,80-89,153,68,85,42,15,27,27,11,16,5,2,3,35,21,14,3,2,1,1,0,1,26,12,14,14,5,9
11174,C4920,29,568,District-Shimoga,Urban,90+,45,15,30,12,5,7,9,2,7,1,0,1,8,3,5,4,1,3,0,0,0,5,2,3,6,2,4
11175,C4920,29,568,District-Shimoga,Urban,Age Not Stated,11,5,6,1,0,1,7,3,4,0,0,0,0,0,0,0,0,0,0,0,0,2,1,1,1,1,0
11176,C4920,29,569,District-Udupi,Total,Total,16922,8927,7995,2317,1076,1241,1911,894,1017,1501,787,714,3448,2095,1353,1930,1045,885,1136,567,569,2507,1270,1237,2172,1193,979
11177,C4920,29,569,District-Udupi,Total,0-4,369,208,161,48,21,27,53,35,18,15,10,5,54,35,19,21,10,11,1,1,0,121,68,53,56,28,28
11178,C4920,29,569,District-Udupi,Total,5-9,730,428,302,65,37,28,73,32,41,101,59,42,82,45,37,106,77,29,13,9,4,147,81,66,143,88,55
11179,C4920,29,569,District-Udupi,Total,10-19,2336,1318,1018,195,108,87,230,134,96,239,133,106,271,165,106,530,295,235,56,31,25,388,197,191,427,255,172
11180,C4920,29,569,District-Udupi,Total,20-29,2741,1437,1304,159,80,79,247,122,125,352,176,176,498,278,220,487,259,228,160,92,68,379,189,190,459,241,218
11181,C4920,29,569,District-Udupi,Total,30-39,2598,1368,1230,197,100,97,243,104,139,283,141,142,534,320,214,370,188,182,248,126,122,377,193,184,346,196,150
11182,C4920,29,569,District-Udupi,Total,40-49,2342,1285,1057,302,161,141,215,95,120,190,98,92,517,334,183,227,114,113,285,148,137,382,198,184,224,137,87
11183,C4920,29,569,District-Udupi,Total,50-59,2013,1126,887,339,179,160,240,114,126,155,84,71,538,372,166,118,58,60,204,99,105,275,138,137,144,82,62
11184,C4920,29,569,District-Udupi,Total,60-69,1678,891,787,372,161,211,238,117,121,104,55,49,473,320,153,41,25,16,103,38,65,222,108,114,125,67,58
11185,C4920,29,569,District-Udupi,Total,70-79,1278,574,704,411,157,254,213,87,126,36,20,16,293,159,134,22,14,8,45,17,28,138,66,72,120,54,66
11186,C4920,29,569,District-Udupi,Total,80-89,646,224,422,190,64,126,128,47,81,20,7,13,143,51,92,3,0,3,13,3,10,60,23,37,89,29,60
11187,C4920,29,569,District-Udupi,Total,90+,170,52,118,39,8,31,29,6,23,2,1,1,40,13,27,5,5,0,6,1,5,12,4,8,37,14,23
11188,C4920,29,569,District-Udupi,Total,Age Not Stated,21,16,5,0,0,0,2,1,1,4,3,1,5,3,2,0,0,0,2,2,0,6,5,1,2,2,0
11189,C4920,29,569,District-Udupi,Rural,Total,12573,6596,5977,1850,840,1010,1352,629,723,1115,589,526,2610,1576,1034,1427,773,654,834,388,446,1760,904,856,1625,897,728
11190,C4920,29,569,District-Udupi,Rural,0-4,267,147,120,32,13,19,40,24,16,10,6,4,39,26,13,16,7,9,1,1,0,88,49,39,41,21,20
11191,C4920,29,569,District-Udupi,Rural,5-9,526,321,205,49,25,24,47,25,22,71,43,28,60,34,26,79,58,21,9,6,3,105,62,43,106,68,38
11192,C4920,29,569,District-Udupi,Rural,10-19,1750,985,765,142,76,66,167,99,68,186,108,78,205,120,85,396,218,178,45,23,22,282,146,136,327,195,132
11193,C4920,29,569,District-Udupi,Rural,20-29,2047,1064,983,121,65,56,175,84,91,274,138,136,388,212,176,373,201,172,110,54,56,255,125,130,351,185,166
11194,C4920,29,569,District-Udupi,Rural,30-39,1898,997,901,146,74,72,164,69,95,208,103,105,417,251,166,266,133,133,191,91,100,253,132,121,253,144,109
11195,C4920,29,569,District-Udupi,Rural,40-49,1656,906,750,229,121,108,133,57,76,143,73,70,376,245,131,169,86,83,208,102,106,250,128,122,148,94,54
11196,C4920,29,569,District-Udupi,Rural,50-59,1497,837,660,278,140,138,160,73,87,108,60,48,405,283,122,81,40,41,157,72,85,198,103,95,110,66,44
11197,C4920,29,569,District-Udupi,Rural,60-69,1263,658,605,304,133,171,178,85,93,76,39,37,355,234,121,28,18,10,71,26,45,159,79,80,92,44,48
11198,C4920,29,569,District-Udupi,Rural,70-79,1015,452,563,350,131,219,163,67,96,24,13,11,227,123,104,12,7,5,30,12,18,110,56,54,99,43,56
11199,C4920,29,569,District-Udupi,Rural,80-89,507,177,330,165,55,110,100,41,59,11,3,8,108,39,69,2,0,2,7,0,7,46,17,29,68,22,46
11200,C4920,29,569,District-Udupi,Rural,90+,135,41,94,34,7,27,24,4,20,1,0,1,30,9,21,5,5,0,4,0,4,9,3,6,28,13,15
11201,C4920,29,569,District-Udupi,Rural,Age Not Stated,12,11,1,0,0,0,1,1,0,3,3,0,0,0,0,0,0,0,1,1,0,5,4,1,2,2,0
11202,C4920,29,569,District-Udupi,Urban,Total,4349,2331,2018,467,236,231,559,265,294,386,198,188,838,519,319,503,272,231,302,179,123,747,366,381,547,296,251
11203,C4920,29,569,District-Udupi,Urban,0-4,102,61,41,16,8,8,13,11,2,5,4,1,15,9,6,5,3,2,0,0,0,33,19,14,15,7,8
11204,C4920,29,569,District-Udupi,Urban,5-9,204,107,97,16,12,4,26,7,19,30,16,14,22,11,11,27,19,8,4,3,1,42,19,23,37,20,17
11205,C4920,29,569,District-Udupi,Urban,10-19,586,333,253,53,32,21,63,35,28,53,25,28,66,45,21,134,77,57,11,8,3,106,51,55,100,60,40
11206,C4920,29,569,District-Udupi,Urban,20-29,694,373,321,38,15,23,72,38,34,78,38,40,110,66,44,114,58,56,50,38,12,124,64,60,108,56,52
11207,C4920,29,569,District-Udupi,Urban,30-39,700,371,329,51,26,25,79,35,44,75,38,37,117,69,48,104,55,49,57,35,22,124,61,63,93,52,41
11208,C4920,29,569,District-Udupi,Urban,40-49,686,379,307,73,40,33,82,38,44,47,25,22,141,89,52,58,28,30,77,46,31,132,70,62,76,43,33
11209,C4920,29,569,District-Udupi,Urban,50-59,516,289,227,61,39,22,80,41,39,47,24,23,133,89,44,37,18,19,47,27,20,77,35,42,34,16,18
11210,C4920,29,569,District-Udupi,Urban,60-69,415,233,182,68,28,40,60,32,28,28,16,12,118,86,32,13,7,6,32,12,20,63,29,34,33,23,10
11211,C4920,29,569,District-Udupi,Urban,70-79,263,122,141,61,26,35,50,20,30,12,7,5,66,36,30,10,7,3,15,5,10,28,10,18,21,11,10
11212,C4920,29,569,District-Udupi,Urban,80-89,139,47,92,25,9,16,28,6,22,9,4,5,35,12,23,1,0,1,6,3,3,14,6,8,21,7,14
11213,C4920,29,569,District-Udupi,Urban,90+,35,11,24,5,1,4,5,2,3,1,1,0,10,4,6,0,0,0,2,1,1,3,1,2,9,1,8
11214,C4920,29,569,District-Udupi,Urban,Age Not Stated,9,5,4,0,0,0,1,0,1,1,0,1,5,3,2,0,0,0,1,1,0,1,1,0,0,0,0
11215,C4920,29,570,District-Chikmagalur,Total,Total,21224,11622,9602,4360,2175,2185,2679,1392,1287,1475,829,646,4947,3085,1862,1579,801,778,320,164,156,3750,2035,1715,2114,1141,973
11216,C4920,29,570,District-Chikmagalur,Total,0-4,502,266,236,85,44,41,73,44,29,17,6,11,79,46,33,28,14,14,3,3,0,164,82,82,53,27,26
11217,C4920,29,570,District-Chikmagalur,Total,5-9,1118,603,515,136,75,61,133,73,60,142,85,57,162,86,76,118,56,62,3,0,3,237,119,118,187,109,78
11218,C4920,29,570,District-Chikmagalur,Total,10-19,3312,1834,1478,583,323,260,404,232,172,348,193,155,524,315,209,424,214,210,26,15,11,573,316,257,430,226,204
11219,C4920,29,570,District-Chikmagalur,Total,20-29,3061,1695,1366,402,220,182,325,167,158,266,145,121,783,479,304,324,163,161,50,32,18,556,288,268,355,201,154
11220,C4920,29,570,District-Chikmagalur,Total,30-39,2911,1634,1277,357,185,172,307,155,152,199,106,93,892,578,314,254,134,120,71,29,42,565,318,247,266,129,137
11221,C4920,29,570,District-Chikmagalur,Total,40-49,2888,1676,1212,470,251,219,359,190,169,198,115,83,851,564,287,204,99,105,54,26,28,570,322,248,182,109,73
11222,C4920,29,570,District-Chikmagalur,Total,50-59,2402,1378,1024,524,258,266,311,168,143,144,88,56,657,428,229,123,69,54,62,29,33,440,254,186,141,84,57
11223,C4920,29,570,District-Chikmagalur,Total,60-69,2480,1280,1200,856,383,473,330,168,162,96,51,45,562,345,217,64,27,37,26,12,14,360,199,161,186,95,91
11224,C4920,29,570,District-Chikmagalur,Total,70-79,1643,832,811,606,280,326,265,121,144,36,27,9,301,173,128,24,15,9,20,15,5,204,100,104,187,101,86
11225,C4920,29,570,District-Chikmagalur,Total,80-89,692,336,356,286,137,149,126,58,68,19,10,9,104,56,48,9,7,2,4,2,2,60,25,35,84,41,43
11226,C4920,29,570,District-Chikmagalur,Total,90+,205,82,123,55,19,36,45,15,30,8,3,5,31,14,17,4,1,3,1,1,0,18,10,8,43,19,24
11227,C4920,29,570,District-Chikmagalur,Total,Age Not Stated,10,6,4,0,0,0,1,1,0,2,0,2,1,1,0,3,2,1,0,0,0,3,2,1,0,0,0
11228,C4920,29,570,District-Chikmagalur,Rural,Total,17458,9561,7897,3552,1760,1792,2201,1143,1058,1252,708,544,4068,2531,1537,1267,643,624,283,146,137,3052,1663,1389,1783,967,816
11229,C4920,29,570,District-Chikmagalur,Rural,0-4,389,206,183,61,32,29,57,34,23,13,3,10,60,37,23,20,10,10,3,3,0,135,65,70,40,22,18
11230,C4920,29,570,District-Chikmagalur,Rural,5-9,919,494,425,100,51,49,115,61,54,116,73,43,135,68,67,100,50,50,3,0,3,190,97,93,160,94,66
11231,C4920,29,570,District-Chikmagalur,Rural,10-19,2592,1446,1146,400,221,179,317,187,130,300,170,130,417,254,163,335,165,170,22,12,10,447,245,202,354,192,162
11232,C4920,29,570,District-Chikmagalur,Rural,20-29,2444,1358,1086,312,170,142,251,135,116,213,113,100,631,387,244,261,130,131,47,30,17,435,227,208,294,166,128
11233,C4920,29,570,District-Chikmagalur,Rural,30-39,2366,1316,1050,273,143,130,254,128,126,187,97,90,715,456,259,204,107,97,62,26,36,445,248,197,226,111,115
11234,C4920,29,570,District-Chikmagalur,Rural,40-49,2399,1397,1002,384,201,183,290,154,136,173,103,70,712,468,244,168,85,83,45,22,23,467,268,199,160,96,64
11235,C4920,29,570,District-Chikmagalur,Rural,50-59,1979,1133,846,439,223,216,247,131,116,116,68,48,547,357,190,96,54,42,56,26,30,366,211,155,112,63,49
11236,C4920,29,570,District-Chikmagalur,Rural,60-69,2144,1103,1041,755,329,426,289,147,142,78,43,35,480,296,184,53,23,30,23,12,11,309,173,136,157,80,77
11237,C4920,29,570,District-Chikmagalur,Rural,70-79,1440,734,706,531,246,285,231,101,130,35,27,8,254,148,106,19,12,7,17,12,5,185,96,89,168,92,76
11238,C4920,29,570,District-Chikmagalur,Rural,80-89,599,299,300,249,128,121,109,51,58,15,9,6,89,46,43,5,4,1,4,2,2,56,24,32,72,35,37
11239,C4920,29,570,District-Chikmagalur,Rural,90+,178,69,109,48,16,32,40,13,27,5,2,3,27,13,14,3,1,2,1,1,0,14,7,7,40,16,24
11240,C4920,29,570,District-Chikmagalur,Rural,Age Not Stated,9,6,3,0,0,0,1,1,0,1,0,1,1,1,0,3,2,1,0,0,0,3,2,1,0,0,0
11241,C4920,29,570,District-Chikmagalur,Urban,Total,3766,2061,1705,808,415,393,478,249,229,223,121,102,879,554,325,312,158,154,37,18,19,698,372,326,331,174,157
11242,C4920,29,570,District-Chikmagalur,Urban,0-4,113,60,53,24,12,12,16,10,6,4,3,1,19,9,10,8,4,4,0,0,0,29,17,12,13,5,8
11243,C4920,29,570,District-Chikmagalur,Urban,5-9,199,109,90,36,24,12,18,12,6,26,12,14,27,18,9,18,6,12,0,0,0,47,22,25,27,15,12
11244,C4920,29,570,District-Chikmagalur,Urban,10-19,720,388,332,183,102,81,87,45,42,48,23,25,107,61,46,89,49,40,4,3,1,126,71,55,76,34,42
11245,C4920,29,570,District-Chikmagalur,Urban,20-29,617,337,280,90,50,40,74,32,42,53,32,21,152,92,60,63,33,30,3,2,1,121,61,60,61,35,26
11246,C4920,29,570,District-Chikmagalur,Urban,30-39,545,318,227,84,42,42,53,27,26,12,9,3,177,122,55,50,27,23,9,3,6,120,70,50,40,18,22
11247,C4920,29,570,District-Chikmagalur,Urban,40-49,489,279,210,86,50,36,69,36,33,25,12,13,139,96,43,36,14,22,9,4,5,103,54,49,22,13,9
11248,C4920,29,570,District-Chikmagalur,Urban,50-59,423,245,178,85,35,50,64,37,27,28,20,8,110,71,39,27,15,12,6,3,3,74,43,31,29,21,8
11249,C4920,29,570,District-Chikmagalur,Urban,60-69,336,177,159,101,54,47,41,21,20,18,8,10,82,49,33,11,4,7,3,0,3,51,26,25,29,15,14
11250,C4920,29,570,District-Chikmagalur,Urban,70-79,203,98,105,75,34,41,34,20,14,1,0,1,47,25,22,5,3,2,3,3,0,19,4,15,19,9,10
11251,C4920,29,570,District-Chikmagalur,Urban,80-89,93,37,56,37,9,28,17,7,10,4,1,3,15,10,5,4,3,1,0,0,0,4,1,3,12,6,6
11252,C4920,29,570,District-Chikmagalur,Urban,90+,27,13,14,7,3,4,5,2,3,3,1,2,4,1,3,1,0,1,0,0,0,4,3,1,3,3,0
11253,C4920,29,570,District-Chikmagalur,Urban,Age Not Stated,1,0,1,0,0,0,0,0,0,1,0,1,0,0,0,0,0,0,0,0,0,0,0,0,0,0,0
11254,C4920,29,571,District-Tumkur,Total,Total,58957,32479,26478,10198,5068,5130,9264,4740,4524,4837,2624,2213,15260,9624,5636,3828,1967,1861,931,483,448,9335,5004,4331,5304,2969,2335
11255,C4920,29,571,District-Tumkur,Total,0-4,1705,891,814,223,112,111,310,146,164,63,34,29,329,192,137,83,39,44,5,4,1,477,245,232,215,119,96
11256,C4920,29,571,District-Tumkur,Total,5-9,3402,1922,1480,399,213,186,490,252,238,485,285,200,611,377,234,281,149,132,20,10,10,578,316,262,538,320,218
11257,C4920,29,571,District-Tumkur,Total,10-19,9312,5317,3995,1307,776,531,1362,750,612,1159,626,533,1676,1001,675,1001,558,443,112,69,43,1504,842,662,1191,695,496
11258,C4920,29,571,District-Tumkur,Total,20-29,9573,5271,4302,1099,589,510,1427,745,682,1016,551,465,2697,1613,1084,816,421,395,182,90,92,1451,745,706,885,517,368
11259,C4920,29,571,District-Tumkur,Total,30-39,8203,4463,3740,955,496,459,1176,547,629,720,384,336,2459,1546,913,689,351,338,204,97,107,1393,728,665,607,314,293
11260,C4920,29,571,District-Tumkur,Total,40-49,7431,4322,3109,1012,561,451,1190,611,579,601,308,293,2148,1477,671,497,238,259,172,94,78,1353,767,586,458,266,192
11261,C4920,29,571,District-Tumkur,Total,50-59,5878,3394,2484,1080,529,551,979,504,475,358,203,155,1841,1266,575,236,117,119,110,60,50,943,518,425,331,197,134
11262,C4920,29,571,District-Tumkur,Total,60-69,6541,3481,3060,1709,724,985,1112,559,553,299,163,136,1896,1215,681,142,53,89,83,39,44,893,495,398,407,233,174
11263,C4920,29,571,District-Tumkur,Total,70-79,4439,2331,2108,1537,687,850,779,422,357,102,59,43,1122,708,414,59,30,29,26,12,14,480,237,243,334,176,158
11264,C4920,29,571,District-Tumkur,Total,80-89,1904,855,1049,688,308,380,342,156,186,23,7,16,380,189,191,18,7,11,12,4,8,200,87,113,241,97,144
11265,C4920,29,571,District-Tumkur,Total,90+,505,200,305,176,67,109,86,40,46,7,2,5,90,36,54,3,2,1,4,3,1,51,19,32,88,31,57
11266,C4920,29,571,District-Tumkur,Total,Age Not Stated,64,32,32,13,6,7,11,8,3,4,2,2,11,4,7,3,2,1,1,1,0,12,5,7,9,4,5
11267,C4920,29,571,District-Tumkur,Rural,Total,48704,26766,21938,8742,4293,4449,7555,3840,3715,3959,2160,1799,12765,8048,4717,3116,1568,1548,772,400,372,7317,3945,3372,4478,2512,1966
11268,C4920,29,571,District-Tumkur,Rural,0-4,1355,709,646,179,91,88,245,106,139,51,29,22,280,162,118,67,28,39,5,4,1,346,184,162,182,105,77
11269,C4920,29,571,District-Tumkur,Rural,5-9,2685,1519,1166,301,163,138,390,199,191,395,226,169,478,300,178,228,124,104,10,4,6,441,238,203,442,265,177
11270,C4920,29,571,District-Tumkur,Rural,10-19,7513,4284,3229,1046,610,436,1059,592,467,961,529,432,1376,825,551,809,440,369,89,54,35,1174,643,531,999,591,408
11271,C4920,29,571,District-Tumkur,Rural,20-29,7622,4197,3425,874,466,408,1082,561,521,808,445,363,2213,1331,882,668,327,341,155,75,80,1077,562,515,745,430,315
11272,C4920,29,571,District-Tumkur,Rural,30-39,6574,3589,2985,757,396,361,933,430,503,590,314,276,2010,1267,743,579,296,283,173,82,91,1043,548,495,489,256,233
11273,C4920,29,571,District-Tumkur,Rural,40-49,6051,3524,2527,836,460,376,941,471,470,498,257,241,1794,1239,555,403,190,213,141,78,63,1051,605,446,387,224,163
11274,C4920,29,571,District-Tumkur,Rural,50-59,4878,2821,2057,930,462,468,802,413,389,293,164,129,1541,1046,495,184,93,91,94,52,42,770,431,339,264,160,104
11275,C4920,29,571,District-Tumkur,Rural,60-69,5718,3016,2702,1549,645,904,989,499,490,252,142,110,1643,1044,599,112,37,75,67,32,35,754,416,338,352,201,151
11276,C4920,29,571,District-Tumkur,Rural,70-79,4034,2105,1929,1444,639,805,713,386,327,81,45,36,997,628,369,47,24,23,23,11,12,428,211,217,301,161,140
11277,C4920,29,571,District-Tumkur,Rural,80-89,1743,785,958,650,292,358,310,137,173,20,6,14,336,168,168,14,6,8,10,4,6,177,85,92,226,87,139
11278,C4920,29,571,District-Tumkur,Rural,90+,472,185,287,166,63,103,80,38,42,6,1,5,86,34,52,2,1,1,4,3,1,45,17,28,83,28,55
11279,C4920,29,571,District-Tumkur,Rural,Age Not Stated,59,32,27,10,6,4,11,8,3,4,2,2,11,4,7,3,2,1,1,1,0,11,5,6,8,4,4
11280,C4920,29,571,District-Tumkur,Urban,Total,10253,5713,4540,1456,775,681,1709,900,809,878,464,414,2495,1576,919,712,399,313,159,83,76,2018,1059,959,826,457,369
11281,C4920,29,571,District-Tumkur,Urban,0-4,350,182,168,44,21,23,65,40,25,12,5,7,49,30,19,16,11,5,0,0,0,131,61,70,33,14,19
11282,C4920,29,571,District-Tumkur,Urban,5-9,717,403,314,98,50,48,100,53,47,90,59,31,133,77,56,53,25,28,10,6,4,137,78,59,96,55,41
11283,C4920,29,571,District-Tumkur,Urban,10-19,1799,1033,766,261,166,95,303,158,145,198,97,101,300,176,124,192,118,74,23,15,8,330,199,131,192,104,88
11284,C4920,29,571,District-Tumkur,Urban,20-29,1951,1074,877,225,123,102,345,184,161,208,106,102,484,282,202,148,94,54,27,15,12,374,183,191,140,87,53
11285,C4920,29,571,District-Tumkur,Urban,30-39,1629,874,755,198,100,98,243,117,126,130,70,60,449,279,170,110,55,55,31,15,16,350,180,170,118,58,60
11286,C4920,29,571,District-Tumkur,Urban,40-49,1380,798,582,176,101,75,249,140,109,103,51,52,354,238,116,94,48,46,31,16,15,302,162,140,71,42,29
11287,C4920,29,571,District-Tumkur,Urban,50-59,1000,573,427,150,67,83,177,91,86,65,39,26,300,220,80,52,24,28,16,8,8,173,87,86,67,37,30
11288,C4920,29,571,District-Tumkur,Urban,60-69,823,465,358,160,79,81,123,60,63,47,21,26,253,171,82,30,16,14,16,7,9,139,79,60,55,32,23
11289,C4920,29,571,District-Tumkur,Urban,70-79,405,226,179,93,48,45,66,36,30,21,14,7,125,80,45,12,6,6,3,1,2,52,26,26,33,15,18
11290,C4920,29,571,District-Tumkur,Urban,80-89,161,70,91,38,16,22,32,19,13,3,1,2,44,21,23,4,1,3,2,0,2,23,2,21,15,10,5
11291,C4920,29,571,District-Tumkur,Urban,90+,33,15,18,10,4,6,6,2,4,1,1,0,4,2,2,1,1,0,0,0,0,6,2,4,5,3,2
11292,C4920,29,571,District-Tumkur,Urban,Age Not Stated,5,0,5,3,0,3,0,0,0,0,0,0,0,0,0,0,0,0,0,0,0,1,0,1,1,0,1
11293,C4920,29,572,District-Bangalore,Total,Total,274230,147155,127075,83910,43831,40079,67051,35500,31551,11452,6140,5312,19732,12296,7436,15176,8040,7136,2707,1465,1242,63520,33900,29620,10682,5983,4699
11294,C4920,29,572,District-Bangalore,Total,0-4,16997,8641,8356,6200,3184,3016,4368,2175,2193,166,89,77,392,228,164,848,437,411,83,39,44,4391,2192,2199,549,297,252
11295,C4920,29,572,District-Bangalore,Total,5-9,19005,10052,8953,5908,3077,2831,4509,2307,2202,1051,575,476,717,437,280,1200,678,522,148,83,65,4468,2290,2178,1004,605,399
11296,C4920,29,572,District-Bangalore,Total,10-19,41622,21964,19658,12506,6496,6010,9686,5004,4682,2197,1171,1026,2013,1193,820,3022,1643,1379,475,261,214,9485,4910,4575,2238,1286,952
11297,C4920,29,572,District-Bangalore,Total,20-29,61576,32300,29276,19042,9906,9136,15615,8163,7452,2774,1443,1331,4059,2372,1687,3543,1820,1723,551,319,232,14006,7174,6832,1986,1103,883
11298,C4920,29,572,District-Bangalore,Total,30-39,50239,27788,22451,14947,7997,6950,12410,6855,5555,2096,1102,994,3877,2447,1430,2847,1514,1333,529,286,243,12006,6744,5262,1527,843,684
11299,C4920,29,572,District-Bangalore,Total,40-49,33287,18725,14562,9798,5327,4471,8170,4492,3678,1326,765,561,2758,1828,930,1720,949,771,377,201,176,8036,4547,3489,1102,616,486
11300,C4920,29,572,District-Bangalore,Total,50-59,22450,12360,10090,6784,3518,3266,5284,2849,2435,810,457,353,2386,1622,764,1001,508,493,252,134,118,5134,2824,2310,799,448,351
11301,C4920,29,572,District-Bangalore,Total,60-69,16568,8954,7614,5065,2572,2493,3867,2007,1860,583,315,268,2080,1368,712,581,294,287,165,85,80,3543,1922,1621,684,391,293
11302,C4920,29,572,District-Bangalore,Total,70-79,7844,4149,3695,2319,1167,1152,1908,1030,878,293,148,145,945,567,378,250,115,135,88,46,42,1583,838,745,458,238,220
11303,C4920,29,572,District-Bangalore,Total,80-89,3145,1469,1676,933,385,548,796,387,409,106,48,58,371,175,196,119,62,57,31,8,23,556,294,262,233,110,123
11304,C4920,29,572,District-Bangalore,Total,90+,1029,489,540,308,142,166,257,137,120,31,18,13,117,46,71,30,11,19,7,2,5,188,96,92,91,37,54
11305,C4920,29,572,District-Bangalore,Total,Age Not Stated,468,264,204,100,60,40,181,94,87,19,9,10,17,13,4,15,9,6,1,1,0,124,69,55,11,9,2
11306,C4920,29,572,District-Bangalore,Rural,Total,18470,10390,8080,3610,1946,1664,4362,2408,1954,1091,603,488,2458,1596,862,1148,610,538,256,126,130,4368,2451,1917,1177,650,527
11307,C4920,29,572,District-Bangalore,Rural,0-4,1052,524,528,236,111,125,300,150,150,13,7,6,51,35,16,40,19,21,5,2,3,359,174,185,48,26,22
11308,C4920,29,572,District-Bangalore,Rural,5-9,1307,700,607,254,137,117,304,147,157,100,56,44,98,55,43,100,57,43,9,4,5,310,173,137,132,71,61
11309,C4920,29,572,District-Bangalore,Rural,10-19,3078,1689,1389,544,289,255,679,366,313,281,158,123,278,172,106,285,166,119,27,14,13,707,369,338,277,155,122
11310,C4920,29,572,District-Bangalore,Rural,20-29,4311,2490,1821,781,430,351,1270,753,517,259,152,107,514,306,208,297,151,146,40,20,20,938,552,386,212,126,86
11311,C4920,29,572,District-Bangalore,Rural,30-39,3076,1786,1290,579,342,237,695,407,288,171,81,90,481,310,171,183,94,89,47,23,24,777,450,327,143,79,64
11312,C4920,29,572,District-Bangalore,Rural,40-49,2096,1267,829,401,245,156,434,237,197,113,60,53,351,247,104,110,65,45,45,25,20,539,333,206,103,55,48
11313,C4920,29,572,District-Bangalore,Rural,50-59,1309,734,575,250,131,119,259,139,120,60,34,26,256,184,72,62,25,37,42,19,23,296,160,136,84,42,42
11314,C4920,29,572,District-Bangalore,Rural,60-69,1130,633,497,247,121,126,212,114,98,50,29,21,239,174,65,42,22,20,28,12,16,233,115,118,79,46,33
11315,C4920,29,572,District-Bangalore,Rural,70-79,656,356,300,185,91,94,111,48,63,31,18,13,123,83,40,16,7,9,9,6,3,131,75,56,50,28,22
11316,C4920,29,572,District-Bangalore,Rural,80-89,303,147,156,93,39,54,64,32,32,10,6,4,51,25,26,9,3,6,1,0,1,47,28,19,28,14,14
11317,C4920,29,572,District-Bangalore,Rural,90+,120,47,73,27,6,21,26,10,16,3,2,1,13,3,10,3,1,2,2,0,2,25,17,8,21,8,13
11318,C4920,29,572,District-Bangalore,Rural,Age Not Stated,32,17,15,13,4,9,8,5,3,0,0,0,3,2,1,1,0,1,1,1,0,6,5,1,0,0,0
11319,C4920,29,572,District-Bangalore,Urban,Total,255760,136765,118995,80300,41885,38415,62689,33092,29597,10361,5537,4824,17274,10700,6574,14028,7430,6598,2451,1339,1112,59152,31449,27703,9505,5333,4172
11320,C4920,29,572,District-Bangalore,Urban,0-4,15945,8117,7828,5964,3073,2891,4068,2025,2043,153,82,71,341,193,148,808,418,390,78,37,41,4032,2018,2014,501,271,230
11321,C4920,29,572,District-Bangalore,Urban,5-9,17698,9352,8346,5654,2940,2714,4205,2160,2045,951,519,432,619,382,237,1100,621,479,139,79,60,4158,2117,2041,872,534,338
11322,C4920,29,572,District-Bangalore,Urban,10-19,38544,20275,18269,11962,6207,5755,9007,4638,4369,1916,1013,903,1735,1021,714,2737,1477,1260,448,247,201,8778,4541,4237,1961,1131,830
11323,C4920,29,572,District-Bangalore,Urban,20-29,57265,29810,27455,18261,9476,8785,14345,7410,6935,2515,1291,1224,3545,2066,1479,3246,1669,1577,511,299,212,13068,6622,6446,1774,977,797
11324,C4920,29,572,District-Bangalore,Urban,30-39,47163,26002,21161,14368,7655,6713,11715,6448,5267,1925,1021,904,3396,2137,1259,2664,1420,1244,482,263,219,11229,6294,4935,1384,764,620
11325,C4920,29,572,District-Bangalore,Urban,40-49,31191,17458,13733,9397,5082,4315,7736,4255,3481,1213,705,508,2407,1581,826,1610,884,726,332,176,156,7497,4214,3283,999,561,438
11326,C4920,29,572,District-Bangalore,Urban,50-59,21141,11626,9515,6534,3387,3147,5025,2710,2315,750,423,327,2130,1438,692,939,483,456,210,115,95,4838,2664,2174,715,406,309
11327,C4920,29,572,District-Bangalore,Urban,60-69,15438,8321,7117,4818,2451,2367,3655,1893,1762,533,286,247,1841,1194,647,539,272,267,137,73,64,3310,1807,1503,605,345,260
11328,C4920,29,572,District-Bangalore,Urban,70-79,7188,3793,3395,2134,1076,1058,1797,982,815,262,130,132,822,484,338,234,108,126,79,40,39,1452,763,689,408,210,198
11329,C4920,29,572,District-Bangalore,Urban,80-89,2842,1322,1520,840,346,494,732,355,377,96,42,54,320,150,170,110,59,51,30,8,22,509,266,243,205,96,109
11330,C4920,29,572,District-Bangalore,Urban,90+,909,442,467,281,136,145,231,127,104,28,16,12,104,43,61,27,10,17,5,2,3,163,79,84,70,29,41
11331,C4920,29,572,District-Bangalore,Urban,Age Not Stated,436,247,189,87,56,31,173,89,84,19,9,10,14,11,3,14,9,5,0,0,0,118,64,54,11,9,2
11332,C4920,29,573,District-Mandya,Total,Total,36228,20027,16201,7234,3517,3717,4877,2457,2420,3363,1885,1478,8848,5675,3173,2625,1393,1232,481,253,228,5602,3026,2576,3198,1821,1377
11333,C4920,29,573,District-Mandya,Total,0-4,1027,566,461,209,114,95,164,83,81,29,17,12,163,91,72,62,31,31,7,7,0,277,159,118,116,64,52
11334,C4920,29,573,District-Mandya,Total,5-9,2062,1198,864,312,172,140,261,136,125,292,167,125,272,170,102,234,146,88,17,10,7,316,166,150,358,231,127
11335,C4920,29,573,District-Mandya,Total,10-19,5593,3179,2414,902,544,358,704,359,345,712,402,310,908,558,350,713,401,312,72,36,36,865,450,415,717,429,288
11336,C4920,29,573,District-Mandya,Total,20-29,5686,3119,2567,771,399,372,660,345,315,693,381,312,1495,894,601,564,303,261,79,33,46,886,463,423,538,301,237
11337,C4920,29,573,District-Mandya,Total,30-39,5156,2794,2362,697,358,339,649,325,324,550,283,267,1485,923,562,433,203,230,112,61,51,865,447,418,365,194,171
11338,C4920,29,573,District-Mandya,Total,40-49,4769,2857,1912,736,389,347,623,336,287,473,279,194,1417,985,432,309,154,155,91,48,43,819,480,339,301,186,115
11339,C4920,29,573,District-Mandya,Total,50-59,3695,2180,1515,719,333,386,522,272,250,306,176,130,1184,811,373,153,89,64,47,28,19,570,348,222,194,123,71
11340,C4920,29,573,District-Mandya,Total,60-69,3839,2085,1754,1088,479,609,594,271,323,196,130,66,1072,721,351,111,49,62,36,22,14,537,287,250,205,126,79
11341,C4920,29,573,District-Mandya,Total,70-79,2824,1407,1417,1123,468,655,455,224,231,82,41,41,588,389,199,38,16,22,12,5,7,326,168,158,200,96,104
11342,C4920,29,573,District-Mandya,Total,80-89,1188,493,695,535,210,325,178,80,98,24,8,16,200,99,101,7,1,6,6,1,5,108,46,62,130,48,82
11343,C4920,29,573,District-Mandya,Total,90+,365,138,227,139,49,90,62,24,38,4,1,3,56,29,27,1,0,1,2,2,0,28,11,17,73,22,51
11344,C4920,29,573,District-Mandya,Total,Age Not Stated,24,11,13,3,2,1,5,2,3,2,0,2,8,5,3,0,0,0,0,0,0,5,1,4,1,1,0
11345,C4920,29,573,District-Mandya,Rural,Total,31136,17185,13951,6444,3120,3324,4066,2047,2019,2916,1635,1281,7535,4851,2684,2262,1188,1074,402,206,196,4709,2541,2168,2802,1597,1205
11346,C4920,29,573,District-Mandya,Rural,0-4,858,473,385,181,99,82,144,73,71,22,13,9,131,74,57,49,20,29,4,4,0,234,137,97,93,53,40
11347,C4920,29,573,District-Mandya,Rural,5-9,1747,1016,731,261,141,120,207,107,100,246,139,107,229,146,83,201,129,72,16,9,7,267,137,130,320,208,112
11348,C4920,29,573,District-Mandya,Rural,10-19,4793,2737,2056,794,493,301,582,304,278,620,348,272,775,473,302,611,341,270,64,32,32,712,371,341,635,375,260
11349,C4920,29,573,District-Mandya,Rural,20-29,4841,2680,2161,659,338,321,541,287,254,603,332,271,1274,774,500,494,266,228,62,25,37,745,397,348,463,261,202
11350,C4920,29,573,District-Mandya,Rural,30-39,4330,2362,1968,615,319,296,516,258,258,470,242,228,1253,793,460,369,167,202,93,51,42,704,369,335,310,163,147
11351,C4920,29,573,District-Mandya,Rural,40-49,4062,2422,1640,644,338,306,517,275,242,416,253,163,1187,820,367,272,132,140,74,36,38,692,406,286,260,162,98
11352,C4920,29,573,District-Mandya,Rural,50-59,3162,1841,1321,628,283,345,442,227,215,268,154,114,1002,687,315,126,72,54,39,22,17,481,283,198,176,113,63
11353,C4920,29,573,District-Mandya,Rural,60-69,3357,1798,1559,987,430,557,509,227,282,170,109,61,925,614,311,97,45,52,33,20,13,458,242,216,178,111,67
11354,C4920,29,573,District-Mandya,Rural,70-79,2539,1272,1267,1040,435,605,393,198,195,75,37,38,520,349,171,35,15,20,10,4,6,288,149,139,178,85,93
11355,C4920,29,573,District-Mandya,Rural,80-89,1086,448,638,498,196,302,154,68,86,20,7,13,182,90,92,7,1,6,5,1,4,99,39,60,121,46,75
11356,C4920,29,573,District-Mandya,Rural,90+,340,127,213,134,46,88,57,22,35,4,1,3,50,27,23,1,0,1,2,2,0,25,10,15,67,19,48
11357,C4920,29,573,District-Mandya,Rural,Age Not Stated,21,9,12,3,2,1,4,1,3,2,0,2,7,4,3,0,0,0,0,0,0,4,1,3,1,1,0
11358,C4920,29,573,District-Mandya,Urban,Total,5092,2842,2250,790,397,393,811,410,401,447,250,197,1313,824,489,363,205,158,79,47,32,893,485,408,396,224,172
11359,C4920,29,573,District-Mandya,Urban,0-4,169,93,76,28,15,13,20,10,10,7,4,3,32,17,15,13,11,2,3,3,0,43,22,21,23,11,12
11360,C4920,29,573,District-Mandya,Urban,5-9,315,182,133,51,31,20,54,29,25,46,28,18,43,24,19,33,17,16,1,1,0,49,29,20,38,23,15
11361,C4920,29,573,District-Mandya,Urban,10-19,800,442,358,108,51,57,122,55,67,92,54,38,133,85,48,102,60,42,8,4,4,153,79,74,82,54,28
11362,C4920,29,573,District-Mandya,Urban,20-29,845,439,406,112,61,51,119,58,61,90,49,41,221,120,101,70,37,33,17,8,9,141,66,75,75,40,35
11363,C4920,29,573,District-Mandya,Urban,30-39,826,432,394,82,39,43,133,67,66,80,41,39,232,130,102,64,36,28,19,10,9,161,78,83,55,31,24
11364,C4920,29,573,District-Mandya,Urban,40-49,707,435,272,92,51,41,106,61,45,57,26,31,230,165,65,37,22,15,17,12,5,127,74,53,41,24,17
11365,C4920,29,573,District-Mandya,Urban,50-59,533,339,194,91,50,41,80,45,35,38,22,16,182,124,58,27,17,10,8,6,2,89,65,24,18,10,8
11366,C4920,29,573,District-Mandya,Urban,60-69,482,287,195,101,49,52,85,44,41,26,21,5,147,107,40,14,4,10,3,2,1,79,45,34,27,15,12
11367,C4920,29,573,District-Mandya,Urban,70-79,285,135,150,83,33,50,62,26,36,7,4,3,68,40,28,3,1,2,2,1,1,38,19,19,22,11,11
11368,C4920,29,573,District-Mandya,Urban,80-89,102,45,57,37,14,23,24,12,12,4,1,3,18,9,9,0,0,0,1,0,1,9,7,2,9,2,7
11369,C4920,29,573,District-Mandya,Urban,90+,25,11,14,5,3,2,5,2,3,0,0,0,6,2,4,0,0,0,0,0,0,3,1,2,6,3,3
11370,C4920,29,573,District-Mandya,Urban,Age Not Stated,3,2,1,0,0,0,1,1,0,0,0,0,1,1,0,0,0,0,0,0,0,1,0,1,0,0,0
11371,C4920,29,574,District-Hassan,Total,Total,32232,17436,14796,5289,2560,2729,4853,2376,2477,2522,1432,1090,6907,4453,2454,2360,1136,1224,362,172,190,7240,3766,3474,2699,1541,1158
11372,C4920,29,574,District-Hassan,Total,0-4,1035,516,519,155,69,86,192,102,90,22,11,11,108,59,49,66,38,28,5,3,2,405,191,214,82,43,39
11373,C4920,29,574,District-Hassan,Total,5-9,1892,1075,817,224,123,101,336,179,157,216,133,83,230,141,89,169,95,74,10,3,7,413,217,196,294,184,110
11374,C4920,29,574,District-Hassan,Total,10-19,5042,2751,2291,693,367,326,652,317,335,598,353,245,714,426,288,586,312,274,31,14,17,1102,568,534,666,394,272
11375,C4920,29,574,District-Hassan,Total,20-29,5156,2763,2393,583,312,271,705,328,377,504,282,222,1102,669,433,553,264,289,57,27,30,1219,633,586,433,248,185
11376,C4920,29,574,District-Hassan,Total,30-39,4747,2605,2142,542,285,257,626,302,324,383,206,177,1240,811,429,385,180,205,94,39,55,1146,587,559,331,195,136
11377,C4920,29,574,District-Hassan,Total,40-49,4358,2517,1841,567,311,256,674,359,315,356,198,158,1121,767,354,286,119,167,79,49,30,1013,568,445,262,146,116
11378,C4920,29,574,District-Hassan,Total,50-59,3294,1864,1430,561,272,289,492,250,242,208,120,88,953,645,308,162,65,97,47,20,27,727,404,323,144,88,56
11379,C4920,29,574,District-Hassan,Total,60-69,3236,1724,1512,787,344,443,513,235,278,164,91,73,845,567,278,100,41,59,24,10,14,639,338,301,164,98,66
11380,C4920,29,574,District-Hassan,Total,70-79,2157,1066,1091,691,282,409,414,205,209,46,27,19,420,272,148,40,18,22,14,6,8,387,180,207,145,76,69
11381,C4920,29,574,District-Hassan,Total,80-89,1014,440,574,387,153,234,196,77,119,20,11,9,133,77,56,7,1,6,1,1,0,144,65,79,126,55,71
11382,C4920,29,574,District-Hassan,Total,90+,268,96,172,92,36,56,48,20,28,4,0,4,35,15,20,4,2,2,0,0,0,35,10,25,50,13,37
11383,C4920,29,574,District-Hassan,Total,Age Not Stated,33,19,14,7,6,1,5,2,3,1,0,1,6,4,2,2,1,1,0,0,0,10,5,5,2,1,1
11384,C4920,29,574,District-Hassan,Rural,Total,26386,14199,12187,4456,2131,2325,4004,1925,2079,2102,1183,919,5554,3590,1964,1970,923,1047,293,135,158,5753,3029,2724,2254,1283,971
11385,C4920,29,574,District-Hassan,Rural,0-4,834,409,425,132,57,75,164,85,79,17,6,11,77,43,34,51,29,22,3,1,2,324,156,168,66,32,34
11386,C4920,29,574,District-Hassan,Rural,5-9,1525,863,662,179,99,80,269,143,126,177,110,67,189,113,76,137,73,64,7,2,5,321,168,153,246,155,91
11387,C4920,29,574,District-Hassan,Rural,10-19,4064,2206,1858,530,280,250,522,247,275,494,288,206,563,332,231,503,267,236,22,11,11,861,444,417,569,337,232
11388,C4920,29,574,District-Hassan,Rural,20-29,4081,2187,1894,451,241,210,583,274,309,419,232,187,879,538,341,448,210,238,42,17,25,911,480,431,348,195,153
11389,C4920,29,574,District-Hassan,Rural,30-39,3792,2095,1697,421,225,196,507,243,264,308,169,139,971,653,318,318,142,176,77,29,48,924,481,443,266,153,113
11390,C4920,29,574,District-Hassan,Rural,40-49,3530,2013,1517,482,261,221,553,286,267,294,161,133,881,598,283,247,99,148,65,41,24,783,442,341,225,125,100
11391,C4920,29,574,District-Hassan,Rural,50-59,2701,1516,1185,477,234,243,400,197,203,186,104,82,754,509,245,135,52,83,41,18,23,589,325,264,119,77,42
11392,C4920,29,574,District-Hassan,Rural,60-69,2778,1488,1290,706,310,396,430,192,238,144,80,64,712,479,233,83,31,52,23,10,13,544,301,243,136,85,51
11393,C4920,29,574,District-Hassan,Rural,70-79,1900,929,971,622,244,378,354,170,184,44,26,18,374,244,130,37,16,21,13,6,7,334,160,174,122,63,59
11394,C4920,29,574,District-Hassan,Rural,80-89,902,385,517,362,141,221,172,67,105,15,7,8,114,62,52,5,1,4,0,0,0,126,59,67,108,48,60
11395,C4920,29,574,District-Hassan,Rural,90+,249,91,158,87,33,54,46,20,26,3,0,3,34,15,19,4,2,2,0,0,0,28,9,19,47,12,35
11396,C4920,29,574,District-Hassan,Rural,Age Not Stated,30,17,13,7,6,1,4,1,3,1,0,1,6,4,2,2,1,1,0,0,0,8,4,4,2,1,1
11397,C4920,29,574,District-Hassan,Urban,Total,5846,3237,2609,833,429,404,849,451,398,420,249,171,1353,863,490,390,213,177,69,37,32,1487,737,750,445,258,187
11398,C4920,29,574,District-Hassan,Urban,0-4,201,107,94,23,12,11,28,17,11,5,5,0,31,16,15,15,9,6,2,2,0,81,35,46,16,11,5
11399,C4920,29,574,District-Hassan,Urban,5-9,367,212,155,45,24,21,67,36,31,39,23,16,41,28,13,32,22,10,3,1,2,92,49,43,48,29,19
11400,C4920,29,574,District-Hassan,Urban,10-19,978,545,433,163,87,76,130,70,60,104,65,39,151,94,57,83,45,38,9,3,6,241,124,117,97,57,40
11401,C4920,29,574,District-Hassan,Urban,20-29,1075,576,499,132,71,61,122,54,68,85,50,35,223,131,92,105,54,51,15,10,5,308,153,155,85,53,32
11402,C4920,29,574,District-Hassan,Urban,30-39,955,510,445,121,60,61,119,59,60,75,37,38,269,158,111,67,38,29,17,10,7,222,106,116,65,42,23
11403,C4920,29,574,District-Hassan,Urban,40-49,828,504,324,85,50,35,121,73,48,62,37,25,240,169,71,39,20,19,14,8,6,230,126,104,37,21,16
11404,C4920,29,574,District-Hassan,Urban,50-59,593,348,245,84,38,46,92,53,39,22,16,6,199,136,63,27,13,14,6,2,4,138,79,59,25,11,14
11405,C4920,29,574,District-Hassan,Urban,60-69,458,236,222,81,34,47,83,43,40,20,11,9,133,88,45,17,10,7,1,0,1,95,37,58,28,13,15
11406,C4920,29,574,District-Hassan,Urban,70-79,257,137,120,69,38,31,60,35,25,2,1,1,46,28,18,3,2,1,1,0,1,53,20,33,23,13,10
11407,C4920,29,574,District-Hassan,Urban,80-89,112,55,57,25,12,13,24,10,14,5,4,1,19,15,4,2,0,2,1,1,0,18,6,12,18,7,11
11408,C4920,29,574,District-Hassan,Urban,90+,19,5,14,5,3,2,2,0,2,1,0,1,1,0,1,0,0,0,0,0,0,7,1,6,3,1,2
11409,C4920,29,574,District-Hassan,Urban,Age Not Stated,3,2,1,0,0,0,1,1,0,0,0,0,0,0,0,0,0,0,0,0,0,2,1,1,0,0,0
11410,C4920,29,575,District-Dakshina Kannada,Total,Total,28095,15215,12880,4094,2035,2059,3533,1793,1740,2184,1211,973,5881,3603,2278,3078,1640,1438,1927,906,1021,3702,2005,1697,3696,2022,1674
11411,C4920,29,575,District-Dakshina Kannada,Total,0-4,622,337,285,63,34,29,120,55,65,25,18,7,98,64,34,46,30,16,3,2,1,174,80,94,93,54,39
11412,C4920,29,575,District-Dakshina Kannada,Total,5-9,1444,821,623,113,66,47,163,81,82,188,121,67,180,99,81,201,112,89,12,8,4,231,128,103,356,206,150
11413,C4920,29,575,District-Dakshina Kannada,Total,10-19,3948,2280,1668,381,226,155,423,245,178,428,259,169,545,324,221,782,435,347,90,51,39,530,304,226,769,436,333
11414,C4920,29,575,District-Dakshina Kannada,Total,20-29,4449,2486,1963,337,194,143,473,251,222,435,220,215,807,467,340,793,456,337,271,133,138,629,358,271,704,407,297
11415,C4920,29,575,District-Dakshina Kannada,Total,30-39,4090,2215,1875,340,180,160,480,265,215,376,177,199,891,532,359,570,271,299,391,207,184,537,302,235,505,281,224
11416,C4920,29,575,District-Dakshina Kannada,Total,40-49,4150,2316,1834,557,284,273,468,241,227,319,188,131,988,652,336,417,213,204,494,225,269,547,304,243,360,209,151
11417,C4920,29,575,District-Dakshina Kannada,Total,50-59,3437,1909,1528,679,354,325,428,218,210,209,122,87,887,596,291,158,78,80,348,167,181,473,242,231,255,132,123
11418,C4920,29,575,District-Dakshina Kannada,Total,60-69,2886,1556,1330,728,354,374,430,207,223,125,74,51,768,509,259,69,30,39,220,86,134,329,174,155,217,122,95
11419,C4920,29,575,District-Dakshina Kannada,Total,70-79,1976,892,1084,604,240,364,324,146,178,60,29,31,470,258,212,34,10,24,68,17,51,178,85,93,238,107,131
11420,C4920,29,575,District-Dakshina Kannada,Total,80-89,868,313,555,237,79,158,175,67,108,15,1,14,204,87,117,4,3,1,27,7,20,62,21,41,144,48,96
11421,C4920,29,575,District-Dakshina Kannada,Total,90+,199,75,124,50,21,29,45,15,30,1,0,1,41,13,28,1,1,0,2,2,0,5,3,2,54,20,34
11422,C4920,29,575,District-Dakshina Kannada,Total,Age Not Stated,26,15,11,5,3,2,4,2,2,3,2,1,2,2,0,3,1,2,1,1,0,7,4,3,1,0,1
11423,C4920,29,575,District-Dakshina Kannada,Rural,Total,15645,8560,7085,2504,1250,1254,1702,863,839,1239,712,527,3337,2097,1240,1699,894,805,1055,507,548,1912,1032,880,2197,1205,992
11424,C4920,29,575,District-Dakshina Kannada,Rural,0-4,327,177,150,28,16,12,52,23,29,15,9,6,61,39,22,23,14,9,1,0,1,88,42,46,59,34,25
11425,C4920,29,575,District-Dakshina Kannada,Rural,5-9,822,474,348,68,40,28,79,43,36,105,71,34,117,64,53,110,61,49,5,3,2,120,66,54,218,126,92
11426,C4920,29,575,District-Dakshina Kannada,Rural,10-19,2214,1301,913,196,116,80,192,117,75,251,160,91,353,218,135,425,240,185,44,26,18,253,135,118,500,289,211
11427,C4920,29,575,District-Dakshina Kannada,Rural,20-29,2371,1300,1071,162,92,70,193,101,92,229,124,105,469,264,205,448,259,189,160,77,83,296,153,143,414,230,184
11428,C4920,29,575,District-Dakshina Kannada,Rural,30-39,2213,1181,1032,190,102,88,222,118,104,218,103,115,477,291,186,318,138,180,243,127,116,275,157,118,270,145,125
11429,C4920,29,575,District-Dakshina Kannada,Rural,40-49,2283,1303,980,317,168,149,214,105,109,195,116,79,561,381,180,239,121,118,270,123,147,282,162,120,205,127,78
11430,C4920,29,575,District-Dakshina Kannada,Rural,50-59,1925,1089,836,437,224,213,209,99,110,107,70,37,500,345,155,82,40,42,196,96,100,256,142,114,138,73,65
11431,C4920,29,575,District-Dakshina Kannada,Rural,60-69,1638,906,732,481,240,241,235,114,121,75,45,30,415,281,134,36,16,20,91,42,49,182,97,85,123,71,52
11432,C4920,29,575,District-Dakshina Kannada,Rural,70-79,1174,552,622,419,169,250,184,88,96,29,11,18,237,148,89,14,3,11,31,6,25,118,60,58,142,67,75
11433,C4920,29,575,District-Dakshina Kannada,Rural,80-89,541,213,328,167,65,102,95,43,52,13,1,12,120,53,67,3,2,1,12,5,7,36,15,21,95,29,66
11434,C4920,29,575,District-Dakshina Kannada,Rural,90+,121,55,66,35,16,19,24,11,13,0,0,0,25,11,14,0,0,0,2,2,0,3,1,2,32,14,18
11435,C4920,29,575,District-Dakshina Kannada,Rural,Age Not Stated,16,9,7,4,2,2,3,1,2,2,2,0,2,2,0,1,0,1,0,0,0,3,2,1,1,0,1
11436,C4920,29,575,District-Dakshina Kannada,Urban,Total,12450,6655,5795,1590,785,805,1831,930,901,945,499,446,2544,1506,1038,1379,746,633,872,399,473,1790,973,817,1499,817,682
11437,C4920,29,575,District-Dakshina Kannada,Urban,0-4,295,160,135,35,18,17,68,32,36,10,9,1,37,25,12,23,16,7,2,2,0,86,38,48,34,20,14
11438,C4920,29,575,District-Dakshina Kannada,Urban,5-9,622,347,275,45,26,19,84,38,46,83,50,33,63,35,28,91,51,40,7,5,2,111,62,49,138,80,58
11439,C4920,29,575,District-Dakshina Kannada,Urban,10-19,1734,979,755,185,110,75,231,128,103,177,99,78,192,106,86,357,195,162,46,25,21,277,169,108,269,147,122
11440,C4920,29,575,District-Dakshina Kannada,Urban,20-29,2078,1186,892,175,102,73,280,150,130,206,96,110,338,203,135,345,197,148,111,56,55,333,205,128,290,177,113
11441,C4920,29,575,District-Dakshina Kannada,Urban,30-39,1877,1034,843,150,78,72,258,147,111,158,74,84,414,241,173,252,133,119,148,80,68,262,145,117,235,136,99
11442,C4920,29,575,District-Dakshina Kannada,Urban,40-49,1867,1013,854,240,116,124,254,136,118,124,72,52,427,271,156,178,92,86,224,102,122,265,142,123,155,82,73
11443,C4920,29,575,District-Dakshina Kannada,Urban,50-59,1512,820,692,242,130,112,219,119,100,102,52,50,387,251,136,76,38,38,152,71,81,217,100,117,117,59,58
11444,C4920,29,575,District-Dakshina Kannada,Urban,60-69,1248,650,598,247,114,133,195,93,102,50,29,21,353,228,125,33,14,19,129,44,85,147,77,70,94,51,43
11445,C4920,29,575,District-Dakshina Kannada,Urban,70-79,802,340,462,185,71,114,140,58,82,31,18,13,233,110,123,20,7,13,37,11,26,60,25,35,96,40,56
11446,C4920,29,575,District-Dakshina Kannada,Urban,80-89,327,100,227,70,14,56,80,24,56,2,0,2,84,34,50,1,1,0,15,2,13,26,6,20,49,19,30
11447,C4920,29,575,District-Dakshina Kannada,Urban,90+,78,20,58,15,5,10,21,4,17,1,0,1,16,2,14,1,1,0,0,0,0,2,2,0,22,6,16
11448,C4920,29,575,District-Dakshina Kannada,Urban,Age Not Stated,10,6,4,1,1,0,1,1,0,1,0,1,0,0,0,2,1,1,1,1,0,4,2,2,0,0,0
11449,C4920,29,576,District-Kodagu,Total,Total,7369,4029,3340,757,373,384,1118,551,567,616,321,295,1669,1073,596,720,370,350,218,98,120,1478,773,705,793,470,323
11450,C4920,29,576,District-Kodagu,Total,0-4,219,117,102,17,7,10,38,22,16,6,3,3,25,18,7,12,9,3,0,0,0,91,42,49,30,16,14
11451,C4920,29,576,District-Kodagu,Total,5-9,444,246,198,32,18,14,70,36,34,43,23,20,55,36,19,62,32,30,1,0,1,96,51,45,85,50,35
11452,C4920,29,576,District-Kodagu,Total,10-19,1308,727,581,90,53,37,190,89,101,114,63,51,187,101,86,235,131,104,15,10,5,294,167,127,183,113,70
11453,C4920,29,576,District-Kodagu,Total,20-29,1140,603,537,80,40,40,152,74,78,118,54,64,209,123,86,169,85,84,21,10,11,256,140,116,135,77,58
11454,C4920,29,576,District-Kodagu,Total,30-39,1015,535,480,89,43,46,137,66,71,107,51,56,259,150,109,82,47,35,37,18,19,221,117,104,83,43,40
11455,C4920,29,576,District-Kodagu,Total,40-49,1024,596,428,85,46,39,152,80,72,81,42,39,277,205,72,74,34,40,60,29,31,212,104,108,83,56,27
11456,C4920,29,576,District-Kodagu,Total,50-59,847,505,342,88,52,36,123,71,52,64,38,26,266,178,88,54,21,33,45,20,25,137,75,62,70,50,20
11457,C4920,29,576,District-Kodagu,Total,60-69,670,373,297,105,46,59,109,51,58,46,26,20,224,157,67,23,10,13,26,10,16,97,51,46,40,22,18
11458,C4920,29,576,District-Kodagu,Total,70-79,425,225,200,94,38,56,84,39,45,30,18,12,113,80,33,5,0,5,6,0,6,47,21,26,46,29,17
11459,C4920,29,576,District-Kodagu,Total,80-89,205,74,131,58,18,40,50,20,30,7,3,4,39,17,22,3,1,2,5,1,4,22,5,17,21,9,12
11460,C4920,29,576,District-Kodagu,Total,90+,63,24,39,18,11,7,13,3,10,0,0,0,13,6,7,0,0,0,1,0,1,3,0,3,15,4,11
11461,C4920,29,576,District-Kodagu,Total,Age Not Stated,9,4,5,1,1,0,0,0,0,0,0,0,2,2,0,1,0,1,1,0,1,2,0,2,2,1,1
11462,C4920,29,576,District-Kodagu,Rural,Total,6149,3362,2787,668,326,342,955,473,482,559,297,262,1435,927,508,640,328,312,203,92,111,980,497,483,709,422,287
11463,C4920,29,576,District-Kodagu,Rural,0-4,164,94,70,11,4,7,30,20,10,5,3,2,23,17,6,10,8,2,0,0,0,58,28,30,27,14,13
11464,C4920,29,576,District-Kodagu,Rural,5-9,382,208,174,29,17,12,61,30,31,39,22,17,51,32,19,56,29,27,1,0,1,64,30,34,81,48,33
11465,C4920,29,576,District-Kodagu,Rural,10-19,1043,573,470,76,47,29,160,73,87,96,55,41,154,81,73,212,119,93,14,10,4,172,87,85,159,101,58
11466,C4920,29,576,District-Kodagu,Rural,20-29,910,477,433,63,31,32,120,57,63,115,53,62,185,112,73,148,73,75,18,9,9,142,74,68,119,68,51
11467,C4920,29,576,District-Kodagu,Rural,30-39,826,434,392,73,34,39,110,54,56,96,46,50,214,123,91,70,41,29,37,18,19,155,83,72,71,35,36
11468,C4920,29,576,District-Kodagu,Rural,40-49,856,514,342,72,42,30,130,70,60,75,40,35,237,177,60,65,30,35,56,27,29,147,77,70,74,51,23
11469,C4920,29,576,District-Kodagu,Rural,50-59,734,438,296,79,44,35,111,66,45,54,33,21,228,154,74,50,18,32,42,18,24,107,59,48,63,46,17
11470,C4920,29,576,District-Kodagu,Rural,60-69,593,325,268,98,41,57,99,47,52,44,24,20,197,138,59,23,10,13,24,9,15,75,39,36,33,17,16
11471,C4920,29,576,District-Kodagu,Rural,70-79,387,209,178,92,37,55,75,35,40,28,18,10,101,73,28,3,0,3,5,0,5,38,17,21,45,29,16
11472,C4920,29,576,District-Kodagu,Rural,80-89,189,66,123,58,18,40,48,19,29,7,3,4,32,14,18,2,0,2,4,1,3,18,3,15,20,8,12
11473,C4920,29,576,District-Kodagu,Rural,90+,57,20,37,16,10,6,11,2,9,0,0,0,11,4,7,0,0,0,1,0,1,3,0,3,15,4,11
11474,C4920,29,576,District-Kodagu,Rural,Age Not Stated,8,4,4,1,1,0,0,0,0,0,0,0,2,2,0,1,0,1,1,0,1,1,0,1,2,1,1
11475,C4920,29,576,District-Kodagu,Urban,Total,1220,667,553,89,47,42,163,78,85,57,24,33,234,146,88,80,42,38,15,6,9,498,276,222,84,48,36
11476,C4920,29,576,District-Kodagu,Urban,0-4,55,23,32,6,3,3,8,2,6,1,0,1,2,1,1,2,1,1,0,0,0,33,14,19,3,2,1
11477,C4920,29,576,District-Kodagu,Urban,5-9,62,38,24,3,1,2,9,6,3,4,1,3,4,4,0,6,3,3,0,0,0,32,21,11,4,2,2
11478,C4920,29,576,District-Kodagu,Urban,10-19,265,154,111,14,6,8,30,16,14,18,8,10,33,20,13,23,12,11,1,0,1,122,80,42,24,12,12
11479,C4920,29,576,District-Kodagu,Urban,20-29,230,126,104,17,9,8,32,17,15,3,1,2,24,11,13,21,12,9,3,1,2,114,66,48,16,9,7
11480,C4920,29,576,District-Kodagu,Urban,30-39,189,101,88,16,9,7,27,12,15,11,5,6,45,27,18,12,6,6,0,0,0,66,34,32,12,8,4
11481,C4920,29,576,District-Kodagu,Urban,40-49,168,82,86,13,4,9,22,10,12,6,2,4,40,28,12,9,4,5,4,2,2,65,27,38,9,5,4
11482,C4920,29,576,District-Kodagu,Urban,50-59,113,67,46,9,8,1,12,5,7,10,5,5,38,24,14,4,3,1,3,2,1,30,16,14,7,4,3
11483,C4920,29,576,District-Kodagu,Urban,60-69,77,48,29,7,5,2,10,4,6,2,2,0,27,19,8,0,0,0,2,1,1,22,12,10,7,5,2
11484,C4920,29,576,District-Kodagu,Urban,70-79,38,16,22,2,1,1,9,4,5,2,0,2,12,7,5,2,0,2,1,0,1,9,4,5,1,0,1
11485,C4920,29,576,District-Kodagu,Urban,80-89,16,8,8,0,0,0,2,1,1,0,0,0,7,3,4,1,1,0,1,0,1,4,2,2,1,1,0
11486,C4920,29,576,District-Kodagu,Urban,90+,6,4,2,2,1,1,2,1,1,0,0,0,2,2,0,0,0,0,0,0,0,0,0,0,0,0,0
11487,C4920,29,576,District-Kodagu,Urban,Age Not Stated,1,0,1,0,0,0,0,0,0,0,0,0,0,0,0,0,0,0,0,0,0,1,0,1,0,0,0
11488,C4920,29,577,District-Mysore,Total,Total,60470,32768,27702,12484,6086,6398,13437,7105,6332,4406,2364,2042,9812,6283,3529,3792,2020,1772,814,416,398,11189,5998,5191,4536,2496,2040
11489,C4920,29,577,District-Mysore,Total,0-4,2258,1186,1072,462,237,225,614,308,306,45,25,20,198,110,88,111,65,46,9,7,2,648,333,315,171,101,70
11490,C4920,29,577,District-Mysore,Total,5-9,3761,1994,1767,585,292,293,739,359,380,471,272,199,385,210,175,306,167,139,30,17,13,727,377,350,518,300,218
11491,C4920,29,577,District-Mysore,Total,10-19,10003,5446,4557,1576,842,734,2004,1073,931,1023,558,465,1169,696,473,997,545,452,114,54,60,1918,1044,874,1202,634,568
11492,C4920,29,577,District-Mysore,Total,20-29,11236,6205,5031,1655,855,800,3176,1828,1348,966,504,462,1790,1102,688,876,462,414,159,81,78,1934,1011,923,680,362,318
11493,C4920,29,577,District-Mysore,Total,30-39,8762,4809,3953,1446,725,721,1917,1024,893,700,338,362,1704,1129,575,627,308,319,161,89,72,1703,920,783,504,276,228
11494,C4920,29,577,District-Mysore,Total,40-49,7299,4154,3145,1400,725,675,1522,837,685,500,267,233,1422,957,465,411,220,191,155,80,75,1538,840,698,351,228,123
11495,C4920,29,577,District-Mysore,Total,50-59,5648,3192,2456,1269,615,654,1113,564,549,331,179,152,1201,827,374,244,137,107,80,31,49,1147,665,482,263,174,89
11496,C4920,29,577,District-Mysore,Total,60-69,5518,2922,2596,1770,777,993,1051,514,537,226,142,84,1113,760,353,140,72,68,63,35,28,882,465,417,273,157,116
11497,C4920,29,577,District-Mysore,Total,70-79,3747,1855,1892,1439,622,817,821,397,424,103,60,43,553,354,199,57,34,23,33,19,14,459,231,228,282,138,144
11498,C4920,29,577,District-Mysore,Total,80-89,1695,778,917,702,314,388,360,156,204,28,11,17,208,117,91,14,4,10,9,3,6,176,85,91,198,88,110
11499,C4920,29,577,District-Mysore,Total,90+,496,204,292,171,76,95,107,40,67,7,6,1,64,18,46,8,5,3,1,0,1,49,24,25,89,35,54
11500,C4920,29,577,District-Mysore,Total,Age Not Stated,47,23,24,9,6,3,13,5,8,6,2,4,5,3,2,1,1,0,0,0,0,8,3,5,5,3,2
11501,C4920,29,577,District-Mysore,Rural,Total,35212,19222,15990,7149,3449,3700,6457,3383,3074,2827,1527,1300,6550,4250,2300,2357,1245,1112,472,254,218,6511,3533,2978,2889,1581,1308
11502,C4920,29,577,District-Mysore,Rural,0-4,1229,658,571,201,113,88,288,150,138,32,17,15,135,72,63,64,37,27,4,3,1,392,199,193,113,67,46
11503,C4920,29,577,District-Mysore,Rural,5-9,2161,1167,994,289,148,141,338,165,173,312,183,129,268,153,115,197,103,94,14,9,5,410,210,200,333,196,137
11504,C4920,29,577,District-Mysore,Rural,10-19,5893,3262,2631,819,435,384,989,525,464,731,407,324,819,487,332,644,353,291,63,28,35,1119,620,499,709,407,302
11505,C4920,29,577,District-Mysore,Rural,20-29,5780,3212,2568,796,422,374,1020,583,437,627,323,304,1203,757,446,541,287,254,109,56,53,1051,557,494,433,227,206
11506,C4920,29,577,District-Mysore,Rural,30-39,4932,2782,2150,658,338,320,983,546,437,419,203,216,1139,772,367,376,180,196,96,54,42,967,540,427,294,149,145
11507,C4920,29,577,District-Mysore,Rural,40-49,4162,2405,1757,714,369,345,795,440,355,309,164,145,921,630,291,250,134,116,83,50,33,876,486,390,214,132,82
11508,C4920,29,577,District-Mysore,Rural,50-59,3094,1752,1342,686,319,367,539,258,281,179,95,84,729,520,209,148,82,66,44,17,27,622,371,251,147,90,57
11509,C4920,29,577,District-Mysore,Rural,60-69,3579,1878,1701,1194,521,673,658,312,346,129,81,48,742,501,241,82,40,42,33,21,12,567,305,262,174,97,77
11510,C4920,29,577,District-Mysore,Rural,70-79,2714,1349,1365,1091,469,622,539,268,271,70,43,27,399,261,138,41,22,19,19,13,6,335,167,168,220,106,114
11511,C4920,29,577,District-Mysore,Rural,80-89,1264,583,681,565,253,312,234,106,128,13,7,6,142,81,61,10,3,7,6,3,3,129,55,74,165,75,90
11512,C4920,29,577,District-Mysore,Rural,90+,383,163,220,135,62,73,67,27,40,4,3,1,50,13,37,3,3,0,1,0,1,40,22,18,83,33,50
11513,C4920,29,577,District-Mysore,Rural,Age Not Stated,21,11,10,1,0,1,7,3,4,2,1,1,3,3,0,1,1,0,0,0,0,3,1,2,4,2,2
11514,C4920,29,577,District-Mysore,Urban,Total,25258,13546,11712,5335,2637,2698,6980,3722,3258,1579,837,742,3262,2033,1229,1435,775,660,342,162,180,4678,2465,2213,1647,915,732
11515,C4920,29,577,District-Mysore,Urban,0-4,1029,528,501,261,124,137,326,158,168,13,8,5,63,38,25,47,28,19,5,4,1,256,134,122,58,34,24
11516,C4920,29,577,District-Mysore,Urban,5-9,1600,827,773,296,144,152,401,194,207,159,89,70,117,57,60,109,64,45,16,8,8,317,167,150,185,104,81
11517,C4920,29,577,District-Mysore,Urban,10-19,4110,2184,1926,757,407,350,1015,548,467,292,151,141,350,209,141,353,192,161,51,26,25,799,424,375,493,227,266
11518,C4920,29,577,District-Mysore,Urban,20-29,5456,2993,2463,859,433,426,2156,1245,911,339,181,158,587,345,242,335,175,160,50,25,25,883,454,429,247,135,112
11519,C4920,29,577,District-Mysore,Urban,30-39,3830,2027,1803,788,387,401,934,478,456,281,135,146,565,357,208,251,128,123,65,35,30,736,380,356,210,127,83
11520,C4920,29,577,District-Mysore,Urban,40-49,3137,1749,1388,686,356,330,727,397,330,191,103,88,501,327,174,161,86,75,72,30,42,662,354,308,137,96,41
11521,C4920,29,577,District-Mysore,Urban,50-59,2554,1440,1114,583,296,287,574,306,268,152,84,68,472,307,165,96,55,41,36,14,22,525,294,231,116,84,32
11522,C4920,29,577,District-Mysore,Urban,60-69,1939,1044,895,576,256,320,393,202,191,97,61,36,371,259,112,58,32,26,30,14,16,315,160,155,99,60,39
11523,C4920,29,577,District-Mysore,Urban,70-79,1033,506,527,348,153,195,282,129,153,33,17,16,154,93,61,16,12,4,14,6,8,124,64,60,62,32,30
11524,C4920,29,577,District-Mysore,Urban,80-89,431,195,236,137,61,76,126,50,76,15,4,11,66,36,30,4,1,3,3,0,3,47,30,17,33,13,20
11525,C4920,29,577,District-Mysore,Urban,90+,113,41,72,36,14,22,40,13,27,3,3,0,14,5,9,5,2,3,0,0,0,9,2,7,6,2,4
11526,C4920,29,577,District-Mysore,Urban,Age Not Stated,26,12,14,8,6,2,6,2,4,4,1,3,2,0,2,0,0,0,0,0,0,5,2,3,1,1,0
11527,C4920,29,578,District-Chamarajanagar,Total,Total,20464,11113,9351,3178,1610,1568,3635,1795,1840,2039,1074,965,4079,2575,1504,1377,718,659,325,191,134,3613,1965,1648,2218,1185,1033
11528,C4920,29,578,District-Chamarajanagar,Total,0-4,734,391,343,81,37,44,202,99,103,27,15,12,87,60,27,40,21,19,3,2,1,194,100,94,100,57,43
11529,C4920,29,578,District-Chamarajanagar,Total,5-9,1272,682,590,147,85,62,206,94,112,198,110,88,181,100,81,115,60,55,7,4,3,218,118,100,200,111,89
11530,C4920,29,578,District-Chamarajanagar,Total,10-19,3420,1865,1555,467,249,218,540,275,265,457,258,199,513,306,207,373,197,176,35,18,17,558,285,273,477,277,200
11531,C4920,29,578,District-Chamarajanagar,Total,20-29,3437,1822,1615,406,209,197,604,295,309,438,217,221,746,459,287,313,155,158,62,37,25,547,294,253,321,156,165
11532,C4920,29,578,District-Chamarajanagar,Total,30-39,2928,1525,1403,336,167,169,523,260,263,317,156,161,625,366,259,221,110,111,70,45,25,549,286,263,287,135,152
11533,C4920,29,578,District-Chamarajanagar,Total,40-49,2587,1515,1072,319,186,133,458,238,220,249,130,119,602,417,185,153,90,63,58,31,27,505,288,217,243,135,108
11534,C4920,29,578,District-Chamarajanagar,Total,50-59,2008,1164,844,333,179,154,355,174,181,155,80,75,498,344,154,85,49,36,46,27,19,393,224,169,143,87,56
11535,C4920,29,578,District-Chamarajanagar,Total,60-69,1956,1093,863,440,205,235,337,169,168,117,60,57,451,307,144,56,27,29,28,18,10,354,208,146,173,99,74
11536,C4920,29,578,District-Chamarajanagar,Total,70-79,1310,689,621,391,198,193,243,113,130,50,30,20,258,163,95,12,4,8,10,5,5,200,106,94,146,70,76
11537,C4920,29,578,District-Chamarajanagar,Total,80-89,602,287,315,186,73,113,129,66,63,20,11,9,95,48,47,7,3,4,6,4,2,72,43,29,87,39,48
11538,C4920,29,578,District-Chamarajanagar,Total,90+,188,67,121,68,21,47,34,10,24,9,6,3,22,4,18,0,0,0,0,0,0,15,7,8,40,19,21
11539,C4920,29,578,District-Chamarajanagar,Total,Age Not Stated,22,13,9,4,1,3,4,2,2,2,1,1,1,1,0,2,2,0,0,0,0,8,6,2,1,0,1
11540,C4920,29,578,District-Chamarajanagar,Rural,Total,17882,9698,8184,2866,1438,1428,3095,1518,1577,1815,950,865,3520,2234,1286,1159,613,546,269,157,112,3120,1698,1422,2038,1090,948
11541,C4920,29,578,District-Chamarajanagar,Rural,0-4,656,349,307,72,33,39,178,85,93,24,14,10,77,54,23,34,17,17,3,2,1,174,92,82,94,52,42
11542,C4920,29,578,District-Chamarajanagar,Rural,5-9,1113,593,520,131,75,56,182,78,104,175,98,77,157,85,72,99,53,46,6,3,3,185,102,83,178,99,79
11543,C4920,29,578,District-Chamarajanagar,Rural,10-19,2962,1611,1351,413,213,200,457,241,216,412,226,186,438,268,170,314,168,146,28,14,14,474,235,239,426,246,180
11544,C4920,29,578,District-Chamarajanagar,Rural,20-29,2964,1568,1396,365,183,182,513,246,267,388,191,197,639,393,246,262,139,123,47,29,18,460,247,213,290,140,150
11545,C4920,29,578,District-Chamarajanagar,Rural,30-39,2521,1320,1201,283,141,142,435,216,219,279,139,140,544,325,219,184,89,95,65,42,23,470,246,224,261,122,139
11546,C4920,29,578,District-Chamarajanagar,Rural,40-49,2213,1288,925,278,160,118,378,190,188,224,114,110,510,353,157,127,75,52,45,23,22,430,249,181,221,124,97
11547,C4920,29,578,District-Chamarajanagar,Rural,50-59,1738,1007,731,304,162,142,302,150,152,139,73,66,421,294,127,65,36,29,36,21,15,332,186,146,139,85,54
11548,C4920,29,578,District-Chamarajanagar,Rural,60-69,1756,981,775,406,190,216,283,142,141,102,51,51,392,267,125,54,27,27,25,16,9,325,190,135,169,98,71
11549,C4920,29,578,District-Chamarajanagar,Rural,70-79,1214,640,574,375,191,184,217,100,117,45,27,18,236,147,89,11,4,7,9,4,5,182,97,85,139,70,69
11550,C4920,29,578,District-Chamarajanagar,Rural,80-89,552,266,286,174,69,105,115,59,56,17,10,7,85,44,41,7,3,4,5,3,2,68,42,26,81,36,45
11551,C4920,29,578,District-Chamarajanagar,Rural,90+,174,62,112,63,20,43,31,9,22,8,6,2,20,3,17,0,0,0,0,0,0,13,6,7,39,18,21
11552,C4920,29,578,District-Chamarajanagar,Rural,Age Not Stated,19,13,6,2,1,1,4,2,2,2,1,1,1,1,0,2,2,0,0,0,0,7,6,1,1,0,1
11553,C4920,29,578,District-Chamarajanagar,Urban,Total,2582,1415,1167,312,172,140,540,277,263,224,124,100,559,341,218,218,105,113,56,34,22,493,267,226,180,95,85
11554,C4920,29,578,District-Chamarajanagar,Urban,0-4,78,42,36,9,4,5,24,14,10,3,1,2,10,6,4,6,4,2,0,0,0,20,8,12,6,5,1
11555,C4920,29,578,District-Chamarajanagar,Urban,5-9,159,89,70,16,10,6,24,16,8,23,12,11,24,15,9,16,7,9,1,1,0,33,16,17,22,12,10
11556,C4920,29,578,District-Chamarajanagar,Urban,10-19,458,254,204,54,36,18,83,34,49,45,32,13,75,38,37,59,29,30,7,4,3,84,50,34,51,31,20
11557,C4920,29,578,District-Chamarajanagar,Urban,20-29,473,254,219,41,26,15,91,49,42,50,26,24,107,66,41,51,16,35,15,8,7,87,47,40,31,16,15
11558,C4920,29,578,District-Chamarajanagar,Urban,30-39,407,205,202,53,26,27,88,44,44,38,17,21,81,41,40,37,21,16,5,3,2,79,40,39,26,13,13
11559,C4920,29,578,District-Chamarajanagar,Urban,40-49,374,227,147,41,26,15,80,48,32,25,16,9,92,64,28,26,15,11,13,8,5,75,39,36,22,11,11
11560,C4920,29,578,District-Chamarajanagar,Urban,50-59,270,157,113,29,17,12,53,24,29,16,7,9,77,50,27,20,13,7,10,6,4,61,38,23,4,2,2
11561,C4920,29,578,District-Chamarajanagar,Urban,60-69,200,112,88,34,15,19,54,27,27,15,9,6,59,40,19,2,0,2,3,2,1,29,18,11,4,1,3
11562,C4920,29,578,District-Chamarajanagar,Urban,70-79,96,49,47,16,7,9,26,13,13,5,3,2,22,16,6,1,0,1,1,1,0,18,9,9,7,0,7
11563,C4920,29,578,District-Chamarajanagar,Urban,80-89,50,21,29,12,4,8,14,7,7,3,1,2,10,4,6,0,0,0,1,1,0,4,1,3,6,3,3
11564,C4920,29,578,District-Chamarajanagar,Urban,90+,14,5,9,5,1,4,3,1,2,1,0,1,2,1,1,0,0,0,0,0,0,2,1,1,1,1,0
11565,C4920,29,578,District-Chamarajanagar,Urban,Age Not Stated,3,0,3,2,0,2,0,0,0,0,0,0,0,0,0,0,0,0,0,0,0,1,0,1,0,0,0
11566,C4920,29,579,District-Gulbarga,Total,Total,66392,35687,30705,12752,6364,6388,15982,8012,7970,3677,2042,1635,12485,7808,4677,4066,2094,1972,657,357,300,12948,7001,5947,3825,2009,1816
11567,C4920,29,579,District-Gulbarga,Total,0-4,3883,2049,1834,852,445,407,1244,637,607,72,45,27,327,191,136,236,120,116,3,2,1,942,494,448,207,115,92
11568,C4920,29,579,District-Gulbarga,Total,5-9,5687,2992,2695,1004,541,463,1466,714,752,575,328,247,604,349,255,477,249,228,23,14,9,1084,556,528,454,241,213
11569,C4920,29,579,District-Gulbarga,Total,10-19,14339,7581,6758,2343,1231,1112,3633,1842,1791,1152,623,529,2218,1274,944,1239,628,611,102,51,51,2696,1434,1262,956,498,458
11570,C4920,29,579,District-Gulbarga,Total,20-29,11925,6527,5398,1755,897,858,2745,1373,1372,712,382,330,2953,1819,1134,818,456,362,119,64,55,2279,1241,1038,544,295,249
11571,C4920,29,579,District-Gulbarga,Total,30-39,8416,4711,3705,1377,747,630,1990,973,1017,438,242,196,1940,1314,626,455,218,237,127,69,58,1765,975,790,324,173,151
11572,C4920,29,579,District-Gulbarga,Total,40-49,6914,4053,2861,1192,652,540,1636,882,754,307,185,122,1478,1038,440,378,198,180,131,73,58,1546,862,684,246,163,83
11573,C4920,29,579,District-Gulbarga,Total,50-59,5246,2876,2370,1103,533,570,1151,552,599,182,105,77,1131,736,395,225,116,109,76,43,33,1151,666,485,227,125,102
11574,C4920,29,579,District-Gulbarga,Total,60-69,5201,2678,2523,1520,658,862,1051,532,519,163,87,76,1074,660,414,151,68,83,60,31,29,838,467,371,344,175,169
11575,C4920,29,579,District-Gulbarga,Total,70-79,2956,1399,1557,1029,436,593,571,258,313,51,34,17,532,315,217,57,23,34,14,8,6,441,214,227,261,111,150
11576,C4920,29,579,District-Gulbarga,Total,80-89,1216,532,684,431,170,261,238,110,128,19,6,13,164,83,81,19,8,11,1,1,0,152,65,87,192,89,103
11577,C4920,29,579,District-Gulbarga,Total,90+,362,147,215,124,46,78,79,31,48,6,5,1,52,25,27,4,3,1,0,0,0,32,15,17,65,22,43
11578,C4920,29,579,District-Gulbarga,Total,Age Not Stated,247,142,105,22,8,14,178,108,70,0,0,0,12,4,8,7,7,0,1,1,0,22,12,10,5,2,3
11579,C4920,29,579,District-Gulbarga,Rural,Total,43031,23412,19619,8677,4233,4444,7866,4088,3778,2731,1527,1204,9398,5905,3493,2792,1441,1351,418,230,188,8460,4556,3904,2689,1432,1257
11580,C4920,29,579,District-Gulbarga,Rural,0-4,2388,1263,1125,556,294,262,584,312,272,43,27,16,250,142,108,157,79,78,2,2,0,644,325,319,152,82,70
11581,C4920,29,579,District-Gulbarga,Rural,5-9,3612,1927,1685,627,325,302,674,342,332,447,257,190,478,271,207,345,184,161,15,10,5,708,353,355,318,185,133
11582,C4920,29,579,District-Gulbarga,Rural,10-19,9156,4951,4205,1512,792,720,1620,860,760,911,500,411,1731,994,737,902,476,426,61,31,30,1809,955,854,610,343,267
11583,C4920,29,579,District-Gulbarga,Rural,20-29,7335,4193,3142,1014,534,480,1229,658,571,485,261,224,2236,1409,827,532,292,240,89,48,41,1390,795,595,360,196,164
11584,C4920,29,579,District-Gulbarga,Rural,30-39,5074,2946,2128,827,447,380,903,480,423,307,172,135,1392,944,448,298,141,157,79,45,34,1066,607,459,202,110,92
11585,C4920,29,579,District-Gulbarga,Rural,40-49,4303,2546,1757,761,410,351,838,448,390,226,134,92,1056,761,295,240,128,112,71,41,30,948,518,430,163,106,57
11586,C4920,29,579,District-Gulbarga,Rural,50-59,3496,1889,1607,735,332,403,684,328,356,132,76,56,797,521,276,148,71,77,52,27,25,777,439,338,171,95,76
11587,C4920,29,579,District-Gulbarga,Rural,60-69,3946,2010,1936,1249,533,716,692,366,326,120,68,52,848,518,330,109,43,66,40,21,19,624,334,290,264,127,137
11588,C4920,29,579,District-Gulbarga,Rural,70-79,2413,1127,1286,911,379,532,411,188,223,38,23,15,436,253,183,43,18,25,8,4,4,345,167,178,221,95,126
11589,C4920,29,579,District-Gulbarga,Rural,80-89,970,422,548,368,145,223,169,82,87,17,5,12,126,70,56,12,4,8,1,1,0,110,43,67,167,72,95
11590,C4920,29,579,District-Gulbarga,Rural,90+,293,118,175,107,39,68,54,22,32,5,4,1,39,19,20,2,1,1,0,0,0,27,13,14,59,20,39
11591,C4920,29,579,District-Gulbarga,Rural,Age Not Stated,45,20,25,10,3,7,8,2,6,0,0,0,9,3,6,4,4,0,0,0,0,12,7,5,2,1,1
11592,C4920,29,579,District-Gulbarga,Urban,Total,23361,12275,11086,4075,2131,1944,8116,3924,4192,946,515,431,3087,1903,1184,1274,653,621,239,127,112,4488,2445,2043,1136,577,559
11593,C4920,29,579,District-Gulbarga,Urban,0-4,1495,786,709,296,151,145,660,325,335,29,18,11,77,49,28,79,41,38,1,0,1,298,169,129,55,33,22
11594,C4920,29,579,District-Gulbarga,Urban,5-9,2075,1065,1010,377,216,161,792,372,420,128,71,57,126,78,48,132,65,67,8,4,4,376,203,173,136,56,80
11595,C4920,29,579,District-Gulbarga,Urban,10-19,5183,2630,2553,831,439,392,2013,982,1031,241,123,118,487,280,207,337,152,185,41,20,21,887,479,408,346,155,191
11596,C4920,29,579,District-Gulbarga,Urban,20-29,4590,2334,2256,741,363,378,1516,715,801,227,121,106,717,410,307,286,164,122,30,16,14,889,446,443,184,99,85
11597,C4920,29,579,District-Gulbarga,Urban,30-39,3342,1765,1577,550,300,250,1087,493,594,131,70,61,548,370,178,157,77,80,48,24,24,699,368,331,122,63,59
11598,C4920,29,579,District-Gulbarga,Urban,40-49,2611,1507,1104,431,242,189,798,434,364,81,51,30,422,277,145,138,70,68,60,32,28,598,344,254,83,57,26
11599,C4920,29,579,District-Gulbarga,Urban,50-59,1750,987,763,368,201,167,467,224,243,50,29,21,334,215,119,77,45,32,24,16,8,374,227,147,56,30,26
11600,C4920,29,579,District-Gulbarga,Urban,60-69,1255,668,587,271,125,146,359,166,193,43,19,24,226,142,84,42,25,17,20,10,10,214,133,81,80,48,32
11601,C4920,29,579,District-Gulbarga,Urban,70-79,543,272,271,118,57,61,160,70,90,13,11,2,96,62,34,14,5,9,6,4,2,96,47,49,40,16,24
11602,C4920,29,579,District-Gulbarga,Urban,80-89,246,110,136,63,25,38,69,28,41,2,1,1,38,13,25,7,4,3,0,0,0,42,22,20,25,17,8
11603,C4920,29,579,District-Gulbarga,Urban,90+,69,29,40,17,7,10,25,9,16,1,1,0,13,6,7,2,2,0,0,0,0,5,2,3,6,2,4
11604,C4920,29,579,District-Gulbarga,Urban,Age Not Stated,202,122,80,12,5,7,170,106,64,0,0,0,3,1,2,3,3,0,1,1,0,10,5,5,3,1,2
11605,C4920,29,580,District-Yadgir,Total,Total,24904,13278,11626,4659,2197,2462,4996,2456,2540,1708,937,771,5716,3544,2172,1590,840,750,258,119,139,4399,2362,2037,1578,823,755
11606,C4920,29,580,District-Yadgir,Total,0-4,1362,745,617,243,131,112,364,182,182,36,17,19,165,102,63,79,50,29,4,2,2,377,206,171,94,55,39
11607,C4920,29,580,District-Yadgir,Total,5-9,2442,1358,1084,352,181,171,499,258,241,299,183,116,356,220,136,226,129,97,9,4,5,464,244,220,237,139,98
11608,C4920,29,580,District-Yadgir,Total,10-19,5395,2922,2473,670,361,309,1025,530,495,561,295,266,1247,726,521,551,294,257,43,18,25,920,486,434,378,212,166
11609,C4920,29,580,District-Yadgir,Total,20-29,4055,2250,1805,481,252,229,733,359,374,296,164,132,1313,819,494,299,146,153,48,22,26,697,383,314,188,105,83
11610,C4920,29,580,District-Yadgir,Total,30-39,2853,1613,1240,382,191,191,589,304,285,180,90,90,792,512,280,179,110,69,46,25,21,569,311,258,116,70,46
11611,C4920,29,580,District-Yadgir,Total,40-49,2307,1344,963,372,207,165,495,246,249,129,75,54,555,384,171,125,51,74,53,25,28,481,303,178,97,53,44
11612,C4920,29,580,District-Yadgir,Total,50-59,1924,1004,920,423,178,245,432,203,229,106,63,43,466,301,165,57,26,31,23,8,15,362,197,165,55,28,27
11613,C4920,29,580,District-Yadgir,Total,60-69,2345,1115,1230,838,345,493,460,203,257,60,32,28,456,283,173,46,24,22,18,7,11,322,150,172,145,71,74
11614,C4920,29,580,District-Yadgir,Total,70-79,1549,687,862,640,267,373,274,124,150,32,15,17,266,153,113,17,3,14,9,5,4,148,62,86,163,58,105
11615,C4920,29,580,District-Yadgir,Total,80-89,515,184,331,211,73,138,90,33,57,6,1,5,80,33,47,7,5,2,5,3,2,42,16,26,74,20,54
11616,C4920,29,580,District-Yadgir,Total,90+,146,50,96,44,10,34,34,14,20,3,2,1,20,11,9,2,0,2,0,0,0,13,2,11,30,11,19
11617,C4920,29,580,District-Yadgir,Total,Age Not Stated,11,6,5,3,1,2,1,0,1,0,0,0,0,0,0,2,2,0,0,0,0,4,2,2,1,1,0
11618,C4920,29,580,District-Yadgir,Rural,Total,21320,11311,10009,4262,1994,2268,4322,2135,2187,1448,792,656,4700,2908,1792,1312,702,610,199,94,105,3737,1999,1738,1340,687,653
11619,C4920,29,580,District-Yadgir,Rural,0-4,1185,647,538,226,123,103,321,158,163,28,12,16,135,85,50,67,43,24,4,2,2,328,179,149,76,45,31
11620,C4920,29,580,District-Yadgir,Rural,5-9,2105,1180,925,317,166,151,437,229,208,260,159,101,296,181,115,193,112,81,7,4,3,393,211,182,202,118,84
11621,C4920,29,580,District-Yadgir,Rural,10-19,4614,2513,2101,596,324,272,885,464,421,473,250,223,1052,616,436,470,253,217,30,10,20,788,417,371,320,179,141
11622,C4920,29,580,District-Yadgir,Rural,20-29,3380,1874,1506,427,222,205,631,309,322,244,130,114,1074,678,396,236,121,115,38,18,20,577,309,268,153,87,66
11623,C4920,29,580,District-Yadgir,Rural,30-39,2366,1348,1018,326,161,165,492,263,229,152,78,74,631,413,218,146,88,58,38,21,17,485,266,219,96,58,38
11624,C4920,29,580,District-Yadgir,Rural,40-49,1905,1103,802,322,177,145,420,205,215,111,66,45,445,306,139,98,40,58,41,19,22,395,251,144,73,39,34
11625,C4920,29,580,District-Yadgir,Rural,50-59,1644,831,813,389,158,231,383,178,205,89,51,38,384,240,144,41,17,24,18,8,10,296,158,138,44,21,23
11626,C4920,29,580,District-Yadgir,Rural,60-69,2121,988,1133,796,321,475,407,180,227,55,29,26,383,235,148,38,19,19,14,6,8,293,135,158,135,63,72
11627,C4920,29,580,District-Yadgir,Rural,70-79,1409,617,792,619,259,360,240,110,130,30,14,16,221,123,98,12,2,10,7,4,3,131,54,77,149,51,98
11628,C4920,29,580,District-Yadgir,Rural,80-89,459,163,296,201,72,129,79,27,52,3,1,2,63,24,39,7,5,2,2,2,0,37,15,22,67,17,50
11629,C4920,29,580,District-Yadgir,Rural,90+,121,41,80,40,10,30,26,12,14,3,2,1,16,7,9,2,0,2,0,0,0,10,2,8,24,8,16
11630,C4920,29,580,District-Yadgir,Rural,Age Not Stated,11,6,5,3,1,2,1,0,1,0,0,0,0,0,0,2,2,0,0,0,0,4,2,2,1,1,0
11631,C4920,29,580,District-Yadgir,Urban,Total,3584,1967,1617,397,203,194,674,321,353,260,145,115,1016,636,380,278,138,140,59,25,34,662,363,299,238,136,102
11632,C4920,29,580,District-Yadgir,Urban,0-4,177,98,79,17,8,9,43,24,19,8,5,3,30,17,13,12,7,5,0,0,0,49,27,22,18,10,8
11633,C4920,29,580,District-Yadgir,Urban,5-9,337,178,159,35,15,20,62,29,33,39,24,15,60,39,21,33,17,16,2,0,2,71,33,38,35,21,14
11634,C4920,29,580,District-Yadgir,Urban,10-19,781,409,372,74,37,37,140,66,74,88,45,43,195,110,85,81,41,40,13,8,5,132,69,63,58,33,25
11635,C4920,29,580,District-Yadgir,Urban,20-29,675,376,299,54,30,24,102,50,52,52,34,18,239,141,98,63,25,38,10,4,6,120,74,46,35,18,17
11636,C4920,29,580,District-Yadgir,Urban,30-39,487,265,222,56,30,26,97,41,56,28,12,16,161,99,62,33,22,11,8,4,4,84,45,39,20,12,8
11637,C4920,29,580,District-Yadgir,Urban,40-49,402,241,161,50,30,20,75,41,34,18,9,9,110,78,32,27,11,16,12,6,6,86,52,34,24,14,10
11638,C4920,29,580,District-Yadgir,Urban,50-59,280,173,107,34,20,14,49,25,24,17,12,5,82,61,21,16,9,7,5,0,5,66,39,27,11,7,4
11639,C4920,29,580,District-Yadgir,Urban,60-69,224,127,97,42,24,18,53,23,30,5,3,2,73,48,25,8,5,3,4,1,3,29,15,14,10,8,2
11640,C4920,29,580,District-Yadgir,Urban,70-79,140,70,70,21,8,13,34,14,20,2,1,1,45,30,15,5,1,4,2,1,1,17,8,9,14,7,7
11641,C4920,29,580,District-Yadgir,Urban,80-89,56,21,35,10,1,9,11,6,5,3,0,3,17,9,8,0,0,0,3,1,2,5,1,4,7,3,4
11642,C4920,29,580,District-Yadgir,Urban,90+,25,9,16,4,0,4,8,2,6,0,0,0,4,4,0,0,0,0,0,0,0,3,0,3,6,3,3
11643,C4920,29,580,District-Yadgir,Urban,Age Not Stated,0,0,0,0,0,0,0,0,0,0,0,0,0,0,0,0,0,0,0,0,0,0,0,0,0,0,0
11644,C4920,29,581,District-Kolar,Total,Total,32277,18040,14237,5278,2704,2574,5982,3120,2862,2219,1207,1012,7321,4639,2682,2295,1237,1058,625,320,305,5732,3218,2514,2825,1595,1230
11645,C4920,29,581,District-Kolar,Total,0-4,1142,599,543,227,113,114,271,133,138,30,15,15,112,63,49,68,42,26,6,4,2,314,163,151,114,66,48
11646,C4920,29,581,District-Kolar,Total,5-9,2186,1178,1008,277,146,131,408,194,214,253,140,113,287,173,114,211,114,97,29,18,11,386,214,172,335,179,156
11647,C4920,29,581,District-Kolar,Total,10-19,5645,3135,2510,804,431,373,1026,547,479,588,341,247,838,494,344,634,341,293,94,54,40,971,521,450,690,406,284
11648,C4920,29,581,District-Kolar,Total,20-29,5359,2954,2405,714,370,344,939,471,468,415,214,201,1281,793,488,426,250,176,126,57,69,966,528,438,492,271,221
11649,C4920,29,581,District-Kolar,Total,30-39,4604,2626,1978,588,322,266,762,394,368,337,166,171,1200,776,424,368,195,173,140,82,58,905,518,387,304,173,131
11650,C4920,29,581,District-Kolar,Total,40-49,4021,2460,1561,567,326,241,759,434,325,277,156,121,1001,700,301,270,145,125,97,48,49,791,485,306,259,166,93
11651,C4920,29,581,District-Kolar,Total,50-59,2924,1765,1159,501,279,222,562,306,256,127,71,56,840,582,258,142,77,65,60,23,37,542,330,212,150,97,53
11652,C4920,29,581,District-Kolar,Total,60-69,2960,1569,1391,643,268,375,562,274,288,111,57,54,870,566,304,113,45,68,47,20,27,456,251,205,158,88,70
11653,C4920,29,581,District-Kolar,Total,70-79,2088,1120,968,574,268,306,412,226,186,59,34,25,558,337,221,43,19,24,18,10,8,264,141,123,160,85,75
11654,C4920,29,581,District-Kolar,Total,80-89,985,480,505,286,142,144,214,111,103,17,11,6,249,116,133,11,3,8,3,1,2,99,50,49,106,46,60
11655,C4920,29,581,District-Kolar,Total,90+,333,142,191,91,37,54,59,27,32,5,2,3,80,38,42,5,3,2,4,2,2,33,15,18,56,18,38
11656,C4920,29,581,District-Kolar,Total,Age Not Stated,30,12,18,6,2,4,8,3,5,0,0,0,5,1,4,4,3,1,1,1,0,5,2,3,1,0,1
11657,C4920,29,581,District-Kolar,Rural,Total,23286,13153,10133,3808,1958,1850,4051,2137,1914,1659,922,737,5466,3507,1959,1684,913,771,468,241,227,4007,2251,1756,2143,1224,919
11658,C4920,29,581,District-Kolar,Rural,0-4,786,420,366,155,78,77,172,86,86,23,10,13,77,44,33,44,28,16,3,2,1,223,117,106,89,55,34
11659,C4920,29,581,District-Kolar,Rural,5-9,1569,857,712,185,96,89,264,127,137,190,108,82,224,141,83,159,89,70,20,12,8,260,141,119,267,143,124
11660,C4920,29,581,District-Kolar,Rural,10-19,4000,2243,1757,515,275,240,685,372,313,451,271,180,630,366,264,483,259,224,71,42,29,653,355,298,512,303,209
11661,C4920,29,581,District-Kolar,Rural,20-29,3759,2108,1651,495,260,235,585,309,276,309,166,143,952,590,362,308,178,130,90,42,48,656,358,298,364,205,159
11662,C4920,29,581,District-Kolar,Rural,30-39,3253,1867,1386,415,234,181,511,249,262,239,119,120,877,572,305,260,142,118,100,63,37,629,366,263,222,122,100
11663,C4920,29,581,District-Kolar,Rural,40-49,2873,1807,1066,404,237,167,503,292,211,200,115,85,729,541,188,195,105,90,76,35,41,560,345,215,206,137,69
11664,C4920,29,581,District-Kolar,Rural,50-59,2040,1241,799,345,192,153,366,198,168,97,54,43,614,428,186,101,56,45,46,18,28,367,221,146,104,74,30
11665,C4920,29,581,District-Kolar,Rural,60-69,2200,1165,1035,489,203,286,410,207,203,83,38,45,653,426,227,85,33,52,41,15,26,329,180,149,110,63,47
11666,C4920,29,581,District-Kolar,Rural,70-79,1675,909,766,479,224,255,314,179,135,50,30,20,441,271,170,32,15,17,17,9,8,212,113,99,130,68,62
11667,C4920,29,581,District-Kolar,Rural,80-89,833,407,426,247,125,122,183,91,92,13,9,4,202,98,104,10,3,7,1,1,0,86,42,44,91,38,53
11668,C4920,29,581,District-Kolar,Rural,90+,275,119,156,75,32,43,53,25,28,4,2,2,62,29,33,3,2,1,2,1,1,28,12,16,48,16,32
11669,C4920,29,581,District-Kolar,Rural,Age Not Stated,23,10,13,4,2,2,5,2,3,0,0,0,5,1,4,4,3,1,1,1,0,4,1,3,0,0,0
11670,C4920,29,581,District-Kolar,Urban,Total,8991,4887,4104,1470,746,724,1931,983,948,560,285,275,1855,1132,723,611,324,287,157,79,78,1725,967,758,682,371,311
11671,C4920,29,581,District-Kolar,Urban,0-4,356,179,177,72,35,37,99,47,52,7,5,2,35,19,16,24,14,10,3,2,1,91,46,45,25,11,14
11672,C4920,29,581,District-Kolar,Urban,5-9,617,321,296,92,50,42,144,67,77,63,32,31,63,32,31,52,25,27,9,6,3,126,73,53,68,36,32
11673,C4920,29,581,District-Kolar,Urban,10-19,1645,892,753,289,156,133,341,175,166,137,70,67,208,128,80,151,82,69,23,12,11,318,166,152,178,103,75
11674,C4920,29,581,District-Kolar,Urban,20-29,1600,846,754,219,110,109,354,162,192,106,48,58,329,203,126,118,72,46,36,15,21,310,170,140,128,66,62
11675,C4920,29,581,District-Kolar,Urban,30-39,1351,759,592,173,88,85,251,145,106,98,47,51,323,204,119,108,53,55,40,19,21,276,152,124,82,51,31
11676,C4920,29,581,District-Kolar,Urban,40-49,1148,653,495,163,89,74,256,142,114,77,41,36,272,159,113,75,40,35,21,13,8,231,140,91,53,29,24
11677,C4920,29,581,District-Kolar,Urban,50-59,884,524,360,156,87,69,196,108,88,30,17,13,226,154,72,41,21,20,14,5,9,175,109,66,46,23,23
11678,C4920,29,581,District-Kolar,Urban,60-69,760,404,356,154,65,89,152,67,85,28,19,9,217,140,77,28,12,16,6,5,1,127,71,56,48,25,23
11679,C4920,29,581,District-Kolar,Urban,70-79,413,211,202,95,44,51,98,47,51,9,4,5,117,66,51,11,4,7,1,1,0,52,28,24,30,17,13
11680,C4920,29,581,District-Kolar,Urban,80-89,152,73,79,39,17,22,31,20,11,4,2,2,47,18,29,1,0,1,2,0,2,13,8,5,15,8,7
11681,C4920,29,581,District-Kolar,Urban,90+,58,23,35,16,5,11,6,2,4,1,0,1,18,9,9,2,1,1,2,1,1,5,3,2,8,2,6
11682,C4920,29,581,District-Kolar,Urban,Age Not Stated,7,2,5,2,0,2,3,1,2,0,0,0,0,0,0,0,0,0,0,0,0,1,1,0,1,0,1
11683,C4920,29,582,District-Chikkaballapura,Total,Total,29848,16459,13389,5445,2707,2738,4467,2331,2136,2046,1160,886,7051,4450,2601,2175,1131,1044,609,303,306,5388,2917,2471,2667,1460,1207
11684,C4920,29,582,District-Chikkaballapura,Total,0-4,980,504,476,220,107,113,170,77,93,21,14,7,108,56,52,74,33,41,2,1,1,285,155,130,100,61,39
11685,C4920,29,582,District-Chikkaballapura,Total,5-9,1886,1044,842,297,155,142,271,148,123,227,148,79,240,141,99,207,117,90,21,9,12,359,178,181,264,148,116
11686,C4920,29,582,District-Chikkaballapura,Total,10-19,5276,2928,2348,855,467,388,735,387,348,544,309,235,794,483,311,635,336,299,96,48,48,1005,555,450,612,343,269
11687,C4920,29,582,District-Chikkaballapura,Total,20-29,4559,2475,2084,672,355,317,624,315,309,354,181,173,1144,695,449,403,217,186,114,54,60,838,436,402,410,222,188
11688,C4920,29,582,District-Chikkaballapura,Total,30-39,4160,2300,1860,553,277,276,631,314,317,325,175,150,1121,750,371,360,181,179,121,63,58,773,388,385,276,152,124
11689,C4920,29,582,District-Chikkaballapura,Total,40-49,3617,2144,1473,582,296,286,561,299,262,265,150,115,979,686,293,221,105,116,89,48,41,695,418,277,225,142,83
11690,C4920,29,582,District-Chikkaballapura,Total,50-59,2887,1700,1187,552,275,277,415,243,172,152,89,63,860,582,278,131,68,63,78,32,46,559,323,236,140,88,52
11691,C4920,29,582,District-Chikkaballapura,Total,60-69,3055,1611,1444,689,294,395,527,275,252,100,61,39,907,564,343,91,50,41,58,30,28,481,241,240,202,96,106
11692,C4920,29,582,District-Chikkaballapura,Total,70-79,2170,1156,1014,656,306,350,347,180,167,37,22,15,600,359,241,34,15,19,22,13,9,260,148,112,214,113,101
11693,C4920,29,582,District-Chikkaballapura,Total,80-89,903,434,469,280,132,148,132,68,64,13,7,6,225,103,122,11,3,8,7,5,2,90,52,38,145,64,81
11694,C4920,29,582,District-Chikkaballapura,Total,90+,304,135,169,77,35,42,49,23,26,7,3,4,67,27,40,5,3,2,1,0,1,24,15,9,74,29,45
11695,C4920,29,582,District-Chikkaballapura,Total,Age Not Stated,51,28,23,12,8,4,5,2,3,1,1,0,6,4,2,3,3,0,0,0,0,19,8,11,5,2,3
11696,C4920,29,582,District-Chikkaballapura,Rural,Total,24226,13344,10882,4571,2256,2315,3454,1807,1647,1660,941,719,5820,3688,2132,1787,918,869,503,245,258,4217,2296,1921,2214,1193,1021
11697,C4920,29,582,District-Chikkaballapura,Rural,0-4,752,393,359,174,82,92,126,60,66,18,13,5,79,44,35,60,26,34,1,1,0,216,121,95,78,46,32
11698,C4920,29,582,District-Chikkaballapura,Rural,5-9,1468,805,663,221,111,110,196,103,93,188,122,66,192,112,80,177,100,77,15,6,9,268,135,133,211,116,95
11699,C4920,29,582,District-Chikkaballapura,Rural,10-19,4113,2323,1790,649,358,291,524,297,227,422,248,174,655,404,251,535,283,252,81,39,42,738,409,329,509,285,224
11700,C4920,29,582,District-Chikkaballapura,Rural,20-29,3605,1978,1627,549,299,250,468,235,233,282,141,141,935,574,361,327,172,155,96,43,53,619,333,286,329,181,148
11701,C4920,29,582,District-Chikkaballapura,Rural,30-39,3356,1842,1514,465,230,235,472,233,239,265,141,124,927,625,302,287,143,144,96,52,44,618,297,321,226,121,105
11702,C4920,29,582,District-Chikkaballapura,Rural,40-49,2958,1746,1212,482,243,239,447,232,215,230,133,97,808,565,243,181,86,95,76,40,36,554,333,221,180,114,66
11703,C4920,29,582,District-Chikkaballapura,Rural,50-59,2344,1367,977,467,231,236,338,193,145,127,73,54,679,463,216,110,56,54,62,25,37,461,267,194,100,59,41
11704,C4920,29,582,District-Chikkaballapura,Rural,60-69,2595,1357,1238,609,254,355,439,231,208,80,45,35,765,478,287,71,36,35,50,25,25,412,213,199,169,75,94
11705,C4920,29,582,District-Chikkaballapura,Rural,70-79,1904,1002,902,611,287,324,289,146,143,29,15,14,514,303,211,23,10,13,19,10,9,221,127,94,198,104,94
11706,C4920,29,582,District-Chikkaballapura,Rural,80-89,811,383,428,266,124,142,109,55,54,13,7,6,197,89,108,10,2,8,6,4,2,72,41,31,138,61,77
11707,C4920,29,582,District-Chikkaballapura,Rural,90+,279,129,150,72,34,38,42,21,21,6,3,3,63,27,36,4,2,2,1,0,1,20,13,7,71,29,42
11708,C4920,29,582,District-Chikkaballapura,Rural,Age Not Stated,41,19,22,6,3,3,4,1,3,0,0,0,6,4,2,2,2,0,0,0,0,18,7,11,5,2,3
11709,C4920,29,582,District-Chikkaballapura,Urban,Total,5622,3115,2507,874,451,423,1013,524,489,386,219,167,1231,762,469,388,213,175,106,58,48,1171,621,550,453,267,186
11710,C4920,29,582,District-Chikkaballapura,Urban,0-4,228,111,117,46,25,21,44,17,27,3,1,2,29,12,17,14,7,7,1,0,1,69,34,35,22,15,7
11711,C4920,29,582,District-Chikkaballapura,Urban,5-9,418,239,179,76,44,32,75,45,30,39,26,13,48,29,19,30,17,13,6,3,3,91,43,48,53,32,21
11712,C4920,29,582,District-Chikkaballapura,Urban,10-19,1163,605,558,206,109,97,211,90,121,122,61,61,139,79,60,100,53,47,15,9,6,267,146,121,103,58,45
11713,C4920,29,582,District-Chikkaballapura,Urban,20-29,954,497,457,123,56,67,156,80,76,72,40,32,209,121,88,76,45,31,18,11,7,219,103,116,81,41,40
11714,C4920,29,582,District-Chikkaballapura,Urban,30-39,804,458,346,88,47,41,159,81,78,60,34,26,194,125,69,73,38,35,25,11,14,155,91,64,50,31,19
11715,C4920,29,582,District-Chikkaballapura,Urban,40-49,659,398,261,100,53,47,114,67,47,35,17,18,171,121,50,40,19,21,13,8,5,141,85,56,45,28,17
11716,C4920,29,582,District-Chikkaballapura,Urban,50-59,543,333,210,85,44,41,77,50,27,25,16,9,181,119,62,21,12,9,16,7,9,98,56,42,40,29,11
11717,C4920,29,582,District-Chikkaballapura,Urban,60-69,460,254,206,80,40,40,88,44,44,20,16,4,142,86,56,20,14,6,8,5,3,69,28,41,33,21,12
11718,C4920,29,582,District-Chikkaballapura,Urban,70-79,266,154,112,45,19,26,58,34,24,8,7,1,86,56,30,11,5,6,3,3,0,39,21,18,16,9,7
11719,C4920,29,582,District-Chikkaballapura,Urban,80-89,92,51,41,14,8,6,23,13,10,0,0,0,28,14,14,1,1,0,1,1,0,18,11,7,7,3,4
11720,C4920,29,582,District-Chikkaballapura,Urban,90+,25,6,19,5,1,4,7,2,5,1,0,1,4,0,4,1,1,0,0,0,0,4,2,2,3,0,3
11721,C4920,29,582,District-Chikkaballapura,Urban,Age Not Stated,10,9,1,6,5,1,1,1,0,1,1,0,0,0,0,1,1,0,0,0,0,1,1,0,0,0,0
11722,C4920,29,583,District-Bangalore Rural,Total,Total,20294,11407,8887,3857,2038,1819,2540,1357,1183,1513,840,673,4568,2957,1611,1386,690,696,314,163,151,4217,2326,1891,1899,1036,863
11723,C4920,29,583,District-Bangalore Rural,Total,0-4,665,350,315,116,63,53,114,60,54,25,13,12,73,42,31,30,15,15,3,2,1,241,121,120,63,34,29
11724,C4920,29,583,District-Bangalore Rural,Total,5-9,1230,681,549,163,89,74,153,76,77,172,94,78,125,71,54,109,57,52,10,5,5,296,161,135,202,128,74
11725,C4920,29,583,District-Bangalore Rural,Total,10-19,3384,1878,1506,518,267,251,403,198,205,369,223,146,510,311,199,392,218,174,41,27,14,703,386,317,448,248,200
11726,C4920,29,583,District-Bangalore Rural,Total,20-29,3663,2034,1629,538,312,226,397,231,166,315,168,147,888,533,355,309,131,178,51,25,26,820,453,367,345,181,164
11727,C4920,29,583,District-Bangalore Rural,Total,30-39,3001,1688,1313,477,266,211,349,194,155,227,114,113,812,522,290,192,90,102,61,30,31,646,346,300,237,126,111
11728,C4920,29,583,District-Bangalore Rural,Total,40-49,2583,1540,1043,485,266,219,321,176,145,183,91,92,663,480,183,170,83,87,58,33,25,562,328,234,141,83,58
11729,C4920,29,583,District-Bangalore Rural,Total,50-59,1905,1120,785,458,244,214,231,124,107,88,51,37,527,363,164,82,38,44,51,23,28,364,214,150,104,63,41
11730,C4920,29,583,District-Bangalore Rural,Total,60-69,1868,1043,825,532,257,275,246,135,111,79,50,29,476,329,147,60,31,29,26,13,13,336,177,159,113,51,62
11731,C4920,29,583,District-Bangalore Rural,Total,70-79,1215,687,528,363,188,175,177,89,88,33,23,10,332,225,107,24,14,10,10,4,6,160,91,69,116,53,63
11732,C4920,29,583,District-Bangalore Rural,Total,80-89,554,272,282,162,68,94,111,51,60,16,7,9,112,54,58,4,3,1,3,1,2,63,39,24,83,49,34
11733,C4920,29,583,District-Bangalore Rural,Total,90+,202,100,102,41,16,25,35,21,14,6,6,0,47,26,21,10,7,3,0,0,0,20,7,13,43,17,26
11734,C4920,29,583,District-Bangalore Rural,Total,Age Not Stated,24,14,10,4,2,2,3,2,1,0,0,0,3,1,2,4,3,1,0,0,0,6,3,3,4,3,1
11735,C4920,29,583,District-Bangalore Rural,Rural,Total,15061,8546,6515,2428,1269,1159,1925,1036,889,1150,641,509,3414,2248,1166,1030,519,511,241,127,114,3408,1905,1503,1465,801,664
11736,C4920,29,583,District-Bangalore Rural,Rural,0-4,543,279,264,87,43,44,87,47,40,19,9,10,57,32,25,26,13,13,3,2,1,215,108,107,49,25,24
11737,C4920,29,583,District-Bangalore Rural,Rural,5-9,980,537,443,118,62,56,117,58,59,134,74,60,96,56,40,86,42,44,7,4,3,260,139,121,162,102,60
11738,C4920,29,583,District-Bangalore Rural,Rural,10-19,2563,1445,1118,363,194,169,309,149,160,277,172,105,392,236,156,281,158,123,33,22,11,567,317,250,341,197,144
11739,C4920,29,583,District-Bangalore Rural,Rural,20-29,2733,1544,1189,355,206,149,298,181,117,248,136,112,638,386,252,224,104,120,36,16,20,668,377,291,266,138,128
11740,C4920,29,583,District-Bangalore Rural,Rural,30-39,2199,1266,933,305,176,129,251,144,107,162,83,79,610,402,208,144,66,78,47,24,23,506,282,224,174,89,85
11741,C4920,29,583,District-Bangalore Rural,Rural,40-49,1861,1112,749,255,139,116,241,127,114,139,66,73,506,375,131,126,61,65,44,27,17,439,251,188,111,66,45
11742,C4920,29,583,District-Bangalore Rural,Rural,50-59,1329,787,542,232,118,114,173,94,79,71,41,30,386,268,118,64,27,37,40,18,22,288,176,112,75,45,30
11743,C4920,29,583,District-Bangalore Rural,Rural,60-69,1349,748,601,315,143,172,191,104,87,58,33,25,354,247,107,48,27,21,21,10,11,272,144,128,90,40,50
11744,C4920,29,583,District-Bangalore Rural,Rural,70-79,896,519,377,248,128,120,142,74,68,27,18,9,243,176,67,18,12,6,7,3,4,123,70,53,88,38,50
11745,C4920,29,583,District-Bangalore Rural,Rural,80-89,430,216,214,116,47,69,87,39,48,12,6,6,88,45,43,1,1,0,3,1,2,53,34,19,70,43,27
11746,C4920,29,583,District-Bangalore Rural,Rural,90+,156,80,76,30,11,19,26,17,9,3,3,0,42,24,18,8,5,3,0,0,0,12,5,7,35,15,20
11747,C4920,29,583,District-Bangalore Rural,Rural,Age Not Stated,22,13,9,4,2,2,3,2,1,0,0,0,2,1,1,4,3,1,0,0,0,5,2,3,4,3,1
11748,C4920,29,583,District-Bangalore Rural,Urban,Total,5233,2861,2372,1429,769,660,615,321,294,363,199,164,1154,709,445,356,171,185,73,36,37,809,421,388,434,235,199
11749,C4920,29,583,District-Bangalore Rural,Urban,0-4,122,71,51,29,20,9,27,13,14,6,4,2,16,10,6,4,2,2,0,0,0,26,13,13,14,9,5
11750,C4920,29,583,District-Bangalore Rural,Urban,5-9,250,144,106,45,27,18,36,18,18,38,20,18,29,15,14,23,15,8,3,1,2,36,22,14,40,26,14
11751,C4920,29,583,District-Bangalore Rural,Urban,10-19,821,433,388,155,73,82,94,49,45,92,51,41,118,75,43,111,60,51,8,5,3,136,69,67,107,51,56
11752,C4920,29,583,District-Bangalore Rural,Urban,20-29,930,490,440,183,106,77,99,50,49,67,32,35,250,147,103,85,27,58,15,9,6,152,76,76,79,43,36
11753,C4920,29,583,District-Bangalore Rural,Urban,30-39,802,422,380,172,90,82,98,50,48,65,31,34,202,120,82,48,24,24,14,6,8,140,64,76,63,37,26
11754,C4920,29,583,District-Bangalore Rural,Urban,40-49,722,428,294,230,127,103,80,49,31,44,25,19,157,105,52,44,22,22,14,6,8,123,77,46,30,17,13
11755,C4920,29,583,District-Bangalore Rural,Urban,50-59,576,333,243,226,126,100,58,30,28,17,10,7,141,95,46,18,11,7,11,5,6,76,38,38,29,18,11
11756,C4920,29,583,District-Bangalore Rural,Urban,60-69,519,295,224,217,114,103,55,31,24,21,17,4,122,82,40,12,4,8,5,3,2,64,33,31,23,11,12
11757,C4920,29,583,District-Bangalore Rural,Urban,70-79,319,168,151,115,60,55,35,15,20,6,5,1,89,49,40,6,2,4,3,1,2,37,21,16,28,15,13
11758,C4920,29,583,District-Bangalore Rural,Urban,80-89,124,56,68,46,21,25,24,12,12,4,1,3,24,9,15,3,2,1,0,0,0,10,5,5,13,6,7
11759,C4920,29,583,District-Bangalore Rural,Urban,90+,46,20,26,11,5,6,9,4,5,3,3,0,5,2,3,2,2,0,0,0,0,8,2,6,8,2,6
11760,C4920,29,583,District-Bangalore Rural,Urban,Age Not Stated,2,1,1,0,0,0,0,0,0,0,0,0,1,0,1,0,0,0,0,0,0,1,1,0,0,0,0
11761,C4920,29,584,District-Ramanagara,Total,Total,19183,10827,8356,3113,1646,1467,2915,1517,1398,1683,878,805,4850,3187,1663,1466,775,691,305,156,149,2982,1671,1311,1869,997,872
11762,C4920,29,584,District-Ramanagara,Total,0-4,561,297,264,95,54,41,105,49,56,16,6,10,84,42,42,22,13,9,3,1,2,156,86,70,80,46,34
11763,C4920,29,584,District-Ramanagara,Total,5-9,1046,576,470,134,68,66,146,80,66,125,69,56,168,98,70,104,56,48,9,5,4,189,108,81,171,92,79
11764,C4920,29,584,District-Ramanagara,Total,10-19,3357,1898,1459,542,320,222,473,234,239,400,227,173,528,328,200,370,201,169,40,24,16,551,311,240,453,253,200
11765,C4920,29,584,District-Ramanagara,Total,20-29,3498,1935,1563,412,248,164,506,291,215,357,185,172,930,572,358,360,180,180,53,24,29,524,262,262,356,173,183
11766,C4920,29,584,District-Ramanagara,Total,30-39,2774,1591,1183,315,176,139,412,223,189,275,128,147,791,525,266,266,143,123,68,34,34,438,251,187,209,111,98
11767,C4920,29,584,District-Ramanagara,Total,40-49,2383,1422,961,311,165,146,370,194,176,214,111,103,684,483,201,189,103,86,59,32,27,381,225,156,175,109,66
11768,C4920,29,584,District-Ramanagara,Total,50-59,1845,1090,755,301,152,149,294,142,152,138,68,70,636,446,190,71,33,38,30,17,13,271,159,112,104,73,31
11769,C4920,29,584,District-Ramanagara,Total,60-69,1842,1051,791,416,209,207,289,153,136,102,56,46,559,382,177,49,26,23,28,13,15,270,151,119,129,61,68
11770,C4920,29,584,District-Ramanagara,Total,70-79,1172,652,520,349,168,181,207,99,108,40,22,18,317,219,98,21,13,8,13,5,8,136,82,54,89,44,45
11771,C4920,29,584,District-Ramanagara,Total,80-89,473,226,247,166,63,103,75,35,40,14,6,8,109,72,37,5,2,3,1,0,1,48,26,22,55,22,33
11772,C4920,29,584,District-Ramanagara,Total,90+,196,70,126,69,21,48,33,15,18,1,0,1,35,15,20,5,2,3,1,1,0,11,6,5,41,10,31
11773,C4920,29,584,District-Ramanagara,Total,Age Not Stated,36,19,17,3,2,1,5,2,3,1,0,1,9,5,4,4,3,1,0,0,0,7,4,3,7,3,4
11774,C4920,29,584,District-Ramanagara,Rural,Total,14959,8451,6508,2508,1334,1174,2221,1146,1075,1325,686,639,3746,2479,1267,1167,614,553,228,106,122,2239,1275,964,1525,811,714
11775,C4920,29,584,District-Ramanagara,Rural,0-4,427,225,202,73,42,31,84,38,46,12,4,8,57,29,28,17,11,6,3,1,2,120,67,53,61,33,28
11776,C4920,29,584,District-Ramanagara,Rural,5-9,792,440,352,103,59,44,107,60,47,94,50,44,128,72,56,80,40,40,6,3,3,142,83,59,132,73,59
11777,C4920,29,584,District-Ramanagara,Rural,10-19,2549,1437,1112,430,256,174,342,167,175,304,167,137,391,242,149,284,155,129,30,18,12,402,226,176,366,206,160
11778,C4920,29,584,District-Ramanagara,Rural,20-29,2658,1493,1165,321,205,116,362,212,150,292,154,138,678,423,255,299,152,147,34,10,24,378,202,176,294,135,159
11779,C4920,29,584,District-Ramanagara,Rural,30-39,2105,1231,874,237,131,106,301,160,141,208,101,107,590,403,187,210,114,96,51,24,27,325,199,126,183,99,84
11780,C4920,29,584,District-Ramanagara,Rural,40-49,1852,1107,745,237,123,114,286,149,137,175,93,82,538,381,157,154,82,72,48,26,22,276,165,111,138,88,50
11781,C4920,29,584,District-Ramanagara,Rural,50-59,1442,838,604,235,115,120,239,114,125,109,50,59,502,353,149,55,25,30,19,9,10,206,115,91,77,57,20
11782,C4920,29,584,District-Ramanagara,Rural,60-69,1527,858,669,355,176,179,234,125,109,85,47,38,466,314,152,37,18,19,24,10,14,224,119,105,102,49,53
11783,C4920,29,584,District-Ramanagara,Rural,70-79,997,556,441,302,150,152,176,82,94,32,16,16,265,184,81,17,10,7,11,4,7,115,68,47,79,42,37
11784,C4920,29,584,District-Ramanagara,Rural,80-89,404,190,214,153,60,93,61,26,35,12,4,8,92,60,32,5,2,3,1,0,1,34,21,13,46,17,29
11785,C4920,29,584,District-Ramanagara,Rural,90+,177,61,116,59,15,44,28,13,15,1,0,1,32,15,17,5,2,3,1,1,0,11,6,5,40,9,31
11786,C4920,29,584,District-Ramanagara,Rural,Age Not Stated,29,15,14,3,2,1,1,0,1,1,0,1,7,3,4,4,3,1,0,0,0,6,4,2,7,3,4
11787,C4920,29,584,District-Ramanagara,Urban,Total,4224,2376,1848,605,312,293,694,371,323,358,192,166,1104,708,396,299,161,138,77,50,27,743,396,347,344,186,158
11788,C4920,29,584,District-Ramanagara,Urban,0-4,134,72,62,22,12,10,21,11,10,4,2,2,27,13,14,5,2,3,0,0,0,36,19,17,19,13,6
11789,C4920,29,584,District-Ramanagara,Urban,5-9,254,136,118,31,9,22,39,20,19,31,19,12,40,26,14,24,16,8,3,2,1,47,25,22,39,19,20
11790,C4920,29,584,District-Ramanagara,Urban,10-19,808,461,347,112,64,48,131,67,64,96,60,36,137,86,51,86,46,40,10,6,4,149,85,64,87,47,40
11791,C4920,29,584,District-Ramanagara,Urban,20-29,840,442,398,91,43,48,144,79,65,65,31,34,252,149,103,61,28,33,19,14,5,146,60,86,62,38,24
11792,C4920,29,584,District-Ramanagara,Urban,30-39,669,360,309,78,45,33,111,63,48,67,27,40,201,122,79,56,29,27,17,10,7,113,52,61,26,12,14
11793,C4920,29,584,District-Ramanagara,Urban,40-49,531,315,216,74,42,32,84,45,39,39,18,21,146,102,44,35,21,14,11,6,5,105,60,45,37,21,16
11794,C4920,29,584,District-Ramanagara,Urban,50-59,403,252,151,66,37,29,55,28,27,29,18,11,134,93,41,16,8,8,11,8,3,65,44,21,27,16,11
11795,C4920,29,584,District-Ramanagara,Urban,60-69,315,193,122,61,33,28,55,28,27,17,9,8,93,68,25,12,8,4,4,3,1,46,32,14,27,12,15
11796,C4920,29,584,District-Ramanagara,Urban,70-79,175,96,79,47,18,29,31,17,14,8,6,2,52,35,17,4,3,1,2,1,1,21,14,7,10,2,8
11797,C4920,29,584,District-Ramanagara,Urban,80-89,69,36,33,13,3,10,14,9,5,2,2,0,17,12,5,0,0,0,0,0,0,14,5,9,9,5,4
11798,C4920,29,584,District-Ramanagara,Urban,90+,19,9,10,10,6,4,5,2,3,0,0,0,3,0,3,0,0,0,0,0,0,0,0,0,1,1,0
11799,C4920,29,584,District-Ramanagara,Urban,Age Not Stated,7,4,3,0,0,0,4,2,2,0,0,0,2,2,0,0,0,0,0,0,0,1,0,1,0,0,0
11800,C4920,31,0,State-LAKSHADWEEP,Total,0-4,44,25,19,3,2,1,8,4,4,2,1,1,11,5,6,1,1,0,0,0,0,12,8,4,7,4,3
11801,C4920,31,0,State-LAKSHADWEEP,Total,5-9,103,50,53,17,6,11,12,3,9,4,4,0,14,7,7,13,10,3,0,0,0,20,11,9,23,9,14
11802,C4920,31,0,State-LAKSHADWEEP,Total,10-19,235,124,111,50,28,22,38,19,19,13,7,6,25,12,13,34,18,16,0,0,0,29,16,13,46,24,22
11803,C4920,31,0,State-LAKSHADWEEP,Total,20-29,259,146,113,42,21,21,44,20,24,20,12,8,43,30,13,28,21,7,10,3,7,33,17,16,39,22,17
11804,C4920,31,0,State-LAKSHADWEEP,Total,30-39,247,134,113,30,8,22,30,16,14,14,10,4,78,48,30,19,15,4,23,9,14,19,9,10,34,19,15
11805,C4920,31,0,State-LAKSHADWEEP,Total,40-49,211,102,109,46,18,28,30,16,14,9,7,2,43,27,16,8,4,4,29,8,21,22,13,9,24,9,15
11806,C4920,31,0,State-LAKSHADWEEP,Total,50-59,198,104,94,56,24,32,19,9,10,4,2,2,48,28,20,6,5,1,22,9,13,28,17,11,15,10,5
11807,C4920,31,0,State-LAKSHADWEEP,Total,60-69,173,85,88,51,23,28,20,9,11,6,4,2,57,29,28,2,0,2,11,5,6,10,5,5,16,10,6
11808,C4920,31,0,State-LAKSHADWEEP,Total,70-79,92,45,47,29,12,17,13,5,8,1,1,0,24,15,9,1,1,0,1,0,1,10,4,6,13,7,6
11809,C4920,31,0,State-LAKSHADWEEP,Total,80-89,42,21,21,12,7,5,9,4,5,0,0,0,15,8,7,0,0,0,0,0,0,0,0,0,6,2,4
11810,C4920,31,0,State-LAKSHADWEEP,Total,90+,11,2,9,1,0,1,1,0,1,0,0,0,3,1,2,0,0,0,0,0,0,0,0,0,6,1,5
11811,C4920,31,0,State-LAKSHADWEEP,Total,Age Not Stated,0,0,0,0,0,0,0,0,0,0,0,0,0,0,0,0,0,0,0,0,0,0,0,0,0,0,0
11812,C4920,31,0,State-LAKSHADWEEP,Rural,Total,396,188,208,104,45,59,47,22,25,10,7,3,79,44,35,24,13,11,39,12,27,35,16,19,58,29,29
11813,C4920,31,0,State-LAKSHADWEEP,Rural,0-4,7,3,4,1,0,1,2,1,1,0,0,0,3,1,2,0,0,0,0,0,0,0,0,0,1,1,0
11814,C4920,31,0,State-LAKSHADWEEP,Rural,5-9,20,7,13,1,0,1,4,2,2,1,1,0,4,1,3,1,1,0,0,0,0,0,0,0,9,2,7
11815,C4920,31,0,State-LAKSHADWEEP,Rural,10-19,51,23,28,15,4,11,8,5,3,1,0,1,5,2,3,10,4,6,0,0,0,4,3,1,8,5,3
11816,C4920,31,0,State-LAKSHADWEEP,Rural,20-29,50,25,25,10,7,3,8,2,6,1,0,1,5,4,1,7,4,3,5,1,4,6,2,4,8,5,3
11817,C4920,31,0,State-LAKSHADWEEP,Rural,30-39,58,28,30,7,1,6,7,4,3,2,1,1,15,9,6,3,2,1,11,5,6,7,3,4,6,3,3
11818,C4920,31,0,State-LAKSHADWEEP,Rural,40-49,55,23,32,21,5,16,4,3,1,2,2,0,6,3,3,2,1,1,11,3,8,7,4,3,2,2,0
11819,C4920,31,0,State-LAKSHADWEEP,Rural,50-59,51,26,25,18,12,6,5,2,3,1,1,0,7,3,4,1,1,0,7,1,6,7,3,4,5,3,2
11820,C4920,31,0,State-LAKSHADWEEP,Rural,60-69,58,28,30,17,8,9,4,1,3,1,1,0,22,11,11,0,0,0,5,2,3,2,1,1,7,4,3
11821,C4920,31,0,State-LAKSHADWEEP,Rural,70-79,29,13,16,10,5,5,2,0,2,1,1,0,8,6,2,0,0,0,0,0,0,2,0,2,6,1,5
11822,C4920,31,0,State-LAKSHADWEEP,Rural,80-89,15,11,4,4,3,1,3,2,1,0,0,0,4,4,0,0,0,0,0,0,0,0,0,0,4,2,2
11823,C4920,31,0,State-LAKSHADWEEP,Rural,90+,2,1,1,0,0,0,0,0,0,0,0,0,0,0,0,0,0,0,0,0,0,0,0,0,2,1,1
11824,C4920,31,0,State-LAKSHADWEEP,Rural,Age Not Stated,0,0,0,0,0,0,0,0,0,0,0,0,0,0,0,0,0,0,0,0,0,0,0,0,0,0,0
11825,C4920,31,0,State-LAKSHADWEEP,Urban,Total,1219,650,569,233,104,129,177,83,94,63,41,22,282,166,116,88,62,26,57,22,35,148,84,64,171,88,83
11826,C4920,31,0,State-LAKSHADWEEP,Urban,0-4,37,22,15,2,2,0,6,3,3,2,1,1,8,4,4,1,1,0,0,0,0,12,8,4,6,3,3
11827,C4920,31,0,State-LAKSHADWEEP,Urban,5-9,83,43,40,16,6,10,8,1,7,3,3,0,10,6,4,12,9,3,0,0,0,20,11,9,14,7,7
11828,C4920,31,0,State-LAKSHADWEEP,Urban,10-19,184,101,83,35,24,11,30,14,16,12,7,5,20,10,10,24,14,10,0,0,0,25,13,12,38,19,19
11829,C4920,31,0,State-LAKSHADWEEP,Urban,20-29,209,121,88,32,14,18,36,18,18,19,12,7,38,26,12,21,17,4,5,2,3,27,15,12,31,17,14
11830,C4920,31,0,State-LAKSHADWEEP,Urban,30-39,189,106,83,23,7,16,23,12,11,12,9,3,63,39,24,16,13,3,12,4,8,12,6,6,28,16,12
11831,C4920,31,0,State-LAKSHADWEEP,Urban,40-49,156,79,77,25,13,12,26,13,13,7,5,2,37,24,13,6,3,3,18,5,13,15,9,6,22,7,15
11832,C4920,31,0,State-LAKSHADWEEP,Urban,50-59,147,78,69,38,12,26,14,7,7,3,1,2,41,25,16,5,4,1,15,8,7,21,14,7,10,7,3
11833,C4920,31,0,State-LAKSHADWEEP,Urban,60-69,115,57,58,34,15,19,16,8,8,5,3,2,35,18,17,2,0,2,6,3,3,8,4,4,9,6,3
11834,C4920,31,0,State-LAKSHADWEEP,Urban,70-79,63,32,31,19,7,12,11,5,6,0,0,0,16,9,7,1,1,0,1,0,1,8,4,4,7,6,1
11835,C4920,31,0,State-LAKSHADWEEP,Urban,80-89,27,10,17,8,4,4,6,2,4,0,0,0,11,4,7,0,0,0,0,0,0,0,0,0,2,0,2
11836,C4920,31,0,State-LAKSHADWEEP,Urban,90+,9,1,8,1,0,1,1,0,1,0,0,0,3,1,2,0,0,0,0,0,0,0,0,0,4,0,4
11837,C4920,31,0,State-LAKSHADWEEP,Urban,Age Not Stated,0,0,0,0,0,0,0,0,0,0,0,0,0,0,0,0,0,0,0,0,0,0,0,0,0,0,0
11838,C4920,31,587,District-Lakshadweep,Total,Total,1615,838,777,337,149,188,224,105,119,73,48,25,361,210,151,112,75,37,96,34,62,183,100,83,229,117,112
11839,C4920,31,587,District-Lakshadweep,Total,0-4,44,25,19,3,2,1,8,4,4,2,1,1,11,5,6,1,1,0,0,0,0,12,8,4,7,4,3
11840,C4920,31,587,District-Lakshadweep,Total,5-9,103,50,53,17,6,11,12,3,9,4,4,0,14,7,7,13,10,3,0,0,0,20,11,9,23,9,14
11841,C4920,31,587,District-Lakshadweep,Total,10-19,235,124,111,50,28,22,38,19,19,13,7,6,25,12,13,34,18,16,0,0,0,29,16,13,46,24,22
11842,C4920,31,587,District-Lakshadweep,Total,20-29,259,146,113,42,21,21,44,20,24,20,12,8,43,30,13,28,21,7,10,3,7,33,17,16,39,22,17
11843,C4920,31,587,District-Lakshadweep,Total,30-39,247,134,113,30,8,22,30,16,14,14,10,4,78,48,30,19,15,4,23,9,14,19,9,10,34,19,15
11844,C4920,31,587,District-Lakshadweep,Total,40-49,211,102,109,46,18,28,30,16,14,9,7,2,43,27,16,8,4,4,29,8,21,22,13,9,24,9,15
11845,C4920,31,587,District-Lakshadweep,Total,50-59,198,104,94,56,24,32,19,9,10,4,2,2,48,28,20,6,5,1,22,9,13,28,17,11,15,10,5
11846,C4920,31,587,District-Lakshadweep,Total,60-69,173,85,88,51,23,28,20,9,11,6,4,2,57,29,28,2,0,2,11,5,6,10,5,5,16,10,6
11847,C4920,31,587,District-Lakshadweep,Total,70-79,92,45,47,29,12,17,13,5,8,1,1,0,24,15,9,1,1,0,1,0,1,10,4,6,13,7,6
11848,C4920,31,587,District-Lakshadweep,Total,80-89,42,21,21,12,7,5,9,4,5,0,0,0,15,8,7,0,0,0,0,0,0,0,0,0,6,2,4
11849,C4920,31,587,District-Lakshadweep,Total,90+,11,2,9,1,0,1,1,0,1,0,0,0,3,1,2,0,0,0,0,0,0,0,0,0,6,1,5
11850,C4920,31,587,District-Lakshadweep,Total,Age Not Stated,0,0,0,0,0,0,0,0,0,0,0,0,0,0,0,0,0,0,0,0,0,0,0,0,0,0,0
11851,C4920,31,587,District-Lakshadweep,Rural,Total,396,188,208,104,45,59,47,22,25,10,7,3,79,44,35,24,13,11,39,12,27,35,16,19,58,29,29
11852,C4920,31,587,District-Lakshadweep,Rural,0-4,7,3,4,1,0,1,2,1,1,0,0,0,3,1,2,0,0,0,0,0,0,0,0,0,1,1,0
11853,C4920,31,587,District-Lakshadweep,Rural,5-9,20,7,13,1,0,1,4,2,2,1,1,0,4,1,3,1,1,0,0,0,0,0,0,0,9,2,7
11854,C4920,31,587,District-Lakshadweep,Rural,10-19,51,23,28,15,4,11,8,5,3,1,0,1,5,2,3,10,4,6,0,0,0,4,3,1,8,5,3
11855,C4920,31,587,District-Lakshadweep,Rural,20-29,50,25,25,10,7,3,8,2,6,1,0,1,5,4,1,7,4,3,5,1,4,6,2,4,8,5,3
11856,C4920,31,587,District-Lakshadweep,Rural,30-39,58,28,30,7,1,6,7,4,3,2,1,1,15,9,6,3,2,1,11,5,6,7,3,4,6,3,3
11857,C4920,31,587,District-Lakshadweep,Rural,40-49,55,23,32,21,5,16,4,3,1,2,2,0,6,3,3,2,1,1,11,3,8,7,4,3,2,2,0
11858,C4920,31,587,District-Lakshadweep,Rural,50-59,51,26,25,18,12,6,5,2,3,1,1,0,7,3,4,1,1,0,7,1,6,7,3,4,5,3,2
11859,C4920,31,587,District-Lakshadweep,Rural,60-69,58,28,30,17,8,9,4,1,3,1,1,0,22,11,11,0,0,0,5,2,3,2,1,1,7,4,3
11860,C4920,31,587,District-Lakshadweep,Rural,70-79,29,13,16,10,5,5,2,0,2,1,1,0,8,6,2,0,0,0,0,0,0,2,0,2,6,1,5
11861,C4920,31,587,District-Lakshadweep,Rural,80-89,15,11,4,4,3,1,3,2,1,0,0,0,4,4,0,0,0,0,0,0,0,0,0,0,4,2,2
11862,C4920,31,587,District-Lakshadweep,Rural,90+,2,1,1,0,0,0,0,0,0,0,0,0,0,0,0,0,0,0,0,0,0,0,0,0,2,1,1
11863,C4920,31,587,District-Lakshadweep,Rural,Age Not Stated,0,0,0,0,0,0,0,0,0,0,0,0,0,0,0,0,0,0,0,0,0,0,0,0,0,0,0
11864,C4920,31,587,District-Lakshadweep,Urban,Total,1219,650,569,233,104,129,177,83,94,63,41,22,282,166,116,88,62,26,57,22,35,148,84,64,171,88,83
11865,C4920,31,587,District-Lakshadweep,Urban,0-4,37,22,15,2,2,0,6,3,3,2,1,1,8,4,4,1,1,0,0,0,0,12,8,4,6,3,3
11866,C4920,31,587,District-Lakshadweep,Urban,5-9,83,43,40,16,6,10,8,1,7,3,3,0,10,6,4,12,9,3,0,0,0,20,11,9,14,7,7
11867,C4920,31,587,District-Lakshadweep,Urban,10-19,184,101,83,35,24,11,30,14,16,12,7,5,20,10,10,24,14,10,0,0,0,25,13,12,38,19,19
11868,C4920,31,587,District-Lakshadweep,Urban,20-29,209,121,88,32,14,18,36,18,18,19,12,7,38,26,12,21,17,4,5,2,3,27,15,12,31,17,14
11869,C4920,31,587,District-Lakshadweep,Urban,30-39,189,106,83,23,7,16,23,12,11,12,9,3,63,39,24,16,13,3,12,4,8,12,6,6,28,16,12
11870,C4920,31,587,District-Lakshadweep,Urban,40-49,156,79,77,25,13,12,26,13,13,7,5,2,37,24,13,6,3,3,18,5,13,15,9,6,22,7,15
11871,C4920,31,587,District-Lakshadweep,Urban,50-59,147,78,69,38,12,26,14,7,7,3,1,2,41,25,16,5,4,1,15,8,7,21,14,7,10,7,3
11872,C4920,31,587,District-Lakshadweep,Urban,60-69,115,57,58,34,15,19,16,8,8,5,3,2,35,18,17,2,0,2,6,3,3,8,4,4,9,6,3
11873,C4920,31,587,District-Lakshadweep,Urban,70-79,63,32,31,19,7,12,11,5,6,0,0,0,16,9,7,1,1,0,1,0,1,8,4,4,7,6,1
11874,C4920,31,587,District-Lakshadweep,Urban,80-89,27,10,17,8,4,4,6,2,4,0,0,0,11,4,7,0,0,0,0,0,0,0,0,0,2,0,2
11875,C4920,31,587,District-Lakshadweep,Urban,90+,9,1,8,1,0,1,1,0,1,0,0,0,3,1,2,0,0,0,0,0,0,0,0,0,4,0,4
11876,C4920,31,587,District-Lakshadweep,Urban,Age Not Stated,0,0,0,0,0,0,0,0,0,0,0,0,0,0,0,0,0,0,0,0,0,0,0,0,0,0,0
11877,C4920,32,0,State-KERALA,Total,0-4,16039,8698,7341,1390,689,701,3428,1756,1672,584,333,251,2293,1364,929,909,511,398,78,30,48,5072,2730,2342,2285,1285,1000
11878,C4920,32,0,State-KERALA,Total,5-9,28183,15925,12258,2979,1601,1378,4359,2267,2092,3449,2044,1405,3300,1969,1331,3766,2253,1513,182,110,72,4734,2541,2193,5414,3140,2274
11879,C4920,32,0,State-KERALA,Total,10-19,76235,43621,32614,9101,5127,3974,10781,5831,4950,6633,3900,2733,8970,5430,3540,15149,8955,6194,1369,765,604,10955,6013,4942,13277,7600,5677
11880,C4920,32,0,State-KERALA,Total,20-29,86477,47514,38963,6630,3771,2859,10755,5217,5538,6365,3254,3111,15400,9168,6232,15194,8569,6625,6287,3584,2703,12306,6443,5863,13540,7508,6032
11881,C4920,32,0,State-KERALA,Total,30-39,102996,54831,48165,8184,4042,4142,11466,5231,6235,6541,3197,3344,24669,14847,9822,13001,6700,6301,13309,7417,5892,12546,6353,6193,13280,7044,6236
11882,C4920,32,0,State-KERALA,Total,40-49,116500,62792,53708,14480,6986,7494,13119,5976,7143,6374,3369,3005,29523,18543,10980,9216,4631,4585,17308,9368,7940,14377,7367,7010,12103,6552,5551
11883,C4920,32,0,State-KERALA,Total,50-59,108815,59296,49519,18727,9130,9597,12764,5952,6812,4917,2768,2149,30725,19336,11389,4719,2345,2374,13774,7005,6769,13597,7344,6253,9592,5416,4176
11884,C4920,32,0,State-KERALA,Total,60-69,98490,49211,49279,22538,9650,12888,13154,5702,7452,3640,2041,1599,27802,16640,11162,2254,1054,1200,8445,3573,4872,11324,5788,5536,9333,4763,4570
11885,C4920,32,0,State-KERALA,Total,70-79,75192,32729,42463,19555,7806,11749,13559,5492,8067,1943,1011,932,18259,9290,8969,933,369,564,3964,1318,2646,7220,3281,3939,9759,4162,5597
11886,C4920,32,0,State-KERALA,Total,80-89,41903,16110,25793,10045,3711,6334,9598,3767,5831,726,331,395,8787,3640,5147,391,133,258,1389,364,1025,3172,1301,1871,7795,2863,4932
11887,C4920,32,0,State-KERALA,Total,90+,9270,3148,6122,1788,607,1181,2130,783,1347,96,38,58,1734,578,1156,68,26,42,192,63,129,591,212,379,2671,841,1830
11888,C4920,32,0,State-KERALA,Total,Age Not Stated,1743,831,912,96,47,49,253,113,140,78,33,45,168,89,79,109,68,41,618,222,396,237,125,112,184,134,50
11889,C4920,32,0,State-KERALA,Rural,Total,414875,215752,199123,63409,29155,34254,56110,25617,30493,22534,12267,10267,93297,55511,37786,35170,18926,16244,37432,18941,18491,52351,27088,25263,54572,28247,26325
11890,C4920,32,0,State-KERALA,Rural,0-4,8522,4628,3894,727,349,378,1702,857,845,299,173,126,1292,783,509,494,274,220,46,18,28,2683,1464,1219,1279,710,569
11891,C4920,32,0,State-KERALA,Rural,5-9,15196,8685,6511,1587,865,722,2200,1144,1056,1924,1151,773,1862,1153,709,2066,1261,805,95,57,38,2536,1346,1190,2926,1708,1218
11892,C4920,32,0,State-KERALA,Rural,10-19,41011,23377,17634,4786,2685,2101,5490,2968,2522,3699,2167,1532,4969,3034,1935,8085,4737,3348,769,422,347,5920,3214,2706,7293,4150,3143
11893,C4920,32,0,State-KERALA,Rural,20-29,46814,25693,21121,3528,1959,1569,5575,2691,2884,3441,1766,1675,8539,5164,3375,8152,4548,3604,3508,2003,1505,6800,3541,3259,7271,4021,3250
11894,C4920,32,0,State-KERALA,Rural,30-39,55721,29680,26041,4449,2163,2286,5894,2659,3235,3578,1778,1800,13577,8234,5343,6856,3473,3383,7432,4107,3325,6756,3440,3316,7179,3826,3353
11895,C4920,32,0,State-KERALA,Rural,40-49,63001,33954,29047,7904,3785,4119,6957,3165,3792,3439,1818,1621,16006,10135,5871,4916,2431,2485,9515,5094,4421,7779,4014,3765,6485,3512,2973
11896,C4920,32,0,State-KERALA,Rural,50-59,59109,32571,26538,10192,4985,5207,6712,3217,3495,2705,1553,1152,16484,10511,5973,2555,1285,1270,7815,3975,3840,7393,4051,3342,5253,2994,2259
11897,C4920,32,0,State-KERALA,Rural,60-69,53732,27052,26680,12468,5365,7103,7182,3151,4031,1930,1108,822,14883,9002,5881,1221,590,631,4715,2038,2677,6219,3185,3034,5114,2613,2501
11898,C4920,32,0,State-KERALA,Rural,70-79,41365,18193,23172,10934,4384,6550,7392,2994,4398,1031,540,491,9733,5033,4700,512,204,308,2241,793,1448,3980,1858,2122,5542,2387,3155
11899,C4920,32,0,State-KERALA,Rural,80-89,23776,9447,14329,5690,2205,3485,5520,2196,3324,390,173,217,4845,2068,2777,217,75,142,797,227,570,1823,780,1043,4494,1723,2771
11900,C4920,32,0,State-KERALA,Rural,90+,5652,2001,3651,1103,389,714,1311,491,820,58,22,36,1013,348,665,35,11,24,108,34,74,343,131,212,1681,575,1106
11901,C4920,32,0,State-KERALA,Rural,Age Not Stated,976,471,505,41,21,20,175,84,91,40,18,22,94,46,48,61,37,24,391,173,218,119,64,55,55,28,27
11902,C4920,32,0,State-KERALA,Urban,Total,346968,178954,168014,52104,24012,28092,49256,22470,26786,18812,10052,8760,78333,45383,32950,30539,16688,13851,29483,14878,14605,43780,22410,21370,44661,23061,21600
11903,C4920,32,0,State-KERALA,Urban,0-4,7517,4070,3447,663,340,323,1726,899,827,285,160,125,1001,581,420,415,237,178,32,12,20,2389,1266,1123,1006,575,431
11904,C4920,32,0,State-KERALA,Urban,5-9,12987,7240,5747,1392,736,656,2159,1123,1036,1525,893,632,1438,816,622,1700,992,708,87,53,34,2198,1195,1003,2488,1432,1056
11905,C4920,32,0,State-KERALA,Urban,10-19,35224,20244,14980,4315,2442,1873,5291,2863,2428,2934,1733,1201,4001,2396,1605,7064,4218,2846,600,343,257,5035,2799,2236,5984,3450,2534
11906,C4920,32,0,State-KERALA,Urban,20-29,39663,21821,17842,3102,1812,1290,5180,2526,2654,2924,1488,1436,6861,4004,2857,7042,4021,3021,2779,1581,1198,5506,2902,2604,6269,3487,2782
11907,C4920,32,0,State-KERALA,Urban,30-39,47275,25151,22124,3735,1879,1856,5572,2572,3000,2963,1419,1544,11092,6613,4479,6145,3227,2918,5877,3310,2567,5790,2913,2877,6101,3218,2883
11908,C4920,32,0,State-KERALA,Urban,40-49,53499,28838,24661,6576,3201,3375,6162,2811,3351,2935,1551,1384,13517,8408,5109,4300,2200,2100,7793,4274,3519,6598,3353,3245,5618,3040,2578
11909,C4920,32,0,State-KERALA,Urban,50-59,49706,26725,22981,8535,4145,4390,6052,2735,3317,2212,1215,997,14241,8825,5416,2164,1060,1104,5959,3030,2929,6204,3293,2911,4339,2422,1917
11910,C4920,32,0,State-KERALA,Urban,60-69,44758,22159,22599,10070,4285,5785,5972,2551,3421,1710,933,777,12919,7638,5281,1033,464,569,3730,1535,2195,5105,2603,2502,4219,2150,2069
11911,C4920,32,0,State-KERALA,Urban,70-79,33827,14536,19291,8621,3422,5199,6167,2498,3669,912,471,441,8526,4257,4269,421,165,256,1723,525,1198,3240,1423,1817,4217,1775,2442
11912,C4920,32,0,State-KERALA,Urban,80-89,18127,6663,11464,4355,1506,2849,4078,1571,2507,336,158,178,3942,1572,2370,174,58,116,592,137,455,1349,521,828,3301,1140,2161
11913,C4920,32,0,State-KERALA,Urban,90+,3618,1147,2471,685,218,467,819,292,527,38,16,22,721,230,491,33,15,18,84,29,55,248,81,167,990,266,724
11914,C4920,32,0,State-KERALA,Urban,Age Not Stated,767,360,407,55,26,29,78,29,49,38,15,23,74,43,31,48,31,17,227,49,178,118,61,57,129,106,23
11915,C4920,32,588,District-Kasaragod,Total,Total,29730,16180,13550,4445,2149,2296,4150,2029,2121,2057,1080,977,6402,3970,2432,2496,1370,1126,1998,1108,890,4181,2308,1873,4001,2166,1835
11916,C4920,32,588,District-Kasaragod,Total,0-4,953,538,415,82,53,29,181,94,87,33,20,13,139,89,50,43,22,21,5,3,2,343,191,152,127,66,61
11917,C4920,32,588,District-Kasaragod,Total,5-9,1560,916,644,159,90,69,214,117,97,193,109,84,217,137,80,179,94,85,13,9,4,330,189,141,255,171,84
11918,C4920,32,588,District-Kasaragod,Total,10-19,4009,2258,1751,532,302,230,534,280,254,391,227,164,464,268,196,644,369,275,84,47,37,699,405,294,661,360,301
11919,C4920,32,588,District-Kasaragod,Total,20-29,4361,2415,1946,382,210,172,509,254,255,408,200,208,719,442,277,651,352,299,308,202,106,691,356,335,693,399,294
11920,C4920,32,588,District-Kasaragod,Total,30-39,4268,2311,1957,384,195,189,543,263,280,321,154,167,998,617,381,461,240,221,437,247,190,587,320,267,537,275,262
11921,C4920,32,588,District-Kasaragod,Total,40-49,4046,2305,1741,535,261,274,506,257,249,285,137,148,1084,716,368,272,147,125,439,240,199,488,287,201,437,260,177
11922,C4920,32,588,District-Kasaragod,Total,50-59,3590,2050,1540,660,325,335,530,267,263,196,109,87,1033,687,346,133,76,57,366,209,157,399,224,175,273,153,120
11923,C4920,32,588,District-Kasaragod,Total,60-69,3275,1736,1539,764,331,433,455,209,246,137,79,58,961,610,351,70,40,30,210,96,114,337,186,151,341,185,156
11924,C4920,32,588,District-Kasaragod,Total,70-79,2204,1045,1159,603,256,347,374,156,218,73,35,38,507,285,222,22,13,9,101,42,59,190,97,93,334,161,173
11925,C4920,32,588,District-Kasaragod,Total,80-89,1137,456,681,280,105,175,249,104,145,20,10,10,230,94,136,6,4,2,25,8,17,81,38,43,246,93,153
11926,C4920,32,588,District-Kasaragod,Total,90+,281,117,164,59,19,40,51,26,25,0,0,0,43,18,25,3,1,2,9,4,5,22,9,13,94,40,54
11927,C4920,32,588,District-Kasaragod,Total,Age Not Stated,46,33,13,5,2,3,4,2,2,0,0,0,7,7,0,12,12,0,1,1,0,14,6,8,3,3,0
11928,C4920,32,588,District-Kasaragod,Rural,Total,19145,10497,8648,2869,1404,1465,2861,1424,1437,1412,746,666,4072,2564,1508,1509,807,702,1317,738,579,2536,1434,1102,2569,1380,1189
11929,C4920,32,588,District-Kasaragod,Rural,0-4,582,318,264,40,22,18,121,60,61,28,16,12,96,59,37,24,11,13,4,2,2,198,114,84,71,34,37
11930,C4920,32,588,District-Kasaragod,Rural,5-9,984,582,402,97,55,42,156,85,71,136,76,60,138,88,50,101,57,44,11,8,3,181,106,75,164,107,57
11931,C4920,32,588,District-Kasaragod,Rural,10-19,2598,1458,1140,325,194,131,368,181,187,283,158,125,322,189,133,379,210,169,53,31,22,426,260,166,442,235,207
11932,C4920,32,588,District-Kasaragod,Rural,20-29,2754,1529,1225,228,119,109,342,174,168,280,139,141,459,285,174,388,208,180,200,135,65,417,219,198,440,250,190
11933,C4920,32,588,District-Kasaragod,Rural,30-39,2665,1425,1240,240,116,124,373,184,189,224,114,110,611,383,228,279,138,141,289,163,126,316,163,153,333,164,169
11934,C4920,32,588,District-Kasaragod,Rural,40-49,2703,1549,1154,374,193,181,366,192,174,189,88,101,692,462,230,183,95,88,303,169,134,312,185,127,284,165,119
11935,C4920,32,588,District-Kasaragod,Rural,50-59,2397,1400,997,443,228,215,370,195,175,136,76,60,678,458,220,89,49,40,252,143,109,258,152,106,171,99,72
11936,C4920,32,588,District-Kasaragod,Rural,60-69,2073,1116,957,487,214,273,301,144,157,77,50,27,605,393,212,47,26,21,118,51,67,220,121,99,218,117,101
11937,C4920,32,588,District-Kasaragod,Rural,70-79,1411,708,703,399,173,226,244,113,131,43,21,22,301,179,122,10,7,3,68,30,38,127,73,54,219,112,107
11938,C4920,32,588,District-Kasaragod,Rural,80-89,760,317,443,191,75,116,180,78,102,16,8,8,140,54,86,3,2,1,15,5,10,61,31,30,154,64,90
11939,C4920,32,588,District-Kasaragod,Rural,90+,202,86,116,43,15,28,38,18,20,0,0,0,26,10,16,3,1,2,4,1,3,15,8,7,73,33,40
11940,C4920,32,588,District-Kasaragod,Rural,Age Not Stated,16,9,7,2,0,2,2,0,2,0,0,0,4,4,0,3,3,0,0,0,0,5,2,3,0,0,0
11941,C4920,32,588,District-Kasaragod,Urban,Total,10585,5683,4902,1576,745,831,1289,605,684,645,334,311,2330,1406,924,987,563,424,681,370,311,1645,874,771,1432,786,646
11942,C4920,32,588,District-Kasaragod,Urban,0-4,371,220,151,42,31,11,60,34,26,5,4,1,43,30,13,19,11,8,1,1,0,145,77,68,56,32,24
11943,C4920,32,588,District-Kasaragod,Urban,5-9,576,334,242,62,35,27,58,32,26,57,33,24,79,49,30,78,37,41,2,1,1,149,83,66,91,64,27
11944,C4920,32,588,District-Kasaragod,Urban,10-19,1411,800,611,207,108,99,166,99,67,108,69,39,142,79,63,265,159,106,31,16,15,273,145,128,219,125,94
11945,C4920,32,588,District-Kasaragod,Urban,20-29,1607,886,721,154,91,63,167,80,87,128,61,67,260,157,103,263,144,119,108,67,41,274,137,137,253,149,104
11946,C4920,32,588,District-Kasaragod,Urban,30-39,1603,886,717,144,79,65,170,79,91,97,40,57,387,234,153,182,102,80,148,84,64,271,157,114,204,111,93
11947,C4920,32,588,District-Kasaragod,Urban,40-49,1343,756,587,161,68,93,140,65,75,96,49,47,392,254,138,89,52,37,136,71,65,176,102,74,153,95,58
11948,C4920,32,588,District-Kasaragod,Urban,50-59,1193,650,543,217,97,120,160,72,88,60,33,27,355,229,126,44,27,17,114,66,48,141,72,69,102,54,48
11949,C4920,32,588,District-Kasaragod,Urban,60-69,1202,620,582,277,117,160,154,65,89,60,29,31,356,217,139,23,14,9,92,45,47,117,65,52,123,68,55
11950,C4920,32,588,District-Kasaragod,Urban,70-79,793,337,456,204,83,121,130,43,87,30,14,16,206,106,100,12,6,6,33,12,21,63,24,39,115,49,66
11951,C4920,32,588,District-Kasaragod,Urban,80-89,377,139,238,89,30,59,69,26,43,4,2,2,90,40,50,3,2,1,10,3,7,20,7,13,92,29,63
11952,C4920,32,588,District-Kasaragod,Urban,90+,79,31,48,16,4,12,13,8,5,0,0,0,17,8,9,0,0,0,5,3,2,7,1,6,21,7,14
11953,C4920,32,588,District-Kasaragod,Urban,Age Not Stated,30,24,6,3,2,1,2,2,0,0,0,0,3,3,0,9,9,0,1,1,0,9,4,5,3,3,0
11954,C4920,32,589,District-Kannur,Total,Total,55006,28179,26827,8433,3914,4519,9336,4364,4972,3102,1652,1450,10972,6391,4581,4600,2424,2176,4300,2276,2024,7408,3670,3738,6855,3488,3367
11955,C4920,32,589,District-Kannur,Total,0-4,1646,860,786,127,62,65,362,179,183,43,18,25,186,115,71,54,32,22,8,2,6,711,374,337,155,78,77
11956,C4920,32,589,District-Kannur,Total,5-9,2357,1320,1037,254,144,110,383,196,187,263,159,104,278,156,122,236,145,91,10,7,3,562,317,245,371,196,175
11957,C4920,32,589,District-Kannur,Total,10-19,6128,3447,2681,728,424,304,1032,554,478,507,297,210,715,420,295,1013,585,428,93,38,55,1064,586,478,976,543,433
11958,C4920,32,589,District-Kannur,Total,20-29,6810,3634,3176,540,316,224,1095,525,570,514,265,249,984,597,387,1104,609,495,403,230,173,1105,512,593,1065,580,485
11959,C4920,32,589,District-Kannur,Total,30-39,7883,4153,3730,626,315,311,1075,516,559,495,231,264,1615,940,675,1004,510,494,891,539,352,1104,533,571,1073,569,504
11960,C4920,32,589,District-Kannur,Total,40-49,7920,4217,3703,1014,500,514,1167,544,623,449,242,207,1844,1107,737,628,299,329,1103,643,460,886,430,456,829,452,377
11961,C4920,32,589,District-Kannur,Total,50-59,7151,3850,3301,1366,630,736,1091,546,545,360,200,160,1917,1216,701,311,147,164,831,446,385,699,356,343,576,309,267
11962,C4920,32,589,District-Kannur,Total,60-69,6473,3257,3216,1618,712,906,1042,475,567,268,149,119,1669,1023,646,155,60,95,544,247,297,625,300,325,552,291,261
11963,C4920,32,589,District-Kannur,Total,70-79,5169,2126,3043,1360,502,858,1156,460,696,143,65,78,1136,561,575,62,24,38,295,94,201,391,162,229,626,258,368
11964,C4920,32,589,District-Kannur,Total,80-89,2768,1068,1700,677,259,418,757,307,450,43,19,24,521,219,302,20,5,15,95,23,72,188,77,111,467,159,308
11965,C4920,32,589,District-Kannur,Total,90+,594,201,393,110,41,69,164,57,107,9,3,6,94,30,64,4,3,1,15,4,11,37,12,25,161,51,110
11966,C4920,32,589,District-Kannur,Total,Age Not Stated,107,46,61,13,9,4,12,5,7,8,4,4,13,7,6,9,5,4,12,3,9,36,11,25,4,2,2
11967,C4920,32,589,District-Kannur,Rural,Total,21099,11024,10075,3230,1521,1709,3652,1742,1910,1081,613,468,4257,2565,1692,1648,846,802,1897,1026,871,2658,1377,1281,2676,1334,1342
11968,C4920,32,589,District-Kannur,Rural,0-4,577,313,264,39,19,20,129,59,70,15,8,7,71,47,24,18,14,4,3,0,3,248,139,109,54,27,27
11969,C4920,32,589,District-Kannur,Rural,5-9,840,481,359,95,56,39,138,68,70,87,56,31,91,54,37,85,52,33,3,2,1,197,118,79,144,75,69
11970,C4920,32,589,District-Kannur,Rural,10-19,2273,1288,985,283,163,120,395,226,169,188,114,74,269,151,118,376,217,159,30,15,15,364,200,164,368,202,166
11971,C4920,32,589,District-Kannur,Rural,20-29,2574,1361,1213,199,116,83,408,194,214,176,94,82,421,254,167,385,199,186,186,104,82,414,198,216,385,202,183
11972,C4920,32,589,District-Kannur,Rural,30-39,3046,1621,1425,229,111,118,424,204,220,191,88,103,644,381,263,348,167,181,406,254,152,384,199,185,420,217,203
11973,C4920,32,589,District-Kannur,Rural,40-49,3102,1698,1404,395,202,193,453,214,239,162,97,65,736,478,258,237,107,130,461,262,199,331,157,174,327,181,146
11974,C4920,32,589,District-Kannur,Rural,50-59,2771,1530,1241,502,226,276,430,228,202,122,75,47,744,485,259,107,49,58,379,202,177,263,147,116,224,118,106
11975,C4920,32,589,District-Kannur,Rural,60-69,2465,1297,1168,605,277,328,419,198,221,87,58,29,631,404,227,53,24,29,247,122,125,210,108,102,213,106,107
11976,C4920,32,589,District-Kannur,Rural,70-79,1939,813,1126,536,207,329,433,171,262,32,15,17,391,191,200,26,11,15,131,50,81,141,68,73,249,100,149
11977,C4920,32,589,District-Kannur,Rural,80-89,1175,498,677,291,122,169,336,145,191,16,7,9,204,98,106,7,3,4,38,13,25,78,33,45,205,77,128
11978,C4920,32,589,District-Kannur,Rural,90+,300,113,187,55,22,33,85,34,51,4,1,3,49,19,30,1,1,0,6,2,4,14,5,9,86,29,57
11979,C4920,32,589,District-Kannur,Rural,Age Not Stated,37,11,26,1,0,1,2,1,1,1,0,1,6,3,3,5,2,3,7,0,7,14,5,9,1,0,1
11980,C4920,32,589,District-Kannur,Urban,Total,33907,17155,16752,5203,2393,2810,5684,2622,3062,2021,1039,982,6715,3826,2889,2952,1578,1374,2403,1250,1153,4750,2293,2457,4179,2154,2025
11981,C4920,32,589,District-Kannur,Urban,0-4,1069,547,522,88,43,45,233,120,113,28,10,18,115,68,47,36,18,18,5,2,3,463,235,228,101,51,50
11982,C4920,32,589,District-Kannur,Urban,5-9,1517,839,678,159,88,71,245,128,117,176,103,73,187,102,85,151,93,58,7,5,2,365,199,166,227,121,106
11983,C4920,32,589,District-Kannur,Urban,10-19,3855,2159,1696,445,261,184,637,328,309,319,183,136,446,269,177,637,368,269,63,23,40,700,386,314,608,341,267
11984,C4920,32,589,District-Kannur,Urban,20-29,4236,2273,1963,341,200,141,687,331,356,338,171,167,563,343,220,719,410,309,217,126,91,691,314,377,680,378,302
11985,C4920,32,589,District-Kannur,Urban,30-39,4837,2532,2305,397,204,193,651,312,339,304,143,161,971,559,412,656,343,313,485,285,200,720,334,386,653,352,301
11986,C4920,32,589,District-Kannur,Urban,40-49,4818,2519,2299,619,298,321,714,330,384,287,145,142,1108,629,479,391,192,199,642,381,261,555,273,282,502,271,231
11987,C4920,32,589,District-Kannur,Urban,50-59,4380,2320,2060,864,404,460,661,318,343,238,125,113,1173,731,442,204,98,106,452,244,208,436,209,227,352,191,161
11988,C4920,32,589,District-Kannur,Urban,60-69,4008,1960,2048,1013,435,578,623,277,346,181,91,90,1038,619,419,102,36,66,297,125,172,415,192,223,339,185,154
11989,C4920,32,589,District-Kannur,Urban,70-79,3230,1313,1917,824,295,529,723,289,434,111,50,61,745,370,375,36,13,23,164,44,120,250,94,156,377,158,219
11990,C4920,32,589,District-Kannur,Urban,80-89,1593,570,1023,386,137,249,421,162,259,27,12,15,317,121,196,13,2,11,57,10,47,110,44,66,262,82,180
11991,C4920,32,589,District-Kannur,Urban,90+,294,88,206,55,19,36,79,23,56,5,2,3,45,11,34,3,2,1,9,2,7,23,7,16,75,22,53
11992,C4920,32,589,District-Kannur,Urban,Age Not Stated,70,35,35,12,9,3,10,4,6,7,4,3,7,4,3,4,3,1,5,3,2,22,6,16,3,2,1
11993,C4920,32,590,District-Wayanad,Total,Total,20636,10700,9936,4191,1943,2248,2988,1426,1562,1120,610,510,4217,2553,1664,1383,751,632,1567,728,839,2496,1253,1243,2674,1436,1238
11994,C4920,32,590,District-Wayanad,Total,0-4,467,250,217,31,15,16,83,38,45,17,12,5,88,53,35,27,18,9,1,0,1,157,79,78,63,35,28
11995,C4920,32,590,District-Wayanad,Total,5-9,884,497,387,98,54,44,141,68,73,112,70,42,117,62,55,87,58,29,8,4,4,150,81,69,171,100,71
11996,C4920,32,590,District-Wayanad,Total,10-19,2283,1310,973,349,185,164,362,204,158,211,119,92,264,152,112,357,227,130,31,14,17,320,171,149,389,238,151
11997,C4920,32,590,District-Wayanad,Total,20-29,2286,1232,1054,219,124,95,278,142,136,188,96,92,416,253,163,327,172,155,178,90,88,344,175,169,336,180,156
11998,C4920,32,590,District-Wayanad,Total,30-39,2755,1435,1320,311,156,155,344,159,185,180,85,95,658,387,271,264,129,135,345,165,180,321,160,161,332,194,138
11999,C4920,32,590,District-Wayanad,Total,40-49,3098,1609,1489,611,277,334,390,177,213,159,86,73,760,476,284,181,92,89,360,189,171,373,174,199,264,138,126
12000,C4920,32,590,District-Wayanad,Total,50-59,2965,1607,1358,754,348,406,346,174,172,123,76,47,733,488,245,72,28,44,334,161,173,327,179,148,276,153,123
12001,C4920,32,590,District-Wayanad,Total,60-69,2773,1402,1371,876,393,483,391,193,198,76,42,34,637,405,232,45,21,24,196,72,124,276,138,138,276,138,138
12002,C4920,32,590,District-Wayanad,Total,70-79,1848,821,1027,609,256,353,352,139,213,39,21,18,348,186,162,14,4,10,75,22,53,141,60,81,270,133,137
12003,C4920,32,590,District-Wayanad,Total,80-89,1021,436,585,288,124,164,244,113,131,12,2,10,164,75,89,7,1,6,33,7,26,64,25,39,209,89,120
12004,C4920,32,590,District-Wayanad,Total,90+,235,86,149,45,11,34,54,16,38,2,0,2,28,15,13,1,0,1,5,3,2,14,4,10,86,37,49
12005,C4920,32,590,District-Wayanad,Total,Age Not Stated,21,15,6,0,0,0,3,3,0,1,1,0,4,1,3,1,1,0,1,1,0,9,7,2,2,1,1
12006,C4920,32,590,District-Wayanad,Rural,Total,19844,10282,9562,4060,1879,2181,2898,1383,1515,1082,587,495,4018,2436,1582,1338,729,609,1500,696,804,2372,1181,1191,2576,1391,1185
12007,C4920,32,590,District-Wayanad,Rural,0-4,453,243,210,30,14,16,83,38,45,15,10,5,84,52,32,26,18,8,1,0,1,154,77,77,60,34,26
12008,C4920,32,590,District-Wayanad,Rural,5-9,845,473,372,98,54,44,136,64,72,109,69,40,109,58,51,85,57,28,7,4,3,140,72,68,161,95,66
12009,C4920,32,590,District-Wayanad,Rural,10-19,2194,1257,937,334,176,158,349,195,154,203,114,89,254,147,107,337,216,121,31,14,17,304,161,143,382,234,148
12010,C4920,32,590,District-Wayanad,Rural,20-29,2187,1182,1005,207,119,88,265,134,131,181,91,90,399,245,154,315,167,148,171,86,85,331,167,164,318,173,145
12011,C4920,32,590,District-Wayanad,Rural,30-39,2644,1376,1268,302,152,150,333,154,179,174,82,92,626,368,258,257,125,132,325,154,171,308,152,156,319,189,130
12012,C4920,32,590,District-Wayanad,Rural,40-49,2988,1553,1435,592,268,324,376,172,204,156,85,71,727,459,268,181,92,89,345,178,167,354,166,188,257,133,124
12013,C4920,32,590,District-Wayanad,Rural,50-59,2840,1536,1304,733,335,398,339,170,169,117,73,44,700,463,237,69,27,42,318,157,161,300,163,137,264,148,116
12014,C4920,32,590,District-Wayanad,Rural,60-69,2664,1350,1314,844,379,465,382,192,190,73,39,34,603,383,220,45,21,24,190,71,119,263,132,131,264,133,131
12015,C4920,32,590,District-Wayanad,Rural,70-79,1788,794,994,592,248,344,342,136,206,39,21,18,329,177,152,14,4,10,73,21,52,135,57,78,264,130,134
12016,C4920,32,590,District-Wayanad,Rural,80-89,993,420,573,284,123,161,237,110,127,12,2,10,156,69,87,7,1,6,33,7,26,61,23,38,203,85,118
12017,C4920,32,590,District-Wayanad,Rural,90+,229,85,144,44,11,33,54,16,38,2,0,2,28,15,13,1,0,1,5,3,2,13,4,9,82,36,46
12018,C4920,32,590,District-Wayanad,Rural,Age Not Stated,19,13,6,0,0,0,2,2,0,1,1,0,3,0,3,1,1,0,1,1,0,9,7,2,2,1,1
12019,C4920,32,590,District-Wayanad,Urban,Total,792,418,374,131,64,67,90,43,47,38,23,15,199,117,82,45,22,23,67,32,35,124,72,52,98,45,53
12020,C4920,32,590,District-Wayanad,Urban,0-4,14,7,7,1,1,0,0,0,0,2,2,0,4,1,3,1,0,1,0,0,0,3,2,1,3,1,2
12021,C4920,32,590,District-Wayanad,Urban,5-9,39,24,15,0,0,0,5,4,1,3,1,2,8,4,4,2,1,1,1,0,1,10,9,1,10,5,5
12022,C4920,32,590,District-Wayanad,Urban,10-19,89,53,36,15,9,6,13,9,4,8,5,3,10,5,5,20,11,9,0,0,0,16,10,6,7,4,3
12023,C4920,32,590,District-Wayanad,Urban,20-29,99,50,49,12,5,7,13,8,5,7,5,2,17,8,9,12,5,7,7,4,3,13,8,5,18,7,11
12024,C4920,32,590,District-Wayanad,Urban,30-39,111,59,52,9,4,5,11,5,6,6,3,3,32,19,13,7,4,3,20,11,9,13,8,5,13,5,8
12025,C4920,32,590,District-Wayanad,Urban,40-49,110,56,54,19,9,10,14,5,9,3,1,2,33,17,16,0,0,0,15,11,4,19,8,11,7,5,2
12026,C4920,32,590,District-Wayanad,Urban,50-59,125,71,54,21,13,8,7,4,3,6,3,3,33,25,8,3,1,2,16,4,12,27,16,11,12,5,7
12027,C4920,32,590,District-Wayanad,Urban,60-69,109,52,57,32,14,18,9,1,8,3,3,0,34,22,12,0,0,0,6,1,5,13,6,7,12,5,7
12028,C4920,32,590,District-Wayanad,Urban,70-79,60,27,33,17,8,9,10,3,7,0,0,0,19,9,10,0,0,0,2,1,1,6,3,3,6,3,3
12029,C4920,32,590,District-Wayanad,Urban,80-89,28,16,12,4,1,3,7,3,4,0,0,0,8,6,2,0,0,0,0,0,0,3,2,1,6,4,2
12030,C4920,32,590,District-Wayanad,Urban,90+,6,1,5,1,0,1,0,0,0,0,0,0,0,0,0,0,0,0,0,0,0,1,0,1,4,1,3
12031,C4920,32,590,District-Wayanad,Urban,Age Not Stated,2,2,0,0,0,0,1,1,0,0,0,0,1,1,0,0,0,0,0,0,0,0,0,0,0,0,0
12032,C4920,32,591,District-Kozhikode,Total,Total,83928,43116,40812,16516,7454,9062,11020,5091,5929,4428,2400,2028,17640,10391,7249,6126,3276,2850,7638,3992,3646,9576,4826,4750,10984,5686,5298
12033,C4920,32,591,District-Kozhikode,Total,0-4,1650,903,747,171,79,92,349,174,175,71,42,29,216,126,90,70,37,33,4,3,1,529,305,224,240,137,103
12034,C4920,32,591,District-Kozhikode,Total,5-9,2994,1683,1311,404,213,191,525,265,260,405,242,163,336,199,137,328,199,129,17,11,6,456,228,228,523,326,197
12035,C4920,32,591,District-Kozhikode,Total,10-19,8097,4690,3407,1328,759,569,1454,805,649,735,439,296,778,478,300,1404,848,556,119,80,39,1017,561,456,1262,720,542
12036,C4920,32,591,District-Kozhikode,Total,20-29,8618,4801,3817,783,432,351,1093,538,555,662,349,313,1318,811,507,1433,815,618,787,464,323,1094,578,516,1448,814,634
12037,C4920,32,591,District-Kozhikode,Total,30-39,10562,5614,4948,1022,473,549,1074,470,604,673,331,342,2396,1440,956,1279,654,625,1554,897,657,1158,597,561,1406,752,654
12038,C4920,32,591,District-Kozhikode,Total,40-49,12763,6682,6081,2208,986,1222,1271,561,710,689,373,316,3043,1920,1123,856,398,458,1977,1061,916,1461,692,769,1258,691,567
12039,C4920,32,591,District-Kozhikode,Total,50-59,12365,6529,5836,2971,1369,1602,1275,577,698,481,264,217,3174,1979,1195,394,180,214,1567,835,732,1413,721,692,1090,604,486
12040,C4920,32,591,District-Kozhikode,Total,60-69,12074,5891,6183,3480,1465,2015,1429,610,819,398,213,185,3113,1897,1216,192,70,122,954,410,544,1307,642,665,1201,584,617
12041,C4920,32,591,District-Kozhikode,Total,70-79,8925,3950,4975,2603,1060,1543,1413,631,782,213,104,109,2140,1056,1084,107,50,57,453,168,285,735,332,403,1261,549,712
12042,C4920,32,591,District-Kozhikode,Total,80-89,4776,1920,2856,1300,516,784,928,358,570,91,39,52,912,406,506,42,14,28,170,50,120,335,137,198,998,400,598
12043,C4920,32,591,District-Kozhikode,Total,90+,1010,400,610,230,95,135,204,100,104,4,2,2,200,71,129,14,7,7,26,8,18,46,15,31,286,102,184
12044,C4920,32,591,District-Kozhikode,Total,Age Not Stated,94,53,41,16,7,9,5,2,3,6,2,4,14,8,6,7,4,3,10,5,5,25,18,7,11,7,4
12045,C4920,32,591,District-Kozhikode,Rural,Total,30460,15617,14843,6469,2927,3542,3982,1807,2175,1474,837,637,6183,3714,2469,2202,1167,1035,2398,1202,1196,3442,1765,1677,4310,2198,2112
12046,C4920,32,591,District-Kozhikode,Rural,0-4,556,299,257,59,26,33,116,54,62,22,17,5,69,36,33,28,9,19,2,2,0,167,99,68,93,56,37
12047,C4920,32,591,District-Kozhikode,Rural,5-9,1025,570,455,131,67,64,163,75,88,147,90,57,133,84,49,121,76,45,4,2,2,148,70,78,178,106,72
12048,C4920,32,591,District-Kozhikode,Rural,10-19,2683,1567,1116,418,243,175,422,231,191,264,167,97,271,167,104,496,285,211,33,21,12,333,193,140,446,260,186
12049,C4920,32,591,District-Kozhikode,Rural,20-29,3097,1739,1358,296,169,127,404,185,219,217,114,103,496,317,179,536,303,233,257,151,106,351,197,154,540,303,237
12050,C4920,32,591,District-Kozhikode,Rural,30-39,3712,1988,1724,397,183,214,375,168,207,219,114,105,862,541,321,469,242,227,471,261,210,408,220,188,511,259,252
12051,C4920,32,591,District-Kozhikode,Rural,40-49,4488,2297,2191,895,392,503,468,201,267,230,131,99,1054,679,375,300,129,171,568,276,292,535,245,290,438,244,194
12052,C4920,32,591,District-Kozhikode,Rural,50-59,4583,2436,2147,1213,572,641,479,230,249,163,90,73,1135,698,437,124,61,63,509,267,242,544,289,255,416,229,187
12053,C4920,32,591,District-Kozhikode,Rural,60-69,4423,2130,2293,1376,574,802,548,237,311,105,56,49,999,616,383,66,27,39,328,141,187,523,255,268,478,224,254
12054,C4920,32,591,District-Kozhikode,Rural,70-79,3461,1539,1922,1049,418,631,536,242,294,69,42,27,768,391,377,39,25,14,150,52,98,273,125,148,577,244,333
12055,C4920,32,591,District-Kozhikode,Rural,80-89,1924,821,1103,525,236,289,362,125,237,35,14,21,311,150,161,14,5,9,65,25,40,136,57,79,476,209,267
12056,C4920,32,591,District-Kozhikode,Rural,90+,478,214,264,102,44,58,109,59,50,3,2,1,80,33,47,6,3,3,10,4,6,16,8,8,152,61,91
12057,C4920,32,591,District-Kozhikode,Rural,Age Not Stated,30,17,13,8,3,5,0,0,0,0,0,0,5,2,3,3,2,1,1,0,1,8,7,1,5,3,2
12058,C4920,32,591,District-Kozhikode,Urban,Total,53468,27499,25969,10047,4527,5520,7038,3284,3754,2954,1563,1391,11457,6677,4780,3924,2109,1815,5240,2790,2450,6134,3061,3073,6674,3488,3186
12059,C4920,32,591,District-Kozhikode,Urban,0-4,1094,604,490,112,53,59,233,120,113,49,25,24,147,90,57,42,28,14,2,1,1,362,206,156,147,81,66
12060,C4920,32,591,District-Kozhikode,Urban,5-9,1969,1113,856,273,146,127,362,190,172,258,152,106,203,115,88,207,123,84,13,9,4,308,158,150,345,220,125
12061,C4920,32,591,District-Kozhikode,Urban,10-19,5414,3123,2291,910,516,394,1032,574,458,471,272,199,507,311,196,908,563,345,86,59,27,684,368,316,816,460,356
12062,C4920,32,591,District-Kozhikode,Urban,20-29,5521,3062,2459,487,263,224,689,353,336,445,235,210,822,494,328,897,512,385,530,313,217,743,381,362,908,511,397
12063,C4920,32,591,District-Kozhikode,Urban,30-39,6850,3626,3224,625,290,335,699,302,397,454,217,237,1534,899,635,810,412,398,1083,636,447,750,377,373,895,493,402
12064,C4920,32,591,District-Kozhikode,Urban,40-49,8275,4385,3890,1313,594,719,803,360,443,459,242,217,1989,1241,748,556,269,287,1409,785,624,926,447,479,820,447,373
12065,C4920,32,591,District-Kozhikode,Urban,50-59,7782,4093,3689,1758,797,961,796,347,449,318,174,144,2039,1281,758,270,119,151,1058,568,490,869,432,437,674,375,299
12066,C4920,32,591,District-Kozhikode,Urban,60-69,7651,3761,3890,2104,891,1213,881,373,508,293,157,136,2114,1281,833,126,43,83,626,269,357,784,387,397,723,360,363
12067,C4920,32,591,District-Kozhikode,Urban,70-79,5464,2411,3053,1554,642,912,877,389,488,144,62,82,1372,665,707,68,25,43,303,116,187,462,207,255,684,305,379
12068,C4920,32,591,District-Kozhikode,Urban,80-89,2852,1099,1753,775,280,495,566,233,333,56,25,31,601,256,345,28,9,19,105,25,80,199,80,119,522,191,331
12069,C4920,32,591,District-Kozhikode,Urban,90+,532,186,346,128,51,77,95,41,54,1,0,1,120,38,82,8,4,4,16,4,12,30,7,23,134,41,93
12070,C4920,32,591,District-Kozhikode,Urban,Age Not Stated,64,36,28,8,4,4,5,2,3,6,2,4,9,6,3,4,2,2,9,5,4,17,11,6,6,4,2
12071,C4920,32,592,District-Malappuram,Total,Total,78657,41615,37042,12412,5719,6693,9430,4380,5050,3680,2120,1560,16518,10042,6476,8397,4590,3807,8066,4179,3887,9212,4824,4388,10942,5761,5181
12072,C4920,32,592,District-Malappuram,Total,0-4,2265,1223,1042,221,120,101,453,217,236,68,36,32,379,218,161,144,76,68,8,4,4,601,326,275,391,226,165
12073,C4920,32,592,District-Malappuram,Total,5-9,3810,2179,1631,437,217,220,522,288,234,421,264,157,478,294,184,524,319,205,30,21,9,588,318,270,810,458,352
12074,C4920,32,592,District-Malappuram,Total,10-19,10335,5998,4337,1302,723,579,1209,674,535,785,497,288,1251,788,463,2284,1340,944,254,154,100,1336,710,626,1914,1112,802
12075,C4920,32,592,District-Malappuram,Total,20-29,12079,6678,5401,989,572,417,1273,611,662,712,374,338,2338,1398,940,2310,1307,1003,1047,569,478,1501,771,730,1909,1076,833
12076,C4920,32,592,District-Malappuram,Total,30-39,10980,5948,5032,1003,443,560,1117,502,615,534,282,252,2554,1606,948,1538,797,741,1648,938,710,1245,662,583,1341,718,623
12077,C4920,32,592,District-Malappuram,Total,40-49,10924,5887,5037,1640,746,894,1113,504,609,444,252,192,2717,1731,986,784,401,383,1901,1038,863,1204,613,591,1121,602,519
12078,C4920,32,592,District-Malappuram,Total,50-59,9420,5132,4288,1957,918,1039,993,475,518,316,187,129,2416,1568,848,408,198,210,1374,706,668,1099,590,509,857,490,367
12079,C4920,32,592,District-Malappuram,Total,60-69,9044,4423,4621,2407,1020,1387,1066,436,630,235,135,100,2354,1425,929,227,97,130,982,423,559,876,467,409,897,420,477
12080,C4920,32,592,District-Malappuram,Total,70-79,6109,2695,3414,1705,683,1022,1041,401,640,107,63,44,1332,723,609,110,36,74,365,128,237,531,272,259,918,389,529
12081,C4920,32,592,District-Malappuram,Total,80-89,2685,1045,1640,641,231,410,505,216,289,45,22,23,576,255,321,49,10,39,124,40,84,168,67,101,577,204,373
12082,C4920,32,592,District-Malappuram,Total,90+,606,206,400,101,40,61,126,50,76,10,7,3,121,34,87,7,2,5,11,3,8,37,13,24,193,57,136
12083,C4920,32,592,District-Malappuram,Total,Age Not Stated,400,201,199,9,6,3,12,6,6,3,1,2,2,2,0,12,7,5,322,155,167,26,15,11,14,9,5
12084,C4920,32,592,District-Malappuram,Rural,Total,44717,23457,21260,7067,3249,3818,5057,2320,2737,2149,1243,906,9287,5652,3635,4724,2548,2176,4752,2428,2324,5500,2830,2670,6181,3187,2994
12085,C4920,32,592,District-Malappuram,Rural,0-4,1250,695,555,120,66,54,213,110,103,38,17,21,235,147,88,82,43,39,1,0,1,350,192,158,211,120,91
12086,C4920,32,592,District-Malappuram,Rural,5-9,2124,1239,885,253,134,119,266,154,112,246,158,88,284,182,102,298,184,114,14,11,3,347,190,157,416,226,190
12087,C4920,32,592,District-Malappuram,Rural,10-19,5744,3313,2431,696,385,311,602,335,267,453,296,157,694,435,259,1290,753,537,150,90,60,775,396,379,1084,623,461
12088,C4920,32,592,District-Malappuram,Rural,20-29,6642,3693,2949,530,307,223,657,314,343,424,232,192,1257,765,492,1267,719,548,590,329,261,890,455,435,1027,572,455
12089,C4920,32,592,District-Malappuram,Rural,30-39,6254,3354,2900,594,252,342,558,245,313,317,171,146,1449,906,543,862,436,426,962,549,413,772,413,359,740,382,358
12090,C4920,32,592,District-Malappuram,Rural,40-49,6170,3243,2927,920,397,523,603,264,339,247,139,108,1552,977,575,446,216,230,1062,559,503,686,344,342,654,347,307
12091,C4920,32,592,District-Malappuram,Rural,50-59,5346,2858,2488,1104,519,585,541,248,293,193,108,85,1337,875,462,247,117,130,796,389,407,659,341,318,469,261,208
12092,C4920,32,592,District-Malappuram,Rural,60-69,5213,2567,2646,1377,612,765,600,251,349,143,76,67,1337,815,522,118,51,67,577,245,332,526,273,253,535,244,291
12093,C4920,32,592,District-Malappuram,Rural,70-79,3571,1545,2026,1010,404,606,616,234,382,54,30,24,720,374,346,67,17,50,207,79,128,333,163,170,564,244,320
12094,C4920,32,592,District-Malappuram,Rural,80-89,1649,635,1014,392,145,247,317,128,189,27,12,15,344,156,188,34,6,28,70,22,48,117,43,74,348,123,225
12095,C4920,32,592,District-Malappuram,Rural,90+,381,126,255,64,23,41,78,33,45,5,3,2,76,18,58,4,1,3,4,2,2,27,8,19,123,38,85
12096,C4920,32,592,District-Malappuram,Rural,Age Not Stated,373,189,184,7,5,2,6,4,2,2,1,1,2,2,0,9,5,4,319,153,166,18,12,6,10,7,3
12097,C4920,32,592,District-Malappuram,Urban,Total,33940,18158,15782,5345,2470,2875,4373,2060,2313,1531,877,654,7231,4390,2841,3673,2042,1631,3314,1751,1563,3712,1994,1718,4761,2574,2187
12098,C4920,32,592,District-Malappuram,Urban,0-4,1015,528,487,101,54,47,240,107,133,30,19,11,144,71,73,62,33,29,7,4,3,251,134,117,180,106,74
12099,C4920,32,592,District-Malappuram,Urban,5-9,1686,940,746,184,83,101,256,134,122,175,106,69,194,112,82,226,135,91,16,10,6,241,128,113,394,232,162
12100,C4920,32,592,District-Malappuram,Urban,10-19,4591,2685,1906,606,338,268,607,339,268,332,201,131,557,353,204,994,587,407,104,64,40,561,314,247,830,489,341
12101,C4920,32,592,District-Malappuram,Urban,20-29,5437,2985,2452,459,265,194,616,297,319,288,142,146,1081,633,448,1043,588,455,457,240,217,611,316,295,882,504,378
12102,C4920,32,592,District-Malappuram,Urban,30-39,4726,2594,2132,409,191,218,559,257,302,217,111,106,1105,700,405,676,361,315,686,389,297,473,249,224,601,336,265
12103,C4920,32,592,District-Malappuram,Urban,40-49,4754,2644,2110,720,349,371,510,240,270,197,113,84,1165,754,411,338,185,153,839,479,360,518,269,249,467,255,212
12104,C4920,32,592,District-Malappuram,Urban,50-59,4074,2274,1800,853,399,454,452,227,225,123,79,44,1079,693,386,161,81,80,578,317,261,440,249,191,388,229,159
12105,C4920,32,592,District-Malappuram,Urban,60-69,3831,1856,1975,1030,408,622,466,185,281,92,59,33,1017,610,407,109,46,63,405,178,227,350,194,156,362,176,186
12106,C4920,32,592,District-Malappuram,Urban,70-79,2538,1150,1388,695,279,416,425,167,258,53,33,20,612,349,263,43,19,24,158,49,109,198,109,89,354,145,209
12107,C4920,32,592,District-Malappuram,Urban,80-89,1036,410,626,249,86,163,188,88,100,18,10,8,232,99,133,15,4,11,54,18,36,51,24,27,229,81,148
12108,C4920,32,592,District-Malappuram,Urban,90+,225,80,145,37,17,20,48,17,31,5,4,1,45,16,29,3,1,2,7,1,6,10,5,5,70,19,51
12109,C4920,32,592,District-Malappuram,Urban,Age Not Stated,27,12,15,2,1,1,6,2,4,1,0,1,0,0,0,3,2,1,3,2,1,8,3,5,4,2,2
12110,C4920,32,593,District-Palakkad,Total,Total,57542,29350,28192,8392,3689,4703,8144,3589,4555,3347,1818,1529,12997,7518,5479,4609,2546,2063,4738,2387,2351,7695,3921,3774,7620,3882,3738
12111,C4920,32,593,District-Palakkad,Total,0-4,1303,671,632,102,48,54,230,110,120,44,29,15,162,97,65,53,29,24,4,1,3,538,259,279,170,98,72
12112,C4920,32,593,District-Palakkad,Total,5-9,2240,1260,980,199,104,95,253,115,138,317,189,128,253,152,101,253,163,90,10,5,5,477,259,218,478,273,205
12113,C4920,32,593,District-Palakkad,Total,10-19,5957,3444,2513,613,348,265,717,386,331,557,340,217,759,457,302,1040,608,432,100,56,44,948,535,413,1223,714,509
12114,C4920,32,593,District-Palakkad,Total,20-29,7481,4085,3396,540,267,273,787,407,380,596,295,301,1519,906,613,1141,662,479,551,305,246,1181,585,596,1166,658,508
12115,C4920,32,593,District-Palakkad,Total,30-39,7900,4204,3696,665,305,360,784,377,407,586,290,296,1937,1163,774,894,473,421,1063,598,465,982,480,502,989,518,471
12116,C4920,32,593,District-Palakkad,Total,40-49,8067,4367,3700,987,501,486,911,416,495,486,260,226,2050,1267,783,632,321,311,1223,679,544,983,513,470,795,410,385
12117,C4920,32,593,District-Palakkad,Total,50-59,7189,3898,3291,1152,559,593,894,401,493,333,183,150,2101,1315,786,322,170,152,887,425,462,874,494,380,626,351,275
12118,C4920,32,593,District-Palakkad,Total,60-69,7387,3504,3883,1685,664,1021,1216,478,738,248,150,98,2011,1165,846,150,73,77,551,217,334,880,444,436,646,313,333
12119,C4920,32,593,District-Palakkad,Total,70-79,6060,2485,3575,1569,593,976,1323,513,810,134,60,74,1418,706,712,75,25,50,251,70,181,544,235,309,746,283,463
12120,C4920,32,593,District-Palakkad,Total,80-89,3236,1191,2045,763,264,499,864,331,533,37,18,19,647,252,395,28,7,21,84,24,60,230,91,139,583,204,379
12121,C4920,32,593,District-Palakkad,Total,90+,647,197,450,113,34,79,157,52,105,8,3,5,127,32,95,6,2,4,8,4,4,37,15,22,191,55,136
12122,C4920,32,593,District-Palakkad,Total,Age Not Stated,75,44,31,4,2,2,8,3,5,1,1,0,13,6,7,15,13,2,6,3,3,21,11,10,7,5,2
12123,C4920,32,593,District-Palakkad,Rural,Total,44653,22785,21868,6586,2898,3688,6261,2777,3484,2594,1407,1187,10002,5812,4190,3536,1954,1582,3712,1847,1865,6193,3145,3048,5769,2945,2824
12124,C4920,32,593,District-Palakkad,Rural,0-4,1051,540,511,84,40,44,177,82,95,32,23,9,125,77,48,41,25,16,4,1,3,454,219,235,134,73,61
12125,C4920,32,593,District-Palakkad,Rural,5-9,1743,983,760,151,85,66,186,87,99,252,148,104,209,130,79,190,118,72,8,3,5,395,209,186,352,203,149
12126,C4920,32,593,District-Palakkad,Rural,10-19,4600,2633,1967,486,270,216,548,302,246,437,260,177,593,364,229,799,463,336,77,43,34,785,429,356,875,502,373
12127,C4920,32,593,District-Palakkad,Rural,20-29,5857,3180,2677,428,201,227,590,307,283,454,227,227,1205,718,487,860,507,353,440,240,200,993,484,509,887,496,391
12128,C4920,32,593,District-Palakkad,Rural,30-39,6160,3284,2876,527,243,284,613,298,315,436,216,220,1514,918,596,687,368,319,839,459,380,783,384,399,761,398,363
12129,C4920,32,593,District-Palakkad,Rural,40-49,6227,3356,2871,758,389,369,687,317,370,381,202,179,1532,940,592,489,244,245,952,524,428,788,407,381,640,333,307
12130,C4920,32,593,District-Palakkad,Rural,50-59,5501,3004,2497,897,439,458,681,309,372,257,148,109,1580,994,586,249,132,117,676,319,357,684,392,292,477,271,206
12131,C4920,32,593,District-Palakkad,Rural,60-69,5771,2732,3039,1344,522,822,958,382,576,190,113,77,1545,898,647,127,59,68,442,174,268,690,350,340,475,234,241
12132,C4920,32,593,District-Palakkad,Rural,70-79,4688,1947,2741,1218,464,754,1031,401,630,116,53,63,1098,550,548,53,18,35,196,57,139,401,179,222,575,225,350
12133,C4920,32,593,District-Palakkad,Rural,80-89,2494,923,1571,602,214,388,664,249,415,31,14,17,495,190,305,22,6,16,69,21,48,174,71,103,437,158,279
12134,C4920,32,593,District-Palakkad,Rural,90+,502,166,336,88,29,59,118,40,78,8,3,5,95,27,68,5,1,4,6,4,2,31,14,17,151,48,103
12135,C4920,32,593,District-Palakkad,Rural,Age Not Stated,59,37,22,3,2,1,8,3,5,0,0,0,11,6,5,14,13,1,3,2,1,15,7,8,5,4,1
12136,C4920,32,593,District-Palakkad,Urban,Total,12889,6565,6324,1806,791,1015,1883,812,1071,753,411,342,2995,1706,1289,1073,592,481,1026,540,486,1502,776,726,1851,937,914
12137,C4920,32,593,District-Palakkad,Urban,0-4,252,131,121,18,8,10,53,28,25,12,6,6,37,20,17,12,4,8,0,0,0,84,40,44,36,25,11
12138,C4920,32,593,District-Palakkad,Urban,5-9,497,277,220,48,19,29,67,28,39,65,41,24,44,22,22,63,45,18,2,2,0,82,50,32,126,70,56
12139,C4920,32,593,District-Palakkad,Urban,10-19,1357,811,546,127,78,49,169,84,85,120,80,40,166,93,73,241,145,96,23,13,10,163,106,57,348,212,136
12140,C4920,32,593,District-Palakkad,Urban,20-29,1624,905,719,112,66,46,197,100,97,142,68,74,314,188,126,281,155,126,111,65,46,188,101,87,279,162,117
12141,C4920,32,593,District-Palakkad,Urban,30-39,1740,920,820,138,62,76,171,79,92,150,74,76,423,245,178,207,105,102,224,139,85,199,96,103,228,120,108
12142,C4920,32,593,District-Palakkad,Urban,40-49,1840,1011,829,229,112,117,224,99,125,105,58,47,518,327,191,143,77,66,271,155,116,195,106,89,155,77,78
12143,C4920,32,593,District-Palakkad,Urban,50-59,1688,894,794,255,120,135,213,92,121,76,35,41,521,321,200,73,38,35,211,106,105,190,102,88,149,80,69
12144,C4920,32,593,District-Palakkad,Urban,60-69,1616,772,844,341,142,199,258,96,162,58,37,21,466,267,199,23,14,9,109,43,66,190,94,96,171,79,92
12145,C4920,32,593,District-Palakkad,Urban,70-79,1372,538,834,351,129,222,292,112,180,18,7,11,320,156,164,22,7,15,55,13,42,143,56,87,171,58,113
12146,C4920,32,593,District-Palakkad,Urban,80-89,742,268,474,161,50,111,200,82,118,6,4,2,152,62,90,6,1,5,15,3,12,56,20,36,146,46,100
12147,C4920,32,593,District-Palakkad,Urban,90+,145,31,114,25,5,20,39,12,27,0,0,0,32,5,27,1,1,0,2,0,2,6,1,5,40,7,33
12148,C4920,32,593,District-Palakkad,Urban,Age Not Stated,16,7,9,1,0,1,0,0,0,1,1,0,2,0,2,1,0,1,3,1,2,6,4,2,2,1,1
12149,C4920,32,594,District-Thrissur,Total,Total,66137,33288,32849,8864,3955,4909,8707,3743,4964,3460,1810,1650,15728,8895,6833,6367,3351,3016,6640,3264,3376,7204,3571,3633,9167,4699,4468
12150,C4920,32,594,District-Thrissur,Total,0-4,1046,593,453,90,52,38,188,106,82,37,23,14,189,110,79,81,48,33,21,8,13,261,140,121,179,106,73
12151,C4920,32,594,District-Thrissur,Total,5-9,2059,1161,898,180,107,73,260,141,119,268,165,103,250,147,103,341,195,146,29,15,14,275,147,128,456,244,212
12152,C4920,32,594,District-Thrissur,Total,10-19,5738,3250,2488,541,314,227,663,337,326,484,259,225,733,424,309,1397,829,568,116,65,51,715,401,314,1089,621,468
12153,C4920,32,594,District-Thrissur,Total,20-29,6544,3629,2915,422,255,167,682,336,346,458,224,234,1209,686,523,1298,724,574,542,315,227,777,426,351,1156,663,493
12154,C4920,32,594,District-Thrissur,Total,30-39,8665,4546,4119,597,309,288,794,340,454,542,259,283,2075,1217,858,1265,638,627,1244,693,551,923,456,467,1225,634,591
12155,C4920,32,594,District-Thrissur,Total,40-49,10647,5626,5021,1058,502,556,1027,452,575,610,324,286,2692,1649,1043,1056,511,545,1819,969,850,1128,553,575,1257,666,591
12156,C4920,32,594,District-Thrissur,Total,50-59,9811,5306,4505,1333,685,648,1105,495,610,455,252,203,2932,1813,1119,518,242,276,1361,677,684,1148,593,555,959,549,410
12157,C4920,32,594,District-Thrissur,Total,60-69,8707,4177,4530,1671,683,988,1159,466,693,330,166,164,2693,1546,1147,239,100,139,819,341,478,938,443,495,858,432,426
12158,C4920,32,594,District-Thrissur,Total,70-79,7546,3120,4426,1816,667,1149,1515,593,922,191,98,93,1887,924,963,100,38,62,407,134,273,710,292,418,920,374,546
12159,C4920,32,594,District-Thrissur,Total,80-89,4186,1499,2687,974,330,644,1062,398,664,64,33,31,898,336,562,50,19,31,118,21,97,259,97,162,761,265,496
12160,C4920,32,594,District-Thrissur,Total,90+,868,237,631,173,48,125,240,75,165,7,3,4,152,34,118,12,1,11,11,3,8,57,15,42,216,58,158
12161,C4920,32,594,District-Thrissur,Total,Age Not Stated,320,144,176,9,3,6,12,4,8,14,4,10,18,9,9,10,6,4,153,23,130,13,8,5,91,87,4
12162,C4920,32,594,District-Thrissur,Rural,Total,22700,11528,11172,3157,1410,1747,2894,1227,1667,1179,640,539,5444,3140,2304,2058,1082,976,2678,1316,1362,2309,1162,1147,2981,1551,1430
12163,C4920,32,594,District-Thrissur,Rural,0-4,353,204,149,31,19,12,57,32,25,13,6,7,66,37,29,26,18,8,18,6,12,83,50,33,59,36,23
12164,C4920,32,594,District-Thrissur,Rural,5-9,699,408,291,69,45,24,81,46,35,93,63,30,94,59,35,114,65,49,17,6,11,97,49,48,134,75,59
12165,C4920,32,594,District-Thrissur,Rural,10-19,1947,1095,852,186,109,77,211,110,101,189,101,88,273,155,118,473,280,193,66,34,32,238,127,111,311,179,132
12166,C4920,32,594,District-Thrissur,Rural,20-29,2233,1249,984,158,93,65,221,107,114,142,71,71,408,236,172,416,228,188,235,146,89,271,146,125,382,222,160
12167,C4920,32,594,District-Thrissur,Rural,30-39,3007,1600,1407,218,122,96,265,100,165,180,92,88,719,429,290,413,207,206,517,277,240,299,150,149,396,223,173
12168,C4920,32,594,District-Thrissur,Rural,40-49,3697,1891,1806,364,160,204,353,145,208,205,111,94,926,549,377,332,154,178,768,383,385,371,191,180,378,198,180
12169,C4920,32,594,District-Thrissur,Rural,50-59,3397,1862,1535,494,246,248,358,178,180,157,91,66,1010,642,368,164,80,84,550,257,293,343,177,166,321,191,130
12170,C4920,32,594,District-Thrissur,Rural,60-69,2949,1481,1468,599,252,347,377,151,226,107,55,52,940,564,376,68,31,37,280,139,141,290,133,157,288,156,132
12171,C4920,32,594,District-Thrissur,Rural,70-79,2568,1081,1487,623,227,396,484,186,298,54,32,22,654,333,321,31,12,19,164,55,109,229,99,130,329,137,192
12172,C4920,32,594,District-Thrissur,Rural,80-89,1479,553,926,331,112,219,386,144,242,33,16,17,307,127,180,12,5,7,50,10,40,71,34,37,289,105,184
12173,C4920,32,594,District-Thrissur,Rural,90+,343,92,251,82,24,58,95,26,69,3,1,2,44,9,35,5,0,5,8,1,7,15,4,11,91,27,64
12174,C4920,32,594,District-Thrissur,Rural,Age Not Stated,28,12,16,2,1,1,6,2,4,3,1,2,3,0,3,4,2,2,5,2,3,2,2,0,3,2,1
12175,C4920,32,594,District-Thrissur,Urban,Total,43437,21760,21677,5707,2545,3162,5813,2516,3297,2281,1170,1111,10284,5755,4529,4309,2269,2040,3962,1948,2014,4895,2409,2486,6186,3148,3038
12176,C4920,32,594,District-Thrissur,Urban,0-4,693,389,304,59,33,26,131,74,57,24,17,7,123,73,50,55,30,25,3,2,1,178,90,88,120,70,50
12177,C4920,32,594,District-Thrissur,Urban,5-9,1360,753,607,111,62,49,179,95,84,175,102,73,156,88,68,227,130,97,12,9,3,178,98,80,322,169,153
12178,C4920,32,594,District-Thrissur,Urban,10-19,3791,2155,1636,355,205,150,452,227,225,295,158,137,460,269,191,924,549,375,50,31,19,477,274,203,778,442,336
12179,C4920,32,594,District-Thrissur,Urban,20-29,4311,2380,1931,264,162,102,461,229,232,316,153,163,801,450,351,882,496,386,307,169,138,506,280,226,774,441,333
12180,C4920,32,594,District-Thrissur,Urban,30-39,5658,2946,2712,379,187,192,529,240,289,362,167,195,1356,788,568,852,431,421,727,416,311,624,306,318,829,411,418
12181,C4920,32,594,District-Thrissur,Urban,40-49,6950,3735,3215,694,342,352,674,307,367,405,213,192,1766,1100,666,724,357,367,1051,586,465,757,362,395,879,468,411
12182,C4920,32,594,District-Thrissur,Urban,50-59,6414,3444,2970,839,439,400,747,317,430,298,161,137,1922,1171,751,354,162,192,811,420,391,805,416,389,638,358,280
12183,C4920,32,594,District-Thrissur,Urban,60-69,5758,2696,3062,1072,431,641,782,315,467,223,111,112,1753,982,771,171,69,102,539,202,337,648,310,338,570,276,294
12184,C4920,32,594,District-Thrissur,Urban,70-79,4978,2039,2939,1193,440,753,1031,407,624,137,66,71,1233,591,642,69,26,43,243,79,164,481,193,288,591,237,354
12185,C4920,32,594,District-Thrissur,Urban,80-89,2707,946,1761,643,218,425,676,254,422,31,17,14,591,209,382,38,14,24,68,11,57,188,63,125,472,160,312
12186,C4920,32,594,District-Thrissur,Urban,90+,525,145,380,91,24,67,145,49,96,4,2,2,108,25,83,7,1,6,3,2,1,42,11,31,125,31,94
12187,C4920,32,594,District-Thrissur,Urban,Age Not Stated,292,132,160,7,2,5,6,2,4,11,3,8,15,9,6,6,4,2,148,21,127,11,6,5,88,85,3
12188,C4920,32,595,District-Ernakulam,Total,Total,66097,34092,32005,9454,4468,4986,9808,4442,5366,2994,1659,1335,15186,8805,6381,6088,3280,2808,5904,2796,3108,8029,4220,3809,8634,4422,4212
12189,C4920,32,595,District-Ernakulam,Total,0-4,1177,660,517,104,48,56,291,162,129,43,28,15,173,106,67,88,54,34,2,1,1,306,166,140,170,95,75
12190,C4920,32,595,District-Ernakulam,Total,5-9,2275,1268,1007,241,125,116,370,207,163,231,131,100,278,148,130,359,209,150,15,12,3,328,175,153,453,261,192
12191,C4920,32,595,District-Ernakulam,Total,10-19,5837,3357,2480,649,382,267,829,443,386,416,261,155,724,431,293,1298,772,526,89,43,46,804,458,346,1028,567,461
12192,C4920,32,595,District-Ernakulam,Total,20-29,6487,3617,2870,477,299,178,890,427,463,391,218,173,1025,607,418,1298,714,584,432,241,191,955,547,408,1019,564,455
12193,C4920,32,595,District-Ernakulam,Total,30-39,8926,4735,4191,654,320,334,1041,498,543,519,251,268,1975,1210,765,1267,653,614,1131,575,556,1104,568,536,1235,660,575
12194,C4920,32,595,District-Ernakulam,Total,40-49,10998,5974,5024,1222,643,579,1272,596,676,511,269,242,2811,1747,1064,926,470,456,1647,850,797,1371,712,659,1238,687,551
12195,C4920,32,595,District-Ernakulam,Total,50-59,9892,5393,4499,1550,796,754,1224,559,665,386,227,159,2879,1790,1089,504,244,260,1285,626,659,1211,664,547,853,487,366
12196,C4920,32,595,District-Ernakulam,Total,60-69,8384,4247,4137,1741,766,975,1244,557,687,265,154,111,2430,1457,973,237,118,119,764,307,457,937,483,454,766,405,361
12197,C4920,32,595,District-Ernakulam,Total,70-79,6731,2895,3836,1696,700,996,1328,516,812,149,83,66,1712,851,861,72,34,38,358,101,257,626,289,337,790,321,469
12198,C4920,32,595,District-Ernakulam,Total,80-89,4328,1567,2761,947,328,619,1072,387,685,74,35,39,969,374,595,29,10,19,137,28,109,322,132,190,778,273,505
12199,C4920,32,595,District-Ernakulam,Total,90+,952,341,611,163,56,107,235,86,149,6,1,5,191,75,116,5,1,4,10,5,5,50,20,30,292,97,195
12200,C4920,32,595,District-Ernakulam,Total,Age Not Stated,110,38,72,10,5,5,12,4,8,3,1,2,19,9,10,5,1,4,34,7,27,15,6,9,12,5,7
12201,C4920,32,595,District-Ernakulam,Rural,Total,22262,11501,10761,2737,1303,1434,2943,1348,1595,1055,585,470,5312,3107,2205,2215,1125,1090,2475,1145,1330,2557,1352,1205,2968,1536,1432
12202,C4920,32,595,District-Ernakulam,Rural,0-4,357,199,158,33,16,17,68,40,28,14,8,6,58,34,24,33,19,14,2,1,1,94,46,48,55,35,20
12203,C4920,32,595,District-Ernakulam,Rural,5-9,743,432,311,77,40,37,88,61,27,93,49,44,104,58,46,123,78,45,4,4,0,97,48,49,157,94,63
12204,C4920,32,595,District-Ernakulam,Rural,10-19,1855,1074,781,193,123,70,205,111,94,144,86,58,248,158,90,448,259,189,37,17,20,245,141,104,335,179,156
12205,C4920,32,595,District-Ernakulam,Rural,20-29,2041,1118,923,112,71,41,221,109,112,135,82,53,312,191,121,469,241,228,166,83,83,286,156,130,340,185,155
12206,C4920,32,595,District-Ernakulam,Rural,30-39,2939,1549,1390,185,94,91,265,130,135,169,83,86,657,399,258,440,212,228,450,209,241,372,203,169,401,219,182
12207,C4920,32,595,District-Ernakulam,Rural,40-49,3736,2036,1700,313,173,140,344,164,180,179,91,88,940,599,341,356,161,195,736,369,367,434,240,194,434,239,195
12208,C4920,32,595,District-Ernakulam,Rural,50-59,3325,1856,1469,384,200,184,354,172,182,144,86,58,1033,659,374,207,93,114,546,274,272,367,199,168,290,173,117
12209,C4920,32,595,District-Ernakulam,Rural,60-69,2751,1413,1338,479,213,266,370,169,201,97,58,39,849,504,345,93,44,49,300,124,176,309,167,142,254,134,120
12210,C4920,32,595,District-Ernakulam,Rural,70-79,2367,1016,1351,532,215,317,497,198,299,60,33,27,620,310,310,26,9,17,152,48,104,210,93,117,270,110,160
12211,C4920,32,595,District-Ernakulam,Rural,80-89,1677,634,1043,363,137,226,417,151,266,20,9,11,394,157,237,17,8,9,60,14,46,116,51,65,290,107,183
12212,C4920,32,595,District-Ernakulam,Rural,90+,427,161,266,61,19,42,110,42,68,0,0,0,93,36,57,1,0,1,3,0,3,22,6,16,137,58,79
12213,C4920,32,595,District-Ernakulam,Rural,Age Not Stated,44,13,31,5,2,3,4,1,3,0,0,0,4,2,2,2,1,1,19,2,17,5,2,3,5,3,2
12214,C4920,32,595,District-Ernakulam,Urban,Total,43835,22591,21244,6717,3165,3552,6865,3094,3771,1939,1074,865,9874,5698,4176,3873,2155,1718,3429,1651,1778,5472,2868,2604,5666,2886,2780
12215,C4920,32,595,District-Ernakulam,Urban,0-4,820,461,359,71,32,39,223,122,101,29,20,9,115,72,43,55,35,20,0,0,0,212,120,92,115,60,55
12216,C4920,32,595,District-Ernakulam,Urban,5-9,1532,836,696,164,85,79,282,146,136,138,82,56,174,90,84,236,131,105,11,8,3,231,127,104,296,167,129
12217,C4920,32,595,District-Ernakulam,Urban,10-19,3982,2283,1699,456,259,197,624,332,292,272,175,97,476,273,203,850,513,337,52,26,26,559,317,242,693,388,305
12218,C4920,32,595,District-Ernakulam,Urban,20-29,4446,2499,1947,365,228,137,669,318,351,256,136,120,713,416,297,829,473,356,266,158,108,669,391,278,679,379,300
12219,C4920,32,595,District-Ernakulam,Urban,30-39,5987,3186,2801,469,226,243,776,368,408,350,168,182,1318,811,507,827,441,386,681,366,315,732,365,367,834,441,393
12220,C4920,32,595,District-Ernakulam,Urban,40-49,7262,3938,3324,909,470,439,928,432,496,332,178,154,1871,1148,723,570,309,261,911,481,430,937,472,465,804,448,356
12221,C4920,32,595,District-Ernakulam,Urban,50-59,6567,3537,3030,1166,596,570,870,387,483,242,141,101,1846,1131,715,297,151,146,739,352,387,844,465,379,563,314,249
12222,C4920,32,595,District-Ernakulam,Urban,60-69,5633,2834,2799,1262,553,709,874,388,486,168,96,72,1581,953,628,144,74,70,464,183,281,628,316,312,512,271,241
12223,C4920,32,595,District-Ernakulam,Urban,70-79,4364,1879,2485,1164,485,679,831,318,513,89,50,39,1092,541,551,46,25,21,206,53,153,416,196,220,520,211,309
12224,C4920,32,595,District-Ernakulam,Urban,80-89,2651,933,1718,584,191,393,655,236,419,54,26,28,575,217,358,12,2,10,77,14,63,206,81,125,488,166,322
12225,C4920,32,595,District-Ernakulam,Urban,90+,525,180,345,102,37,65,125,44,81,6,1,5,98,39,59,4,1,3,7,5,2,28,14,14,155,39,116
12226,C4920,32,595,District-Ernakulam,Urban,Age Not Stated,66,25,41,5,3,2,8,3,5,3,1,2,15,7,8,3,0,3,15,5,10,10,4,6,7,2,5
12227,C4920,32,596,District-Idukki ,Total,Total,23974,13058,10916,3224,1624,1600,3153,1447,1706,1169,683,486,5720,3467,2253,2056,1141,915,2377,1272,1105,3172,1768,1404,3103,1656,1447
12228,C4920,32,596,District-Idukki ,Total,0-4,400,212,188,37,14,23,75,38,37,15,9,6,74,44,30,25,17,8,0,0,0,121,65,56,53,25,28
12229,C4920,32,596,District-Idukki ,Total,5-9,944,514,430,106,56,50,121,58,63,83,49,34,121,75,46,158,89,69,4,3,1,155,81,74,196,103,93
12230,C4920,32,596,District-Idukki ,Total,10-19,2452,1356,1096,330,170,160,305,154,151,192,118,74,327,190,137,451,262,189,44,20,24,367,209,158,436,233,203
12231,C4920,32,596,District-Idukki ,Total,20-29,2709,1530,1179,217,121,96,322,158,164,170,97,73,513,296,217,509,292,217,189,114,75,378,225,153,411,227,184
12232,C4920,32,596,District-Idukki ,Total,30-39,3444,1858,1586,258,145,113,363,148,215,188,91,97,942,583,359,384,200,184,441,227,214,415,225,190,453,239,214
12233,C4920,32,596,District-Idukki ,Total,40-49,3925,2266,1659,423,228,195,418,193,225,191,118,73,1029,673,356,269,137,132,631,361,270,530,312,218,434,244,190
12234,C4920,32,596,District-Idukki ,Total,50-59,3720,2151,1569,551,296,255,405,192,213,149,98,51,1104,683,421,141,84,57,541,310,231,511,293,218,318,195,123
12235,C4920,32,596,District-Idukki ,Total,60-69,2865,1593,1272,524,240,284,397,203,194,101,63,38,806,508,298,72,39,33,322,161,161,371,211,160,272,168,104
12236,C4920,32,596,District-Idukki ,Total,70-79,2050,955,1095,495,227,268,373,159,214,56,32,24,517,274,243,32,13,19,146,52,94,201,93,108,230,105,125
12237,C4920,32,596,District-Idukki ,Total,80-89,1154,504,650,235,106,129,288,115,173,13,5,8,241,122,119,11,6,5,52,20,32,99,41,58,215,89,126
12238,C4920,32,596,District-Idukki ,Total,90+,282,105,177,48,21,27,80,27,53,6,1,5,43,18,25,1,0,1,4,3,1,19,9,10,81,26,55
12239,C4920,32,596,District-Idukki ,Total,Age Not Stated,29,14,15,0,0,0,6,2,4,5,2,3,3,1,2,3,2,1,3,1,2,5,4,1,4,2,2
12240,C4920,32,596,District-Idukki ,Rural,Total,23216,12635,10581,3145,1574,1571,3054,1404,1650,1120,656,464,5510,3342,2168,1956,1082,874,2334,1246,1088,3098,1723,1375,2999,1608,1391
12241,C4920,32,596,District-Idukki ,Rural,0-4,391,206,185,37,14,23,74,37,37,14,8,6,73,44,29,23,16,7,0,0,0,119,63,56,51,24,27
12242,C4920,32,596,District-Idukki ,Rural,5-9,910,493,417,106,56,50,113,53,60,80,46,34,115,71,44,152,86,66,4,3,1,152,78,74,188,100,88
12243,C4920,32,596,District-Idukki ,Rural,10-19,2363,1305,1058,317,162,155,299,153,146,188,115,73,315,180,135,429,248,181,41,17,24,356,202,154,418,228,190
12244,C4920,32,596,District-Idukki ,Rural,20-29,2616,1478,1138,208,116,92,315,155,160,164,94,70,500,292,208,488,278,210,183,111,72,362,213,149,396,219,177
12245,C4920,32,596,District-Idukki ,Rural,30-39,3328,1808,1520,249,139,110,347,141,206,177,87,90,915,569,346,366,191,175,436,224,212,408,224,184,430,233,197
12246,C4920,32,596,District-Idukki ,Rural,40-49,3798,2174,1624,409,218,191,406,185,221,180,111,69,983,638,345,259,131,128,620,354,266,517,303,214,424,234,190
12247,C4920,32,596,District-Idukki ,Rural,50-59,3619,2097,1522,543,292,251,398,191,207,143,95,48,1066,664,402,129,77,52,532,302,230,503,289,214,305,187,118
12248,C4920,32,596,District-Idukki ,Rural,60-69,2776,1541,1235,513,233,280,385,197,188,96,62,34,769,484,285,65,35,30,318,160,158,363,206,157,267,164,103
12249,C4920,32,596,District-Idukki ,Rural,70-79,1996,929,1067,489,224,265,355,150,205,54,30,24,495,264,231,31,12,19,144,52,92,200,93,107,228,104,124
12250,C4920,32,596,District-Idukki ,Rural,80-89,1116,487,629,227,99,128,278,113,165,13,5,8,235,119,116,10,6,4,49,19,30,94,39,55,210,87,123
12251,C4920,32,596,District-Idukki ,Rural,90+,275,103,172,47,21,26,78,27,51,6,1,5,41,16,25,1,0,1,4,3,1,19,9,10,79,26,53
12252,C4920,32,596,District-Idukki ,Rural,Age Not Stated,28,14,14,0,0,0,6,2,4,5,2,3,3,1,2,3,2,1,3,1,2,5,4,1,3,2,1
12253,C4920,32,596,District-Idukki ,Urban,Total,758,423,335,79,50,29,99,43,56,49,27,22,210,125,85,100,59,41,43,26,17,74,45,29,104,48,56
12254,C4920,32,596,District-Idukki ,Urban,0-4,9,6,3,0,0,0,1,1,0,1,1,0,1,0,1,2,1,1,0,0,0,2,2,0,2,1,1
12255,C4920,32,596,District-Idukki ,Urban,5-9,34,21,13,0,0,0,8,5,3,3,3,0,6,4,2,6,3,3,0,0,0,3,3,0,8,3,5
12256,C4920,32,596,District-Idukki ,Urban,10-19,89,51,38,13,8,5,6,1,5,4,3,1,12,10,2,22,14,8,3,3,0,11,7,4,18,5,13
12257,C4920,32,596,District-Idukki ,Urban,20-29,93,52,41,9,5,4,7,3,4,6,3,3,13,4,9,21,14,7,6,3,3,16,12,4,15,8,7
12258,C4920,32,596,District-Idukki ,Urban,30-39,116,50,66,9,6,3,16,7,9,11,4,7,27,14,13,18,9,9,5,3,2,7,1,6,23,6,17
12259,C4920,32,596,District-Idukki ,Urban,40-49,127,92,35,14,10,4,12,8,4,11,7,4,46,35,11,10,6,4,11,7,4,13,9,4,10,10,0
12260,C4920,32,596,District-Idukki ,Urban,50-59,101,54,47,8,4,4,7,1,6,6,3,3,38,19,19,12,7,5,9,8,1,8,4,4,13,8,5
12261,C4920,32,596,District-Idukki ,Urban,60-69,89,52,37,11,7,4,12,6,6,5,1,4,37,24,13,7,4,3,4,1,3,8,5,3,5,4,1
12262,C4920,32,596,District-Idukki ,Urban,70-79,54,26,28,6,3,3,18,9,9,2,2,0,22,10,12,1,1,0,2,0,2,1,0,1,2,1,1
12263,C4920,32,596,District-Idukki ,Urban,80-89,38,17,21,8,7,1,10,2,8,0,0,0,6,3,3,1,0,1,3,1,2,5,2,3,5,2,3
12264,C4920,32,596,District-Idukki ,Urban,90+,7,2,5,1,0,1,2,0,2,0,0,0,2,2,0,0,0,0,0,0,0,0,0,0,2,0,2
12265,C4920,32,596,District-Idukki ,Urban,Age Not Stated,1,0,1,0,0,0,0,0,0,0,0,0,0,0,0,0,0,0,0,0,0,0,0,0,1,0,1
12266,C4920,32,597,District-Kottayam,Total,Total,48750,25434,23316,6881,3263,3618,6694,3066,3628,2424,1320,1104,11219,6490,4729,4533,2455,2078,4763,2478,2285,5850,3074,2776,6386,3288,3098
12267,C4920,32,597,District-Kottayam,Total,0-4,774,424,350,61,29,32,175,97,78,33,18,15,106,56,50,60,34,26,7,4,3,233,131,102,99,55,44
12268,C4920,32,597,District-Kottayam,Total,5-9,1506,865,641,148,79,69,219,111,108,203,124,79,163,112,51,255,153,102,5,4,1,224,121,103,289,161,128
12269,C4920,32,597,District-Kottayam,Total,10-19,4329,2531,1798,465,285,180,516,292,224,346,203,143,461,286,175,1015,617,398,65,38,27,595,316,279,866,494,372
12270,C4920,32,597,District-Kottayam,Total,20-29,4302,2380,1922,293,178,115,512,260,252,272,141,131,666,400,266,937,527,410,342,192,150,584,303,281,696,379,317
12271,C4920,32,597,District-Kottayam,Total,30-39,6180,3307,2873,429,240,189,648,298,350,413,213,200,1397,839,558,824,421,403,965,500,465,703,361,342,801,435,366
12272,C4920,32,597,District-Kottayam,Total,40-49,7871,4335,3536,895,419,476,817,392,425,425,231,194,1945,1243,702,736,363,373,1236,705,531,975,528,447,842,454,388
12273,C4920,32,597,District-Kottayam,Total,50-59,7379,4079,3300,1187,616,571,840,375,465,295,168,127,2015,1264,751,403,202,201,1038,570,468,941,524,417,660,360,300
12274,C4920,32,597,District-Kottayam,Total,60-69,6510,3315,3195,1283,580,703,870,383,487,241,125,116,1944,1119,825,191,94,97,611,285,326,755,396,359,615,333,282
12275,C4920,32,597,District-Kottayam,Total,70-79,5388,2406,2982,1242,501,741,986,385,601,128,70,58,1449,737,712,72,28,44,327,129,198,516,255,261,668,301,367
12276,C4920,32,597,District-Kottayam,Total,80-89,3590,1462,2128,740,291,449,889,385,504,57,22,35,873,363,510,30,10,20,134,43,91,246,112,134,621,236,385
12277,C4920,32,597,District-Kottayam,Total,90+,845,300,545,136,45,91,203,78,125,5,2,3,185,66,119,5,3,2,21,6,15,64,21,43,226,79,147
12278,C4920,32,597,District-Kottayam,Total,Age Not Stated,76,30,46,2,0,2,19,10,9,6,3,3,15,5,10,5,3,2,12,2,10,14,6,8,3,1,2
12279,C4920,32,597,District-Kottayam,Rural,Total,35106,18518,16588,4905,2359,2546,4764,2194,2570,1798,970,828,8043,4707,3336,3303,1799,1504,3532,1865,1667,4157,2168,1989,4604,2456,2148
12280,C4920,32,597,District-Kottayam,Rural,0-4,577,318,259,49,23,26,128,66,62,20,10,10,80,43,37,49,28,21,5,4,1,166,98,68,80,46,34
12281,C4920,32,597,District-Kottayam,Rural,5-9,1113,652,461,120,66,54,154,72,82,138,84,54,123,83,40,193,123,70,4,4,0,157,86,71,224,134,90
12282,C4920,32,597,District-Kottayam,Rural,10-19,3228,1901,1327,347,210,137,397,231,166,266,154,112,341,219,122,728,446,282,44,28,16,434,232,202,671,381,290
12283,C4920,32,597,District-Kottayam,Rural,20-29,3102,1747,1355,213,128,85,360,183,177,204,111,93,463,286,177,697,399,298,249,142,107,426,224,202,490,274,216
12284,C4920,32,597,District-Kottayam,Rural,30-39,4453,2389,2064,292,165,127,471,215,256,306,155,151,1007,607,400,575,294,281,697,367,330,498,242,256,607,344,263
12285,C4920,32,597,District-Kottayam,Rural,40-49,5683,3136,2547,647,303,344,578,285,293,318,163,155,1423,906,517,535,264,271,898,521,377,702,365,337,582,329,253
12286,C4920,32,597,District-Kottayam,Rural,50-59,5279,2959,2320,830,440,390,593,267,326,218,124,94,1426,920,506,295,142,153,789,424,365,658,369,289,470,273,197
12287,C4920,32,597,District-Kottayam,Rural,60-69,4611,2361,2250,906,422,484,607,261,346,176,92,84,1370,790,580,142,67,75,462,226,236,517,263,254,431,240,191
12288,C4920,32,597,District-Kottayam,Rural,70-79,3844,1742,2102,888,359,529,688,272,416,104,56,48,1031,531,500,61,26,35,248,108,140,374,188,186,450,202,248
12289,C4920,32,597,District-Kottayam,Rural,80-89,2566,1075,1491,515,211,304,632,277,355,40,16,24,643,275,368,23,7,16,107,33,74,174,81,93,432,175,257
12290,C4920,32,597,District-Kottayam,Rural,90+,608,223,385,97,32,65,154,64,90,2,2,0,123,43,80,2,1,1,18,6,12,47,18,29,165,57,108
12291,C4920,32,597,District-Kottayam,Rural,Age Not Stated,42,15,27,1,0,1,2,1,1,6,3,3,13,4,9,3,2,1,11,2,9,4,2,2,2,1,1
12292,C4920,32,597,District-Kottayam,Urban,Total,13644,6916,6728,1976,904,1072,1930,872,1058,626,350,276,3176,1783,1393,1230,656,574,1231,613,618,1693,906,787,1782,832,950
12293,C4920,32,597,District-Kottayam,Urban,0-4,197,106,91,12,6,6,47,31,16,13,8,5,26,13,13,11,6,5,2,0,2,67,33,34,19,9,10
12294,C4920,32,597,District-Kottayam,Urban,5-9,393,213,180,28,13,15,65,39,26,65,40,25,40,29,11,62,30,32,1,0,1,67,35,32,65,27,38
12295,C4920,32,597,District-Kottayam,Urban,10-19,1101,630,471,118,75,43,119,61,58,80,49,31,120,67,53,287,171,116,21,10,11,161,84,77,195,113,82
12296,C4920,32,597,District-Kottayam,Urban,20-29,1200,633,567,80,50,30,152,77,75,68,30,38,203,114,89,240,128,112,93,50,43,158,79,79,206,105,101
12297,C4920,32,597,District-Kottayam,Urban,30-39,1727,918,809,137,75,62,177,83,94,107,58,49,390,232,158,249,127,122,268,133,135,205,119,86,194,91,103
12298,C4920,32,597,District-Kottayam,Urban,40-49,2188,1199,989,248,116,132,239,107,132,107,68,39,522,337,185,201,99,102,338,184,154,273,163,110,260,125,135
12299,C4920,32,597,District-Kottayam,Urban,50-59,2100,1120,980,357,176,181,247,108,139,77,44,33,589,344,245,108,60,48,249,146,103,283,155,128,190,87,103
12300,C4920,32,597,District-Kottayam,Urban,60-69,1899,954,945,377,158,219,263,122,141,65,33,32,574,329,245,49,27,22,149,59,90,238,133,105,184,93,91
12301,C4920,32,597,District-Kottayam,Urban,70-79,1544,664,880,354,142,212,298,113,185,24,14,10,418,206,212,11,2,9,79,21,58,142,67,75,218,99,119
12302,C4920,32,597,District-Kottayam,Urban,80-89,1024,387,637,225,80,145,257,108,149,17,6,11,230,88,142,7,3,4,27,10,17,72,31,41,189,61,128
12303,C4920,32,597,District-Kottayam,Urban,90+,237,77,160,39,13,26,49,14,35,3,0,3,62,23,39,3,2,1,3,0,3,17,3,14,61,22,39
12304,C4920,32,597,District-Kottayam,Urban,Age Not Stated,34,15,19,1,0,1,17,9,8,0,0,0,2,1,1,2,1,1,1,0,1,10,4,6,1,0,1
12305,C4920,32,598,District-Alappuzha,Total,Total,57964,29572,28392,8660,3890,4770,8407,3704,4703,3101,1637,1464,13622,7954,5668,4600,2434,2166,4466,2214,2252,7728,3945,3783,7380,3794,3586
12306,C4920,32,598,District-Alappuzha,Total,0-4,1148,599,549,96,37,59,248,129,119,39,23,16,132,76,56,84,40,44,4,1,3,308,156,152,237,137,100
12307,C4920,32,598,District-Alappuzha,Total,5-9,1848,1048,800,171,88,83,338,177,161,240,134,106,192,119,73,264,155,109,8,3,5,262,140,122,373,232,141
12308,C4920,32,598,District-Alappuzha,Total,10-19,4930,2829,2101,543,304,239,757,409,348,437,238,199,556,344,212,1039,591,448,72,49,23,766,431,335,760,463,297
12309,C4920,32,598,District-Alappuzha,Total,20-29,5251,2875,2376,388,228,160,749,357,392,443,215,228,878,515,363,944,531,413,317,194,123,735,403,332,797,432,365
12310,C4920,32,598,District-Alappuzha,Total,30-39,7445,3965,3480,525,264,261,897,406,491,484,235,249,1915,1161,754,920,461,459,841,497,344,904,463,441,959,478,481
12311,C4920,32,598,District-Alappuzha,Total,40-49,8935,4796,4139,1024,503,521,1045,455,590,478,246,232,2346,1479,867,695,358,337,1189,632,557,1229,628,601,929,495,434
12312,C4920,32,598,District-Alappuzha,Total,50-59,8815,4771,4044,1376,681,695,1068,482,586,407,220,187,2512,1585,927,363,172,191,968,471,497,1256,666,590,865,494,371
12313,C4920,32,598,District-Alappuzha,Total,60-69,8185,4059,4126,1755,713,1042,1058,440,618,315,195,120,2435,1421,1014,172,87,85,605,236,369,1107,576,531,738,391,347
12314,C4920,32,598,District-Alappuzha,Total,70-79,6557,2855,3702,1649,682,967,1103,433,670,172,91,81,1658,848,810,75,24,51,319,93,226,737,315,422,844,369,475
12315,C4920,32,598,District-Alappuzha,Total,80-89,3831,1421,2410,949,342,607,842,297,545,67,31,36,827,334,493,36,12,24,108,28,80,356,143,213,646,234,412
12316,C4920,32,598,District-Alappuzha,Total,90+,824,264,560,176,45,131,176,60,116,9,6,3,154,62,92,1,0,1,23,4,19,58,20,38,227,67,160
12317,C4920,32,598,District-Alappuzha,Total,Age Not Stated,195,90,105,8,3,5,126,59,67,10,3,7,17,10,7,7,3,4,12,6,6,10,4,6,5,2,3
12318,C4920,32,598,District-Alappuzha,Rural,Total,27859,14196,13663,4140,1768,2372,3922,1717,2205,1491,780,711,6533,3861,2672,2168,1128,1040,2171,1129,1042,3753,1897,1856,3681,1916,1765
12319,C4920,32,598,District-Alappuzha,Rural,0-4,575,298,277,42,16,26,102,49,53,14,6,8,71,42,29,41,16,25,2,0,2,134,77,57,169,92,77
12320,C4920,32,598,District-Alappuzha,Rural,5-9,879,482,397,69,34,35,143,66,77,118,61,57,98,57,41,124,70,54,4,3,1,133,67,66,190,124,66
12321,C4920,32,598,District-Alappuzha,Rural,10-19,2253,1285,968,216,121,95,339,178,161,205,113,92,261,168,93,477,267,210,33,20,13,357,195,162,365,223,142
12322,C4920,32,598,District-Alappuzha,Rural,20-29,2458,1351,1107,176,95,81,326,152,174,207,95,112,415,258,157,439,240,199,148,89,59,368,201,167,379,221,158
12323,C4920,32,598,District-Alappuzha,Rural,30-39,3588,1950,1638,237,104,133,370,178,192,225,111,114,1001,620,381,426,210,216,421,274,147,429,214,215,479,239,240
12324,C4920,32,598,District-Alappuzha,Rural,40-49,4212,2297,1915,459,220,239,487,206,281,229,125,104,1122,714,408,331,174,157,556,315,241,584,301,283,444,242,202
12325,C4920,32,598,District-Alappuzha,Rural,50-59,4160,2219,1941,625,299,326,463,205,258,224,122,102,1138,716,422,183,88,95,475,236,239,629,321,308,423,232,191
12326,C4920,32,598,District-Alappuzha,Rural,60-69,4012,1992,2020,873,339,534,518,234,284,149,86,63,1169,701,468,86,45,41,316,129,187,531,266,265,370,192,178
12327,C4920,32,598,District-Alappuzha,Rural,70-79,3172,1377,1795,829,331,498,524,202,322,80,43,37,757,380,377,37,11,26,153,51,102,369,163,206,423,196,227
12328,C4920,32,598,District-Alappuzha,Rural,80-89,1931,721,1210,501,179,322,436,158,278,27,12,15,401,159,242,18,6,12,49,11,38,185,79,106,314,117,197
12329,C4920,32,598,District-Alappuzha,Rural,90+,465,152,313,109,28,81,95,32,63,5,3,2,93,41,52,1,0,1,14,1,13,25,10,15,123,37,86
12330,C4920,32,598,District-Alappuzha,Rural,Age Not Stated,154,72,82,4,2,2,119,57,62,8,3,5,7,5,2,5,1,4,0,0,0,9,3,6,2,1,1
12331,C4920,32,598,District-Alappuzha,Urban,Total,30105,15376,14729,4520,2122,2398,4485,1987,2498,1610,857,753,7089,4093,2996,2432,1306,1126,2295,1085,1210,3975,2048,1927,3699,1878,1821
12332,C4920,32,598,District-Alappuzha,Urban,0-4,573,301,272,54,21,33,146,80,66,25,17,8,61,34,27,43,24,19,2,1,1,174,79,95,68,45,23
12333,C4920,32,598,District-Alappuzha,Urban,5-9,969,566,403,102,54,48,195,111,84,122,73,49,94,62,32,140,85,55,4,0,4,129,73,56,183,108,75
12334,C4920,32,598,District-Alappuzha,Urban,10-19,2677,1544,1133,327,183,144,418,231,187,232,125,107,295,176,119,562,324,238,39,29,10,409,236,173,395,240,155
12335,C4920,32,598,District-Alappuzha,Urban,20-29,2793,1524,1269,212,133,79,423,205,218,236,120,116,463,257,206,505,291,214,169,105,64,367,202,165,418,211,207
12336,C4920,32,598,District-Alappuzha,Urban,30-39,3857,2015,1842,288,160,128,527,228,299,259,124,135,914,541,373,494,251,243,420,223,197,475,249,226,480,239,241
12337,C4920,32,598,District-Alappuzha,Urban,40-49,4723,2499,2224,565,283,282,558,249,309,249,121,128,1224,765,459,364,184,180,633,317,316,645,327,318,485,253,232
12338,C4920,32,598,District-Alappuzha,Urban,50-59,4655,2552,2103,751,382,369,605,277,328,183,98,85,1374,869,505,180,84,96,493,235,258,627,345,282,442,262,180
12339,C4920,32,598,District-Alappuzha,Urban,60-69,4173,2067,2106,882,374,508,540,206,334,166,109,57,1266,720,546,86,42,44,289,107,182,576,310,266,368,199,169
12340,C4920,32,598,District-Alappuzha,Urban,70-79,3385,1478,1907,820,351,469,579,231,348,92,48,44,901,468,433,38,13,25,166,42,124,368,152,216,421,173,248
12341,C4920,32,598,District-Alappuzha,Urban,80-89,1900,700,1200,448,163,285,406,139,267,40,19,21,426,175,251,18,6,12,59,17,42,171,64,107,332,117,215
12342,C4920,32,598,District-Alappuzha,Urban,90+,359,112,247,67,17,50,81,28,53,4,3,1,61,21,40,0,0,0,9,3,6,33,10,23,104,30,74
12343,C4920,32,598,District-Alappuzha,Urban,Age Not Stated,41,18,23,4,1,3,7,2,5,2,0,2,10,5,5,2,2,0,12,6,6,1,1,0,3,1,2
12344,C4920,32,599,District-Pathanamthitta,Total,Total,30137,15833,14304,3636,1738,1898,4133,1834,2299,1925,1040,885,7113,4270,2843,2635,1390,1245,2237,1225,1012,4286,2216,2070,4172,2120,2052
12345,C4920,32,599,District-Pathanamthitta,Total,0-4,434,226,208,31,12,19,79,38,41,16,10,6,77,46,31,33,16,17,0,0,0,130,69,61,68,35,33
12346,C4920,32,599,District-Pathanamthitta,Total,5-9,858,492,366,67,36,31,135,71,64,127,68,59,87,54,33,129,80,49,2,1,1,135,75,60,176,107,69
12347,C4920,32,599,District-Pathanamthitta,Total,10-19,2477,1408,1069,225,117,108,313,158,155,272,169,103,274,177,97,513,301,212,32,20,12,359,186,173,489,280,209
12348,C4920,32,599,District-Pathanamthitta,Total,20-29,2903,1576,1327,157,87,70,338,155,183,249,134,115,452,274,178,583,316,267,170,106,64,460,240,220,494,264,230
12349,C4920,32,599,District-Pathanamthitta,Total,30-39,3733,1996,1737,225,127,98,360,147,213,264,129,135,878,557,321,564,269,295,404,242,162,528,258,270,510,267,243
12350,C4920,32,599,District-Pathanamthitta,Total,40-49,4689,2561,2128,406,214,192,561,243,318,328,162,166,1238,795,443,410,198,212,612,361,251,641,318,323,493,270,223
12351,C4920,32,599,District-Pathanamthitta,Total,50-59,4660,2664,1996,537,294,243,522,249,273,262,149,113,1397,894,503,254,133,121,502,281,221,738,420,318,448,244,204
12352,C4920,32,599,District-Pathanamthitta,Total,60-69,4120,2160,1960,691,312,379,543,239,304,208,109,99,1234,759,475,98,53,45,298,134,164,611,332,279,437,222,215
12353,C4920,32,599,District-Pathanamthitta,Total,70-79,3506,1628,1878,717,295,422,611,271,340,135,78,57,914,477,437,32,16,16,151,57,94,449,219,230,497,215,282
12354,C4920,32,599,District-Pathanamthitta,Total,80-89,2186,908,1278,477,201,276,526,212,314,50,27,23,463,197,266,15,6,9,53,19,34,193,83,110,409,163,246
12355,C4920,32,599,District-Pathanamthitta,Total,90+,541,198,343,99,40,59,144,50,94,13,4,9,90,36,54,2,1,1,10,1,9,38,14,24,145,52,93
12356,C4920,32,599,District-Pathanamthitta,Total,Age Not Stated,30,16,14,4,3,1,1,1,0,1,1,0,9,4,5,2,1,1,3,3,0,4,2,2,6,1,5
12357,C4920,32,599,District-Pathanamthitta,Rural,Total,27491,14434,13057,3359,1603,1756,3796,1664,2132,1744,946,798,6438,3887,2551,2388,1259,1129,2042,1125,917,3915,2024,1891,3809,1926,1883
12358,C4920,32,599,District-Pathanamthitta,Rural,0-4,389,209,180,24,9,15,72,35,37,13,9,4,69,43,26,30,15,15,0,0,0,118,66,52,63,32,31
12359,C4920,32,599,District-Pathanamthitta,Rural,5-9,787,451,336,62,33,29,121,62,59,119,63,56,80,49,31,119,76,43,2,1,1,120,68,52,164,99,65
12360,C4920,32,599,District-Pathanamthitta,Rural,10-19,2256,1282,974,205,109,96,286,142,144,251,154,97,248,162,86,468,273,195,30,18,12,328,170,158,440,254,186
12361,C4920,32,599,District-Pathanamthitta,Rural,20-29,2635,1422,1213,135,74,61,316,145,171,220,122,98,402,240,162,531,287,244,153,97,56,425,221,204,453,236,217
12362,C4920,32,599,District-Pathanamthitta,Rural,30-39,3384,1810,1574,202,112,90,322,124,198,239,115,124,799,514,285,521,242,279,365,219,146,476,238,238,460,246,214
12363,C4920,32,599,District-Pathanamthitta,Rural,40-49,4242,2312,1930,369,193,176,519,223,296,294,144,150,1116,717,399,358,176,182,563,334,229,588,289,299,435,236,199
12364,C4920,32,599,District-Pathanamthitta,Rural,50-59,4275,2439,1836,501,272,229,487,231,256,236,132,104,1271,814,457,224,119,105,464,258,206,672,384,288,420,229,191
12365,C4920,32,599,District-Pathanamthitta,Rural,60-69,3777,1982,1795,648,291,357,496,214,282,190,105,85,1116,695,421,92,50,42,266,122,144,561,300,261,408,205,203
12366,C4920,32,599,District-Pathanamthitta,Rural,70-79,3224,1497,1727,675,280,395,557,244,313,125,72,53,825,437,388,31,16,15,141,54,87,410,200,210,460,194,266
12367,C4920,32,599,District-Pathanamthitta,Rural,80-89,2002,837,1165,444,191,253,491,200,291,44,25,19,419,179,240,11,4,7,46,19,27,180,75,105,367,144,223
12368,C4920,32,599,District-Pathanamthitta,Rural,90+,493,180,313,91,37,54,128,43,85,12,4,8,84,33,51,2,1,1,10,1,9,33,11,22,133,50,83
12369,C4920,32,599,District-Pathanamthitta,Rural,Age Not Stated,27,13,14,3,2,1,1,1,0,1,1,0,9,4,5,1,0,1,2,2,0,4,2,2,6,1,5
12370,C4920,32,599,District-Pathanamthitta,Urban,Total,2646,1399,1247,277,135,142,337,170,167,181,94,87,675,383,292,247,131,116,195,100,95,371,192,179,363,194,169
12371,C4920,32,599,District-Pathanamthitta,Urban,0-4,45,17,28,7,3,4,7,3,4,3,1,2,8,3,5,3,1,2,0,0,0,12,3,9,5,3,2
12372,C4920,32,599,District-Pathanamthitta,Urban,5-9,71,41,30,5,3,2,14,9,5,8,5,3,7,5,2,10,4,6,0,0,0,15,7,8,12,8,4
12373,C4920,32,599,District-Pathanamthitta,Urban,10-19,221,126,95,20,8,12,27,16,11,21,15,6,26,15,11,45,28,17,2,2,0,31,16,15,49,26,23
12374,C4920,32,599,District-Pathanamthitta,Urban,20-29,268,154,114,22,13,9,22,10,12,29,12,17,50,34,16,52,29,23,17,9,8,35,19,16,41,28,13
12375,C4920,32,599,District-Pathanamthitta,Urban,30-39,349,186,163,23,15,8,38,23,15,25,14,11,79,43,36,43,27,16,39,23,16,52,20,32,50,21,29
12376,C4920,32,599,District-Pathanamthitta,Urban,40-49,447,249,198,37,21,16,42,20,22,34,18,16,122,78,44,52,22,30,49,27,22,53,29,24,58,34,24
12377,C4920,32,599,District-Pathanamthitta,Urban,50-59,385,225,160,36,22,14,35,18,17,26,17,9,126,80,46,30,14,16,38,23,15,66,36,30,28,15,13
12378,C4920,32,599,District-Pathanamthitta,Urban,60-69,343,178,165,43,21,22,47,25,22,18,4,14,118,64,54,6,3,3,32,12,20,50,32,18,29,17,12
12379,C4920,32,599,District-Pathanamthitta,Urban,70-79,282,131,151,42,15,27,54,27,27,10,6,4,89,40,49,1,0,1,10,3,7,39,19,20,37,21,16
12380,C4920,32,599,District-Pathanamthitta,Urban,80-89,184,71,113,33,10,23,35,12,23,6,2,4,44,18,26,4,2,2,7,0,7,13,8,5,42,19,23
12381,C4920,32,599,District-Pathanamthitta,Urban,90+,48,18,30,8,3,5,16,7,9,1,0,1,6,3,3,0,0,0,0,0,0,5,3,2,12,2,10
12382,C4920,32,599,District-Pathanamthitta,Urban,Age Not Stated,3,3,0,1,1,0,0,0,0,0,0,0,0,0,0,1,1,0,1,1,0,0,0,0,0,0,0
12383,C4920,32,600,District-Kollam,Total,Total,62463,32412,30051,8648,3894,4754,8384,3824,4560,3841,1956,1885,15201,9022,6179,5523,3081,2442,5371,2600,2771,7687,3987,3700,7808,4048,3760
12384,C4920,32,600,District-Kollam,Total,0-4,1121,626,495,87,41,46,287,147,140,53,26,27,148,102,46,59,30,29,10,2,8,337,200,137,140,78,62
12385,C4920,32,600,District-Kollam,Total,5-9,2092,1182,910,216,127,89,388,214,174,252,134,118,232,149,83,280,160,120,17,7,10,302,153,149,405,238,167
12386,C4920,32,600,District-Kollam,Total,10-19,5658,3156,2502,524,281,243,857,464,393,586,309,277,706,423,283,1147,694,453,104,48,56,779,395,384,955,542,413
12387,C4920,32,600,District-Kollam,Total,20-29,7129,3901,3228,434,236,198,899,421,478,585,280,305,1408,826,582,1230,727,503,452,236,216,1001,550,451,1120,625,495
12388,C4920,32,600,District-Kollam,Total,30-39,9103,4801,4302,575,288,287,1027,456,571,591,271,320,2440,1436,1004,1187,633,554,1050,576,474,1055,504,551,1178,637,541
12389,C4920,32,600,District-Kollam,Total,40-49,10041,5416,4625,1035,513,522,1143,488,655,611,306,305,2608,1651,957,868,460,408,1444,740,704,1296,688,608,1036,570,466
12390,C4920,32,600,District-Kollam,Total,50-59,9524,5236,4288,1457,705,752,1051,504,547,534,295,239,2931,1844,1087,437,233,204,1194,570,624,1148,637,511,772,448,324
12391,C4920,32,600,District-Kollam,Total,60-69,7810,4026,3784,1681,736,945,998,417,581,352,203,149,2354,1455,899,192,91,101,659,287,372,873,467,406,701,370,331
12392,C4920,32,600,District-Kollam,Total,70-79,5819,2571,3248,1615,632,983,903,387,516,174,85,89,1531,806,725,77,30,47,291,93,198,564,260,304,664,278,386
12393,C4920,32,600,District-Kollam,Total,80-89,3327,1223,2104,860,271,589,664,267,397,87,38,49,689,284,405,34,16,18,125,32,93,268,106,162,600,209,391
12394,C4920,32,600,District-Kollam,Total,90+,762,243,519,158,61,97,162,57,105,9,5,4,140,38,102,4,4,0,12,5,7,50,21,29,227,52,175
12395,C4920,32,600,District-Kollam,Total,Age Not Stated,77,31,46,6,3,3,5,2,3,7,4,3,14,8,6,8,3,5,13,4,9,14,6,8,10,1,9
12396,C4920,32,600,District-Kollam,Rural,Total,37127,19099,18028,5639,2513,3126,4933,2238,2695,2226,1128,1098,8865,5278,3587,3056,1699,1357,3067,1476,1591,4668,2397,2271,4673,2370,2303
12397,C4920,32,600,District-Kollam,Rural,0-4,624,355,269,53,19,34,160,89,71,25,15,10,82,58,24,33,17,16,3,2,1,181,109,72,87,46,41
12398,C4920,32,600,District-Kollam,Rural,5-9,1188,689,499,118,64,54,232,132,100,155,92,63,124,84,40,162,100,62,5,2,3,160,79,81,232,136,96
12399,C4920,32,600,District-Kollam,Rural,10-19,3218,1786,1432,307,160,147,500,267,233,331,165,166,390,240,150,649,396,253,59,27,32,432,217,215,550,314,236
12400,C4920,32,600,District-Kollam,Rural,20-29,3987,2164,1823,240,137,103,514,245,269,323,148,175,807,488,319,658,374,284,240,129,111,585,316,269,620,327,293
12401,C4920,32,600,District-Kollam,Rural,30-39,5151,2684,2467,356,172,184,572,235,337,355,164,191,1384,813,571,656,342,314,574,317,257,600,289,311,654,352,302
12402,C4920,32,600,District-Kollam,Rural,40-49,5866,3172,2694,671,329,342,658,284,374,360,176,184,1529,982,547,478,265,213,800,402,398,782,413,369,588,321,267
12403,C4920,32,600,District-Kollam,Rural,50-59,5694,3136,2558,951,459,492,583,285,298,299,170,129,1704,1069,635,243,126,117,714,353,361,710,390,320,490,284,206
12404,C4920,32,600,District-Kollam,Rural,60-69,4908,2470,2438,1171,507,664,615,259,356,212,128,84,1400,844,556,106,47,59,394,159,235,590,307,283,420,219,201
12405,C4920,32,600,District-Kollam,Rural,70-79,3761,1649,2112,1091,435,656,564,229,335,103,41,62,932,497,435,47,21,26,197,63,134,384,178,206,443,185,258
12406,C4920,32,600,District-Kollam,Rural,80-89,2179,807,1372,568,181,387,430,174,256,54,25,29,410,173,237,20,9,11,64,16,48,201,81,120,432,148,284
12407,C4920,32,600,District-Kollam,Rural,90+,504,168,336,110,48,62,105,39,66,3,1,2,94,24,70,1,1,0,6,3,3,34,14,20,151,38,113
12408,C4920,32,600,District-Kollam,Rural,Age Not Stated,47,19,28,3,2,1,0,0,0,6,3,3,9,6,3,3,1,2,11,3,8,9,4,5,6,0,6
12409,C4920,32,600,District-Kollam,Urban,Total,25336,13313,12023,3009,1381,1628,3451,1586,1865,1615,828,787,6336,3744,2592,2467,1382,1085,2304,1124,1180,3019,1590,1429,3135,1678,1457
12410,C4920,32,600,District-Kollam,Urban,0-4,497,271,226,34,22,12,127,58,69,28,11,17,66,44,22,26,13,13,7,0,7,156,91,65,53,32,21
12411,C4920,32,600,District-Kollam,Urban,5-9,904,493,411,98,63,35,156,82,74,97,42,55,108,65,43,118,60,58,12,5,7,142,74,68,173,102,71
12412,C4920,32,600,District-Kollam,Urban,10-19,2440,1370,1070,217,121,96,357,197,160,255,144,111,316,183,133,498,298,200,45,21,24,347,178,169,405,228,177
12413,C4920,32,600,District-Kollam,Urban,20-29,3142,1737,1405,194,99,95,385,176,209,262,132,130,601,338,263,572,353,219,212,107,105,416,234,182,500,298,202
12414,C4920,32,600,District-Kollam,Urban,30-39,3952,2117,1835,219,116,103,455,221,234,236,107,129,1056,623,433,531,291,240,476,259,217,455,215,240,524,285,239
12415,C4920,32,600,District-Kollam,Urban,40-49,4175,2244,1931,364,184,180,485,204,281,251,130,121,1079,669,410,390,195,195,644,338,306,514,275,239,448,249,199
12416,C4920,32,600,District-Kollam,Urban,50-59,3830,2100,1730,506,246,260,468,219,249,235,125,110,1227,775,452,194,107,87,480,217,263,438,247,191,282,164,118
12417,C4920,32,600,District-Kollam,Urban,60-69,2902,1556,1346,510,229,281,383,158,225,140,75,65,954,611,343,86,44,42,265,128,137,283,160,123,281,151,130
12418,C4920,32,600,District-Kollam,Urban,70-79,2058,922,1136,524,197,327,339,158,181,71,44,27,599,309,290,30,9,21,94,30,64,180,82,98,221,93,128
12419,C4920,32,600,District-Kollam,Urban,80-89,1148,416,732,292,90,202,234,93,141,33,13,20,279,111,168,14,7,7,61,16,45,67,25,42,168,61,107
12420,C4920,32,600,District-Kollam,Urban,90+,258,75,183,48,13,35,57,18,39,6,4,2,46,14,32,3,3,0,6,2,4,16,7,9,76,14,62
12421,C4920,32,600,District-Kollam,Urban,Age Not Stated,30,12,18,3,1,2,5,2,3,1,1,0,5,2,3,5,2,3,2,1,1,5,2,3,4,1,3
12422,C4920,32,601,District-Thiruvananthapuram,Total,Total,80822,41877,38945,11757,5467,6290,11012,5148,5864,4698,2534,2164,19095,11126,7969,6296,3525,2771,6850,3300,3550,11607,5915,5692,9507,4862,4645
12423,C4920,32,601,District-Thiruvananthapuram,Total,0-4,1655,913,742,150,79,71,427,227,200,72,39,33,224,126,98,88,58,30,4,1,3,497,269,228,193,114,79
12424,C4920,32,601,District-Thiruvananthapuram,Total,5-9,2756,1540,1216,299,161,138,490,239,251,334,206,128,298,165,133,373,234,139,14,8,6,490,257,233,458,270,188
12425,C4920,32,601,District-Thiruvananthapuram,Total,10-19,8005,4587,3418,972,533,439,1233,671,562,714,424,290,958,592,366,1547,912,635,166,93,73,1186,649,537,1229,713,516
12426,C4920,32,601,District-Thiruvananthapuram,Total,20-29,9517,5161,4356,789,446,343,1328,626,702,717,366,351,1955,1157,798,1429,821,608,569,326,243,1500,772,728,1230,647,583
12427,C4920,32,601,District-Thiruvananthapuram,Total,30-39,11152,5958,5194,910,462,448,1399,651,748,751,375,376,2889,1691,1198,1150,622,528,1295,723,572,1517,766,751,1241,668,573
12428,C4920,32,601,District-Thiruvananthapuram,Total,40-49,12576,6751,5825,1422,693,729,1478,698,780,708,363,345,3356,2089,1267,903,476,427,1727,900,827,1812,919,893,1170,613,557
12429,C4920,32,601,District-Thiruvananthapuram,Total,50-59,12334,6630,5704,1876,908,968,1420,656,764,620,340,280,3581,2210,1371,459,236,223,1526,718,808,1833,983,850,1019,579,440
12430,C4920,32,601,District-Thiruvananthapuram,Total,60-69,10883,5421,5462,2362,1035,1327,1286,596,690,466,258,208,3161,1850,1311,214,111,103,930,357,573,1431,703,728,1033,511,522
12431,C4920,32,601,District-Thiruvananthapuram,Total,70-79,7280,3177,4103,1876,752,1124,1081,448,633,229,126,103,1710,856,854,83,34,49,425,135,290,885,400,485,991,426,565
12432,C4920,32,601,District-Thiruvananthapuram,Total,80-89,3678,1410,2268,914,343,571,708,277,431,66,30,36,777,329,448,34,13,21,131,21,110,363,152,211,685,245,440
12433,C4920,32,601,District-Thiruvananthapuram,Total,90+,823,253,570,177,51,126,134,49,85,8,1,7,166,49,117,3,1,2,27,10,17,62,24,38,246,68,178
12434,C4920,32,601,District-Thiruvananthapuram,Total,Age Not Stated,163,76,87,10,4,6,28,10,18,13,6,7,20,12,8,13,7,6,36,8,28,31,21,10,12,8,4
12435,C4920,32,601,District-Thiruvananthapuram,Rural,Total,39196,20179,19017,6046,2747,3299,5093,2372,2721,2129,1129,1000,9333,5446,3887,3069,1701,1368,3557,1702,1855,5193,2633,2560,4776,2449,2327
12436,C4920,32,601,District-Thiruvananthapuram,Rural,0-4,787,431,356,86,46,40,202,106,96,36,20,16,113,64,49,40,25,15,1,0,1,217,115,102,92,55,37
12437,C4920,32,601,District-Thiruvananthapuram,Rural,5-9,1316,750,566,141,76,65,223,119,104,151,96,55,160,96,64,199,119,80,8,4,4,212,106,106,222,134,88
12438,C4920,32,601,District-Thiruvananthapuram,Rural,10-19,3799,2133,1666,473,260,213,569,306,263,297,170,127,490,299,191,736,424,312,85,47,38,543,291,252,606,336,270
12439,C4920,32,601,District-Thiruvananthapuram,Rural,20-29,4631,2480,2151,398,214,184,636,287,349,314,146,168,995,589,406,703,398,305,290,161,129,681,344,337,614,341,273
12440,C4920,32,601,District-Thiruvananthapuram,Rural,30-39,5390,2842,2548,421,198,223,606,283,323,366,186,180,1389,786,603,557,299,258,680,380,300,703,349,354,668,361,307
12441,C4920,32,601,District-Thiruvananthapuram,Rural,40-49,6089,3240,2849,738,348,390,659,313,346,309,155,154,1674,1035,639,431,223,208,883,448,435,795,408,387,600,310,290
12442,C4920,32,601,District-Thiruvananthapuram,Rural,50-59,5922,3239,2683,972,458,514,636,308,328,296,163,133,1662,1054,608,225,125,100,815,394,421,803,438,365,513,299,214
12443,C4920,32,601,District-Thiruvananthapuram,Rural,60-69,5339,2620,2719,1246,530,716,606,262,344,228,130,98,1550,911,639,113,63,50,477,175,302,626,304,322,493,245,248
12444,C4920,32,601,District-Thiruvananthapuram,Rural,70-79,3575,1556,2019,1003,399,604,521,216,305,98,51,47,812,419,393,39,15,24,217,73,144,394,179,215,491,204,287
12445,C4920,32,601,District-Thiruvananthapuram,Rural,80-89,1831,719,1112,456,180,276,354,144,210,22,8,14,386,162,224,19,7,12,82,12,70,175,82,93,337,124,213
12446,C4920,32,601,District-Thiruvananthapuram,Rural,90+,445,132,313,110,36,74,64,18,46,5,1,4,87,24,63,2,1,1,10,3,7,32,12,20,135,37,98
12447,C4920,32,601,District-Thiruvananthapuram,Rural,Age Not Stated,72,37,35,2,2,0,17,10,7,7,3,4,15,7,8,5,2,3,9,5,4,12,5,7,5,3,2
12448,C4920,32,601,District-Thiruvananthapuram,Urban,Total,41626,21698,19928,5711,2720,2991,5919,2776,3143,2569,1405,1164,9762,5680,4082,3227,1824,1403,3293,1598,1695,6414,3282,3132,4731,2413,2318
12449,C4920,32,601,District-Thiruvananthapuram,Urban,0-4,868,482,386,64,33,31,225,121,104,36,19,17,111,62,49,48,33,15,3,1,2,280,154,126,101,59,42
12450,C4920,32,601,District-Thiruvananthapuram,Urban,5-9,1440,790,650,158,85,73,267,120,147,183,110,73,138,69,69,174,115,59,6,4,2,278,151,127,236,136,100
12451,C4920,32,601,District-Thiruvananthapuram,Urban,10-19,4206,2454,1752,499,273,226,664,365,299,417,254,163,468,293,175,811,488,323,81,46,35,643,358,285,623,377,246
12452,C4920,32,601,District-Thiruvananthapuram,Urban,20-29,4886,2681,2205,391,232,159,692,339,353,403,220,183,960,568,392,726,423,303,279,165,114,819,428,391,616,306,310
12453,C4920,32,601,District-Thiruvananthapuram,Urban,30-39,5762,3116,2646,489,264,225,793,368,425,385,189,196,1500,905,595,593,323,270,615,343,272,814,417,397,573,307,266
12454,C4920,32,601,District-Thiruvananthapuram,Urban,40-49,6487,3511,2976,684,345,339,819,385,434,399,208,191,1682,1054,628,472,253,219,844,452,392,1017,511,506,570,303,267
12455,C4920,32,601,District-Thiruvananthapuram,Urban,50-59,6412,3391,3021,904,450,454,784,348,436,324,177,147,1919,1156,763,234,111,123,711,324,387,1030,545,485,506,280,226
12456,C4920,32,601,District-Thiruvananthapuram,Urban,60-69,5544,2801,2743,1116,505,611,680,334,346,238,128,110,1611,939,672,101,48,53,453,182,271,805,399,406,540,266,274
12457,C4920,32,601,District-Thiruvananthapuram,Urban,70-79,3705,1621,2084,873,353,520,560,232,328,131,75,56,898,437,461,44,19,25,208,62,146,491,221,270,500,222,278
12458,C4920,32,601,District-Thiruvananthapuram,Urban,80-89,1847,691,1156,458,163,295,354,133,221,44,22,22,391,167,224,15,6,9,49,9,40,188,70,118,348,121,227
12459,C4920,32,601,District-Thiruvananthapuram,Urban,90+,378,121,257,67,15,52,70,31,39,3,0,3,79,25,54,1,0,1,17,7,10,30,12,18,111,31,80
12460,C4920,32,601,District-Thiruvananthapuram,Urban,Age Not Stated,91,39,52,8,2,6,11,0,11,6,3,3,5,5,0,8,5,3,27,3,24,19,16,3,7,5,2
12461,C4920,14,0,State-MANIPUR,Total,0-4,3406,1778,1628,1444,747,697,814,420,394,43,21,22,117,66,51,216,106,110,14,12,2,634,335,299,124,71,53
12462,C4920,14,0,State-MANIPUR,Total,5-9,4360,2282,2078,1604,811,793,901,487,414,291,159,132,229,130,99,302,163,139,33,23,10,740,378,362,260,131,129
12463,C4920,14,0,State-MANIPUR,Total,10-19,10130,5314,4816,3605,1846,1759,2063,1045,1018,580,337,243,593,353,240,920,463,457,163,85,78,1613,851,762,593,334,259
12464,C4920,14,0,State-MANIPUR,Total,20-29,10127,5221,4906,3399,1684,1715,2133,1033,1100,456,242,214,756,452,304,911,495,416,265,157,108,1694,868,826,513,290,223
12465,C4920,14,0,State-MANIPUR,Total,30-39,8543,4635,3908,2729,1420,1309,1825,969,856,415,231,184,667,400,267,910,514,396,310,185,125,1268,678,590,419,238,181
12466,C4920,14,0,State-MANIPUR,Total,40-49,7148,4007,3141,2237,1202,1035,1511,833,678,339,198,141,731,459,272,673,390,283,283,179,104,1012,541,471,362,205,157
12467,C4920,14,0,State-MANIPUR,Total,50-59,5663,3092,2571,1726,932,794,1209,640,569,248,130,118,787,458,329,487,271,216,169,89,80,734,392,342,303,180,123
12468,C4920,14,0,State-MANIPUR,Total,60-69,4398,2384,2014,1239,667,572,1112,564,548,167,96,71,680,426,254,248,138,110,129,69,60,454,237,217,369,187,182
12469,C4920,14,0,State-MANIPUR,Total,70-79,2839,1490,1349,786,388,398,744,380,364,77,47,30,471,278,193,120,56,64,60,32,28,278,145,133,303,164,139
12470,C4920,14,0,State-MANIPUR,Total,80-89,1429,727,702,298,153,145,446,243,203,36,22,14,223,120,103,42,23,19,26,8,18,143,69,74,215,89,126
12471,C4920,14,0,State-MANIPUR,Total,90+,347,163,184,64,33,31,107,60,47,2,2,0,56,20,36,4,1,3,3,2,1,30,8,22,81,37,44
12472,C4920,14,0,State-MANIPUR,Total,Age Not Stated,157,81,76,63,32,31,26,14,12,7,3,4,5,3,2,13,6,7,4,1,3,28,14,14,11,8,3
12473,C4920,14,0,State-MANIPUR,Rural,Total,40488,21726,18762,13429,6970,6459,9663,5050,4613,1833,1038,795,3508,2095,1413,3148,1754,1394,841,474,367,5654,3016,2638,2412,1329,1083
12474,C4920,14,0,State-MANIPUR,Rural,0-4,2448,1285,1163,1018,527,491,624,321,303,26,15,11,88,52,36,159,83,76,10,9,1,445,235,210,78,43,35
12475,C4920,14,0,State-MANIPUR,Rural,5-9,3185,1671,1514,1149,582,567,702,381,321,220,119,101,163,92,71,216,120,96,26,20,6,527,265,262,182,92,90
12476,C4920,14,0,State-MANIPUR,Rural,10-19,7313,3870,3443,2583,1331,1252,1636,838,798,416,241,175,426,262,164,634,323,311,105,54,51,1107,596,511,406,225,181
12477,C4920,14,0,State-MANIPUR,Rural,20-29,7018,3653,3365,2397,1209,1188,1606,781,825,298,160,138,532,321,211,599,330,269,162,95,67,1086,569,517,338,188,150
12478,C4920,14,0,State-MANIPUR,Rural,30-39,5680,3116,2564,1827,949,878,1312,697,615,291,170,121,442,263,179,570,344,226,174,105,69,809,441,368,255,147,108
12479,C4920,14,0,State-MANIPUR,Rural,40-49,4780,2653,2127,1541,810,731,1086,597,489,229,133,96,475,294,181,416,244,172,157,91,66,632,340,292,244,144,100
12480,C4920,14,0,State-MANIPUR,Rural,50-59,3829,2127,1702,1193,663,530,925,500,425,160,87,73,499,289,210,292,162,130,85,38,47,472,264,208,203,124,79
12481,C4920,14,0,State-MANIPUR,Rural,60-69,3071,1679,1392,902,488,414,847,433,414,115,63,52,427,269,158,159,95,64,74,38,36,275,152,123,272,141,131
12482,C4920,14,0,State-MANIPUR,Rural,70-79,1926,1034,892,541,268,273,543,286,257,45,30,15,294,169,125,66,32,34,30,16,14,180,98,82,227,135,92
12483,C4920,14,0,State-MANIPUR,Rural,80-89,912,474,438,191,97,94,294,167,127,27,17,10,123,66,57,29,18,11,13,6,7,85,42,43,150,61,89
12484,C4920,14,0,State-MANIPUR,Rural,90+,227,112,115,47,25,22,71,41,30,1,1,0,36,16,20,3,1,2,2,1,1,18,4,14,49,23,26
12485,C4920,14,0,State-MANIPUR,Rural,Age Not Stated,99,52,47,40,21,19,17,8,9,5,2,3,3,2,1,5,2,3,3,1,2,18,10,8,8,6,2
12486,C4920,14,0,State-MANIPUR,Urban,Total,18059,9448,8611,5765,2945,2820,3228,1638,1590,828,450,378,1807,1070,737,1698,872,826,618,368,250,2974,1500,1474,1141,605,536
12487,C4920,14,0,State-MANIPUR,Urban,0-4,958,493,465,426,220,206,190,99,91,17,6,11,29,14,15,57,23,34,4,3,1,189,100,89,46,28,18
12488,C4920,14,0,State-MANIPUR,Urban,5-9,1175,611,564,455,229,226,199,106,93,71,40,31,66,38,28,86,43,43,7,3,4,213,113,100,78,39,39
12489,C4920,14,0,State-MANIPUR,Urban,10-19,2817,1444,1373,1022,515,507,427,207,220,164,96,68,167,91,76,286,140,146,58,31,27,506,255,251,187,109,78
12490,C4920,14,0,State-MANIPUR,Urban,20-29,3109,1568,1541,1002,475,527,527,252,275,158,82,76,224,131,93,312,165,147,103,62,41,608,299,309,175,102,73
12491,C4920,14,0,State-MANIPUR,Urban,30-39,2863,1519,1344,902,471,431,513,272,241,124,61,63,225,137,88,340,170,170,136,80,56,459,237,222,164,91,73
12492,C4920,14,0,State-MANIPUR,Urban,40-49,2368,1354,1014,696,392,304,425,236,189,110,65,45,256,165,91,257,146,111,126,88,38,380,201,179,118,61,57
12493,C4920,14,0,State-MANIPUR,Urban,50-59,1834,965,869,533,269,264,284,140,144,88,43,45,288,169,119,195,109,86,84,51,33,262,128,134,100,56,44
12494,C4920,14,0,State-MANIPUR,Urban,60-69,1327,705,622,337,179,158,265,131,134,52,33,19,253,157,96,89,43,46,55,31,24,179,85,94,97,46,51
12495,C4920,14,0,State-MANIPUR,Urban,70-79,913,456,457,245,120,125,201,94,107,32,17,15,177,109,68,54,24,30,30,16,14,98,47,51,76,29,47
12496,C4920,14,0,State-MANIPUR,Urban,80-89,517,253,264,107,56,51,152,76,76,9,5,4,100,54,46,13,5,8,13,2,11,58,27,31,65,28,37
12497,C4920,14,0,State-MANIPUR,Urban,90+,120,51,69,17,8,9,36,19,17,1,1,0,20,4,16,1,0,1,1,1,0,12,4,8,32,14,18
12498,C4920,14,0,State-MANIPUR,Urban,Age Not Stated,58,29,29,23,11,12,9,6,3,2,1,1,2,1,1,8,4,4,1,0,1,10,4,6,3,2,1
12499,C4920,14,272,District-Senapati,Total,Total,9492,5072,4420,3172,1672,1500,3157,1684,1473,327,181,146,516,317,199,592,319,273,125,58,67,1120,586,534,483,255,228
12500,C4920,14,272,District-Senapati,Total,0-4,650,345,305,236,126,110,234,125,109,7,1,6,14,6,8,43,28,15,2,1,1,89,46,43,25,12,13
12501,C4920,14,272,District-Senapati,Total,5-9,860,461,399,294,148,146,281,152,129,53,31,22,30,19,11,41,26,15,3,2,1,118,65,53,40,18,22
12502,C4920,14,272,District-Senapati,Total,10-19,2048,1075,973,691,349,342,668,338,330,79,46,33,88,60,28,143,71,72,20,10,10,262,153,109,97,48,49
12503,C4920,14,272,District-Senapati,Total,20-29,1833,954,879,626,325,301,584,305,279,70,37,33,102,59,43,118,62,56,33,18,15,231,113,118,69,35,34
12504,C4920,14,272,District-Senapati,Total,30-39,1295,702,593,419,219,200,448,241,207,41,26,15,72,45,27,92,48,44,20,9,11,151,78,73,52,36,16
12505,C4920,14,272,District-Senapati,Total,40-49,1067,587,480,369,204,165,325,181,144,36,19,17,72,42,30,73,41,32,21,9,12,118,61,57,53,30,23
12506,C4920,14,272,District-Senapati,Total,50-59,797,431,366,257,144,113,277,154,123,23,9,14,59,38,21,48,24,24,13,4,9,79,38,41,41,20,21
12507,C4920,14,272,District-Senapati,Total,60-69,510,283,227,169,93,76,177,99,78,11,6,5,47,27,20,18,11,7,8,3,5,37,21,16,43,23,20
12508,C4920,14,272,District-Senapati,Total,70-79,257,146,111,65,38,27,107,55,52,4,4,0,16,12,4,10,6,4,2,1,1,22,8,14,31,22,9
12509,C4920,14,272,District-Senapati,Total,80-89,126,63,63,30,15,15,40,28,12,2,1,1,14,8,6,3,1,2,1,1,0,9,2,7,27,7,20
12510,C4920,14,272,District-Senapati,Total,90+,32,18,14,10,9,1,12,5,7,0,0,0,2,1,1,1,0,1,0,0,0,3,0,3,4,3,1
12511,C4920,14,272,District-Senapati,Total,Age Not Stated,17,7,10,6,2,4,4,1,3,1,1,0,0,0,0,2,1,1,2,0,2,1,1,0,1,1,0
12512,C4920,14,272,District-Senapati,Rural,Total,9394,5021,4373,3125,1646,1479,3138,1676,1462,324,180,144,512,315,197,586,316,270,124,57,67,1107,580,527,478,251,227
12513,C4920,14,272,District-Senapati,Rural,0-4,641,341,300,230,124,106,234,125,109,6,1,5,14,6,8,42,27,15,2,1,1,88,45,43,25,12,13
12514,C4920,14,272,District-Senapati,Rural,5-9,846,454,392,285,143,142,279,151,128,53,31,22,30,19,11,41,26,15,3,2,1,116,64,52,39,18,21
12515,C4920,14,272,District-Senapati,Rural,10-19,2031,1065,966,681,343,338,665,337,328,78,45,33,88,60,28,142,71,71,20,10,10,261,152,109,96,47,49
12516,C4920,14,272,District-Senapati,Rural,20-29,1819,948,871,620,323,297,581,304,277,69,37,32,102,59,43,117,61,56,33,18,15,228,111,117,69,35,34
12517,C4920,14,272,District-Senapati,Rural,30-39,1277,691,586,410,213,197,443,238,205,41,26,15,71,44,27,90,48,42,20,9,11,151,78,73,51,35,16
12518,C4920,14,272,District-Senapati,Rural,40-49,1059,581,478,366,201,165,324,181,143,36,19,17,71,42,29,72,40,32,21,9,12,118,61,57,51,28,23
12519,C4920,14,272,District-Senapati,Rural,50-59,791,427,364,255,143,112,276,153,123,23,9,14,58,38,20,48,24,24,12,3,9,78,37,41,41,20,21
12520,C4920,14,272,District-Senapati,Rural,60-69,506,281,225,168,92,76,174,98,76,11,6,5,47,27,20,18,11,7,8,3,5,37,21,16,43,23,20
12521,C4920,14,272,District-Senapati,Rural,70-79,254,146,108,65,38,27,107,55,52,4,4,0,16,12,4,10,6,4,2,1,1,19,8,11,31,22,9
12522,C4920,14,272,District-Senapati,Rural,80-89,121,62,59,29,15,14,39,28,11,2,1,1,13,7,6,3,1,2,1,1,0,7,2,5,27,7,20
12523,C4920,14,272,District-Senapati,Rural,90+,32,18,14,10,9,1,12,5,7,0,0,0,2,1,1,1,0,1,0,0,0,3,0,3,4,3,1
12524,C4920,14,272,District-Senapati,Rural,Age Not Stated,17,7,10,6,2,4,4,1,3,1,1,0,0,0,0,2,1,1,2,0,2,1,1,0,1,1,0
12525,C4920,14,272,District-Senapati,Urban,Total,98,51,47,47,26,21,19,8,11,3,1,2,4,2,2,6,3,3,1,1,0,13,6,7,5,4,1
12526,C4920,14,272,District-Senapati,Urban,0-4,9,4,5,6,2,4,0,0,0,1,0,1,0,0,0,1,1,0,0,0,0,1,1,0,0,0,0
12527,C4920,14,272,District-Senapati,Urban,5-9,14,7,7,9,5,4,2,1,1,0,0,0,0,0,0,0,0,0,0,0,0,2,1,1,1,0,1
12528,C4920,14,272,District-Senapati,Urban,10-19,17,10,7,10,6,4,3,1,2,1,1,0,0,0,0,1,0,1,0,0,0,1,1,0,1,1,0
12529,C4920,14,272,District-Senapati,Urban,20-29,14,6,8,6,2,4,3,1,2,1,0,1,0,0,0,1,1,0,0,0,0,3,2,1,0,0,0
12530,C4920,14,272,District-Senapati,Urban,30-39,18,11,7,9,6,3,5,3,2,0,0,0,1,1,0,2,0,2,0,0,0,0,0,0,1,1,0
12531,C4920,14,272,District-Senapati,Urban,40-49,8,6,2,3,3,0,1,0,1,0,0,0,1,0,1,1,1,0,0,0,0,0,0,0,2,2,0
12532,C4920,14,272,District-Senapati,Urban,50-59,6,4,2,2,1,1,1,1,0,0,0,0,1,0,1,0,0,0,1,1,0,1,1,0,0,0,0
12533,C4920,14,272,District-Senapati,Urban,60-69,4,2,2,1,1,0,3,1,2,0,0,0,0,0,0,0,0,0,0,0,0,0,0,0,0,0,0
12534,C4920,14,272,District-Senapati,Urban,70-79,3,0,3,0,0,0,0,0,0,0,0,0,0,0,0,0,0,0,0,0,0,3,0,3,0,0,0
12535,C4920,14,272,District-Senapati,Urban,80-89,5,1,4,1,0,1,1,0,1,0,0,0,1,1,0,0,0,0,0,0,0,2,0,2,0,0,0
12536,C4920,14,272,District-Senapati,Urban,90+,0,0,0,0,0,0,0,0,0,0,0,0,0,0,0,0,0,0,0,0,0,0,0,0,0,0,0
12537,C4920,14,272,District-Senapati,Urban,Age Not Stated,0,0,0,0,0,0,0,0,0,0,0,0,0,0,0,0,0,0,0,0,0,0,0,0,0,0,0
12538,C4920,14,273,District-Tamenglong ,Total,Total,2530,1384,1146,623,331,292,625,346,279,113,64,49,281,161,120,183,105,78,86,56,30,348,179,169,271,142,129
12539,C4920,14,273,District-Tamenglong ,Total,0-4,109,59,50,27,16,11,25,12,13,0,0,0,8,7,1,12,4,8,0,0,0,28,12,16,9,8,1
12540,C4920,14,273,District-Tamenglong ,Total,5-9,177,107,70,48,24,24,34,24,10,13,11,2,18,9,9,18,14,4,4,4,0,32,14,18,10,7,3
12541,C4920,14,273,District-Tamenglong ,Total,10-19,423,221,202,112,60,52,89,48,41,29,15,14,36,21,15,43,18,25,15,10,5,68,33,35,31,16,15
12542,C4920,14,273,District-Tamenglong ,Total,20-29,395,212,183,93,48,45,83,43,40,20,11,9,50,24,26,32,20,12,20,11,9,73,41,32,24,14,10
12543,C4920,14,273,District-Tamenglong ,Total,30-39,266,163,103,67,41,26,58,34,24,10,6,4,22,13,9,28,20,8,24,17,7,45,25,20,12,7,5
12544,C4920,14,273,District-Tamenglong ,Total,40-49,268,154,114,81,45,36,72,40,32,18,8,10,24,16,8,20,14,6,11,7,4,27,12,15,15,12,3
12545,C4920,14,273,District-Tamenglong ,Total,50-59,239,123,116,71,36,35,58,34,24,10,4,6,34,19,15,16,8,8,5,2,3,27,14,13,18,6,12
12546,C4920,14,273,District-Tamenglong ,Total,60-69,270,150,120,49,25,24,96,53,43,11,9,2,32,20,12,8,6,2,5,5,0,14,9,5,55,23,32
12547,C4920,14,273,District-Tamenglong ,Total,70-79,221,116,105,49,23,26,62,30,32,2,0,2,27,18,9,4,1,3,1,0,1,15,10,5,61,34,27
12548,C4920,14,273,District-Tamenglong ,Total,80-89,109,55,54,18,10,8,36,20,16,0,0,0,21,10,11,2,0,2,0,0,0,12,8,4,20,7,13
12549,C4920,14,273,District-Tamenglong ,Total,90+,52,24,28,7,3,4,12,8,4,0,0,0,9,4,5,0,0,0,1,0,1,7,1,6,16,8,8
12550,C4920,14,273,District-Tamenglong ,Total,Age Not Stated,1,0,1,1,0,1,0,0,0,0,0,0,0,0,0,0,0,0,0,0,0,0,0,0,0,0,0
12551,C4920,14,273,District-Tamenglong ,Rural,Total,2122,1179,943,471,264,207,546,303,243,105,59,46,243,137,106,155,90,65,77,49,28,287,150,137,238,127,111
12552,C4920,14,273,District-Tamenglong ,Rural,0-4,98,52,46,25,15,10,24,11,13,0,0,0,8,7,1,10,4,6,0,0,0,23,8,15,8,7,1
12553,C4920,14,273,District-Tamenglong ,Rural,5-9,151,90,61,38,20,18,28,19,9,12,10,2,18,9,9,15,11,4,4,4,0,28,12,16,8,5,3
12554,C4920,14,273,District-Tamenglong ,Rural,10-19,359,189,170,92,52,40,76,42,34,27,13,14,34,20,14,33,12,21,13,8,5,58,29,29,26,13,13
12555,C4920,14,273,District-Tamenglong ,Rural,20-29,343,187,156,81,43,38,72,37,35,19,10,9,43,23,20,26,18,8,17,8,9,63,36,27,22,12,10
12556,C4920,14,273,District-Tamenglong ,Rural,30-39,222,141,81,53,35,18,48,29,19,9,6,3,17,9,8,26,19,7,22,16,6,36,20,16,11,7,4
12557,C4920,14,273,District-Tamenglong ,Rural,40-49,215,131,84,50,33,17,65,36,29,17,8,9,20,14,6,19,13,6,9,6,3,20,9,11,15,12,3
12558,C4920,14,273,District-Tamenglong ,Rural,50-59,180,90,90,37,19,18,53,31,22,9,4,5,25,11,14,13,6,7,5,2,3,22,11,11,16,6,10
12559,C4920,14,273,District-Tamenglong ,Rural,60-69,232,133,99,33,18,15,84,47,37,10,8,2,31,19,12,8,6,2,5,5,0,10,7,3,51,23,28
12560,C4920,14,273,District-Tamenglong ,Rural,70-79,185,98,87,37,17,20,55,26,29,2,0,2,24,16,8,3,1,2,1,0,1,14,10,4,49,28,21
12561,C4920,14,273,District-Tamenglong ,Rural,80-89,92,44,48,17,9,8,31,17,14,0,0,0,15,5,10,2,0,2,0,0,0,9,7,2,18,6,12
12562,C4920,14,273,District-Tamenglong ,Rural,90+,44,24,20,7,3,4,10,8,2,0,0,0,8,4,4,0,0,0,1,0,1,4,1,3,14,8,6
12563,C4920,14,273,District-Tamenglong ,Rural,Age Not Stated,1,0,1,1,0,1,0,0,0,0,0,0,0,0,0,0,0,0,0,0,0,0,0,0,0,0,0
12564,C4920,14,273,District-Tamenglong ,Urban,Total,408,205,203,152,67,85,79,43,36,8,5,3,38,24,14,28,15,13,9,7,2,61,29,32,33,15,18
12565,C4920,14,273,District-Tamenglong ,Urban,0-4,11,7,4,2,1,1,1,1,0,0,0,0,0,0,0,2,0,2,0,0,0,5,4,1,1,1,0
12566,C4920,14,273,District-Tamenglong ,Urban,5-9,26,17,9,10,4,6,6,5,1,1,1,0,0,0,0,3,3,0,0,0,0,4,2,2,2,2,0
12567,C4920,14,273,District-Tamenglong ,Urban,10-19,64,32,32,20,8,12,13,6,7,2,2,0,2,1,1,10,6,4,2,2,0,10,4,6,5,3,2
12568,C4920,14,273,District-Tamenglong ,Urban,20-29,52,25,27,12,5,7,11,6,5,1,1,0,7,1,6,6,2,4,3,3,0,10,5,5,2,2,0
12569,C4920,14,273,District-Tamenglong ,Urban,30-39,44,22,22,14,6,8,10,5,5,1,0,1,5,4,1,2,1,1,2,1,1,9,5,4,1,0,1
12570,C4920,14,273,District-Tamenglong ,Urban,40-49,53,23,30,31,12,19,7,4,3,1,0,1,4,2,2,1,1,0,2,1,1,7,3,4,0,0,0
12571,C4920,14,273,District-Tamenglong ,Urban,50-59,59,33,26,34,17,17,5,3,2,1,0,1,9,8,1,3,2,1,0,0,0,5,3,2,2,0,2
12572,C4920,14,273,District-Tamenglong ,Urban,60-69,38,17,21,16,7,9,12,6,6,1,1,0,1,1,0,0,0,0,0,0,0,4,2,2,4,0,4
12573,C4920,14,273,District-Tamenglong ,Urban,70-79,36,18,18,12,6,6,7,4,3,0,0,0,3,2,1,1,0,1,0,0,0,1,0,1,12,6,6
12574,C4920,14,273,District-Tamenglong ,Urban,80-89,17,11,6,1,1,0,5,3,2,0,0,0,6,5,1,0,0,0,0,0,0,3,1,2,2,1,1
12575,C4920,14,273,District-Tamenglong ,Urban,90+,8,0,8,0,0,0,2,0,2,0,0,0,1,0,1,0,0,0,0,0,0,3,0,3,2,0,2
12576,C4920,14,273,District-Tamenglong ,Urban,Age Not Stated,0,0,0,0,0,0,0,0,0,0,0,0,0,0,0,0,0,0,0,0,0,0,0,0,0,0,0
12577,C4920,14,274,District-Churachandpur,Total,Total,4026,2186,1840,768,396,372,1225,668,557,185,110,75,361,213,148,276,133,143,161,92,69,788,422,366,262,152,110
12578,C4920,14,274,District-Churachandpur,Total,0-4,249,134,115,59,33,26,80,43,37,1,1,0,11,5,6,18,9,9,3,3,0,67,35,32,10,5,5
12579,C4920,14,274,District-Churachandpur,Total,5-9,293,164,129,66,33,33,74,42,32,21,11,10,20,14,6,15,9,6,10,8,2,68,41,27,19,6,13
12580,C4920,14,274,District-Churachandpur,Total,10-19,629,309,320,124,59,65,183,87,96,36,23,13,49,25,24,44,17,27,21,11,10,134,64,70,38,23,15
12581,C4920,14,274,District-Churachandpur,Total,20-29,686,368,318,137,71,66,176,96,80,36,22,14,61,38,23,62,27,35,30,19,11,154,80,74,30,15,15
12582,C4920,14,274,District-Churachandpur,Total,30-39,544,329,215,75,42,33,139,83,56,33,15,18,56,37,19,58,39,19,29,19,10,127,75,52,27,19,8
12583,C4920,14,274,District-Churachandpur,Total,40-49,454,271,183,83,47,36,139,86,53,18,12,6,45,28,17,31,13,18,29,16,13,84,51,33,25,18,7
12584,C4920,14,274,District-Churachandpur,Total,50-59,398,215,183,71,37,34,133,76,57,15,12,3,46,28,18,25,9,16,19,5,14,61,31,30,28,17,11
12585,C4920,14,274,District-Churachandpur,Total,60-69,369,183,186,76,40,36,136,68,68,15,7,8,32,19,13,14,6,8,13,6,7,52,20,32,31,17,14
12586,C4920,14,274,District-Churachandpur,Total,70-79,231,120,111,51,23,28,92,51,41,4,3,1,24,9,15,6,3,3,4,3,1,30,19,11,20,9,11
12587,C4920,14,274,District-Churachandpur,Total,80-89,127,65,62,18,7,11,58,25,33,5,4,1,11,7,4,2,1,1,3,2,1,6,4,2,24,15,9
12588,C4920,14,274,District-Churachandpur,Total,90+,33,19,14,5,3,2,10,6,4,0,0,0,6,3,3,0,0,0,0,0,0,4,1,3,8,6,2
12589,C4920,14,274,District-Churachandpur,Total,Age Not Stated,13,9,4,3,1,2,5,5,0,1,0,1,0,0,0,1,0,1,0,0,0,1,1,0,2,2,0
12590,C4920,14,274,District-Churachandpur,Rural,Total,3798,2065,1733,736,376,360,1157,637,520,172,103,69,336,199,137,264,126,138,145,84,61,749,402,347,239,138,101
12591,C4920,14,274,District-Churachandpur,Rural,0-4,242,129,113,59,33,26,80,43,37,1,1,0,10,4,6,18,9,9,3,3,0,64,33,31,7,3,4
12592,C4920,14,274,District-Churachandpur,Rural,5-9,282,159,123,61,32,29,73,42,31,20,10,10,19,13,6,14,8,6,9,8,1,67,40,27,19,6,13
12593,C4920,14,274,District-Churachandpur,Rural,10-19,594,290,304,120,57,63,169,81,88,34,22,12,46,25,21,43,16,27,18,9,9,131,62,69,33,18,15
12594,C4920,14,274,District-Churachandpur,Rural,20-29,657,351,306,130,64,66,171,93,78,34,21,13,59,38,21,59,26,33,27,17,10,149,78,71,28,14,14
12595,C4920,14,274,District-Churachandpur,Rural,30-39,505,309,196,71,39,32,131,80,51,29,15,14,51,33,18,54,37,17,25,16,9,119,70,49,25,19,6
12596,C4920,14,274,District-Churachandpur,Rural,40-49,424,252,172,78,44,34,126,78,48,16,10,6,43,27,16,30,12,18,28,16,12,81,49,32,22,16,6
12597,C4920,14,274,District-Churachandpur,Rural,50-59,370,202,168,67,35,32,125,74,51,13,10,3,43,26,17,23,8,15,16,4,12,57,29,28,26,16,10
12598,C4920,14,274,District-Churachandpur,Rural,60-69,353,174,179,75,39,36,131,65,66,15,7,8,29,17,12,14,6,8,12,6,6,48,18,30,29,16,13
12599,C4920,14,274,District-Churachandpur,Rural,70-79,211,114,97,50,23,27,83,48,35,4,3,1,20,7,13,6,3,3,4,3,1,25,18,7,19,9,10
12600,C4920,14,274,District-Churachandpur,Rural,80-89,116,57,59,17,6,11,54,22,32,5,4,1,10,6,4,2,1,1,3,2,1,4,3,1,21,13,8
12601,C4920,14,274,District-Churachandpur,Rural,90+,31,19,12,5,3,2,9,6,3,0,0,0,6,3,3,0,0,0,0,0,0,3,1,2,8,6,2
12602,C4920,14,274,District-Churachandpur,Rural,Age Not Stated,13,9,4,3,1,2,5,5,0,1,0,1,0,0,0,1,0,1,0,0,0,1,1,0,2,2,0
12603,C4920,14,274,District-Churachandpur,Urban,Total,228,121,107,32,20,12,68,31,37,13,7,6,25,14,11,12,7,5,16,8,8,39,20,19,23,14,9
12604,C4920,14,274,District-Churachandpur,Urban,0-4,7,5,2,0,0,0,0,0,0,0,0,0,1,1,0,0,0,0,0,0,0,3,2,1,3,2,1
12605,C4920,14,274,District-Churachandpur,Urban,5-9,11,5,6,5,1,4,1,0,1,1,1,0,1,1,0,1,1,0,1,0,1,1,1,0,0,0,0
12606,C4920,14,274,District-Churachandpur,Urban,10-19,35,19,16,4,2,2,14,6,8,2,1,1,3,0,3,1,1,0,3,2,1,3,2,1,5,5,0
12607,C4920,14,274,District-Churachandpur,Urban,20-29,29,17,12,7,7,0,5,3,2,2,1,1,2,0,2,3,1,2,3,2,1,5,2,3,2,1,1
12608,C4920,14,274,District-Churachandpur,Urban,30-39,39,20,19,4,3,1,8,3,5,4,0,4,5,4,1,4,2,2,4,3,1,8,5,3,2,0,2
12609,C4920,14,274,District-Churachandpur,Urban,40-49,30,19,11,5,3,2,13,8,5,2,2,0,2,1,1,1,1,0,1,0,1,3,2,1,3,2,1
12610,C4920,14,274,District-Churachandpur,Urban,50-59,28,13,15,4,2,2,8,2,6,2,2,0,3,2,1,2,1,1,3,1,2,4,2,2,2,1,1
12611,C4920,14,274,District-Churachandpur,Urban,60-69,16,9,7,1,1,0,5,3,2,0,0,0,3,2,1,0,0,0,1,0,1,4,2,2,2,1,1
12612,C4920,14,274,District-Churachandpur,Urban,70-79,20,6,14,1,0,1,9,3,6,0,0,0,4,2,2,0,0,0,0,0,0,5,1,4,1,0,1
12613,C4920,14,274,District-Churachandpur,Urban,80-89,11,8,3,1,1,0,4,3,1,0,0,0,1,1,0,0,0,0,0,0,0,2,1,1,3,2,1
12614,C4920,14,274,District-Churachandpur,Urban,90+,2,0,2,0,0,0,1,0,1,0,0,0,0,0,0,0,0,0,0,0,0,1,0,1,0,0,0
12615,C4920,14,274,District-Churachandpur,Urban,Age Not Stated,0,0,0,0,0,0,0,0,0,0,0,0,0,0,0,0,0,0,0,0,0,0,0,0,0,0,0
12616,C4920,14,275,District-Bishnupur,Total,Total,4407,2390,2017,824,444,380,935,461,474,366,200,166,669,409,260,456,243,213,163,99,64,644,340,304,350,194,156
12617,C4920,14,275,District-Bishnupur,Total,0-4,172,89,83,44,18,26,46,24,22,5,4,1,13,9,4,16,5,11,0,0,0,39,23,16,9,6,3
12618,C4920,14,275,District-Bishnupur,Total,5-9,268,134,134,60,37,23,44,18,26,38,14,24,23,13,10,20,11,9,4,2,2,55,25,30,24,14,10
12619,C4920,14,275,District-Bishnupur,Total,10-19,623,325,298,120,62,58,106,55,51,72,32,40,56,37,19,82,32,50,12,6,6,118,67,51,57,34,23
12620,C4920,14,275,District-Bishnupur,Total,20-29,615,309,306,117,56,61,132,52,80,53,29,24,64,39,25,92,53,39,22,16,6,96,41,55,39,23,16
12621,C4920,14,275,District-Bishnupur,Total,30-39,677,390,287,109,58,51,152,88,64,65,39,26,77,44,33,90,51,39,37,24,13,101,60,41,46,26,20
12622,C4920,14,275,District-Bishnupur,Total,40-49,583,346,237,104,59,45,116,57,59,56,34,22,112,74,38,66,41,25,33,23,10,72,43,29,24,15,9
12623,C4920,14,275,District-Bishnupur,Total,50-59,543,304,239,92,57,35,105,52,53,35,24,11,122,68,54,48,25,23,22,11,11,77,40,37,42,27,15
12624,C4920,14,275,District-Bishnupur,Total,60-69,435,247,188,74,41,33,112,54,58,27,16,11,99,68,31,26,18,8,21,12,9,41,19,22,35,19,16
12625,C4920,14,275,District-Bishnupur,Total,70-79,303,157,146,67,38,29,77,38,39,11,6,5,69,37,32,11,5,6,8,5,3,30,14,16,30,14,16
12626,C4920,14,275,District-Bishnupur,Total,80-89,150,74,76,34,17,17,34,20,14,3,2,1,27,15,12,4,2,2,3,0,3,11,7,4,34,11,23
12627,C4920,14,275,District-Bishnupur,Total,90+,28,12,16,3,1,2,7,2,5,0,0,0,7,5,2,1,0,1,0,0,0,3,1,2,7,3,4
12628,C4920,14,275,District-Bishnupur,Total,Age Not Stated,10,3,7,0,0,0,4,1,3,1,0,1,0,0,0,0,0,0,1,0,1,1,0,1,3,2,1
12629,C4920,14,275,District-Bishnupur,Rural,Total,2837,1562,1275,582,306,276,594,306,288,248,142,106,417,262,155,282,159,123,80,49,31,417,218,199,217,120,97
12630,C4920,14,275,District-Bishnupur,Rural,0-4,128,67,61,36,12,24,35,19,16,2,2,0,11,8,3,9,3,6,0,0,0,31,19,12,4,4,0
12631,C4920,14,275,District-Bishnupur,Rural,5-9,179,90,89,41,24,17,28,13,15,21,9,12,14,7,7,13,9,4,4,2,2,41,17,24,17,9,8
12632,C4920,14,275,District-Bishnupur,Rural,10-19,429,221,208,91,47,44,77,40,37,48,20,28,37,25,12,51,21,30,9,5,4,76,41,35,40,22,18
12633,C4920,14,275,District-Bishnupur,Rural,20-29,393,197,196,92,47,45,71,29,42,31,19,12,34,23,11,56,29,27,12,8,4,68,25,43,29,17,12
12634,C4920,14,275,District-Bishnupur,Rural,30-39,425,253,172,78,43,35,89,51,38,47,28,19,52,29,23,50,33,17,17,10,7,63,42,21,29,17,12
12635,C4920,14,275,District-Bishnupur,Rural,40-49,384,235,149,69,36,33,75,41,34,40,25,15,81,55,26,47,31,16,15,11,4,44,26,18,13,10,3
12636,C4920,14,275,District-Bishnupur,Rural,50-59,317,180,137,60,35,25,63,36,27,29,21,8,70,38,32,27,12,15,7,5,2,41,21,20,20,12,8
12637,C4920,14,275,District-Bishnupur,Rural,60-69,278,159,119,53,27,26,71,32,39,20,11,9,56,42,14,21,17,4,13,6,7,25,14,11,19,10,9
12638,C4920,14,275,District-Bishnupur,Rural,70-79,200,109,91,45,26,19,56,30,26,8,5,3,45,24,21,5,2,3,3,2,1,20,10,10,18,10,8
12639,C4920,14,275,District-Bishnupur,Rural,80-89,81,44,37,15,9,6,20,14,6,2,2,0,13,8,5,3,2,1,0,0,0,6,2,4,22,7,15
12640,C4920,14,275,District-Bishnupur,Rural,90+,18,6,12,2,0,2,6,1,5,0,0,0,4,3,1,0,0,0,0,0,0,2,1,1,4,1,3
12641,C4920,14,275,District-Bishnupur,Rural,Age Not Stated,5,1,4,0,0,0,3,0,3,0,0,0,0,0,0,0,0,0,0,0,0,0,0,0,2,1,1
12642,C4920,14,275,District-Bishnupur,Urban,Total,1570,828,742,242,138,104,341,155,186,118,58,60,252,147,105,174,84,90,83,50,33,227,122,105,133,74,59
12643,C4920,14,275,District-Bishnupur,Urban,0-4,44,22,22,8,6,2,11,5,6,3,2,1,2,1,1,7,2,5,0,0,0,8,4,4,5,2,3
12644,C4920,14,275,District-Bishnupur,Urban,5-9,89,44,45,19,13,6,16,5,11,17,5,12,9,6,3,7,2,5,0,0,0,14,8,6,7,5,2
12645,C4920,14,275,District-Bishnupur,Urban,10-19,194,104,90,29,15,14,29,15,14,24,12,12,19,12,7,31,11,20,3,1,2,42,26,16,17,12,5
12646,C4920,14,275,District-Bishnupur,Urban,20-29,222,112,110,25,9,16,61,23,38,22,10,12,30,16,14,36,24,12,10,8,2,28,16,12,10,6,4
12647,C4920,14,275,District-Bishnupur,Urban,30-39,252,137,115,31,15,16,63,37,26,18,11,7,25,15,10,40,18,22,20,14,6,38,18,20,17,9,8
12648,C4920,14,275,District-Bishnupur,Urban,40-49,199,111,88,35,23,12,41,16,25,16,9,7,31,19,12,19,10,9,18,12,6,28,17,11,11,5,6
12649,C4920,14,275,District-Bishnupur,Urban,50-59,226,124,102,32,22,10,42,16,26,6,3,3,52,30,22,21,13,8,15,6,9,36,19,17,22,15,7
12650,C4920,14,275,District-Bishnupur,Urban,60-69,157,88,69,21,14,7,41,22,19,7,5,2,43,26,17,5,1,4,8,6,2,16,5,11,16,9,7
12651,C4920,14,275,District-Bishnupur,Urban,70-79,103,48,55,22,12,10,21,8,13,3,1,2,24,13,11,6,3,3,5,3,2,10,4,6,12,4,8
12652,C4920,14,275,District-Bishnupur,Urban,80-89,69,30,39,19,8,11,14,6,8,1,0,1,14,7,7,1,0,1,3,0,3,5,5,0,12,4,8
12653,C4920,14,275,District-Bishnupur,Urban,90+,10,6,4,1,1,0,1,1,0,0,0,0,3,2,1,1,0,1,0,0,0,1,0,1,3,2,1
12654,C4920,14,275,District-Bishnupur,Urban,Age Not Stated,5,2,3,0,0,0,1,1,0,1,0,1,0,0,0,0,0,0,1,0,1,1,0,1,1,1,0
12655,C4920,14,276,District-Thoubal,Total,Total,6443,3607,2836,1106,586,520,1254,677,577,419,245,174,1027,635,392,780,447,333,191,102,89,1086,587,499,580,328,252
12656,C4920,14,276,District-Thoubal,Total,0-4,288,153,135,69,42,27,62,25,37,10,6,4,22,14,8,17,6,11,3,3,0,81,45,36,24,12,12
12657,C4920,14,276,District-Thoubal,Total,5-9,443,253,190,82,54,28,84,52,32,46,21,25,41,24,17,45,23,22,2,2,0,92,48,44,51,29,22
12658,C4920,14,276,District-Thoubal,Total,10-19,1005,563,442,170,90,80,174,98,76,91,51,40,116,69,47,140,77,63,33,13,20,167,91,76,114,74,40
12659,C4920,14,276,District-Thoubal,Total,20-29,1019,555,464,150,73,77,214,115,99,78,46,32,129,78,51,148,87,61,30,15,15,181,91,90,89,50,39
12660,C4920,14,276,District-Thoubal,Total,30-39,914,521,393,145,87,58,149,79,70,60,39,21,129,74,55,159,94,65,40,24,16,169,91,78,63,33,30
12661,C4920,14,276,District-Thoubal,Total,40-49,806,468,338,117,57,60,152,99,53,45,28,17,130,84,46,120,74,46,43,22,21,138,73,65,61,31,30
12662,C4920,14,276,District-Thoubal,Total,50-59,690,395,295,119,65,54,112,62,50,43,25,18,163,95,68,74,43,31,20,10,10,116,66,50,43,29,14
12663,C4920,14,276,District-Thoubal,Total,60-69,597,347,250,104,56,48,133,61,72,31,21,10,139,103,36,36,22,14,11,5,6,82,46,36,61,33,28
12664,C4920,14,276,District-Thoubal,Total,70-79,411,221,190,94,36,58,92,45,47,8,6,2,107,67,40,31,15,16,8,7,1,33,23,10,38,22,16
12665,C4920,14,276,District-Thoubal,Total,80-89,209,105,104,46,23,23,71,37,34,5,1,4,42,24,18,8,4,4,1,1,0,14,6,8,22,9,13
12666,C4920,14,276,District-Thoubal,Total,90+,39,12,27,6,0,6,9,3,6,0,0,0,8,2,6,1,1,0,0,0,0,2,1,1,13,5,8
12667,C4920,14,276,District-Thoubal,Total,Age Not Stated,22,14,8,4,3,1,2,1,1,2,1,1,1,1,0,1,1,0,0,0,0,11,6,5,1,1,0
12668,C4920,14,276,District-Thoubal,Rural,Total,4096,2248,1848,771,408,363,810,391,419,280,165,115,600,365,235,487,279,208,99,51,48,696,385,311,353,204,149
12669,C4920,14,276,District-Thoubal,Rural,0-4,183,91,92,45,27,18,35,11,24,6,4,2,12,7,5,12,4,8,2,2,0,59,31,28,12,5,7
12670,C4920,14,276,District-Thoubal,Rural,5-9,292,165,127,57,39,18,55,33,22,31,14,17,23,13,10,28,14,14,2,2,0,68,34,34,28,16,12
12671,C4920,14,276,District-Thoubal,Rural,10-19,694,382,312,127,64,63,137,73,64,68,39,29,63,42,21,91,44,47,19,7,12,115,64,51,74,49,25
12672,C4920,14,276,District-Thoubal,Rural,20-29,602,320,282,92,44,48,121,55,66,46,27,19,70,40,30,104,58,46,11,6,5,104,55,49,54,35,19
12673,C4920,14,276,District-Thoubal,Rural,30-39,551,305,246,98,56,42,91,45,46,40,25,15,76,43,33,94,56,38,24,15,9,98,54,44,30,11,19
12674,C4920,14,276,District-Thoubal,Rural,40-49,464,259,205,69,32,37,78,41,37,33,21,12,79,47,32,68,46,22,21,7,14,78,45,33,38,20,18
12675,C4920,14,276,District-Thoubal,Rural,50-59,434,252,182,82,45,37,75,37,38,22,13,9,96,54,42,45,30,15,9,5,4,76,46,30,29,22,7
12676,C4920,14,276,District-Thoubal,Rural,60-69,423,248,175,87,51,36,104,44,60,22,15,7,88,65,23,22,15,7,6,3,3,52,32,20,42,23,19
12677,C4920,14,276,District-Thoubal,Rural,70-79,277,140,137,74,31,43,62,26,36,6,5,1,66,38,28,15,6,9,5,4,1,23,15,8,26,15,11
12678,C4920,14,276,District-Thoubal,Rural,80-89,134,67,67,31,16,15,46,23,23,4,1,3,22,13,9,6,4,2,0,0,0,12,4,8,13,6,7
12679,C4920,14,276,District-Thoubal,Rural,90+,23,8,15,5,0,5,5,3,2,0,0,0,4,2,2,1,1,0,0,0,0,2,1,1,6,1,5
12680,C4920,14,276,District-Thoubal,Rural,Age Not Stated,19,11,8,4,3,1,1,0,1,2,1,1,1,1,0,1,1,0,0,0,0,9,4,5,1,1,0
12681,C4920,14,276,District-Thoubal,Urban,Total,2347,1359,988,335,178,157,444,286,158,139,80,59,427,270,157,293,168,125,92,51,41,390,202,188,227,124,103
12682,C4920,14,276,District-Thoubal,Urban,0-4,105,62,43,24,15,9,27,14,13,4,2,2,10,7,3,5,2,3,1,1,0,22,14,8,12,7,5
12683,C4920,14,276,District-Thoubal,Urban,5-9,151,88,63,25,15,10,29,19,10,15,7,8,18,11,7,17,9,8,0,0,0,24,14,10,23,13,10
12684,C4920,14,276,District-Thoubal,Urban,10-19,311,181,130,43,26,17,37,25,12,23,12,11,53,27,26,49,33,16,14,6,8,52,27,25,40,25,15
12685,C4920,14,276,District-Thoubal,Urban,20-29,417,235,182,58,29,29,93,60,33,32,19,13,59,38,21,44,29,15,19,9,10,77,36,41,35,15,20
12686,C4920,14,276,District-Thoubal,Urban,30-39,363,216,147,47,31,16,58,34,24,20,14,6,53,31,22,65,38,27,16,9,7,71,37,34,33,22,11
12687,C4920,14,276,District-Thoubal,Urban,40-49,342,209,133,48,25,23,74,58,16,12,7,5,51,37,14,52,28,24,22,15,7,60,28,32,23,11,12
12688,C4920,14,276,District-Thoubal,Urban,50-59,256,143,113,37,20,17,37,25,12,21,12,9,67,41,26,29,13,16,11,5,6,40,20,20,14,7,7
12689,C4920,14,276,District-Thoubal,Urban,60-69,174,99,75,17,5,12,29,17,12,9,6,3,51,38,13,14,7,7,5,2,3,30,14,16,19,10,9
12690,C4920,14,276,District-Thoubal,Urban,70-79,134,81,53,20,5,15,30,19,11,2,1,1,41,29,12,16,9,7,3,3,0,10,8,2,12,7,5
12691,C4920,14,276,District-Thoubal,Urban,80-89,75,38,37,15,7,8,25,14,11,1,0,1,20,11,9,2,0,2,1,1,0,2,2,0,9,3,6
12692,C4920,14,276,District-Thoubal,Urban,90+,16,4,12,1,0,1,4,0,4,0,0,0,4,0,4,0,0,0,0,0,0,0,0,0,7,4,3
12693,C4920,14,276,District-Thoubal,Urban,Age Not Stated,3,3,0,0,0,0,1,1,0,0,0,0,0,0,0,0,0,0,0,0,0,2,2,0,0,0,0
12694,C4920,14,277,District-Imphal West,Total,Total,13272,6897,6375,4683,2366,2317,2453,1213,1240,588,325,263,1095,628,467,1167,626,541,393,236,157,2170,1119,1051,723,384,339
12695,C4920,14,277,District-Imphal West,Total,0-4,786,403,383,367,193,174,172,89,83,9,3,6,20,10,10,48,22,26,4,3,1,146,71,75,20,12,8
12696,C4920,14,277,District-Imphal West,Total,5-9,859,427,432,334,155,179,160,80,80,52,32,20,34,19,15,62,26,36,4,3,1,170,92,78,43,20,23
12697,C4920,14,277,District-Imphal West,Total,10-19,2130,1101,1029,816,424,392,372,187,185,125,78,47,94,48,46,208,106,102,27,15,12,374,179,195,114,64,50
12698,C4920,14,277,District-Imphal West,Total,20-29,2293,1176,1117,832,398,434,391,185,206,102,54,48,134,87,47,208,112,96,59,35,24,443,232,211,124,73,51
12699,C4920,14,277,District-Imphal West,Total,30-39,2107,1086,1021,769,387,382,383,186,197,90,40,50,134,83,51,215,117,98,85,47,38,327,174,153,104,52,52
12700,C4920,14,277,District-Imphal West,Total,40-49,1686,939,747,568,301,267,283,147,136,81,49,32,142,87,55,190,110,80,68,47,21,275,159,116,79,39,40
12701,C4920,14,277,District-Imphal West,Total,50-59,1322,686,636,406,202,204,235,107,128,61,30,31,192,105,87,120,71,49,60,43,17,176,82,94,72,46,26
12702,C4920,14,277,District-Imphal West,Total,60-69,966,508,458,302,157,145,178,88,90,40,19,21,166,96,70,66,34,32,43,25,18,113,59,54,58,30,28
12703,C4920,14,277,District-Imphal West,Total,70-79,649,335,314,183,98,85,142,69,73,16,10,6,114,65,49,32,17,15,29,13,16,82,43,39,51,20,31
12704,C4920,14,277,District-Imphal West,Total,80-89,356,179,177,74,37,37,103,55,48,9,7,2,54,25,29,12,8,4,12,3,9,51,23,28,41,21,20
12705,C4920,14,277,District-Imphal West,Total,90+,79,40,39,17,10,7,29,17,12,2,2,0,8,2,6,0,0,0,2,2,0,7,2,5,14,5,9
12706,C4920,14,277,District-Imphal West,Total,Age Not Stated,39,17,22,15,4,11,5,3,2,1,1,0,3,1,2,6,3,3,0,0,0,6,3,3,3,2,1
12707,C4920,14,277,District-Imphal West,Rural,Total,4647,2463,2184,1534,776,758,1078,552,526,237,131,106,439,250,189,393,238,155,119,66,53,558,297,261,289,153,136
12708,C4920,14,277,District-Imphal West,Rural,0-4,269,138,131,106,60,46,80,41,39,2,1,1,10,6,4,19,9,10,1,1,0,45,18,27,6,2,4
12709,C4920,14,277,District-Imphal West,Rural,5-9,329,164,165,111,52,59,86,42,44,27,16,11,14,10,4,26,9,17,1,1,0,48,26,22,16,8,8
12710,C4920,14,277,District-Imphal West,Rural,10-19,756,417,339,268,146,122,161,91,70,58,38,20,44,19,25,81,48,33,6,1,5,87,44,43,51,30,21
12711,C4920,14,277,District-Imphal West,Rural,20-29,764,400,364,271,129,142,185,90,95,40,18,22,54,34,20,64,45,19,20,11,9,88,52,36,42,21,21
12712,C4920,14,277,District-Imphal West,Rural,30-39,685,352,333,236,115,121,153,71,82,39,17,22,50,34,16,67,46,21,24,13,11,80,40,40,36,16,20
12713,C4920,14,277,District-Imphal West,Rural,40-49,562,296,266,188,82,106,115,62,53,24,15,9,51,31,20,63,37,26,19,12,7,72,43,29,30,14,16
12714,C4920,14,277,District-Imphal West,Rural,50-59,488,270,218,144,79,65,109,52,57,21,12,9,85,46,39,34,21,13,14,10,4,55,31,24,26,19,7
12715,C4920,14,277,District-Imphal West,Rural,60-69,373,199,174,115,61,54,74,38,36,17,6,11,66,36,30,24,12,12,15,8,7,34,19,15,28,19,9
12716,C4920,14,277,District-Imphal West,Rural,70-79,255,144,111,61,36,25,64,34,30,4,4,0,46,26,20,11,8,3,12,6,6,30,17,13,27,13,14
12717,C4920,14,277,District-Imphal West,Rural,80-89,131,66,65,26,12,14,40,23,17,4,3,1,17,8,9,4,3,1,6,2,4,14,6,8,20,9,11
12718,C4920,14,277,District-Imphal West,Rural,90+,28,15,13,5,4,1,11,8,3,1,1,0,1,0,1,0,0,0,1,1,0,3,0,3,6,1,5
12719,C4920,14,277,District-Imphal West,Rural,Age Not Stated,7,2,5,3,0,3,0,0,0,0,0,0,1,0,1,0,0,0,0,0,0,2,1,1,1,1,0
12720,C4920,14,277,District-Imphal West,Urban,Total,8625,4434,4191,3149,1590,1559,1375,661,714,351,194,157,656,378,278,774,388,386,274,170,104,1612,822,790,434,231,203
12721,C4920,14,277,District-Imphal West,Urban,0-4,517,265,252,261,133,128,92,48,44,7,2,5,10,4,6,29,13,16,3,2,1,101,53,48,14,10,4
12722,C4920,14,277,District-Imphal West,Urban,5-9,530,263,267,223,103,120,74,38,36,25,16,9,20,9,11,36,17,19,3,2,1,122,66,56,27,12,15
12723,C4920,14,277,District-Imphal West,Urban,10-19,1374,684,690,548,278,270,211,96,115,67,40,27,50,29,21,127,58,69,21,14,7,287,135,152,63,34,29
12724,C4920,14,277,District-Imphal West,Urban,20-29,1529,776,753,561,269,292,206,95,111,62,36,26,80,53,27,144,67,77,39,24,15,355,180,175,82,52,30
12725,C4920,14,277,District-Imphal West,Urban,30-39,1422,734,688,533,272,261,230,115,115,51,23,28,84,49,35,148,71,77,61,34,27,247,134,113,68,36,32
12726,C4920,14,277,District-Imphal West,Urban,40-49,1124,643,481,380,219,161,168,85,83,57,34,23,91,56,35,127,73,54,49,35,14,203,116,87,49,25,24
12727,C4920,14,277,District-Imphal West,Urban,50-59,834,416,418,262,123,139,126,55,71,40,18,22,107,59,48,86,50,36,46,33,13,121,51,70,46,27,19
12728,C4920,14,277,District-Imphal West,Urban,60-69,593,309,284,187,96,91,104,50,54,23,13,10,100,60,40,42,22,20,28,17,11,79,40,39,30,11,19
12729,C4920,14,277,District-Imphal West,Urban,70-79,394,191,203,122,62,60,78,35,43,12,6,6,68,39,29,21,9,12,17,7,10,52,26,26,24,7,17
12730,C4920,14,277,District-Imphal West,Urban,80-89,225,113,112,48,25,23,63,32,31,5,4,1,37,17,20,8,5,3,6,1,5,37,17,20,21,12,9
12731,C4920,14,277,District-Imphal West,Urban,90+,51,25,26,12,6,6,18,9,9,1,1,0,7,2,5,0,0,0,1,1,0,4,2,2,8,4,4
12732,C4920,14,277,District-Imphal West,Urban,Age Not Stated,32,15,17,12,4,8,5,3,2,1,1,0,2,1,1,6,3,3,0,0,0,4,2,2,2,1,1
12733,C4920,14,278,District-Imphal East,Total,Total,9544,5027,4517,3682,1900,1782,1551,773,778,465,253,212,807,487,320,895,499,396,229,131,98,1442,725,717,473,259,214
12734,C4920,14,278,District-Imphal East,Total,0-4,574,307,267,302,163,139,89,42,47,10,6,4,14,6,8,29,16,13,0,0,0,109,60,49,21,14,7
12735,C4920,14,278,District-Imphal East,Total,5-9,772,388,384,350,175,175,116,58,58,45,29,16,37,18,19,57,32,25,4,2,2,119,52,67,44,22,22
12736,C4920,14,278,District-Imphal East,Total,10-19,1594,841,753,692,353,339,182,91,91,100,63,37,90,51,39,150,85,65,22,13,9,284,147,137,74,38,36
12737,C4920,14,278,District-Imphal East,Total,20-29,1698,851,847,651,317,334,273,121,152,73,29,44,107,62,45,158,86,72,44,25,19,306,159,147,86,52,34
12738,C4920,14,278,District-Imphal East,Total,30-39,1489,783,706,542,268,274,246,130,116,75,40,35,104,70,34,183,100,83,50,29,21,219,109,110,70,37,33
12739,C4920,14,278,District-Imphal East,Total,40-49,1244,687,557,420,228,192,216,113,103,61,34,27,136,89,47,119,71,48,57,40,17,177,80,97,58,32,26
12740,C4920,14,278,District-Imphal East,Total,50-59,888,496,392,333,184,149,148,79,69,38,17,21,101,60,41,112,67,45,18,8,10,114,68,46,24,13,11
12741,C4920,14,278,District-Imphal East,Total,60-69,663,361,302,213,119,94,136,61,75,22,12,10,109,67,42,58,31,27,22,11,11,63,35,28,40,25,15
12742,C4920,14,278,District-Imphal East,Total,70-79,385,196,189,115,57,58,82,42,40,31,18,13,66,43,23,20,6,14,8,3,5,30,9,21,33,18,15
12743,C4920,14,278,District-Imphal East,Total,80-89,186,97,89,46,27,19,52,28,24,9,5,4,34,20,14,7,4,3,4,0,4,17,5,12,17,8,9
12744,C4920,14,278,District-Imphal East,Total,90+,36,13,23,8,4,4,11,8,3,0,0,0,9,1,8,1,0,1,0,0,0,1,0,1,6,0,6
12745,C4920,14,278,District-Imphal East,Total,Age Not Stated,15,7,8,10,5,5,0,0,0,1,0,1,0,0,0,1,1,0,0,0,0,3,1,2,0,0,0
12746,C4920,14,278,District-Imphal East,Rural,Total,5869,3157,2712,2470,1287,1183,807,408,399,302,169,133,464,283,181,534,317,217,101,59,42,937,485,452,254,149,105
12747,C4920,14,278,District-Imphal East,Rural,0-4,393,226,167,220,126,94,47,23,24,8,6,2,11,5,6,21,13,8,0,0,0,74,44,30,12,9,3
12748,C4920,14,278,District-Imphal East,Rural,5-9,514,254,260,248,120,128,56,29,27,35,21,14,23,9,14,35,21,14,2,1,1,86,37,49,29,16,13
12749,C4920,14,278,District-Imphal East,Rural,10-19,1028,564,464,476,249,227,94,51,43,67,43,24,54,32,22,95,60,35,9,8,1,198,102,96,35,19,16
12750,C4920,14,278,District-Imphal East,Rural,20-29,1034,545,489,415,208,207,148,68,80,42,18,24,70,45,25,91,52,39,20,13,7,197,109,88,51,32,19
12751,C4920,14,278,District-Imphal East,Rural,30-39,914,479,435,361,173,188,130,64,66,50,30,20,58,39,19,114,66,48,22,13,9,148,77,71,31,17,14
12752,C4920,14,278,District-Imphal East,Rural,40-49,740,407,333,285,155,130,109,58,51,41,22,19,69,44,25,70,42,28,25,16,9,110,51,59,31,19,12
12753,C4920,14,278,District-Imphal East,Rural,50-59,537,299,238,215,120,95,89,44,45,23,11,12,61,36,25,60,37,23,10,3,7,66,40,26,13,8,5
12754,C4920,14,278,District-Imphal East,Rural,60-69,392,215,177,147,81,66,79,37,42,12,5,7,62,39,23,32,19,13,9,5,4,30,17,13,21,12,9
12755,C4920,14,278,District-Imphal East,Rural,70-79,200,105,95,63,32,31,35,21,14,16,9,7,36,24,12,10,3,7,3,0,3,17,3,14,20,13,7
12756,C4920,14,278,District-Imphal East,Rural,80-89,94,53,41,27,15,12,18,13,5,7,4,3,16,9,7,5,4,1,1,0,1,10,4,6,10,4,6
12757,C4920,14,278,District-Imphal East,Rural,90+,14,4,10,6,3,3,2,0,2,0,0,0,4,1,3,1,0,1,0,0,0,0,0,0,1,0,1
12758,C4920,14,278,District-Imphal East,Rural,Age Not Stated,9,6,3,7,5,2,0,0,0,1,0,1,0,0,0,0,0,0,0,0,0,1,1,0,0,0,0
12759,C4920,14,278,District-Imphal East,Urban,Total,3675,1870,1805,1212,613,599,744,365,379,163,84,79,343,204,139,361,182,179,128,72,56,505,240,265,219,110,109
12760,C4920,14,278,District-Imphal East,Urban,0-4,181,81,100,82,37,45,42,19,23,2,0,2,3,1,2,8,3,5,0,0,0,35,16,19,9,5,4
12761,C4920,14,278,District-Imphal East,Urban,5-9,258,134,124,102,55,47,60,29,31,10,8,2,14,9,5,22,11,11,2,1,1,33,15,18,15,6,9
12762,C4920,14,278,District-Imphal East,Urban,10-19,566,277,289,216,104,112,88,40,48,33,20,13,36,19,17,55,25,30,13,5,8,86,45,41,39,19,20
12763,C4920,14,278,District-Imphal East,Urban,20-29,664,306,358,236,109,127,125,53,72,31,11,20,37,17,20,67,34,33,24,12,12,109,50,59,35,20,15
12764,C4920,14,278,District-Imphal East,Urban,30-39,575,304,271,181,95,86,116,66,50,25,10,15,46,31,15,69,34,35,28,16,12,71,32,39,39,20,19
12765,C4920,14,278,District-Imphal East,Urban,40-49,504,280,224,135,73,62,107,55,52,20,12,8,67,45,22,49,29,20,32,24,8,67,29,38,27,13,14
12766,C4920,14,278,District-Imphal East,Urban,50-59,351,197,154,118,64,54,59,35,24,15,6,9,40,24,16,52,30,22,8,5,3,48,28,20,11,5,6
12767,C4920,14,278,District-Imphal East,Urban,60-69,271,146,125,66,38,28,57,24,33,10,7,3,47,28,19,26,12,14,13,6,7,33,18,15,19,13,6
12768,C4920,14,278,District-Imphal East,Urban,70-79,185,91,94,52,25,27,47,21,26,15,9,6,30,19,11,10,3,7,5,3,2,13,6,7,13,5,8
12769,C4920,14,278,District-Imphal East,Urban,80-89,92,44,48,19,12,7,34,15,19,2,1,1,18,11,7,2,0,2,3,0,3,7,1,6,7,4,3
12770,C4920,14,278,District-Imphal East,Urban,90+,22,9,13,2,1,1,9,8,1,0,0,0,5,0,5,0,0,0,0,0,0,1,0,1,5,0,5
12771,C4920,14,278,District-Imphal East,Urban,Age Not Stated,6,1,5,3,0,3,0,0,0,0,0,0,0,0,0,1,1,0,0,0,0,2,0,2,0,0,0
12772,C4920,14,279,District-Ukhrul,Total,Total,4500,2377,2123,1791,917,874,968,495,473,104,55,49,350,201,149,272,143,129,81,52,29,665,371,294,269,143,126
12773,C4920,14,279,District-Ukhrul,Total,0-4,293,153,140,143,70,73,63,33,30,1,0,1,9,5,4,20,10,10,1,1,0,51,32,19,5,2,3
12774,C4920,14,279,District-Ukhrul,Total,5-9,355,191,164,156,80,76,74,43,31,12,7,5,16,10,6,23,12,11,1,0,1,57,29,28,16,10,6
12775,C4920,14,279,District-Ukhrul,Total,10-19,929,479,450,419,207,212,185,87,98,24,13,11,39,26,13,64,34,30,9,5,4,143,80,63,46,27,19
12776,C4920,14,279,District-Ukhrul,Total,20-29,749,376,373,307,148,159,137,51,86,8,3,5,64,40,24,54,31,23,20,14,6,132,74,58,27,15,12
12777,C4920,14,279,District-Ukhrul,Total,30-39,569,315,254,215,122,93,124,62,62,21,12,9,46,23,23,43,23,20,19,14,5,68,38,30,33,21,12
12778,C4920,14,279,District-Ukhrul,Total,40-49,510,278,232,182,93,89,117,71,46,17,11,6,47,26,21,30,14,16,14,11,3,74,36,38,29,16,13
12779,C4920,14,279,District-Ukhrul,Total,50-59,393,213,180,160,84,76,71,37,34,15,6,9,41,25,16,19,9,10,10,4,6,57,37,20,20,11,9
12780,C4920,14,279,District-Ukhrul,Total,60-69,313,166,147,104,58,46,82,47,35,5,2,3,35,18,17,12,7,5,5,2,3,36,20,16,34,12,22
12781,C4920,14,279,District-Ukhrul,Total,70-79,200,104,96,65,33,32,53,26,27,0,0,0,31,16,15,3,1,2,0,0,0,23,12,11,25,16,9
12782,C4920,14,279,District-Ukhrul,Total,80-89,124,67,57,19,10,9,42,25,17,1,1,0,17,10,7,2,2,0,2,1,1,17,9,8,24,9,15
12783,C4920,14,279,District-Ukhrul,Total,90+,33,17,16,3,0,3,15,10,5,0,0,0,4,1,3,0,0,0,0,0,0,2,2,0,9,4,5
12784,C4920,14,279,District-Ukhrul,Total,Age Not Stated,32,18,14,18,12,6,5,3,2,0,0,0,1,1,0,2,0,2,0,0,0,5,2,3,1,0,1
12785,C4920,14,279,District-Ukhrul,Rural,Total,3828,2017,1811,1452,732,720,869,439,430,89,46,43,314,183,131,238,126,112,70,44,26,572,326,246,224,121,103
12786,C4920,14,279,District-Ukhrul,Rural,0-4,242,124,118,119,53,66,52,27,25,1,0,1,7,5,2,16,8,8,1,1,0,43,29,14,3,1,2
12787,C4920,14,279,District-Ukhrul,Rural,5-9,306,163,143,125,64,61,66,36,30,12,7,5,15,9,6,23,12,11,1,0,1,48,25,23,16,10,6
12788,C4920,14,279,District-Ukhrul,Rural,10-19,750,381,369,315,155,160,164,75,89,17,8,9,35,23,12,55,30,25,7,4,3,124,67,57,33,19,14
12789,C4920,14,279,District-Ukhrul,Rural,20-29,640,320,320,250,120,130,121,43,78,8,3,5,58,36,22,47,27,20,16,11,5,119,69,50,21,11,10
12790,C4920,14,279,District-Ukhrul,Rural,30-39,482,272,210,172,98,74,112,59,53,18,11,7,42,22,20,36,19,17,15,11,4,56,33,23,31,19,12
12791,C4920,14,279,District-Ukhrul,Rural,40-49,451,243,208,155,80,75,106,63,43,15,10,5,43,23,20,26,12,14,13,10,3,65,30,35,28,15,13
12792,C4920,14,279,District-Ukhrul,Rural,50-59,350,191,159,135,71,64,68,35,33,14,5,9,36,23,13,18,9,9,10,4,6,50,33,17,19,11,8
12793,C4920,14,279,District-Ukhrul,Rural,60-69,275,148,127,95,53,42,75,42,33,3,1,2,31,16,15,11,6,5,5,2,3,25,17,8,30,11,19
12794,C4920,14,279,District-Ukhrul,Rural,70-79,184,95,89,57,25,32,51,26,25,0,0,0,28,15,13,3,1,2,0,0,0,21,12,9,24,16,8
12795,C4920,14,279,District-Ukhrul,Rural,80-89,103,59,44,16,8,8,37,22,15,1,1,0,14,9,5,2,2,0,2,1,1,17,9,8,14,7,7
12796,C4920,14,279,District-Ukhrul,Rural,90+,25,11,14,3,0,3,14,9,5,0,0,0,4,1,3,0,0,0,0,0,0,0,0,0,4,1,3
12797,C4920,14,279,District-Ukhrul,Rural,Age Not Stated,20,10,10,10,5,5,3,2,1,0,0,0,1,1,0,1,0,1,0,0,0,4,2,2,1,0,1
12798,C4920,14,279,District-Ukhrul,Urban,Total,672,360,312,339,185,154,99,56,43,15,9,6,36,18,18,34,17,17,11,8,3,93,45,48,45,22,23
12799,C4920,14,279,District-Ukhrul,Urban,0-4,51,29,22,24,17,7,11,6,5,0,0,0,2,0,2,4,2,2,0,0,0,8,3,5,2,1,1
12800,C4920,14,279,District-Ukhrul,Urban,5-9,49,28,21,31,16,15,8,7,1,0,0,0,1,1,0,0,0,0,0,0,0,9,4,5,0,0,0
12801,C4920,14,279,District-Ukhrul,Urban,10-19,179,98,81,104,52,52,21,12,9,7,5,2,4,3,1,9,4,5,2,1,1,19,13,6,13,8,5
12802,C4920,14,279,District-Ukhrul,Urban,20-29,109,56,53,57,28,29,16,8,8,0,0,0,6,4,2,7,4,3,4,3,1,13,5,8,6,4,2
12803,C4920,14,279,District-Ukhrul,Urban,30-39,87,43,44,43,24,19,12,3,9,3,1,2,4,1,3,7,4,3,4,3,1,12,5,7,2,2,0
12804,C4920,14,279,District-Ukhrul,Urban,40-49,59,35,24,27,13,14,11,8,3,2,1,1,4,3,1,4,2,2,1,1,0,9,6,3,1,1,0
12805,C4920,14,279,District-Ukhrul,Urban,50-59,43,22,21,25,13,12,3,2,1,1,1,0,5,2,3,1,0,1,0,0,0,7,4,3,1,0,1
12806,C4920,14,279,District-Ukhrul,Urban,60-69,38,18,20,9,5,4,7,5,2,2,1,1,4,2,2,1,1,0,0,0,0,11,3,8,4,1,3
12807,C4920,14,279,District-Ukhrul,Urban,70-79,16,9,7,8,8,0,2,0,2,0,0,0,3,1,2,0,0,0,0,0,0,2,0,2,1,0,1
12808,C4920,14,279,District-Ukhrul,Urban,80-89,21,8,13,3,2,1,5,3,2,0,0,0,3,1,2,0,0,0,0,0,0,0,0,0,10,2,8
12809,C4920,14,279,District-Ukhrul,Urban,90+,8,6,2,0,0,0,1,1,0,0,0,0,0,0,0,0,0,0,0,0,0,2,2,0,5,3,2
12810,C4920,14,279,District-Ukhrul,Urban,Age Not Stated,12,8,4,8,7,1,2,1,1,0,0,0,0,0,0,1,0,1,0,0,0,1,0,1,0,0,0
12811,C4920,14,280,District-Chandel,Total,Total,4333,2234,2099,2545,1303,1242,723,371,352,94,55,39,209,114,95,225,111,114,30,16,14,365,187,178,142,77,65
12812,C4920,14,280,District-Chandel,Total,0-4,285,135,150,197,86,111,43,27,16,0,0,0,6,4,2,13,6,7,1,1,0,24,11,13,1,0,1
12813,C4920,14,280,District-Chandel,Total,5-9,333,157,176,214,105,109,34,18,16,11,3,8,10,4,6,21,10,11,1,0,1,29,12,17,13,5,8
12814,C4920,14,280,District-Chandel,Total,10-19,749,400,349,461,242,219,104,54,50,24,16,8,25,16,9,46,23,23,4,2,2,63,37,26,22,10,12
12815,C4920,14,280,District-Chandel,Total,20-29,839,420,419,486,248,238,143,65,78,16,11,5,45,25,20,39,17,22,7,4,3,78,37,41,25,13,12
12816,C4920,14,280,District-Chandel,Total,30-39,682,346,336,388,196,192,126,66,60,20,14,6,27,11,16,42,22,20,6,2,4,61,28,33,12,7,5
12817,C4920,14,280,District-Chandel,Total,40-49,530,277,253,313,168,145,91,39,52,7,3,4,23,13,10,24,12,12,7,4,3,47,26,21,18,12,6
12818,C4920,14,280,District-Chandel,Total,50-59,393,229,164,217,123,94,70,39,31,8,3,5,29,20,9,25,15,10,2,2,0,27,16,11,15,11,4
12819,C4920,14,280,District-Chandel,Total,60-69,275,139,136,148,78,70,62,33,29,5,4,1,21,8,13,10,3,7,1,0,1,16,8,8,12,5,7
12820,C4920,14,280,District-Chandel,Total,70-79,182,95,87,97,42,55,37,24,13,1,0,1,17,11,6,3,2,1,0,0,0,13,7,6,14,9,5
12821,C4920,14,280,District-Chandel,Total,80-89,42,22,20,13,7,6,10,5,5,2,1,1,3,1,2,2,1,1,0,0,0,6,5,1,6,2,4
12822,C4920,14,280,District-Chandel,Total,90+,15,8,7,5,3,2,2,1,1,0,0,0,3,1,2,0,0,0,0,0,0,1,0,1,4,3,1
12823,C4920,14,280,District-Chandel,Total,Age Not Stated,8,6,2,6,5,1,1,0,1,0,0,0,0,0,0,0,0,0,1,1,0,0,0,0,0,0,0
12824,C4920,14,280,District-Chandel,Rural,Total,3897,2014,1883,2288,1175,1113,664,338,326,76,43,33,183,101,82,209,103,106,26,15,11,331,173,158,120,66,54
12825,C4920,14,280,District-Chandel,Rural,0-4,252,117,135,178,77,101,37,21,16,0,0,0,5,4,1,12,6,6,1,1,0,18,8,10,1,0,1
12826,C4920,14,280,District-Chandel,Rural,5-9,286,132,154,183,88,95,31,16,15,9,1,8,7,3,4,21,10,11,0,0,0,25,10,15,10,4,6
12827,C4920,14,280,District-Chandel,Rural,10-19,672,361,311,413,218,195,93,48,45,19,13,6,25,16,9,43,21,22,4,2,2,57,35,22,18,8,10
12828,C4920,14,280,District-Chandel,Rural,20-29,766,385,381,446,231,215,136,62,74,9,7,2,42,23,19,35,14,21,6,3,3,70,34,36,22,11,11
12829,C4920,14,280,District-Chandel,Rural,30-39,619,314,305,348,177,171,115,60,55,18,12,6,25,10,15,39,20,19,5,2,3,58,27,31,11,6,5
12830,C4920,14,280,District-Chandel,Rural,40-49,481,249,232,281,147,134,88,37,51,7,3,4,18,11,7,21,11,10,6,4,2,44,26,18,16,10,6
12831,C4920,14,280,District-Chandel,Rural,50-59,362,216,146,198,116,82,67,38,29,6,2,4,25,17,8,24,15,9,2,2,0,27,16,11,13,10,3
12832,C4920,14,280,District-Chandel,Rural,60-69,239,122,117,129,66,63,55,30,25,5,4,1,17,8,9,9,3,6,1,0,1,14,7,7,9,4,5
12833,C4920,14,280,District-Chandel,Rural,70-79,160,83,77,89,40,49,30,20,10,1,0,1,13,7,6,3,2,1,0,0,0,11,5,6,13,9,4
12834,C4920,14,280,District-Chandel,Rural,80-89,40,22,18,13,7,6,9,5,4,2,1,1,3,1,2,2,1,1,0,0,0,6,5,1,5,2,3
12835,C4920,14,280,District-Chandel,Rural,90+,12,7,5,4,3,1,2,1,1,0,0,0,3,1,2,0,0,0,0,0,0,1,0,1,2,2,0
12836,C4920,14,280,District-Chandel,Rural,Age Not Stated,8,6,2,6,5,1,1,0,1,0,0,0,0,0,0,0,0,0,1,1,0,0,0,0,0,0,0
12837,C4920,14,280,District-Chandel,Urban,Total,436,220,216,257,128,129,59,33,26,18,12,6,26,13,13,16,8,8,4,1,3,34,14,20,22,11,11
12838,C4920,14,280,District-Chandel,Urban,0-4,33,18,15,19,9,10,6,6,0,0,0,0,1,0,1,1,0,1,0,0,0,6,3,3,0,0,0
12839,C4920,14,280,District-Chandel,Urban,5-9,47,25,22,31,17,14,3,2,1,2,2,0,3,1,2,0,0,0,1,0,1,4,2,2,3,1,2
12840,C4920,14,280,District-Chandel,Urban,10-19,77,39,38,48,24,24,11,6,5,5,3,2,0,0,0,3,2,1,0,0,0,6,2,4,4,2,2
12841,C4920,14,280,District-Chandel,Urban,20-29,73,35,38,40,17,23,7,3,4,7,4,3,3,2,1,4,3,1,1,1,0,8,3,5,3,2,1
12842,C4920,14,280,District-Chandel,Urban,30-39,63,32,31,40,19,21,11,6,5,2,2,0,2,1,1,3,2,1,1,0,1,3,1,2,1,1,0
12843,C4920,14,280,District-Chandel,Urban,40-49,49,28,21,32,21,11,3,2,1,0,0,0,5,2,3,3,1,2,1,0,1,3,0,3,2,2,0
12844,C4920,14,280,District-Chandel,Urban,50-59,31,13,18,19,7,12,3,1,2,2,1,1,4,3,1,1,0,1,0,0,0,0,0,0,2,1,1
12845,C4920,14,280,District-Chandel,Urban,60-69,36,17,19,19,12,7,7,3,4,0,0,0,4,0,4,1,0,1,0,0,0,2,1,1,3,1,2
12846,C4920,14,280,District-Chandel,Urban,70-79,22,12,10,8,2,6,7,4,3,0,0,0,4,4,0,0,0,0,0,0,0,2,2,0,1,0,1
12847,C4920,14,280,District-Chandel,Urban,80-89,2,0,2,0,0,0,1,0,1,0,0,0,0,0,0,0,0,0,0,0,0,0,0,0,1,0,1
12848,C4920,14,280,District-Chandel,Urban,90+,3,1,2,1,0,1,0,0,0,0,0,0,0,0,0,0,0,0,0,0,0,0,0,0,2,1,1
12849,C4920,14,280,District-Chandel,Urban,Age Not Stated,0,0,0,0,0,0,0,0,0,0,0,0,0,0,0,0,0,0,0,0,0,0,0,0,0,0,0
12850,C4920,23,0,State-MADHYA PRADESH,Total,0-4,74222,39525,34697,14345,7404,6941,16375,8344,8031,1411,790,621,9675,5564,4111,2416,1312,1104,535,298,237,24312,12815,11497,5153,2998,2155
12851,C4920,23,0,State-MADHYA PRADESH,Total,5-9,114479,63245,51234,18846,10078,8768,21075,10994,10081,9447,5427,4020,16808,10133,6675,6867,3946,2921,2030,1172,858,26898,14134,12764,12508,7361,5147
12852,C4920,23,0,State-MADHYA PRADESH,Total,10-19,274660,157767,116893,43740,24261,19479,47245,25597,21648,17912,10463,7449,56206,34700,21506,20735,12233,8502,7213,4204,3009,56889,31248,25641,24720,15061,9659
12853,C4920,23,0,State-MADHYA PRADESH,Total,20-29,244277,149860,94417,32258,19154,13104,38676,21793,16883,12471,7490,4981,74326,49571,24755,15318,9499,5819,7657,4849,2808,48617,28244,20373,14954,9260,5694
12854,C4920,23,0,State-MADHYA PRADESH,Total,30-39,206158,126261,79897,27820,16368,11452,34055,19247,14808,9446,5435,4011,61416,41016,20400,12845,7906,4939,8040,5096,2944,42333,24981,17352,10203,6212,3991
12855,C4920,23,0,State-MADHYA PRADESH,Total,40-49,170613,106026,64587,26270,15522,10748,29300,16981,12319,7245,4262,2983,47557,32397,15160,9698,6129,3569,6727,4201,2526,35434,21239,14195,8382,5295,3087
12856,C4920,23,0,State-MADHYA PRADESH,Total,50-59,131139,78861,52278,25052,13991,11061,22316,12676,9640,4715,2777,1938,38778,25446,13332,5075,3026,2049,3680,2142,1538,24147,14294,9853,7376,4509,2867
12857,C4920,23,0,State-MADHYA PRADESH,Total,60-69,151927,79230,72697,36730,17181,19549,25782,13104,12678,3811,2120,1691,46775,26671,20104,3040,1633,1407,2275,1152,1123,20209,10944,9265,13305,6425,6880
12858,C4920,23,0,State-MADHYA PRADESH,Total,70-79,116068,56631,59437,29997,13477,16520,20507,10316,10191,1912,1073,839,34640,18061,16579,1219,598,621,978,477,501,10563,5455,5108,16252,7174,9078
12859,C4920,23,0,State-MADHYA PRADESH,Total,80-89,49141,22744,26397,11839,5182,6657,8699,4337,4362,627,319,308,13994,6782,7212,335,158,177,268,117,151,3446,1682,1764,9933,4167,5766
12860,C4920,23,0,State-MADHYA PRADESH,Total,90+,16576,7148,9428,3449,1459,1990,2772,1344,1428,219,101,118,4229,1854,2375,161,76,85,67,30,37,1201,554,647,4478,1730,2748
12861,C4920,23,0,State-MADHYA PRADESH,Total,Age Not Stated,2671,1453,1218,405,205,200,559,302,257,108,60,48,334,190,144,94,55,39,43,28,15,986,534,452,142,79,63
12862,C4920,23,0,State-MADHYA PRADESH,Rural,Total,1105704,631523,474181,192819,101623,91196,179058,97217,81841,46389,27252,19137,309148,191581,117567,52079,31080,20999,27111,16225,10886,202346,114075,88271,96754,52470,44284
12863,C4920,23,0,State-MADHYA PRADESH,Rural,0-4,51684,27585,24099,9273,4795,4478,10808,5501,5307,983,567,416,7771,4437,3334,1594,873,721,358,191,167,17094,9015,8079,3803,2206,1597
12864,C4920,23,0,State-MADHYA PRADESH,Rural,5-9,83109,45882,37227,13047,6956,6091,14510,7549,6961,6898,3987,2911,13523,8114,5409,5047,2920,2127,1534,892,642,19291,10029,9262,9259,5435,3824
12865,C4920,23,0,State-MADHYA PRADESH,Rural,10-19,195442,112683,82759,29737,16512,13225,31458,17100,14358,12502,7393,5109,44421,27426,16995,14417,8466,5951,5116,2939,2177,39988,22040,17948,17803,10807,6996
12866,C4920,23,0,State-MADHYA PRADESH,Rural,20-29,163366,102622,60744,19346,11880,7466,23407,13595,9812,7998,4958,3040,55760,37649,18111,9715,6092,3623,5128,3299,1829,31682,18721,12961,10330,6428,3902
12867,C4920,23,0,State-MADHYA PRADESH,Rural,30-39,139207,86277,52930,17355,10310,7045,21052,12108,8944,6058,3548,2510,45564,30505,15059,8350,5138,3212,5458,3453,2005,28062,16762,11300,7308,4453,2855
12868,C4920,23,0,State-MADHYA PRADESH,Rural,40-49,115492,71750,43742,17510,10350,7160,18526,10754,7772,4533,2673,1860,34665,23364,11301,6280,3952,2328,4476,2786,1690,23513,14123,9390,5989,3748,2241
12869,C4920,23,0,State-MADHYA PRADESH,Rural,50-59,91866,54619,37247,18242,10091,8151,14867,8352,6515,2930,1693,1237,28495,18381,10114,3326,1954,1372,2458,1402,1056,16113,9503,6610,5435,3243,2192
12870,C4920,23,0,State-MADHYA PRADESH,Rural,60-69,117090,59690,57400,29759,13707,16052,19414,9722,9692,2577,1399,1178,36283,20164,16119,2105,1090,1015,1611,810,801,14476,7737,6739,10865,5061,5804
12871,C4920,23,0,State-MADHYA PRADESH,Rural,70-79,93829,45174,48655,25402,11277,14125,15947,7956,7991,1314,731,583,27829,14374,13455,856,411,445,709,325,384,8063,4120,3943,13709,5980,7729
12872,C4920,23,0,State-MADHYA PRADESH,Rural,80-89,39894,18569,21325,10049,4402,5647,6746,3386,3360,414,210,204,11226,5506,5720,229,105,124,185,89,96,2642,1324,1318,8403,3547,4856
12873,C4920,23,0,State-MADHYA PRADESH,Rural,90+,13278,5870,7408,2894,1243,1651,2074,1053,1021,138,70,68,3375,1521,1854,114,52,62,50,21,29,874,399,475,3759,1511,2248
12874,C4920,23,0,State-MADHYA PRADESH,Rural,Age Not Stated,1447,802,645,205,100,105,249,141,108,44,23,21,236,140,96,46,27,19,28,18,10,548,302,246,91,51,40
12875,C4920,23,0,State-MADHYA PRADESH,Urban,Total,446227,257228,188999,77932,42659,35273,88303,47818,40485,22935,13065,9870,95590,60804,34786,25724,15491,10233,12402,7541,4861,92689,52049,40640,30652,17801,12851
12876,C4920,23,0,State-MADHYA PRADESH,Urban,0-4,22538,11940,10598,5072,2609,2463,5567,2843,2724,428,223,205,1904,1127,777,822,439,383,177,107,70,7218,3800,3418,1350,792,558
12877,C4920,23,0,State-MADHYA PRADESH,Urban,5-9,31370,17363,14007,5799,3122,2677,6565,3445,3120,2549,1440,1109,3285,2019,1266,1820,1026,794,496,280,216,7607,4105,3502,3249,1926,1323
12878,C4920,23,0,State-MADHYA PRADESH,Urban,10-19,79218,45084,34134,14003,7749,6254,15787,8497,7290,5410,3070,2340,11785,7274,4511,6318,3767,2551,2097,1265,832,16901,9208,7693,6917,4254,2663
12879,C4920,23,0,State-MADHYA PRADESH,Urban,20-29,80911,47238,33673,12912,7274,5638,15269,8198,7071,4473,2532,1941,18566,11922,6644,5603,3407,2196,2529,1550,979,16935,9523,7412,4624,2832,1792
12880,C4920,23,0,State-MADHYA PRADESH,Urban,30-39,66951,39984,26967,10465,6058,4407,13003,7139,5864,3388,1887,1501,15852,10511,5341,4495,2768,1727,2582,1643,939,14271,8219,6052,2895,1759,1136
12881,C4920,23,0,State-MADHYA PRADESH,Urban,40-49,55121,34276,20845,8760,5172,3588,10774,6227,4547,2712,1589,1123,12892,9033,3859,3418,2177,1241,2251,1415,836,11921,7116,4805,2393,1547,846
12882,C4920,23,0,State-MADHYA PRADESH,Urban,50-59,39273,24242,15031,6810,3900,2910,7449,4324,3125,1785,1084,701,10283,7065,3218,1749,1072,677,1222,740,482,8034,4791,3243,1941,1266,675
12883,C4920,23,0,State-MADHYA PRADESH,Urban,60-69,34837,19540,15297,6971,3474,3497,6368,3382,2986,1234,721,513,10492,6507,3985,935,543,392,664,342,322,5733,3207,2526,2440,1364,1076
12884,C4920,23,0,State-MADHYA PRADESH,Urban,70-79,22239,11457,10782,4595,2200,2395,4560,2360,2200,598,342,256,6811,3687,3124,363,187,176,269,152,117,2500,1335,1165,2543,1194,1349
12885,C4920,23,0,State-MADHYA PRADESH,Urban,80-89,9247,4175,5072,1790,780,1010,1953,951,1002,213,109,104,2768,1276,1492,106,53,53,83,28,55,804,358,446,1530,620,910
12886,C4920,23,0,State-MADHYA PRADESH,Urban,90+,3298,1278,2020,555,216,339,698,291,407,81,31,50,854,333,521,47,24,23,17,9,8,327,155,172,719,219,500
12887,C4920,23,0,State-MADHYA PRADESH,Urban,Age Not Stated,1224,651,573,200,105,95,310,161,149,64,37,27,98,50,48,48,28,20,15,10,5,438,232,206,51,28,23
12888,C4920,23,418,District-Sheopur ,Total,Total,13435,7710,5725,2653,1340,1313,1748,948,800,490,294,196,4284,2648,1636,646,395,251,406,248,158,1883,1122,761,1325,715,610
12889,C4920,23,418,District-Sheopur ,Total,0-4,484,256,228,71,41,30,74,34,40,10,6,4,121,61,60,14,8,6,13,8,5,121,59,62,60,39,21
12890,C4920,23,418,District-Sheopur ,Total,5-9,916,528,388,118,73,45,141,72,69,74,46,28,214,120,94,56,31,25,19,12,7,176,94,82,118,80,38
12891,C4920,23,418,District-Sheopur ,Total,10-19,2357,1408,949,263,148,115,293,169,124,152,101,51,707,444,263,199,114,85,74,48,26,425,236,189,244,148,96
12892,C4920,23,418,District-Sheopur ,Total,20-29,1907,1254,653,161,112,49,198,118,80,77,49,28,830,542,288,140,95,45,79,52,27,297,200,97,125,86,39
12893,C4920,23,418,District-Sheopur ,Total,30-39,1704,1084,620,193,111,82,207,122,85,53,26,27,719,483,236,97,59,38,77,54,23,251,161,90,107,68,39
12894,C4920,23,418,District-Sheopur ,Total,40-49,1369,853,516,264,151,113,173,94,79,48,27,21,476,314,162,59,40,19,63,36,27,209,144,65,77,47,30
12895,C4920,23,418,District-Sheopur ,Total,50-59,1259,695,564,351,161,190,165,88,77,44,23,21,373,225,148,38,23,15,49,24,25,149,99,50,90,52,38
12896,C4920,23,418,District-Sheopur ,Total,60-69,1598,761,837,564,236,328,223,102,121,18,10,8,430,250,180,27,15,12,24,12,12,132,65,67,180,71,109
12897,C4920,23,418,District-Sheopur ,Total,70-79,1307,649,658,487,234,253,195,112,83,7,2,5,315,163,152,10,7,3,8,2,6,83,46,37,202,83,119
12898,C4920,23,418,District-Sheopur ,Total,80-89,427,179,248,145,61,84,67,32,35,6,3,3,83,37,46,5,2,3,0,0,0,27,12,15,94,32,62
12899,C4920,23,418,District-Sheopur ,Total,90+,99,37,62,36,12,24,11,4,7,1,1,0,13,7,6,1,1,0,0,0,0,11,4,7,26,8,18
12900,C4920,23,418,District-Sheopur ,Total,Age Not Stated,8,6,2,0,0,0,1,1,0,0,0,0,3,2,1,0,0,0,0,0,0,2,2,0,2,1,1
12901,C4920,23,418,District-Sheopur ,Rural,Total,11248,6442,4806,2357,1192,1165,1521,820,701,402,250,152,3542,2191,1351,465,287,178,306,186,120,1562,924,638,1093,592,501
12902,C4920,23,418,District-Sheopur ,Rural,0-4,415,209,206,65,36,29,63,30,33,8,5,3,111,54,57,12,6,6,8,5,3,103,44,59,45,29,16
12903,C4920,23,418,District-Sheopur ,Rural,5-9,756,448,308,112,71,41,124,62,62,59,38,21,177,103,74,37,23,14,16,11,5,140,78,62,91,62,29
12904,C4920,23,418,District-Sheopur ,Rural,10-19,1937,1163,774,235,137,98,253,143,110,125,87,38,602,382,220,134,77,57,50,30,20,348,188,160,190,119,71
12905,C4920,23,418,District-Sheopur ,Rural,20-29,1575,1045,530,134,94,40,172,103,69,60,42,18,701,457,244,99,70,29,60,44,16,248,167,81,101,68,33
12906,C4920,23,418,District-Sheopur ,Rural,30-39,1393,880,513,169,94,75,175,108,67,44,22,22,579,386,193,75,44,31,56,40,16,205,131,74,90,55,35
12907,C4920,23,418,District-Sheopur ,Rural,40-49,1144,711,433,241,135,106,151,80,71,38,21,17,380,255,125,45,30,15,49,26,23,175,122,53,65,42,23
12908,C4920,23,418,District-Sheopur ,Rural,50-59,1083,595,488,316,147,169,147,76,71,37,19,18,310,188,122,27,17,10,42,21,21,125,83,42,79,44,35
12909,C4920,23,418,District-Sheopur ,Rural,60-69,1368,648,720,501,208,293,202,93,109,17,10,7,339,195,144,24,13,11,17,7,10,110,54,56,158,68,90
12910,C4920,23,418,District-Sheopur ,Rural,70-79,1116,548,568,422,203,219,167,94,73,7,2,5,261,133,128,8,5,3,8,2,6,73,40,33,170,69,101
12911,C4920,23,418,District-Sheopur ,Rural,80-89,369,158,211,128,55,73,57,27,30,6,3,3,69,32,37,3,1,2,0,0,0,24,11,13,82,29,53
12912,C4920,23,418,District-Sheopur ,Rural,90+,85,32,53,34,12,22,9,3,6,1,1,0,11,5,6,1,1,0,0,0,0,9,4,5,20,6,14
12913,C4920,23,418,District-Sheopur ,Rural,Age Not Stated,7,5,2,0,0,0,1,1,0,0,0,0,2,1,1,0,0,0,0,0,0,2,2,0,2,1,1
12914,C4920,23,418,District-Sheopur ,Urban,Total,2187,1268,919,296,148,148,227,128,99,88,44,44,742,457,285,181,108,73,100,62,38,321,198,123,232,123,109
12915,C4920,23,418,District-Sheopur ,Urban,0-4,69,47,22,6,5,1,11,4,7,2,1,1,10,7,3,2,2,0,5,3,2,18,15,3,15,10,5
12916,C4920,23,418,District-Sheopur ,Urban,5-9,160,80,80,6,2,4,17,10,7,15,8,7,37,17,20,19,8,11,3,1,2,36,16,20,27,18,9
12917,C4920,23,418,District-Sheopur ,Urban,10-19,420,245,175,28,11,17,40,26,14,27,14,13,105,62,43,65,37,28,24,18,6,77,48,29,54,29,25
12918,C4920,23,418,District-Sheopur ,Urban,20-29,332,209,123,27,18,9,26,15,11,17,7,10,129,85,44,41,25,16,19,8,11,49,33,16,24,18,6
12919,C4920,23,418,District-Sheopur ,Urban,30-39,311,204,107,24,17,7,32,14,18,9,4,5,140,97,43,22,15,7,21,14,7,46,30,16,17,13,4
12920,C4920,23,418,District-Sheopur ,Urban,40-49,225,142,83,23,16,7,22,14,8,10,6,4,96,59,37,14,10,4,14,10,4,34,22,12,12,5,7
12921,C4920,23,418,District-Sheopur ,Urban,50-59,176,100,76,35,14,21,18,12,6,7,4,3,63,37,26,11,6,5,7,3,4,24,16,8,11,8,3
12922,C4920,23,418,District-Sheopur ,Urban,60-69,230,113,117,63,28,35,21,9,12,1,0,1,91,55,36,3,2,1,7,5,2,22,11,11,22,3,19
12923,C4920,23,418,District-Sheopur ,Urban,70-79,191,101,90,65,31,34,28,18,10,0,0,0,54,30,24,2,2,0,0,0,0,10,6,4,32,14,18
12924,C4920,23,418,District-Sheopur ,Urban,80-89,58,21,37,17,6,11,10,5,5,0,0,0,14,5,9,2,1,1,0,0,0,3,1,2,12,3,9
12925,C4920,23,418,District-Sheopur ,Urban,90+,14,5,9,2,0,2,2,1,1,0,0,0,2,2,0,0,0,0,0,0,0,2,0,2,6,2,4
12926,C4920,23,418,District-Sheopur ,Urban,Age Not Stated,1,1,0,0,0,0,0,0,0,0,0,0,1,1,0,0,0,0,0,0,0,0,0,0,0,0,0
12927,C4920,23,419,District-Morena,Total,Total,33524,20433,13091,5610,2997,2613,5868,3280,2588,1311,831,480,10263,6910,3353,1348,928,420,590,421,169,5751,3501,2250,2783,1565,1218
12928,C4920,23,419,District-Morena,Total,0-4,1439,829,610,182,90,92,381,198,183,29,16,13,224,151,73,39,26,13,14,13,1,477,277,200,93,58,35
12929,C4920,23,419,District-Morena,Total,5-9,2259,1275,984,263,156,107,462,240,222,204,128,76,393,229,164,122,82,40,44,32,12,556,284,272,215,124,91
12930,C4920,23,419,District-Morena,Total,10-19,6001,3892,2109,587,344,243,1010,595,415,381,244,137,1772,1243,529,391,275,116,131,96,35,1260,766,494,469,329,140
12931,C4920,23,419,District-Morena,Total,20-29,5228,3639,1589,483,328,155,722,416,306,255,175,80,2167,1638,529,287,205,82,112,81,31,960,621,339,242,175,67
12932,C4920,23,419,District-Morena,Total,30-39,4115,2782,1333,445,282,163,666,392,274,181,103,78,1595,1156,439,212,145,67,119,91,28,725,483,242,172,130,42
12933,C4920,23,419,District-Morena,Total,40-49,2988,1968,1020,443,270,173,565,344,221,114,79,35,966,696,270,148,97,51,67,44,23,559,353,206,126,85,41
12934,C4920,23,419,District-Morena,Total,50-59,2574,1561,1013,614,314,300,465,258,207,54,30,24,731,505,226,68,52,16,52,32,20,435,282,153,155,88,67
12935,C4920,23,419,District-Morena,Total,60-69,3676,1911,1765,1191,554,637,653,333,320,47,29,18,965,553,412,54,32,22,26,15,11,390,238,152,350,157,193
12936,C4920,23,419,District-Morena,Total,70-79,3308,1618,1690,971,449,522,605,317,288,33,19,14,938,479,459,19,8,11,17,14,3,248,125,123,477,207,270
12937,C4920,23,419,District-Morena,Total,80-89,1474,760,714,338,163,175,270,154,116,11,7,4,404,220,184,5,5,0,5,2,3,108,51,57,333,158,175
12938,C4920,23,419,District-Morena,Total,90+,432,181,251,89,43,46,59,29,30,2,1,1,103,39,64,3,1,2,1,0,1,24,14,10,151,54,97
12939,C4920,23,419,District-Morena,Total,Age Not Stated,30,17,13,4,4,0,10,4,6,0,0,0,5,1,4,0,0,0,2,1,1,9,7,2,0,0,0
12940,C4920,23,419,District-Morena,Rural,Total,26625,16097,10528,4685,2464,2221,4716,2642,2074,998,630,368,7957,5338,2619,1035,710,325,439,322,117,4558,2769,1789,2237,1222,1015
12941,C4920,23,419,District-Morena,Rural,0-4,1134,645,489,133,67,66,318,166,152,18,10,8,180,120,60,31,21,10,11,10,1,372,207,165,71,44,27
12942,C4920,23,419,District-Morena,Rural,5-9,1801,1001,800,213,127,86,384,198,186,156,97,59,319,184,135,107,74,33,35,27,8,429,209,220,158,85,73
12943,C4920,23,419,District-Morena,Rural,10-19,4776,3109,1667,466,266,200,816,492,324,295,187,108,1417,999,418,302,211,91,102,78,24,1024,628,396,354,248,106
12944,C4920,23,419,District-Morena,Rural,20-29,3952,2776,1176,370,257,113,565,327,238,191,135,56,1616,1227,389,201,145,56,80,61,19,752,493,259,177,131,46
12945,C4920,23,419,District-Morena,Rural,30-39,3140,2117,1023,343,218,125,526,304,222,137,74,63,1220,892,328,156,106,50,86,64,22,543,362,181,129,97,32
12946,C4920,23,419,District-Morena,Rural,40-49,2323,1508,815,371,219,152,440,264,176,89,62,27,721,519,202,118,74,44,48,32,16,441,276,165,95,62,33
12947,C4920,23,419,District-Morena,Rural,50-59,2033,1220,813,525,264,261,369,205,164,36,20,16,563,380,183,55,41,14,35,25,10,336,223,113,114,62,52
12948,C4920,23,419,District-Morena,Rural,60-69,3033,1573,1460,1025,478,547,524,271,253,37,23,14,760,434,326,42,28,14,22,12,10,324,197,127,299,130,169
12949,C4920,23,419,District-Morena,Rural,70-79,2778,1326,1452,859,384,475,496,260,236,29,16,13,743,369,374,17,6,11,14,12,2,214,109,105,406,170,236
12950,C4920,23,419,District-Morena,Rural,80-89,1257,649,608,296,144,152,224,129,95,8,5,3,325,177,148,4,4,0,4,1,3,97,48,49,299,141,158
12951,C4920,23,419,District-Morena,Rural,90+,377,161,216,81,37,44,47,24,23,2,1,1,89,36,53,2,0,2,1,0,1,20,11,9,135,52,83
12952,C4920,23,419,District-Morena,Rural,Age Not Stated,21,12,9,3,3,0,7,2,5,0,0,0,4,1,3,0,0,0,1,0,1,6,6,0,0,0,0
12953,C4920,23,419,District-Morena,Urban,Total,6899,4336,2563,925,533,392,1152,638,514,313,201,112,2306,1572,734,313,218,95,151,99,52,1193,732,461,546,343,203
12954,C4920,23,419,District-Morena,Urban,0-4,305,184,121,49,23,26,63,32,31,11,6,5,44,31,13,8,5,3,3,3,0,105,70,35,22,14,8
12955,C4920,23,419,District-Morena,Urban,5-9,458,274,184,50,29,21,78,42,36,48,31,17,74,45,29,15,8,7,9,5,4,127,75,52,57,39,18
12956,C4920,23,419,District-Morena,Urban,10-19,1225,783,442,121,78,43,194,103,91,86,57,29,355,244,111,89,64,25,29,18,11,236,138,98,115,81,34
12957,C4920,23,419,District-Morena,Urban,20-29,1276,863,413,113,71,42,157,89,68,64,40,24,551,411,140,86,60,26,32,20,12,208,128,80,65,44,21
12958,C4920,23,419,District-Morena,Urban,30-39,975,665,310,102,64,38,140,88,52,44,29,15,375,264,111,56,39,17,33,27,6,182,121,61,43,33,10
12959,C4920,23,419,District-Morena,Urban,40-49,665,460,205,72,51,21,125,80,45,25,17,8,245,177,68,30,23,7,19,12,7,118,77,41,31,23,8
12960,C4920,23,419,District-Morena,Urban,50-59,541,341,200,89,50,39,96,53,43,18,10,8,168,125,43,13,11,2,17,7,10,99,59,40,41,26,15
12961,C4920,23,419,District-Morena,Urban,60-69,643,338,305,166,76,90,129,62,67,10,6,4,205,119,86,12,4,8,4,3,1,66,41,25,51,27,24
12962,C4920,23,419,District-Morena,Urban,70-79,530,292,238,112,65,47,109,57,52,4,3,1,195,110,85,2,2,0,3,2,1,34,16,18,71,37,34
12963,C4920,23,419,District-Morena,Urban,80-89,217,111,106,42,19,23,46,25,21,3,2,1,79,43,36,1,1,0,1,1,0,11,3,8,34,17,17
12964,C4920,23,419,District-Morena,Urban,90+,55,20,35,8,6,2,12,5,7,0,0,0,14,3,11,1,1,0,0,0,0,4,3,1,16,2,14
12965,C4920,23,419,District-Morena,Urban,Age Not Stated,9,5,4,1,1,0,3,2,1,0,0,0,1,0,1,0,0,0,1,1,0,3,1,2,0,0,0
12966,C4920,23,420,District-Bhind,Total,Total,34458,20908,13550,5660,3184,2476,7337,4074,3263,1545,964,581,7545,5238,2307,1189,845,344,515,375,140,8558,4975,3583,2109,1253,856
12967,C4920,23,420,District-Bhind,Total,0-4,1984,1068,916,246,136,110,495,247,248,31,22,9,160,96,64,33,23,10,11,5,6,929,487,442,79,52,27
12968,C4920,23,420,District-Bhind,Total,5-9,2630,1482,1148,319,166,153,564,301,263,204,121,83,263,159,104,106,67,39,25,18,7,953,527,426,196,123,73
12969,C4920,23,420,District-Bhind,Total,10-19,6536,4006,2530,729,445,284,1429,774,655,392,252,140,1242,878,364,338,235,103,108,82,26,1907,1069,838,391,271,120
12970,C4920,23,420,District-Bhind,Total,20-29,5501,3684,1817,589,389,200,1056,624,432,300,199,101,1569,1193,376,236,178,58,91,74,17,1409,843,566,251,184,67
12971,C4920,23,420,District-Bhind,Total,30-39,4284,2789,1495,510,314,196,854,474,380,197,120,77,1202,885,317,191,144,47,101,79,22,1074,670,404,155,103,52
12972,C4920,23,420,District-Bhind,Total,40-49,3400,2224,1176,505,311,194,738,430,308,166,106,60,830,636,194,129,94,35,80,53,27,843,521,322,109,73,36
12973,C4920,23,420,District-Bhind,Total,50-59,2700,1666,1034,581,317,264,581,332,249,96,53,43,659,453,206,85,58,27,42,31,11,560,357,203,96,65,31
12974,C4920,23,420,District-Bhind,Total,60-69,3070,1697,1373,914,450,464,685,362,323,85,48,37,695,445,250,44,31,13,27,15,12,452,264,188,168,82,86
12975,C4920,23,420,District-Bhind,Total,70-79,2670,1422,1248,848,449,399,581,325,256,49,31,18,578,304,274,22,13,9,19,9,10,243,138,105,330,153,177
12976,C4920,23,420,District-Bhind,Total,80-89,1202,628,574,329,162,167,250,145,105,18,10,8,270,148,122,1,1,0,8,7,1,93,48,45,233,107,126
12977,C4920,23,420,District-Bhind,Total,90+,366,173,193,84,42,42,74,41,33,4,1,3,68,35,33,3,0,3,1,0,1,33,14,19,99,40,59
12978,C4920,23,420,District-Bhind,Total,Age Not Stated,115,69,46,6,3,3,30,19,11,3,1,2,9,6,3,1,1,0,2,2,0,62,37,25,2,0,2
12979,C4920,23,420,District-Bhind,Rural,Total,26282,15893,10389,4605,2581,2024,5848,3225,2623,1203,750,453,5545,3908,1637,838,599,239,357,259,98,6255,3610,2645,1631,961,670
12980,C4920,23,420,District-Bhind,Rural,0-4,1547,836,711,203,112,91,399,202,197,24,16,8,107,64,43,26,18,8,7,4,3,719,380,339,62,40,22
12981,C4920,23,420,District-Bhind,Rural,5-9,2006,1116,890,267,142,125,436,232,204,163,94,69,196,123,73,73,46,27,18,12,6,717,381,336,136,86,50
12982,C4920,23,420,District-Bhind,Rural,10-19,4953,3031,1922,591,363,228,1112,586,526,313,205,108,904,665,239,239,172,67,76,59,17,1444,799,645,274,182,92
12983,C4920,23,420,District-Bhind,Rural,20-29,4038,2727,1311,472,304,168,829,492,337,217,146,71,1116,883,233,162,124,38,60,45,15,1000,600,400,182,133,49
12984,C4920,23,420,District-Bhind,Rural,30-39,3188,2080,1108,406,255,151,688,379,309,148,91,57,877,654,223,140,103,37,72,56,16,737,463,274,120,79,41
12985,C4920,23,420,District-Bhind,Rural,40-49,2478,1625,853,393,237,156,575,333,242,127,82,45,588,456,132,88,64,24,54,35,19,580,366,214,73,52,21
12986,C4920,23,420,District-Bhind,Rural,50-59,2007,1218,789,474,260,214,451,251,200,81,41,40,476,318,158,61,41,20,27,21,6,365,234,131,72,52,20
12987,C4920,23,420,District-Bhind,Rural,60-69,2442,1357,1085,726,361,365,572,306,266,73,42,31,543,346,197,32,21,11,17,11,6,336,197,139,143,73,70
12988,C4920,23,420,District-Bhind,Rural,70-79,2209,1177,1032,717,375,342,486,271,215,37,24,13,462,249,213,13,8,5,17,8,9,196,109,87,281,133,148
12989,C4920,23,420,District-Bhind,Rural,80-89,1006,527,479,279,136,143,210,122,88,15,7,8,216,119,97,1,1,0,7,6,1,78,40,38,200,96,104
12990,C4920,23,420,District-Bhind,Rural,90+,313,144,169,72,34,38,64,35,29,4,1,3,56,28,28,2,0,2,0,0,0,29,11,18,86,35,51
12991,C4920,23,420,District-Bhind,Rural,Age Not Stated,95,55,40,5,2,3,26,16,10,1,1,0,4,3,1,1,1,0,2,2,0,54,30,24,2,0,2
12992,C4920,23,420,District-Bhind,Urban,Total,8176,5015,3161,1055,603,452,1489,849,640,342,214,128,2000,1330,670,351,246,105,158,116,42,2303,1365,938,478,292,186
12993,C4920,23,420,District-Bhind,Urban,0-4,437,232,205,43,24,19,96,45,51,7,6,1,53,32,21,7,5,2,4,1,3,210,107,103,17,12,5
12994,C4920,23,420,District-Bhind,Urban,5-9,624,366,258,52,24,28,128,69,59,41,27,14,67,36,31,33,21,12,7,6,1,236,146,90,60,37,23
12995,C4920,23,420,District-Bhind,Urban,10-19,1583,975,608,138,82,56,317,188,129,79,47,32,338,213,125,99,63,36,32,23,9,463,270,193,117,89,28
12996,C4920,23,420,District-Bhind,Urban,20-29,1463,957,506,117,85,32,227,132,95,83,53,30,453,310,143,74,54,20,31,29,2,409,243,166,69,51,18
12997,C4920,23,420,District-Bhind,Urban,30-39,1096,709,387,104,59,45,166,95,71,49,29,20,325,231,94,51,41,10,29,23,6,337,207,130,35,24,11
12998,C4920,23,420,District-Bhind,Urban,40-49,922,599,323,112,74,38,163,97,66,39,24,15,242,180,62,41,30,11,26,18,8,263,155,108,36,21,15
12999,C4920,23,420,District-Bhind,Urban,50-59,693,448,245,107,57,50,130,81,49,15,12,3,183,135,48,24,17,7,15,10,5,195,123,72,24,13,11
13000,C4920,23,420,District-Bhind,Urban,60-69,628,340,288,188,89,99,113,56,57,12,6,6,152,99,53,12,10,2,10,4,6,116,67,49,25,9,16
13001,C4920,23,420,District-Bhind,Urban,70-79,461,245,216,131,74,57,95,54,41,12,7,5,116,55,61,9,5,4,2,1,1,47,29,18,49,20,29
13002,C4920,23,420,District-Bhind,Urban,80-89,196,101,95,50,26,24,40,23,17,3,3,0,54,29,25,0,0,0,1,1,0,15,8,7,33,11,22
13003,C4920,23,420,District-Bhind,Urban,90+,53,29,24,12,8,4,10,6,4,0,0,0,12,7,5,1,0,1,1,0,1,4,3,1,13,5,8
13004,C4920,23,420,District-Bhind,Urban,Age Not Stated,20,14,6,1,1,0,4,3,1,2,0,2,5,3,2,0,0,0,0,0,0,8,7,1,0,0,0
13005,C4920,23,421,District-Gwalior,Total,Total,35263,21432,13831,4401,2412,1989,7619,4251,3368,1625,984,641,8713,5918,2795,1688,1098,590,930,616,314,8116,4800,3316,2171,1353,818
13006,C4920,23,421,District-Gwalior,Total,0-4,1664,934,730,184,107,77,464,258,206,25,14,11,169,102,67,53,32,21,12,5,7,664,354,310,93,62,31
13007,C4920,23,421,District-Gwalior,Total,5-9,2537,1474,1063,279,155,124,613,338,275,207,125,82,322,195,127,138,90,48,36,23,13,692,392,300,250,156,94
13008,C4920,23,421,District-Gwalior,Total,10-19,6765,4108,2657,692,403,289,1414,805,609,428,255,173,1357,874,483,481,296,185,145,95,50,1737,1030,707,511,350,161
13009,C4920,23,421,District-Gwalior,Total,20-29,6700,4347,2353,626,392,234,1350,766,584,312,203,109,2004,1446,558,381,262,119,197,137,60,1476,890,586,354,251,103
13010,C4920,23,421,District-Gwalior,Total,30-39,5188,3236,1952,518,307,211,1107,615,492,205,121,84,1520,1058,462,258,167,91,211,134,77,1174,695,479,195,139,56
13011,C4920,23,421,District-Gwalior,Total,40-49,3946,2628,1318,423,256,167,871,521,350,173,107,66,1054,812,242,192,136,56,176,113,63,919,579,340,138,104,34
13012,C4920,23,421,District-Gwalior,Total,50-59,2952,1846,1106,404,208,196,686,401,285,118,74,44,809,577,232,97,59,38,92,67,25,644,395,249,102,65,37
13013,C4920,23,421,District-Gwalior,Total,60-69,2718,1489,1229,608,294,314,550,273,277,80,42,38,771,477,294,62,41,21,43,32,11,448,258,190,156,72,84
13014,C4920,23,421,District-Gwalior,Total,70-79,1724,890,834,435,191,244,366,188,178,44,26,18,444,252,192,16,9,7,15,9,6,232,138,94,172,77,95
13015,C4920,23,421,District-Gwalior,Total,80-89,730,330,400,181,77,104,125,57,68,19,9,10,194,95,99,4,2,2,2,0,2,73,41,32,132,49,83
13016,C4920,23,421,District-Gwalior,Total,90+,273,119,154,46,20,26,61,23,38,6,4,2,60,26,34,2,1,1,0,0,0,31,18,13,67,27,40
13017,C4920,23,421,District-Gwalior,Total,Age Not Stated,66,31,35,5,2,3,12,6,6,8,4,4,9,4,5,4,3,1,1,1,0,26,10,16,1,1,0
13018,C4920,23,421,District-Gwalior,Rural,Total,13333,8176,5157,1907,1035,872,2462,1366,1096,614,393,221,3635,2512,1123,566,366,200,222,141,81,2965,1773,1192,962,590,372
13019,C4920,23,421,District-Gwalior,Rural,0-4,650,379,271,73,49,24,136,80,56,11,6,5,86,51,35,24,17,7,5,2,3,275,149,126,40,25,15
13020,C4920,23,421,District-Gwalior,Rural,5-9,995,585,410,125,67,58,229,123,106,77,50,27,133,88,45,58,36,22,14,8,6,252,140,112,107,73,34
13021,C4920,23,421,District-Gwalior,Rural,10-19,2695,1706,989,272,178,94,482,278,204,175,113,62,689,448,241,173,110,63,47,31,16,666,414,252,191,134,57
13022,C4920,23,421,District-Gwalior,Rural,20-29,2312,1605,707,200,128,72,383,218,165,112,87,25,853,676,177,120,81,39,39,25,14,467,283,184,138,107,31
13023,C4920,23,421,District-Gwalior,Rural,30-39,1742,1117,625,169,113,56,303,169,134,80,44,36,614,428,186,76,49,27,34,22,12,387,232,155,79,60,19
13024,C4920,23,421,District-Gwalior,Rural,40-49,1284,873,411,142,83,59,235,142,93,61,39,22,367,288,79,56,40,16,44,25,19,331,219,112,48,37,11
13025,C4920,23,421,District-Gwalior,Rural,50-59,1080,674,406,186,99,87,205,117,88,38,23,15,298,219,79,29,18,11,22,16,6,250,150,100,52,32,20
13026,C4920,23,421,District-Gwalior,Rural,60-69,1179,582,597,330,139,191,234,111,123,31,15,16,289,160,129,21,11,10,10,8,2,180,98,82,84,40,44
13027,C4920,23,421,District-Gwalior,Rural,70-79,865,429,436,277,120,157,174,88,86,20,12,8,186,105,81,7,3,4,5,3,2,100,59,41,96,39,57
13028,C4920,23,421,District-Gwalior,Rural,80-89,357,146,211,104,43,61,50,24,26,4,1,3,80,33,47,1,0,1,1,0,1,37,19,18,80,26,54
13029,C4920,23,421,District-Gwalior,Rural,90+,154,69,85,26,14,12,30,16,14,4,2,2,32,12,20,0,0,0,0,0,0,16,9,7,46,16,30
13030,C4920,23,421,District-Gwalior,Rural,Age Not Stated,20,11,9,3,2,1,1,0,1,1,1,0,8,4,4,1,1,0,1,1,0,4,1,3,1,1,0
13031,C4920,23,421,District-Gwalior,Urban,Total,21930,13256,8674,2494,1377,1117,5157,2885,2272,1011,591,420,5078,3406,1672,1122,732,390,708,475,233,5151,3027,2124,1209,763,446
13032,C4920,23,421,District-Gwalior,Urban,0-4,1014,555,459,111,58,53,328,178,150,14,8,6,83,51,32,29,15,14,7,3,4,389,205,184,53,37,16
13033,C4920,23,421,District-Gwalior,Urban,5-9,1542,889,653,154,88,66,384,215,169,130,75,55,189,107,82,80,54,26,22,15,7,440,252,188,143,83,60
13034,C4920,23,421,District-Gwalior,Urban,10-19,4070,2402,1668,420,225,195,932,527,405,253,142,111,668,426,242,308,186,122,98,64,34,1071,616,455,320,216,104
13035,C4920,23,421,District-Gwalior,Urban,20-29,4388,2742,1646,426,264,162,967,548,419,200,116,84,1151,770,381,261,181,80,158,112,46,1009,607,402,216,144,72
13036,C4920,23,421,District-Gwalior,Urban,30-39,3446,2119,1327,349,194,155,804,446,358,125,77,48,906,630,276,182,118,64,177,112,65,787,463,324,116,79,37
13037,C4920,23,421,District-Gwalior,Urban,40-49,2662,1755,907,281,173,108,636,379,257,112,68,44,687,524,163,136,96,40,132,88,44,588,360,228,90,67,23
13038,C4920,23,421,District-Gwalior,Urban,50-59,1872,1172,700,218,109,109,481,284,197,80,51,29,511,358,153,68,41,27,70,51,19,394,245,149,50,33,17
13039,C4920,23,421,District-Gwalior,Urban,60-69,1539,907,632,278,155,123,316,162,154,49,27,22,482,317,165,41,30,11,33,24,9,268,160,108,72,32,40
13040,C4920,23,421,District-Gwalior,Urban,70-79,859,461,398,158,71,87,192,100,92,24,14,10,258,147,111,9,6,3,10,6,4,132,79,53,76,38,38
13041,C4920,23,421,District-Gwalior,Urban,80-89,373,184,189,77,34,43,75,33,42,15,8,7,114,62,52,3,2,1,1,0,1,36,22,14,52,23,29
13042,C4920,23,421,District-Gwalior,Urban,90+,119,50,69,20,6,14,31,7,24,2,2,0,28,14,14,2,1,1,0,0,0,15,9,6,21,11,10
13043,C4920,23,421,District-Gwalior,Urban,Age Not Stated,46,20,26,2,0,2,11,6,5,7,3,4,1,0,1,3,2,1,0,0,0,22,9,13,0,0,0
13044,C4920,23,422,District-Datia,Total,Total,12379,7335,5044,1843,997,846,2319,1188,1131,517,322,195,3941,2575,1366,530,340,190,262,162,100,1918,1170,748,1049,581,468
13045,C4920,23,422,District-Datia,Total,0-4,551,290,261,90,44,46,122,60,62,13,7,6,91,53,38,16,8,8,2,1,1,184,93,91,33,24,9
13046,C4920,23,422,District-Datia,Total,5-9,884,498,386,102,65,37,176,71,105,85,52,33,161,89,72,44,26,18,17,13,4,183,111,72,116,71,45
13047,C4920,23,422,District-Datia,Total,10-19,2226,1345,881,250,143,107,450,228,222,133,86,47,551,374,177,151,104,47,56,27,29,387,227,160,248,156,92
13048,C4920,23,422,District-Datia,Total,20-29,2046,1356,690,204,125,79,341,193,148,102,69,33,814,588,226,102,65,37,41,32,9,317,197,120,125,87,38
13049,C4920,23,422,District-Datia,Total,30-39,1675,1078,597,161,100,61,295,159,136,68,40,28,682,459,223,92,63,29,42,23,19,262,182,80,73,52,21
13050,C4920,23,422,District-Datia,Total,40-49,1372,901,471,180,116,64,279,160,119,53,36,17,465,337,128,65,40,25,59,40,19,223,146,77,48,26,22
13051,C4920,23,422,District-Datia,Total,50-59,953,613,340,173,111,62,186,100,86,28,15,13,339,243,96,28,18,10,26,15,11,132,92,40,41,19,22
13052,C4920,23,422,District-Datia,Total,60-69,1123,583,540,233,111,122,205,98,107,19,10,9,378,218,160,21,11,10,15,9,6,130,76,54,122,50,72
13053,C4920,23,422,District-Datia,Total,70-79,975,453,522,313,131,182,168,78,90,11,6,5,285,144,141,8,4,4,3,1,2,60,29,31,127,60,67
13054,C4920,23,422,District-Datia,Total,80-89,430,175,255,104,39,65,77,35,42,5,1,4,133,60,73,3,1,2,0,0,0,30,14,16,78,25,53
13055,C4920,23,422,District-Datia,Total,90+,140,41,99,33,12,21,20,6,14,0,0,0,40,8,32,0,0,0,1,1,0,8,3,5,38,11,27
13056,C4920,23,422,District-Datia,Total,Age Not Stated,4,2,2,0,0,0,0,0,0,0,0,0,2,2,0,0,0,0,0,0,0,2,0,2,0,0,0
13057,C4920,23,422,District-Datia,Rural,Total,9554,5653,3901,1562,844,718,1910,950,960,396,256,140,2902,1924,978,384,252,132,170,105,65,1464,895,569,766,427,339
13058,C4920,23,422,District-Datia,Rural,0-4,432,232,200,80,40,40,94,43,51,10,7,3,66,39,27,13,6,7,2,1,1,144,80,64,23,16,7
13059,C4920,23,422,District-Datia,Rural,5-9,695,383,312,83,52,31,146,54,92,67,41,26,121,64,57,37,23,14,11,9,2,141,86,55,89,54,35
13060,C4920,23,422,District-Datia,Rural,10-19,1718,1047,671,212,125,87,369,184,185,106,69,37,401,278,123,107,77,30,37,21,16,304,175,129,182,118,64
13061,C4920,23,422,District-Datia,Rural,20-29,1599,1064,535,173,105,68,290,159,131,74,55,19,624,457,167,74,49,25,27,21,6,248,152,96,89,66,23
13062,C4920,23,422,District-Datia,Rural,30-39,1266,820,446,126,77,49,244,127,117,52,30,22,504,350,154,66,46,20,30,17,13,195,137,58,49,36,13
13063,C4920,23,422,District-Datia,Rural,40-49,1037,673,364,152,96,56,237,132,105,41,31,10,343,249,94,47,29,18,32,19,13,148,98,50,37,19,18
13064,C4920,23,422,District-Datia,Rural,50-59,713,455,258,145,93,52,154,79,75,21,11,10,239,173,66,17,10,7,15,8,7,98,69,29,24,12,12
13065,C4920,23,422,District-Datia,Rural,60-69,882,453,429,202,99,103,162,75,87,17,9,8,273,155,118,14,8,6,13,8,5,104,61,43,97,38,59
13066,C4920,23,422,District-Datia,Rural,70-79,784,360,424,269,111,158,140,66,74,5,3,2,219,112,107,6,3,3,2,0,2,51,23,28,92,42,50
13067,C4920,23,422,District-Datia,Rural,80-89,322,132,190,89,34,55,58,25,33,3,0,3,89,42,47,3,1,2,0,0,0,23,12,11,57,18,39
13068,C4920,23,422,District-Datia,Rural,90+,104,34,70,31,12,19,16,6,10,0,0,0,23,5,18,0,0,0,1,1,0,6,2,4,27,8,19
13069,C4920,23,422,District-Datia,Rural,Age Not Stated,2,0,2,0,0,0,0,0,0,0,0,0,0,0,0,0,0,0,0,0,0,2,0,2,0,0,0
13070,C4920,23,422,District-Datia,Urban,Total,2825,1682,1143,281,153,128,409,238,171,121,66,55,1039,651,388,146,88,58,92,57,35,454,275,179,283,154,129
13071,C4920,23,422,District-Datia,Urban,0-4,119,58,61,10,4,6,28,17,11,3,0,3,25,14,11,3,2,1,0,0,0,40,13,27,10,8,2
13072,C4920,23,422,District-Datia,Urban,5-9,189,115,74,19,13,6,30,17,13,18,11,7,40,25,15,7,3,4,6,4,2,42,25,17,27,17,10
13073,C4920,23,422,District-Datia,Urban,10-19,508,298,210,38,18,20,81,44,37,27,17,10,150,96,54,44,27,17,19,6,13,83,52,31,66,38,28
13074,C4920,23,422,District-Datia,Urban,20-29,447,292,155,31,20,11,51,34,17,28,14,14,190,131,59,28,16,12,14,11,3,69,45,24,36,21,15
13075,C4920,23,422,District-Datia,Urban,30-39,409,258,151,35,23,12,51,32,19,16,10,6,178,109,69,26,17,9,12,6,6,67,45,22,24,16,8
13076,C4920,23,422,District-Datia,Urban,40-49,335,228,107,28,20,8,42,28,14,12,5,7,122,88,34,18,11,7,27,21,6,75,48,27,11,7,4
13077,C4920,23,422,District-Datia,Urban,50-59,240,158,82,28,18,10,32,21,11,7,4,3,100,70,30,11,8,3,11,7,4,34,23,11,17,7,10
13078,C4920,23,422,District-Datia,Urban,60-69,241,130,111,31,12,19,43,23,20,2,1,1,105,63,42,7,3,4,2,1,1,26,15,11,25,12,13
13079,C4920,23,422,District-Datia,Urban,70-79,191,93,98,44,20,24,28,12,16,6,3,3,66,32,34,2,1,1,1,1,0,9,6,3,35,18,17
13080,C4920,23,422,District-Datia,Urban,80-89,108,43,65,15,5,10,19,10,9,2,1,1,44,18,26,0,0,0,0,0,0,7,2,5,21,7,14
13081,C4920,23,422,District-Datia,Urban,90+,36,7,29,2,0,2,4,0,4,0,0,0,17,3,14,0,0,0,0,0,0,2,1,1,11,3,8
13082,C4920,23,422,District-Datia,Urban,Age Not Stated,2,2,0,0,0,0,0,0,0,0,0,0,2,2,0,0,0,0,0,0,0,0,0,0,0,0,0
13083,C4920,23,423,District-Shivpuri,Total,Total,32943,19466,13477,6229,3327,2902,5958,3329,2629,1424,892,532,8508,5570,2938,1108,671,437,604,376,228,6781,3952,2829,2331,1349,982
13084,C4920,23,423,District-Shivpuri,Total,0-4,1815,936,879,327,171,156,418,210,208,33,22,11,188,103,85,41,23,18,14,10,4,704,352,352,90,45,45
13085,C4920,23,423,District-Shivpuri,Total,5-9,2906,1625,1281,528,271,257,529,295,234,207,131,76,421,266,155,110,55,55,48,25,23,797,419,378,266,163,103
13086,C4920,23,423,District-Shivpuri,Total,10-19,6207,3711,2496,1049,604,445,1046,587,459,375,238,137,1322,859,463,337,194,143,116,81,35,1497,841,656,465,307,158
13087,C4920,23,423,District-Shivpuri,Total,20-29,5122,3387,1735,681,427,254,859,495,364,253,162,91,1700,1248,452,207,145,62,106,76,30,1057,664,393,259,170,89
13088,C4920,23,423,District-Shivpuri,Total,30-39,4216,2693,1523,601,356,245,763,444,319,201,126,75,1366,926,440,159,105,54,115,77,38,844,543,301,167,116,51
13089,C4920,23,423,District-Shivpuri,Total,40-49,3306,2145,1161,554,348,206,588,357,231,144,86,58,952,697,255,123,77,46,95,51,44,695,424,271,155,105,50
13090,C4920,23,423,District-Shivpuri,Total,50-59,2620,1616,1004,532,295,237,467,274,193,79,49,30,760,513,247,59,31,28,60,34,26,510,323,187,153,97,56
13091,C4920,23,423,District-Shivpuri,Total,60-69,3121,1614,1507,902,402,500,580,293,287,78,49,29,871,500,371,41,24,17,35,15,20,363,213,150,251,118,133
13092,C4920,23,423,District-Shivpuri,Total,70-79,2420,1189,1231,733,324,409,488,259,229,37,22,15,621,318,303,20,10,10,14,6,8,213,120,93,294,130,164
13093,C4920,23,423,District-Shivpuri,Total,80-89,879,406,473,248,95,153,153,84,69,10,7,3,237,112,125,5,1,4,1,1,0,58,32,26,167,74,93
13094,C4920,23,423,District-Shivpuri,Total,90+,270,107,163,69,32,37,47,19,28,4,0,4,61,20,41,5,5,0,0,0,0,23,9,14,61,22,39
13095,C4920,23,423,District-Shivpuri,Total,Age Not Stated,61,37,24,5,2,3,20,12,8,3,0,3,9,8,1,1,1,0,0,0,0,20,12,8,3,2,1
13096,C4920,23,423,District-Shivpuri,Rural,Total,27493,16262,11231,5519,2940,2579,4954,2844,2110,1137,706,431,7044,4604,2440,869,527,342,481,283,198,5681,3309,2372,1808,1049,759
13097,C4920,23,423,District-Shivpuri,Rural,0-4,1558,807,751,276,143,133,353,179,174,27,19,8,160,89,71,35,20,15,9,6,3,627,313,314,71,38,33
13098,C4920,23,423,District-Shivpuri,Rural,5-9,2460,1361,1099,478,244,234,438,245,193,165,101,64,348,216,132,89,47,42,39,19,20,702,364,338,201,125,76
13099,C4920,23,423,District-Shivpuri,Rural,10-19,5137,3103,2034,922,532,390,831,491,340,308,192,116,1122,737,385,273,155,118,95,65,30,1254,706,548,332,225,107
13100,C4920,23,423,District-Shivpuri,Rural,20-29,4174,2822,1352,592,376,216,696,425,271,196,123,73,1395,1054,341,159,114,45,79,54,25,862,547,315,195,129,66
13101,C4920,23,423,District-Shivpuri,Rural,30-39,3482,2231,1251,522,307,215,621,382,239,164,109,55,1142,761,381,119,77,42,90,55,35,694,449,245,130,91,39
13102,C4920,23,423,District-Shivpuri,Rural,40-49,2618,1711,907,478,296,182,480,302,178,103,58,45,753,553,200,91,55,36,71,36,35,535,336,199,107,75,32
13103,C4920,23,423,District-Shivpuri,Rural,50-59,2185,1340,845,484,269,215,404,234,170,61,37,24,609,410,199,46,25,21,52,28,24,423,265,158,106,72,34
13104,C4920,23,423,District-Shivpuri,Rural,60-69,2705,1376,1329,812,358,454,523,268,255,66,41,25,725,404,321,34,22,12,33,15,18,305,178,127,207,90,117
13105,C4920,23,423,District-Shivpuri,Rural,70-79,2129,1040,1089,664,299,365,423,221,202,34,20,14,531,265,266,15,7,8,12,4,8,190,107,83,260,117,143
13106,C4920,23,423,District-Shivpuri,Rural,80-89,755,341,414,222,84,138,131,69,62,8,6,2,199,92,107,4,1,3,1,1,0,47,23,24,143,65,78
13107,C4920,23,423,District-Shivpuri,Rural,90+,234,94,140,64,30,34,36,16,20,2,0,2,52,16,36,3,3,0,0,0,0,23,9,14,54,20,34
13108,C4920,23,423,District-Shivpuri,Rural,Age Not Stated,56,36,20,5,2,3,18,12,6,3,0,3,8,7,1,1,1,0,0,0,0,19,12,7,2,2,0
13109,C4920,23,423,District-Shivpuri,Urban,Total,5450,3204,2246,710,387,323,1004,485,519,287,186,101,1464,966,498,239,144,95,123,93,30,1100,643,457,523,300,223
13110,C4920,23,423,District-Shivpuri,Urban,0-4,257,129,128,51,28,23,65,31,34,6,3,3,28,14,14,6,3,3,5,4,1,77,39,38,19,7,12
13111,C4920,23,423,District-Shivpuri,Urban,5-9,446,264,182,50,27,23,91,50,41,42,30,12,73,50,23,21,8,13,9,6,3,95,55,40,65,38,27
13112,C4920,23,423,District-Shivpuri,Urban,10-19,1070,608,462,127,72,55,215,96,119,67,46,21,200,122,78,64,39,25,21,16,5,243,135,108,133,82,51
13113,C4920,23,423,District-Shivpuri,Urban,20-29,948,565,383,89,51,38,163,70,93,57,39,18,305,194,111,48,31,17,27,22,5,195,117,78,64,41,23
13114,C4920,23,423,District-Shivpuri,Urban,30-39,734,462,272,79,49,30,142,62,80,37,17,20,224,165,59,40,28,12,25,22,3,150,94,56,37,25,12
13115,C4920,23,423,District-Shivpuri,Urban,40-49,688,434,254,76,52,24,108,55,53,41,28,13,199,144,55,32,22,10,24,15,9,160,88,72,48,30,18
13116,C4920,23,423,District-Shivpuri,Urban,50-59,435,276,159,48,26,22,63,40,23,18,12,6,151,103,48,13,6,7,8,6,2,87,58,29,47,25,22
13117,C4920,23,423,District-Shivpuri,Urban,60-69,416,238,178,90,44,46,57,25,32,12,8,4,146,96,50,7,2,5,2,0,2,58,35,23,44,28,16
13118,C4920,23,423,District-Shivpuri,Urban,70-79,291,149,142,69,25,44,65,38,27,3,2,1,90,53,37,5,3,2,2,2,0,23,13,10,34,13,21
13119,C4920,23,423,District-Shivpuri,Urban,80-89,124,65,59,26,11,15,22,15,7,2,1,1,38,20,18,1,0,1,0,0,0,11,9,2,24,9,15
13120,C4920,23,423,District-Shivpuri,Urban,90+,36,13,23,5,2,3,11,3,8,2,0,2,9,4,5,2,2,0,0,0,0,0,0,0,7,2,5
13121,C4920,23,423,District-Shivpuri,Urban,Age Not Stated,5,1,4,0,0,0,2,0,2,0,0,0,1,1,0,0,0,0,0,0,0,1,0,1,1,0,1
13122,C4920,23,424,District-Tikamgarh,Total,Total,24997,14572,10425,4395,2329,2066,4100,2178,1922,1139,677,462,7278,4674,2604,911,549,362,506,311,195,5031,2945,2086,1637,909,728
13123,C4920,23,424,District-Tikamgarh,Total,0-4,1245,634,611,232,108,124,264,128,136,26,13,13,156,81,75,33,19,14,5,3,2,466,245,221,63,37,26
13124,C4920,23,424,District-Tikamgarh,Total,5-9,1858,1028,830,313,159,154,363,184,179,161,93,68,292,179,113,94,55,39,20,15,5,460,241,219,155,102,53
13125,C4920,23,424,District-Tikamgarh,Total,10-19,4410,2596,1814,682,367,315,769,411,358,322,202,120,1072,710,362,245,136,109,84,46,38,942,537,405,294,187,107
13126,C4920,23,424,District-Tikamgarh,Total,20-29,4147,2662,1485,464,278,186,578,331,247,197,120,77,1586,1105,481,169,114,55,110,75,35,846,513,333,197,126,71
13127,C4920,23,424,District-Tikamgarh,Total,30-39,3379,2129,1250,407,256,151,513,272,241,151,87,64,1205,804,401,152,95,57,99,63,36,731,461,270,121,91,30
13128,C4920,23,424,District-Tikamgarh,Total,40-49,2598,1632,966,412,240,172,415,234,181,112,64,48,790,543,247,109,70,39,96,63,33,577,357,220,87,61,26
13129,C4920,23,424,District-Tikamgarh,Total,50-59,1886,1143,743,378,209,169,322,181,141,71,44,27,561,370,191,54,27,27,52,32,20,382,240,142,66,40,26
13130,C4920,23,424,District-Tikamgarh,Total,60-69,2443,1308,1135,643,324,319,390,197,193,59,28,31,749,448,301,41,25,16,28,10,18,361,205,156,172,71,101
13131,C4920,23,424,District-Tikamgarh,Total,70-79,1937,942,995,575,269,306,329,162,167,27,17,10,558,289,269,10,6,4,10,2,8,177,99,78,251,98,153
13132,C4920,23,424,District-Tikamgarh,Total,80-89,798,360,438,223,88,135,117,58,59,8,6,2,233,114,119,1,1,0,1,1,0,63,31,32,152,61,91
13133,C4920,23,424,District-Tikamgarh,Total,90+,275,125,150,62,29,33,37,18,19,4,2,2,74,29,45,2,1,1,0,0,0,17,11,6,79,35,44
13134,C4920,23,424,District-Tikamgarh,Total,Age Not Stated,21,13,8,4,2,2,3,2,1,1,1,0,2,2,0,1,0,1,1,1,0,9,5,4,0,0,0
13135,C4920,23,424,District-Tikamgarh,Rural,Total,20084,11719,8365,3551,1923,1628,3345,1735,1610,921,551,370,5795,3722,2073,696,418,278,382,244,138,4120,2426,1694,1274,700,574
13136,C4920,23,424,District-Tikamgarh,Rural,0-4,1013,516,497,180,84,96,225,107,118,20,10,10,131,69,62,29,17,12,3,2,1,375,199,176,50,28,22
13137,C4920,23,424,District-Tikamgarh,Rural,5-9,1552,856,696,246,131,115,311,155,156,133,79,54,252,151,101,79,44,35,12,9,3,386,199,187,133,88,45
13138,C4920,23,424,District-Tikamgarh,Rural,10-19,3593,2133,1460,542,306,236,623,328,295,265,169,96,891,591,300,199,108,91,63,37,26,779,452,327,231,142,89
13139,C4920,23,424,District-Tikamgarh,Rural,20-29,3265,2103,1162,358,225,133,464,254,210,157,95,62,1250,876,374,124,84,40,81,56,25,674,413,261,157,100,57
13140,C4920,23,424,District-Tikamgarh,Rural,30-39,2680,1702,978,325,212,113,400,206,194,127,74,53,951,634,317,112,75,37,78,54,24,593,373,220,94,74,20
13141,C4920,23,424,District-Tikamgarh,Rural,40-49,2018,1265,753,332,199,133,328,182,146,81,47,34,606,411,195,73,48,25,71,47,24,463,288,175,64,43,21
13142,C4920,23,424,District-Tikamgarh,Rural,50-59,1527,912,615,312,164,148,278,156,122,57,34,23,436,284,152,37,18,19,43,28,15,315,198,117,49,30,19
13143,C4920,23,424,District-Tikamgarh,Rural,60-69,1971,1053,918,527,271,256,323,159,164,51,23,28,576,341,235,31,17,14,24,9,15,303,178,125,136,55,81
13144,C4920,23,424,District-Tikamgarh,Rural,70-79,1599,775,824,480,226,254,265,125,140,20,13,7,471,251,220,8,5,3,6,1,5,161,87,74,188,67,121
13145,C4920,23,424,District-Tikamgarh,Rural,80-89,636,289,347,196,77,119,96,47,49,7,5,2,177,88,89,1,1,0,0,0,0,50,27,23,109,44,65
13146,C4920,23,424,District-Tikamgarh,Rural,90+,212,103,109,50,26,24,30,15,15,2,1,1,52,24,28,2,1,1,0,0,0,13,7,6,63,29,34
13147,C4920,23,424,District-Tikamgarh,Rural,Age Not Stated,18,12,6,3,2,1,2,1,1,1,1,0,2,2,0,1,0,1,1,1,0,8,5,3,0,0,0
13148,C4920,23,424,District-Tikamgarh,Urban,Total,4913,2853,2060,844,406,438,755,443,312,218,126,92,1483,952,531,215,131,84,124,67,57,911,519,392,363,209,154
13149,C4920,23,424,District-Tikamgarh,Urban,0-4,232,118,114,52,24,28,39,21,18,6,3,3,25,12,13,4,2,2,2,1,1,91,46,45,13,9,4
13150,C4920,23,424,District-Tikamgarh,Urban,5-9,306,172,134,67,28,39,52,29,23,28,14,14,40,28,12,15,11,4,8,6,2,74,42,32,22,14,8
13151,C4920,23,424,District-Tikamgarh,Urban,10-19,817,463,354,140,61,79,146,83,63,57,33,24,181,119,62,46,28,18,21,9,12,163,85,78,63,45,18
13152,C4920,23,424,District-Tikamgarh,Urban,20-29,882,559,323,106,53,53,114,77,37,40,25,15,336,229,107,45,30,15,29,19,10,172,100,72,40,26,14
13153,C4920,23,424,District-Tikamgarh,Urban,30-39,699,427,272,82,44,38,113,66,47,24,13,11,254,170,84,40,20,20,21,9,12,138,88,50,27,17,10
13154,C4920,23,424,District-Tikamgarh,Urban,40-49,580,367,213,80,41,39,87,52,35,31,17,14,184,132,52,36,22,14,25,16,9,114,69,45,23,18,5
13155,C4920,23,424,District-Tikamgarh,Urban,50-59,359,231,128,66,45,21,44,25,19,14,10,4,125,86,39,17,9,8,9,4,5,67,42,25,17,10,7
13156,C4920,23,424,District-Tikamgarh,Urban,60-69,472,255,217,116,53,63,67,38,29,8,5,3,173,107,66,10,8,2,4,1,3,58,27,31,36,16,20
13157,C4920,23,424,District-Tikamgarh,Urban,70-79,338,167,171,95,43,52,64,37,27,7,4,3,87,38,49,2,1,1,4,1,3,16,12,4,63,31,32
13158,C4920,23,424,District-Tikamgarh,Urban,80-89,162,71,91,27,11,16,21,11,10,1,1,0,56,26,30,0,0,0,1,1,0,13,4,9,43,17,26
13159,C4920,23,424,District-Tikamgarh,Urban,90+,63,22,41,12,3,9,7,3,4,2,1,1,22,5,17,0,0,0,0,0,0,4,4,0,16,6,10
13160,C4920,23,424,District-Tikamgarh,Urban,Age Not Stated,3,1,2,1,0,1,1,1,0,0,0,0,0,0,0,0,0,0,0,0,0,1,0,1,0,0,0
13161,C4920,23,425,District-Chhatarpur,Total,Total,39853,23303,16550,6767,3732,3035,5769,3136,2633,1825,1089,736,11178,7135,4043,1713,1077,636,995,612,383,8045,4577,3468,3561,1945,1616
13162,C4920,23,425,District-Chhatarpur,Total,0-4,1897,995,902,248,139,109,340,168,172,48,31,17,215,117,98,39,25,14,8,4,4,898,452,446,101,59,42
13163,C4920,23,425,District-Chhatarpur,Total,5-9,3060,1682,1378,379,193,186,441,226,215,281,161,120,467,297,170,159,102,57,41,21,20,1033,520,513,259,162,97
13164,C4920,23,425,District-Chhatarpur,Total,10-19,7188,4306,2882,961,548,413,946,513,433,531,312,219,1706,1119,587,457,276,181,204,119,85,1809,1045,764,574,374,200
13165,C4920,23,425,District-Chhatarpur,Total,20-29,6145,4056,2089,613,407,206,783,462,321,316,202,114,2291,1623,668,314,212,102,186,130,56,1263,762,501,379,258,121
13166,C4920,23,425,District-Chhatarpur,Total,30-39,4633,2921,1712,544,349,195,679,389,290,227,139,88,1536,1017,519,280,185,95,198,134,64,932,567,365,237,141,96
13167,C4920,23,425,District-Chhatarpur,Total,40-49,3586,2255,1331,569,343,226,561,330,231,166,103,63,1011,674,337,219,142,77,173,114,59,696,437,259,191,112,79
13168,C4920,23,425,District-Chhatarpur,Total,50-59,2984,1796,1188,659,403,256,487,256,231,96,51,45,914,591,323,120,69,51,78,44,34,475,287,188,155,95,60
13169,C4920,23,425,District-Chhatarpur,Total,60-69,4288,2207,2081,1191,552,639,614,311,303,100,53,47,1334,770,564,76,39,37,62,26,36,456,250,206,455,206,249
13170,C4920,23,425,District-Chhatarpur,Total,70-79,3858,1952,1906,1079,526,553,603,307,296,46,28,18,1093,601,492,35,19,16,35,15,20,325,171,154,642,285,357
13171,C4920,23,425,District-Chhatarpur,Total,80-89,1645,861,784,413,217,196,240,135,105,9,6,3,485,260,225,4,2,2,9,4,5,86,55,31,399,182,217
13172,C4920,23,425,District-Chhatarpur,Total,90+,473,226,247,93,48,45,62,33,29,2,1,1,121,62,59,5,3,2,1,1,0,23,10,13,166,68,98
13173,C4920,23,425,District-Chhatarpur,Total,Age Not Stated,96,46,50,18,7,11,13,6,7,3,2,1,5,4,1,5,3,2,0,0,0,49,21,28,3,3,0
13174,C4920,23,425,District-Chhatarpur,Rural,Total,30740,17949,12791,5460,2992,2468,4469,2391,2078,1378,849,529,8664,5526,3138,1270,796,474,661,418,243,5852,3367,2485,2986,1610,1376
13175,C4920,23,425,District-Chhatarpur,Rural,0-4,1436,749,687,195,111,84,272,126,146,37,26,11,178,95,83,30,20,10,7,3,4,634,320,314,83,48,35
13176,C4920,23,425,District-Chhatarpur,Rural,5-9,2366,1288,1078,296,144,152,346,177,169,228,130,98,366,230,136,128,83,45,33,16,17,755,374,381,214,134,80
13177,C4920,23,425,District-Chhatarpur,Rural,10-19,5472,3325,2147,749,432,317,704,385,319,400,247,153,1349,900,449,357,212,145,153,89,64,1312,769,543,448,291,157
13178,C4920,23,425,District-Chhatarpur,Rural,20-29,4476,3019,1457,472,322,150,576,346,230,226,148,78,1725,1226,499,213,144,69,128,95,33,850,539,311,286,199,87
13179,C4920,23,425,District-Chhatarpur,Rural,30-39,3400,2130,1270,403,252,151,496,269,227,167,106,61,1134,749,385,206,137,69,131,91,40,664,409,255,199,117,82
13180,C4920,23,425,District-Chhatarpur,Rural,40-49,2639,1663,976,402,247,155,418,237,181,126,79,47,744,496,248,148,99,49,112,81,31,529,336,193,160,88,72
13181,C4920,23,425,District-Chhatarpur,Rural,50-59,2285,1337,948,522,300,222,382,196,186,67,40,27,692,449,243,92,52,40,47,25,22,353,199,154,130,76,54
13182,C4920,23,425,District-Chhatarpur,Rural,60-69,3578,1822,1756,1028,473,555,517,252,265,79,42,37,1083,621,462,59,30,29,29,10,19,377,214,163,406,180,226
13183,C4920,23,425,District-Chhatarpur,Rural,70-79,3256,1655,1601,947,470,477,502,261,241,36,23,13,890,482,408,25,13,12,17,6,11,263,143,120,576,257,319
13184,C4920,23,425,District-Chhatarpur,Rural,80-89,1394,739,655,358,193,165,198,111,87,8,5,3,412,226,186,3,1,2,4,2,2,68,45,23,343,156,187
13185,C4920,23,425,District-Chhatarpur,Rural,90+,374,193,181,77,43,34,47,27,20,2,1,1,87,49,38,5,3,2,0,0,0,17,8,9,139,62,77
13186,C4920,23,425,District-Chhatarpur,Rural,Age Not Stated,64,29,35,11,5,6,11,4,7,2,2,0,4,3,1,4,2,2,0,0,0,30,11,19,2,2,0
13187,C4920,23,425,District-Chhatarpur,Urban,Total,9113,5354,3759,1307,740,567,1300,745,555,447,240,207,2514,1609,905,443,281,162,334,194,140,2193,1210,983,575,335,240
13188,C4920,23,425,District-Chhatarpur,Urban,0-4,461,246,215,53,28,25,68,42,26,11,5,6,37,22,15,9,5,4,1,1,0,264,132,132,18,11,7
13189,C4920,23,425,District-Chhatarpur,Urban,5-9,694,394,300,83,49,34,95,49,46,53,31,22,101,67,34,31,19,12,8,5,3,278,146,132,45,28,17
13190,C4920,23,425,District-Chhatarpur,Urban,10-19,1716,981,735,212,116,96,242,128,114,131,65,66,357,219,138,100,64,36,51,30,21,497,276,221,126,83,43
13191,C4920,23,425,District-Chhatarpur,Urban,20-29,1669,1037,632,141,85,56,207,116,91,90,54,36,566,397,169,101,68,33,58,35,23,413,223,190,93,59,34
13192,C4920,23,425,District-Chhatarpur,Urban,30-39,1233,791,442,141,97,44,183,120,63,60,33,27,402,268,134,74,48,26,67,43,24,268,158,110,38,24,14
13193,C4920,23,425,District-Chhatarpur,Urban,40-49,947,592,355,167,96,71,143,93,50,40,24,16,267,178,89,71,43,28,61,33,28,167,101,66,31,24,7
13194,C4920,23,425,District-Chhatarpur,Urban,50-59,699,459,240,137,103,34,105,60,45,29,11,18,222,142,80,28,17,11,31,19,12,122,88,34,25,19,6
13195,C4920,23,425,District-Chhatarpur,Urban,60-69,710,385,325,163,79,84,97,59,38,21,11,10,251,149,102,17,9,8,33,16,17,79,36,43,49,26,23
13196,C4920,23,425,District-Chhatarpur,Urban,70-79,602,297,305,132,56,76,101,46,55,10,5,5,203,119,84,10,6,4,18,9,9,62,28,34,66,28,38
13197,C4920,23,425,District-Chhatarpur,Urban,80-89,251,122,129,55,24,31,42,24,18,1,1,0,73,34,39,1,1,0,5,2,3,18,10,8,56,26,30
13198,C4920,23,425,District-Chhatarpur,Urban,90+,99,33,66,16,5,11,15,6,9,0,0,0,34,13,21,0,0,0,1,1,0,6,2,4,27,6,21
13199,C4920,23,425,District-Chhatarpur,Urban,Age Not Stated,32,17,15,7,2,5,2,2,0,1,0,1,1,1,0,1,1,0,0,0,0,19,10,9,1,1,0
13200,C4920,23,426,District-Panna,Total,Total,18889,10985,7904,3630,1914,1716,2725,1515,1210,839,494,345,5202,3304,1898,887,568,319,456,306,150,3416,1934,1482,1734,950,784
13201,C4920,23,426,District-Panna,Total,0-4,978,540,438,203,98,105,195,97,98,14,10,4,144,100,44,28,18,10,3,0,3,336,181,155,55,36,19
13202,C4920,23,426,District-Panna,Total,5-9,1625,910,715,276,151,125,232,115,117,134,79,55,264,160,104,86,55,31,36,21,15,430,229,201,167,100,67
13203,C4920,23,426,District-Panna,Total,10-19,3709,2172,1537,642,361,281,500,280,220,242,147,95,840,552,288,247,145,102,84,48,36,788,421,367,366,218,148
13204,C4920,23,426,District-Panna,Total,20-29,2741,1779,962,394,233,161,358,218,140,160,92,68,903,641,262,162,109,53,84,68,16,511,317,194,169,101,68
13205,C4920,23,426,District-Panna,Total,30-39,2224,1430,794,344,211,133,343,203,140,106,62,44,673,458,215,145,100,45,103,76,27,385,236,149,125,84,41
13206,C4920,23,426,District-Panna,Total,40-49,1710,1061,649,287,161,126,244,150,94,59,33,26,529,349,180,110,75,35,66,46,20,324,191,133,91,56,35
13207,C4920,23,426,District-Panna,Total,50-59,1380,802,578,310,164,146,195,110,85,44,27,17,433,270,163,54,31,23,41,21,20,225,138,87,78,41,37
13208,C4920,23,426,District-Panna,Total,60-69,1958,1031,927,525,250,275,287,151,136,45,29,16,625,340,285,38,25,13,27,18,9,222,128,94,189,90,99
13209,C4920,23,426,District-Panna,Total,70-79,1655,811,844,447,188,259,248,123,125,26,11,15,535,297,238,14,7,7,11,7,4,130,66,64,244,112,132
13210,C4920,23,426,District-Panna,Total,80-89,680,332,348,155,76,79,99,52,47,7,3,4,201,109,92,2,2,0,0,0,0,31,11,20,185,79,106
13211,C4920,23,426,District-Panna,Total,90+,198,101,97,45,21,24,23,15,8,1,1,0,52,27,25,0,0,0,0,0,0,13,4,9,64,33,31
13212,C4920,23,426,District-Panna,Total,Age Not Stated,31,16,15,2,0,2,1,1,0,1,0,1,3,1,2,1,1,0,1,1,0,21,12,9,1,0,1
13213,C4920,23,426,District-Panna,Rural,Total,16730,9682,7048,3328,1747,1581,2395,1345,1050,742,432,310,4564,2882,1682,762,484,278,379,253,126,3012,1709,1303,1548,830,718
13214,C4920,23,426,District-Panna,Rural,0-4,874,484,390,184,88,96,172,87,85,13,9,4,128,87,41,24,14,10,2,0,2,305,169,136,46,30,16
13215,C4920,23,426,District-Panna,Rural,5-9,1471,825,646,258,144,114,201,102,99,122,74,48,249,150,99,78,51,27,29,18,11,395,207,188,139,79,60
13216,C4920,23,426,District-Panna,Rural,10-19,3259,1903,1356,579,322,257,443,252,191,217,130,87,738,491,247,215,125,90,73,39,34,688,373,315,306,171,135
13217,C4920,23,426,District-Panna,Rural,20-29,2366,1548,818,361,213,148,304,189,115,139,79,60,769,547,222,138,92,46,66,54,12,441,284,157,148,90,58
13218,C4920,23,426,District-Panna,Rural,30-39,1922,1226,696,303,186,117,300,179,121,97,57,40,575,386,189,129,89,40,87,63,24,325,195,130,106,71,35
13219,C4920,23,426,District-Panna,Rural,40-49,1479,909,570,265,146,119,205,128,77,51,26,25,442,286,156,92,63,29,55,40,15,284,166,118,85,54,31
13220,C4920,23,426,District-Panna,Rural,50-59,1225,703,522,288,153,135,177,102,75,36,22,14,384,232,152,45,26,19,35,17,18,193,117,76,67,34,33
13221,C4920,23,426,District-Panna,Rural,60-69,1775,924,851,488,230,258,254,135,119,39,24,15,568,304,264,29,18,11,21,15,6,200,114,86,176,84,92
13222,C4920,23,426,District-Panna,Rural,70-79,1522,744,778,416,174,242,222,107,115,23,10,13,486,275,211,9,3,6,10,6,4,118,59,59,238,110,128
13223,C4920,23,426,District-Panna,Rural,80-89,629,309,320,143,73,70,93,48,45,3,0,3,179,99,80,2,2,0,0,0,0,31,11,20,178,76,102
13224,C4920,23,426,District-Panna,Rural,90+,178,92,86,41,18,23,23,15,8,1,1,0,43,24,19,0,0,0,0,0,0,12,3,9,58,31,27
13225,C4920,23,426,District-Panna,Rural,Age Not Stated,30,15,15,2,0,2,1,1,0,1,0,1,3,1,2,1,1,0,1,1,0,20,11,9,1,0,1
13226,C4920,23,426,District-Panna,Urban,Total,2159,1303,856,302,167,135,330,170,160,97,62,35,638,422,216,125,84,41,77,53,24,404,225,179,186,120,66
13227,C4920,23,426,District-Panna,Urban,0-4,104,56,48,19,10,9,23,10,13,1,1,0,16,13,3,4,4,0,1,0,1,31,12,19,9,6,3
13228,C4920,23,426,District-Panna,Urban,5-9,154,85,69,18,7,11,31,13,18,12,5,7,15,10,5,8,4,4,7,3,4,35,22,13,28,21,7
13229,C4920,23,426,District-Panna,Urban,10-19,450,269,181,63,39,24,57,28,29,25,17,8,102,61,41,32,20,12,11,9,2,100,48,52,60,47,13
13230,C4920,23,426,District-Panna,Urban,20-29,375,231,144,33,20,13,54,29,25,21,13,8,134,94,40,24,17,7,18,14,4,70,33,37,21,11,10
13231,C4920,23,426,District-Panna,Urban,30-39,302,204,98,41,25,16,43,24,19,9,5,4,98,72,26,16,11,5,16,13,3,60,41,19,19,13,6
13232,C4920,23,426,District-Panna,Urban,40-49,231,152,79,22,15,7,39,22,17,8,7,1,87,63,24,18,12,6,11,6,5,40,25,15,6,2,4
13233,C4920,23,426,District-Panna,Urban,50-59,155,99,56,22,11,11,18,8,10,8,5,3,49,38,11,9,5,4,6,4,2,32,21,11,11,7,4
13234,C4920,23,426,District-Panna,Urban,60-69,183,107,76,37,20,17,33,16,17,6,5,1,57,36,21,9,7,2,6,3,3,22,14,8,13,6,7
13235,C4920,23,426,District-Panna,Urban,70-79,133,67,66,31,14,17,26,16,10,3,1,2,49,22,27,5,4,1,1,1,0,12,7,5,6,2,4
13236,C4920,23,426,District-Panna,Urban,80-89,51,23,28,12,3,9,6,4,2,4,3,1,22,10,12,0,0,0,0,0,0,0,0,0,7,3,4
13237,C4920,23,426,District-Panna,Urban,90+,20,9,11,4,3,1,0,0,0,0,0,0,9,3,6,0,0,0,0,0,0,1,1,0,6,2,4
13238,C4920,23,426,District-Panna,Urban,Age Not Stated,1,1,0,0,0,0,0,0,0,0,0,0,0,0,0,0,0,0,0,0,0,1,1,0,0,0,0
13239,C4920,23,427,District-Sagar,Total,Total,52576,30752,21824,9342,5055,4287,8610,4704,3906,2400,1456,944,13676,8672,5004,2441,1510,931,1444,922,522,10141,5863,4278,4522,2570,1952
13240,C4920,23,427,District-Sagar,Total,0-4,2757,1466,1291,532,257,275,557,273,284,56,33,23,396,227,169,73,35,38,23,14,9,903,486,417,217,141,76
13241,C4920,23,427,District-Sagar,Total,5-9,4194,2319,1875,717,373,344,697,360,337,370,211,159,635,391,244,228,136,92,71,43,28,977,525,452,499,280,219
13242,C4920,23,427,District-Sagar,Total,10-19,9901,5828,4073,1762,992,770,1625,864,761,672,416,256,1904,1223,681,687,416,271,264,158,106,2018,1135,883,969,624,345
13243,C4920,23,427,District-Sagar,Total,20-29,8182,5237,2945,1115,708,407,1238,714,524,410,265,145,2354,1620,734,472,304,168,299,196,103,1692,1032,660,602,398,204
13244,C4920,23,427,District-Sagar,Total,30-39,6782,4306,2476,895,537,358,1084,642,442,313,183,130,2009,1387,622,413,266,147,304,209,95,1403,863,540,361,219,142
13245,C4920,23,427,District-Sagar,Total,40-49,5495,3564,1931,834,536,298,925,544,381,233,133,100,1562,1098,464,284,187,97,250,165,85,1128,714,414,279,187,92
13246,C4920,23,427,District-Sagar,Total,50-59,4183,2610,1573,787,449,338,672,409,263,148,93,55,1299,859,440,155,96,59,119,74,45,753,468,285,250,162,88
13247,C4920,23,427,District-Sagar,Total,60-69,5207,2734,2473,1274,630,644,814,416,398,118,78,40,1664,949,715,86,46,40,76,35,41,744,374,370,431,206,225
13248,C4920,23,427,District-Sagar,Total,70-79,3737,1789,1948,943,388,555,640,318,322,53,32,21,1190,627,563,27,17,10,31,22,9,342,183,159,511,202,309
13249,C4920,23,427,District-Sagar,Total,80-89,1562,662,900,365,141,224,264,117,147,17,7,10,512,231,281,7,3,4,6,5,1,119,51,68,272,107,165
13250,C4920,23,427,District-Sagar,Total,90+,502,189,313,110,38,72,81,37,44,9,4,5,140,55,85,3,1,2,1,1,0,31,12,19,127,41,86
13251,C4920,23,427,District-Sagar,Total,Age Not Stated,74,48,26,8,6,2,13,10,3,1,1,0,11,5,6,6,3,3,0,0,0,31,20,11,4,3,1
13252,C4920,23,427,District-Sagar,Rural,Total,38319,22294,16025,7124,3832,3292,6161,3276,2885,1695,1033,662,10221,6462,3759,1606,1005,601,1017,650,367,6986,4092,2894,3509,1944,1565
13253,C4920,23,427,District-Sagar,Rural,0-4,1969,1043,926,389,182,207,416,198,218,33,25,8,313,179,134,32,19,13,17,9,8,604,326,278,165,105,60
13254,C4920,23,427,District-Sagar,Rural,5-9,3181,1745,1436,577,293,284,524,264,260,288,168,120,506,306,200,162,99,63,56,34,22,691,370,321,377,211,166
13255,C4920,23,427,District-Sagar,Rural,10-19,7238,4238,3000,1338,742,596,1137,600,537,496,308,188,1485,949,536,490,300,190,186,105,81,1385,777,608,721,457,264
13256,C4920,23,427,District-Sagar,Rural,20-29,5680,3710,1970,785,520,265,836,469,367,277,173,104,1728,1213,515,306,195,111,206,144,62,1100,707,393,442,289,153
13257,C4920,23,427,District-Sagar,Rural,30-39,4732,3005,1727,608,356,252,741,431,310,219,129,90,1447,988,459,253,166,87,221,155,66,960,609,351,283,171,112
13258,C4920,23,427,District-Sagar,Rural,40-49,3854,2500,1354,605,393,212,627,345,282,158,91,67,1123,795,328,180,119,61,167,115,52,783,500,283,211,142,69
13259,C4920,23,427,District-Sagar,Rural,50-59,3004,1852,1152,581,335,246,483,288,195,95,60,35,943,609,334,100,61,39,81,45,36,526,330,196,195,124,71
13260,C4920,23,427,District-Sagar,Rural,60-69,4033,2095,1938,1050,527,523,623,308,315,79,53,26,1262,715,547,57,32,25,55,24,31,557,279,278,350,157,193
13261,C4920,23,427,District-Sagar,Rural,70-79,2929,1391,1538,774,325,449,481,243,238,32,19,13,915,480,435,15,10,5,23,15,8,255,136,119,434,163,271
13262,C4920,23,427,District-Sagar,Rural,80-89,1247,530,717,318,123,195,215,92,123,10,3,7,385,182,203,5,2,3,5,4,1,83,36,47,226,88,138
13263,C4920,23,427,District-Sagar,Rural,90+,409,155,254,93,31,62,74,35,39,8,4,4,105,41,64,2,0,2,0,0,0,24,9,15,103,35,68
13264,C4920,23,427,District-Sagar,Rural,Age Not Stated,43,30,13,6,5,1,4,3,1,0,0,0,9,5,4,4,2,2,0,0,0,18,13,5,2,2,0
13265,C4920,23,427,District-Sagar,Urban,Total,14257,8458,5799,2218,1223,995,2449,1428,1021,705,423,282,3455,2210,1245,835,505,330,427,272,155,3155,1771,1384,1013,626,387
13266,C4920,23,427,District-Sagar,Urban,0-4,788,423,365,143,75,68,141,75,66,23,8,15,83,48,35,41,16,25,6,5,1,299,160,139,52,36,16
13267,C4920,23,427,District-Sagar,Urban,5-9,1013,574,439,140,80,60,173,96,77,82,43,39,129,85,44,66,37,29,15,9,6,286,155,131,122,69,53
13268,C4920,23,427,District-Sagar,Urban,10-19,2663,1590,1073,424,250,174,488,264,224,176,108,68,419,274,145,197,116,81,78,53,25,633,358,275,248,167,81
13269,C4920,23,427,District-Sagar,Urban,20-29,2502,1527,975,330,188,142,402,245,157,133,92,41,626,407,219,166,109,57,93,52,41,592,325,267,160,109,51
13270,C4920,23,427,District-Sagar,Urban,30-39,2050,1301,749,287,181,106,343,211,132,94,54,40,562,399,163,160,100,60,83,54,29,443,254,189,78,48,30
13271,C4920,23,427,District-Sagar,Urban,40-49,1641,1064,577,229,143,86,298,199,99,75,42,33,439,303,136,104,68,36,83,50,33,345,214,131,68,45,23
13272,C4920,23,427,District-Sagar,Urban,50-59,1179,758,421,206,114,92,189,121,68,53,33,20,356,250,106,55,35,20,38,29,9,227,138,89,55,38,17
13273,C4920,23,427,District-Sagar,Urban,60-69,1174,639,535,224,103,121,191,108,83,39,25,14,402,234,168,29,14,15,21,11,10,187,95,92,81,49,32
13274,C4920,23,427,District-Sagar,Urban,70-79,808,398,410,169,63,106,159,75,84,21,13,8,275,147,128,12,7,5,8,7,1,87,47,40,77,39,38
13275,C4920,23,427,District-Sagar,Urban,80-89,315,132,183,47,18,29,49,25,24,7,4,3,127,49,78,2,1,1,1,1,0,36,15,21,46,19,27
13276,C4920,23,427,District-Sagar,Urban,90+,93,34,59,17,7,10,7,2,5,1,0,1,35,14,21,1,1,0,1,1,0,7,3,4,24,6,18
13277,C4920,23,427,District-Sagar,Urban,Age Not Stated,31,18,13,2,1,1,9,7,2,1,1,0,2,0,2,2,1,1,0,0,0,13,7,6,2,1,1
13278,C4920,23,428,District-Damoh,Total,Total,27995,16230,11765,5054,2713,2341,4295,2289,2006,1237,741,496,7558,4727,2831,1403,847,556,643,420,223,5309,3129,2180,2496,1364,1132
13279,C4920,23,428,District-Damoh,Total,0-4,1312,699,613,279,146,133,277,136,141,23,12,11,210,120,90,35,18,17,8,3,5,399,220,179,81,44,37
13280,C4920,23,428,District-Damoh,Total,5-9,1959,1112,847,348,186,162,338,173,165,170,101,69,322,206,116,113,63,50,22,13,9,415,228,187,231,142,89
13281,C4920,23,428,District-Damoh,Total,10-19,5092,3045,2047,891,497,394,767,412,355,337,194,143,1127,769,358,357,216,141,98,61,37,1026,577,449,489,319,170
13282,C4920,23,428,District-Damoh,Total,20-29,4372,2892,1480,526,342,184,590,352,238,245,152,93,1405,986,419,282,180,102,135,95,40,892,584,308,297,201,96
13283,C4920,23,428,District-Damoh,Total,30-39,3620,2250,1370,485,284,201,540,309,231,172,104,68,1053,689,364,262,167,95,140,97,43,789,493,296,179,107,72
13284,C4920,23,428,District-Damoh,Total,40-49,3019,1887,1132,491,297,194,454,253,201,123,77,46,835,564,271,184,119,65,126,87,39,650,391,259,156,99,57
13285,C4920,23,428,District-Damoh,Total,50-59,2231,1383,848,442,254,188,356,206,150,73,50,23,682,452,230,92,51,41,57,36,21,405,250,155,124,84,40
13286,C4920,23,428,District-Damoh,Total,60-69,2985,1479,1506,752,354,398,445,215,230,57,29,28,921,476,445,53,23,30,38,18,20,421,223,198,298,141,157
13287,C4920,23,428,District-Damoh,Total,70-79,2231,1030,1201,575,248,327,363,161,202,27,15,12,656,328,328,19,7,12,13,9,4,222,128,94,356,134,222
13288,C4920,23,428,District-Damoh,Total,80-89,844,336,508,188,85,103,125,56,69,8,5,3,256,97,159,5,3,2,6,1,5,58,22,36,198,67,131
13289,C4920,23,428,District-Damoh,Total,90+,289,98,191,61,14,47,33,13,20,1,1,0,87,38,49,1,0,1,0,0,0,21,7,14,85,25,60
13290,C4920,23,428,District-Damoh,Total,Age Not Stated,41,19,22,16,6,10,7,3,4,1,1,0,4,2,2,0,0,0,0,0,0,11,6,5,2,1,1
13291,C4920,23,428,District-Damoh,Rural,Total,22140,12852,9288,4226,2310,1916,3190,1692,1498,958,587,371,6097,3774,2323,1031,616,415,467,308,159,4110,2456,1654,2061,1109,952
13292,C4920,23,428,District-Damoh,Rural,0-4,1060,561,499,234,124,110,212,102,110,18,10,8,184,105,79,28,12,16,6,2,4,312,171,141,66,35,31
13293,C4920,23,428,District-Damoh,Rural,5-9,1592,904,688,294,157,137,253,129,124,135,82,53,265,169,96,95,54,41,14,9,5,343,186,157,193,118,75
13294,C4920,23,428,District-Damoh,Rural,10-19,3976,2419,1557,715,416,299,545,302,243,277,163,114,932,637,295,269,160,109,74,44,30,806,462,344,358,235,123
13295,C4920,23,428,District-Damoh,Rural,20-29,3288,2218,1070,413,273,140,401,243,158,185,118,67,1091,771,320,207,138,69,99,76,23,668,450,218,224,149,75
13296,C4920,23,428,District-Damoh,Rural,30-39,2836,1780,1056,400,233,167,409,234,175,130,80,50,841,563,278,185,116,69,102,69,33,618,394,224,151,91,60
13297,C4920,23,428,District-Damoh,Rural,40-49,2287,1439,848,417,260,157,320,177,143,85,57,28,645,432,213,131,80,51,84,58,26,476,292,184,129,83,46
13298,C4920,23,428,District-Damoh,Rural,50-59,1716,1060,656,365,218,147,262,150,112,53,35,18,532,342,190,57,31,26,44,29,15,295,182,113,108,73,35
13299,C4920,23,428,District-Damoh,Rural,60-69,2485,1215,1270,659,318,341,362,166,196,44,24,20,752,366,386,39,19,20,29,14,15,333,186,147,267,122,145
13300,C4920,23,428,District-Damoh,Rural,70-79,1903,866,1037,499,220,279,295,126,169,23,13,10,567,277,290,15,4,11,10,6,4,182,102,80,312,118,194
13301,C4920,23,428,District-Damoh,Rural,80-89,732,292,440,169,75,94,104,51,53,6,3,3,214,78,136,4,2,2,5,1,4,52,20,32,178,62,116
13302,C4920,23,428,District-Damoh,Rural,90+,234,82,152,48,12,36,24,10,14,1,1,0,70,32,38,1,0,1,0,0,0,17,5,12,73,22,51
13303,C4920,23,428,District-Damoh,Rural,Age Not Stated,31,16,15,13,4,9,3,2,1,1,1,0,4,2,2,0,0,0,0,0,0,8,6,2,2,1,1
13304,C4920,23,428,District-Damoh,Urban,Total,5855,3378,2477,828,403,425,1105,597,508,279,154,125,1461,953,508,372,231,141,176,112,64,1199,673,526,435,255,180
13305,C4920,23,428,District-Damoh,Urban,0-4,252,138,114,45,22,23,65,34,31,5,2,3,26,15,11,7,6,1,2,1,1,87,49,38,15,9,6
13306,C4920,23,428,District-Damoh,Urban,5-9,367,208,159,54,29,25,85,44,41,35,19,16,57,37,20,18,9,9,8,4,4,72,42,30,38,24,14
13307,C4920,23,428,District-Damoh,Urban,10-19,1116,626,490,176,81,95,222,110,112,60,31,29,195,132,63,88,56,32,24,17,7,220,115,105,131,84,47
13308,C4920,23,428,District-Damoh,Urban,20-29,1084,674,410,113,69,44,189,109,80,60,34,26,314,215,99,75,42,33,36,19,17,224,134,90,73,52,21
13309,C4920,23,428,District-Damoh,Urban,30-39,784,470,314,85,51,34,131,75,56,42,24,18,212,126,86,77,51,26,38,28,10,171,99,72,28,16,12
13310,C4920,23,428,District-Damoh,Urban,40-49,732,448,284,74,37,37,134,76,58,38,20,18,190,132,58,53,39,14,42,29,13,174,99,75,27,16,11
13311,C4920,23,428,District-Damoh,Urban,50-59,515,323,192,77,36,41,94,56,38,20,15,5,150,110,40,35,20,15,13,7,6,110,68,42,16,11,5
13312,C4920,23,428,District-Damoh,Urban,60-69,500,264,236,93,36,57,83,49,34,13,5,8,169,110,59,14,4,10,9,4,5,88,37,51,31,19,12
13313,C4920,23,428,District-Damoh,Urban,70-79,328,164,164,76,28,48,68,35,33,4,2,2,89,51,38,4,3,1,3,3,0,40,26,14,44,16,28
13314,C4920,23,428,District-Damoh,Urban,80-89,112,44,68,19,10,9,21,5,16,2,2,0,42,19,23,1,1,0,1,0,1,6,2,4,20,5,15
13315,C4920,23,428,District-Damoh,Urban,90+,55,16,39,13,2,11,9,3,6,0,0,0,17,6,11,0,0,0,0,0,0,4,2,2,12,3,9
13316,C4920,23,428,District-Damoh,Urban,Age Not Stated,10,3,7,3,2,1,4,1,3,0,0,0,0,0,0,0,0,0,0,0,0,3,0,3,0,0,0
13317,C4920,23,429,District-Satna,Total,Total,51950,30362,21588,9151,5011,4140,7611,4265,3346,2502,1389,1113,13692,8651,5041,2976,1814,1162,1590,1024,566,9763,5544,4219,4665,2664,2001
13318,C4920,23,429,District-Satna,Total,0-4,2300,1239,1061,406,212,194,441,237,204,49,27,22,341,203,138,83,40,43,16,10,6,783,398,385,181,112,69
13319,C4920,23,429,District-Satna,Total,5-9,3909,2265,1644,589,330,259,585,319,266,365,204,161,606,388,218,340,199,141,116,75,41,851,465,386,457,285,172
13320,C4920,23,429,District-Satna,Total,10-19,9666,5648,4018,1564,911,653,1457,815,642,664,368,296,1958,1181,777,845,492,353,348,208,140,1862,1015,847,968,658,310
13321,C4920,23,429,District-Satna,Total,20-29,7552,4805,2747,1015,633,382,993,595,398,453,265,188,2228,1509,719,546,352,194,302,197,105,1522,906,616,493,348,145
13322,C4920,23,429,District-Satna,Total,30-39,6429,4022,2407,954,572,382,948,529,419,314,185,129,1701,1189,512,468,291,177,316,217,99,1406,841,565,322,198,124
13323,C4920,23,429,District-Satna,Total,40-49,5550,3517,2033,842,500,342,795,478,317,240,123,117,1587,1101,486,353,238,115,242,174,68,1204,721,483,287,182,105
13324,C4920,23,429,District-Satna,Total,50-59,4132,2579,1553,844,493,351,571,353,218,159,90,69,1239,831,408,175,109,66,128,74,54,814,510,304,202,119,83
13325,C4920,23,429,District-Satna,Total,60-69,5396,2687,2709,1337,604,733,776,371,405,145,66,79,1719,942,777,110,62,48,74,40,34,738,390,348,497,212,285
13326,C4920,23,429,District-Satna,Total,70-79,4604,2361,2243,1108,529,579,701,379,322,82,43,39,1549,871,678,37,21,16,35,21,14,401,203,198,691,294,397
13327,C4920,23,429,District-Satna,Total,80-89,1820,950,870,386,179,207,262,144,118,22,14,8,589,341,248,15,6,9,11,6,5,118,68,50,417,192,225
13328,C4920,23,429,District-Satna,Total,90+,544,263,281,102,46,56,79,43,36,8,4,4,160,86,74,3,3,0,1,1,0,46,19,27,145,61,84
13329,C4920,23,429,District-Satna,Total,Age Not Stated,48,26,22,4,2,2,3,2,1,1,0,1,15,9,6,1,1,0,1,1,0,18,8,10,5,3,2
13330,C4920,23,429,District-Satna,Rural,Total,41800,24182,17618,7612,4065,3547,5819,3250,2569,1980,1086,894,11186,7026,4160,2292,1399,893,1202,763,439,7908,4457,3451,3801,2136,1665
13331,C4920,23,429,District-Satna,Rural,0-4,1831,989,842,332,177,155,336,182,154,42,22,20,271,161,110,67,34,33,10,6,4,634,321,313,139,86,53
13332,C4920,23,429,District-Satna,Rural,5-9,3139,1808,1331,482,268,214,434,236,198,301,168,133,489,312,177,280,160,120,95,60,35,697,374,323,361,230,131
13333,C4920,23,429,District-Satna,Rural,10-19,7547,4357,3190,1220,675,545,1078,599,479,527,287,240,1579,962,617,673,397,276,284,160,124,1472,806,666,714,471,243
13334,C4920,23,429,District-Satna,Rural,20-29,5826,3713,2113,793,479,314,710,437,273,343,203,140,1748,1181,567,415,275,140,229,151,78,1214,722,492,374,265,109
13335,C4920,23,429,District-Satna,Rural,30-39,5015,3142,1873,767,460,307,698,386,312,233,135,98,1336,937,399,342,211,131,231,159,72,1153,695,458,255,159,96
13336,C4920,23,429,District-Satna,Rural,40-49,4308,2711,1597,675,397,278,573,339,234,195,99,96,1273,877,396,249,171,78,166,123,43,948,556,392,229,149,80
13337,C4920,23,429,District-Satna,Rural,50-59,3276,2017,1259,700,403,297,435,271,164,128,68,60,994,658,336,131,78,53,92,56,36,639,396,243,157,87,70
13338,C4920,23,429,District-Satna,Rural,60-69,4647,2259,2388,1185,523,662,663,313,350,120,51,69,1442,771,671,91,51,40,59,29,30,641,333,308,446,188,258
13339,C4920,23,429,District-Satna,Rural,70-79,4101,2085,2016,1005,475,530,618,334,284,69,38,31,1377,775,602,31,17,14,28,14,14,356,171,185,617,261,356
13340,C4920,23,429,District-Satna,Rural,80-89,1599,845,754,355,164,191,214,118,96,16,12,4,522,305,217,11,3,8,7,4,3,100,59,41,374,180,194
13341,C4920,23,429,District-Satna,Rural,90+,469,233,236,95,43,52,57,33,24,5,3,2,141,78,63,2,2,0,0,0,0,39,17,22,130,57,73
13342,C4920,23,429,District-Satna,Rural,Age Not Stated,42,23,19,3,1,2,3,2,1,1,0,1,14,9,5,0,0,0,1,1,0,15,7,8,5,3,2
13343,C4920,23,429,District-Satna,Urban,Total,10150,6180,3970,1539,946,593,1792,1015,777,522,303,219,2506,1625,881,684,415,269,388,261,127,1855,1087,768,864,528,336
13344,C4920,23,429,District-Satna,Urban,0-4,469,250,219,74,35,39,105,55,50,7,5,2,70,42,28,16,6,10,6,4,2,149,77,72,42,26,16
13345,C4920,23,429,District-Satna,Urban,5-9,770,457,313,107,62,45,151,83,68,64,36,28,117,76,41,60,39,21,21,15,6,154,91,63,96,55,41
13346,C4920,23,429,District-Satna,Urban,10-19,2119,1291,828,344,236,108,379,216,163,137,81,56,379,219,160,172,95,77,64,48,16,390,209,181,254,187,67
13347,C4920,23,429,District-Satna,Urban,20-29,1726,1092,634,222,154,68,283,158,125,110,62,48,480,328,152,131,77,54,73,46,27,308,184,124,119,83,36
13348,C4920,23,429,District-Satna,Urban,30-39,1414,880,534,187,112,75,250,143,107,81,50,31,365,252,113,126,80,46,85,58,27,253,146,107,67,39,28
13349,C4920,23,429,District-Satna,Urban,40-49,1242,806,436,167,103,64,222,139,83,45,24,21,314,224,90,104,67,37,76,51,25,256,165,91,58,33,25
13350,C4920,23,429,District-Satna,Urban,50-59,856,562,294,144,90,54,136,82,54,31,22,9,245,173,72,44,31,13,36,18,18,175,114,61,45,32,13
13351,C4920,23,429,District-Satna,Urban,60-69,749,428,321,152,81,71,113,58,55,25,15,10,277,171,106,19,11,8,15,11,4,97,57,40,51,24,27
13352,C4920,23,429,District-Satna,Urban,70-79,503,276,227,103,54,49,83,45,38,13,5,8,172,96,76,6,4,2,7,7,0,45,32,13,74,33,41
13353,C4920,23,429,District-Satna,Urban,80-89,221,105,116,31,15,16,48,26,22,6,2,4,67,36,31,4,3,1,4,2,2,18,9,9,43,12,31
13354,C4920,23,429,District-Satna,Urban,90+,75,30,45,7,3,4,22,10,12,3,1,2,19,8,11,1,1,0,1,1,0,7,2,5,15,4,11
13355,C4920,23,429,District-Satna,Urban,Age Not Stated,6,3,3,1,1,0,0,0,0,0,0,0,1,0,1,1,1,0,0,0,0,3,1,2,0,0,0
13356,C4920,23,430,District-Rewa,Total,Total,57889,33296,24593,8599,4682,3917,11096,5979,5117,2921,1690,1231,12671,8007,4664,2703,1688,1015,1565,1021,544,13513,7467,6046,4821,2762,2059
13357,C4920,23,430,District-Rewa,Total,0-4,2869,1575,1294,372,205,167,695,345,350,44,22,22,296,182,114,73,37,36,23,18,5,1165,648,517,201,118,83
13358,C4920,23,430,District-Rewa,Total,5-9,4275,2351,1924,516,260,256,942,505,437,372,209,163,506,298,208,254,167,87,86,49,37,1230,629,601,369,234,135
13359,C4920,23,430,District-Rewa,Total,10-19,10445,6013,4432,1360,764,596,2329,1319,1010,751,441,310,1435,923,512,758,447,311,297,166,131,2768,1488,1280,747,465,282
13360,C4920,23,430,District-Rewa,Total,20-29,8187,5038,3149,998,616,382,1570,868,702,531,338,193,1577,1101,476,512,325,187,272,183,89,2237,1269,968,490,338,152
13361,C4920,23,430,District-Rewa,Total,30-39,7078,4316,2762,922,554,368,1359,720,639,404,232,172,1332,934,398,457,309,148,347,260,87,1821,1024,797,436,283,153
13362,C4920,23,430,District-Rewa,Total,40-49,5720,3525,2195,808,472,336,1155,640,515,293,166,127,1189,856,333,301,192,109,227,144,83,1449,850,599,298,205,93
13363,C4920,23,430,District-Rewa,Total,50-59,4385,2627,1758,717,389,328,793,447,346,200,113,87,1180,795,385,162,105,57,125,85,40,962,544,418,246,149,97
13364,C4920,23,430,District-Rewa,Total,60-69,6389,3308,3081,1270,591,679,972,469,503,177,88,89,2117,1205,912,113,67,46,122,74,48,1009,535,474,609,279,330
13365,C4920,23,430,District-Rewa,Total,70-79,5604,2964,2640,1135,565,570,846,431,415,113,63,50,2007,1138,869,55,28,27,50,31,19,614,332,282,784,376,408
13366,C4920,23,430,District-Rewa,Total,80-89,2219,1193,1026,392,218,174,333,183,150,28,13,15,808,447,361,7,6,1,14,10,4,180,105,75,457,211,246
13367,C4920,23,430,District-Rewa,Total,90+,636,347,289,91,43,48,86,46,40,6,4,2,210,120,90,9,5,4,2,1,1,52,27,25,180,101,79
13368,C4920,23,430,District-Rewa,Total,Age Not Stated,82,39,43,18,5,13,16,6,10,2,1,1,14,8,6,2,0,2,0,0,0,26,16,10,4,3,1
13369,C4920,23,430,District-Rewa,Rural,Total,48590,27910,20680,7387,4037,3350,8958,4757,4201,2440,1416,1024,10925,6900,4025,2202,1369,833,1287,838,449,11258,6241,5017,4133,2352,1781
13370,C4920,23,430,District-Rewa,Rural,0-4,2466,1359,1107,329,180,149,576,286,290,40,20,20,265,165,100,63,31,32,19,15,4,1007,564,443,167,98,69
13371,C4920,23,430,District-Rewa,Rural,5-9,3571,1958,1613,455,224,231,751,385,366,317,182,135,433,255,178,205,141,64,77,43,34,1018,527,491,315,201,114
13372,C4920,23,430,District-Rewa,Rural,10-19,8562,4856,3706,1151,645,506,1770,933,837,633,375,258,1237,789,448,626,363,263,251,139,112,2275,1226,1049,619,386,233
13373,C4920,23,430,District-Rewa,Rural,20-29,6601,4085,2516,835,522,313,1219,677,542,444,284,160,1295,909,386,403,253,150,210,146,64,1798,1016,782,397,278,119
13374,C4920,23,430,District-Rewa,Rural,30-39,5912,3627,2285,785,470,315,1107,601,506,330,190,140,1154,808,346,372,251,121,283,214,69,1517,858,659,364,235,129
13375,C4920,23,430,District-Rewa,Rural,40-49,4690,2887,1803,689,404,285,926,512,414,231,128,103,994,713,281,246,156,90,181,111,70,1180,696,484,243,167,76
13376,C4920,23,430,District-Rewa,Rural,50-59,3631,2163,1468,600,329,271,629,350,279,161,90,71,980,664,316,131,84,47,102,69,33,804,446,358,224,131,93
13377,C4920,23,430,District-Rewa,Rural,60-69,5545,2892,2653,1096,515,581,834,412,422,149,73,76,1864,1057,807,99,59,40,103,63,40,882,476,406,518,237,281
13378,C4920,23,430,District-Rewa,Rural,70-79,5017,2664,2353,1007,508,499,770,393,377,103,58,45,1784,1018,766,41,21,20,47,29,18,549,297,252,716,340,376
13379,C4920,23,430,District-Rewa,Rural,80-89,1973,1069,904,344,195,149,297,165,132,24,11,13,720,403,317,7,6,1,13,9,4,163,97,66,405,183,222
13380,C4920,23,430,District-Rewa,Rural,90+,555,316,239,83,41,42,67,39,28,6,4,2,185,111,74,8,4,4,1,0,1,44,24,20,161,93,68
13381,C4920,23,430,District-Rewa,Rural,Age Not Stated,67,34,33,13,4,9,12,4,8,2,1,1,14,8,6,1,0,1,0,0,0,21,14,7,4,3,1
13382,C4920,23,430,District-Rewa,Urban,Total,9299,5386,3913,1212,645,567,2138,1222,916,481,274,207,1746,1107,639,501,319,182,278,183,95,2255,1226,1029,688,410,278
13383,C4920,23,430,District-Rewa,Urban,0-4,403,216,187,43,25,18,119,59,60,4,2,2,31,17,14,10,6,4,4,3,1,158,84,74,34,20,14
13384,C4920,23,430,District-Rewa,Urban,5-9,704,393,311,61,36,25,191,120,71,55,27,28,73,43,30,49,26,23,9,6,3,212,102,110,54,33,21
13385,C4920,23,430,District-Rewa,Urban,10-19,1883,1157,726,209,119,90,559,386,173,118,66,52,198,134,64,132,84,48,46,27,19,493,262,231,128,79,49
13386,C4920,23,430,District-Rewa,Urban,20-29,1586,953,633,163,94,69,351,191,160,87,54,33,282,192,90,109,72,37,62,37,25,439,253,186,93,60,33
13387,C4920,23,430,District-Rewa,Urban,30-39,1166,689,477,137,84,53,252,119,133,74,42,32,178,126,52,85,58,27,64,46,18,304,166,138,72,48,24
13388,C4920,23,430,District-Rewa,Urban,40-49,1030,638,392,119,68,51,229,128,101,62,38,24,195,143,52,55,36,19,46,33,13,269,154,115,55,38,17
13389,C4920,23,430,District-Rewa,Urban,50-59,754,464,290,117,60,57,164,97,67,39,23,16,200,131,69,31,21,10,23,16,7,158,98,60,22,18,4
13390,C4920,23,430,District-Rewa,Urban,60-69,844,416,428,174,76,98,138,57,81,28,15,13,253,148,105,14,8,6,19,11,8,127,59,68,91,42,49
13391,C4920,23,430,District-Rewa,Urban,70-79,587,300,287,128,57,71,76,38,38,10,5,5,223,120,103,14,7,7,3,2,1,65,35,30,68,36,32
13392,C4920,23,430,District-Rewa,Urban,80-89,246,124,122,48,23,25,36,18,18,4,2,2,88,44,44,0,0,0,1,1,0,17,8,9,52,28,24
13393,C4920,23,430,District-Rewa,Urban,90+,81,31,50,8,2,6,19,7,12,0,0,0,25,9,16,1,1,0,1,1,0,8,3,5,19,8,11
13394,C4920,23,430,District-Rewa,Urban,Age Not Stated,15,5,10,5,1,4,4,2,2,0,0,0,0,0,0,1,0,1,0,0,0,5,2,3,0,0,0
13395,C4920,23,431,District-Umaria,Total,Total,13880,7775,6105,2041,1141,900,2683,1409,1274,623,354,269,3342,2006,1336,643,373,270,360,214,146,3129,1706,1423,1059,572,487
13396,C4920,23,431,District-Umaria,Total,0-4,783,427,356,90,55,35,226,122,104,12,7,5,106,64,42,24,10,14,4,2,2,267,134,133,54,33,21
13397,C4920,23,431,District-Umaria,Total,5-9,1205,638,567,162,84,78,269,134,135,99,53,46,167,103,64,78,41,37,30,14,16,273,132,141,127,77,50
13398,C4920,23,431,District-Umaria,Total,10-19,2593,1439,1154,340,180,160,506,260,246,179,100,79,470,275,195,184,106,78,77,48,29,611,341,270,226,129,97
13399,C4920,23,431,District-Umaria,Total,20-29,2108,1226,882,230,143,87,427,226,201,111,72,39,516,314,202,116,77,39,74,51,23,507,269,238,127,74,53
13400,C4920,23,431,District-Umaria,Total,30-39,1789,1050,739,190,108,82,331,178,153,78,39,39,434,290,144,113,63,50,69,44,25,479,280,199,95,48,47
13401,C4920,23,431,District-Umaria,Total,40-49,1571,931,640,206,137,69,295,152,143,55,34,21,428,275,153,63,40,23,53,31,22,393,228,165,78,34,44
13402,C4920,23,431,District-Umaria,Total,50-59,1194,707,487,211,129,82,206,106,100,36,20,16,359,227,132,32,21,11,31,13,18,255,150,105,64,41,23
13403,C4920,23,431,District-Umaria,Total,60-69,1348,721,627,304,161,143,212,126,86,37,18,19,437,243,194,27,11,16,14,8,6,203,100,103,114,54,60
13404,C4920,23,431,District-Umaria,Total,70-79,886,421,465,215,97,118,144,67,77,13,9,4,300,147,153,4,2,2,5,1,4,102,51,51,103,47,56
13405,C4920,23,431,District-Umaria,Total,80-89,300,162,138,75,38,37,52,31,21,2,1,1,95,52,43,1,1,0,1,0,1,27,16,11,47,23,24
13406,C4920,23,431,District-Umaria,Total,90+,92,44,48,17,8,9,13,5,8,0,0,0,29,15,14,0,0,0,2,2,0,9,4,5,22,10,12
13407,C4920,23,431,District-Umaria,Total,Age Not Stated,11,9,2,1,1,0,2,2,0,1,1,0,1,1,0,1,1,0,0,0,0,3,1,2,2,2,0
13408,C4920,23,431,District-Umaria,Rural,Total,12144,6737,5407,1864,1034,830,2412,1257,1155,509,295,214,2867,1708,1159,551,322,229,277,166,111,2773,1491,1282,891,464,427
13409,C4920,23,431,District-Umaria,Rural,0-4,719,391,328,87,54,33,213,114,99,12,7,5,95,59,36,22,9,13,4,2,2,239,118,121,47,28,19
13410,C4920,23,431,District-Umaria,Rural,5-9,1088,575,513,147,74,73,259,128,131,76,43,33,151,93,58,73,39,34,26,12,14,247,119,128,109,67,42
13411,C4920,23,431,District-Umaria,Rural,10-19,2247,1226,1021,300,156,144,468,238,230,145,83,62,398,228,170,157,94,63,56,32,24,533,292,241,190,103,87
13412,C4920,23,431,District-Umaria,Rural,20-29,1785,1037,748,201,126,75,373,196,177,95,61,34,424,264,160,98,64,34,61,42,19,442,232,210,91,52,39
13413,C4920,23,431,District-Umaria,Rural,30-39,1538,891,647,173,98,75,290,152,138,62,31,31,362,241,121,96,55,41,50,33,17,425,242,183,80,39,41
13414,C4920,23,431,District-Umaria,Rural,40-49,1324,778,546,187,124,63,249,128,121,44,28,16,350,221,129,48,31,17,43,27,16,340,194,146,63,25,38
13415,C4920,23,431,District-Umaria,Rural,50-59,1038,599,439,191,116,75,175,88,87,29,15,14,311,192,119,28,17,11,21,7,14,233,135,98,50,29,21
13416,C4920,23,431,District-Umaria,Rural,60-69,1216,650,566,284,151,133,193,113,80,31,16,15,386,212,174,23,9,14,11,8,3,187,95,92,101,46,55
13417,C4920,23,431,District-Umaria,Rural,70-79,822,390,432,206,92,114,132,64,68,12,9,3,279,134,145,4,2,2,3,1,2,90,44,46,96,44,52
13418,C4920,23,431,District-Umaria,Rural,80-89,274,151,123,72,36,36,47,30,17,2,1,1,85,49,36,1,1,0,0,0,0,25,15,10,42,19,23
13419,C4920,23,431,District-Umaria,Rural,90+,83,41,42,16,7,9,11,4,7,0,0,0,25,14,11,0,0,0,2,2,0,9,4,5,20,10,10
13420,C4920,23,431,District-Umaria,Rural,Age Not Stated,10,8,2,0,0,0,2,2,0,1,1,0,1,1,0,1,1,0,0,0,0,3,1,2,2,2,0
13421,C4920,23,431,District-Umaria,Urban,Total,1736,1038,698,177,107,70,271,152,119,114,59,55,475,298,177,92,51,41,83,48,35,356,215,141,168,108,60
13422,C4920,23,431,District-Umaria,Urban,0-4,64,36,28,3,1,2,13,8,5,0,0,0,11,5,6,2,1,1,0,0,0,28,16,12,7,5,2
13423,C4920,23,431,District-Umaria,Urban,5-9,117,63,54,15,10,5,10,6,4,23,10,13,16,10,6,5,2,3,4,2,2,26,13,13,18,10,8
13424,C4920,23,431,District-Umaria,Urban,10-19,346,213,133,40,24,16,38,22,16,34,17,17,72,47,25,27,12,15,21,16,5,78,49,29,36,26,10
13425,C4920,23,431,District-Umaria,Urban,20-29,323,189,134,29,17,12,54,30,24,16,11,5,92,50,42,18,13,5,13,9,4,65,37,28,36,22,14
13426,C4920,23,431,District-Umaria,Urban,30-39,251,159,92,17,10,7,41,26,15,16,8,8,72,49,23,17,8,9,19,11,8,54,38,16,15,9,6
13427,C4920,23,431,District-Umaria,Urban,40-49,247,153,94,19,13,6,46,24,22,11,6,5,78,54,24,15,9,6,10,4,6,53,34,19,15,9,6
13428,C4920,23,431,District-Umaria,Urban,50-59,156,108,48,20,13,7,31,18,13,7,5,2,48,35,13,4,4,0,10,6,4,22,15,7,14,12,2
13429,C4920,23,431,District-Umaria,Urban,60-69,132,71,61,20,10,10,19,13,6,6,2,4,51,31,20,4,2,2,3,0,3,16,5,11,13,8,5
13430,C4920,23,431,District-Umaria,Urban,70-79,64,31,33,9,5,4,12,3,9,1,0,1,21,13,8,0,0,0,2,0,2,12,7,5,7,3,4
13431,C4920,23,431,District-Umaria,Urban,80-89,26,11,15,3,2,1,5,1,4,0,0,0,10,3,7,0,0,0,1,0,1,2,1,1,5,4,1
13432,C4920,23,431,District-Umaria,Urban,90+,9,3,6,1,1,0,2,1,1,0,0,0,4,1,3,0,0,0,0,0,0,0,0,0,2,0,2
13433,C4920,23,431,District-Umaria,Urban,Age Not Stated,1,1,0,1,1,0,0,0,0,0,0,0,0,0,0,0,0,0,0,0,0,0,0,0,0,0,0
13434,C4920,23,432,District-Neemuch ,Total,Total,16926,9681,7245,2507,1318,1189,2051,1092,959,699,410,289,5702,3439,2263,1058,639,419,519,298,221,2612,1498,1114,1778,987,791
13435,C4920,23,432,District-Neemuch ,Total,0-4,523,272,251,91,46,45,53,25,28,18,10,8,93,51,42,18,13,5,2,2,0,191,98,93,57,27,30
13436,C4920,23,432,District-Neemuch ,Total,5-9,1014,580,434,125,76,49,96,48,48,101,58,43,181,111,70,97,53,44,19,8,11,195,98,97,200,128,72
13437,C4920,23,432,District-Neemuch ,Total,10-19,2511,1491,1020,340,204,136,249,143,106,176,99,77,540,326,214,325,194,131,82,44,38,428,256,172,371,225,146
13438,C4920,23,432,District-Neemuch ,Total,20-29,2603,1602,1001,260,151,109,203,130,73,115,76,39,1124,703,421,188,120,68,119,75,44,420,259,161,174,88,86
13439,C4920,23,432,District-Neemuch ,Total,30-39,2378,1473,905,206,127,79,242,146,96,84,49,35,1049,666,383,167,97,70,104,70,34,404,244,160,122,74,48
13440,C4920,23,432,District-Neemuch ,Total,40-49,1913,1171,742,230,122,108,211,113,98,68,40,28,737,478,259,123,83,40,85,46,39,341,207,134,118,82,36
13441,C4920,23,432,District-Neemuch ,Total,50-59,1651,1000,651,281,170,111,219,117,102,52,28,24,598,392,206,69,42,27,61,30,31,267,164,103,104,57,47
13442,C4920,23,432,District-Neemuch ,Total,60-69,1894,982,912,377,167,210,334,157,177,50,34,16,676,383,293,42,22,20,31,15,16,203,97,106,181,107,74
13443,C4920,23,432,District-Neemuch ,Total,70-79,1522,720,802,398,174,224,275,136,139,24,12,12,447,213,234,19,9,10,14,6,8,117,61,56,228,109,119
13444,C4920,23,432,District-Neemuch ,Total,80-89,656,278,378,141,55,86,126,54,72,11,4,7,183,84,99,8,5,3,2,2,0,29,8,21,156,66,90
13445,C4920,23,432,District-Neemuch ,Total,90+,240,98,142,56,24,32,42,23,19,0,0,0,67,27,40,1,0,1,0,0,0,8,1,7,66,23,43
13446,C4920,23,432,District-Neemuch ,Total,Age Not Stated,21,14,7,2,2,0,1,0,1,0,0,0,7,5,2,1,1,0,0,0,0,9,5,4,1,1,0
13447,C4920,23,432,District-Neemuch ,Rural,Total,11975,6803,5172,1608,830,778,1419,750,669,521,301,220,4255,2559,1696,701,421,280,333,196,137,1885,1078,807,1253,668,585
13448,C4920,23,432,District-Neemuch ,Rural,0-4,336,174,162,44,21,23,26,12,14,12,7,5,72,40,32,12,9,3,1,1,0,130,68,62,39,16,23
13449,C4920,23,432,District-Neemuch ,Rural,5-9,722,398,324,63,33,30,57,28,29,85,46,39,146,91,55,72,41,31,14,6,8,150,70,80,135,83,52
13450,C4920,23,432,District-Neemuch ,Rural,10-19,1713,1006,707,178,103,75,162,95,67,129,70,59,411,235,176,218,130,88,54,30,24,308,192,116,253,151,102
13451,C4920,23,432,District-Neemuch ,Rural,20-29,1859,1150,709,130,77,53,145,97,48,76,51,25,892,558,334,117,75,42,72,48,24,302,184,118,125,60,65
13452,C4920,23,432,District-Neemuch ,Rural,30-39,1676,1034,642,123,75,48,164,94,70,60,35,25,784,505,279,117,68,49,68,47,21,280,164,116,80,46,34
13453,C4920,23,432,District-Neemuch ,Rural,40-49,1331,822,509,150,90,60,144,76,68,52,31,21,539,353,186,69,42,27,57,30,27,247,151,96,73,49,24
13454,C4920,23,432,District-Neemuch ,Rural,50-59,1187,709,478,194,115,79,152,79,73,43,24,19,437,281,156,44,28,16,38,20,18,199,121,78,80,41,39
13455,C4920,23,432,District-Neemuch ,Rural,60-69,1379,697,682,279,121,158,247,117,130,41,26,15,488,263,225,30,17,13,19,9,10,142,67,75,133,77,56
13456,C4920,23,432,District-Neemuch ,Rural,70-79,1109,532,577,293,129,164,205,101,104,17,8,9,307,152,155,16,8,8,8,3,5,90,49,41,173,82,91
13457,C4920,23,432,District-Neemuch ,Rural,80-89,468,195,273,105,42,63,87,36,51,6,3,3,124,56,68,4,2,2,2,2,0,22,7,15,118,47,71
13458,C4920,23,432,District-Neemuch ,Rural,90+,177,74,103,47,22,25,29,15,14,0,0,0,49,21,28,1,0,1,0,0,0,8,1,7,43,15,28
13459,C4920,23,432,District-Neemuch ,Rural,Age Not Stated,18,12,6,2,2,0,1,0,1,0,0,0,6,4,2,1,1,0,0,0,0,7,4,3,1,1,0
13460,C4920,23,432,District-Neemuch ,Urban,Total,4951,2878,2073,899,488,411,632,342,290,178,109,69,1447,880,567,357,218,139,186,102,84,727,420,307,525,319,206
13461,C4920,23,432,District-Neemuch ,Urban,0-4,187,98,89,47,25,22,27,13,14,6,3,3,21,11,10,6,4,2,1,1,0,61,30,31,18,11,7
13462,C4920,23,432,District-Neemuch ,Urban,5-9,292,182,110,62,43,19,39,20,19,16,12,4,35,20,15,25,12,13,5,2,3,45,28,17,65,45,20
13463,C4920,23,432,District-Neemuch ,Urban,10-19,798,485,313,162,101,61,87,48,39,47,29,18,129,91,38,107,64,43,28,14,14,120,64,56,118,74,44
13464,C4920,23,432,District-Neemuch ,Urban,20-29,744,452,292,130,74,56,58,33,25,39,25,14,232,145,87,71,45,26,47,27,20,118,75,43,49,28,21
13465,C4920,23,432,District-Neemuch ,Urban,30-39,702,439,263,83,52,31,78,52,26,24,14,10,265,161,104,50,29,21,36,23,13,124,80,44,42,28,14
13466,C4920,23,432,District-Neemuch ,Urban,40-49,582,349,233,80,32,48,67,37,30,16,9,7,198,125,73,54,41,13,28,16,12,94,56,38,45,33,12
13467,C4920,23,432,District-Neemuch ,Urban,50-59,464,291,173,87,55,32,67,38,29,9,4,5,161,111,50,25,14,11,23,10,13,68,43,25,24,16,8
13468,C4920,23,432,District-Neemuch ,Urban,60-69,515,285,230,98,46,52,87,40,47,9,8,1,188,120,68,12,5,7,12,6,6,61,30,31,48,30,18
13469,C4920,23,432,District-Neemuch ,Urban,70-79,413,188,225,105,45,60,70,35,35,7,4,3,140,61,79,3,1,2,6,3,3,27,12,15,55,27,28
13470,C4920,23,432,District-Neemuch ,Urban,80-89,188,83,105,36,13,23,39,18,21,5,1,4,59,28,31,4,3,1,0,0,0,7,1,6,38,19,19
13471,C4920,23,432,District-Neemuch ,Urban,90+,63,24,39,9,2,7,13,8,5,0,0,0,18,6,12,0,0,0,0,0,0,0,0,0,23,8,15
13472,C4920,23,432,District-Neemuch ,Urban,Age Not Stated,3,2,1,0,0,0,0,0,0,0,0,0,1,1,0,0,0,0,0,0,0,2,1,1,0,0,0
13473,C4920,23,433,District-Mandsaur,Total,Total,23288,13484,9804,3545,1820,1725,2655,1465,1190,1028,574,454,8158,5048,3110,1393,805,588,749,449,300,3656,2141,1515,2104,1182,922
13474,C4920,23,433,District-Mandsaur,Total,0-4,847,472,375,167,92,75,112,60,52,27,15,12,152,88,64,40,20,20,10,6,4,238,129,109,101,62,39
13475,C4920,23,433,District-Mandsaur,Total,5-9,1604,912,692,208,117,91,160,73,87,147,83,64,296,181,115,134,70,64,31,20,11,338,186,152,290,182,108
13476,C4920,23,433,District-Mandsaur,Total,10-19,3715,2110,1605,556,294,262,411,225,186,258,143,115,927,551,376,359,207,152,129,71,58,612,344,268,463,275,188
13477,C4920,23,433,District-Mandsaur,Total,20-29,3972,2400,1572,394,225,169,368,222,146,194,107,87,1739,1088,651,255,149,106,147,92,55,618,371,247,257,146,111
13478,C4920,23,433,District-Mandsaur,Total,30-39,3647,2265,1382,341,200,141,343,204,139,124,74,50,1680,1054,626,234,152,82,162,102,60,578,361,217,185,118,67
13479,C4920,23,433,District-Mandsaur,Total,40-49,2738,1737,1001,360,216,144,313,196,117,106,57,49,1036,688,348,190,115,75,133,82,51,481,302,179,119,81,38
13480,C4920,23,433,District-Mandsaur,Total,50-59,2047,1295,752,353,195,158,248,157,91,72,44,28,772,533,239,82,48,34,69,43,26,344,209,135,107,66,41
13481,C4920,23,433,District-Mandsaur,Total,60-69,2166,1153,1013,512,230,282,311,155,156,60,30,30,734,446,288,66,34,32,38,19,19,253,142,111,192,97,95
13482,C4920,23,433,District-Mandsaur,Total,70-79,1620,753,867,429,161,268,233,96,137,24,14,10,539,293,246,27,8,19,21,10,11,141,73,68,206,98,108
13483,C4920,23,433,District-Mandsaur,Total,80-89,692,297,395,175,70,105,121,58,63,11,6,5,204,96,108,4,2,2,6,4,2,37,18,19,134,43,91
13484,C4920,23,433,District-Mandsaur,Total,90+,221,79,142,47,18,29,33,18,15,2,0,2,75,27,48,2,0,2,3,0,3,10,3,7,49,13,36
13485,C4920,23,433,District-Mandsaur,Total,Age Not Stated,19,11,8,3,2,1,2,1,1,3,1,2,4,3,1,0,0,0,0,0,0,6,3,3,1,1,0
13486,C4920,23,433,District-Mandsaur,Rural,Total,18883,10994,7889,2830,1458,1372,2134,1182,952,769,441,328,6793,4245,2548,1033,601,432,555,323,232,3053,1786,1267,1716,958,758
13487,C4920,23,433,District-Mandsaur,Rural,0-4,663,371,292,104,53,51,83,45,38,22,12,10,138,79,59,28,14,14,6,2,4,198,115,83,84,51,33
13488,C4920,23,433,District-Mandsaur,Rural,5-9,1339,752,587,159,86,73,127,55,72,121,68,53,266,165,101,114,59,55,29,19,10,277,148,129,246,152,94
13489,C4920,23,433,District-Mandsaur,Rural,10-19,3007,1734,1273,436,238,198,330,178,152,198,112,86,772,472,300,282,163,119,91,50,41,524,293,231,374,228,146
13490,C4920,23,433,District-Mandsaur,Rural,20-29,3215,1993,1222,284,177,107,303,193,110,149,83,66,1457,935,522,184,113,71,113,69,44,517,309,208,208,114,94
13491,C4920,23,433,District-Mandsaur,Rural,30-39,2909,1824,1085,230,137,93,264,156,108,97,60,37,1423,902,521,164,109,55,118,73,45,477,300,177,136,87,49
13492,C4920,23,433,District-Mandsaur,Rural,40-49,2170,1385,785,290,181,109,238,152,86,71,41,30,853,557,296,133,81,52,95,61,34,398,247,151,92,65,27
13493,C4920,23,433,District-Mandsaur,Rural,50-59,1637,1029,608,288,161,127,201,125,76,47,29,18,627,433,194,58,32,26,50,27,23,276,169,107,90,53,37
13494,C4920,23,433,District-Mandsaur,Rural,60-69,1798,949,849,449,202,247,263,131,132,40,22,18,587,354,233,44,21,23,29,13,16,220,124,96,166,82,84
13495,C4920,23,433,District-Mandsaur,Rural,70-79,1364,632,732,386,143,243,196,82,114,13,8,5,440,243,197,21,7,14,18,7,11,124,62,62,166,80,86
13496,C4920,23,433,District-Mandsaur,Rural,80-89,585,250,335,161,61,100,100,49,51,9,5,4,167,80,87,3,2,1,3,2,1,30,15,15,112,36,76
13497,C4920,23,433,District-Mandsaur,Rural,90+,181,65,116,41,18,23,27,15,12,0,0,0,60,22,38,2,0,2,3,0,3,7,1,6,41,9,32
13498,C4920,23,433,District-Mandsaur,Rural,Age Not Stated,15,10,5,2,1,1,2,1,1,2,1,1,3,3,0,0,0,0,0,0,0,5,3,2,1,1,0
13499,C4920,23,433,District-Mandsaur,Urban,Total,4405,2490,1915,715,362,353,521,283,238,259,133,126,1365,803,562,360,204,156,194,126,68,603,355,248,388,224,164
13500,C4920,23,433,District-Mandsaur,Urban,0-4,184,101,83,63,39,24,29,15,14,5,3,2,14,9,5,12,6,6,4,4,0,40,14,26,17,11,6
13501,C4920,23,433,District-Mandsaur,Urban,5-9,265,160,105,49,31,18,33,18,15,26,15,11,30,16,14,20,11,9,2,1,1,61,38,23,44,30,14
13502,C4920,23,433,District-Mandsaur,Urban,10-19,708,376,332,120,56,64,81,47,34,60,31,29,155,79,76,77,44,33,38,21,17,88,51,37,89,47,42
13503,C4920,23,433,District-Mandsaur,Urban,20-29,757,407,350,110,48,62,65,29,36,45,24,21,282,153,129,71,36,35,34,23,11,101,62,39,49,32,17
13504,C4920,23,433,District-Mandsaur,Urban,30-39,738,441,297,111,63,48,79,48,31,27,14,13,257,152,105,70,43,27,44,29,15,101,61,40,49,31,18
13505,C4920,23,433,District-Mandsaur,Urban,40-49,568,352,216,70,35,35,75,44,31,35,16,19,183,131,52,57,34,23,38,21,17,83,55,28,27,16,11
13506,C4920,23,433,District-Mandsaur,Urban,50-59,410,266,144,65,34,31,47,32,15,25,15,10,145,100,45,24,16,8,19,16,3,68,40,28,17,13,4
13507,C4920,23,433,District-Mandsaur,Urban,60-69,368,204,164,63,28,35,48,24,24,20,8,12,147,92,55,22,13,9,9,6,3,33,18,15,26,15,11
13508,C4920,23,433,District-Mandsaur,Urban,70-79,256,121,135,43,18,25,37,14,23,11,6,5,99,50,49,6,1,5,3,3,0,17,11,6,40,18,22
13509,C4920,23,433,District-Mandsaur,Urban,80-89,107,47,60,14,9,5,21,9,12,2,1,1,37,16,21,1,0,1,3,2,1,7,3,4,22,7,15
13510,C4920,23,433,District-Mandsaur,Urban,90+,40,14,26,6,0,6,6,3,3,2,0,2,15,5,10,0,0,0,0,0,0,3,2,1,8,4,4
13511,C4920,23,433,District-Mandsaur,Urban,Age Not Stated,4,1,3,1,1,0,0,0,0,1,0,1,1,0,1,0,0,0,0,0,0,1,0,1,0,0,0
13512,C4920,23,434,District-Ratlam,Total,Total,27922,15913,12009,4238,2126,2112,4779,2560,2219,1104,659,445,8706,5365,3341,1547,874,673,810,470,340,4547,2599,1948,2191,1260,931
13513,C4920,23,434,District-Ratlam,Total,0-4,1267,643,624,236,113,123,315,148,167,26,15,11,202,107,95,36,15,21,10,3,7,361,191,170,81,51,30
13514,C4920,23,434,District-Ratlam,Total,5-9,2035,1085,950,286,160,126,448,219,229,143,82,61,371,204,167,124,62,62,37,20,17,408,212,196,218,126,92
13515,C4920,23,434,District-Ratlam,Total,10-19,4756,2714,2042,624,331,293,869,465,404,283,173,110,1219,741,478,386,221,165,134,74,60,790,430,360,451,279,172
13516,C4920,23,434,District-Ratlam,Total,20-29,4496,2772,1724,444,252,192,594,338,256,210,139,71,1851,1193,658,270,165,105,164,102,62,704,432,272,259,151,108
13517,C4920,23,434,District-Ratlam,Total,30-39,3908,2347,1561,405,233,172,555,329,226,145,73,72,1463,931,532,259,142,117,157,100,57,702,398,304,222,141,81
13518,C4920,23,434,District-Ratlam,Total,40-49,3403,2098,1305,429,227,202,547,318,229,101,60,41,1169,786,383,236,139,97,153,91,62,578,355,223,190,122,68
13519,C4920,23,434,District-Ratlam,Total,50-59,2656,1635,1021,426,252,174,449,245,204,80,48,32,878,564,314,131,81,50,90,53,37,446,282,164,156,110,46
13520,C4920,23,434,District-Ratlam,Total,60-69,2546,1349,1197,609,279,330,436,227,209,70,42,28,799,466,333,70,33,37,41,20,21,329,181,148,192,101,91
13521,C4920,23,434,District-Ratlam,Total,70-79,1757,817,940,476,162,314,355,172,183,28,17,11,495,267,228,25,10,15,16,6,10,156,84,72,206,99,107
13522,C4920,23,434,District-Ratlam,Total,80-89,801,351,450,230,95,135,155,74,81,16,9,7,194,85,109,6,3,3,8,1,7,50,23,27,142,61,81
13523,C4920,23,434,District-Ratlam,Total,90+,274,88,186,71,21,50,51,21,30,2,1,1,58,18,40,3,2,1,0,0,0,17,7,10,72,18,54
13524,C4920,23,434,District-Ratlam,Total,Age Not Stated,23,14,9,2,1,1,5,4,1,0,0,0,7,3,4,1,1,0,0,0,0,6,4,2,2,1,1
13525,C4920,23,434,District-Ratlam,Rural,Total,20202,11428,8774,3147,1577,1570,3638,1902,1736,626,392,234,6529,4008,2521,980,542,438,537,311,226,3235,1840,1395,1510,856,654
13526,C4920,23,434,District-Ratlam,Rural,0-4,963,480,483,184,88,96,246,113,133,15,9,6,162,78,84,26,9,17,5,2,3,270,148,122,55,33,22
13527,C4920,23,434,District-Ratlam,Rural,5-9,1579,836,743,214,119,95,383,184,199,94,54,40,297,161,136,84,41,43,27,15,12,321,167,154,159,95,64
13528,C4920,23,434,District-Ratlam,Rural,10-19,3567,2034,1533,457,251,206,713,389,324,170,110,60,949,570,379,263,149,114,100,54,46,603,319,284,312,192,120
13529,C4920,23,434,District-Ratlam,Rural,20-29,3178,1976,1202,310,174,136,429,238,191,123,88,35,1414,928,486,157,94,63,95,63,32,487,300,187,163,91,72
13530,C4920,23,434,District-Ratlam,Rural,30-39,2747,1657,1090,267,155,112,398,235,163,76,44,32,1125,705,420,153,88,65,101,61,40,484,276,208,143,93,50
13531,C4920,23,434,District-Ratlam,Rural,40-49,2384,1454,930,302,159,143,406,225,181,49,28,21,874,582,292,146,81,65,105,62,43,385,244,141,117,73,44
13532,C4920,23,434,District-Ratlam,Rural,50-59,1825,1121,704,292,180,112,329,173,156,39,23,16,627,409,218,81,48,33,57,34,23,289,179,110,111,75,36
13533,C4920,23,434,District-Ratlam,Rural,60-69,1849,943,906,482,219,263,325,154,171,34,22,12,567,323,244,48,23,25,29,15,14,227,120,107,137,67,70
13534,C4920,23,434,District-Ratlam,Rural,70-79,1314,600,714,395,136,259,262,120,142,15,8,7,349,190,159,15,6,9,12,5,7,111,59,52,155,76,79
13535,C4920,23,434,District-Ratlam,Rural,80-89,579,246,333,187,76,111,102,49,53,10,5,5,122,49,73,4,1,3,6,0,6,40,19,21,108,47,61
13536,C4920,23,434,District-Ratlam,Rural,90+,197,68,129,56,19,37,40,18,22,1,1,0,37,11,26,2,1,1,0,0,0,13,5,8,48,13,35
13537,C4920,23,434,District-Ratlam,Rural,Age Not Stated,20,13,7,1,1,0,5,4,1,0,0,0,6,2,4,1,1,0,0,0,0,5,4,1,2,1,1
13538,C4920,23,434,District-Ratlam,Urban,Total,7720,4485,3235,1091,549,542,1141,658,483,478,267,211,2177,1357,820,567,332,235,273,159,114,1312,759,553,681,404,277
13539,C4920,23,434,District-Ratlam,Urban,0-4,304,163,141,52,25,27,69,35,34,11,6,5,40,29,11,10,6,4,5,1,4,91,43,48,26,18,8
13540,C4920,23,434,District-Ratlam,Urban,5-9,456,249,207,72,41,31,65,35,30,49,28,21,74,43,31,40,21,19,10,5,5,87,45,42,59,31,28
13541,C4920,23,434,District-Ratlam,Urban,10-19,1189,680,509,167,80,87,156,76,80,113,63,50,270,171,99,123,72,51,34,20,14,187,111,76,139,87,52
13542,C4920,23,434,District-Ratlam,Urban,20-29,1318,796,522,134,78,56,165,100,65,87,51,36,437,265,172,113,71,42,69,39,30,217,132,85,96,60,36
13543,C4920,23,434,District-Ratlam,Urban,30-39,1161,690,471,138,78,60,157,94,63,69,29,40,338,226,112,106,54,52,56,39,17,218,122,96,79,48,31
13544,C4920,23,434,District-Ratlam,Urban,40-49,1019,644,375,127,68,59,141,93,48,52,32,20,295,204,91,90,58,32,48,29,19,193,111,82,73,49,24
13545,C4920,23,434,District-Ratlam,Urban,50-59,831,514,317,134,72,62,120,72,48,41,25,16,251,155,96,50,33,17,33,19,14,157,103,54,45,35,10
13546,C4920,23,434,District-Ratlam,Urban,60-69,697,406,291,127,60,67,111,73,38,36,20,16,232,143,89,22,10,12,12,5,7,102,61,41,55,34,21
13547,C4920,23,434,District-Ratlam,Urban,70-79,443,217,226,81,26,55,93,52,41,13,9,4,146,77,69,10,4,6,4,1,3,45,25,20,51,23,28
13548,C4920,23,434,District-Ratlam,Urban,80-89,222,105,117,43,19,24,53,25,28,6,4,2,72,36,36,2,2,0,2,1,1,10,4,6,34,14,20
13549,C4920,23,434,District-Ratlam,Urban,90+,77,20,57,15,2,13,11,3,8,1,0,1,21,7,14,1,1,0,0,0,0,4,2,2,24,5,19
13550,C4920,23,434,District-Ratlam,Urban,Age Not Stated,3,1,2,1,0,1,0,0,0,0,0,0,1,1,0,0,0,0,0,0,0,1,0,1,0,0,0
13551,C4920,23,435,District-Ujjain,Total,Total,38868,21946,16922,5828,2961,2867,6197,3165,3032,1390,818,572,11013,6852,4161,2673,1575,1098,1280,767,513,7013,3919,3094,3474,1889,1585
13552,C4920,23,435,District-Ujjain,Total,0-4,1661,896,765,270,154,116,367,176,191,26,13,13,235,134,101,77,45,32,20,8,12,500,270,230,166,96,70
13553,C4920,23,435,District-Ujjain,Total,5-9,2733,1524,1209,352,192,160,472,236,236,224,141,83,397,245,152,246,150,96,79,45,34,580,292,288,383,223,160
13554,C4920,23,435,District-Ujjain,Total,10-19,6163,3544,2619,701,366,335,1012,529,483,332,203,129,1289,813,476,712,432,280,230,127,103,1164,642,522,723,432,291
13555,C4920,23,435,District-Ujjain,Total,20-29,6075,3644,2431,624,365,259,897,467,430,230,127,103,2031,1313,718,525,331,194,229,138,91,1120,645,475,419,258,161
13556,C4920,23,435,District-Ujjain,Total,30-39,5600,3385,2215,580,331,249,774,427,347,189,111,78,2031,1319,712,438,247,191,259,172,87,1057,622,435,272,156,116
13557,C4920,23,435,District-Ujjain,Total,40-49,4532,2844,1688,550,330,220,686,395,291,167,103,64,1436,965,471,329,205,124,213,148,65,919,551,368,232,147,85
13558,C4920,23,435,District-Ujjain,Total,50-59,3497,2087,1410,564,308,256,522,259,263,82,47,35,1143,757,386,182,104,78,117,69,48,642,398,244,245,145,100
13559,C4920,23,435,District-Ujjain,Total,60-69,3772,1952,1820,870,382,488,629,303,326,79,45,34,1157,687,470,99,38,61,89,41,48,567,300,267,282,156,126
13560,C4920,23,435,District-Ujjain,Total,70-79,2794,1273,1521,795,325,470,478,215,263,41,21,20,790,400,390,38,12,26,34,18,16,288,139,149,330,143,187
13561,C4920,23,435,District-Ujjain,Total,80-89,1347,538,809,372,150,222,231,100,131,12,5,7,370,172,198,14,6,8,5,1,4,104,34,70,239,70,169
13562,C4920,23,435,District-Ujjain,Total,90+,612,218,394,139,50,89,114,48,66,4,1,3,130,46,84,6,4,2,4,0,4,38,10,28,177,59,118
13563,C4920,23,435,District-Ujjain,Total,Age Not Stated,82,41,41,11,8,3,15,10,5,4,1,3,4,1,3,7,1,6,1,0,1,34,16,18,6,4,2
13564,C4920,23,435,District-Ujjain,Rural,Total,24760,13993,10767,3945,1972,1973,4185,2091,2094,801,499,302,7115,4504,2611,1539,912,627,746,441,305,4250,2408,1842,2179,1166,1013
13565,C4920,23,435,District-Ujjain,Rural,0-4,1053,566,487,143,77,66,260,118,142,17,9,8,168,95,73,45,27,18,15,5,10,302,170,132,103,65,38
13566,C4920,23,435,District-Ujjain,Rural,5-9,1854,1014,840,222,121,101,358,170,188,146,95,51,281,174,107,164,100,64,63,37,26,376,176,200,244,141,103
13567,C4920,23,435,District-Ujjain,Rural,10-19,4018,2326,1692,461,241,220,703,366,337,220,136,84,901,564,337,428,265,163,138,77,61,719,410,309,448,267,181
13568,C4920,23,435,District-Ujjain,Rural,20-29,3634,2239,1395,334,207,127,576,286,290,114,70,44,1341,890,451,267,174,93,127,83,44,644,381,263,231,148,83
13569,C4920,23,435,District-Ujjain,Rural,30-39,3394,2080,1314,335,194,141,492,253,239,95,61,34,1310,870,440,247,141,106,137,91,46,632,387,245,146,83,63
13570,C4920,23,435,District-Ujjain,Rural,40-49,2777,1780,997,355,221,134,449,267,182,88,59,29,907,630,277,185,115,70,115,76,39,559,334,225,119,78,41
13571,C4920,23,435,District-Ujjain,Rural,50-59,2184,1302,882,383,212,171,359,175,184,42,25,17,719,479,240,101,57,44,64,31,33,377,242,135,139,81,58
13572,C4920,23,435,District-Ujjain,Rural,60-69,2512,1295,1217,653,289,364,446,218,228,47,28,19,705,421,284,65,21,44,62,30,32,345,185,160,189,103,86
13573,C4920,23,435,District-Ujjain,Rural,70-79,1895,835,1060,625,244,381,306,135,171,25,14,11,470,239,231,24,6,18,19,10,9,183,84,99,243,103,140
13574,C4920,23,435,District-Ujjain,Rural,80-89,961,376,585,310,121,189,151,63,88,3,1,2,229,109,120,8,3,5,2,1,1,76,27,49,182,51,131
13575,C4920,23,435,District-Ujjain,Rural,90+,438,158,280,118,40,78,77,34,43,1,0,1,82,33,49,3,2,1,4,0,4,21,5,16,132,44,88
13576,C4920,23,435,District-Ujjain,Rural,Age Not Stated,40,22,18,6,5,1,8,6,2,3,1,2,2,0,2,2,1,1,0,0,0,16,7,9,3,2,1
13577,C4920,23,435,District-Ujjain,Urban,Total,14108,7953,6155,1883,989,894,2012,1074,938,589,319,270,3898,2348,1550,1134,663,471,534,326,208,2763,1511,1252,1295,723,572
13578,C4920,23,435,District-Ujjain,Urban,0-4,608,330,278,127,77,50,107,58,49,9,4,5,67,39,28,32,18,14,5,3,2,198,100,98,63,31,32
13579,C4920,23,435,District-Ujjain,Urban,5-9,879,510,369,130,71,59,114,66,48,78,46,32,116,71,45,82,50,32,16,8,8,204,116,88,139,82,57
13580,C4920,23,435,District-Ujjain,Urban,10-19,2145,1218,927,240,125,115,309,163,146,112,67,45,388,249,139,284,167,117,92,50,42,445,232,213,275,165,110
13581,C4920,23,435,District-Ujjain,Urban,20-29,2441,1405,1036,290,158,132,321,181,140,116,57,59,690,423,267,258,157,101,102,55,47,476,264,212,188,110,78
13582,C4920,23,435,District-Ujjain,Urban,30-39,2206,1305,901,245,137,108,282,174,108,94,50,44,721,449,272,191,106,85,122,81,41,425,235,190,126,73,53
13583,C4920,23,435,District-Ujjain,Urban,40-49,1755,1064,691,195,109,86,237,128,109,79,44,35,529,335,194,144,90,54,98,72,26,360,217,143,113,69,44
13584,C4920,23,435,District-Ujjain,Urban,50-59,1313,785,528,181,96,85,163,84,79,40,22,18,424,278,146,81,47,34,53,38,15,265,156,109,106,64,42
13585,C4920,23,435,District-Ujjain,Urban,60-69,1260,657,603,217,93,124,183,85,98,32,17,15,452,266,186,34,17,17,27,11,16,222,115,107,93,53,40
13586,C4920,23,435,District-Ujjain,Urban,70-79,899,438,461,170,81,89,172,80,92,16,7,9,320,161,159,14,6,8,15,8,7,105,55,50,87,40,47
13587,C4920,23,435,District-Ujjain,Urban,80-89,386,162,224,62,29,33,80,37,43,9,4,5,141,63,78,6,3,3,3,0,3,28,7,21,57,19,38
13588,C4920,23,435,District-Ujjain,Urban,90+,174,60,114,21,10,11,37,14,23,3,1,2,48,13,35,3,2,1,0,0,0,17,5,12,45,15,30
13589,C4920,23,435,District-Ujjain,Urban,Age Not Stated,42,19,23,5,3,2,7,4,3,1,0,1,2,1,1,5,0,5,1,0,1,18,9,9,3,2,1
13590,C4920,23,436,District-Shajapur,Total,Total,31647,18281,13366,5324,2795,2529,4345,2417,1928,1181,708,473,10218,6377,3841,1495,914,581,831,482,349,5285,2978,2307,2968,1610,1358
13591,C4920,23,436,District-Shajapur,Total,0-4,1146,624,522,189,98,91,202,104,98,19,11,8,214,121,93,51,30,21,10,5,5,342,180,162,119,75,44
13592,C4920,23,436,District-Shajapur,Total,5-9,2101,1214,887,300,166,134,310,176,134,197,117,80,390,255,135,133,79,54,40,21,19,432,223,209,299,177,122
13593,C4920,23,436,District-Shajapur,Total,10-19,4839,2832,2007,614,375,239,705,390,315,295,184,111,1224,735,489,383,232,151,123,67,56,945,509,436,550,340,210
13594,C4920,23,436,District-Shajapur,Total,20-29,4753,2982,1771,494,319,175,532,312,220,191,121,70,1925,1276,649,289,180,109,170,110,60,829,471,358,323,193,130
13595,C4920,23,436,District-Shajapur,Total,30-39,4370,2704,1666,431,254,177,479,272,207,142,87,55,1916,1249,667,225,152,73,171,97,74,791,465,326,215,128,87
13596,C4920,23,436,District-Shajapur,Total,40-49,3363,2148,1215,450,269,181,440,253,187,116,66,50,1211,831,380,195,127,68,135,91,44,632,399,233,184,112,72
13597,C4920,23,436,District-Shajapur,Total,50-59,2636,1614,1022,466,259,207,334,212,122,76,55,21,911,590,321,107,60,47,87,50,37,513,296,217,142,92,50
13598,C4920,23,436,District-Shajapur,Total,60-69,3308,1755,1553,888,417,471,465,250,215,71,34,37,1053,615,438,71,37,34,63,31,32,388,214,174,309,157,152
13599,C4920,23,436,District-Shajapur,Total,70-79,2965,1471,1494,883,398,485,506,269,237,53,26,27,845,454,391,29,11,18,24,7,17,249,132,117,376,174,202
13600,C4920,23,436,District-Shajapur,Total,80-89,1498,642,856,429,168,261,263,117,146,15,6,9,411,200,211,5,3,2,8,3,5,88,44,44,279,101,178
13601,C4920,23,436,District-Shajapur,Total,90+,574,241,333,171,67,104,89,48,41,4,1,3,113,48,65,6,2,4,0,0,0,23,16,7,168,59,109
13602,C4920,23,436,District-Shajapur,Total,Age Not Stated,94,54,40,9,5,4,20,14,6,2,0,2,5,3,2,1,1,0,0,0,0,53,29,24,4,2,2
13603,C4920,23,436,District-Shajapur,Rural,Total,25478,14673,10805,4346,2273,2073,3569,1981,1588,871,529,342,8245,5134,3111,1129,696,433,632,355,277,4361,2447,1914,2325,1258,1067
13604,C4920,23,436,District-Shajapur,Rural,0-4,903,491,412,134,66,68,163,87,76,15,9,6,166,94,72,40,24,16,8,3,5,277,146,131,100,62,38
13605,C4920,23,436,District-Shajapur,Rural,5-9,1690,980,710,220,126,94,252,142,110,144,89,55,333,219,114,110,67,43,34,18,16,363,183,180,234,136,98
13606,C4920,23,436,District-Shajapur,Rural,10-19,3865,2259,1606,481,292,189,572,313,259,220,142,78,1018,604,414,298,182,116,94,49,45,782,424,358,400,253,147
13607,C4920,23,436,District-Shajapur,Rural,20-29,3748,2384,1364,367,248,119,423,246,177,143,91,52,1563,1055,508,203,133,70,126,82,44,680,383,297,243,146,97
13608,C4920,23,436,District-Shajapur,Rural,30-39,3420,2129,1291,336,200,136,384,220,164,102,63,39,1530,1004,526,165,113,52,126,68,58,631,376,255,146,85,61
13609,C4920,23,436,District-Shajapur,Rural,40-49,2622,1646,976,355,204,151,347,194,153,84,47,37,940,640,300,146,91,55,102,67,35,514,321,193,134,82,52
13610,C4920,23,436,District-Shajapur,Rural,50-59,2060,1264,796,366,209,157,263,169,94,61,44,17,699,450,249,79,45,34,63,36,27,421,240,181,108,71,37
13611,C4920,23,436,District-Shajapur,Rural,60-69,2737,1436,1301,763,358,405,409,222,187,52,26,26,832,477,355,53,26,27,51,24,27,321,176,145,256,127,129
13612,C4920,23,436,District-Shajapur,Rural,70-79,2537,1256,1281,783,351,432,436,230,206,36,15,21,700,376,324,27,10,17,21,6,15,217,116,101,317,152,165
13613,C4920,23,436,District-Shajapur,Rural,80-89,1305,563,742,382,154,228,220,100,120,11,3,8,360,173,187,2,2,0,7,2,5,83,40,43,240,89,151
13614,C4920,23,436,District-Shajapur,Rural,90+,503,215,288,153,62,91,80,44,36,1,0,1,99,39,60,5,2,3,0,0,0,20,14,6,145,54,91
13615,C4920,23,436,District-Shajapur,Rural,Age Not Stated,88,50,38,6,3,3,20,14,6,2,0,2,5,3,2,1,1,0,0,0,0,52,28,24,2,1,1
13616,C4920,23,436,District-Shajapur,Urban,Total,6169,3608,2561,978,522,456,776,436,340,310,179,131,1973,1243,730,366,218,148,199,127,72,924,531,393,643,352,291
13617,C4920,23,436,District-Shajapur,Urban,0-4,243,133,110,55,32,23,39,17,22,4,2,2,48,27,21,11,6,5,2,2,0,65,34,31,19,13,6
13618,C4920,23,436,District-Shajapur,Urban,5-9,411,234,177,80,40,40,58,34,24,53,28,25,57,36,21,23,12,11,6,3,3,69,40,29,65,41,24
13619,C4920,23,436,District-Shajapur,Urban,10-19,974,573,401,133,83,50,133,77,56,75,42,33,206,131,75,85,50,35,29,18,11,163,85,78,150,87,63
13620,C4920,23,436,District-Shajapur,Urban,20-29,1005,598,407,127,71,56,109,66,43,48,30,18,362,221,141,86,47,39,44,28,16,149,88,61,80,47,33
13621,C4920,23,436,District-Shajapur,Urban,30-39,950,575,375,95,54,41,95,52,43,40,24,16,386,245,141,60,39,21,45,29,16,160,89,71,69,43,26
13622,C4920,23,436,District-Shajapur,Urban,40-49,741,502,239,95,65,30,93,59,34,32,19,13,271,191,80,49,36,13,33,24,9,118,78,40,50,30,20
13623,C4920,23,436,District-Shajapur,Urban,50-59,576,350,226,100,50,50,71,43,28,15,11,4,212,140,72,28,15,13,24,14,10,92,56,36,34,21,13
13624,C4920,23,436,District-Shajapur,Urban,60-69,571,319,252,125,59,66,56,28,28,19,8,11,221,138,83,18,11,7,12,7,5,67,38,29,53,30,23
13625,C4920,23,436,District-Shajapur,Urban,70-79,428,215,213,100,47,53,70,39,31,17,11,6,145,78,67,2,1,1,3,1,2,32,16,16,59,22,37
13626,C4920,23,436,District-Shajapur,Urban,80-89,193,79,114,47,14,33,43,17,26,4,3,1,51,27,24,3,1,2,1,1,0,5,4,1,39,12,27
13627,C4920,23,436,District-Shajapur,Urban,90+,71,26,45,18,5,13,9,4,5,3,1,2,14,9,5,1,0,1,0,0,0,3,2,1,23,5,18
13628,C4920,23,436,District-Shajapur,Urban,Age Not Stated,6,4,2,3,2,1,0,0,0,0,0,0,0,0,0,0,0,0,0,0,0,1,1,0,2,1,1
13629,C4920,23,437,District-Dewas,Total,Total,30427,17465,12962,5779,3010,2769,4577,2475,2102,1126,681,445,8865,5545,3320,1652,993,659,812,489,323,5137,2914,2223,2479,1358,1121
13630,C4920,23,437,District-Dewas,Total,0-4,1302,694,608,305,166,139,279,145,134,22,9,13,166,88,78,48,28,20,15,10,5,361,188,173,106,60,46
13631,C4920,23,437,District-Dewas,Total,5-9,2205,1194,1011,435,221,214,316,155,161,170,101,69,383,238,145,132,79,53,51,27,24,421,210,211,297,163,134
13632,C4920,23,437,District-Dewas,Total,10-19,5545,3179,2366,962,509,453,831,475,356,305,171,134,1312,808,504,473,267,206,167,96,71,989,544,445,506,309,197
13633,C4920,23,437,District-Dewas,Total,20-29,4742,2922,1820,612,352,260,555,326,229,175,107,68,1785,1176,609,319,195,124,162,97,65,841,490,351,293,179,114
13634,C4920,23,437,District-Dewas,Total,30-39,4338,2717,1621,554,318,236,547,334,213,125,72,53,1733,1142,591,264,162,102,126,87,39,801,491,310,188,111,77
13635,C4920,23,437,District-Dewas,Total,40-49,3364,2088,1276,541,315,226,440,240,200,152,99,53,1093,720,373,212,138,74,140,87,53,636,383,253,150,106,44
13636,C4920,23,437,District-Dewas,Total,50-59,2532,1570,962,546,324,222,388,210,178,77,50,27,774,525,249,97,58,39,81,50,31,427,258,169,142,95,47
13637,C4920,23,437,District-Dewas,Total,60-69,2589,1405,1184,711,339,372,472,246,226,61,45,16,690,412,278,62,39,23,43,20,23,372,207,165,178,97,81
13638,C4920,23,437,District-Dewas,Total,70-79,2157,1015,1142,653,279,374,414,193,221,23,19,4,564,278,286,31,17,14,18,11,7,180,96,84,274,122,152
13639,C4920,23,437,District-Dewas,Total,80-89,1176,485,691,344,141,203,237,109,128,12,7,5,262,115,147,12,8,4,6,2,4,72,27,45,231,76,155
13640,C4920,23,437,District-Dewas,Total,90+,451,179,272,110,44,66,96,41,55,4,1,3,100,41,59,0,0,0,2,1,1,25,11,14,114,40,74
13641,C4920,23,437,District-Dewas,Total,Age Not Stated,26,17,9,6,2,4,2,1,1,0,0,0,3,2,1,2,2,0,1,1,0,12,9,3,0,0,0
13642,C4920,23,437,District-Dewas,Rural,Total,21978,12610,9368,4336,2249,2087,3347,1807,1540,727,459,268,6435,4020,2415,1060,648,412,552,338,214,3668,2080,1588,1853,1009,844
13643,C4920,23,437,District-Dewas,Rural,0-4,913,499,414,224,126,98,193,99,94,14,6,8,116,66,50,23,14,9,9,6,3,254,134,120,80,48,32
13644,C4920,23,437,District-Dewas,Rural,5-9,1618,874,744,329,170,159,224,113,111,117,67,50,304,185,119,90,56,34,39,21,18,314,145,169,201,117,84
13645,C4920,23,437,District-Dewas,Rural,10-19,3989,2346,1643,675,377,298,608,351,257,189,114,75,1022,636,386,325,189,136,109,66,43,694,384,310,367,229,138
13646,C4920,23,437,District-Dewas,Rural,20-29,3230,2060,1170,423,248,175,365,233,132,122,78,44,1235,833,402,193,126,67,102,59,43,602,362,240,188,121,67
13647,C4920,23,437,District-Dewas,Rural,30-39,3029,1919,1110,369,211,158,365,227,138,75,49,26,1285,841,444,162,104,58,87,61,26,552,343,209,134,83,51
13648,C4920,23,437,District-Dewas,Rural,40-49,2242,1371,871,370,211,159,291,156,135,94,62,32,727,472,255,129,86,43,98,60,38,437,262,175,96,62,34
13649,C4920,23,437,District-Dewas,Rural,50-59,1842,1111,731,417,240,177,298,157,141,51,35,16,534,351,183,64,31,33,55,36,19,314,191,123,109,70,39
13650,C4920,23,437,District-Dewas,Rural,60-69,1952,1047,905,576,277,299,376,191,185,37,30,7,483,296,187,43,24,19,30,16,14,259,140,119,148,73,75
13651,C4920,23,437,District-Dewas,Rural,70-79,1775,808,967,561,234,327,342,151,191,15,12,3,440,210,230,23,12,11,15,9,6,149,78,71,230,102,128
13652,C4920,23,437,District-Dewas,Rural,80-89,992,409,583,295,116,179,202,93,109,10,5,5,209,94,115,7,5,2,5,2,3,62,25,37,202,69,133
13653,C4920,23,437,District-Dewas,Rural,90+,377,154,223,94,38,56,81,35,46,3,1,2,77,34,43,0,0,0,2,1,1,22,10,12,98,35,63
13654,C4920,23,437,District-Dewas,Rural,Age Not Stated,19,12,7,3,1,2,2,1,1,0,0,0,3,2,1,1,1,0,1,1,0,9,6,3,0,0,0
13655,C4920,23,437,District-Dewas,Urban,Total,8449,4855,3594,1443,761,682,1230,668,562,399,222,177,2430,1525,905,592,345,247,260,151,109,1469,834,635,626,349,277
13656,C4920,23,437,District-Dewas,Urban,0-4,389,195,194,81,40,41,86,46,40,8,3,5,50,22,28,25,14,11,6,4,2,107,54,53,26,12,14
13657,C4920,23,437,District-Dewas,Urban,5-9,587,320,267,106,51,55,92,42,50,53,34,19,79,53,26,42,23,19,12,6,6,107,65,42,96,46,50
13658,C4920,23,437,District-Dewas,Urban,10-19,1556,833,723,287,132,155,223,124,99,116,57,59,290,172,118,148,78,70,58,30,28,295,160,135,139,80,59
13659,C4920,23,437,District-Dewas,Urban,20-29,1512,862,650,189,104,85,190,93,97,53,29,24,550,343,207,126,69,57,60,38,22,239,128,111,105,58,47
13660,C4920,23,437,District-Dewas,Urban,30-39,1309,798,511,185,107,78,182,107,75,50,23,27,448,301,147,102,58,44,39,26,13,249,148,101,54,28,26
13661,C4920,23,437,District-Dewas,Urban,40-49,1122,717,405,171,104,67,149,84,65,58,37,21,366,248,118,83,52,31,42,27,15,199,121,78,54,44,10
13662,C4920,23,437,District-Dewas,Urban,50-59,690,459,231,129,84,45,90,53,37,26,15,11,240,174,66,33,27,6,26,14,12,113,67,46,33,25,8
13663,C4920,23,437,District-Dewas,Urban,60-69,637,358,279,135,62,73,96,55,41,24,15,9,207,116,91,19,15,4,13,4,9,113,67,46,30,24,6
13664,C4920,23,437,District-Dewas,Urban,70-79,382,207,175,92,45,47,72,42,30,8,7,1,124,68,56,8,5,3,3,2,1,31,18,13,44,20,24
13665,C4920,23,437,District-Dewas,Urban,80-89,184,76,108,49,25,24,35,16,19,2,2,0,53,21,32,5,3,2,1,0,1,10,2,8,29,7,22
13666,C4920,23,437,District-Dewas,Urban,90+,74,25,49,16,6,10,15,6,9,1,0,1,23,7,16,0,0,0,0,0,0,3,1,2,16,5,11
13667,C4920,23,437,District-Dewas,Urban,Age Not Stated,7,5,2,3,1,2,0,0,0,0,0,0,0,0,0,1,1,0,0,0,0,3,3,0,0,0,0
13668,C4920,23,438,District-Dhar,Total,Total,37992,21131,16861,7142,3716,3426,7571,4057,3514,1558,898,660,9845,5939,3906,1946,1045,901,758,430,328,6639,3647,2992,2533,1399,1134
13669,C4920,23,438,District-Dhar,Total,0-4,2392,1231,1161,599,303,296,638,326,312,29,23,6,231,116,115,94,45,49,9,4,5,673,349,324,119,65,54
13670,C4920,23,438,District-Dhar,Total,5-9,3274,1700,1574,692,341,351,781,416,365,187,107,80,404,235,169,193,87,106,41,23,18,687,331,356,289,160,129
13671,C4920,23,438,District-Dhar,Total,10-19,7765,4221,3544,1366,728,638,1499,784,715,447,248,199,1839,1031,808,469,257,212,155,85,70,1363,731,632,627,357,270
13672,C4920,23,438,District-Dhar,Total,20-29,6615,3866,2749,937,521,416,1199,661,538,282,161,121,2265,1414,851,381,204,177,140,77,63,1102,633,469,309,195,114
13673,C4920,23,438,District-Dhar,Total,30-39,5677,3406,2271,829,478,351,1050,613,437,237,139,98,1851,1195,656,352,204,148,159,94,65,962,539,423,237,144,93
13674,C4920,23,438,District-Dhar,Total,40-49,4019,2407,1612,698,414,284,771,430,341,143,83,60,1082,709,373,232,137,95,137,78,59,747,429,318,209,127,82
13675,C4920,23,438,District-Dhar,Total,50-59,2852,1719,1133,566,318,248,536,305,231,90,54,36,812,534,278,122,69,53,66,39,27,497,298,199,163,102,61
13676,C4920,23,438,District-Dhar,Total,60-69,2530,1330,1200,683,309,374,495,258,237,77,47,30,658,378,280,71,33,38,32,18,14,345,202,143,169,85,84
13677,C4920,23,438,District-Dhar,Total,70-79,1784,803,981,480,189,291,362,153,209,40,24,16,465,233,232,22,7,15,18,11,7,176,91,85,221,95,126
13678,C4920,23,438,District-Dhar,Total,80-89,725,304,421,194,77,117,161,75,86,15,7,8,177,71,106,7,1,6,1,1,0,54,29,25,116,43,73
13679,C4920,23,438,District-Dhar,Total,90+,303,114,189,78,30,48,69,31,38,9,3,6,56,20,36,3,1,2,0,0,0,18,5,13,70,24,46
13680,C4920,23,438,District-Dhar,Total,Age Not Stated,56,30,26,20,8,12,10,5,5,2,2,0,5,3,2,0,0,0,0,0,0,15,10,5,4,2,2
13681,C4920,23,438,District-Dhar,Rural,Total,30703,16937,13766,5846,3016,2830,6001,3192,2809,1107,644,463,8185,4917,3268,1553,804,749,596,333,263,5375,2922,2453,2040,1109,931
13682,C4920,23,438,District-Dhar,Rural,0-4,1928,978,950,501,250,251,510,253,257,23,17,6,187,92,95,80,37,43,6,2,4,533,279,254,88,48,40
13683,C4920,23,438,District-Dhar,Rural,5-9,2671,1380,1291,565,276,289,621,326,295,142,83,59,354,204,150,162,71,91,36,20,16,576,281,295,215,119,96
13684,C4920,23,438,District-Dhar,Rural,10-19,6384,3428,2956,1124,585,539,1214,635,579,333,193,140,1608,898,710,370,195,175,133,74,59,1136,590,546,466,258,208
13685,C4920,23,438,District-Dhar,Rural,20-29,5164,3038,2126,713,410,303,904,499,405,182,102,80,1892,1198,694,290,151,139,108,60,48,836,467,369,239,151,88
13686,C4920,23,438,District-Dhar,Rural,30-39,4506,2696,1810,643,373,270,821,483,338,157,93,64,1512,972,540,279,154,125,124,75,49,768,423,345,202,123,79
13687,C4920,23,438,District-Dhar,Rural,40-49,3184,1886,1298,567,332,235,591,327,264,99,54,45,850,548,302,194,112,82,96,51,45,612,356,256,175,106,69
13688,C4920,23,438,District-Dhar,Rural,50-59,2316,1393,923,473,268,205,443,253,190,63,36,27,636,415,221,96,50,46,52,28,24,417,258,159,136,85,51
13689,C4920,23,438,District-Dhar,Rural,60-69,2098,1089,1009,576,261,315,412,211,201,57,36,21,548,313,235,55,26,29,25,14,11,275,155,120,150,73,77
13690,C4920,23,438,District-Dhar,Rural,70-79,1529,669,860,431,163,268,290,117,173,29,19,10,394,196,198,19,6,13,15,8,7,151,75,76,200,85,115
13691,C4920,23,438,District-Dhar,Rural,80-89,616,259,357,167,67,100,130,60,70,13,7,6,151,60,91,5,1,4,1,1,0,45,25,20,104,38,66
13692,C4920,23,438,District-Dhar,Rural,90+,260,96,164,70,25,45,55,23,32,8,3,5,48,18,30,3,1,2,0,0,0,14,4,10,62,22,40
13693,C4920,23,438,District-Dhar,Rural,Age Not Stated,47,25,22,16,6,10,10,5,5,1,1,0,5,3,2,0,0,0,0,0,0,12,9,3,3,1,2
13694,C4920,23,438,District-Dhar,Urban,Total,7289,4194,3095,1296,700,596,1570,865,705,451,254,197,1660,1022,638,393,241,152,162,97,65,1264,725,539,493,290,203
13695,C4920,23,438,District-Dhar,Urban,0-4,464,253,211,98,53,45,128,73,55,6,6,0,44,24,20,14,8,6,3,2,1,140,70,70,31,17,14
13696,C4920,23,438,District-Dhar,Urban,5-9,603,320,283,127,65,62,160,90,70,45,24,21,50,31,19,31,16,15,5,3,2,111,50,61,74,41,33
13697,C4920,23,438,District-Dhar,Urban,10-19,1381,793,588,242,143,99,285,149,136,114,55,59,231,133,98,99,62,37,22,11,11,227,141,86,161,99,62
13698,C4920,23,438,District-Dhar,Urban,20-29,1451,828,623,224,111,113,295,162,133,100,59,41,373,216,157,91,53,38,32,17,15,266,166,100,70,44,26
13699,C4920,23,438,District-Dhar,Urban,30-39,1171,710,461,186,105,81,229,130,99,80,46,34,339,223,116,73,50,23,35,19,16,194,116,78,35,21,14
13700,C4920,23,438,District-Dhar,Urban,40-49,835,521,314,131,82,49,180,103,77,44,29,15,232,161,71,38,25,13,41,27,14,135,73,62,34,21,13
13701,C4920,23,438,District-Dhar,Urban,50-59,536,326,210,93,50,43,93,52,41,27,18,9,176,119,57,26,19,7,14,11,3,80,40,40,27,17,10
13702,C4920,23,438,District-Dhar,Urban,60-69,432,241,191,107,48,59,83,47,36,20,11,9,110,65,45,16,7,9,7,4,3,70,47,23,19,12,7
13703,C4920,23,438,District-Dhar,Urban,70-79,255,134,121,49,26,23,72,36,36,11,5,6,71,37,34,3,1,2,3,3,0,25,16,9,21,10,11
13704,C4920,23,438,District-Dhar,Urban,80-89,109,45,64,27,10,17,31,15,16,2,0,2,26,11,15,2,0,2,0,0,0,9,4,5,12,5,7
13705,C4920,23,438,District-Dhar,Urban,90+,43,18,25,8,5,3,14,8,6,1,0,1,8,2,6,0,0,0,0,0,0,4,1,3,8,2,6
13706,C4920,23,438,District-Dhar,Urban,Age Not Stated,9,5,4,4,2,2,0,0,0,1,1,0,0,0,0,0,0,0,0,0,0,3,1,2,1,1,0
13707,C4920,23,439,District-Indore,Total,Total,78761,43975,34786,16839,9127,7712,18915,10074,8841,3764,2135,1629,12205,7608,4597,3823,2247,1576,1701,997,704,17063,9333,7730,4451,2454,1997
13708,C4920,23,439,District-Indore,Total,0-4,4559,2374,2185,1271,646,625,1288,664,624,75,43,32,254,136,118,160,86,74,25,17,8,1302,685,617,184,97,87
13709,C4920,23,439,District-Indore,Total,5-9,5835,3127,2708,1309,707,602,1451,722,729,367,201,166,409,237,172,314,173,141,78,49,29,1437,786,651,470,252,218
13710,C4920,23,439,District-Indore,Total,10-19,12821,7093,5728,2768,1555,1213,3068,1568,1500,807,470,337,1230,770,460,956,579,377,274,162,112,2864,1513,1351,854,476,378
13711,C4920,23,439,District-Indore,Total,20-29,13832,7744,6088,2877,1623,1254,3385,1717,1668,713,400,313,2101,1314,787,817,481,336,314,193,121,2976,1620,1356,649,396,253
13712,C4920,23,439,District-Indore,Total,30-39,12459,7073,5386,2495,1379,1116,3004,1646,1358,618,351,267,2250,1410,840,609,352,257,340,194,146,2702,1471,1231,441,270,171
13713,C4920,23,439,District-Indore,Total,40-49,9953,5991,3962,1944,1113,831,2325,1343,982,450,250,200,1785,1237,548,496,316,180,325,191,134,2262,1314,948,366,227,139
13714,C4920,23,439,District-Indore,Total,50-59,7121,4299,2822,1461,824,637,1657,977,680,320,191,129,1424,970,454,242,143,99,192,113,79,1509,870,639,316,211,105
13715,C4920,23,439,District-Indore,Total,60-69,5903,3274,2629,1350,675,675,1283,688,595,213,116,97,1334,837,497,146,76,70,92,49,43,1112,636,476,373,197,176
13716,C4920,23,439,District-Indore,Total,70-79,3673,1872,1801,810,382,428,833,447,386,126,71,55,887,484,403,50,25,25,43,20,23,500,247,253,424,196,228
13717,C4920,23,439,District-Indore,Total,80-89,1636,694,942,374,143,231,403,200,203,49,26,23,380,155,225,17,6,11,11,7,4,161,66,95,241,91,150
13718,C4920,23,439,District-Indore,Total,90+,639,252,387,129,50,79,155,66,89,15,9,6,125,45,80,9,5,4,3,0,3,84,44,40,119,33,86
13719,C4920,23,439,District-Indore,Total,Age Not Stated,330,182,148,51,30,21,63,36,27,11,7,4,26,13,13,7,5,2,4,2,2,154,81,73,14,8,6
13720,C4920,23,439,District-Indore,Rural,Total,17229,9756,7473,2878,1484,1394,3212,1752,1460,691,408,283,4176,2648,1528,928,540,388,408,217,191,3509,1941,1568,1427,766,661
13721,C4920,23,439,District-Indore,Rural,0-4,878,467,411,179,97,82,220,131,89,16,9,7,109,59,50,38,18,20,5,3,2,254,126,128,57,24,33
13722,C4920,23,439,District-Indore,Rural,5-9,1408,760,648,206,126,80,276,127,149,92,51,41,179,100,79,103,57,46,32,22,10,334,185,149,186,92,94
13723,C4920,23,439,District-Indore,Rural,10-19,2847,1621,1226,428,238,190,535,276,259,171,105,66,490,322,168,264,151,113,75,42,33,608,314,294,276,173,103
13724,C4920,23,439,District-Indore,Rural,20-29,2569,1536,1033,330,193,137,467,248,219,122,73,49,700,457,243,164,107,57,68,32,36,544,319,225,174,107,67
13725,C4920,23,439,District-Indore,Rural,30-39,2594,1542,1052,332,187,145,449,263,186,106,63,43,801,516,285,127,78,49,74,36,38,584,326,258,121,73,48
13726,C4920,23,439,District-Indore,Rural,40-49,2051,1291,760,287,152,135,332,219,113,63,36,27,590,417,173,111,71,40,82,46,36,489,287,202,97,63,34
13727,C4920,23,439,District-Indore,Rural,50-59,1514,915,599,255,138,117,277,168,109,51,32,19,440,295,145,64,37,27,40,22,18,303,168,135,84,55,29
13728,C4920,23,439,District-Indore,Rural,60-69,1466,800,666,362,165,197,271,132,139,37,23,14,429,276,153,36,15,21,23,12,11,195,122,73,113,55,58
13729,C4920,23,439,District-Indore,Rural,70-79,1103,503,600,294,113,181,211,108,103,20,9,11,267,139,128,11,3,8,7,1,6,123,62,61,170,68,102
13730,C4920,23,439,District-Indore,Rural,80-89,540,216,324,145,50,95,123,58,65,9,5,4,121,47,74,7,1,6,1,1,0,41,15,26,93,39,54
13731,C4920,23,439,District-Indore,Rural,90+,223,83,140,56,22,34,43,16,27,2,1,1,45,15,30,3,2,1,1,0,1,20,11,9,53,16,37
13732,C4920,23,439,District-Indore,Rural,Age Not Stated,36,22,14,4,3,1,8,6,2,2,1,1,5,5,0,0,0,0,0,0,0,14,6,8,3,1,2
13733,C4920,23,439,District-Indore,Urban,Total,61532,34219,27313,13961,7643,6318,15703,8322,7381,3073,1727,1346,8029,4960,3069,2895,1707,1188,1293,780,513,13554,7392,6162,3024,1688,1336
13734,C4920,23,439,District-Indore,Urban,0-4,3681,1907,1774,1092,549,543,1068,533,535,59,34,25,145,77,68,122,68,54,20,14,6,1048,559,489,127,73,54
13735,C4920,23,439,District-Indore,Urban,5-9,4427,2367,2060,1103,581,522,1175,595,580,275,150,125,230,137,93,211,116,95,46,27,19,1103,601,502,284,160,124
13736,C4920,23,439,District-Indore,Urban,10-19,9974,5472,4502,2340,1317,1023,2533,1292,1241,636,365,271,740,448,292,692,428,264,199,120,79,2256,1199,1057,578,303,275
13737,C4920,23,439,District-Indore,Urban,20-29,11263,6208,5055,2547,1430,1117,2918,1469,1449,591,327,264,1401,857,544,653,374,279,246,161,85,2432,1301,1131,475,289,186
13738,C4920,23,439,District-Indore,Urban,30-39,9865,5531,4334,2163,1192,971,2555,1383,1172,512,288,224,1449,894,555,482,274,208,266,158,108,2118,1145,973,320,197,123
13739,C4920,23,439,District-Indore,Urban,40-49,7902,4700,3202,1657,961,696,1993,1124,869,387,214,173,1195,820,375,385,245,140,243,145,98,1773,1027,746,269,164,105
13740,C4920,23,439,District-Indore,Urban,50-59,5607,3384,2223,1206,686,520,1380,809,571,269,159,110,984,675,309,178,106,72,152,91,61,1206,702,504,232,156,76
13741,C4920,23,439,District-Indore,Urban,60-69,4437,2474,1963,988,510,478,1012,556,456,176,93,83,905,561,344,110,61,49,69,37,32,917,514,403,260,142,118
13742,C4920,23,439,District-Indore,Urban,70-79,2570,1369,1201,516,269,247,622,339,283,106,62,44,620,345,275,39,22,17,36,19,17,377,185,192,254,128,126
13743,C4920,23,439,District-Indore,Urban,80-89,1096,478,618,229,93,136,280,142,138,40,21,19,259,108,151,10,5,5,10,6,4,120,51,69,148,52,96
13744,C4920,23,439,District-Indore,Urban,90+,416,169,247,73,28,45,112,50,62,13,8,5,80,30,50,6,3,3,2,0,2,64,33,31,66,17,49
13745,C4920,23,439,District-Indore,Urban,Age Not Stated,294,160,134,47,27,20,55,30,25,9,6,3,21,8,13,7,5,2,4,2,2,140,75,65,11,7,4
13746,C4920,23,440,District-Khargone (West Nimar),Total,Total,36380,20100,16280,6331,3251,3080,6449,3366,3083,1339,773,566,10435,6274,4161,1806,1038,768,923,533,390,6070,3287,2783,3027,1578,1449
13747,C4920,23,440,District-Khargone (West Nimar),Total,0-4,1753,915,838,360,200,160,411,213,198,22,11,11,227,112,115,74,42,32,8,6,2,499,251,248,152,80,72
13748,C4920,23,440,District-Khargone (West Nimar),Total,5-9,2619,1420,1199,499,276,223,540,281,259,167,95,72,386,220,166,146,78,68,40,20,20,564,289,275,277,161,116
13749,C4920,23,440,District-Khargone (West Nimar),Total,10-19,6454,3573,2881,1034,587,447,1128,588,540,325,178,147,1653,922,731,435,241,194,132,74,58,1192,654,538,555,329,226
13750,C4920,23,440,District-Khargone (West Nimar),Total,20-29,5856,3479,2377,680,403,277,865,467,398,243,141,102,2194,1382,812,376,228,148,188,110,78,935,535,400,375,213,162
13751,C4920,23,440,District-Khargone (West Nimar),Total,30-39,5119,3046,2073,554,315,239,790,419,371,182,110,72,1949,1272,677,302,181,121,209,128,81,884,480,404,249,141,108
13752,C4920,23,440,District-Khargone (West Nimar),Total,40-49,3947,2353,1594,502,289,213,721,409,312,157,93,64,1194,769,425,262,153,109,165,95,70,758,434,324,188,111,77
13753,C4920,23,440,District-Khargone (West Nimar),Total,50-59,3018,1783,1235,584,308,276,556,312,244,109,69,40,867,574,293,110,56,54,92,50,42,530,310,220,170,104,66
13754,C4920,23,440,District-Khargone (West Nimar),Total,60-69,3234,1665,1569,849,373,476,589,294,295,74,42,32,913,532,381,64,41,23,50,31,19,385,201,184,310,151,159
13755,C4920,23,440,District-Khargone (West Nimar),Total,70-79,2666,1214,1452,783,315,468,527,253,274,35,20,15,687,350,337,25,12,13,28,16,12,212,92,120,369,156,213
13756,C4920,23,440,District-Khargone (West Nimar),Total,80-89,1224,476,748,378,155,223,232,95,137,13,8,5,271,101,170,6,1,5,5,1,4,77,27,50,242,88,154
13757,C4920,23,440,District-Khargone (West Nimar),Total,90+,455,157,298,105,28,77,78,30,48,9,3,6,92,38,54,5,4,1,2,0,2,29,12,17,135,42,93
13758,C4920,23,440,District-Khargone (West Nimar),Total,Age Not Stated,35,19,16,3,2,1,12,5,7,3,3,0,2,2,0,1,1,0,4,2,2,5,2,3,5,2,3
13759,C4920,23,440,District-Khargone (West Nimar),Rural,Total,30273,16640,13633,5581,2846,2735,5457,2817,2640,1023,599,424,8575,5181,3394,1398,817,581,720,414,306,5025,2695,2330,2494,1271,1223
13760,C4920,23,440,District-Khargone (West Nimar),Rural,0-4,1520,797,723,336,189,147,362,187,175,18,11,7,185,92,93,71,41,30,5,4,1,418,203,215,125,70,55
13761,C4920,23,440,District-Khargone (West Nimar),Rural,5-9,2246,1200,1046,452,253,199,483,247,236,133,72,61,314,182,132,120,62,58,27,14,13,495,250,245,222,120,102
13762,C4920,23,440,District-Khargone (West Nimar),Rural,10-19,5439,3004,2435,919,516,403,965,506,459,252,140,112,1414,796,618,337,193,144,105,59,46,1008,546,462,439,248,191
13763,C4920,23,440,District-Khargone (West Nimar),Rural,20-29,4789,2848,1941,590,350,240,725,388,337,186,111,75,1795,1140,655,283,177,106,148,87,61,763,431,332,299,164,135
13764,C4920,23,440,District-Khargone (West Nimar),Rural,30-39,4194,2511,1683,473,264,209,657,350,307,130,84,46,1606,1052,554,229,138,91,165,101,64,733,407,326,201,115,86
13765,C4920,23,440,District-Khargone (West Nimar),Rural,40-49,3187,1890,1297,421,240,181,596,334,262,126,72,54,965,626,339,197,116,81,121,67,54,605,344,261,156,91,65
13766,C4920,23,440,District-Khargone (West Nimar),Rural,50-59,2451,1448,1003,509,273,236,453,246,207,81,54,27,704,471,233,84,44,40,72,40,32,413,236,177,135,84,51
13767,C4920,23,440,District-Khargone (West Nimar),Rural,60-69,2689,1352,1337,743,320,423,493,236,257,49,26,23,735,425,310,48,30,18,45,27,18,322,167,155,254,121,133
13768,C4920,23,440,District-Khargone (West Nimar),Rural,70-79,2259,1014,1245,693,273,420,442,206,236,26,17,9,553,279,274,19,10,9,21,12,9,175,76,99,330,141,189
13769,C4920,23,440,District-Khargone (West Nimar),Rural,80-89,1076,417,659,342,139,203,208,85,123,11,6,5,225,86,139,4,1,3,5,1,4,69,24,45,212,75,137
13770,C4920,23,440,District-Khargone (West Nimar),Rural,90+,394,141,253,100,27,73,65,28,37,8,3,5,77,30,47,5,4,1,2,0,2,20,9,11,117,40,77
13771,C4920,23,440,District-Khargone (West Nimar),Rural,Age Not Stated,29,18,11,3,2,1,8,4,4,3,3,0,2,2,0,1,1,0,4,2,2,4,2,2,4,2,2
13772,C4920,23,440,District-Khargone (West Nimar),Urban,Total,6107,3460,2647,750,405,345,992,549,443,316,174,142,1860,1093,767,408,221,187,203,119,84,1045,592,453,533,307,226
13773,C4920,23,440,District-Khargone (West Nimar),Urban,0-4,233,118,115,24,11,13,49,26,23,4,0,4,42,20,22,3,1,2,3,2,1,81,48,33,27,10,17
13774,C4920,23,440,District-Khargone (West Nimar),Urban,5-9,373,220,153,47,23,24,57,34,23,34,23,11,72,38,34,26,16,10,13,6,7,69,39,30,55,41,14
13775,C4920,23,440,District-Khargone (West Nimar),Urban,10-19,1015,569,446,115,71,44,163,82,81,73,38,35,239,126,113,98,48,50,27,15,12,184,108,76,116,81,35
13776,C4920,23,440,District-Khargone (West Nimar),Urban,20-29,1067,631,436,90,53,37,140,79,61,57,30,27,399,242,157,93,51,42,40,23,17,172,104,68,76,49,27
13777,C4920,23,440,District-Khargone (West Nimar),Urban,30-39,925,535,390,81,51,30,133,69,64,52,26,26,343,220,123,73,43,30,44,27,17,151,73,78,48,26,22
13778,C4920,23,440,District-Khargone (West Nimar),Urban,40-49,760,463,297,81,49,32,125,75,50,31,21,10,229,143,86,65,37,28,44,28,16,153,90,63,32,20,12
13779,C4920,23,440,District-Khargone (West Nimar),Urban,50-59,567,335,232,75,35,40,103,66,37,28,15,13,163,103,60,26,12,14,20,10,10,117,74,43,35,20,15
13780,C4920,23,440,District-Khargone (West Nimar),Urban,60-69,545,313,232,106,53,53,96,58,38,25,16,9,178,107,71,16,11,5,5,4,1,63,34,29,56,30,26
13781,C4920,23,440,District-Khargone (West Nimar),Urban,70-79,407,200,207,90,42,48,85,47,38,9,3,6,134,71,63,6,2,4,7,4,3,37,16,21,39,15,24
13782,C4920,23,440,District-Khargone (West Nimar),Urban,80-89,148,59,89,36,16,20,24,10,14,2,2,0,46,15,31,2,0,2,0,0,0,8,3,5,30,13,17
13783,C4920,23,440,District-Khargone (West Nimar),Urban,90+,61,16,45,5,1,4,13,2,11,1,0,1,15,8,7,0,0,0,0,0,0,9,3,6,18,2,16
13784,C4920,23,440,District-Khargone (West Nimar),Urban,Age Not Stated,6,1,5,0,0,0,4,1,3,0,0,0,0,0,0,0,0,0,0,0,0,1,0,1,1,0,1
13785,C4920,23,441,District-Barwani ,Total,Total,20940,11607,9333,3247,1647,1600,3480,1889,1591,838,462,376,6180,3736,2444,1120,645,475,595,331,264,3764,1949,1815,1716,948,768
13786,C4920,23,441,District-Barwani ,Total,0-4,1131,577,554,236,124,112,194,91,103,11,8,3,172,95,77,56,32,24,7,2,5,368,175,193,87,50,37
13787,C4920,23,441,District-Barwani ,Total,5-9,1725,929,796,294,151,143,311,155,156,105,55,50,285,174,111,84,47,37,21,13,8,443,229,214,182,105,77
13788,C4920,23,441,District-Barwani ,Total,10-19,4308,2293,2015,644,328,316,642,329,313,241,121,120,1284,755,529,252,147,105,93,41,52,774,377,397,378,195,183
13789,C4920,23,441,District-Barwani ,Total,20-29,3394,1972,1422,381,206,175,434,241,193,149,87,62,1265,761,504,195,113,82,130,75,55,629,354,275,211,135,76
13790,C4920,23,441,District-Barwani ,Total,30-39,2943,1826,1117,274,162,112,429,274,155,115,73,42,1096,740,356,224,128,96,139,83,56,504,275,229,162,91,71
13791,C4920,23,441,District-Barwani ,Total,40-49,2185,1316,869,267,152,115,382,231,151,86,48,38,652,406,246,158,96,62,106,73,33,389,211,178,145,99,46
13792,C4920,23,441,District-Barwani ,Total,50-59,1619,943,676,272,145,127,312,184,128,64,35,29,467,309,158,85,51,34,53,21,32,262,142,120,104,56,48
13793,C4920,23,441,District-Barwani ,Total,60-69,1750,903,847,401,188,213,367,179,188,36,19,17,471,268,203,40,18,22,31,17,14,242,120,122,162,94,68
13794,C4920,23,441,District-Barwani ,Total,70-79,1199,567,632,335,130,205,258,132,126,21,10,11,318,167,151,15,8,7,12,6,6,95,45,50,145,69,76
13795,C4920,23,441,District-Barwani ,Total,80-89,456,191,265,107,49,58,110,50,60,10,6,4,103,37,66,5,2,3,1,0,1,32,13,19,88,34,54
13796,C4920,23,441,District-Barwani ,Total,90+,199,72,127,32,10,22,35,19,16,0,0,0,60,19,41,5,2,3,1,0,1,14,2,12,52,20,32
13797,C4920,23,441,District-Barwani ,Total,Age Not Stated,31,18,13,4,2,2,6,4,2,0,0,0,7,5,2,1,1,0,1,0,1,12,6,6,0,0,0
13798,C4920,23,441,District-Barwani ,Rural,Total,16949,9419,7530,2661,1380,1281,2820,1533,1287,608,329,279,5092,3065,2027,855,494,361,485,276,209,3051,1584,1467,1377,758,619
13799,C4920,23,441,District-Barwani ,Rural,0-4,964,498,466,203,107,96,158,75,83,7,6,1,158,87,71,41,24,17,4,1,3,319,155,164,74,43,31
13800,C4920,23,441,District-Barwani ,Rural,5-9,1463,783,680,249,124,125,268,130,138,82,44,38,241,151,90,66,37,29,19,13,6,390,200,190,148,84,64
13801,C4920,23,441,District-Barwani ,Rural,10-19,3697,1955,1742,546,282,264,542,273,269,185,88,97,1162,684,478,204,118,86,78,34,44,660,313,347,320,163,157
13802,C4920,23,441,District-Barwani ,Rural,20-29,2745,1617,1128,312,175,137,336,188,148,114,66,48,1058,649,409,153,88,65,105,59,46,499,280,219,168,112,56
13803,C4920,23,441,District-Barwani ,Rural,30-39,2331,1478,853,214,138,76,347,223,124,80,52,28,882,601,281,162,91,71,118,73,45,394,223,171,134,77,57
13804,C4920,23,441,District-Barwani ,Rural,40-49,1665,1008,657,205,120,85,299,181,118,63,36,27,493,298,195,114,76,38,86,61,25,300,165,135,105,71,34
13805,C4920,23,441,District-Barwani ,Rural,50-59,1281,742,539,226,122,104,270,160,110,36,20,16,375,238,137,68,38,30,36,15,21,196,109,87,74,40,34
13806,C4920,23,441,District-Barwani ,Rural,60-69,1358,696,662,323,157,166,298,151,147,20,8,12,365,198,167,27,11,16,25,14,11,176,87,89,124,70,54
13807,C4920,23,441,District-Barwani ,Rural,70-79,909,425,484,260,102,158,188,96,92,14,5,9,234,117,117,11,7,4,11,6,5,70,35,35,121,57,64
13808,C4920,23,441,District-Barwani ,Rural,80-89,353,148,205,92,42,50,81,38,43,7,4,3,71,26,45,4,2,2,1,0,1,26,10,16,71,26,45
13809,C4920,23,441,District-Barwani ,Rural,90+,155,54,101,27,9,18,28,15,13,0,0,0,48,13,35,4,1,3,1,0,1,9,1,8,38,15,23
13810,C4920,23,441,District-Barwani ,Rural,Age Not Stated,28,15,13,4,2,2,5,3,2,0,0,0,5,3,2,1,1,0,1,0,1,12,6,6,0,0,0
13811,C4920,23,441,District-Barwani ,Urban,Total,3991,2188,1803,586,267,319,660,356,304,230,133,97,1088,671,417,265,151,114,110,55,55,713,365,348,339,190,149
13812,C4920,23,441,District-Barwani ,Urban,0-4,167,79,88,33,17,16,36,16,20,4,2,2,14,8,6,15,8,7,3,1,2,49,20,29,13,7,6
13813,C4920,23,441,District-Barwani ,Urban,5-9,262,146,116,45,27,18,43,25,18,23,11,12,44,23,21,18,10,8,2,0,2,53,29,24,34,21,13
13814,C4920,23,441,District-Barwani ,Urban,10-19,611,338,273,98,46,52,100,56,44,56,33,23,122,71,51,48,29,19,15,7,8,114,64,50,58,32,26
13815,C4920,23,441,District-Barwani ,Urban,20-29,649,355,294,69,31,38,98,53,45,35,21,14,207,112,95,42,25,17,25,16,9,130,74,56,43,23,20
13816,C4920,23,441,District-Barwani ,Urban,30-39,612,348,264,60,24,36,82,51,31,35,21,14,214,139,75,62,37,25,21,10,11,110,52,58,28,14,14
13817,C4920,23,441,District-Barwani ,Urban,40-49,520,308,212,62,32,30,83,50,33,23,12,11,159,108,51,44,20,24,20,12,8,89,46,43,40,28,12
13818,C4920,23,441,District-Barwani ,Urban,50-59,338,201,137,46,23,23,42,24,18,28,15,13,92,71,21,17,13,4,17,6,11,66,33,33,30,16,14
13819,C4920,23,441,District-Barwani ,Urban,60-69,392,207,185,78,31,47,69,28,41,16,11,5,106,70,36,13,7,6,6,3,3,66,33,33,38,24,14
13820,C4920,23,441,District-Barwani ,Urban,70-79,290,142,148,75,28,47,70,36,34,7,5,2,84,50,34,4,1,3,1,0,1,25,10,15,24,12,12
13821,C4920,23,441,District-Barwani ,Urban,80-89,103,43,60,15,7,8,29,12,17,3,2,1,32,11,21,1,0,1,0,0,0,6,3,3,17,8,9
13822,C4920,23,441,District-Barwani ,Urban,90+,44,18,26,5,1,4,7,4,3,0,0,0,12,6,6,1,1,0,0,0,0,5,1,4,14,5,9
13823,C4920,23,441,District-Barwani ,Urban,Age Not Stated,3,3,0,0,0,0,1,1,0,0,0,0,2,2,0,0,0,0,0,0,0,0,0,0,0,0,0
13824,C4920,23,442,District-Rajgarh,Total,Total,39354,22655,16699,6482,3522,2960,6109,3392,2717,1564,904,660,11757,7188,4569,1680,1030,650,974,569,405,7505,4205,3300,3283,1845,1438
13825,C4920,23,442,District-Rajgarh,Total,0-4,1448,772,676,186,98,88,289,155,134,30,17,13,240,133,107,47,27,20,11,7,4,552,281,271,93,54,39
13826,C4920,23,442,District-Rajgarh,Total,5-9,2489,1371,1118,309,172,137,416,206,210,228,132,96,439,258,181,147,85,62,43,27,16,625,324,301,282,167,115
13827,C4920,23,442,District-Rajgarh,Total,10-19,6089,3546,2543,824,471,353,965,552,413,412,237,175,1321,795,526,463,280,183,189,113,76,1343,749,594,572,349,223
13828,C4920,23,442,District-Rajgarh,Total,20-29,5831,3643,2188,577,375,202,795,466,329,258,156,102,2183,1449,734,284,181,103,170,101,69,1217,701,516,347,214,133
13829,C4920,23,442,District-Rajgarh,Total,30-39,5157,3130,2027,579,344,235,721,421,300,180,94,86,1892,1203,689,271,174,97,171,101,70,1096,638,458,247,155,92
13830,C4920,23,442,District-Rajgarh,Total,40-49,4222,2661,1561,589,352,237,597,359,238,153,100,53,1368,923,445,222,144,78,179,106,73,876,525,351,238,152,86
13831,C4920,23,442,District-Rajgarh,Total,50-59,3206,1883,1323,637,378,259,441,232,209,105,61,44,1041,636,405,106,66,40,75,49,26,618,356,262,183,105,78
13832,C4920,23,442,District-Rajgarh,Total,60-69,4784,2563,2221,1152,551,601,817,437,380,99,56,43,1528,874,654,86,48,38,93,45,48,655,363,292,354,189,165
13833,C4920,23,442,District-Rajgarh,Total,70-79,3731,1906,1825,1030,492,538,654,351,303,65,35,30,1098,579,519,36,17,19,34,14,20,329,180,149,485,238,247
13834,C4920,23,442,District-Rajgarh,Total,80-89,1759,877,882,478,228,250,304,156,148,26,13,13,493,264,229,12,7,5,6,3,3,130,61,69,310,145,165
13835,C4920,23,442,District-Rajgarh,Total,90+,605,286,319,115,58,57,105,54,51,7,3,4,150,70,80,4,1,3,3,3,0,53,23,30,168,74,94
13836,C4920,23,442,District-Rajgarh,Total,Age Not Stated,33,17,16,6,3,3,5,3,2,1,0,1,4,4,0,2,0,2,0,0,0,11,4,7,4,3,1
13837,C4920,23,442,District-Rajgarh,Rural,Total,32990,18886,14104,5352,2885,2467,5370,2982,2388,1282,746,536,9892,5998,3894,1273,765,508,773,450,323,6432,3596,2836,2616,1464,1152
13838,C4920,23,442,District-Rajgarh,Rural,0-4,1227,646,581,146,71,75,261,136,125,25,14,11,204,109,95,40,21,19,9,6,3,475,251,224,67,38,29
13839,C4920,23,442,District-Rajgarh,Rural,5-9,2106,1149,957,257,143,114,379,186,193,180,101,79,381,220,161,114,67,47,40,26,14,537,276,261,218,130,88
13840,C4920,23,442,District-Rajgarh,Rural,10-19,5035,2912,2123,673,389,284,853,486,367,344,195,149,1093,649,444,340,206,134,143,86,57,1151,634,517,438,267,171
13841,C4920,23,442,District-Rajgarh,Rural,20-29,4821,3025,1796,442,293,149,703,407,296,210,132,78,1812,1214,598,215,138,77,141,86,55,1043,598,445,255,157,98
13842,C4920,23,442,District-Rajgarh,Rural,30-39,4251,2582,1669,454,270,184,627,366,261,136,72,64,1575,1010,565,216,136,80,123,74,49,922,530,392,198,124,74
13843,C4920,23,442,District-Rajgarh,Rural,40-49,3390,2130,1260,450,279,171,518,310,208,124,84,40,1089,732,357,155,96,59,141,80,61,738,437,301,175,112,63
13844,C4920,23,442,District-Rajgarh,Rural,50-59,2555,1476,1079,470,264,206,370,200,170,83,51,32,852,506,346,77,44,33,58,36,22,507,297,210,138,78,60
13845,C4920,23,442,District-Rajgarh,Rural,60-69,4131,2193,1938,988,470,518,717,387,330,90,50,40,1317,735,582,68,36,32,80,39,41,576,322,254,295,154,141
13846,C4920,23,442,District-Rajgarh,Rural,70-79,3308,1695,1613,929,443,486,574,311,263,58,31,27,975,511,464,32,15,17,30,12,18,300,165,135,410,207,203
13847,C4920,23,442,District-Rajgarh,Rural,80-89,1580,798,782,431,207,224,272,142,130,25,13,12,447,242,205,10,5,5,5,2,3,121,60,61,269,127,142
13848,C4920,23,442,District-Rajgarh,Rural,90+,556,264,292,107,53,54,91,48,43,7,3,4,144,67,77,4,1,3,3,3,0,51,22,29,149,67,82
13849,C4920,23,442,District-Rajgarh,Rural,Age Not Stated,30,16,14,5,3,2,5,3,2,0,0,0,3,3,0,2,0,2,0,0,0,11,4,7,4,3,1
13850,C4920,23,442,District-Rajgarh,Urban,Total,6364,3769,2595,1130,637,493,739,410,329,282,158,124,1865,1190,675,407,265,142,201,119,82,1073,609,464,667,381,286
13851,C4920,23,442,District-Rajgarh,Urban,0-4,221,126,95,40,27,13,28,19,9,5,3,2,36,24,12,7,6,1,2,1,1,77,30,47,26,16,10
13852,C4920,23,442,District-Rajgarh,Urban,5-9,383,222,161,52,29,23,37,20,17,48,31,17,58,38,20,33,18,15,3,1,2,88,48,40,64,37,27
13853,C4920,23,442,District-Rajgarh,Urban,10-19,1054,634,420,151,82,69,112,66,46,68,42,26,228,146,82,123,74,49,46,27,19,192,115,77,134,82,52
13854,C4920,23,442,District-Rajgarh,Urban,20-29,1010,618,392,135,82,53,92,59,33,48,24,24,371,235,136,69,43,26,29,15,14,174,103,71,92,57,35
13855,C4920,23,442,District-Rajgarh,Urban,30-39,906,548,358,125,74,51,94,55,39,44,22,22,317,193,124,55,38,17,48,27,21,174,108,66,49,31,18
13856,C4920,23,442,District-Rajgarh,Urban,40-49,832,531,301,139,73,66,79,49,30,29,16,13,279,191,88,67,48,19,38,26,12,138,88,50,63,40,23
13857,C4920,23,442,District-Rajgarh,Urban,50-59,651,407,244,167,114,53,71,32,39,22,10,12,189,130,59,29,22,7,17,13,4,111,59,52,45,27,18
13858,C4920,23,442,District-Rajgarh,Urban,60-69,653,370,283,164,81,83,100,50,50,9,6,3,211,139,72,18,12,6,13,6,7,79,41,38,59,35,24
13859,C4920,23,442,District-Rajgarh,Urban,70-79,423,211,212,101,49,52,80,40,40,7,4,3,123,68,55,4,2,2,4,2,2,29,15,14,75,31,44
13860,C4920,23,442,District-Rajgarh,Urban,80-89,179,79,100,47,21,26,32,14,18,1,0,1,46,22,24,2,2,0,1,1,0,9,1,8,41,18,23
13861,C4920,23,442,District-Rajgarh,Urban,90+,49,22,27,8,5,3,14,6,8,0,0,0,6,3,3,0,0,0,0,0,0,2,1,1,19,7,12
13862,C4920,23,442,District-Rajgarh,Urban,Age Not Stated,3,1,2,1,0,1,0,0,0,1,0,1,1,1,0,0,0,0,0,0,0,0,0,0,0,0,0
13863,C4920,23,443,District-Vidisha,Total,Total,32283,19282,13001,5301,2838,2463,4732,2743,1989,1484,851,633,9199,6037,3162,1405,872,533,816,499,317,6675,3890,2785,2671,1552,1119
13864,C4920,23,443,District-Vidisha,Total,0-4,1444,797,647,240,135,105,237,123,114,35,18,17,239,144,95,34,15,19,13,6,7,551,292,259,95,64,31
13865,C4920,23,443,District-Vidisha,Total,5-9,2500,1364,1136,360,181,179,336,189,147,231,111,120,446,262,184,125,65,60,41,24,17,670,352,318,291,180,111
13866,C4920,23,443,District-Vidisha,Total,10-19,5644,3410,2234,801,443,358,767,438,329,423,251,172,1329,868,461,376,245,131,117,70,47,1302,756,546,529,339,190
13867,C4920,23,443,District-Vidisha,Total,20-29,4832,3171,1661,522,343,179,535,322,213,272,168,104,1723,1213,510,289,181,108,187,129,58,1024,635,389,280,180,100
13868,C4920,23,443,District-Vidisha,Total,30-39,4132,2711,1421,459,282,177,544,380,164,174,104,70,1415,984,431,233,152,81,157,103,54,950,573,377,200,133,67
13869,C4920,23,443,District-Vidisha,Total,40-49,3318,2209,1109,405,258,147,468,295,173,147,86,61,1060,766,294,162,117,45,143,87,56,793,504,289,140,96,44
13870,C4920,23,443,District-Vidisha,Total,50-59,2466,1512,954,447,266,181,390,215,175,83,49,34,762,514,248,81,52,29,73,40,33,517,300,217,113,76,37
13871,C4920,23,443,District-Vidisha,Total,60-69,3568,1935,1633,877,417,460,601,321,280,69,37,32,1096,664,432,77,30,47,53,23,30,498,285,213,297,158,139
13872,C4920,23,443,District-Vidisha,Total,70-79,2747,1394,1353,765,334,431,553,300,253,36,22,14,720,409,311,22,13,9,24,13,11,242,132,110,385,171,214
13873,C4920,23,443,District-Vidisha,Total,80-89,1149,557,592,324,132,192,220,123,97,9,3,6,291,154,137,4,1,3,5,4,1,89,45,44,207,95,112
13874,C4920,23,443,District-Vidisha,Total,90+,460,209,251,96,43,53,74,35,39,5,2,3,115,57,58,2,1,1,3,0,3,33,13,20,132,58,74
13875,C4920,23,443,District-Vidisha,Total,Age Not Stated,23,13,10,5,4,1,7,2,5,0,0,0,3,2,1,0,0,0,0,0,0,6,3,3,2,2,0
13876,C4920,23,443,District-Vidisha,Rural,Total,24753,14872,9881,4281,2274,2007,3573,2091,1482,1090,630,460,7075,4691,2384,970,612,358,585,370,215,5037,2944,2093,2142,1260,882
13877,C4920,23,443,District-Vidisha,Rural,0-4,1102,606,496,185,103,82,166,81,85,26,10,16,196,116,80,19,10,9,9,5,4,427,229,198,74,52,22
13878,C4920,23,443,District-Vidisha,Rural,5-9,1966,1073,893,277,134,143,263,152,111,182,83,99,359,213,146,97,52,45,30,17,13,537,286,251,221,136,85
13879,C4920,23,443,District-Vidisha,Rural,10-19,4313,2644,1669,609,330,279,570,336,234,318,193,125,1053,700,353,263,177,86,85,50,35,997,584,413,418,274,144
13880,C4920,23,443,District-Vidisha,Rural,20-29,3646,2471,1175,395,268,127,384,246,138,198,129,69,1360,985,375,201,125,76,133,101,32,763,477,286,212,140,72
13881,C4920,23,443,District-Vidisha,Rural,30-39,3082,2061,1021,341,216,125,385,277,108,130,84,46,1084,765,319,156,102,54,112,78,34,720,431,289,154,108,46
13882,C4920,23,443,District-Vidisha,Rural,40-49,2351,1577,774,307,199,108,329,203,126,91,51,40,761,554,207,101,75,26,94,60,34,565,361,204,103,74,29
13883,C4920,23,443,District-Vidisha,Rural,50-59,1835,1122,713,374,227,147,297,158,139,53,30,23,558,376,182,56,39,17,55,29,26,361,211,150,81,52,29
13884,C4920,23,443,District-Vidisha,Rural,60-69,2833,1510,1323,755,354,401,480,257,223,58,32,26,818,492,326,54,18,36,43,17,26,371,208,163,254,132,122
13885,C4920,23,443,District-Vidisha,Rural,70-79,2259,1138,1121,661,283,378,442,242,200,26,15,11,565,316,249,19,12,7,19,9,10,200,110,90,327,151,176
13886,C4920,23,443,District-Vidisha,Rural,80-89,959,476,483,289,119,170,190,107,83,6,2,4,226,126,100,3,1,2,4,4,0,65,33,32,176,84,92
13887,C4920,23,443,District-Vidisha,Rural,90+,392,185,207,85,38,47,62,31,31,2,1,1,93,47,46,1,1,0,1,0,1,28,12,16,120,55,65
13888,C4920,23,443,District-Vidisha,Rural,Age Not Stated,15,9,6,3,3,0,5,1,4,0,0,0,2,1,1,0,0,0,0,0,0,3,2,1,2,2,0
13889,C4920,23,443,District-Vidisha,Urban,Total,7530,4410,3120,1020,564,456,1159,652,507,394,221,173,2124,1346,778,435,260,175,231,129,102,1638,946,692,529,292,237
13890,C4920,23,443,District-Vidisha,Urban,0-4,342,191,151,55,32,23,71,42,29,9,8,1,43,28,15,15,5,10,4,1,3,124,63,61,21,12,9
13891,C4920,23,443,District-Vidisha,Urban,5-9,534,291,243,83,47,36,73,37,36,49,28,21,87,49,38,28,13,15,11,7,4,133,66,67,70,44,26
13892,C4920,23,443,District-Vidisha,Urban,10-19,1331,766,565,192,113,79,197,102,95,105,58,47,276,168,108,113,68,45,32,20,12,305,172,133,111,65,46
13893,C4920,23,443,District-Vidisha,Urban,20-29,1186,700,486,127,75,52,151,76,75,74,39,35,363,228,135,88,56,32,54,28,26,261,158,103,68,40,28
13894,C4920,23,443,District-Vidisha,Urban,30-39,1050,650,400,118,66,52,159,103,56,44,20,24,331,219,112,77,50,27,45,25,20,230,142,88,46,25,21
13895,C4920,23,443,District-Vidisha,Urban,40-49,967,632,335,98,59,39,139,92,47,56,35,21,299,212,87,61,42,19,49,27,22,228,143,85,37,22,15
13896,C4920,23,443,District-Vidisha,Urban,50-59,631,390,241,73,39,34,93,57,36,30,19,11,204,138,66,25,13,12,18,11,7,156,89,67,32,24,8
13897,C4920,23,443,District-Vidisha,Urban,60-69,735,425,310,122,63,59,121,64,57,11,5,6,278,172,106,23,12,11,10,6,4,127,77,50,43,26,17
13898,C4920,23,443,District-Vidisha,Urban,70-79,488,256,232,104,51,53,111,58,53,10,7,3,155,93,62,3,1,2,5,4,1,42,22,20,58,20,38
13899,C4920,23,443,District-Vidisha,Urban,80-89,190,81,109,35,13,22,30,16,14,3,1,2,65,28,37,1,0,1,1,0,1,24,12,12,31,11,20
13900,C4920,23,443,District-Vidisha,Urban,90+,68,24,44,11,5,6,12,4,8,3,1,2,22,10,12,1,0,1,2,0,2,5,1,4,12,3,9
13901,C4920,23,443,District-Vidisha,Urban,Age Not Stated,8,4,4,2,1,1,2,1,1,0,0,0,1,1,0,0,0,0,0,0,0,3,1,2,0,0,0
13902,C4920,23,444,District-Bhopal,Total,Total,84502,46820,37682,21346,11636,9710,21843,11352,10491,4553,2567,1986,9899,6257,3642,3917,2249,1668,1351,764,587,17936,9867,8069,3657,2128,1529
13903,C4920,23,444,District-Bhopal,Total,0-4,5734,2937,2797,1802,901,901,1618,802,816,91,40,51,253,141,112,211,114,97,23,12,11,1551,813,738,185,114,71
13904,C4920,23,444,District-Bhopal,Total,5-9,6759,3575,3184,1826,927,899,1804,897,907,501,276,225,363,221,142,359,214,145,73,41,32,1453,771,682,380,228,152
13905,C4920,23,444,District-Bhopal,Total,10-19,15793,8677,7116,4189,2262,1927,4063,2116,1947,1014,568,446,1260,781,479,952,564,388,245,151,94,3326,1780,1546,744,455,289
13906,C4920,23,444,District-Bhopal,Total,20-29,16095,8849,7246,4109,2211,1898,4073,2074,1999,928,500,428,1893,1224,669,838,470,368,285,161,124,3430,1886,1544,539,323,216
13907,C4920,23,444,District-Bhopal,Total,30-39,12861,7303,5558,3093,1796,1297,3389,1731,1658,696,393,303,1617,1064,553,613,363,250,257,157,100,2811,1569,1242,385,230,155
13908,C4920,23,444,District-Bhopal,Total,40-49,9963,5878,4085,2316,1354,962,2653,1475,1178,531,316,215,1313,890,423,429,239,190,219,132,87,2204,1282,922,298,190,108
13909,C4920,23,444,District-Bhopal,Total,50-59,6677,3872,2805,1593,905,688,1688,937,751,358,219,139,1023,681,342,253,136,117,123,53,70,1394,801,593,245,140,105
13910,C4920,23,444,District-Bhopal,Total,60-69,5424,3016,2408,1279,703,576,1232,648,584,254,153,101,1131,677,454,135,79,56,66,28,38,993,547,446,334,181,153
13911,C4920,23,444,District-Bhopal,Total,70-79,3005,1593,1412,675,343,332,759,400,359,94,57,37,658,374,284,69,38,31,34,19,15,424,214,210,292,148,144
13912,C4920,23,444,District-Bhopal,Total,80-89,1212,601,611,264,122,142,282,136,146,29,13,16,268,142,126,25,12,13,18,4,14,165,96,69,161,76,85
13913,C4920,23,444,District-Bhopal,Total,90+,522,268,254,110,62,48,132,61,71,25,9,16,94,51,43,15,7,8,3,2,1,69,41,28,74,35,39
13914,C4920,23,444,District-Bhopal,Total,Age Not Stated,457,251,206,90,50,40,150,75,75,32,23,9,26,11,15,18,13,5,5,4,1,116,67,49,20,8,12
13915,C4920,23,444,District-Bhopal,Rural,Total,10572,6153,4419,1705,928,777,1654,920,734,501,296,205,2591,1664,927,580,353,227,275,163,112,2420,1337,1083,846,492,354
13916,C4920,23,444,District-Bhopal,Rural,0-4,562,288,274,112,58,54,89,47,42,12,5,7,55,28,27,21,15,6,4,2,2,230,112,118,39,21,18
13917,C4920,23,444,District-Bhopal,Rural,5-9,906,497,409,117,49,68,147,84,63,84,49,35,132,81,51,70,46,24,20,9,11,228,104,124,108,75,33
13918,C4920,23,444,District-Bhopal,Rural,10-19,2043,1190,853,327,180,147,290,154,136,153,95,58,388,246,142,171,101,70,50,30,20,509,278,231,155,106,49
13919,C4920,23,444,District-Bhopal,Rural,20-29,1680,1059,621,192,112,80,260,163,97,66,44,22,543,365,178,102,67,35,64,36,28,371,216,155,82,56,26
13920,C4920,23,444,District-Bhopal,Rural,30-39,1370,853,517,162,99,63,205,120,85,66,38,28,407,278,129,82,46,36,46,32,14,329,194,135,73,46,27
13921,C4920,23,444,District-Bhopal,Rural,40-49,1024,643,381,122,76,46,165,96,69,36,17,19,291,203,88,68,43,25,46,32,14,256,152,104,40,24,16
13922,C4920,23,444,District-Bhopal,Rural,50-59,762,442,320,147,83,64,125,69,56,26,15,11,208,136,72,25,9,16,26,11,15,170,103,67,35,16,19
13923,C4920,23,444,District-Bhopal,Rural,60-69,932,518,414,207,112,95,134,69,65,30,18,12,266,159,107,20,14,6,12,5,7,171,99,72,92,42,50
13924,C4920,23,444,District-Bhopal,Rural,70-79,728,371,357,181,91,90,138,68,70,19,10,9,179,99,80,10,6,4,4,3,1,99,44,55,98,50,48
13925,C4920,23,444,District-Bhopal,Rural,80-89,361,188,173,87,38,49,60,30,30,5,3,2,89,52,37,6,3,3,2,2,0,36,25,11,76,35,41
13926,C4920,23,444,District-Bhopal,Rural,90+,172,89,83,45,26,19,37,18,19,1,0,1,29,15,14,3,1,2,0,0,0,13,8,5,44,21,23
13927,C4920,23,444,District-Bhopal,Rural,Age Not Stated,32,15,17,6,4,2,4,2,2,3,2,1,4,2,2,2,2,0,1,1,0,8,2,6,4,0,4
13928,C4920,23,444,District-Bhopal,Urban,Total,73930,40667,33263,19641,10708,8933,20189,10432,9757,4052,2271,1781,7308,4593,2715,3337,1896,1441,1076,601,475,15516,8530,6986,2811,1636,1175
13929,C4920,23,444,District-Bhopal,Urban,0-4,5172,2649,2523,1690,843,847,1529,755,774,79,35,44,198,113,85,190,99,91,19,10,9,1321,701,620,146,93,53
13930,C4920,23,444,District-Bhopal,Urban,5-9,5853,3078,2775,1709,878,831,1657,813,844,417,227,190,231,140,91,289,168,121,53,32,21,1225,667,558,272,153,119
13931,C4920,23,444,District-Bhopal,Urban,10-19,13750,7487,6263,3862,2082,1780,3773,1962,1811,861,473,388,872,535,337,781,463,318,195,121,74,2817,1502,1315,589,349,240
13932,C4920,23,444,District-Bhopal,Urban,20-29,14415,7790,6625,3917,2099,1818,3813,1911,1902,862,456,406,1350,859,491,736,403,333,221,125,96,3059,1670,1389,457,267,190
13933,C4920,23,444,District-Bhopal,Urban,30-39,11491,6450,5041,2931,1697,1234,3184,1611,1573,630,355,275,1210,786,424,531,317,214,211,125,86,2482,1375,1107,312,184,128
13934,C4920,23,444,District-Bhopal,Urban,40-49,8939,5235,3704,2194,1278,916,2488,1379,1109,495,299,196,1022,687,335,361,196,165,173,100,73,1948,1130,818,258,166,92
13935,C4920,23,444,District-Bhopal,Urban,50-59,5915,3430,2485,1446,822,624,1563,868,695,332,204,128,815,545,270,228,127,101,97,42,55,1224,698,526,210,124,86
13936,C4920,23,444,District-Bhopal,Urban,60-69,4492,2498,1994,1072,591,481,1098,579,519,224,135,89,865,518,347,115,65,50,54,23,31,822,448,374,242,139,103
13937,C4920,23,444,District-Bhopal,Urban,70-79,2277,1222,1055,494,252,242,621,332,289,75,47,28,479,275,204,59,32,27,30,16,14,325,170,155,194,98,96
13938,C4920,23,444,District-Bhopal,Urban,80-89,851,413,438,177,84,93,222,106,116,24,10,14,179,90,89,19,9,10,16,2,14,129,71,58,85,41,44
13939,C4920,23,444,District-Bhopal,Urban,90+,350,179,171,65,36,29,95,43,52,24,9,15,65,36,29,12,6,6,3,2,1,56,33,23,30,14,16
13940,C4920,23,444,District-Bhopal,Urban,Age Not Stated,425,236,189,84,46,38,146,73,73,29,21,8,22,9,13,16,11,5,4,3,1,108,65,43,16,8,8
13941,C4920,23,445,District-Sehore,Total,Total,37003,21059,15944,6358,3273,3085,5221,2902,2319,1364,806,558,11112,6815,4297,1842,1115,727,1004,580,424,6327,3581,2746,3775,1987,1788
13942,C4920,23,445,District-Sehore,Total,0-4,1410,774,636,269,146,123,210,108,102,37,17,20,209,115,94,64,32,32,11,6,5,485,269,216,125,81,44
13943,C4920,23,445,District-Sehore,Total,5-9,2239,1269,970,315,187,128,293,152,141,218,129,89,375,221,154,180,102,78,39,19,20,541,288,253,278,171,107
13944,C4920,23,445,District-Sehore,Total,10-19,5520,3198,2322,790,441,349,710,400,310,351,208,143,1289,803,486,515,318,197,164,94,70,1169,628,541,532,306,226
13945,C4920,23,445,District-Sehore,Total,20-29,5263,3390,1873,543,344,199,610,375,235,228,141,87,2068,1423,645,331,212,119,187,115,72,980,580,400,316,200,116
13946,C4920,23,445,District-Sehore,Total,30-39,4538,2915,1623,441,274,167,492,293,199,164,102,62,1856,1266,590,280,179,101,178,106,72,886,540,346,241,155,86
13947,C4920,23,445,District-Sehore,Total,40-49,3726,2344,1382,540,311,229,483,294,189,134,81,53,1197,798,399,200,134,66,193,117,76,795,485,310,184,124,60
13948,C4920,23,445,District-Sehore,Total,50-59,2929,1701,1228,564,305,259,439,237,202,89,50,39,919,586,333,123,61,62,92,53,39,510,295,215,193,114,79
13949,C4920,23,445,District-Sehore,Total,60-69,4021,2054,1967,1045,488,557,673,352,321,81,46,35,1232,652,580,84,46,38,75,43,32,439,231,208,392,196,196
13950,C4920,23,445,District-Sehore,Total,70-79,4141,1991,2150,1110,465,645,786,428,358,40,23,17,1121,573,548,42,19,23,51,22,29,332,173,159,659,288,371
13951,C4920,23,445,District-Sehore,Total,80-89,2257,1012,1245,554,233,321,397,201,196,17,7,10,578,264,314,15,8,7,12,5,7,128,59,69,556,235,321
13952,C4920,23,445,District-Sehore,Total,90+,938,401,537,187,79,108,126,62,64,5,2,3,260,111,149,6,3,3,1,0,1,57,30,27,296,114,182
13953,C4920,23,445,District-Sehore,Total,Age Not Stated,21,10,11,0,0,0,2,0,2,0,0,0,8,3,5,2,1,1,1,0,1,5,3,2,3,3,0
13954,C4920,23,445,District-Sehore,Rural,Total,31272,17739,13533,5374,2737,2637,4369,2437,1932,1076,642,434,9489,5795,3694,1420,855,565,814,470,344,5420,3070,2350,3310,1733,1577
13955,C4920,23,445,District-Sehore,Rural,0-4,1173,638,535,212,111,101,157,76,81,30,15,15,185,103,82,46,20,26,10,5,5,424,236,188,109,72,37
13956,C4920,23,445,District-Sehore,Rural,5-9,1867,1061,806,248,150,98,230,120,110,189,110,79,329,195,134,143,78,65,31,15,16,467,252,215,230,141,89
13957,C4920,23,445,District-Sehore,Rural,10-19,4471,2621,1850,600,341,259,550,308,242,272,164,108,1100,690,410,382,237,145,134,80,54,1001,552,449,432,249,183
13958,C4920,23,445,District-Sehore,Rural,20-29,4193,2779,1414,377,244,133,465,300,165,169,110,59,1719,1220,499,246,161,85,142,87,55,814,485,329,261,172,89
13959,C4920,23,445,District-Sehore,Rural,30-39,3688,2389,1299,334,211,123,389,240,149,127,77,50,1541,1053,488,224,144,80,140,85,55,746,453,293,187,126,61
13960,C4920,23,445,District-Sehore,Rural,40-49,3048,1901,1147,437,252,185,387,235,152,103,63,40,972,631,341,157,101,56,164,101,63,668,411,257,160,107,53
13961,C4920,23,445,District-Sehore,Rural,50-59,2452,1402,1050,487,259,228,369,202,167,66,36,30,760,474,286,97,49,48,73,40,33,437,250,187,163,92,71
13962,C4920,23,445,District-Sehore,Rural,60-69,3598,1807,1791,955,445,510,605,313,292,67,37,30,1087,566,521,75,40,35,64,35,29,384,192,192,361,179,182
13963,C4920,23,445,District-Sehore,Rural,70-79,3821,1830,1991,1040,436,604,733,399,334,35,22,13,1023,517,506,34,17,17,43,18,25,301,152,149,612,269,343
13964,C4920,23,445,District-Sehore,Rural,80-89,2083,928,1155,511,212,299,365,186,179,15,6,9,529,242,287,10,5,5,11,4,7,120,56,64,522,217,305
13965,C4920,23,445,District-Sehore,Rural,90+,865,375,490,173,76,97,119,58,61,3,2,1,238,101,137,6,3,3,1,0,1,55,29,26,270,106,164
13966,C4920,23,445,District-Sehore,Rural,Age Not Stated,13,8,5,0,0,0,0,0,0,0,0,0,6,3,3,0,0,0,1,0,1,3,2,1,3,3,0
13967,C4920,23,445,District-Sehore,Urban,Total,5731,3320,2411,984,536,448,852,465,387,288,164,124,1623,1020,603,422,260,162,190,110,80,907,511,396,465,254,211
13968,C4920,23,445,District-Sehore,Urban,0-4,237,136,101,57,35,22,53,32,21,7,2,5,24,12,12,18,12,6,1,1,0,61,33,28,16,9,7
13969,C4920,23,445,District-Sehore,Urban,5-9,372,208,164,67,37,30,63,32,31,29,19,10,46,26,20,37,24,13,8,4,4,74,36,38,48,30,18
13970,C4920,23,445,District-Sehore,Urban,10-19,1049,577,472,190,100,90,160,92,68,79,44,35,189,113,76,133,81,52,30,14,16,168,76,92,100,57,43
13971,C4920,23,445,District-Sehore,Urban,20-29,1070,611,459,166,100,66,145,75,70,59,31,28,349,203,146,85,51,34,45,28,17,166,95,71,55,28,27
13972,C4920,23,445,District-Sehore,Urban,30-39,850,526,324,107,63,44,103,53,50,37,25,12,315,213,102,56,35,21,38,21,17,140,87,53,54,29,25
13973,C4920,23,445,District-Sehore,Urban,40-49,678,443,235,103,59,44,96,59,37,31,18,13,225,167,58,43,33,10,29,16,13,127,74,53,24,17,7
13974,C4920,23,445,District-Sehore,Urban,50-59,477,299,178,77,46,31,70,35,35,23,14,9,159,112,47,26,12,14,19,13,6,73,45,28,30,22,8
13975,C4920,23,445,District-Sehore,Urban,60-69,423,247,176,90,43,47,68,39,29,14,9,5,145,86,59,9,6,3,11,8,3,55,39,16,31,17,14
13976,C4920,23,445,District-Sehore,Urban,70-79,320,161,159,70,29,41,53,29,24,5,1,4,98,56,42,8,2,6,8,4,4,31,21,10,47,19,28
13977,C4920,23,445,District-Sehore,Urban,80-89,174,84,90,43,21,22,32,15,17,2,1,1,49,22,27,5,3,2,1,1,0,8,3,5,34,18,16
13978,C4920,23,445,District-Sehore,Urban,90+,73,26,47,14,3,11,7,4,3,2,0,2,22,10,12,0,0,0,0,0,0,2,1,1,26,8,18
13979,C4920,23,445,District-Sehore,Urban,Age Not Stated,8,2,6,0,0,0,2,0,2,0,0,0,2,0,2,2,1,1,0,0,0,2,1,1,0,0,0
13980,C4920,23,446,District-Raisen,Total,Total,28907,17074,11833,5406,2990,2416,4667,2642,2025,1341,825,516,7506,4848,2658,1398,860,538,755,449,306,5124,2902,2222,2710,1558,1152
13981,C4920,23,446,District-Raisen,Total,0-4,1397,764,633,299,159,140,268,135,133,30,19,11,222,140,82,48,27,21,7,3,4,425,225,200,98,56,42
13982,C4920,23,446,District-Raisen,Total,5-9,2171,1201,970,425,227,198,349,182,167,207,126,81,334,203,131,109,55,54,32,20,12,474,238,236,241,150,91
13983,C4920,23,446,District-Raisen,Total,10-19,4991,2954,2037,851,495,356,766,436,330,356,221,135,1069,666,403,381,237,144,131,76,55,967,535,432,470,288,182
13984,C4920,23,446,District-Raisen,Total,20-29,4310,2828,1482,567,364,203,553,343,210,236,147,89,1311,935,376,296,191,105,154,102,52,893,548,345,300,198,102
13985,C4920,23,446,District-Raisen,Total,30-39,3538,2223,1315,540,313,227,558,336,222,195,121,74,937,659,278,224,138,86,152,91,61,735,433,302,197,132,65
13986,C4920,23,446,District-Raisen,Total,40-49,3035,1928,1107,526,330,196,517,307,210,113,73,40,856,597,259,162,114,48,134,76,58,570,325,245,157,106,51
13987,C4920,23,446,District-Raisen,Total,50-59,2332,1455,877,488,287,201,356,216,140,74,46,28,663,439,224,81,50,31,67,41,26,432,262,170,171,114,57
13988,C4920,23,446,District-Raisen,Total,60-69,2948,1581,1367,731,368,363,526,278,248,77,44,33,912,530,382,52,21,31,54,28,26,334,188,146,262,124,138
13989,C4920,23,446,District-Raisen,Total,70-79,2476,1294,1182,634,297,337,459,245,214,30,18,12,744,434,310,35,23,12,12,5,7,175,90,85,387,182,205
13990,C4920,23,446,District-Raisen,Total,80-89,1228,618,610,266,117,149,241,126,115,13,4,9,330,171,159,7,3,4,9,6,3,77,39,38,285,152,133
13991,C4920,23,446,District-Raisen,Total,90+,463,221,242,79,33,46,71,36,35,6,3,3,127,73,54,3,1,2,3,1,2,34,18,16,140,56,84
13992,C4920,23,446,District-Raisen,Total,Age Not Stated,18,7,11,0,0,0,3,2,1,4,3,1,1,1,0,0,0,0,0,0,0,8,1,7,2,0,2
13993,C4920,23,446,District-Raisen,Rural,Total,23563,13758,9805,4564,2507,2057,3851,2159,1692,1020,634,386,5984,3821,2163,1100,675,425,577,331,246,4204,2340,1864,2263,1291,972
13994,C4920,23,446,District-Raisen,Rural,0-4,1118,597,521,248,125,123,223,112,111,21,12,9,173,106,67,42,22,20,6,2,4,335,175,160,70,43,27
13995,C4920,23,446,District-Raisen,Rural,5-9,1759,960,799,346,180,166,296,152,144,161,105,56,263,161,102,90,45,45,22,11,11,392,192,200,189,114,75
13996,C4920,23,446,District-Raisen,Rural,10-19,3965,2340,1625,681,393,288,614,348,266,278,174,104,842,525,317,299,191,108,102,55,47,781,431,350,368,223,145
13997,C4920,23,446,District-Raisen,Rural,20-29,3354,2204,1150,456,305,151,440,270,170,177,108,69,1015,728,287,221,143,78,105,69,36,708,429,279,232,152,80
13998,C4920,23,446,District-Raisen,Rural,30-39,2771,1739,1032,437,257,180,436,266,170,150,95,55,700,492,208,170,103,67,122,70,52,594,344,250,162,112,50
13999,C4920,23,446,District-Raisen,Rural,40-49,2420,1501,919,445,279,166,403,235,168,81,53,28,637,436,201,137,96,41,110,63,47,472,249,223,135,90,45
14000,C4920,23,446,District-Raisen,Rural,50-59,1921,1187,734,423,249,174,295,174,121,54,35,19,519,338,181,63,40,23,54,31,23,371,225,146,142,95,47
14001,C4920,23,446,District-Raisen,Rural,60-69,2549,1342,1207,653,326,327,465,242,223,54,30,24,770,434,336,41,14,27,39,20,19,292,162,130,235,114,121
14002,C4920,23,446,District-Raisen,Rural,70-79,2207,1151,1056,568,267,301,405,220,185,26,16,10,660,381,279,29,18,11,7,4,3,162,82,80,350,163,187
14003,C4920,23,446,District-Raisen,Rural,80-89,1079,531,548,236,97,139,211,107,104,10,2,8,296,153,143,5,2,3,7,5,2,60,33,27,254,132,122
14004,C4920,23,446,District-Raisen,Rural,90+,407,201,206,71,29,42,60,31,29,5,2,3,109,67,42,3,1,2,3,1,2,31,17,14,125,53,72
14005,C4920,23,446,District-Raisen,Rural,Age Not Stated,13,5,8,0,0,0,3,2,1,3,2,1,0,0,0,0,0,0,0,0,0,6,1,5,1,0,1
14006,C4920,23,446,District-Raisen,Urban,Total,5344,3316,2028,842,483,359,816,483,333,321,191,130,1522,1027,495,298,185,113,178,118,60,920,562,358,447,267,180
14007,C4920,23,446,District-Raisen,Urban,0-4,279,167,112,51,34,17,45,23,22,9,7,2,49,34,15,6,5,1,1,1,0,90,50,40,28,13,15
14008,C4920,23,446,District-Raisen,Urban,5-9,412,241,171,79,47,32,53,30,23,46,21,25,71,42,29,19,10,9,10,9,1,82,46,36,52,36,16
14009,C4920,23,446,District-Raisen,Urban,10-19,1026,614,412,170,102,68,152,88,64,78,47,31,227,141,86,82,46,36,29,21,8,186,104,82,102,65,37
14010,C4920,23,446,District-Raisen,Urban,20-29,956,624,332,111,59,52,113,73,40,59,39,20,296,207,89,75,48,27,49,33,16,185,119,66,68,46,22
14011,C4920,23,446,District-Raisen,Urban,30-39,767,484,283,103,56,47,122,70,52,45,26,19,237,167,70,54,35,19,30,21,9,141,89,52,35,20,15
14012,C4920,23,446,District-Raisen,Urban,40-49,615,427,188,81,51,30,114,72,42,32,20,12,219,161,58,25,18,7,24,13,11,98,76,22,22,16,6
14013,C4920,23,446,District-Raisen,Urban,50-59,411,268,143,65,38,27,61,42,19,20,11,9,144,101,43,18,10,8,13,10,3,61,37,24,29,19,10
14014,C4920,23,446,District-Raisen,Urban,60-69,399,239,160,78,42,36,61,36,25,23,14,9,142,96,46,11,7,4,15,8,7,42,26,16,27,10,17
14015,C4920,23,446,District-Raisen,Urban,70-79,269,143,126,66,30,36,54,25,29,4,2,2,84,53,31,6,5,1,5,1,4,13,8,5,37,19,18
14016,C4920,23,446,District-Raisen,Urban,80-89,149,87,62,30,20,10,30,19,11,3,2,1,34,18,16,2,1,1,2,1,1,17,6,11,31,20,11
14017,C4920,23,446,District-Raisen,Urban,90+,56,20,36,8,4,4,11,5,6,1,1,0,18,6,12,0,0,0,0,0,0,3,1,2,15,3,12
14018,C4920,23,446,District-Raisen,Urban,Age Not Stated,5,2,3,0,0,0,0,0,0,1,1,0,1,1,0,0,0,0,0,0,0,2,0,2,1,0,1
14019,C4920,23,447,District-Betul,Total,Total,36402,20237,16165,6776,3457,3319,4877,2676,2201,1419,777,642,10269,6207,4062,1909,1079,830,1108,590,518,6100,3389,2711,3944,2062,1882
14020,C4920,23,447,District-Betul,Total,0-4,1273,681,592,216,115,101,170,85,85,23,12,11,231,139,92,47,25,22,16,9,7,417,206,211,153,90,63
14021,C4920,23,447,District-Betul,Total,5-9,2102,1125,977,349,173,176,256,138,118,165,90,75,361,201,160,160,88,72,56,29,27,436,222,214,319,184,135
14022,C4920,23,447,District-Betul,Total,10-19,5862,3219,2643,1017,563,454,720,372,348,372,209,163,1206,697,509,559,301,258,188,94,94,1136,610,526,664,373,291
14023,C4920,23,447,District-Betul,Total,20-29,5122,3048,2074,620,372,248,566,323,243,249,129,120,1666,1074,592,387,213,174,202,115,87,991,574,417,441,248,193
14024,C4920,23,447,District-Betul,Total,30-39,4143,2553,1590,549,322,227,485,293,192,194,117,77,1302,889,413,282,166,116,239,130,109,816,481,335,276,155,121
14025,C4920,23,447,District-Betul,Total,40-49,4242,2592,1650,677,384,293,542,315,227,162,88,74,1348,906,442,228,140,88,193,113,80,822,489,333,270,157,113
14026,C4920,23,447,District-Betul,Total,50-59,3574,2097,1477,741,383,358,516,297,219,100,58,42,1188,737,451,123,88,35,103,58,45,576,349,227,227,127,100
14027,C4920,23,447,District-Betul,Total,60-69,4220,2055,2165,1105,449,656,629,314,315,80,43,37,1328,736,592,69,35,34,68,23,45,475,250,225,466,205,261
14028,C4920,23,447,District-Betul,Total,70-79,3732,1793,1939,991,445,546,670,346,324,54,23,31,1060,531,529,34,12,22,28,12,16,290,139,151,605,285,320
14029,C4920,23,447,District-Betul,Total,80-89,1593,812,781,404,195,209,240,143,97,13,6,7,445,236,209,12,6,6,8,2,6,98,49,49,373,175,198
14030,C4920,23,447,District-Betul,Total,90+,489,234,255,100,50,50,76,46,30,6,2,4,128,58,70,5,3,2,4,3,1,26,12,14,144,60,84
14031,C4920,23,447,District-Betul,Total,Age Not Stated,50,28,22,7,6,1,7,4,3,1,0,1,6,3,3,3,2,1,3,2,1,17,8,9,6,3,3
14032,C4920,23,447,District-Betul,Rural,Total,30318,16662,13656,6065,3055,3010,4082,2232,1850,1144,613,531,8394,5008,3386,1528,849,679,858,448,410,4957,2745,2212,3290,1712,1578
14033,C4920,23,447,District-Betul,Rural,0-4,1106,586,520,196,103,93,150,72,78,21,11,10,203,120,83,43,23,20,13,7,6,351,173,178,129,77,52
14034,C4920,23,447,District-Betul,Rural,5-9,1775,945,830,316,153,163,220,122,98,136,74,62,306,168,138,134,71,63,44,21,23,366,188,178,253,148,105
14035,C4920,23,447,District-Betul,Rural,10-19,4865,2663,2202,890,493,397,598,301,297,308,169,139,976,555,421,465,252,213,143,66,77,963,525,438,522,302,220
14036,C4920,23,447,District-Betul,Rural,20-29,4060,2411,1649,520,310,210,458,262,196,192,98,94,1346,863,483,286,154,132,157,91,66,780,456,324,321,177,144
14037,C4920,23,447,District-Betul,Rural,30-39,3321,2050,1271,470,278,192,379,229,150,160,94,66,1035,709,326,220,127,93,194,103,91,641,385,256,222,125,97
14038,C4920,23,447,District-Betul,Rural,40-49,3412,2078,1334,589,332,257,448,264,184,125,70,55,1063,709,354,179,112,67,143,83,60,640,380,260,225,128,97
14039,C4920,23,447,District-Betul,Rural,50-59,2901,1661,1240,650,327,323,425,250,175,84,46,38,952,575,377,96,64,32,75,42,33,431,254,177,188,103,85
14040,C4920,23,447,District-Betul,Rural,60-69,3704,1752,1952,1031,410,621,553,272,281,60,30,30,1118,606,512,56,26,30,53,19,34,407,204,203,426,185,241
14041,C4920,23,447,District-Betul,Rural,70-79,3302,1570,1732,929,413,516,583,302,281,42,15,27,902,449,453,30,10,20,23,10,13,253,117,136,540,254,286
14042,C4920,23,447,District-Betul,Rural,80-89,1409,722,687,379,185,194,202,123,79,10,5,5,381,199,182,12,6,6,7,2,5,88,45,43,330,157,173
14043,C4920,23,447,District-Betul,Rural,90+,420,202,218,89,46,43,60,32,28,5,1,4,107,53,54,5,3,2,4,3,1,22,11,11,128,53,75
14044,C4920,23,447,District-Betul,Rural,Age Not Stated,43,22,21,6,5,1,6,3,3,1,0,1,5,2,3,2,1,1,2,1,1,15,7,8,6,3,3
14045,C4920,23,447,District-Betul,Urban,Total,6084,3575,2509,711,402,309,795,444,351,275,164,111,1875,1199,676,381,230,151,250,142,108,1143,644,499,654,350,304
14046,C4920,23,447,District-Betul,Urban,0-4,167,95,72,20,12,8,20,13,7,2,1,1,28,19,9,4,2,2,3,2,1,66,33,33,24,13,11
14047,C4920,23,447,District-Betul,Urban,5-9,327,180,147,33,20,13,36,16,20,29,16,13,55,33,22,26,17,9,12,8,4,70,34,36,66,36,30
14048,C4920,23,447,District-Betul,Urban,10-19,997,556,441,127,70,57,122,71,51,64,40,24,230,142,88,94,49,45,45,28,17,173,85,88,142,71,71
14049,C4920,23,447,District-Betul,Urban,20-29,1062,637,425,100,62,38,108,61,47,57,31,26,320,211,109,101,59,42,45,24,21,211,118,93,120,71,49
14050,C4920,23,447,District-Betul,Urban,30-39,822,503,319,79,44,35,106,64,42,34,23,11,267,180,87,62,39,23,45,27,18,175,96,79,54,30,24
14051,C4920,23,447,District-Betul,Urban,40-49,830,514,316,88,52,36,94,51,43,37,18,19,285,197,88,49,28,21,50,30,20,182,109,73,45,29,16
14052,C4920,23,447,District-Betul,Urban,50-59,673,436,237,91,56,35,91,47,44,16,12,4,236,162,74,27,24,3,28,16,12,145,95,50,39,24,15
14053,C4920,23,447,District-Betul,Urban,60-69,516,303,213,74,39,35,76,42,34,20,13,7,210,130,80,13,9,4,15,4,11,68,46,22,40,20,20
14054,C4920,23,447,District-Betul,Urban,70-79,430,223,207,62,32,30,87,44,43,12,8,4,158,82,76,4,2,2,5,2,3,37,22,15,65,31,34
14055,C4920,23,447,District-Betul,Urban,80-89,184,90,94,25,10,15,38,20,18,3,1,2,64,37,27,0,0,0,1,0,1,10,4,6,43,18,25
14056,C4920,23,447,District-Betul,Urban,90+,69,32,37,11,4,7,16,14,2,1,1,0,21,5,16,0,0,0,0,0,0,4,1,3,16,7,9
14057,C4920,23,447,District-Betul,Urban,Age Not Stated,7,6,1,1,1,0,1,1,0,0,0,0,1,1,0,1,1,0,1,1,0,2,1,1,0,0,0
14058,C4920,23,448,District-Harda ,Total,Total,12568,7237,5331,2670,1404,1266,1802,1019,783,550,330,220,2957,1829,1128,820,496,324,290,170,120,2252,1307,945,1227,682,545
14059,C4920,23,448,District-Harda ,Total,0-4,545,293,252,135,67,68,89,48,41,12,6,6,83,48,35,32,19,13,3,1,2,149,83,66,42,21,21
14060,C4920,23,448,District-Harda ,Total,5-9,938,526,412,173,100,73,128,75,53,86,48,38,139,82,57,65,27,38,17,9,8,216,115,101,114,70,44
14061,C4920,23,448,District-Harda ,Total,10-19,2391,1344,1047,532,268,264,310,184,126,155,95,60,431,246,185,252,144,108,48,30,18,444,254,190,219,123,96
14062,C4920,23,448,District-Harda ,Total,20-29,1826,1123,703,309,189,120,233,133,100,76,48,28,524,345,179,137,93,44,61,33,28,330,189,141,156,93,63
14063,C4920,23,448,District-Harda ,Total,30-39,1574,968,606,262,149,113,213,120,93,73,49,24,406,272,134,134,85,49,57,39,18,325,196,129,104,58,46
14064,C4920,23,448,District-Harda ,Total,40-49,1380,872,508,263,151,112,186,118,68,50,34,16,382,248,134,93,67,26,49,28,21,287,176,111,70,50,20
14065,C4920,23,448,District-Harda ,Total,50-59,1120,683,437,265,152,113,163,91,72,40,22,18,289,202,87,54,34,20,28,15,13,207,122,85,74,45,29
14066,C4920,23,448,District-Harda ,Total,60-69,1186,658,528,321,159,162,176,95,81,31,12,19,303,188,115,33,18,15,15,10,5,168,106,62,139,70,69
14067,C4920,23,448,District-Harda ,Total,70-79,972,473,499,268,111,157,177,90,87,14,8,6,259,131,128,12,4,8,8,3,5,80,42,38,154,84,70
14068,C4920,23,448,District-Harda ,Total,80-89,456,207,249,105,41,64,86,39,47,9,5,4,111,55,56,2,1,1,3,1,2,27,14,13,113,51,62
14069,C4920,23,448,District-Harda ,Total,90+,165,82,83,35,17,18,39,25,14,2,1,1,28,11,17,3,2,1,1,1,0,16,8,8,41,17,24
14070,C4920,23,448,District-Harda ,Total,Age Not Stated,15,8,7,2,0,2,2,1,1,2,2,0,2,1,1,3,2,1,0,0,0,3,2,1,1,0,1
14071,C4920,23,448,District-Harda ,Rural,Total,10199,5842,4357,2265,1184,1081,1490,846,644,427,265,162,2379,1465,914,641,382,259,212,125,87,1751,1010,741,1034,565,469
14072,C4920,23,448,District-Harda ,Rural,0-4,459,246,213,120,59,61,71,42,29,9,6,3,71,39,32,25,15,10,3,1,2,125,67,58,35,17,18
14073,C4920,23,448,District-Harda ,Rural,5-9,787,443,344,154,89,65,110,63,47,75,45,30,115,68,47,59,26,33,10,7,3,173,89,84,91,56,35
14074,C4920,23,448,District-Harda ,Rural,10-19,1932,1094,838,418,210,208,270,159,111,115,73,42,363,208,155,207,115,92,33,22,11,344,209,135,182,98,84
14075,C4920,23,448,District-Harda ,Rural,20-29,1441,912,529,243,155,88,182,107,75,62,40,22,427,289,138,104,74,30,47,28,19,257,146,111,119,73,46
14076,C4920,23,448,District-Harda ,Rural,30-39,1246,756,490,226,126,100,159,89,70,56,39,17,322,212,110,100,61,39,40,27,13,253,152,101,90,50,40
14077,C4920,23,448,District-Harda ,Rural,40-49,1079,678,401,220,124,96,150,96,54,34,25,9,292,189,103,66,48,18,37,19,18,219,134,85,61,43,18
14078,C4920,23,448,District-Harda ,Rural,50-59,879,514,365,226,127,99,132,71,61,32,16,16,217,148,69,37,24,13,23,11,12,154,83,71,58,34,24
14079,C4920,23,448,District-Harda ,Rural,60-69,960,525,435,279,139,140,143,80,63,21,8,13,240,147,93,28,13,15,9,5,4,122,75,47,118,58,60
14080,C4920,23,448,District-Harda ,Rural,70-79,854,408,446,245,98,147,161,83,78,12,6,6,210,103,107,8,2,6,7,3,4,70,36,34,141,77,64
14081,C4920,23,448,District-Harda ,Rural,80-89,403,185,218,99,40,59,77,35,42,7,4,3,95,50,45,2,1,1,2,1,1,21,12,9,100,42,58
14082,C4920,23,448,District-Harda ,Rural,90+,144,73,71,33,17,16,33,20,13,2,1,1,25,11,14,2,1,1,1,1,0,10,5,5,38,17,21
14083,C4920,23,448,District-Harda ,Rural,Age Not Stated,15,8,7,2,0,2,2,1,1,2,2,0,2,1,1,3,2,1,0,0,0,3,2,1,1,0,1
14084,C4920,23,448,District-Harda ,Urban,Total,2369,1395,974,405,220,185,312,173,139,123,65,58,578,364,214,179,114,65,78,45,33,501,297,204,193,117,76
14085,C4920,23,448,District-Harda ,Urban,0-4,86,47,39,15,8,7,18,6,12,3,0,3,12,9,3,7,4,3,0,0,0,24,16,8,7,4,3
14086,C4920,23,448,District-Harda ,Urban,5-9,151,83,68,19,11,8,18,12,6,11,3,8,24,14,10,6,1,5,7,2,5,43,26,17,23,14,9
14087,C4920,23,448,District-Harda ,Urban,10-19,459,250,209,114,58,56,40,25,15,40,22,18,68,38,30,45,29,16,15,8,7,100,45,55,37,25,12
14088,C4920,23,448,District-Harda ,Urban,20-29,385,211,174,66,34,32,51,26,25,14,8,6,97,56,41,33,19,14,14,5,9,73,43,30,37,20,17
14089,C4920,23,448,District-Harda ,Urban,30-39,328,212,116,36,23,13,54,31,23,17,10,7,84,60,24,34,24,10,17,12,5,72,44,28,14,8,6
14090,C4920,23,448,District-Harda ,Urban,40-49,301,194,107,43,27,16,36,22,14,16,9,7,90,59,31,27,19,8,12,9,3,68,42,26,9,7,2
14091,C4920,23,448,District-Harda ,Urban,50-59,241,169,72,39,25,14,31,20,11,8,6,2,72,54,18,17,10,7,5,4,1,53,39,14,16,11,5
14092,C4920,23,448,District-Harda ,Urban,60-69,226,133,93,42,20,22,33,15,18,10,4,6,63,41,22,5,5,0,6,5,1,46,31,15,21,12,9
14093,C4920,23,448,District-Harda ,Urban,70-79,118,65,53,23,13,10,16,7,9,2,2,0,49,28,21,4,2,2,1,0,1,10,6,4,13,7,6
14094,C4920,23,448,District-Harda ,Urban,80-89,53,22,31,6,1,5,9,4,5,2,1,1,16,5,11,0,0,0,1,0,1,6,2,4,13,9,4
14095,C4920,23,448,District-Harda ,Urban,90+,21,9,12,2,0,2,6,5,1,0,0,0,3,0,3,1,1,0,0,0,0,6,3,3,3,0,3
14096,C4920,23,448,District-Harda ,Urban,Age Not Stated,0,0,0,0,0,0,0,0,0,0,0,0,0,0,0,0,0,0,0,0,0,0,0,0,0,0,0
14097,C4920,23,449,District-Hoshangabad,Total,Total,29419,17129,12290,5003,2671,2332,4074,2311,1763,1355,798,557,8061,5199,2862,1658,989,669,925,560,365,5274,2969,2305,3069,1632,1437
14098,C4920,23,449,District-Hoshangabad,Total,0-4,1040,552,488,190,88,102,124,73,51,25,15,10,180,111,69,45,21,24,12,7,5,371,184,187,93,53,40
14099,C4920,23,449,District-Hoshangabad,Total,5-9,1827,1029,798,288,153,135,238,133,105,166,99,67,313,191,122,135,74,61,33,18,15,403,200,203,251,161,90
14100,C4920,23,449,District-Hoshangabad,Total,10-19,4747,2779,1968,721,419,302,612,355,257,347,209,138,1040,654,386,438,263,175,149,88,61,907,484,423,533,307,226
14101,C4920,23,449,District-Hoshangabad,Total,20-29,4427,2804,1623,536,322,214,513,318,195,223,136,87,1464,991,473,346,205,141,166,107,59,880,536,344,299,189,110
14102,C4920,23,449,District-Hoshangabad,Total,30-39,3839,2439,1400,494,300,194,489,299,190,208,118,90,1133,801,332,272,175,97,196,125,71,823,494,329,224,127,97
14103,C4920,23,449,District-Hoshangabad,Total,40-49,3501,2246,1255,532,306,226,479,303,176,133,82,51,1029,731,298,207,128,79,173,113,60,717,448,269,231,135,96
14104,C4920,23,449,District-Hoshangabad,Total,50-59,2780,1710,1070,541,314,227,394,235,159,108,65,43,829,576,253,112,72,40,92,55,37,470,264,206,234,129,105
14105,C4920,23,449,District-Hoshangabad,Total,60-69,3272,1680,1592,774,343,431,525,262,263,91,50,41,968,566,402,61,31,30,67,31,36,374,204,170,412,193,219
14106,C4920,23,449,District-Hoshangabad,Total,70-79,2510,1218,1292,622,298,324,434,205,229,40,18,22,701,379,322,30,16,14,25,11,14,231,104,127,427,187,240
14107,C4920,23,449,District-Hoshangabad,Total,80-89,1158,548,610,240,105,135,215,106,109,8,4,4,335,173,162,10,3,7,9,4,5,73,42,31,268,111,157
14108,C4920,23,449,District-Hoshangabad,Total,90+,287,109,178,59,20,39,41,20,21,5,2,3,67,24,43,1,0,1,3,1,2,17,4,13,94,38,56
14109,C4920,23,449,District-Hoshangabad,Total,Age Not Stated,31,15,16,6,3,3,10,2,8,1,0,1,2,2,0,1,1,0,0,0,0,8,5,3,3,2,1
14110,C4920,23,449,District-Hoshangabad,Rural,Total,21026,12139,8887,3974,2086,1888,2838,1618,1220,881,521,360,5713,3647,2066,1144,683,461,636,400,236,3543,1998,1545,2297,1186,1111
14111,C4920,23,449,District-Hoshangabad,Rural,0-4,768,403,365,141,60,81,86,54,32,18,10,8,147,88,59,31,15,16,7,3,4,275,139,136,63,34,29
14112,C4920,23,449,District-Hoshangabad,Rural,5-9,1345,741,604,228,122,106,173,96,77,119,75,44,242,140,102,106,51,55,24,14,10,279,131,148,174,112,62
14113,C4920,23,449,District-Hoshangabad,Rural,10-19,3413,2023,1390,527,309,218,431,259,172,238,140,98,791,505,286,319,188,131,96,60,36,634,340,294,377,222,155
14114,C4920,23,449,District-Hoshangabad,Rural,20-29,3043,1955,1088,395,238,157,345,223,122,154,92,62,1048,700,348,231,144,87,117,79,38,562,352,210,191,127,64
14115,C4920,23,449,District-Hoshangabad,Rural,30-39,2574,1637,937,372,220,152,313,194,119,120,68,52,748,526,222,181,122,59,135,89,46,546,331,215,159,87,72
14116,C4920,23,449,District-Hoshangabad,Rural,40-49,2425,1541,884,422,236,186,332,209,123,78,51,27,717,498,219,130,78,52,122,85,37,459,291,168,165,93,72
14117,C4920,23,449,District-Hoshangabad,Rural,50-59,1930,1144,786,438,249,189,275,156,119,59,34,25,547,365,182,76,49,27,64,37,27,289,160,129,182,94,88
14118,C4920,23,449,District-Hoshangabad,Rural,60-69,2460,1220,1240,662,289,373,370,179,191,65,34,31,677,396,281,40,21,19,43,20,23,273,141,132,330,140,190
14119,C4920,23,449,District-Hoshangabad,Rural,70-79,1930,939,991,527,248,279,330,154,176,23,13,10,498,273,225,20,12,8,20,9,11,152,74,78,360,156,204
14120,C4920,23,449,District-Hoshangabad,Rural,80-89,902,440,462,204,93,111,156,80,76,5,3,2,249,134,115,9,3,6,5,3,2,55,33,22,219,91,128
14121,C4920,23,449,District-Hoshangabad,Rural,90+,221,89,132,54,20,34,22,13,9,1,1,0,47,20,27,1,0,1,3,1,2,16,4,12,77,30,47
14122,C4920,23,449,District-Hoshangabad,Rural,Age Not Stated,15,7,8,4,2,2,5,1,4,1,0,1,2,2,0,0,0,0,0,0,0,3,2,1,0,0,0
14123,C4920,23,449,District-Hoshangabad,Urban,Total,8393,4990,3403,1029,585,444,1236,693,543,474,277,197,2348,1552,796,514,306,208,289,160,129,1731,971,760,772,446,326
14124,C4920,23,449,District-Hoshangabad,Urban,0-4,272,149,123,49,28,21,38,19,19,7,5,2,33,23,10,14,6,8,5,4,1,96,45,51,30,19,11
14125,C4920,23,449,District-Hoshangabad,Urban,5-9,482,288,194,60,31,29,65,37,28,47,24,23,71,51,20,29,23,6,9,4,5,124,69,55,77,49,28
14126,C4920,23,449,District-Hoshangabad,Urban,10-19,1334,756,578,194,110,84,181,96,85,109,69,40,249,149,100,119,75,44,53,28,25,273,144,129,156,85,71
14127,C4920,23,449,District-Hoshangabad,Urban,20-29,1384,849,535,141,84,57,168,95,73,69,44,25,416,291,125,115,61,54,49,28,21,318,184,134,108,62,46
14128,C4920,23,449,District-Hoshangabad,Urban,30-39,1265,802,463,122,80,42,176,105,71,88,50,38,385,275,110,91,53,38,61,36,25,277,163,114,65,40,25
14129,C4920,23,449,District-Hoshangabad,Urban,40-49,1076,705,371,110,70,40,147,94,53,55,31,24,312,233,79,77,50,27,51,28,23,258,157,101,66,42,24
14130,C4920,23,449,District-Hoshangabad,Urban,50-59,850,566,284,103,65,38,119,79,40,49,31,18,282,211,71,36,23,13,28,18,10,181,104,77,52,35,17
14131,C4920,23,449,District-Hoshangabad,Urban,60-69,812,460,352,112,54,58,155,83,72,26,16,10,291,170,121,21,10,11,24,11,13,101,63,38,82,53,29
14132,C4920,23,449,District-Hoshangabad,Urban,70-79,580,279,301,95,50,45,104,51,53,17,5,12,203,106,97,10,4,6,5,2,3,79,30,49,67,31,36
14133,C4920,23,449,District-Hoshangabad,Urban,80-89,256,108,148,36,12,24,59,26,33,3,1,2,86,39,47,1,0,1,4,1,3,18,9,9,49,20,29
14134,C4920,23,449,District-Hoshangabad,Urban,90+,66,20,46,5,0,5,19,7,12,4,1,3,20,4,16,0,0,0,0,0,0,1,0,1,17,8,9
14135,C4920,23,449,District-Hoshangabad,Urban,Age Not Stated,16,8,8,2,1,1,5,1,4,0,0,0,0,0,0,1,1,0,0,0,0,5,3,2,3,2,1
14136,C4920,23,450,District-Katni ,Total,Total,28997,16551,12446,5334,2904,2430,5134,2764,2370,1409,799,610,7222,4453,2769,1510,915,595,647,384,263,5675,3160,2515,2066,1172,894
14137,C4920,23,450,District-Katni ,Total,0-4,1511,778,733,302,149,153,335,164,171,24,12,12,211,113,98,41,21,20,8,3,5,484,254,230,106,62,44
14138,C4920,23,450,District-Katni ,Total,5-9,2350,1307,1043,415,235,180,456,251,205,218,123,95,325,185,140,173,102,71,37,19,18,516,274,242,210,118,92
14139,C4920,23,450,District-Katni ,Total,10-19,5577,3150,2427,963,538,425,976,525,451,372,214,158,1123,659,464,380,219,161,128,69,59,1141,621,520,494,305,189
14140,C4920,23,450,District-Katni ,Total,20-29,4304,2623,1681,625,370,255,773,442,331,242,144,98,1167,758,409,316,216,100,111,67,44,834,477,357,236,149,87
14141,C4920,23,450,District-Katni ,Total,30-39,3677,2272,1405,568,343,225,651,377,274,177,99,78,915,618,297,243,153,90,150,94,56,815,490,325,158,98,60
14142,C4920,23,450,District-Katni ,Total,40-49,3260,2004,1256,526,306,220,579,323,256,154,87,67,857,593,264,184,109,75,123,84,39,694,407,287,143,95,48
14143,C4920,23,450,District-Katni ,Total,50-59,2442,1470,972,484,286,198,421,228,193,92,50,42,738,499,239,91,57,34,46,29,17,453,252,201,117,69,48
14144,C4920,23,450,District-Katni ,Total,60-69,2886,1474,1412,717,346,371,488,231,257,78,42,36,880,504,376,46,22,24,30,16,14,443,230,213,204,83,121
14145,C4920,23,450,District-Katni ,Total,70-79,2033,993,1040,518,230,288,306,142,164,36,20,16,691,361,330,25,10,15,11,3,8,215,111,104,231,116,115
14146,C4920,23,450,District-Katni ,Total,80-89,711,360,351,178,89,89,112,57,55,10,4,6,229,121,108,4,4,0,2,0,2,53,27,26,123,58,65
14147,C4920,23,450,District-Katni ,Total,90+,206,94,112,33,9,24,30,19,11,6,4,2,74,35,39,6,2,4,1,0,1,13,6,7,43,19,24
14148,C4920,23,450,District-Katni ,Total,Age Not Stated,40,26,14,5,3,2,7,5,2,0,0,0,12,7,5,1,0,1,0,0,0,14,11,3,1,0,1
14149,C4920,23,450,District-Katni ,Rural,Total,24120,13682,10438,4767,2580,2187,4090,2209,1881,1164,659,505,6116,3729,2387,1168,701,467,468,285,183,4631,2587,2044,1716,932,784
14150,C4920,23,450,District-Katni ,Rural,0-4,1265,655,610,272,135,137,270,137,133,19,8,11,181,92,89,38,21,17,7,3,4,394,209,185,84,50,34
14151,C4920,23,450,District-Katni ,Rural,5-9,2009,1105,904,387,219,168,372,205,167,185,99,86,289,160,129,147,87,60,31,17,14,426,229,197,172,89,83
14152,C4920,23,450,District-Katni ,Rural,10-19,4692,2625,2067,862,479,383,789,418,371,323,185,138,957,567,390,317,184,133,101,52,49,951,510,441,392,230,162
14153,C4920,23,450,District-Katni ,Rural,20-29,3458,2118,1340,533,312,221,613,362,251,188,118,70,956,612,344,238,166,72,76,46,30,667,388,279,187,114,73
14154,C4920,23,450,District-Katni ,Rural,30-39,2992,1840,1152,509,304,205,517,290,227,146,80,66,753,508,245,173,105,68,105,72,33,667,405,262,122,76,46
14155,C4920,23,450,District-Katni ,Rural,40-49,2579,1597,982,446,260,186,419,239,180,125,74,51,712,486,226,132,75,57,87,64,23,549,330,219,109,69,40
14156,C4920,23,450,District-Katni ,Rural,50-59,2017,1190,827,431,252,179,334,180,154,70,36,34,621,414,207,64,38,26,32,19,13,367,197,170,98,54,44
14157,C4920,23,450,District-Katni ,Rural,60-69,2497,1266,1231,658,317,341,401,196,205,64,33,31,774,433,341,31,13,18,19,10,9,362,188,174,188,76,112
14158,C4920,23,450,District-Katni ,Rural,70-79,1767,858,909,474,209,265,254,114,140,32,19,13,592,313,279,19,7,12,8,2,6,177,90,87,211,104,107
14159,C4920,23,450,District-Katni ,Rural,80-89,631,322,309,165,84,81,89,46,43,7,3,4,207,107,100,4,4,0,1,0,1,47,26,21,111,52,59
14160,C4920,23,450,District-Katni ,Rural,90+,176,82,94,25,6,19,27,19,8,5,4,1,63,30,33,4,1,3,1,0,1,10,4,6,41,18,23
14161,C4920,23,450,District-Katni ,Rural,Age Not Stated,37,24,13,5,3,2,5,3,2,0,0,0,11,7,4,1,0,1,0,0,0,14,11,3,1,0,1
14162,C4920,23,450,District-Katni ,Urban,Total,4877,2869,2008,567,324,243,1044,555,489,245,140,105,1106,724,382,342,214,128,179,99,80,1044,573,471,350,240,110
14163,C4920,23,450,District-Katni ,Urban,0-4,246,123,123,30,14,16,65,27,38,5,4,1,30,21,9,3,0,3,1,0,1,90,45,45,22,12,10
14164,C4920,23,450,District-Katni ,Urban,5-9,341,202,139,28,16,12,84,46,38,33,24,9,36,25,11,26,15,11,6,2,4,90,45,45,38,29,9
14165,C4920,23,450,District-Katni ,Urban,10-19,885,525,360,101,59,42,187,107,80,49,29,20,166,92,74,63,35,28,27,17,10,190,111,79,102,75,27
14166,C4920,23,450,District-Katni ,Urban,20-29,846,505,341,92,58,34,160,80,80,54,26,28,211,146,65,78,50,28,35,21,14,167,89,78,49,35,14
14167,C4920,23,450,District-Katni ,Urban,30-39,685,432,253,59,39,20,134,87,47,31,19,12,162,110,52,70,48,22,45,22,23,148,85,63,36,22,14
14168,C4920,23,450,District-Katni ,Urban,40-49,681,407,274,80,46,34,160,84,76,29,13,16,145,107,38,52,34,18,36,20,16,145,77,68,34,26,8
14169,C4920,23,450,District-Katni ,Urban,50-59,425,280,145,53,34,19,87,48,39,22,14,8,117,85,32,27,19,8,14,10,4,86,55,31,19,15,4
14170,C4920,23,450,District-Katni ,Urban,60-69,389,208,181,59,29,30,87,35,52,14,9,5,106,71,35,15,9,6,11,6,5,81,42,39,16,7,9
14171,C4920,23,450,District-Katni ,Urban,70-79,266,135,131,44,21,23,52,28,24,4,1,3,99,48,51,6,3,3,3,1,2,38,21,17,20,12,8
14172,C4920,23,450,District-Katni ,Urban,80-89,80,38,42,13,5,8,23,11,12,3,1,2,22,14,8,0,0,0,1,0,1,6,1,5,12,6,6
14173,C4920,23,450,District-Katni ,Urban,90+,30,12,18,8,3,5,3,0,3,1,0,1,11,5,6,2,1,1,0,0,0,3,2,1,2,1,1
14174,C4920,23,450,District-Katni ,Urban,Age Not Stated,3,2,1,0,0,0,2,2,0,0,0,0,1,0,1,0,0,0,0,0,0,0,0,0,0,0,0
14175,C4920,23,451,District-Jabalpur,Total,Total,59074,34206,24868,8802,4846,3956,11394,6309,5085,3027,1708,1319,13238,8329,4909,3671,2218,1453,1622,986,636,13361,7573,5788,3959,2237,1722
14176,C4920,23,451,District-Jabalpur,Total,0-4,2533,1352,1181,443,219,224,644,324,320,38,19,19,250,144,106,88,47,41,19,14,5,881,489,392,170,96,74
14177,C4920,23,451,District-Jabalpur,Total,5-9,3853,2085,1768,552,306,246,779,408,371,326,182,144,460,282,178,235,126,109,78,38,40,1044,522,522,379,221,158
14178,C4920,23,451,District-Jabalpur,Total,10-19,10077,5722,4355,1535,854,681,2000,1092,908,698,383,315,1570,971,599,864,506,358,275,154,121,2291,1258,1033,844,504,340
14179,C4920,23,451,District-Jabalpur,Total,20-29,10548,6309,4239,1386,819,567,2047,1206,841,566,321,245,2358,1530,828,801,492,309,327,203,124,2411,1345,1066,652,393,259
14180,C4920,23,451,District-Jabalpur,Total,30-39,8748,5393,3355,1120,667,453,1647,945,702,468,265,203,1973,1362,611,698,431,267,347,219,128,2105,1276,829,390,228,162
14181,C4920,23,451,District-Jabalpur,Total,40-49,7652,4839,2813,1042,629,413,1468,867,601,363,217,146,1832,1277,555,496,336,160,288,193,95,1861,1130,731,302,190,112
14182,C4920,23,451,District-Jabalpur,Total,50-59,5452,3337,2115,850,481,369,985,563,422,249,142,107,1485,1014,471,258,156,102,160,103,57,1192,708,484,273,170,103
14183,C4920,23,451,District-Jabalpur,Total,60-69,5011,2812,2199,934,464,470,846,438,408,183,109,74,1593,950,643,140,84,56,82,42,40,905,529,376,328,196,132
14184,C4920,23,451,District-Jabalpur,Total,70-79,3239,1530,1709,609,274,335,594,272,322,89,50,39,1087,539,548,56,27,29,29,15,14,436,210,226,339,143,196
14185,C4920,23,451,District-Jabalpur,Total,80-89,1333,567,766,229,96,133,256,127,129,32,14,18,462,197,265,18,6,12,15,4,11,130,55,75,191,68,123
14186,C4920,23,451,District-Jabalpur,Total,90+,465,176,289,81,30,51,85,42,43,9,3,6,143,46,97,9,4,5,1,1,0,50,23,27,87,27,60
14187,C4920,23,451,District-Jabalpur,Total,Age Not Stated,163,84,79,21,7,14,43,25,18,6,3,3,25,17,8,8,3,5,1,0,1,55,28,27,4,1,3
14188,C4920,23,451,District-Jabalpur,Rural,Total,22907,13436,9471,3497,1828,1669,3780,2207,1573,1104,646,458,6844,4258,2586,1255,783,472,626,390,236,4114,2376,1738,1687,948,739
14189,C4920,23,451,District-Jabalpur,Rural,0-4,900,488,412,156,73,83,204,101,103,14,7,7,153,86,67,21,14,7,5,2,3,272,154,118,75,51,24
14190,C4920,23,451,District-Jabalpur,Rural,5-9,1556,888,668,222,126,96,277,156,121,144,80,64,266,158,108,108,67,41,36,21,15,341,183,158,162,97,65
14191,C4920,23,451,District-Jabalpur,Rural,10-19,3727,2162,1565,538,307,231,600,330,270,258,156,102,844,531,313,315,183,132,107,60,47,717,390,327,348,205,143
14192,C4920,23,451,District-Jabalpur,Rural,20-29,3603,2317,1286,382,233,149,555,361,194,188,111,77,1188,804,384,243,153,90,129,90,39,695,424,271,223,141,82
14193,C4920,23,451,District-Jabalpur,Rural,30-39,3167,2063,1104,333,198,135,514,331,183,174,106,68,993,715,278,236,155,81,128,80,48,651,401,250,138,77,61
14194,C4920,23,451,District-Jabalpur,Rural,40-49,2869,1876,993,376,217,159,529,348,181,117,74,43,867,603,264,165,119,46,109,76,33,585,360,225,121,79,42
14195,C4920,23,451,District-Jabalpur,Rural,50-59,2025,1239,786,395,209,186,309,190,119,90,48,42,659,444,215,91,56,35,55,35,20,323,196,127,103,61,42
14196,C4920,23,451,District-Jabalpur,Rural,60-69,2336,1212,1124,521,240,281,351,178,173,72,42,30,849,454,395,49,26,23,37,18,19,286,160,126,171,94,77
14197,C4920,23,451,District-Jabalpur,Rural,70-79,1768,793,975,392,158,234,280,127,153,34,16,18,667,324,343,17,8,9,13,5,8,175,78,97,190,77,113
14198,C4920,23,451,District-Jabalpur,Rural,80-89,687,293,394,140,56,84,114,58,56,10,5,5,263,108,155,6,0,6,6,2,4,47,20,27,101,44,57
14199,C4920,23,451,District-Jabalpur,Rural,90+,237,90,147,33,9,24,41,23,18,3,1,2,88,27,61,2,2,0,1,1,0,15,5,10,54,22,32
14200,C4920,23,451,District-Jabalpur,Rural,Age Not Stated,32,15,17,9,2,7,6,4,2,0,0,0,7,4,3,2,0,2,0,0,0,7,5,2,1,0,1
14201,C4920,23,451,District-Jabalpur,Urban,Total,36167,20770,15397,5305,3018,2287,7614,4102,3512,1923,1062,861,6394,4071,2323,2416,1435,981,996,596,400,9247,5197,4050,2272,1289,983
14202,C4920,23,451,District-Jabalpur,Urban,0-4,1633,864,769,287,146,141,440,223,217,24,12,12,97,58,39,67,33,34,14,12,2,609,335,274,95,45,50
14203,C4920,23,451,District-Jabalpur,Urban,5-9,2297,1197,1100,330,180,150,502,252,250,182,102,80,194,124,70,127,59,68,42,17,25,703,339,364,217,124,93
14204,C4920,23,451,District-Jabalpur,Urban,10-19,6350,3560,2790,997,547,450,1400,762,638,440,227,213,726,440,286,549,323,226,168,94,74,1574,868,706,496,299,197
14205,C4920,23,451,District-Jabalpur,Urban,20-29,6945,3992,2953,1004,586,418,1492,845,647,378,210,168,1170,726,444,558,339,219,198,113,85,1716,921,795,429,252,177
14206,C4920,23,451,District-Jabalpur,Urban,30-39,5581,3330,2251,787,469,318,1133,614,519,294,159,135,980,647,333,462,276,186,219,139,80,1454,875,579,252,151,101
14207,C4920,23,451,District-Jabalpur,Urban,40-49,4783,2963,1820,666,412,254,939,519,420,246,143,103,965,674,291,331,217,114,179,117,62,1276,770,506,181,111,70
14208,C4920,23,451,District-Jabalpur,Urban,50-59,3427,2098,1329,455,272,183,676,373,303,159,94,65,826,570,256,167,100,67,105,68,37,869,512,357,170,109,61
14209,C4920,23,451,District-Jabalpur,Urban,60-69,2675,1600,1075,413,224,189,495,260,235,111,67,44,744,496,248,91,58,33,45,24,21,619,369,250,157,102,55
14210,C4920,23,451,District-Jabalpur,Urban,70-79,1471,737,734,217,116,101,314,145,169,55,34,21,420,215,205,39,19,20,16,10,6,261,132,129,149,66,83
14211,C4920,23,451,District-Jabalpur,Urban,80-89,646,274,372,89,40,49,142,69,73,22,9,13,199,89,110,12,6,6,9,2,7,83,35,48,90,24,66
14212,C4920,23,451,District-Jabalpur,Urban,90+,228,86,142,48,21,27,44,19,25,6,2,4,55,19,36,7,2,5,0,0,0,35,18,17,33,5,28
14213,C4920,23,451,District-Jabalpur,Urban,Age Not Stated,131,69,62,12,5,7,37,21,16,6,3,3,18,13,5,6,3,3,1,0,1,48,23,25,3,1,2
14214,C4920,23,452,District-Narsimhapur,Total,Total,22802,13313,9489,3529,1830,1699,3028,1703,1325,1265,747,518,6509,4093,2416,1370,835,535,787,493,294,4092,2418,1674,2222,1194,1028
14215,C4920,23,452,District-Narsimhapur,Total,0-4,787,408,379,127,58,69,124,56,68,25,12,13,148,84,64,17,9,8,3,2,1,274,148,126,69,39,30
14216,C4920,23,452,District-Narsimhapur,Total,5-9,1373,770,603,203,104,99,199,108,91,141,79,62,217,147,70,99,54,45,31,20,11,277,140,137,206,118,88
14217,C4920,23,452,District-Narsimhapur,Total,10-19,3555,2113,1442,554,302,252,408,234,174,286,171,115,784,498,286,351,210,141,113,72,41,658,387,271,401,239,162
14218,C4920,23,452,District-Narsimhapur,Total,20-29,3258,2046,1212,384,225,159,372,239,133,254,154,100,968,642,326,241,149,92,143,85,58,637,384,253,259,168,91
14219,C4920,23,452,District-Narsimhapur,Total,30-39,2939,1895,1044,377,219,158,339,208,131,188,102,86,814,574,240,261,171,90,174,113,61,630,410,220,156,98,58
14220,C4920,23,452,District-Narsimhapur,Total,40-49,2794,1829,965,378,229,149,337,202,135,151,101,50,788,571,217,208,134,74,138,98,40,608,378,230,186,116,70
14221,C4920,23,452,District-Narsimhapur,Total,50-59,2237,1371,866,372,221,151,265,149,116,84,49,35,725,476,249,120,65,55,101,59,42,424,260,164,146,92,54
14222,C4920,23,452,District-Narsimhapur,Total,60-69,2579,1379,1200,495,213,282,405,221,184,74,46,28,941,550,391,47,26,21,59,34,25,326,177,149,232,112,120
14223,C4920,23,452,District-Narsimhapur,Total,70-79,1986,908,1078,406,166,240,318,148,170,41,21,20,712,359,353,19,13,6,15,3,12,179,97,82,296,101,195
14224,C4920,23,452,District-Narsimhapur,Total,80-89,971,451,520,189,78,111,202,108,94,16,8,8,309,143,166,6,3,3,2,1,1,56,26,30,191,84,107
14225,C4920,23,452,District-Narsimhapur,Total,90+,284,120,164,40,14,26,54,27,27,5,4,1,91,41,50,1,1,0,2,1,1,15,7,8,76,25,51
14226,C4920,23,452,District-Narsimhapur,Total,Age Not Stated,39,23,16,4,1,3,5,3,2,0,0,0,12,8,4,0,0,0,6,5,1,8,4,4,4,2,2
14227,C4920,23,452,District-Narsimhapur,Rural,Total,19166,11120,8046,3078,1582,1496,2530,1401,1129,1023,605,418,5541,3457,2084,1054,639,415,626,389,237,3391,2028,1363,1923,1019,904
14228,C4920,23,452,District-Narsimhapur,Rural,0-4,651,341,310,110,51,59,104,49,55,20,12,8,124,70,54,11,5,6,3,2,1,223,120,103,56,32,24
14229,C4920,23,452,District-Narsimhapur,Rural,5-9,1169,650,519,169,86,83,167,85,82,129,72,57,189,127,62,83,46,37,28,17,11,241,126,115,163,91,72
14230,C4920,23,452,District-Narsimhapur,Rural,10-19,2966,1766,1200,489,266,223,324,186,138,224,135,89,660,414,246,285,171,114,85,57,28,558,334,224,341,203,138
14231,C4920,23,452,District-Narsimhapur,Rural,20-29,2679,1695,984,328,195,133,307,190,117,200,122,78,809,550,259,177,110,67,118,70,48,531,320,211,209,138,71
14232,C4920,23,452,District-Narsimhapur,Rural,30-39,2361,1513,848,309,176,133,278,172,106,150,80,70,673,474,199,186,114,72,133,83,50,500,330,170,132,84,48
14233,C4920,23,452,District-Narsimhapur,Rural,40-49,2308,1505,803,325,191,134,269,162,107,118,80,38,660,468,192,164,108,56,108,76,32,512,321,191,152,99,53
14234,C4920,23,452,District-Narsimhapur,Rural,50-59,1859,1140,719,327,191,136,228,126,102,69,39,30,608,400,208,86,46,40,82,49,33,337,214,123,122,75,47
14235,C4920,23,452,District-Narsimhapur,Rural,60-69,2231,1168,1063,442,189,253,345,183,162,61,37,24,816,465,351,39,23,16,44,25,19,270,147,123,214,99,115
14236,C4920,23,452,District-Narsimhapur,Rural,70-79,1778,798,980,372,148,224,274,127,147,36,18,18,635,314,321,16,12,4,15,3,12,152,83,69,278,93,185
14237,C4920,23,452,District-Narsimhapur,Rural,80-89,872,411,461,169,75,94,178,92,86,11,6,5,277,132,145,6,3,3,2,1,1,48,23,25,181,79,102
14238,C4920,23,452,District-Narsimhapur,Rural,90+,255,110,145,34,13,21,51,26,25,5,4,1,79,35,44,1,1,0,2,1,1,12,6,6,71,24,47
14239,C4920,23,452,District-Narsimhapur,Rural,Age Not Stated,37,23,14,4,1,3,5,3,2,0,0,0,11,8,3,0,0,0,6,5,1,7,4,3,4,2,2
14240,C4920,23,452,District-Narsimhapur,Urban,Total,3636,2193,1443,451,248,203,498,302,196,242,142,100,968,636,332,316,196,120,161,104,57,701,390,311,299,175,124
14241,C4920,23,452,District-Narsimhapur,Urban,0-4,136,67,69,17,7,10,20,7,13,5,0,5,24,14,10,6,4,2,0,0,0,51,28,23,13,7,6
14242,C4920,23,452,District-Narsimhapur,Urban,5-9,204,120,84,34,18,16,32,23,9,12,7,5,28,20,8,16,8,8,3,3,0,36,14,22,43,27,16
14243,C4920,23,452,District-Narsimhapur,Urban,10-19,589,347,242,65,36,29,84,48,36,62,36,26,124,84,40,66,39,27,28,15,13,100,53,47,60,36,24
14244,C4920,23,452,District-Narsimhapur,Urban,20-29,579,351,228,56,30,26,65,49,16,54,32,22,159,92,67,64,39,25,25,15,10,106,64,42,50,30,20
14245,C4920,23,452,District-Narsimhapur,Urban,30-39,578,382,196,68,43,25,61,36,25,38,22,16,141,100,41,75,57,18,41,30,11,130,80,50,24,14,10
14246,C4920,23,452,District-Narsimhapur,Urban,40-49,486,324,162,53,38,15,68,40,28,33,21,12,128,103,25,44,26,18,30,22,8,96,57,39,34,17,17
14247,C4920,23,452,District-Narsimhapur,Urban,50-59,378,231,147,45,30,15,37,23,14,15,10,5,117,76,41,34,19,15,19,10,9,87,46,41,24,17,7
14248,C4920,23,452,District-Narsimhapur,Urban,60-69,348,211,137,53,24,29,60,38,22,13,9,4,125,85,40,8,3,5,15,9,6,56,30,26,18,13,5
14249,C4920,23,452,District-Narsimhapur,Urban,70-79,208,110,98,34,18,16,44,21,23,5,3,2,77,45,32,3,1,2,0,0,0,27,14,13,18,8,10
14250,C4920,23,452,District-Narsimhapur,Urban,80-89,99,40,59,20,3,17,24,16,8,5,2,3,32,11,21,0,0,0,0,0,0,8,3,5,10,5,5
14251,C4920,23,452,District-Narsimhapur,Urban,90+,29,10,19,6,1,5,3,1,2,0,0,0,12,6,6,0,0,0,0,0,0,3,1,2,5,1,4
14252,C4920,23,452,District-Narsimhapur,Urban,Age Not Stated,2,0,2,0,0,0,0,0,0,0,0,0,1,0,1,0,0,0,0,0,0,1,0,1,0,0,0
14253,C4920,23,453,District-Dindori ,Total,Total,18294,9551,8743,2983,1538,1445,3076,1609,1467,711,408,303,5069,2672,2397,832,454,378,405,249,156,3274,1693,1581,1944,928,1016
14254,C4920,23,453,District-Dindori ,Total,0-4,824,452,372,171,95,76,171,95,76,16,12,4,121,69,52,12,8,4,9,5,4,263,134,129,61,34,27
14255,C4920,23,453,District-Dindori ,Total,5-9,1293,696,597,206,115,91,246,141,105,116,60,56,185,111,74,56,33,23,22,13,9,314,146,168,148,77,71
14256,C4920,23,453,District-Dindori ,Total,10-19,2644,1478,1166,375,211,164,500,265,235,168,97,71,537,309,228,154,78,76,68,45,23,552,307,245,290,166,124
14257,C4920,23,453,District-Dindori ,Total,20-29,2360,1338,1022,256,146,110,392,203,189,121,75,46,707,434,273,154,94,60,86,57,29,472,233,239,172,96,76
14258,C4920,23,453,District-Dindori ,Total,30-39,2108,1186,922,283,149,134,363,199,164,87,55,32,526,304,222,138,77,61,71,50,21,511,280,231,129,72,57
14259,C4920,23,453,District-Dindori ,Total,40-49,1934,1102,832,282,163,119,342,195,147,61,30,31,564,329,235,126,71,55,73,42,31,372,208,164,114,64,50
14260,C4920,23,453,District-Dindori ,Total,50-59,1768,932,836,321,167,154,294,151,143,57,32,25,566,302,264,101,57,44,38,19,19,256,143,113,135,61,74
14261,C4920,23,453,District-Dindori ,Total,60-69,2548,1154,1394,532,241,291,386,187,199,46,26,20,894,405,489,51,19,32,17,10,7,286,130,156,336,136,200
14262,C4920,23,453,District-Dindori ,Total,70-79,1865,797,1068,380,165,215,254,116,138,28,15,13,671,286,385,27,10,17,15,6,9,164,71,93,326,128,198
14263,C4920,23,453,District-Dindori ,Total,80-89,690,298,392,133,65,68,88,35,53,8,5,3,227,95,132,9,5,4,5,1,4,57,26,31,163,66,97
14264,C4920,23,453,District-Dindori ,Total,90+,236,101,135,36,17,19,38,20,18,3,1,2,69,27,42,3,1,2,0,0,0,20,10,10,67,25,42
14265,C4920,23,453,District-Dindori ,Total,Age Not Stated,24,17,7,8,4,4,2,2,0,0,0,0,2,1,1,1,1,0,1,1,0,7,5,2,3,3,0
14266,C4920,23,453,District-Dindori ,Rural,Total,16995,8831,8164,2794,1432,1362,2920,1521,1399,666,381,285,4909,2576,2333,783,419,364,383,232,151,2645,1367,1278,1895,903,992
14267,C4920,23,453,District-Dindori ,Rural,0-4,736,404,332,152,85,67,162,88,74,16,12,4,120,68,52,12,8,4,9,5,4,205,105,100,60,33,27
14268,C4920,23,453,District-Dindori ,Rural,5-9,1161,630,531,194,108,86,233,134,99,110,57,53,174,105,69,53,32,21,22,13,9,228,105,123,147,76,71
14269,C4920,23,453,District-Dindori ,Rural,10-19,2406,1333,1073,339,186,153,480,254,226,157,88,69,519,295,224,145,71,74,65,42,23,420,235,185,281,162,119
14270,C4920,23,453,District-Dindori ,Rural,20-29,2167,1236,931,229,132,97,370,191,179,115,73,42,684,418,266,143,86,57,83,55,28,375,189,186,168,92,76
14271,C4920,23,453,District-Dindori ,Rural,30-39,1897,1068,829,261,135,126,338,188,150,81,51,30,508,293,215,124,69,55,66,46,20,393,215,178,126,71,55
14272,C4920,23,453,District-Dindori ,Rural,40-49,1766,1001,765,263,152,111,321,180,141,55,27,28,537,311,226,118,64,54,67,38,29,296,166,130,109,63,46
14273,C4920,23,453,District-Dindori ,Rural,50-59,1677,876,801,308,160,148,282,143,139,50,29,21,548,290,258,98,54,44,36,17,19,225,126,99,130,57,73
14274,C4920,23,453,District-Dindori ,Rural,60-69,2462,1109,1353,514,233,281,366,176,190,43,23,20,877,397,480,50,18,32,16,9,7,268,121,147,328,132,196
14275,C4920,23,453,District-Dindori ,Rural,70-79,1812,770,1042,366,158,208,249,113,136,28,15,13,652,278,374,27,10,17,15,6,9,156,66,90,319,124,195
14276,C4920,23,453,District-Dindori ,Rural,80-89,661,290,371,126,63,63,82,33,49,8,5,3,220,94,126,9,5,4,4,1,3,54,24,30,158,65,93
14277,C4920,23,453,District-Dindori ,Rural,90+,227,98,129,34,16,18,35,19,16,3,1,2,68,26,42,3,1,2,0,0,0,18,10,8,66,25,41
14278,C4920,23,453,District-Dindori ,Rural,Age Not Stated,23,16,7,8,4,4,2,2,0,0,0,0,2,1,1,1,1,0,0,0,0,7,5,2,3,3,0
14279,C4920,23,453,District-Dindori ,Urban,Total,1299,720,579,189,106,83,156,88,68,45,27,18,160,96,64,49,35,14,22,17,5,629,326,303,49,25,24
14280,C4920,23,453,District-Dindori ,Urban,0-4,88,48,40,19,10,9,9,7,2,0,0,0,1,1,0,0,0,0,0,0,0,58,29,29,1,1,0
14281,C4920,23,453,District-Dindori ,Urban,5-9,132,66,66,12,7,5,13,7,6,6,3,3,11,6,5,3,1,2,0,0,0,86,41,45,1,1,0
14282,C4920,23,453,District-Dindori ,Urban,10-19,238,145,93,36,25,11,20,11,9,11,9,2,18,14,4,9,7,2,3,3,0,132,72,60,9,4,5
14283,C4920,23,453,District-Dindori ,Urban,20-29,193,102,91,27,14,13,22,12,10,6,2,4,23,16,7,11,8,3,3,2,1,97,44,53,4,4,0
14284,C4920,23,453,District-Dindori ,Urban,30-39,211,118,93,22,14,8,25,11,14,6,4,2,18,11,7,14,8,6,5,4,1,118,65,53,3,1,2
14285,C4920,23,453,District-Dindori ,Urban,40-49,168,101,67,19,11,8,21,15,6,6,3,3,27,18,9,8,7,1,6,4,2,76,42,34,5,1,4
14286,C4920,23,453,District-Dindori ,Urban,50-59,91,56,35,13,7,6,12,8,4,7,3,4,18,12,6,3,3,0,2,2,0,31,17,14,5,4,1
14287,C4920,23,453,District-Dindori ,Urban,60-69,86,45,41,18,8,10,20,11,9,3,3,0,17,8,9,1,1,0,1,1,0,18,9,9,8,4,4
14288,C4920,23,453,District-Dindori ,Urban,70-79,53,27,26,14,7,7,5,3,2,0,0,0,19,8,11,0,0,0,0,0,0,8,5,3,7,4,3
14289,C4920,23,453,District-Dindori ,Urban,80-89,29,8,21,7,2,5,6,2,4,0,0,0,7,1,6,0,0,0,1,0,1,3,2,1,5,1,4
14290,C4920,23,453,District-Dindori ,Urban,90+,9,3,6,2,1,1,3,1,2,0,0,0,1,1,0,0,0,0,0,0,0,2,0,2,1,0,1
14291,C4920,23,453,District-Dindori ,Urban,Age Not Stated,1,1,0,0,0,0,0,0,0,0,0,0,0,0,0,0,0,0,1,1,0,0,0,0,0,0,0
14292,C4920,23,454,District-Mandla,Total,Total,25912,14057,11855,4087,2179,1908,4645,2401,2244,1045,593,452,7369,4177,3192,1273,702,571,681,391,290,4253,2278,1975,2559,1336,1223
14293,C4920,23,454,District-Mandla,Total,0-4,1218,634,584,214,111,103,308,162,146,17,6,11,200,113,87,40,14,26,11,3,8,303,158,145,125,67,58
14294,C4920,23,454,District-Mandla,Total,5-9,1893,1038,855,282,149,133,384,193,191,133,70,63,311,197,114,106,60,46,33,16,17,388,209,179,256,144,112
14295,C4920,23,454,District-Mandla,Total,10-19,4486,2438,2048,703,413,290,897,438,459,279,162,117,875,491,384,337,190,147,115,60,55,824,430,394,456,254,202
14296,C4920,23,454,District-Mandla,Total,20-29,3668,2093,1575,455,254,201,643,346,297,175,106,69,1053,646,407,251,140,111,122,75,47,642,342,300,327,184,143
14297,C4920,23,454,District-Mandla,Total,30-39,3230,1913,1317,424,246,178,558,303,255,144,83,61,888,586,302,202,108,94,162,102,60,592,344,248,260,141,119
14298,C4920,23,454,District-Mandla,Total,40-49,3081,1799,1282,482,285,197,549,296,253,127,68,59,880,535,345,150,88,62,118,70,48,568,336,232,207,121,86
14299,C4920,23,454,District-Mandla,Total,50-59,2504,1404,1100,388,202,186,424,228,196,69,41,28,908,537,371,100,58,42,68,40,28,382,195,187,165,103,62
14300,C4920,23,454,District-Mandla,Total,60-69,2961,1501,1460,567,271,296,478,241,237,62,33,29,1149,611,538,56,31,25,34,19,15,335,159,176,280,136,144
14301,C4920,23,454,District-Mandla,Total,70-79,1883,805,1078,402,174,228,266,120,146,27,16,11,737,302,435,21,10,11,16,5,11,147,75,72,267,103,164
14302,C4920,23,454,District-Mandla,Total,80-89,709,304,405,122,55,67,105,53,52,9,6,3,268,112,156,7,3,4,1,0,1,46,20,26,151,55,96
14303,C4920,23,454,District-Mandla,Total,90+,248,111,137,43,18,25,29,17,12,3,2,1,88,39,49,2,0,2,1,1,0,19,7,12,63,27,36
14304,C4920,23,454,District-Mandla,Total,Age Not Stated,31,17,14,5,1,4,4,4,0,0,0,0,12,8,4,1,0,1,0,0,0,7,3,4,2,1,1
14305,C4920,23,454,District-Mandla,Rural,Total,23283,12540,10743,3742,1984,1758,4261,2193,2068,882,497,385,6648,3733,2915,1080,580,500,568,324,244,3845,2061,1784,2257,1168,1089
14306,C4920,23,454,District-Mandla,Rural,0-4,1125,577,548,203,105,98,287,149,138,17,6,11,187,102,85,35,12,23,10,2,8,278,143,135,108,58,50
14307,C4920,23,454,District-Mandla,Rural,5-9,1764,967,797,263,139,124,364,182,182,118,63,55,286,179,107,93,54,39,31,15,16,368,202,166,241,133,108
14308,C4920,23,454,District-Mandla,Rural,10-19,4081,2190,1891,646,373,273,845,411,434,239,139,100,819,452,367,284,152,132,102,56,46,751,389,362,395,218,177
14309,C4920,23,454,District-Mandla,Rural,20-29,3242,1851,1391,415,233,182,594,319,275,139,88,51,924,570,354,223,119,104,96,60,36,575,309,266,276,153,123
14310,C4920,23,454,District-Mandla,Rural,30-39,2834,1676,1158,386,222,164,498,272,226,118,67,51,782,517,265,162,85,77,138,87,51,527,310,217,223,116,107
14311,C4920,23,454,District-Mandla,Rural,40-49,2735,1586,1149,429,257,172,493,263,230,113,61,52,803,478,325,119,70,49,87,50,37,505,299,206,186,108,78
14312,C4920,23,454,District-Mandla,Rural,50-59,2237,1248,989,358,181,177,379,204,175,55,29,26,817,486,331,82,47,35,58,33,25,341,176,165,147,92,55
14313,C4920,23,454,District-Mandla,Rural,60-69,2703,1355,1348,526,252,274,448,227,221,55,27,28,1043,544,499,53,29,24,31,16,15,300,138,162,247,122,125
14314,C4920,23,454,District-Mandla,Rural,70-79,1670,701,969,363,158,205,231,102,129,18,10,8,649,257,392,20,9,11,14,5,9,133,67,66,242,93,149
14315,C4920,23,454,District-Mandla,Rural,80-89,629,270,359,107,47,60,90,43,47,7,5,2,242,105,137,6,3,3,1,0,1,43,19,24,133,48,85
14316,C4920,23,454,District-Mandla,Rural,90+,232,102,130,41,16,25,28,17,11,3,2,1,84,35,49,2,0,2,0,0,0,17,6,11,57,26,31
14317,C4920,23,454,District-Mandla,Rural,Age Not Stated,31,17,14,5,1,4,4,4,0,0,0,0,12,8,4,1,0,1,0,0,0,7,3,4,2,1,1
14318,C4920,23,454,District-Mandla,Urban,Total,2629,1517,1112,345,195,150,384,208,176,163,96,67,721,444,277,193,122,71,113,67,46,408,217,191,302,168,134
14319,C4920,23,454,District-Mandla,Urban,0-4,93,57,36,11,6,5,21,13,8,0,0,0,13,11,2,5,2,3,1,1,0,25,15,10,17,9,8
14320,C4920,23,454,District-Mandla,Urban,5-9,129,71,58,19,10,9,20,11,9,15,7,8,25,18,7,13,6,7,2,1,1,20,7,13,15,11,4
14321,C4920,23,454,District-Mandla,Urban,10-19,405,248,157,57,40,17,52,27,25,40,23,17,56,39,17,53,38,15,13,4,9,73,41,32,61,36,25
14322,C4920,23,454,District-Mandla,Urban,20-29,426,242,184,40,21,19,49,27,22,36,18,18,129,76,53,28,21,7,26,15,11,67,33,34,51,31,20
14323,C4920,23,454,District-Mandla,Urban,30-39,396,237,159,38,24,14,60,31,29,26,16,10,106,69,37,40,23,17,24,15,9,65,34,31,37,25,12
14324,C4920,23,454,District-Mandla,Urban,40-49,346,213,133,53,28,25,56,33,23,14,7,7,77,57,20,31,18,13,31,20,11,63,37,26,21,13,8
14325,C4920,23,454,District-Mandla,Urban,50-59,267,156,111,30,21,9,45,24,21,14,12,2,91,51,40,18,11,7,10,7,3,41,19,22,18,11,7
14326,C4920,23,454,District-Mandla,Urban,60-69,258,146,112,41,19,22,30,14,16,7,6,1,106,67,39,3,2,1,3,3,0,35,21,14,33,14,19
14327,C4920,23,454,District-Mandla,Urban,70-79,213,104,109,39,16,23,35,18,17,9,6,3,88,45,43,1,1,0,2,0,2,14,8,6,25,10,15
14328,C4920,23,454,District-Mandla,Urban,80-89,80,34,46,15,8,7,15,10,5,2,1,1,26,7,19,1,0,1,0,0,0,3,1,2,18,7,11
14329,C4920,23,454,District-Mandla,Urban,90+,16,9,7,2,2,0,1,0,1,0,0,0,4,4,0,0,0,0,1,1,0,2,1,1,6,1,5
14330,C4920,23,454,District-Mandla,Urban,Age Not Stated,0,0,0,0,0,0,0,0,0,0,0,0,0,0,0,0,0,0,0,0,0,0,0,0,0,0,0
14331,C4920,23,455,District-Chhindwara,Total,Total,43322,24724,18598,6669,3506,3163,5346,2936,2410,1928,1096,832,13456,8241,5215,2483,1440,1043,1427,777,650,7760,4421,3339,4253,2307,1946
14332,C4920,23,455,District-Chhindwara,Total,0-4,1505,823,682,230,132,98,226,117,109,36,22,14,292,167,125,50,30,20,16,9,7,459,249,210,196,97,99
14333,C4920,23,455,District-Chhindwara,Total,5-9,2714,1490,1224,359,199,160,333,183,150,238,129,109,525,303,222,214,119,95,65,41,24,524,278,246,456,238,218
14334,C4920,23,455,District-Chhindwara,Total,10-19,7410,4139,3271,1007,556,451,859,463,396,454,258,196,1791,1029,762,681,395,286,255,151,104,1443,750,693,920,537,383
14335,C4920,23,455,District-Chhindwara,Total,20-29,7055,4271,2784,803,472,331,699,435,264,360,210,150,2560,1649,911,481,281,200,256,150,106,1327,767,560,569,307,262
14336,C4920,23,455,District-Chhindwara,Total,30-39,5595,3386,2209,636,399,237,607,347,260,281,155,126,1793,1163,630,438,247,191,309,151,158,1186,732,454,345,192,153
14337,C4920,23,455,District-Chhindwara,Total,40-49,5174,3232,1942,686,394,292,616,359,257,209,121,88,1745,1185,560,323,198,125,253,144,109,1035,628,407,307,203,104
14338,C4920,23,455,District-Chhindwara,Total,50-59,4260,2587,1673,713,394,319,529,299,230,159,87,72,1525,1012,513,160,101,59,148,74,74,771,458,313,255,162,93
14339,C4920,23,455,District-Chhindwara,Total,60-69,4567,2405,2162,1022,463,559,682,350,332,112,70,42,1609,905,704,87,46,41,71,32,39,591,331,260,393,208,185
14340,C4920,23,455,District-Chhindwara,Total,70-79,3266,1592,1674,837,343,494,480,242,238,57,34,23,1067,569,498,30,15,15,42,21,21,288,155,133,465,213,252
14341,C4920,23,455,District-Chhindwara,Total,80-89,1333,609,724,297,114,183,230,109,121,17,8,9,422,207,215,13,6,7,8,1,7,102,58,44,244,106,138
14342,C4920,23,455,District-Chhindwara,Total,90+,408,172,236,75,37,38,82,30,52,1,1,0,119,47,72,5,2,3,3,2,1,22,11,11,101,42,59
14343,C4920,23,455,District-Chhindwara,Total,Age Not Stated,35,18,17,4,3,1,3,2,1,4,1,3,8,5,3,1,0,1,1,1,0,12,4,8,2,2,0
14344,C4920,23,455,District-Chhindwara,Rural,Total,32580,18443,14137,5267,2702,2565,4073,2241,1832,1368,793,575,10253,6226,4027,1765,1004,761,1035,544,491,5668,3242,2426,3151,1691,1460
14345,C4920,23,455,District-Chhindwara,Rural,0-4,1177,637,540,188,99,89,180,92,88,29,18,11,239,142,97,38,24,14,11,8,3,344,188,156,148,66,82
14346,C4920,23,455,District-Chhindwara,Rural,5-9,2069,1146,923,277,150,127,257,143,114,178,97,81,433,253,180,168,93,75,49,31,18,399,216,183,308,163,145
14347,C4920,23,455,District-Chhindwara,Rural,10-19,5749,3229,2520,756,421,335,678,367,311,338,199,139,1475,848,627,521,302,219,193,108,85,1142,598,544,646,386,260
14348,C4920,23,455,District-Chhindwara,Rural,20-29,5152,3117,2035,587,338,249,505,320,185,250,149,101,1952,1258,694,321,176,145,188,104,84,928,544,384,421,228,193
14349,C4920,23,455,District-Chhindwara,Rural,30-39,3979,2410,1569,476,297,179,432,249,183,190,112,78,1307,854,453,292,157,135,237,108,129,809,493,316,236,140,96
14350,C4920,23,455,District-Chhindwara,Rural,40-49,3771,2302,1469,537,295,242,448,265,183,144,81,63,1301,856,445,218,130,88,175,96,79,722,437,285,226,142,84
14351,C4920,23,455,District-Chhindwara,Rural,50-59,3133,1904,1229,557,304,253,397,219,178,106,59,47,1121,738,383,112,74,38,99,52,47,560,345,215,181,113,68
14352,C4920,23,455,District-Chhindwara,Rural,60-69,3458,1766,1692,835,375,460,535,271,264,77,46,31,1159,631,528,59,31,28,44,19,25,430,232,198,319,161,158
14353,C4920,23,455,District-Chhindwara,Rural,70-79,2634,1261,1373,725,288,437,383,192,191,40,25,15,825,438,387,21,10,11,30,15,15,229,127,102,381,166,215
14354,C4920,23,455,District-Chhindwara,Rural,80-89,1106,512,594,260,99,161,189,94,95,13,5,8,347,168,179,9,5,4,6,1,5,79,48,31,203,92,111
14355,C4920,23,455,District-Chhindwara,Rural,90+,333,148,185,67,34,33,67,27,40,1,1,0,89,37,52,5,2,3,3,2,1,19,11,8,82,34,48
14356,C4920,23,455,District-Chhindwara,Rural,Age Not Stated,19,11,8,2,2,0,2,2,0,2,1,1,5,3,2,1,0,1,0,0,0,7,3,4,0,0,0
14357,C4920,23,455,District-Chhindwara,Urban,Total,10742,6281,4461,1402,804,598,1273,695,578,560,303,257,3203,2015,1188,718,436,282,392,233,159,2092,1179,913,1102,616,486
14358,C4920,23,455,District-Chhindwara,Urban,0-4,328,186,142,42,33,9,46,25,21,7,4,3,53,25,28,12,6,6,5,1,4,115,61,54,48,31,17
14359,C4920,23,455,District-Chhindwara,Urban,5-9,645,344,301,82,49,33,76,40,36,60,32,28,92,50,42,46,26,20,16,10,6,125,62,63,148,75,73
14360,C4920,23,455,District-Chhindwara,Urban,10-19,1661,910,751,251,135,116,181,96,85,116,59,57,316,181,135,160,93,67,62,43,19,301,152,149,274,151,123
14361,C4920,23,455,District-Chhindwara,Urban,20-29,1903,1154,749,216,134,82,194,115,79,110,61,49,608,391,217,160,105,55,68,46,22,399,223,176,148,79,69
14362,C4920,23,455,District-Chhindwara,Urban,30-39,1616,976,640,160,102,58,175,98,77,91,43,48,486,309,177,146,90,56,72,43,29,377,239,138,109,52,57
14363,C4920,23,455,District-Chhindwara,Urban,40-49,1403,930,473,149,99,50,168,94,74,65,40,25,444,329,115,105,68,37,78,48,30,313,191,122,81,61,20
14364,C4920,23,455,District-Chhindwara,Urban,50-59,1127,683,444,156,90,66,132,80,52,53,28,25,404,274,130,48,27,21,49,22,27,211,113,98,74,49,25
14365,C4920,23,455,District-Chhindwara,Urban,60-69,1109,639,470,187,88,99,147,79,68,35,24,11,450,274,176,28,15,13,27,13,14,161,99,62,74,47,27
14366,C4920,23,455,District-Chhindwara,Urban,70-79,632,331,301,112,55,57,97,50,47,17,9,8,242,131,111,9,5,4,12,6,6,59,28,31,84,47,37
14367,C4920,23,455,District-Chhindwara,Urban,80-89,227,97,130,37,15,22,41,15,26,4,3,1,75,39,36,4,1,3,2,0,2,23,10,13,41,14,27
14368,C4920,23,455,District-Chhindwara,Urban,90+,75,24,51,8,3,5,15,3,12,0,0,0,30,10,20,0,0,0,0,0,0,3,0,3,19,8,11
14369,C4920,23,455,District-Chhindwara,Urban,Age Not Stated,16,7,9,2,1,1,1,0,1,2,0,2,3,2,1,0,0,0,1,1,0,5,1,4,2,2,0
14370,C4920,23,456,District-Seoni,Total,Total,29432,16552,12880,5073,2600,2473,3675,2022,1653,1322,739,583,9224,5548,3676,1729,997,732,963,537,426,4427,2498,1929,3019,1611,1408
14371,C4920,23,456,District-Seoni,Total,0-4,908,502,406,163,89,74,127,74,53,30,14,16,153,94,59,37,18,19,7,1,6,271,135,136,120,77,43
14372,C4920,23,456,District-Seoni,Total,5-9,1832,1052,780,281,145,136,218,128,90,167,95,72,347,205,142,115,74,41,50,26,24,371,211,160,283,168,115
14373,C4920,23,456,District-Seoni,Total,10-19,4995,2866,2129,810,442,368,631,363,268,350,199,151,1118,673,445,489,279,210,172,96,76,865,478,387,560,336,224
14374,C4920,23,456,District-Seoni,Total,20-29,4328,2634,1694,524,310,214,482,298,184,229,136,93,1527,985,542,347,192,155,170,107,63,726,420,306,323,186,137
14375,C4920,23,456,District-Seoni,Total,30-39,3576,2198,1378,471,289,182,406,224,182,153,89,64,1190,804,386,272,157,115,202,105,97,631,390,241,251,140,111
14376,C4920,23,456,District-Seoni,Total,40-49,3470,2087,1383,492,282,210,432,249,183,158,79,79,1160,748,412,244,146,98,164,97,67,610,359,251,210,127,83
14377,C4920,23,456,District-Seoni,Total,50-59,2902,1745,1157,490,255,235,354,206,148,107,65,42,1114,731,383,129,74,55,107,59,48,410,235,175,191,120,71
14378,C4920,23,456,District-Seoni,Total,60-69,3505,1718,1787,873,381,492,471,236,235,76,37,39,1274,664,610,70,43,27,53,27,26,321,161,160,367,169,198
14379,C4920,23,456,District-Seoni,Total,70-79,2599,1162,1437,656,268,388,372,157,215,37,15,22,908,447,461,23,13,10,23,8,15,159,78,81,421,176,245
14380,C4920,23,456,District-Seoni,Total,80-89,1013,454,559,250,108,142,152,73,79,9,8,1,338,154,184,2,1,1,9,7,2,42,17,25,211,86,125
14381,C4920,23,456,District-Seoni,Total,90+,281,120,161,57,28,29,28,14,14,6,2,4,92,41,51,1,0,1,5,3,2,12,7,5,80,25,55
14382,C4920,23,456,District-Seoni,Total,Age Not Stated,23,14,9,6,3,3,2,0,2,0,0,0,3,2,1,0,0,0,1,1,0,9,7,2,2,1,1
14383,C4920,23,456,District-Seoni,Rural,Total,26686,14930,11756,4742,2414,2328,3328,1830,1498,1189,665,524,8418,5029,3389,1501,866,635,818,447,371,3952,2234,1718,2738,1445,1293
14384,C4920,23,456,District-Seoni,Rural,0-4,859,474,385,161,87,74,119,71,48,28,14,14,145,89,56,33,15,18,7,1,6,257,126,131,109,71,38
14385,C4920,23,456,District-Seoni,Rural,5-9,1668,956,712,248,125,123,197,118,79,157,89,68,315,187,128,103,66,37,44,24,20,343,193,150,261,154,107
14386,C4920,23,456,District-Seoni,Rural,10-19,4509,2586,1923,741,400,341,574,333,241,318,183,135,1020,618,402,432,248,184,144,77,67,799,443,356,481,284,197
14387,C4920,23,456,District-Seoni,Rural,20-29,3839,2340,1499,475,286,189,430,265,165,199,115,84,1378,889,489,305,169,136,143,90,53,628,365,263,281,161,120
14388,C4920,23,456,District-Seoni,Rural,30-39,3150,1929,1221,432,263,169,366,202,164,138,78,60,1056,708,348,230,131,99,175,90,85,532,333,199,221,124,97
14389,C4920,23,456,District-Seoni,Rural,40-49,3108,1856,1252,459,259,200,388,220,168,141,74,67,1056,670,386,207,125,82,137,78,59,528,313,215,192,117,75
14390,C4920,23,456,District-Seoni,Rural,50-59,2612,1564,1048,459,240,219,321,183,138,91,54,37,1007,659,348,109,63,46,89,49,40,365,210,155,171,106,65
14391,C4920,23,456,District-Seoni,Rural,60-69,3278,1594,1684,843,368,475,439,219,220,70,34,36,1182,607,575,57,35,22,45,22,23,294,149,145,348,160,188
14392,C4920,23,456,District-Seoni,Rural,70-79,2442,1088,1354,627,254,373,334,144,190,34,15,19,850,415,435,23,13,10,20,6,14,150,74,76,404,167,237
14393,C4920,23,456,District-Seoni,Rural,80-89,948,421,527,236,102,134,138,64,74,7,7,0,321,147,174,2,1,1,8,6,2,38,15,23,198,79,119
14394,C4920,23,456,District-Seoni,Rural,90+,250,108,142,55,27,28,20,11,9,6,2,4,85,38,47,0,0,0,5,3,2,9,6,3,70,21,49
14395,C4920,23,456,District-Seoni,Rural,Age Not Stated,23,14,9,6,3,3,2,0,2,0,0,0,3,2,1,0,0,0,1,1,0,9,7,2,2,1,1
14396,C4920,23,456,District-Seoni,Urban,Total,2746,1622,1124,331,186,145,347,192,155,133,74,59,806,519,287,228,131,97,145,90,55,475,264,211,281,166,115
14397,C4920,23,456,District-Seoni,Urban,0-4,49,28,21,2,2,0,8,3,5,2,0,2,8,5,3,4,3,1,0,0,0,14,9,5,11,6,5
14398,C4920,23,456,District-Seoni,Urban,5-9,164,96,68,33,20,13,21,10,11,10,6,4,32,18,14,12,8,4,6,2,4,28,18,10,22,14,8
14399,C4920,23,456,District-Seoni,Urban,10-19,486,280,206,69,42,27,57,30,27,32,16,16,98,55,43,57,31,26,28,19,9,66,35,31,79,52,27
14400,C4920,23,456,District-Seoni,Urban,20-29,489,294,195,49,24,25,52,33,19,30,21,9,149,96,53,42,23,19,27,17,10,98,55,43,42,25,17
14401,C4920,23,456,District-Seoni,Urban,30-39,426,269,157,39,26,13,40,22,18,15,11,4,134,96,38,42,26,16,27,15,12,99,57,42,30,16,14
14402,C4920,23,456,District-Seoni,Urban,40-49,362,231,131,33,23,10,44,29,15,17,5,12,104,78,26,37,21,16,27,19,8,82,46,36,18,10,8
14403,C4920,23,456,District-Seoni,Urban,50-59,290,181,109,31,15,16,33,23,10,16,11,5,107,72,35,20,11,9,18,10,8,45,25,20,20,14,6
14404,C4920,23,456,District-Seoni,Urban,60-69,227,124,103,30,13,17,32,17,15,6,3,3,92,57,35,13,8,5,8,5,3,27,12,15,19,9,10
14405,C4920,23,456,District-Seoni,Urban,70-79,157,74,83,29,14,15,38,13,25,3,0,3,58,32,26,0,0,0,3,2,1,9,4,5,17,9,8
14406,C4920,23,456,District-Seoni,Urban,80-89,65,33,32,14,6,8,14,9,5,2,1,1,17,7,10,0,0,0,1,1,0,4,2,2,13,7,6
14407,C4920,23,456,District-Seoni,Urban,90+,31,12,19,2,1,1,8,3,5,0,0,0,7,3,4,1,0,1,0,0,0,3,1,2,10,4,6
14408,C4920,23,456,District-Seoni,Urban,Age Not Stated,0,0,0,0,0,0,0,0,0,0,0,0,0,0,0,0,0,0,0,0,0,0,0,0,0,0,0
14409,C4920,23,457,District-Balaghat,Total,Total,29918,16471,13447,4557,2427,2130,3871,2012,1859,1612,880,732,8681,5239,3442,2172,1127,1045,967,494,473,4911,2585,2326,3147,1707,1440
14410,C4920,23,457,District-Balaghat,Total,0-4,1288,697,591,212,113,99,167,82,85,26,17,9,268,163,105,54,29,25,11,5,6,369,186,183,181,102,79
14411,C4920,23,457,District-Balaghat,Total,5-9,2269,1254,1015,308,171,137,257,137,120,208,116,92,446,265,181,206,111,95,55,31,24,415,213,202,374,210,164
14412,C4920,23,457,District-Balaghat,Total,10-19,5565,3125,2440,825,480,345,690,372,318,379,197,182,1137,679,458,604,321,283,199,108,91,1014,544,470,717,424,293
14413,C4920,23,457,District-Balaghat,Total,20-29,4589,2553,2036,507,293,214,538,303,235,298,151,147,1365,811,554,417,221,196,190,100,90,848,451,397,426,223,203
14414,C4920,23,457,District-Balaghat,Total,30-39,3800,2160,1640,423,245,178,460,235,225,227,122,105,1154,756,398,376,184,192,207,102,105,712,382,330,241,134,107
14415,C4920,23,457,District-Balaghat,Total,40-49,3495,2104,1391,497,298,199,463,256,207,191,114,77,1039,710,329,286,149,137,164,89,75,629,350,279,226,138,88
14416,C4920,23,457,District-Balaghat,Total,50-59,2918,1710,1208,499,280,219,408,217,191,131,73,58,1023,672,351,130,64,66,85,40,45,426,223,203,216,141,75
14417,C4920,23,457,District-Balaghat,Total,60-69,3289,1635,1654,689,285,404,499,223,276,105,59,46,1258,701,557,65,32,33,37,11,26,303,155,148,333,169,164
14418,C4920,23,457,District-Balaghat,Total,70-79,1954,934,1020,440,196,244,264,128,136,34,23,11,743,384,359,22,8,14,16,7,9,142,65,77,293,123,170
14419,C4920,23,457,District-Balaghat,Total,80-89,564,226,338,123,54,69,99,48,51,10,5,5,191,75,116,6,5,1,0,0,0,29,9,20,106,30,76
14420,C4920,23,457,District-Balaghat,Total,90+,150,62,88,31,12,19,21,10,11,3,3,0,52,20,32,2,1,1,1,0,1,10,4,6,30,12,18
14421,C4920,23,457,District-Balaghat,Total,Age Not Stated,37,11,26,3,0,3,5,1,4,0,0,0,5,3,2,4,2,2,2,1,1,14,3,11,4,1,3
14422,C4920,23,457,District-Balaghat,Rural,Total,25754,14100,11654,4017,2125,1892,3374,1755,1619,1376,748,628,7506,4489,3017,1813,922,891,799,404,395,4171,2198,1973,2698,1459,1239
14423,C4920,23,457,District-Balaghat,Rural,0-4,1142,626,516,188,102,86,151,77,74,25,17,8,243,147,96,44,26,18,11,5,6,318,159,159,162,93,69
14424,C4920,23,457,District-Balaghat,Rural,5-9,2021,1121,900,275,153,122,227,120,107,182,103,79,405,236,169,185,99,86,48,30,18,364,191,173,335,189,146
14425,C4920,23,457,District-Balaghat,Rural,10-19,4810,2679,2131,715,403,312,603,321,282,318,165,153,1006,602,404,517,269,248,170,94,76,867,464,403,614,361,253
14426,C4920,23,457,District-Balaghat,Rural,20-29,3900,2162,1738,428,245,183,459,260,199,253,125,128,1187,708,479,347,181,166,157,79,78,714,380,334,355,184,171
14427,C4920,23,457,District-Balaghat,Rural,30-39,3222,1830,1392,371,214,157,390,196,194,194,106,88,986,646,340,308,144,164,167,81,86,601,329,272,205,114,91
14428,C4920,23,457,District-Balaghat,Rural,40-49,2922,1741,1181,428,258,170,400,222,178,156,90,66,852,574,278,231,116,115,138,75,63,533,296,237,184,110,74
14429,C4920,23,457,District-Balaghat,Rural,50-59,2472,1436,1036,443,249,194,351,188,163,118,67,51,857,553,304,101,45,56,66,27,39,351,186,165,185,121,64
14430,C4920,23,457,District-Balaghat,Rural,60-69,2899,1414,1485,635,264,371,451,199,252,93,51,42,1099,592,507,55,28,27,29,8,21,256,128,128,281,144,137
14431,C4920,23,457,District-Balaghat,Rural,70-79,1723,824,899,395,178,217,240,120,120,26,18,8,663,341,322,14,7,7,11,4,7,122,52,70,252,104,148
14432,C4920,23,457,District-Balaghat,Rural,80-89,484,204,280,108,49,59,83,42,41,9,4,5,157,68,89,5,4,1,0,0,0,28,9,19,94,28,66
14433,C4920,23,457,District-Balaghat,Rural,90+,131,55,76,28,10,18,15,9,6,2,2,0,48,19,29,2,1,1,0,0,0,7,3,4,29,11,18
14434,C4920,23,457,District-Balaghat,Rural,Age Not Stated,28,8,20,3,0,3,4,1,3,0,0,0,3,3,0,4,2,2,2,1,1,10,1,9,2,0,2
14435,C4920,23,457,District-Balaghat,Urban,Total,4164,2371,1793,540,302,238,497,257,240,236,132,104,1175,750,425,359,205,154,168,90,78,740,387,353,449,248,201
14436,C4920,23,457,District-Balaghat,Urban,0-4,146,71,75,24,11,13,16,5,11,1,0,1,25,16,9,10,3,7,0,0,0,51,27,24,19,9,10
14437,C4920,23,457,District-Balaghat,Urban,5-9,248,133,115,33,18,15,30,17,13,26,13,13,41,29,12,21,12,9,7,1,6,51,22,29,39,21,18
14438,C4920,23,457,District-Balaghat,Urban,10-19,755,446,309,110,77,33,87,51,36,61,32,29,131,77,54,87,52,35,29,14,15,147,80,67,103,63,40
14439,C4920,23,457,District-Balaghat,Urban,20-29,689,391,298,79,48,31,79,43,36,45,26,19,178,103,75,70,40,30,33,21,12,134,71,63,71,39,32
14440,C4920,23,457,District-Balaghat,Urban,30-39,578,330,248,52,31,21,70,39,31,33,16,17,168,110,58,68,40,28,40,21,19,111,53,58,36,20,16
14441,C4920,23,457,District-Balaghat,Urban,40-49,573,363,210,69,40,29,63,34,29,35,24,11,187,136,51,55,33,22,26,14,12,96,54,42,42,28,14
14442,C4920,23,457,District-Balaghat,Urban,50-59,446,274,172,56,31,25,57,29,28,13,6,7,166,119,47,29,19,10,19,13,6,75,37,38,31,20,11
14443,C4920,23,457,District-Balaghat,Urban,60-69,390,221,169,54,21,33,48,24,24,12,8,4,159,109,50,10,4,6,8,3,5,47,27,20,52,25,27
14444,C4920,23,457,District-Balaghat,Urban,70-79,231,110,121,45,18,27,24,8,16,8,5,3,80,43,37,8,1,7,5,3,2,20,13,7,41,19,22
14445,C4920,23,457,District-Balaghat,Urban,80-89,80,22,58,15,5,10,16,6,10,1,1,0,34,7,27,1,1,0,0,0,0,1,0,1,12,2,10
14446,C4920,23,457,District-Balaghat,Urban,90+,19,7,12,3,2,1,6,1,5,1,1,0,4,1,3,0,0,0,1,0,1,3,1,2,1,1,0
14447,C4920,23,457,District-Balaghat,Urban,Age Not Stated,9,3,6,0,0,0,1,0,1,0,0,0,2,0,2,0,0,0,0,0,0,4,2,2,2,1,1
14448,C4920,23,458,District-Guna,Total,Total,19257,11582,7675,3053,1711,1342,3529,2032,1497,903,549,354,4930,3279,1651,737,486,251,391,245,146,4131,2364,1767,1583,916,667
14449,C4920,23,458,District-Guna,Total,0-4,1028,553,475,161,82,79,228,119,109,19,10,9,122,72,50,19,14,5,6,4,2,378,205,173,95,47,48
14450,C4920,23,458,District-Guna,Total,5-9,1598,879,719,232,122,110,318,164,154,113,67,46,254,149,105,67,36,31,20,11,9,416,233,183,178,97,81
14451,C4920,23,458,District-Guna,Total,10-19,3793,2201,1592,529,295,234,694,373,321,267,163,104,811,516,295,208,118,90,78,48,30,849,464,385,357,224,133
14452,C4920,23,458,District-Guna,Total,20-29,3204,2097,1107,369,245,124,561,349,212,148,98,50,1030,727,303,142,108,34,82,58,24,664,392,272,208,120,88
14453,C4920,23,458,District-Guna,Total,30-39,2850,1813,1037,319,197,122,480,305,175,144,80,64,925,621,304,126,86,40,85,61,24,608,358,250,163,105,58
14454,C4920,23,458,District-Guna,Total,40-49,2005,1298,707,298,204,94,336,213,123,85,54,31,564,400,164,82,55,27,59,32,27,481,274,207,100,66,34
14455,C4920,23,458,District-Guna,Total,50-59,1389,865,524,273,152,121,250,148,102,43,26,17,359,246,113,55,42,13,30,20,10,287,172,115,92,59,33
14456,C4920,23,458,District-Guna,Total,60-69,1603,912,691,386,183,203,291,160,131,45,27,18,426,288,138,27,18,9,18,5,13,272,158,114,138,73,65
14457,C4920,23,458,District-Guna,Total,70-79,1156,624,532,309,156,153,252,131,121,30,18,12,280,163,117,7,6,1,10,5,5,119,69,50,149,76,73
14458,C4920,23,458,District-Guna,Total,80-89,455,250,205,126,56,70,94,54,40,6,3,3,121,75,46,2,1,1,2,0,2,34,24,10,70,37,33
14459,C4920,23,458,District-Guna,Total,90+,150,71,79,48,19,29,24,15,9,2,2,0,32,18,14,1,1,0,0,0,0,12,6,6,31,10,21
14460,C4920,23,458,District-Guna,Total,Age Not Stated,26,19,7,3,0,3,1,1,0,1,1,0,6,4,2,1,1,0,1,1,0,11,9,2,2,2,0
14461,C4920,23,458,District-Guna,Rural,Total,14257,8597,5660,2367,1320,1047,2607,1521,1086,671,411,260,3676,2443,1233,502,334,168,256,158,98,2943,1704,1239,1235,706,529
14462,C4920,23,458,District-Guna,Rural,0-4,765,410,355,126,67,59,171,89,82,13,5,8,90,53,37,14,10,4,2,2,0,272,146,126,77,38,39
14463,C4920,23,458,District-Guna,Rural,5-9,1203,666,537,173,89,84,231,118,113,89,53,36,204,117,87,51,29,22,14,7,7,308,175,133,133,78,55
14464,C4920,23,458,District-Guna,Rural,10-19,2849,1668,1181,406,229,177,515,282,233,199,119,80,628,399,229,146,85,61,52,30,22,624,354,270,279,170,109
14465,C4920,23,458,District-Guna,Rural,20-29,2250,1497,753,264,172,92,369,244,125,112,79,33,749,537,212,84,64,20,53,36,17,465,277,188,154,88,66
14466,C4920,23,458,District-Guna,Rural,30-39,2009,1319,690,229,155,74,341,222,119,104,62,42,664,453,211,89,63,26,50,38,12,411,246,165,121,80,41
14467,C4920,23,458,District-Guna,Rural,40-49,1433,923,510,209,141,68,247,159,88,62,39,23,410,288,122,53,37,16,43,25,18,330,183,147,79,51,28
14468,C4920,23,458,District-Guna,Rural,50-59,1023,626,397,218,123,95,189,107,82,28,17,11,256,175,81,36,26,10,23,14,9,202,122,80,71,42,29
14469,C4920,23,458,District-Guna,Rural,60-69,1257,711,546,320,148,172,233,131,102,33,19,14,329,215,114,21,13,8,12,4,8,194,120,74,115,61,54
14470,C4920,23,458,District-Guna,Rural,70-79,940,491,449,260,129,131,213,111,102,24,13,11,216,125,91,5,4,1,6,2,4,92,49,43,124,58,66
14471,C4920,23,458,District-Guna,Rural,80-89,383,210,173,115,49,66,76,44,32,5,3,2,99,62,37,1,1,0,1,0,1,25,19,6,61,32,29
14472,C4920,23,458,District-Guna,Rural,90+,125,62,63,45,18,27,22,14,8,2,2,0,25,15,10,1,1,0,0,0,0,10,5,5,20,7,13
14473,C4920,23,458,District-Guna,Rural,Age Not Stated,20,14,6,2,0,2,0,0,0,0,0,0,6,4,2,1,1,0,0,0,0,10,8,2,1,1,0
14474,C4920,23,458,District-Guna,Urban,Total,5000,2985,2015,686,391,295,922,511,411,232,138,94,1254,836,418,235,152,83,135,87,48,1188,660,528,348,210,138
14475,C4920,23,458,District-Guna,Urban,0-4,263,143,120,35,15,20,57,30,27,6,5,1,32,19,13,5,4,1,4,2,2,106,59,47,18,9,9
14476,C4920,23,458,District-Guna,Urban,5-9,395,213,182,59,33,26,87,46,41,24,14,10,50,32,18,16,7,9,6,4,2,108,58,50,45,19,26
14477,C4920,23,458,District-Guna,Urban,10-19,944,533,411,123,66,57,179,91,88,68,44,24,183,117,66,62,33,29,26,18,8,225,110,115,78,54,24
14478,C4920,23,458,District-Guna,Urban,20-29,954,600,354,105,73,32,192,105,87,36,19,17,281,190,91,58,44,14,29,22,7,199,115,84,54,32,22
14479,C4920,23,458,District-Guna,Urban,30-39,841,494,347,90,42,48,139,83,56,40,18,22,261,168,93,37,23,14,35,23,12,197,112,85,42,25,17
14480,C4920,23,458,District-Guna,Urban,40-49,572,375,197,89,63,26,89,54,35,23,15,8,154,112,42,29,18,11,16,7,9,151,91,60,21,15,6
14481,C4920,23,458,District-Guna,Urban,50-59,366,239,127,55,29,26,61,41,20,15,9,6,103,71,32,19,16,3,7,6,1,85,50,35,21,17,4
14482,C4920,23,458,District-Guna,Urban,60-69,346,201,145,66,35,31,58,29,29,12,8,4,97,73,24,6,5,1,6,1,5,78,38,40,23,12,11
14483,C4920,23,458,District-Guna,Urban,70-79,216,133,83,49,27,22,39,20,19,6,5,1,64,38,26,2,2,0,4,3,1,27,20,7,25,18,7
14484,C4920,23,458,District-Guna,Urban,80-89,72,40,32,11,7,4,18,10,8,1,0,1,22,13,9,1,0,1,1,0,1,9,5,4,9,5,4
14485,C4920,23,458,District-Guna,Urban,90+,25,9,16,3,1,2,2,1,1,0,0,0,7,3,4,0,0,0,0,0,0,2,1,1,11,3,8
14486,C4920,23,458,District-Guna,Urban,Age Not Stated,6,5,1,1,0,1,1,1,0,1,1,0,0,0,0,0,0,0,1,1,0,1,1,0,1,1,0
14487,C4920,23,459,District-Ashoknagar,Total,Total,16481,9774,6707,3211,1690,1521,2814,1549,1265,741,438,303,4315,2916,1399,635,407,228,359,229,130,3231,1873,1358,1175,672,503
14488,C4920,23,459,District-Ashoknagar,Total,0-4,870,451,419,201,104,97,170,81,89,15,9,6,122,71,51,21,15,6,5,4,1,282,144,138,54,23,31
14489,C4920,23,459,District-Ashoknagar,Total,5-9,1388,757,631,305,163,142,249,113,136,112,68,44,216,117,99,58,37,21,19,12,7,319,186,133,110,61,49
14490,C4920,23,459,District-Ashoknagar,Total,10-19,3137,1823,1314,594,310,284,524,281,243,205,117,88,634,424,210,180,110,70,74,43,31,659,360,299,267,178,89
14491,C4920,23,459,District-Ashoknagar,Total,20-29,2548,1651,897,371,207,164,371,212,159,128,77,51,817,610,207,133,90,43,60,46,14,522,310,212,146,99,47
14492,C4920,23,459,District-Ashoknagar,Total,30-39,2229,1471,758,284,177,107,369,220,149,89,56,33,783,559,224,101,69,32,60,47,13,452,285,167,91,58,33
14493,C4920,23,459,District-Ashoknagar,Total,40-49,1740,1130,610,236,143,93,288,174,114,71,45,26,553,402,151,69,50,19,72,40,32,376,235,141,75,41,34
14494,C4920,23,459,District-Ashoknagar,Total,50-59,1189,756,433,245,141,104,213,138,75,53,28,25,329,232,97,42,19,23,32,20,12,219,140,79,56,38,18
14495,C4920,23,459,District-Ashoknagar,Total,60-69,1598,856,742,441,207,234,289,152,137,38,21,17,430,268,162,19,10,9,22,10,12,237,126,111,122,62,60
14496,C4920,23,459,District-Ashoknagar,Total,70-79,1117,577,540,340,161,179,215,117,98,16,11,5,276,154,122,10,5,5,9,5,4,115,59,56,136,65,71
14497,C4920,23,459,District-Ashoknagar,Total,80-89,492,221,271,146,56,90,101,48,53,12,6,6,112,60,52,1,1,0,5,2,3,39,22,17,76,26,50
14498,C4920,23,459,District-Ashoknagar,Total,90+,156,73,83,43,17,26,22,12,10,1,0,1,40,18,22,1,1,0,0,0,0,8,4,4,41,21,20
14499,C4920,23,459,District-Ashoknagar,Total,Age Not Stated,17,8,9,5,4,1,3,1,2,1,0,1,3,1,2,0,0,0,1,0,1,3,2,1,1,0,1
14500,C4920,23,459,District-Ashoknagar,Rural,Total,13650,8063,5587,2836,1501,1335,2274,1242,1032,611,360,251,3519,2388,1131,493,321,172,273,173,100,2675,1537,1138,969,541,428
14501,C4920,23,459,District-Ashoknagar,Rural,0-4,729,365,364,185,99,86,139,60,79,13,7,6,94,52,42,20,14,6,4,3,1,232,113,119,42,17,25
14502,C4920,23,459,District-Ashoknagar,Rural,5-9,1146,625,521,257,143,114,193,82,111,100,62,38,176,95,81,46,29,17,16,10,6,264,154,110,94,50,44
14503,C4920,23,459,District-Ashoknagar,Rural,10-19,2580,1489,1091,531,272,259,404,214,190,170,99,71,518,343,175,136,82,54,57,33,24,554,304,250,210,142,68
14504,C4920,23,459,District-Ashoknagar,Rural,20-29,2035,1335,700,309,170,139,297,175,122,108,64,44,659,505,154,99,69,30,45,35,10,410,243,167,108,74,34
14505,C4920,23,459,District-Ashoknagar,Rural,30-39,1825,1215,610,245,154,91,291,174,117,71,43,28,646,473,173,80,56,24,42,33,9,380,239,141,70,43,27
14506,C4920,23,459,District-Ashoknagar,Rural,40-49,1419,914,505,200,124,76,236,141,95,51,33,18,448,324,124,57,42,15,57,31,26,313,191,122,57,28,29
14507,C4920,23,459,District-Ashoknagar,Rural,50-59,983,617,366,218,126,92,173,112,61,41,20,21,261,180,81,33,16,17,22,13,9,183,116,67,52,34,18
14508,C4920,23,459,District-Ashoknagar,Rural,60-69,1361,723,638,405,193,212,245,129,116,31,17,14,351,216,135,13,8,5,18,9,9,198,102,96,100,49,51
14509,C4920,23,459,District-Ashoknagar,Rural,70-79,989,509,480,311,146,165,190,102,88,15,10,5,233,131,102,7,3,4,6,4,2,96,51,45,131,62,69
14510,C4920,23,459,District-Ashoknagar,Rural,80-89,431,196,235,136,56,80,84,41,43,9,5,4,94,50,44,1,1,0,5,2,3,35,19,16,67,22,45
14511,C4920,23,459,District-Ashoknagar,Rural,90+,141,70,71,37,16,21,20,11,9,1,0,1,37,18,19,1,1,0,0,0,0,8,4,4,37,20,17
14512,C4920,23,459,District-Ashoknagar,Rural,Age Not Stated,11,5,6,2,2,0,2,1,1,1,0,1,2,1,1,0,0,0,1,0,1,2,1,1,1,0,1
14513,C4920,23,459,District-Ashoknagar,Urban,Total,2831,1711,1120,375,189,186,540,307,233,130,78,52,796,528,268,142,86,56,86,56,30,556,336,220,206,131,75
14514,C4920,23,459,District-Ashoknagar,Urban,0-4,141,86,55,16,5,11,31,21,10,2,2,0,28,19,9,1,1,0,1,1,0,50,31,19,12,6,6
14515,C4920,23,459,District-Ashoknagar,Urban,5-9,242,132,110,48,20,28,56,31,25,12,6,6,40,22,18,12,8,4,3,2,1,55,32,23,16,11,5
14516,C4920,23,459,District-Ashoknagar,Urban,10-19,557,334,223,63,38,25,120,67,53,35,18,17,116,81,35,44,28,16,17,10,7,105,56,49,57,36,21
14517,C4920,23,459,District-Ashoknagar,Urban,20-29,513,316,197,62,37,25,74,37,37,20,13,7,158,105,53,34,21,13,15,11,4,112,67,45,38,25,13
14518,C4920,23,459,District-Ashoknagar,Urban,30-39,404,256,148,39,23,16,78,46,32,18,13,5,137,86,51,21,13,8,18,14,4,72,46,26,21,15,6
14519,C4920,23,459,District-Ashoknagar,Urban,40-49,321,216,105,36,19,17,52,33,19,20,12,8,105,78,27,12,8,4,15,9,6,63,44,19,18,13,5
14520,C4920,23,459,District-Ashoknagar,Urban,50-59,206,139,67,27,15,12,40,26,14,12,8,4,68,52,16,9,3,6,10,7,3,36,24,12,4,4,0
14521,C4920,23,459,District-Ashoknagar,Urban,60-69,237,133,104,36,14,22,44,23,21,7,4,3,79,52,27,6,2,4,4,1,3,39,24,15,22,13,9
14522,C4920,23,459,District-Ashoknagar,Urban,70-79,128,68,60,29,15,14,25,15,10,1,1,0,43,23,20,3,2,1,3,1,2,19,8,11,5,3,2
14523,C4920,23,459,District-Ashoknagar,Urban,80-89,61,25,36,10,0,10,17,7,10,3,1,2,18,10,8,0,0,0,0,0,0,4,3,1,9,4,5
14524,C4920,23,459,District-Ashoknagar,Urban,90+,15,3,12,6,1,5,2,1,1,0,0,0,3,0,3,0,0,0,0,0,0,0,0,0,4,1,3
14525,C4920,23,459,District-Ashoknagar,Urban,Age Not Stated,6,3,3,3,2,1,1,0,1,0,0,0,1,0,1,0,0,0,0,0,0,1,1,0,0,0,0
14526,C4920,23,460,District-Shahdol,Total,Total,26233,14799,11434,4897,2645,2252,4370,2353,2017,1207,679,528,6789,4055,2734,1474,850,624,693,424,269,4689,2659,2030,2114,1134,980
14527,C4920,23,460,District-Shahdol,Total,0-4,1371,738,633,306,147,159,341,173,168,27,15,12,188,112,76,50,30,20,10,7,3,374,203,171,75,51,24
14528,C4920,23,460,District-Shahdol,Total,5-9,2017,1144,873,380,198,182,357,203,154,190,108,82,327,203,124,125,71,54,44,27,17,402,226,176,192,108,84
14529,C4920,23,460,District-Shahdol,Total,10-19,4546,2619,1927,853,466,387,704,388,316,321,193,128,861,532,329,360,203,157,135,77,58,931,538,393,381,222,159
14530,C4920,23,460,District-Shahdol,Total,20-29,3846,2282,1564,593,351,242,612,336,276,200,116,84,965,613,352,288,175,113,145,84,61,770,439,331,273,168,105
14531,C4920,23,460,District-Shahdol,Total,30-39,3312,2027,1285,515,308,207,593,342,251,155,79,76,830,571,259,246,153,93,131,94,37,639,362,277,203,118,85
14532,C4920,23,460,District-Shahdol,Total,40-49,3081,1849,1232,543,312,231,514,272,242,138,79,59,833,561,272,199,116,83,104,65,39,598,356,242,152,88,64
14533,C4920,23,460,District-Shahdol,Total,50-59,2349,1338,1011,449,249,200,392,212,180,76,38,38,745,446,299,94,51,43,59,35,24,400,232,168,134,75,59
14534,C4920,23,460,District-Shahdol,Total,60-69,3081,1538,1543,669,317,352,499,241,258,68,34,34,1091,559,532,68,36,32,43,24,19,382,200,182,261,127,134
14535,C4920,23,460,District-Shahdol,Total,70-79,1814,892,922,425,217,208,263,141,122,21,11,10,669,329,340,33,12,21,14,6,8,134,75,59,255,101,154
14536,C4920,23,460,District-Shahdol,Total,80-89,612,282,330,123,59,64,73,35,38,8,3,5,220,103,117,5,1,4,7,4,3,38,18,20,138,59,79
14537,C4920,23,460,District-Shahdol,Total,90+,184,82,102,39,20,19,20,8,12,3,3,0,52,24,28,4,1,3,1,1,0,16,8,8,49,17,32
14538,C4920,23,460,District-Shahdol,Total,Age Not Stated,20,8,12,2,1,1,2,2,0,0,0,0,8,2,6,2,1,1,0,0,0,5,2,3,1,0,1
14539,C4920,23,460,District-Shahdol,Rural,Total,22022,12290,9732,4222,2276,1946,3623,1930,1693,954,529,425,5738,3376,2362,1204,683,521,545,332,213,3940,2219,1721,1796,945,851
14540,C4920,23,460,District-Shahdol,Rural,0-4,1174,638,536,262,127,135,289,147,142,22,13,9,170,101,69,43,25,18,8,7,1,319,177,142,61,41,20
14541,C4920,23,460,District-Shahdol,Rural,5-9,1707,958,749,315,164,151,304,168,136,151,82,69,287,180,107,108,60,48,38,23,15,350,195,155,154,86,68
14542,C4920,23,460,District-Shahdol,Rural,10-19,3844,2211,1633,733,402,331,606,329,277,249,147,102,733,448,285,295,165,130,111,64,47,806,471,335,311,185,126
14543,C4920,23,460,District-Shahdol,Rural,20-29,3102,1827,1275,500,300,200,486,261,225,159,91,68,765,480,285,228,134,94,119,71,48,631,359,272,214,131,83
14544,C4920,23,460,District-Shahdol,Rural,30-39,2695,1632,1063,422,247,175,489,284,205,128,65,63,670,453,217,196,121,75,98,71,27,526,297,229,166,94,72
14545,C4920,23,460,District-Shahdol,Rural,40-49,2521,1492,1029,464,266,198,406,216,190,102,60,42,687,452,235,165,94,71,73,43,30,490,286,204,134,75,59
14546,C4920,23,460,District-Shahdol,Rural,50-59,1980,1107,873,403,222,181,318,168,150,65,34,31,638,377,261,74,39,35,46,26,20,321,179,142,115,62,53
14547,C4920,23,460,District-Shahdol,Rural,60-69,2688,1323,1365,603,285,318,428,202,226,53,25,28,947,484,463,58,31,27,34,20,14,330,170,160,235,106,129
14548,C4920,23,460,District-Shahdol,Rural,70-79,1598,773,825,379,192,187,224,118,106,15,7,8,594,288,306,28,11,17,11,3,8,112,58,54,235,96,139
14549,C4920,23,460,District-Shahdol,Rural,80-89,532,248,284,108,52,56,56,30,26,7,2,5,189,88,101,4,1,3,7,4,3,36,18,18,125,53,72
14550,C4920,23,460,District-Shahdol,Rural,90+,162,74,88,31,18,13,15,5,10,3,3,0,50,23,27,3,1,2,0,0,0,15,8,7,45,16,29
14551,C4920,23,460,District-Shahdol,Rural,Age Not Stated,19,7,12,2,1,1,2,2,0,0,0,0,8,2,6,2,1,1,0,0,0,4,1,3,1,0,1
14552,C4920,23,460,District-Shahdol,Urban,Total,4211,2509,1702,675,369,306,747,423,324,253,150,103,1051,679,372,270,167,103,148,92,56,749,440,309,318,189,129
14553,C4920,23,460,District-Shahdol,Urban,0-4,197,100,97,44,20,24,52,26,26,5,2,3,18,11,7,7,5,2,2,0,2,55,26,29,14,10,4
14554,C4920,23,460,District-Shahdol,Urban,5-9,310,186,124,65,34,31,53,35,18,39,26,13,40,23,17,17,11,6,6,4,2,52,31,21,38,22,16
14555,C4920,23,460,District-Shahdol,Urban,10-19,702,408,294,120,64,56,98,59,39,72,46,26,128,84,44,65,38,27,24,13,11,125,67,58,70,37,33
14556,C4920,23,460,District-Shahdol,Urban,20-29,744,455,289,93,51,42,126,75,51,41,25,16,200,133,67,60,41,19,26,13,13,139,80,59,59,37,22
14557,C4920,23,460,District-Shahdol,Urban,30-39,617,395,222,93,61,32,104,58,46,27,14,13,160,118,42,50,32,18,33,23,10,113,65,48,37,24,13
14558,C4920,23,460,District-Shahdol,Urban,40-49,560,357,203,79,46,33,108,56,52,36,19,17,146,109,37,34,22,12,31,22,9,108,70,38,18,13,5
14559,C4920,23,460,District-Shahdol,Urban,50-59,369,231,138,46,27,19,74,44,30,11,4,7,107,69,38,20,12,8,13,9,4,79,53,26,19,13,6
14560,C4920,23,460,District-Shahdol,Urban,60-69,393,215,178,66,32,34,71,39,32,15,9,6,144,75,69,10,5,5,9,4,5,52,30,22,26,21,5
14561,C4920,23,460,District-Shahdol,Urban,70-79,216,119,97,46,25,21,39,23,16,6,4,2,75,41,34,5,1,4,3,3,0,22,17,5,20,5,15
14562,C4920,23,460,District-Shahdol,Urban,80-89,80,34,46,15,7,8,17,5,12,1,1,0,31,15,16,1,0,1,0,0,0,2,0,2,13,6,7
14563,C4920,23,460,District-Shahdol,Urban,90+,22,8,14,8,2,6,5,3,2,0,0,0,2,1,1,1,0,1,1,1,0,1,0,1,4,1,3
14564,C4920,23,460,District-Shahdol,Urban,Age Not Stated,1,1,0,0,0,0,0,0,0,0,0,0,0,0,0,0,0,0,0,0,0,1,1,0,0,0,0
14565,C4920,23,461,District-Anuppur,Total,Total,18414,10062,8352,2914,1443,1471,2962,1584,1378,792,464,328,4706,2736,1970,891,513,378,487,292,195,3877,2090,1787,1785,940,845
14566,C4920,23,461,District-Anuppur,Total,0-4,891,463,428,128,58,70,179,87,92,16,9,7,143,84,59,20,11,9,11,5,6,341,175,166,53,34,19
14567,C4920,23,461,District-Anuppur,Total,5-9,1403,812,591,180,101,79,231,114,117,104,64,40,235,158,77,80,45,35,29,15,14,358,204,154,186,111,75
14568,C4920,23,461,District-Anuppur,Total,10-19,3004,1618,1386,402,203,199,463,244,219,227,126,101,557,317,240,237,128,109,102,59,43,653,341,312,363,200,163
14569,C4920,23,461,District-Anuppur,Total,20-29,2848,1611,1237,316,155,161,480,269,211,146,85,61,749,442,307,181,114,67,103,61,42,652,354,298,221,131,90
14570,C4920,23,461,District-Anuppur,Total,30-39,2134,1229,905,256,125,131,311,175,136,109,68,41,554,357,197,135,66,69,91,62,29,538,293,245,140,83,57
14571,C4920,23,461,District-Anuppur,Total,40-49,2133,1235,898,305,162,143,359,202,157,71,39,32,594,360,234,123,74,49,70,42,28,481,284,197,130,72,58
14572,C4920,23,461,District-Anuppur,Total,50-59,1815,1036,779,366,195,171,271,162,109,49,34,15,531,307,224,61,43,18,47,32,15,384,201,183,106,62,44
14573,C4920,23,461,District-Anuppur,Total,60-69,2097,1049,1048,464,214,250,312,155,157,44,22,22,708,380,328,42,26,16,24,12,12,274,136,138,229,104,125
14574,C4920,23,461,District-Anuppur,Total,70-79,1428,698,730,350,163,187,239,119,120,18,12,6,470,246,224,7,5,2,7,4,3,136,67,69,201,82,119
14575,C4920,23,461,District-Anuppur,Total,80-89,490,225,265,113,49,64,84,41,43,3,1,2,134,66,68,4,1,3,3,0,3,41,25,16,108,42,66
14576,C4920,23,461,District-Anuppur,Total,90+,157,79,78,30,15,15,27,14,13,4,3,1,31,19,12,1,0,1,0,0,0,16,9,7,48,19,29
14577,C4920,23,461,District-Anuppur,Total,Age Not Stated,14,7,7,4,3,1,6,2,4,1,1,0,0,0,0,0,0,0,0,0,0,3,1,2,0,0,0
14578,C4920,23,461,District-Anuppur,Rural,Total,14801,7965,6836,2330,1138,1192,2485,1313,1172,546,322,224,3678,2082,1596,642,373,269,350,212,138,3316,1777,1539,1454,748,706
14579,C4920,23,461,District-Anuppur,Rural,0-4,764,391,373,116,51,65,153,73,80,11,5,6,117,68,49,17,9,8,6,4,2,307,157,150,37,24,13
14580,C4920,23,461,District-Anuppur,Rural,5-9,1148,666,482,150,85,65,197,98,99,76,46,30,188,125,63,62,36,26,23,14,9,307,177,130,145,85,60
14581,C4920,23,461,District-Anuppur,Rural,10-19,2399,1273,1126,334,170,164,403,210,193,158,85,73,420,233,187,182,99,83,75,40,35,554,289,265,273,147,126
14582,C4920,23,461,District-Anuppur,Rural,20-29,2168,1198,970,250,118,132,391,215,176,87,54,33,530,304,226,127,75,52,66,39,27,542,294,248,175,99,76
14583,C4920,23,461,District-Anuppur,Rural,30-39,1717,966,751,210,104,106,262,146,116,79,49,30,427,260,167,97,46,51,68,44,24,460,251,209,114,66,48
14584,C4920,23,461,District-Anuppur,Rural,40-49,1701,992,709,221,118,103,296,168,128,51,31,20,478,288,190,81,53,28,50,30,20,407,237,170,117,67,50
14585,C4920,23,461,District-Anuppur,Rural,50-59,1383,767,616,263,132,131,213,119,94,29,23,6,395,223,172,37,30,7,34,26,8,319,161,158,93,53,40
14586,C4920,23,461,District-Anuppur,Rural,60-69,1773,867,906,380,169,211,276,136,140,37,16,21,587,306,281,32,20,12,20,12,8,246,123,123,195,85,110
14587,C4920,23,461,District-Anuppur,Rural,70-79,1200,591,609,294,142,152,204,103,101,11,9,2,397,206,191,5,4,1,6,3,3,120,57,63,163,67,96
14588,C4920,23,461,District-Anuppur,Rural,80-89,409,185,224,85,36,49,68,32,36,3,1,2,113,55,58,2,1,1,2,0,2,36,21,15,100,39,61
14589,C4920,23,461,District-Anuppur,Rural,90+,127,63,64,24,11,13,17,11,6,3,2,1,26,14,12,0,0,0,0,0,0,15,9,6,42,16,26
14590,C4920,23,461,District-Anuppur,Rural,Age Not Stated,12,6,6,3,2,1,5,2,3,1,1,0,0,0,0,0,0,0,0,0,0,3,1,2,0,0,0
14591,C4920,23,461,District-Anuppur,Urban,Total,3613,2097,1516,584,305,279,477,271,206,246,142,104,1028,654,374,249,140,109,137,80,57,561,313,248,331,192,139
14592,C4920,23,461,District-Anuppur,Urban,0-4,127,72,55,12,7,5,26,14,12,5,4,1,26,16,10,3,2,1,5,1,4,34,18,16,16,10,6
14593,C4920,23,461,District-Anuppur,Urban,5-9,255,146,109,30,16,14,34,16,18,28,18,10,47,33,14,18,9,9,6,1,5,51,27,24,41,26,15
14594,C4920,23,461,District-Anuppur,Urban,10-19,605,345,260,68,33,35,60,34,26,69,41,28,137,84,53,55,29,26,27,19,8,99,52,47,90,53,37
14595,C4920,23,461,District-Anuppur,Urban,20-29,680,413,267,66,37,29,89,54,35,59,31,28,219,138,81,54,39,15,37,22,15,110,60,50,46,32,14
14596,C4920,23,461,District-Anuppur,Urban,30-39,417,263,154,46,21,25,49,29,20,30,19,11,127,97,30,38,20,18,23,18,5,78,42,36,26,17,9
14597,C4920,23,461,District-Anuppur,Urban,40-49,432,243,189,84,44,40,63,34,29,20,8,12,116,72,44,42,21,21,20,12,8,74,47,27,13,5,8
14598,C4920,23,461,District-Anuppur,Urban,50-59,432,269,163,103,63,40,58,43,15,20,11,9,136,84,52,24,13,11,13,6,7,65,40,25,13,9,4
14599,C4920,23,461,District-Anuppur,Urban,60-69,324,182,142,84,45,39,36,19,17,7,6,1,121,74,47,10,6,4,4,0,4,28,13,15,34,19,15
14600,C4920,23,461,District-Anuppur,Urban,70-79,228,107,121,56,21,35,35,16,19,7,3,4,73,40,33,2,1,1,1,1,0,16,10,6,38,15,23
14601,C4920,23,461,District-Anuppur,Urban,80-89,81,40,41,28,13,15,16,9,7,0,0,0,21,11,10,2,0,2,1,0,1,5,4,1,8,3,5
14602,C4920,23,461,District-Anuppur,Urban,90+,30,16,14,6,4,2,10,3,7,1,1,0,5,5,0,1,0,1,0,0,0,1,0,1,6,3,3
14603,C4920,23,461,District-Anuppur,Urban,Age Not Stated,2,1,1,1,1,0,1,0,1,0,0,0,0,0,0,0,0,0,0,0,0,0,0,0,0,0,0
14604,C4920,23,462,District-Sidhi,Total,Total,24334,13871,10463,4022,2169,1853,3804,2118,1686,1366,775,591,6754,4064,2690,1155,745,410,672,457,215,4380,2377,2003,2181,1166,1015
14605,C4920,23,462,District-Sidhi,Total,0-4,1290,712,578,249,125,124,266,159,107,38,21,17,211,116,95,34,19,15,10,4,6,411,224,187,71,44,27
14606,C4920,23,462,District-Sidhi,Total,5-9,2045,1156,889,364,196,168,319,175,144,196,115,81,326,188,138,114,75,39,48,28,20,473,259,214,205,120,85
14607,C4920,23,462,District-Sidhi,Total,10-19,4455,2539,1916,730,402,328,723,387,336,376,217,159,895,538,357,338,214,124,156,94,62,868,469,399,369,218,151
14608,C4920,23,462,District-Sidhi,Total,20-29,3207,2006,1201,419,245,174,525,316,209,224,141,83,844,587,257,235,160,75,117,88,29,646,357,289,197,112,85
14609,C4920,23,462,District-Sidhi,Total,30-39,2871,1773,1098,406,224,182,473,274,199,170,99,71,762,522,240,178,119,59,134,100,34,583,337,246,165,98,67
14610,C4920,23,462,District-Sidhi,Total,40-49,2478,1514,964,342,207,135,385,234,151,142,74,68,759,504,255,115,67,48,100,77,23,500,270,230,135,81,54
14611,C4920,23,462,District-Sidhi,Total,50-59,1964,1164,800,339,195,144,281,161,120,84,45,39,680,418,262,72,51,21,53,36,17,339,187,152,116,71,45
14612,C4920,23,462,District-Sidhi,Total,60-69,2649,1338,1311,499,242,257,377,183,194,76,31,45,1050,566,484,41,24,17,39,22,17,311,153,158,256,117,139
14613,C4920,23,462,District-Sidhi,Total,70-79,2166,1070,1096,448,218,230,295,147,148,42,22,20,827,431,396,22,14,8,9,4,5,173,86,87,350,148,202
14614,C4920,23,462,District-Sidhi,Total,80-89,924,446,478,188,95,93,121,63,58,13,8,5,315,145,170,3,1,2,6,4,2,52,23,29,226,107,119
14615,C4920,23,462,District-Sidhi,Total,90+,253,142,111,33,20,13,32,18,14,4,2,2,80,47,33,3,1,2,0,0,0,15,7,8,86,47,39
14616,C4920,23,462,District-Sidhi,Total,Age Not Stated,32,11,21,5,0,5,7,1,6,1,0,1,5,2,3,0,0,0,0,0,0,9,5,4,5,3,2
14617,C4920,23,462,District-Sidhi,Rural,Total,22810,12959,9851,3817,2061,1756,3595,2003,1592,1247,697,550,6328,3780,2548,1032,672,360,610,419,191,4134,2230,1904,2047,1097,950
14618,C4920,23,462,District-Sidhi,Rural,0-4,1208,669,539,237,122,115,254,151,103,36,19,17,201,110,91,29,17,12,7,3,4,383,209,174,61,38,23
14619,C4920,23,462,District-Sidhi,Rural,5-9,1932,1088,844,350,188,162,304,166,138,183,110,73,302,169,133,107,72,35,46,27,19,445,241,204,195,115,80
14620,C4920,23,462,District-Sidhi,Rural,10-19,4127,2342,1785,684,373,311,666,357,309,336,189,147,834,506,328,296,189,107,139,83,56,827,442,385,345,203,142
14621,C4920,23,462,District-Sidhi,Rural,20-29,2978,1869,1109,394,233,161,500,302,198,206,127,79,788,545,243,204,143,61,100,80,20,608,337,271,178,102,76
14622,C4920,23,462,District-Sidhi,Rural,30-39,2673,1643,1030,379,207,172,444,259,185,152,88,64,709,483,226,161,107,54,123,91,32,550,316,234,155,92,63
14623,C4920,23,462,District-Sidhi,Rural,40-49,2297,1401,896,321,193,128,363,222,141,130,67,63,699,466,233,104,59,45,91,71,20,467,248,219,122,75,47
14624,C4920,23,462,District-Sidhi,Rural,50-59,1821,1071,750,326,187,139,262,150,112,77,39,38,618,370,248,66,48,18,51,35,16,314,173,141,107,69,38
14625,C4920,23,462,District-Sidhi,Rural,60-69,2528,1271,1257,478,235,243,363,174,189,72,28,44,996,533,463,37,21,16,38,21,17,301,149,152,243,110,133
14626,C4920,23,462,District-Sidhi,Rural,70-79,2086,1032,1054,430,212,218,288,144,144,37,20,17,794,411,383,22,14,8,9,4,5,166,82,84,340,145,195
14627,C4920,23,462,District-Sidhi,Rural,80-89,888,425,463,183,92,91,114,59,55,13,8,5,305,140,165,3,1,2,6,4,2,51,22,29,213,99,114
14628,C4920,23,462,District-Sidhi,Rural,90+,241,137,104,31,19,12,30,18,12,4,2,2,77,45,32,3,1,2,0,0,0,13,6,7,83,46,37
14629,C4920,23,462,District-Sidhi,Rural,Age Not Stated,31,11,20,4,0,4,7,1,6,1,0,1,5,2,3,0,0,0,0,0,0,9,5,4,5,3,2
14630,C4920,23,462,District-Sidhi,Urban,Total,1524,912,612,205,108,97,209,115,94,119,78,41,426,284,142,123,73,50,62,38,24,246,147,99,134,69,65
14631,C4920,23,462,District-Sidhi,Urban,0-4,82,43,39,12,3,9,12,8,4,2,2,0,10,6,4,5,2,3,3,1,2,28,15,13,10,6,4
14632,C4920,23,462,District-Sidhi,Urban,5-9,113,68,45,14,8,6,15,9,6,13,5,8,24,19,5,7,3,4,2,1,1,28,18,10,10,5,5
14633,C4920,23,462,District-Sidhi,Urban,10-19,328,197,131,46,29,17,57,30,27,40,28,12,61,32,29,42,25,17,17,11,6,41,27,14,24,15,9
14634,C4920,23,462,District-Sidhi,Urban,20-29,229,137,92,25,12,13,25,14,11,18,14,4,56,42,14,31,17,14,17,8,9,38,20,18,19,10,9
14635,C4920,23,462,District-Sidhi,Urban,30-39,198,130,68,27,17,10,29,15,14,18,11,7,53,39,14,17,12,5,11,9,2,33,21,12,10,6,4
14636,C4920,23,462,District-Sidhi,Urban,40-49,181,113,68,21,14,7,22,12,10,12,7,5,60,38,22,11,8,3,9,6,3,33,22,11,13,6,7
14637,C4920,23,462,District-Sidhi,Urban,50-59,143,93,50,13,8,5,19,11,8,7,6,1,62,48,14,6,3,3,2,1,1,25,14,11,9,2,7
14638,C4920,23,462,District-Sidhi,Urban,60-69,121,67,54,21,7,14,14,9,5,4,3,1,54,33,21,4,3,1,1,1,0,10,4,6,13,7,6
14639,C4920,23,462,District-Sidhi,Urban,70-79,80,38,42,18,6,12,7,3,4,5,2,3,33,20,13,0,0,0,0,0,0,7,4,3,10,3,7
14640,C4920,23,462,District-Sidhi,Urban,80-89,36,21,15,5,3,2,7,4,3,0,0,0,10,5,5,0,0,0,0,0,0,1,1,0,13,8,5
14641,C4920,23,462,District-Sidhi,Urban,90+,12,5,7,2,1,1,2,0,2,0,0,0,3,2,1,0,0,0,0,0,0,2,1,1,3,1,2
14642,C4920,23,462,District-Sidhi,Urban,Age Not Stated,1,0,1,1,0,1,0,0,0,0,0,0,0,0,0,0,0,0,0,0,0,0,0,0,0,0,0
14643,C4920,23,463,District-Singrauli,Total,Total,23108,12968,10140,3535,1879,1656,4488,2516,1972,1240,714,526,4694,2837,1857,1274,772,502,497,292,205,5525,2979,2546,1855,979,876
14644,C4920,23,463,District-Singrauli,Total,0-4,1393,759,634,205,101,104,332,168,164,36,21,15,171,108,63,44,26,18,12,8,4,535,297,238,58,30,28
14645,C4920,23,463,District-Singrauli,Total,5-9,2108,1177,931,285,159,126,409,223,186,199,119,80,280,187,93,130,78,52,41,20,21,591,304,287,173,87,86
14646,C4920,23,463,District-Singrauli,Total,10-19,4800,2659,2141,612,299,313,910,518,392,365,201,164,806,482,324,406,240,166,128,67,61,1185,628,557,388,224,164
14647,C4920,23,463,District-Singrauli,Total,20-29,3370,2033,1337,387,237,150,646,371,275,226,145,81,674,470,204,244,150,94,102,69,33,885,464,421,206,127,79
14648,C4920,23,463,District-Singrauli,Total,30-39,2670,1583,1087,317,192,125,524,309,215,165,88,77,499,329,170,195,120,75,88,49,39,753,424,329,129,72,57
14649,C4920,23,463,District-Singrauli,Total,40-49,2317,1384,933,338,190,148,463,283,180,104,60,44,476,293,183,130,87,43,57,36,21,655,382,273,94,53,41
14650,C4920,23,463,District-Singrauli,Total,50-59,1633,949,684,283,164,119,328,191,137,69,40,29,371,231,140,64,37,27,36,22,14,378,200,178,104,64,40
14651,C4920,23,463,District-Singrauli,Total,60-69,2201,1094,1107,506,239,267,434,215,219,47,25,22,647,339,308,39,23,16,21,13,8,310,155,155,197,85,112
14652,C4920,23,463,District-Singrauli,Total,70-79,1767,900,867,412,198,214,313,165,148,20,11,9,542,285,257,13,8,5,7,6,1,171,95,76,289,132,157
14653,C4920,23,463,District-Singrauli,Total,80-89,641,315,326,140,72,68,107,59,48,4,3,1,180,85,95,8,3,5,5,2,3,39,20,19,158,71,87
14654,C4920,23,463,District-Singrauli,Total,90+,183,103,80,46,25,21,21,13,8,3,1,2,39,24,15,1,0,1,0,0,0,15,7,8,58,33,25
14655,C4920,23,463,District-Singrauli,Total,Age Not Stated,25,12,13,4,3,1,1,1,0,2,0,2,9,4,5,0,0,0,0,0,0,8,3,5,1,1,0
14656,C4920,23,463,District-Singrauli,Rural,Total,18832,10459,8373,2954,1564,1390,3554,1973,1581,978,560,418,4153,2468,1685,1023,606,417,436,249,187,4122,2208,1914,1612,831,781
14657,C4920,23,463,District-Singrauli,Rural,0-4,1139,616,523,155,77,78,265,134,131,30,17,13,159,100,59,39,23,16,8,5,3,433,235,198,50,25,25
14658,C4920,23,463,District-Singrauli,Rural,5-9,1688,946,742,229,124,105,333,178,155,162,99,63,257,173,84,112,68,44,37,17,20,420,216,204,138,71,67
14659,C4920,23,463,District-Singrauli,Rural,10-19,3725,2056,1669,476,227,249,697,406,291,278,153,125,671,401,270,310,180,130,110,56,54,870,460,410,313,173,140
14660,C4920,23,463,District-Singrauli,Rural,20-29,2598,1577,1021,300,188,112,477,267,210,174,113,61,557,391,166,200,121,79,89,60,29,635,332,303,166,105,61
14661,C4920,23,463,District-Singrauli,Rural,30-39,2150,1270,880,260,161,99,401,243,158,138,71,67,431,279,152,160,96,64,80,44,36,565,315,250,115,61,54
14662,C4920,23,463,District-Singrauli,Rural,40-49,1807,1076,731,261,152,109,352,212,140,79,45,34,415,249,166,97,64,33,49,29,20,469,279,190,85,46,39
14663,C4920,23,463,District-Singrauli,Rural,50-59,1303,729,574,238,137,101,250,140,110,53,28,25,323,190,133,56,31,25,32,19,13,259,128,131,92,56,36
14664,C4920,23,463,District-Singrauli,Rural,60-69,1991,965,1026,464,216,248,384,182,202,37,20,17,607,310,297,31,16,15,20,12,8,271,134,137,177,75,102
14665,C4920,23,463,District-Singrauli,Rural,70-79,1636,827,809,390,187,203,276,144,132,19,10,9,515,269,246,12,7,5,6,5,1,148,83,65,270,122,148
14666,C4920,23,463,District-Singrauli,Rural,80-89,605,294,311,136,70,66,99,54,45,4,3,1,172,80,92,5,0,5,5,2,3,34,19,15,150,66,84
14667,C4920,23,463,District-Singrauli,Rural,90+,171,95,76,42,23,19,20,13,7,3,1,2,37,22,15,1,0,1,0,0,0,13,6,7,55,30,25
14668,C4920,23,463,District-Singrauli,Rural,Age Not Stated,19,8,11,3,2,1,0,0,0,1,0,1,9,4,5,0,0,0,0,0,0,5,1,4,1,1,0
14669,C4920,23,463,District-Singrauli,Urban,Total,4276,2509,1767,581,315,266,934,543,391,262,154,108,541,369,172,251,166,85,61,43,18,1403,771,632,243,148,95
14670,C4920,23,463,District-Singrauli,Urban,0-4,254,143,111,50,24,26,67,34,33,6,4,2,12,8,4,5,3,2,4,3,1,102,62,40,8,5,3
14671,C4920,23,463,District-Singrauli,Urban,5-9,420,231,189,56,35,21,76,45,31,37,20,17,23,14,9,18,10,8,4,3,1,171,88,83,35,16,19
14672,C4920,23,463,District-Singrauli,Urban,10-19,1075,603,472,136,72,64,213,112,101,87,48,39,135,81,54,96,60,36,18,11,7,315,168,147,75,51,24
14673,C4920,23,463,District-Singrauli,Urban,20-29,772,456,316,87,49,38,169,104,65,52,32,20,117,79,38,44,29,15,13,9,4,250,132,118,40,22,18
14674,C4920,23,463,District-Singrauli,Urban,30-39,520,313,207,57,31,26,123,66,57,27,17,10,68,50,18,35,24,11,8,5,3,188,109,79,14,11,3
14675,C4920,23,463,District-Singrauli,Urban,40-49,510,308,202,77,38,39,111,71,40,25,15,10,61,44,17,33,23,10,8,7,1,186,103,83,9,7,2
14676,C4920,23,463,District-Singrauli,Urban,50-59,330,220,110,45,27,18,78,51,27,16,12,4,48,41,7,8,6,2,4,3,1,119,72,47,12,8,4
14677,C4920,23,463,District-Singrauli,Urban,60-69,210,129,81,42,23,19,50,33,17,10,5,5,40,29,11,8,7,1,1,1,0,39,21,18,20,10,10
14678,C4920,23,463,District-Singrauli,Urban,70-79,131,73,58,22,11,11,37,21,16,1,1,0,27,16,11,1,1,0,1,1,0,23,12,11,19,10,9
14679,C4920,23,463,District-Singrauli,Urban,80-89,36,21,15,4,2,2,8,5,3,0,0,0,8,5,3,3,3,0,0,0,0,5,1,4,8,5,3
14680,C4920,23,463,District-Singrauli,Urban,90+,12,8,4,4,2,2,1,0,1,0,0,0,2,2,0,0,0,0,0,0,0,2,1,1,3,3,0
14681,C4920,23,463,District-Singrauli,Urban,Age Not Stated,6,4,2,1,1,0,1,1,0,1,0,1,0,0,0,0,0,0,0,0,0,3,2,1,0,0,0
14682,C4920,23,464,District-Jhabua,Total,Total,17962,10045,7917,2069,1069,1000,2743,1487,1256,588,350,238,7006,4070,2936,780,474,306,507,278,229,2708,1475,1233,1561,842,719
14683,C4920,23,464,District-Jhabua,Total,0-4,1009,552,457,124,67,57,157,88,69,19,16,3,244,137,107,27,16,11,12,8,4,346,184,162,80,36,44
14684,C4920,23,464,District-Jhabua,Total,5-9,1584,889,695,173,97,76,284,156,128,129,77,52,378,226,152,75,58,17,21,11,10,312,146,166,212,118,94
14685,C4920,23,464,District-Jhabua,Total,10-19,3595,2026,1569,312,171,141,467,251,216,144,85,59,1458,832,626,215,127,88,114,60,54,568,300,268,317,200,117
14686,C4920,23,464,District-Jhabua,Total,20-29,3055,1804,1251,191,116,75,314,179,135,76,43,33,1652,1001,651,139,77,62,106,54,52,390,225,165,187,109,78
14687,C4920,23,464,District-Jhabua,Total,30-39,2256,1334,922,166,106,60,265,144,121,85,42,43,1020,607,413,135,90,45,99,57,42,345,204,141,141,84,57
14688,C4920,23,464,District-Jhabua,Total,40-49,1784,1063,721,180,93,87,275,176,99,65,42,23,682,418,264,111,68,43,89,49,40,281,158,123,101,59,42
14689,C4920,23,464,District-Jhabua,Total,50-59,1479,894,585,218,115,103,275,165,110,33,23,10,562,352,210,45,23,22,37,27,10,201,124,77,108,65,43
14690,C4920,23,464,District-Jhabua,Total,60-69,1505,776,729,290,134,156,328,167,161,26,18,8,537,298,239,22,10,12,19,5,14,140,75,65,143,69,74
14691,C4920,23,464,District-Jhabua,Total,70-79,1109,471,638,267,112,155,246,106,140,11,4,7,331,140,191,10,5,5,8,7,1,78,30,48,158,67,91
14692,C4920,23,464,District-Jhabua,Total,80-89,420,164,256,106,39,67,105,43,62,0,0,0,103,43,60,1,0,1,1,0,1,25,14,11,79,25,54
14693,C4920,23,464,District-Jhabua,Total,90+,147,57,90,41,19,22,27,12,15,0,0,0,37,14,23,0,0,0,1,0,1,8,3,5,33,9,24
14694,C4920,23,464,District-Jhabua,Total,Age Not Stated,19,15,4,1,0,1,0,0,0,0,0,0,2,2,0,0,0,0,0,0,0,14,12,2,2,1,1
14695,C4920,23,464,District-Jhabua,Rural,Total,16393,9068,7325,1940,994,946,2568,1387,1181,523,309,214,6420,3701,2719,664,411,253,440,232,208,2497,1349,1148,1341,685,656
14696,C4920,23,464,District-Jhabua,Rural,0-4,958,519,439,115,62,53,147,84,63,19,16,3,236,131,105,23,14,9,12,8,4,331,172,159,75,32,43
14697,C4920,23,464,District-Jhabua,Rural,5-9,1449,792,657,156,84,72,274,149,125,119,72,47,352,209,143,68,53,15,20,10,10,296,139,157,164,76,88
14698,C4920,23,464,District-Jhabua,Rural,10-19,3303,1847,1456,297,165,132,436,234,202,131,78,53,1356,766,590,189,112,77,104,53,51,524,275,249,266,164,102
14699,C4920,23,464,District-Jhabua,Rural,20-29,2746,1615,1131,168,102,66,292,170,122,66,39,27,1498,903,595,120,67,53,88,40,48,351,199,152,163,95,68
14700,C4920,23,464,District-Jhabua,Rural,30-39,1993,1166,827,154,98,56,235,124,111,77,36,41,910,538,372,103,70,33,84,48,36,307,181,126,123,71,52
14701,C4920,23,464,District-Jhabua,Rural,40-49,1603,953,650,169,87,82,254,161,93,55,35,20,617,378,239,94,61,33,75,39,36,259,147,112,80,45,35
14702,C4920,23,464,District-Jhabua,Rural,50-59,1334,798,536,205,109,96,258,157,101,24,15,9,510,314,196,37,20,17,31,23,8,180,110,70,89,50,39
14703,C4920,23,464,District-Jhabua,Rural,60-69,1417,723,694,280,127,153,314,160,154,24,16,8,503,277,226,21,10,11,17,5,12,130,69,61,128,59,69
14704,C4920,23,464,District-Jhabua,Rural,70-79,1028,430,598,253,105,148,231,95,136,8,2,6,304,130,174,8,4,4,7,6,1,73,29,44,144,59,85
14705,C4920,23,464,District-Jhabua,Rural,80-89,403,155,248,104,37,67,100,41,59,0,0,0,96,39,57,1,0,1,1,0,1,25,14,11,76,24,52
14706,C4920,23,464,District-Jhabua,Rural,90+,142,55,87,39,18,21,27,12,15,0,0,0,36,14,22,0,0,0,1,0,1,7,2,5,32,9,23
14707,C4920,23,464,District-Jhabua,Rural,Age Not Stated,17,15,2,0,0,0,0,0,0,0,0,0,2,2,0,0,0,0,0,0,0,14,12,2,1,1,0
14708,C4920,23,464,District-Jhabua,Urban,Total,1569,977,592,129,75,54,175,100,75,65,41,24,586,369,217,116,63,53,67,46,21,211,126,85,220,157,63
14709,C4920,23,464,District-Jhabua,Urban,0-4,51,33,18,9,5,4,10,4,6,0,0,0,8,6,2,4,2,2,0,0,0,15,12,3,5,4,1
14710,C4920,23,464,District-Jhabua,Urban,5-9,135,97,38,17,13,4,10,7,3,10,5,5,26,17,9,7,5,2,1,1,0,16,7,9,48,42,6
14711,C4920,23,464,District-Jhabua,Urban,10-19,292,179,113,15,6,9,31,17,14,13,7,6,102,66,36,26,15,11,10,7,3,44,25,19,51,36,15
14712,C4920,23,464,District-Jhabua,Urban,20-29,309,189,120,23,14,9,22,9,13,10,4,6,154,98,56,19,10,9,18,14,4,39,26,13,24,14,10
14713,C4920,23,464,District-Jhabua,Urban,30-39,263,168,95,12,8,4,30,20,10,8,6,2,110,69,41,32,20,12,15,9,6,38,23,15,18,13,5
14714,C4920,23,464,District-Jhabua,Urban,40-49,181,110,71,11,6,5,21,15,6,10,7,3,65,40,25,17,7,10,14,10,4,22,11,11,21,14,7
14715,C4920,23,464,District-Jhabua,Urban,50-59,145,96,49,13,6,7,17,8,9,9,8,1,52,38,14,8,3,5,6,4,2,21,14,7,19,15,4
14716,C4920,23,464,District-Jhabua,Urban,60-69,88,53,35,10,7,3,14,7,7,2,2,0,34,21,13,1,0,1,2,0,2,10,6,4,15,10,5
14717,C4920,23,464,District-Jhabua,Urban,70-79,81,41,40,14,7,7,15,11,4,3,2,1,27,10,17,2,1,1,1,1,0,5,1,4,14,8,6
14718,C4920,23,464,District-Jhabua,Urban,80-89,17,9,8,2,2,0,5,2,3,0,0,0,7,4,3,0,0,0,0,0,0,0,0,0,3,1,2
14719,C4920,23,464,District-Jhabua,Urban,90+,5,2,3,2,1,1,0,0,0,0,0,0,1,0,1,0,0,0,0,0,0,1,1,0,1,0,1
14720,C4920,23,464,District-Jhabua,Urban,Age Not Stated,2,0,2,1,0,1,0,0,0,0,0,0,0,0,0,0,0,0,0,0,0,0,0,0,1,0,1
14721,C4920,23,465,District-Alirajpur,Total,Total,10869,6091,4778,1884,1056,828,1962,1044,918,339,195,144,3331,2027,1304,403,217,186,224,119,105,1962,999,963,764,434,330
14722,C4920,23,465,District-Alirajpur,Total,0-4,753,382,371,157,78,79,180,86,94,15,12,3,108,62,46,24,10,14,3,0,3,225,116,109,41,18,23
14723,C4920,23,465,District-Alirajpur,Total,5-9,1123,577,546,254,135,119,209,94,115,60,36,24,168,84,84,39,19,20,14,7,7,264,126,138,115,76,39
14724,C4920,23,465,District-Alirajpur,Total,10-19,2563,1390,1173,440,236,204,444,227,217,97,56,41,798,461,337,97,52,45,56,35,21,436,210,226,195,113,82
14725,C4920,23,465,District-Alirajpur,Total,20-29,1545,873,672,221,134,87,243,127,116,53,32,21,595,352,243,62,32,30,45,27,18,231,122,109,95,47,48
14726,C4920,23,465,District-Alirajpur,Total,30-39,1302,776,526,177,109,68,226,140,86,43,22,21,435,267,168,65,36,29,46,19,27,247,132,115,63,51,12
14727,C4920,23,465,District-Alirajpur,Total,40-49,1101,680,421,161,108,53,214,124,90,26,12,14,355,247,108,55,37,18,26,14,12,215,109,106,49,29,20
14728,C4920,23,465,District-Alirajpur,Total,50-59,966,597,369,144,88,56,188,119,69,27,13,14,345,231,114,36,22,14,20,10,10,164,86,78,42,28,14
14729,C4920,23,465,District-Alirajpur,Total,60-69,783,443,340,174,93,81,125,62,63,14,9,5,298,196,102,12,4,8,10,6,4,89,45,44,61,28,33
14730,C4920,23,465,District-Alirajpur,Total,70-79,493,251,242,112,52,60,89,40,49,3,3,0,170,97,73,10,3,7,2,1,1,47,30,17,60,25,35
14731,C4920,23,465,District-Alirajpur,Total,80-89,142,70,72,27,13,14,30,15,15,1,0,1,40,22,18,0,0,0,1,0,1,14,8,6,29,12,17
14732,C4920,23,465,District-Alirajpur,Total,90+,51,27,24,11,7,4,7,4,3,0,0,0,15,7,8,2,1,1,0,0,0,2,1,1,14,7,7
14733,C4920,23,465,District-Alirajpur,Total,Age Not Stated,47,25,22,6,3,3,7,6,1,0,0,0,4,1,3,1,1,0,1,0,1,28,14,14,0,0,0
14734,C4920,23,465,District-Alirajpur,Rural,Total,10002,5590,4412,1787,996,791,1850,981,869,302,174,128,3011,1832,1179,350,186,164,198,104,94,1838,935,903,666,382,284
14735,C4920,23,465,District-Alirajpur,Rural,0-4,716,361,355,150,73,77,174,84,90,12,10,2,104,60,44,24,10,14,3,0,3,214,108,106,35,16,19
14736,C4920,23,465,District-Alirajpur,Rural,5-9,1056,538,518,243,125,118,199,88,111,56,33,23,155,77,78,36,16,20,10,6,4,250,120,130,107,73,34
14737,C4920,23,465,District-Alirajpur,Rural,10-19,2390,1303,1087,420,225,195,416,216,200,85,50,35,743,431,312,87,48,39,52,33,19,411,196,215,176,104,72
14738,C4920,23,465,District-Alirajpur,Rural,20-29,1400,792,608,210,127,83,225,119,106,50,29,21,532,318,214,55,27,28,41,23,18,212,112,100,75,37,38
14739,C4920,23,465,District-Alirajpur,Rural,30-39,1154,678,476,164,101,63,208,124,84,37,19,18,367,220,147,56,32,24,43,17,26,230,126,104,49,39,10
14740,C4920,23,465,District-Alirajpur,Rural,40-49,995,616,379,153,102,51,201,114,87,23,11,12,321,227,94,43,28,15,21,12,9,195,97,98,38,25,13
14741,C4920,23,465,District-Alirajpur,Rural,50-59,889,558,331,131,85,46,181,114,67,21,10,11,315,214,101,29,18,11,18,8,10,156,83,73,38,26,12
14742,C4920,23,465,District-Alirajpur,Rural,60-69,724,398,326,166,87,79,122,60,62,14,9,5,270,172,98,9,2,7,6,4,2,83,42,41,54,22,32
14743,C4920,23,465,District-Alirajpur,Rural,70-79,450,229,221,107,48,59,81,37,44,3,3,0,152,87,65,8,3,5,2,1,1,43,28,15,54,22,32
14744,C4920,23,465,District-Alirajpur,Rural,80-89,132,66,66,26,13,13,29,15,14,1,0,1,34,19,15,0,0,0,1,0,1,14,8,6,27,11,16
14745,C4920,23,465,District-Alirajpur,Rural,90+,49,26,23,11,7,4,7,4,3,0,0,0,14,6,8,2,1,1,0,0,0,2,1,1,13,7,6
14746,C4920,23,465,District-Alirajpur,Rural,Age Not Stated,47,25,22,6,3,3,7,6,1,0,0,0,4,1,3,1,1,0,1,0,1,28,14,14,0,0,0
14747,C4920,23,465,District-Alirajpur,Urban,Total,867,501,366,97,60,37,112,63,49,37,21,16,320,195,125,53,31,22,26,15,11,124,64,60,98,52,46
14748,C4920,23,465,District-Alirajpur,Urban,0-4,37,21,16,7,5,2,6,2,4,3,2,1,4,2,2,0,0,0,0,0,0,11,8,3,6,2,4
14749,C4920,23,465,District-Alirajpur,Urban,5-9,67,39,28,11,10,1,10,6,4,4,3,1,13,7,6,3,3,0,4,1,3,14,6,8,8,3,5
14750,C4920,23,465,District-Alirajpur,Urban,10-19,173,87,86,20,11,9,28,11,17,12,6,6,55,30,25,10,4,6,4,2,2,25,14,11,19,9,10
14751,C4920,23,465,District-Alirajpur,Urban,20-29,145,81,64,11,7,4,18,8,10,3,3,0,63,34,29,7,5,2,4,4,0,19,10,9,20,10,10
14752,C4920,23,465,District-Alirajpur,Urban,30-39,148,98,50,13,8,5,18,16,2,6,3,3,68,47,21,9,4,5,3,2,1,17,6,11,14,12,2
14753,C4920,23,465,District-Alirajpur,Urban,40-49,106,64,42,8,6,2,13,10,3,3,1,2,34,20,14,12,9,3,5,2,3,20,12,8,11,4,7
14754,C4920,23,465,District-Alirajpur,Urban,50-59,77,39,38,13,3,10,7,5,2,6,3,3,30,17,13,7,4,3,2,2,0,8,3,5,4,2,2
14755,C4920,23,465,District-Alirajpur,Urban,60-69,59,45,14,8,6,2,3,2,1,0,0,0,28,24,4,3,2,1,4,2,2,6,3,3,7,6,1
14756,C4920,23,465,District-Alirajpur,Urban,70-79,43,22,21,5,4,1,8,3,5,0,0,0,18,10,8,2,0,2,0,0,0,4,2,2,6,3,3
14757,C4920,23,465,District-Alirajpur,Urban,80-89,10,4,6,1,0,1,1,0,1,0,0,0,6,3,3,0,0,0,0,0,0,0,0,0,2,1,1
14758,C4920,23,465,District-Alirajpur,Urban,90+,2,1,1,0,0,0,0,0,0,0,0,0,1,1,0,0,0,0,0,0,0,0,0,0,1,0,1
14759,C4920,23,465,District-Alirajpur,Urban,Age Not Stated,0,0,0,0,0,0,0,0,0,0,0,0,0,0,0,0,0,0,0,0,0,0,0,0,0,0,0
14760,C4920,23,466,District-Khandwa (East Nimar),Total,Total,30870,17341,13529,6068,3150,2918,6173,3259,2914,1184,683,501,7955,4926,3029,1389,822,567,786,470,316,4754,2682,2072,2561,1349,1212
14761,C4920,23,466,District-Khandwa (East Nimar),Total,0-4,1549,811,738,312,156,156,462,231,231,27,11,16,212,123,89,42,19,23,12,5,7,374,203,171,108,63,45
14762,C4920,23,466,District-Khandwa (East Nimar),Total,5-9,2379,1342,1037,440,240,200,592,335,257,165,96,69,370,230,140,116,63,53,25,19,6,448,229,219,223,130,93
14763,C4920,23,466,District-Khandwa (East Nimar),Total,10-19,5416,3027,2389,1033,554,479,1131,604,527,317,186,131,1107,654,453,321,175,146,150,93,57,897,474,423,460,287,173
14764,C4920,23,466,District-Khandwa (East Nimar),Total,20-29,4704,2892,1812,644,379,265,779,417,362,210,132,78,1579,1061,518,278,172,106,171,105,66,784,474,310,259,152,107
14765,C4920,23,466,District-Khandwa (East Nimar),Total,30-39,3970,2370,1600,597,325,272,740,374,366,166,83,83,1253,856,397,246,165,81,144,92,52,640,376,264,184,99,85
14766,C4920,23,466,District-Khandwa (East Nimar),Total,40-49,3212,2018,1194,570,342,228,613,335,278,123,74,49,864,595,269,206,131,75,114,77,37,568,364,204,154,100,54
14767,C4920,23,466,District-Khandwa (East Nimar),Total,50-59,2508,1494,1014,546,278,268,461,264,197,72,46,26,710,468,242,96,57,39,74,39,35,415,262,153,134,80,54
14768,C4920,23,466,District-Khandwa (East Nimar),Total,60-69,3035,1556,1479,795,370,425,613,318,295,54,29,25,852,494,358,57,28,29,58,28,30,347,169,178,259,120,139
14769,C4920,23,466,District-Khandwa (East Nimar),Total,70-79,2541,1190,1351,743,350,393,487,252,235,37,20,17,633,293,340,16,8,8,28,9,19,174,81,93,423,177,246
14770,C4920,23,466,District-Khandwa (East Nimar),Total,80-89,1144,478,666,312,125,187,202,88,114,7,4,3,289,121,168,8,3,5,5,1,4,72,31,41,249,105,144
14771,C4920,23,466,District-Khandwa (East Nimar),Total,90+,400,158,242,76,31,45,89,39,50,5,2,3,84,31,53,3,1,2,5,2,3,30,16,14,108,36,72
14772,C4920,23,466,District-Khandwa (East Nimar),Total,Age Not Stated,12,5,7,0,0,0,4,2,2,1,0,1,2,0,2,0,0,0,0,0,0,5,3,2,0,0,0
14773,C4920,23,466,District-Khandwa (East Nimar),Rural,Total,24133,13411,10722,4576,2364,2212,5292,2786,2506,857,483,374,6162,3769,2393,970,566,404,566,334,232,3687,2069,1618,2023,1040,983
14774,C4920,23,466,District-Khandwa (East Nimar),Rural,0-4,1235,651,584,219,113,106,417,206,211,15,7,8,169,97,72,29,12,17,9,3,6,297,168,129,80,45,35
14775,C4920,23,466,District-Khandwa (East Nimar),Rural,5-9,1949,1093,856,335,178,157,537,305,232,132,76,56,296,185,111,86,48,38,18,13,5,370,187,183,175,101,74
14776,C4920,23,466,District-Khandwa (East Nimar),Rural,10-19,4229,2345,1884,767,412,355,994,532,462,242,133,109,860,500,360,228,120,108,101,66,35,712,379,333,325,203,122
14777,C4920,23,466,District-Khandwa (East Nimar),Rural,20-29,3552,2198,1354,429,267,162,653,352,301,149,94,55,1231,827,404,191,118,73,117,72,45,593,358,235,189,110,79
14778,C4920,23,466,District-Khandwa (East Nimar),Rural,30-39,3015,1793,1222,406,224,182,637,323,314,117,62,55,969,653,316,159,107,52,106,67,39,493,291,202,128,66,62
14779,C4920,23,466,District-Khandwa (East Nimar),Rural,40-49,2399,1489,910,388,240,148,523,280,243,77,41,36,648,441,207,141,90,51,82,53,29,429,270,159,111,74,37
14780,C4920,23,466,District-Khandwa (East Nimar),Rural,50-59,1920,1132,788,421,215,206,382,221,161,50,31,19,528,343,185,68,41,27,57,29,28,309,190,119,105,62,43
14781,C4920,23,466,District-Khandwa (East Nimar),Rural,60-69,2450,1226,1224,665,300,365,510,256,254,37,20,17,666,383,283,43,19,24,48,23,25,260,123,137,221,102,119
14782,C4920,23,466,District-Khandwa (East Nimar),Rural,70-79,2093,953,1140,624,290,334,397,202,195,27,14,13,494,219,275,14,7,7,22,6,16,138,59,79,377,156,221
14783,C4920,23,466,District-Khandwa (East Nimar),Rural,80-89,952,396,556,258,97,161,167,75,92,5,3,2,236,99,137,8,3,5,3,1,2,57,28,29,218,90,128
14784,C4920,23,466,District-Khandwa (East Nimar),Rural,90+,327,130,197,64,28,36,71,32,39,5,2,3,63,22,41,3,1,2,3,1,2,24,13,11,94,31,63
14785,C4920,23,466,District-Khandwa (East Nimar),Rural,Age Not Stated,12,5,7,0,0,0,4,2,2,1,0,1,2,0,2,0,0,0,0,0,0,5,3,2,0,0,0
14786,C4920,23,466,District-Khandwa (East Nimar),Urban,Total,6737,3930,2807,1492,786,706,881,473,408,327,200,127,1793,1157,636,419,256,163,220,136,84,1067,613,454,538,309,229
14787,C4920,23,466,District-Khandwa (East Nimar),Urban,0-4,314,160,154,93,43,50,45,25,20,12,4,8,43,26,17,13,7,6,3,2,1,77,35,42,28,18,10
14788,C4920,23,466,District-Khandwa (East Nimar),Urban,5-9,430,249,181,105,62,43,55,30,25,33,20,13,74,45,29,30,15,15,7,6,1,78,42,36,48,29,19
14789,C4920,23,466,District-Khandwa (East Nimar),Urban,10-19,1187,682,505,266,142,124,137,72,65,75,53,22,247,154,93,93,55,38,49,27,22,185,95,90,135,84,51
14790,C4920,23,466,District-Khandwa (East Nimar),Urban,20-29,1152,694,458,215,112,103,126,65,61,61,38,23,348,234,114,87,54,33,54,33,21,191,116,75,70,42,28
14791,C4920,23,466,District-Khandwa (East Nimar),Urban,30-39,955,577,378,191,101,90,103,51,52,49,21,28,284,203,81,87,58,29,38,25,13,147,85,62,56,33,23
14792,C4920,23,466,District-Khandwa (East Nimar),Urban,40-49,813,529,284,182,102,80,90,55,35,46,33,13,216,154,62,65,41,24,32,24,8,139,94,45,43,26,17
14793,C4920,23,466,District-Khandwa (East Nimar),Urban,50-59,588,362,226,125,63,62,79,43,36,22,15,7,182,125,57,28,16,12,17,10,7,106,72,34,29,18,11
14794,C4920,23,466,District-Khandwa (East Nimar),Urban,60-69,585,330,255,130,70,60,103,62,41,17,9,8,186,111,75,14,9,5,10,5,5,87,46,41,38,18,20
14795,C4920,23,466,District-Khandwa (East Nimar),Urban,70-79,448,237,211,119,60,59,90,50,40,10,6,4,139,74,65,2,1,1,6,3,3,36,22,14,46,21,25
14796,C4920,23,466,District-Khandwa (East Nimar),Urban,80-89,192,82,110,54,28,26,35,13,22,2,1,1,53,22,31,0,0,0,2,0,2,15,3,12,31,15,16
14797,C4920,23,466,District-Khandwa (East Nimar),Urban,90+,73,28,45,12,3,9,18,7,11,0,0,0,21,9,12,0,0,0,2,1,1,6,3,3,14,5,9
14798,C4920,23,466,District-Khandwa (East Nimar),Urban,Age Not Stated,0,0,0,0,0,0,0,0,0,0,0,0,0,0,0,0,0,0,0,0,0,0,0,0,0,0,0
14799,C4920,23,467,District-Burhanpur,Total,Total,13032,7158,5874,2567,1244,1323,2265,1195,1070,590,347,243,3552,2125,1427,697,429,268,331,194,137,1692,940,752,1338,684,654
14800,C4920,23,467,District-Burhanpur,Total,0-4,544,302,242,117,60,57,145,84,61,16,8,8,91,53,38,30,18,12,2,1,1,110,56,54,33,22,11
14801,C4920,23,467,District-Burhanpur,Total,5-9,870,488,382,173,94,79,178,82,96,89,58,31,133,77,56,48,28,20,16,11,5,117,66,51,116,72,44
14802,C4920,23,467,District-Burhanpur,Total,10-19,2032,1140,892,357,183,174,356,191,165,149,94,55,419,249,170,150,87,63,59,33,26,303,165,138,239,138,101
14803,C4920,23,467,District-Burhanpur,Total,20-29,1858,1143,715,222,126,96,226,132,94,121,70,51,660,425,235,159,101,58,58,34,24,271,162,109,141,93,48
14804,C4920,23,467,District-Burhanpur,Total,30-39,1554,912,642,226,130,96,250,141,109,80,44,36,499,309,190,108,66,42,66,42,24,243,137,106,82,43,39
14805,C4920,23,467,District-Burhanpur,Total,40-49,1468,885,583,275,144,131,248,140,108,58,33,25,390,269,121,116,74,42,67,37,30,226,136,90,88,52,36
14806,C4920,23,467,District-Burhanpur,Total,50-59,1218,710,508,274,139,135,217,116,101,36,22,14,364,242,122,42,28,14,26,14,12,184,105,79,75,44,31
14807,C4920,23,467,District-Burhanpur,Total,60-69,1594,750,844,435,168,267,293,143,150,25,10,15,479,266,213,30,20,10,26,17,9,136,62,74,170,64,106
14808,C4920,23,467,District-Burhanpur,Total,70-79,1285,579,706,342,146,196,244,115,129,9,5,4,359,169,190,11,7,4,7,3,4,77,38,39,236,96,140
14809,C4920,23,467,District-Burhanpur,Total,80-89,464,202,262,116,44,72,80,36,44,4,2,2,128,60,68,2,0,2,4,2,2,15,8,7,115,50,65
14810,C4920,23,467,District-Burhanpur,Total,90+,131,41,90,29,9,20,24,14,10,3,1,2,28,5,23,0,0,0,0,0,0,5,2,3,42,10,32
14811,C4920,23,467,District-Burhanpur,Total,Age Not Stated,14,6,8,1,1,0,4,1,3,0,0,0,2,1,1,1,0,1,0,0,0,5,3,2,1,0,1
14812,C4920,23,467,District-Burhanpur,Rural,Total,9108,4887,4221,2141,1025,1116,1685,882,803,390,231,159,2367,1398,969,381,215,166,173,100,73,1097,614,483,874,422,452
14813,C4920,23,467,District-Burhanpur,Rural,0-4,401,232,169,106,56,50,113,67,46,10,4,6,69,41,28,17,12,5,1,1,0,68,39,29,17,12,5
14814,C4920,23,467,District-Burhanpur,Rural,5-9,640,348,292,149,78,71,141,67,74,58,36,22,102,57,45,32,18,14,7,5,2,83,43,40,68,44,24
14815,C4920,23,467,District-Burhanpur,Rural,10-19,1383,763,620,281,139,142,277,156,121,104,62,42,261,157,104,83,43,40,38,22,16,189,102,87,150,82,68
14816,C4920,23,467,District-Burhanpur,Rural,20-29,1191,749,442,173,101,72,156,93,63,80,52,28,421,282,139,74,42,32,25,16,9,186,111,75,76,52,24
14817,C4920,23,467,District-Burhanpur,Rural,30-39,1025,581,444,192,108,84,179,97,82,51,30,21,307,188,119,57,30,27,34,17,17,158,90,68,47,21,26
14818,C4920,23,467,District-Burhanpur,Rural,40-49,1014,595,419,218,115,103,192,102,90,43,22,21,265,179,86,62,38,24,36,21,15,148,92,56,50,26,24
14819,C4920,23,467,District-Burhanpur,Rural,50-59,863,490,373,234,116,118,156,83,73,22,15,7,235,153,82,25,15,10,14,7,7,121,68,53,56,33,23
14820,C4920,23,467,District-Burhanpur,Rural,60-69,1173,529,644,375,144,231,210,99,111,12,4,8,334,183,151,21,13,8,9,6,3,80,36,44,132,44,88
14821,C4920,23,467,District-Burhanpur,Rural,70-79,982,420,562,297,126,171,183,83,100,6,4,2,260,113,147,8,4,4,6,3,3,53,25,28,169,62,107
14822,C4920,23,467,District-Burhanpur,Rural,80-89,340,147,193,92,34,58,59,24,35,3,1,2,91,42,49,2,0,2,3,2,1,7,5,2,83,39,44
14823,C4920,23,467,District-Burhanpur,Rural,90+,89,30,59,23,7,16,17,10,7,1,1,0,21,3,18,0,0,0,0,0,0,2,2,0,25,7,18
14824,C4920,23,467,District-Burhanpur,Rural,Age Not Stated,7,3,4,1,1,0,2,1,1,0,0,0,1,0,1,0,0,0,0,0,0,2,1,1,1,0,1
14825,C4920,23,467,District-Burhanpur,Urban,Total,3924,2271,1653,426,219,207,580,313,267,200,116,84,1185,727,458,316,214,102,158,94,64,595,326,269,464,262,202
14826,C4920,23,467,District-Burhanpur,Urban,0-4,143,70,73,11,4,7,32,17,15,6,4,2,22,12,10,13,6,7,1,0,1,42,17,25,16,10,6
14827,C4920,23,467,District-Burhanpur,Urban,5-9,230,140,90,24,16,8,37,15,22,31,22,9,31,20,11,16,10,6,9,6,3,34,23,11,48,28,20
14828,C4920,23,467,District-Burhanpur,Urban,10-19,649,377,272,76,44,32,79,35,44,45,32,13,158,92,66,67,44,23,21,11,10,114,63,51,89,56,33
14829,C4920,23,467,District-Burhanpur,Urban,20-29,667,394,273,49,25,24,70,39,31,41,18,23,239,143,96,85,59,26,33,18,15,85,51,34,65,41,24
14830,C4920,23,467,District-Burhanpur,Urban,30-39,529,331,198,34,22,12,71,44,27,29,14,15,192,121,71,51,36,15,32,25,7,85,47,38,35,22,13
14831,C4920,23,467,District-Burhanpur,Urban,40-49,454,290,164,57,29,28,56,38,18,15,11,4,125,90,35,54,36,18,31,16,15,78,44,34,38,26,12
14832,C4920,23,467,District-Burhanpur,Urban,50-59,355,220,135,40,23,17,61,33,28,14,7,7,129,89,40,17,13,4,12,7,5,63,37,26,19,11,8
14833,C4920,23,467,District-Burhanpur,Urban,60-69,421,221,200,60,24,36,83,44,39,13,6,7,145,83,62,9,7,2,17,11,6,56,26,30,38,20,18
14834,C4920,23,467,District-Burhanpur,Urban,70-79,303,159,144,45,20,25,61,32,29,3,1,2,99,56,43,3,3,0,1,0,1,24,13,11,67,34,33
14835,C4920,23,467,District-Burhanpur,Urban,80-89,124,55,69,24,10,14,21,12,9,1,1,0,37,18,19,0,0,0,1,0,1,8,3,5,32,11,21
14836,C4920,23,467,District-Burhanpur,Urban,90+,42,11,31,6,2,4,7,4,3,2,0,2,7,2,5,0,0,0,0,0,0,3,0,3,17,3,14
14837,C4920,23,467,District-Burhanpur,Urban,Age Not Stated,7,3,4,0,0,0,2,0,2,0,0,0,1,1,0,1,0,1,0,0,0,3,2,1,0,0,0
14838,C4920,17,0,State-MEGHALAYA,Total,0-4,3330,1729,1601,474,236,238,991,496,495,72,34,38,360,186,174,90,43,47,55,32,23,1036,549,487,252,153,99
14839,C4920,17,0,State-MEGHALAYA,Total,5-9,4459,2456,2003,642,348,294,1200,663,537,422,215,207,500,290,210,172,94,78,133,81,52,963,512,451,427,253,174
14840,C4920,17,0,State-MEGHALAYA,Total,10-19,9624,5101,4523,1297,671,626,2649,1422,1227,748,405,343,1095,617,478,635,325,310,528,281,247,1817,933,884,855,447,408
14841,C4920,17,0,State-MEGHALAYA,Total,20-29,7362,3898,3464,853,447,406,1951,1040,911,513,259,254,954,527,427,546,306,240,499,272,227,1502,771,731,544,276,268
14842,C4920,17,0,State-MEGHALAYA,Total,30-39,5281,2748,2533,642,314,328,1394,712,682,401,202,199,610,353,257,369,207,162,439,207,232,1089,563,526,337,190,147
14843,C4920,17,0,State-MEGHALAYA,Total,40-49,4882,2596,2286,818,417,401,1275,683,592,279,154,125,590,360,230,239,121,118,353,172,181,993,527,466,335,162,173
14844,C4920,17,0,State-MEGHALAYA,Total,50-59,3557,1848,1709,832,426,406,990,512,478,138,72,66,445,258,187,160,79,81,176,63,113,594,330,264,222,108,114
14845,C4920,17,0,State-MEGHALAYA,Total,60-69,2969,1524,1445,761,342,419,838,424,414,78,48,30,409,245,164,77,41,36,100,46,54,452,255,197,254,123,131
14846,C4920,17,0,State-MEGHALAYA,Total,70-79,1618,774,844,427,191,236,490,232,258,39,17,22,232,120,112,26,11,15,39,12,27,171,99,72,194,92,102
14847,C4920,17,0,State-MEGHALAYA,Total,80-89,633,279,354,165,70,95,202,96,106,8,2,6,82,32,50,10,5,5,9,4,5,57,28,29,100,42,58
14848,C4920,17,0,State-MEGHALAYA,Total,90+,240,95,145,55,24,31,71,26,45,6,3,3,28,7,21,2,1,1,5,1,4,29,12,17,44,21,23
14849,C4920,17,0,State-MEGHALAYA,Total,Age Not Stated,362,278,84,14,8,6,302,245,57,3,1,2,7,3,4,6,2,4,4,3,1,14,7,7,12,9,3
14850,C4920,17,0,State-MEGHALAYA,Rural,Total,37566,19576,17990,6069,3026,3043,10602,5496,5106,2329,1228,1101,4500,2535,1965,1788,928,860,1881,922,959,7360,3844,3516,3037,1597,1440
14851,C4920,17,0,State-MEGHALAYA,Rural,0-4,3018,1573,1445,433,218,215,912,453,459,62,30,32,314,165,149,73,34,39,47,28,19,950,506,444,227,139,88
14852,C4920,17,0,State-MEGHALAYA,Rural,5-9,3968,2208,1760,582,320,262,1088,612,476,370,188,182,440,256,184,151,86,65,119,73,46,864,464,400,354,209,145
14853,C4920,17,0,State-MEGHALAYA,Rural,10-19,8182,4319,3863,1109,575,534,2297,1212,1085,639,350,289,937,522,415,494,258,236,428,221,207,1565,809,756,713,372,341
14854,C4920,17,0,State-MEGHALAYA,Rural,20-29,6006,3108,2898,717,367,350,1594,805,789,448,230,218,801,448,353,388,204,184,398,215,183,1207,607,600,453,232,221
14855,C4920,17,0,State-MEGHALAYA,Rural,30-39,4386,2260,2126,533,258,275,1211,617,594,340,175,165,510,291,219,270,147,123,353,157,196,884,452,432,285,163,122
14856,C4920,17,0,State-MEGHALAYA,Rural,40-49,4098,2179,1919,700,365,335,1091,582,509,237,134,103,492,299,193,192,97,95,272,132,140,827,427,400,287,143,144
14857,C4920,17,0,State-MEGHALAYA,Rural,50-59,3047,1550,1497,733,363,370,885,459,426,114,61,53,374,216,158,124,55,69,140,45,95,490,266,224,187,85,102
14858,C4920,17,0,State-MEGHALAYA,Rural,60-69,2549,1292,1257,678,297,381,745,383,362,67,39,28,345,206,139,64,34,30,79,35,44,349,191,158,222,107,115
14859,C4920,17,0,State-MEGHALAYA,Rural,70-79,1394,668,726,371,168,203,431,207,224,36,15,21,194,96,98,20,7,13,33,9,24,139,84,55,170,82,88
14860,C4920,17,0,State-MEGHALAYA,Rural,80-89,539,240,299,149,65,84,170,81,89,7,2,5,67,26,41,6,4,2,5,4,1,47,21,26,88,37,51
14861,C4920,17,0,State-MEGHALAYA,Rural,90+,209,91,118,52,23,29,61,25,36,6,3,3,20,7,13,1,1,0,4,1,3,25,11,14,40,20,20
14862,C4920,17,0,State-MEGHALAYA,Rural,Age Not Stated,170,88,82,12,7,5,117,60,57,3,1,2,6,3,3,5,1,4,3,2,1,13,6,7,11,8,3
14863,C4920,17,0,State-MEGHALAYA,Urban,Total,6751,3750,3001,911,468,443,1751,1055,696,378,184,194,812,463,349,544,307,237,459,252,207,1357,742,615,539,279,260
14864,C4920,17,0,State-MEGHALAYA,Urban,0-4,312,156,156,41,18,23,79,43,36,10,4,6,46,21,25,17,9,8,8,4,4,86,43,43,25,14,11
14865,C4920,17,0,State-MEGHALAYA,Urban,5-9,491,248,243,60,28,32,112,51,61,52,27,25,60,34,26,21,8,13,14,8,6,99,48,51,73,44,29
14866,C4920,17,0,State-MEGHALAYA,Urban,10-19,1442,782,660,188,96,92,352,210,142,109,55,54,158,95,63,141,67,74,100,60,40,252,124,128,142,75,67
14867,C4920,17,0,State-MEGHALAYA,Urban,20-29,1356,790,566,136,80,56,357,235,122,65,29,36,153,79,74,158,102,56,101,57,44,295,164,131,91,44,47
14868,C4920,17,0,State-MEGHALAYA,Urban,30-39,895,488,407,109,56,53,183,95,88,61,27,34,100,62,38,99,60,39,86,50,36,205,111,94,52,27,25
14869,C4920,17,0,State-MEGHALAYA,Urban,40-49,784,417,367,118,52,66,184,101,83,42,20,22,98,61,37,47,24,23,81,40,41,166,100,66,48,19,29
14870,C4920,17,0,State-MEGHALAYA,Urban,50-59,510,298,212,99,63,36,105,53,52,24,11,13,71,42,29,36,24,12,36,18,18,104,64,40,35,23,12
14871,C4920,17,0,State-MEGHALAYA,Urban,60-69,420,232,188,83,45,38,93,41,52,11,9,2,64,39,25,13,7,6,21,11,10,103,64,39,32,16,16
14872,C4920,17,0,State-MEGHALAYA,Urban,70-79,224,106,118,56,23,33,59,25,34,3,2,1,38,24,14,6,4,2,6,3,3,32,15,17,24,10,14
14873,C4920,17,0,State-MEGHALAYA,Urban,80-89,94,39,55,16,5,11,32,15,17,1,0,1,15,6,9,4,1,3,4,0,4,10,7,3,12,5,7
14874,C4920,17,0,State-MEGHALAYA,Urban,90+,31,4,27,3,1,2,10,1,9,0,0,0,8,0,8,1,0,1,1,0,1,4,1,3,4,1,3
14875,C4920,17,0,State-MEGHALAYA,Urban,Age Not Stated,192,190,2,2,1,1,185,185,0,0,0,0,1,0,1,1,1,0,1,1,0,1,1,0,1,1,0
14876,C4920,17,293,District-West Garo Hills,Total,Total,10960,5699,5261,1858,910,948,2866,1436,1430,630,332,298,1191,701,490,566,297,269,554,290,264,2406,1291,1115,889,442,447
14877,C4920,17,293,District-West Garo Hills,Total,0-4,710,379,331,84,41,43,202,97,105,18,10,8,59,32,27,29,18,11,12,7,5,254,143,111,52,31,21
14878,C4920,17,293,District-West Garo Hills,Total,5-9,875,496,379,108,58,50,250,133,117,54,37,17,75,47,28,48,28,20,36,25,11,224,122,102,80,46,34
14879,C4920,17,293,District-West Garo Hills,Total,10-19,2032,1041,991,246,126,120,522,254,268,162,85,77,205,118,87,144,71,73,120,62,58,474,245,229,159,80,79
14880,C4920,17,293,District-West Garo Hills,Total,20-29,1666,882,784,186,96,90,394,203,191,126,63,63,193,121,72,119,62,57,113,67,46,406,208,198,129,62,67
14881,C4920,17,293,District-West Garo Hills,Total,30-39,1262,658,604,155,71,84,293,135,158,110,57,53,132,76,56,92,53,39,100,53,47,297,162,135,83,51,32
14882,C4920,17,293,District-West Garo Hills,Total,40-49,1388,704,684,236,119,117,362,172,190,82,42,40,162,104,58,55,26,29,91,43,48,305,156,149,95,42,53
14883,C4920,17,293,District-West Garo Hills,Total,50-59,1198,612,586,332,163,169,333,178,155,36,20,16,126,71,55,46,22,24,44,16,28,191,110,81,90,32,58
14884,C4920,17,293,District-West Garo Hills,Total,60-69,1040,549,491,296,132,164,298,159,139,21,12,9,132,84,48,21,13,8,26,13,13,163,95,68,83,41,42
14885,C4920,17,293,District-West Garo Hills,Total,70-79,502,245,257,142,67,75,140,69,71,14,4,10,66,34,32,8,3,5,7,2,5,60,36,24,65,30,35
14886,C4920,17,293,District-West Garo Hills,Total,80-89,196,89,107,55,25,30,51,25,26,1,0,1,31,10,21,3,1,2,3,2,1,19,9,10,33,17,16
14887,C4920,17,293,District-West Garo Hills,Total,90+,77,37,40,17,11,6,17,9,8,3,1,2,9,3,6,1,0,1,1,0,1,12,5,7,17,8,9
14888,C4920,17,293,District-West Garo Hills,Total,Age Not Stated,14,7,7,1,1,0,4,2,2,3,1,2,1,1,0,0,0,0,1,0,1,1,0,1,3,2,1
14889,C4920,17,293,District-West Garo Hills,Rural,Total,10129,5267,4862,1749,840,909,2685,1344,1341,572,305,267,1100,654,446,507,267,240,496,261,235,2206,1192,1014,814,404,410
14890,C4920,17,293,District-West Garo Hills,Rural,0-4,679,362,317,81,40,41,194,92,102,17,9,8,58,31,27,27,17,10,10,6,4,242,138,104,50,29,21
14891,C4920,17,293,District-West Garo Hills,Rural,5-9,831,465,366,105,55,50,241,129,112,52,35,17,70,43,27,47,27,20,35,25,10,211,113,98,70,38,32
14892,C4920,17,293,District-West Garo Hills,Rural,10-19,1858,953,905,229,118,111,485,234,251,141,76,65,188,107,81,130,66,64,113,57,56,432,224,208,140,71,69
14893,C4920,17,293,District-West Garo Hills,Rural,20-29,1508,806,702,173,87,86,365,188,177,115,59,56,184,119,65,104,54,50,99,60,39,352,182,170,116,57,59
14894,C4920,17,293,District-West Garo Hills,Rural,30-39,1160,603,557,143,64,79,274,126,148,103,53,50,125,72,53,82,46,36,89,49,40,266,147,119,78,46,32
14895,C4920,17,293,District-West Garo Hills,Rural,40-49,1267,649,618,217,107,110,334,163,171,74,41,33,142,93,49,49,24,25,75,36,39,287,146,141,89,39,50
14896,C4920,17,293,District-West Garo Hills,Rural,50-59,1116,568,548,317,154,163,311,166,145,31,17,14,115,66,49,40,18,22,39,12,27,181,106,75,82,29,53
14897,C4920,17,293,District-West Garo Hills,Rural,60-69,981,515,466,283,121,162,284,151,133,18,9,9,123,80,43,18,12,6,26,13,13,151,90,61,78,39,39
14898,C4920,17,293,District-West Garo Hills,Rural,70-79,464,224,240,133,61,72,130,62,68,14,4,10,59,31,28,7,2,5,6,1,5,53,33,20,62,30,32
14899,C4920,17,293,District-West Garo Hills,Rural,80-89,179,79,100,52,22,30,46,22,24,1,0,1,26,8,18,3,1,2,2,2,0,18,8,10,31,16,15
14900,C4920,17,293,District-West Garo Hills,Rural,90+,72,36,36,15,10,5,17,9,8,3,1,2,9,3,6,0,0,0,1,0,1,12,5,7,15,8,7
14901,C4920,17,293,District-West Garo Hills,Rural,Age Not Stated,14,7,7,1,1,0,4,2,2,3,1,2,1,1,0,0,0,0,1,0,1,1,0,1,3,2,1
14902,C4920,17,293,District-West Garo Hills,Urban,Total,831,432,399,109,70,39,181,92,89,58,27,31,91,47,44,59,30,29,58,29,29,200,99,101,75,38,37
14903,C4920,17,293,District-West Garo Hills,Urban,0-4,31,17,14,3,1,2,8,5,3,1,1,0,1,1,0,2,1,1,2,1,1,12,5,7,2,2,0
14904,C4920,17,293,District-West Garo Hills,Urban,5-9,44,31,13,3,3,0,9,4,5,2,2,0,5,4,1,1,1,0,1,0,1,13,9,4,10,8,2
14905,C4920,17,293,District-West Garo Hills,Urban,10-19,174,88,86,17,8,9,37,20,17,21,9,12,17,11,6,14,5,9,7,5,2,42,21,21,19,9,10
14906,C4920,17,293,District-West Garo Hills,Urban,20-29,158,76,82,13,9,4,29,15,14,11,4,7,9,2,7,15,8,7,14,7,7,54,26,28,13,5,8
14907,C4920,17,293,District-West Garo Hills,Urban,30-39,102,55,47,12,7,5,19,9,10,7,4,3,7,4,3,10,7,3,11,4,7,31,15,16,5,5,0
14908,C4920,17,293,District-West Garo Hills,Urban,40-49,121,55,66,19,12,7,28,9,19,8,1,7,20,11,9,6,2,4,16,7,9,18,10,8,6,3,3
14909,C4920,17,293,District-West Garo Hills,Urban,50-59,82,44,38,15,9,6,22,12,10,5,3,2,11,5,6,6,4,2,5,4,1,10,4,6,8,3,5
14910,C4920,17,293,District-West Garo Hills,Urban,60-69,59,34,25,13,11,2,14,8,6,3,3,0,9,4,5,3,1,2,0,0,0,12,5,7,5,2,3
14911,C4920,17,293,District-West Garo Hills,Urban,70-79,38,21,17,9,6,3,10,7,3,0,0,0,7,3,4,1,1,0,1,1,0,7,3,4,3,0,3
14912,C4920,17,293,District-West Garo Hills,Urban,80-89,17,10,7,3,3,0,5,3,2,0,0,0,5,2,3,0,0,0,1,0,1,1,1,0,2,1,1
14913,C4920,17,293,District-West Garo Hills,Urban,90+,5,1,4,2,1,1,0,0,0,0,0,0,0,0,0,1,0,1,0,0,0,0,0,0,2,0,2
14914,C4920,17,293,District-West Garo Hills,Urban,Age Not Stated,0,0,0,0,0,0,0,0,0,0,0,0,0,0,0,0,0,0,0,0,0,0,0,0,0,0,0
14915,C4920,17,294,District-East Garo Hills,Total,Total,4709,2674,2035,568,290,278,1981,1189,792,286,143,143,526,312,214,179,94,85,150,77,73,609,344,265,410,225,185
14916,C4920,17,294,District-East Garo Hills,Total,0-4,315,166,149,35,18,17,154,80,74,1,1,0,29,17,12,6,2,4,5,2,3,56,29,27,29,17,12
14917,C4920,17,294,District-East Garo Hills,Total,5-9,407,213,194,43,24,19,155,84,71,48,19,29,29,17,12,12,6,6,10,7,3,65,32,33,45,24,21
14918,C4920,17,294,District-East Garo Hills,Total,10-19,959,510,449,85,41,44,389,205,184,78,38,40,98,57,41,50,25,25,44,25,19,121,65,56,94,54,40
14919,C4920,17,294,District-East Garo Hills,Total,20-29,903,526,377,85,43,42,411,261,150,57,30,27,88,49,39,45,24,21,35,20,15,122,67,55,60,32,28
14920,C4920,17,294,District-East Garo Hills,Total,30-39,568,314,254,71,38,33,214,115,99,42,20,22,72,44,28,25,12,13,21,8,13,83,55,28,40,22,18
14921,C4920,17,294,District-East Garo Hills,Total,40-49,485,282,203,67,38,29,160,93,67,32,19,13,67,41,26,17,8,9,22,11,11,74,47,27,46,25,21
14922,C4920,17,294,District-East Garo Hills,Total,50-59,345,180,165,66,38,28,121,56,65,14,8,6,57,34,23,9,5,4,8,2,6,38,18,20,32,19,13
14923,C4920,17,294,District-East Garo Hills,Total,60-69,296,166,130,59,30,29,109,59,50,9,6,3,43,32,11,9,7,2,3,1,2,32,19,13,32,12,20
14924,C4920,17,294,District-East Garo Hills,Total,70-79,172,88,84,42,13,29,63,34,29,2,1,1,33,16,17,3,3,0,2,1,1,10,8,2,17,12,5
14925,C4920,17,294,District-East Garo Hills,Total,80-89,47,25,22,7,2,5,15,12,3,1,0,1,7,3,4,1,1,0,0,0,0,6,2,4,10,5,5
14926,C4920,17,294,District-East Garo Hills,Total,90+,16,11,5,2,1,1,5,5,0,2,1,1,3,2,1,0,0,0,0,0,0,0,0,0,4,2,2
14927,C4920,17,294,District-East Garo Hills,Total,Age Not Stated,196,193,3,6,4,2,185,185,0,0,0,0,0,0,0,2,1,1,0,0,0,2,2,0,1,1,0
14928,C4920,17,294,District-East Garo Hills,Rural,Total,3903,2092,1811,497,255,242,1574,832,742,250,125,125,460,269,191,137,72,65,115,58,57,522,291,231,348,190,158
14929,C4920,17,294,District-East Garo Hills,Rural,0-4,291,155,136,25,13,12,153,79,74,1,1,0,26,17,9,3,1,2,4,2,2,52,26,26,27,16,11
14930,C4920,17,294,District-East Garo Hills,Rural,5-9,356,193,163,34,22,12,142,77,65,39,14,25,25,15,10,11,6,5,10,7,3,56,31,25,39,21,18
14931,C4920,17,294,District-East Garo Hills,Rural,10-19,855,455,400,76,40,36,367,195,172,68,33,35,88,49,39,37,19,18,32,18,14,104,54,50,83,47,36
14932,C4920,17,294,District-East Garo Hills,Rural,20-29,697,359,338,72,35,37,285,142,143,50,25,25,77,42,35,38,20,18,23,12,11,103,56,47,49,27,22
14933,C4920,17,294,District-East Garo Hills,Rural,30-39,498,273,225,62,33,29,197,104,93,39,19,20,63,40,23,17,9,8,19,7,12,69,44,25,32,17,15
14934,C4920,17,294,District-East Garo Hills,Rural,40-49,426,246,180,60,32,28,147,85,62,27,18,9,57,34,23,13,5,8,17,9,8,64,41,23,41,22,19
14935,C4920,17,294,District-East Garo Hills,Rural,50-59,309,155,154,61,35,26,114,52,62,14,8,6,49,29,20,7,3,4,7,2,5,34,14,20,23,12,11
14936,C4920,17,294,District-East Garo Hills,Rural,60-69,261,144,117,54,26,28,97,53,44,8,5,3,37,26,11,8,7,1,2,0,2,27,16,11,28,11,17
14937,C4920,17,294,District-East Garo Hills,Rural,70-79,149,75,74,39,12,27,57,32,25,2,1,1,28,12,16,1,1,0,1,1,0,7,6,1,14,10,4
14938,C4920,17,294,District-East Garo Hills,Rural,80-89,36,20,16,6,2,4,10,8,2,0,0,0,7,3,4,1,1,0,0,0,0,5,2,3,7,4,3
14939,C4920,17,294,District-East Garo Hills,Rural,90+,16,11,5,2,1,1,5,5,0,2,1,1,3,2,1,0,0,0,0,0,0,0,0,0,4,2,2
14940,C4920,17,294,District-East Garo Hills,Rural,Age Not Stated,9,6,3,6,4,2,0,0,0,0,0,0,0,0,0,1,0,1,0,0,0,1,1,0,1,1,0
14941,C4920,17,294,District-East Garo Hills,Urban,Total,806,582,224,71,35,36,407,357,50,36,18,18,66,43,23,42,22,20,35,19,16,87,53,34,62,35,27
14942,C4920,17,294,District-East Garo Hills,Urban,0-4,24,11,13,10,5,5,1,1,0,0,0,0,3,0,3,3,1,2,1,0,1,4,3,1,2,1,1
14943,C4920,17,294,District-East Garo Hills,Urban,5-9,51,20,31,9,2,7,13,7,6,9,5,4,4,2,2,1,0,1,0,0,0,9,1,8,6,3,3
14944,C4920,17,294,District-East Garo Hills,Urban,10-19,104,55,49,9,1,8,22,10,12,10,5,5,10,8,2,13,6,7,12,7,5,17,11,6,11,7,4
14945,C4920,17,294,District-East Garo Hills,Urban,20-29,206,167,39,13,8,5,126,119,7,7,5,2,11,7,4,7,4,3,12,8,4,19,11,8,11,5,6
14946,C4920,17,294,District-East Garo Hills,Urban,30-39,70,41,29,9,5,4,17,11,6,3,1,2,9,4,5,8,3,5,2,1,1,14,11,3,8,5,3
14947,C4920,17,294,District-East Garo Hills,Urban,40-49,59,36,23,7,6,1,13,8,5,5,1,4,10,7,3,4,3,1,5,2,3,10,6,4,5,3,2
14948,C4920,17,294,District-East Garo Hills,Urban,50-59,36,25,11,5,3,2,7,4,3,0,0,0,8,5,3,2,2,0,1,0,1,4,4,0,9,7,2
14949,C4920,17,294,District-East Garo Hills,Urban,60-69,35,22,13,5,4,1,12,6,6,1,1,0,6,6,0,1,0,1,1,1,0,5,3,2,4,1,3
14950,C4920,17,294,District-East Garo Hills,Urban,70-79,23,13,10,3,1,2,6,2,4,0,0,0,5,4,1,2,2,0,1,0,1,3,2,1,3,2,1
14951,C4920,17,294,District-East Garo Hills,Urban,80-89,11,5,6,1,0,1,5,4,1,1,0,1,0,0,0,0,0,0,0,0,0,1,0,1,3,1,2
14952,C4920,17,294,District-East Garo Hills,Urban,90+,0,0,0,0,0,0,0,0,0,0,0,0,0,0,0,0,0,0,0,0,0,0,0,0,0,0,0
14953,C4920,17,294,District-East Garo Hills,Urban,Age Not Stated,187,187,0,0,0,0,185,185,0,0,0,0,0,0,0,1,1,0,0,0,0,1,1,0,0,0,0
14954,C4920,17,295,District-South Garo Hills,Total,Total,2617,1378,1239,376,193,183,901,474,427,161,84,77,230,128,102,174,88,86,107,54,53,500,274,226,168,83,85
14955,C4920,17,295,District-South Garo Hills,Total,0-4,198,101,97,18,7,11,101,50,51,6,3,3,8,1,7,13,4,9,3,3,0,38,26,12,11,7,4
14956,C4920,17,295,District-South Garo Hills,Total,5-9,243,136,107,28,20,8,92,46,46,24,13,11,23,14,9,15,8,7,7,4,3,40,26,14,14,5,9
14957,C4920,17,295,District-South Garo Hills,Total,10-19,517,284,233,52,28,24,182,90,92,42,27,15,43,29,14,46,27,19,26,13,13,88,52,36,38,18,20
14958,C4920,17,295,District-South Garo Hills,Total,20-29,459,230,229,46,24,22,150,74,76,31,13,18,39,22,17,40,21,19,25,12,13,93,46,47,35,18,17
14959,C4920,17,295,District-South Garo Hills,Total,30-39,318,157,161,28,14,14,118,62,56,22,9,13,27,15,12,24,11,13,22,9,13,59,25,34,18,12,6
14960,C4920,17,295,District-South Garo Hills,Total,40-49,312,172,140,46,24,22,90,51,39,18,11,7,35,19,16,19,12,7,11,5,6,74,42,32,19,8,11
14961,C4920,17,295,District-South Garo Hills,Total,50-59,215,108,107,60,30,30,58,34,24,10,3,7,23,11,12,13,3,10,7,3,4,39,19,20,5,5,0
14962,C4920,17,295,District-South Garo Hills,Total,60-69,199,104,95,62,26,36,57,34,23,3,2,1,14,9,5,3,2,1,4,3,1,46,24,22,10,4,6
14963,C4920,17,295,District-South Garo Hills,Total,70-79,106,56,50,27,14,13,32,19,13,5,3,2,13,6,7,1,0,1,1,1,0,17,10,7,10,3,7
14964,C4920,17,295,District-South Garo Hills,Total,80-89,33,18,15,6,4,2,15,10,5,0,0,0,4,1,3,0,0,0,0,0,0,2,1,1,6,2,4
14965,C4920,17,295,District-South Garo Hills,Total,90+,15,10,5,3,2,1,5,3,2,0,0,0,1,1,0,0,0,0,1,1,0,3,2,1,2,1,1
14966,C4920,17,295,District-South Garo Hills,Total,Age Not Stated,2,2,0,0,0,0,1,1,0,0,0,0,0,0,0,0,0,0,0,0,0,1,1,0,0,0,0
14967,C4920,17,295,District-South Garo Hills,Rural,Total,2413,1273,1140,352,177,175,839,443,396,150,78,72,215,122,93,121,61,60,103,50,53,481,264,217,152,78,74
14968,C4920,17,295,District-South Garo Hills,Rural,0-4,179,92,87,17,7,10,93,45,48,5,3,2,7,1,6,7,1,6,3,3,0,36,25,11,11,7,4
14969,C4920,17,295,District-South Garo Hills,Rural,5-9,222,127,95,27,19,8,85,45,40,21,12,9,21,12,9,8,5,3,7,4,3,39,25,14,14,5,9
14970,C4920,17,295,District-South Garo Hills,Rural,10-19,474,259,215,46,23,23,172,85,87,40,25,15,39,27,12,28,16,12,26,13,13,87,52,35,36,18,18
14971,C4920,17,295,District-South Garo Hills,Rural,20-29,423,212,211,41,21,20,143,71,72,30,12,18,37,21,16,30,18,12,22,9,13,87,43,44,33,17,16
14972,C4920,17,295,District-South Garo Hills,Rural,30-39,292,145,147,24,12,12,110,59,51,21,9,12,25,14,11,16,8,8,22,9,13,57,23,34,17,11,6
14973,C4920,17,295,District-South Garo Hills,Rural,40-49,294,164,130,45,24,21,83,46,37,17,10,7,34,19,15,17,10,7,11,5,6,71,42,29,16,8,8
14974,C4920,17,295,District-South Garo Hills,Rural,50-59,200,101,99,56,27,29,54,32,22,9,3,6,20,11,9,13,3,10,7,3,4,38,19,19,3,3,0
14975,C4920,17,295,District-South Garo Hills,Rural,60-69,187,95,92,62,26,36,52,31,21,3,2,1,14,9,5,1,0,1,3,2,1,43,21,22,9,4,5
14976,C4920,17,295,District-South Garo Hills,Rural,70-79,97,51,46,25,12,13,28,17,11,4,2,2,13,6,7,1,0,1,1,1,0,17,10,7,8,3,5
14977,C4920,17,295,District-South Garo Hills,Rural,80-89,28,15,13,6,4,2,13,8,5,0,0,0,4,1,3,0,0,0,0,0,0,2,1,1,3,1,2
14978,C4920,17,295,District-South Garo Hills,Rural,90+,15,10,5,3,2,1,5,3,2,0,0,0,1,1,0,0,0,0,1,1,0,3,2,1,2,1,1
14979,C4920,17,295,District-South Garo Hills,Rural,Age Not Stated,2,2,0,0,0,0,1,1,0,0,0,0,0,0,0,0,0,0,0,0,0,1,1,0,0,0,0
14980,C4920,17,295,District-South Garo Hills,Urban,Total,204,105,99,24,16,8,62,31,31,11,6,5,15,6,9,53,27,26,4,4,0,19,10,9,16,5,11
14981,C4920,17,295,District-South Garo Hills,Urban,0-4,19,9,10,1,0,1,8,5,3,1,0,1,1,0,1,6,3,3,0,0,0,2,1,1,0,0,0
14982,C4920,17,295,District-South Garo Hills,Urban,5-9,21,9,12,1,1,0,7,1,6,3,1,2,2,2,0,7,3,4,0,0,0,1,1,0,0,0,0
14983,C4920,17,295,District-South Garo Hills,Urban,10-19,43,25,18,6,5,1,10,5,5,2,2,0,4,2,2,18,11,7,0,0,0,1,0,1,2,0,2
14984,C4920,17,295,District-South Garo Hills,Urban,20-29,36,18,18,5,3,2,7,3,4,1,1,0,2,1,1,10,3,7,3,3,0,6,3,3,2,1,1
14985,C4920,17,295,District-South Garo Hills,Urban,30-39,26,12,14,4,2,2,8,3,5,1,0,1,2,1,1,8,3,5,0,0,0,2,2,0,1,1,0
14986,C4920,17,295,District-South Garo Hills,Urban,40-49,18,8,10,1,0,1,7,5,2,1,1,0,1,0,1,2,2,0,0,0,0,3,0,3,3,0,3
14987,C4920,17,295,District-South Garo Hills,Urban,50-59,15,7,8,4,3,1,4,2,2,1,0,1,3,0,3,0,0,0,0,0,0,1,0,1,2,2,0
14988,C4920,17,295,District-South Garo Hills,Urban,60-69,12,9,3,0,0,0,5,3,2,0,0,0,0,0,0,2,2,0,1,1,0,3,3,0,1,0,1
14989,C4920,17,295,District-South Garo Hills,Urban,70-79,9,5,4,2,2,0,4,2,2,1,1,0,0,0,0,0,0,0,0,0,0,0,0,0,2,0,2
14990,C4920,17,295,District-South Garo Hills,Urban,80-89,5,3,2,0,0,0,2,2,0,0,0,0,0,0,0,0,0,0,0,0,0,0,0,0,3,1,2
14991,C4920,17,295,District-South Garo Hills,Urban,90+,0,0,0,0,0,0,0,0,0,0,0,0,0,0,0,0,0,0,0,0,0,0,0,0,0,0,0
14992,C4920,17,295,District-South Garo Hills,Urban,Age Not Stated,0,0,0,0,0,0,0,0,0,0,0,0,0,0,0,0,0,0,0,0,0,0,0,0,0,0,0
14993,C4920,17,296,District-West Khasi Hills,Total,Total,6198,3290,2908,890,459,431,1801,940,861,359,209,150,793,453,340,248,134,114,326,154,172,1356,704,652,425,237,188
14994,C4920,17,296,District-West Khasi Hills,Total,0-4,658,347,311,74,42,32,179,89,90,11,5,6,72,41,31,6,3,3,10,5,5,270,136,134,36,26,10
14995,C4920,17,296,District-West Khasi Hills,Total,5-9,751,424,327,84,37,47,221,129,92,74,38,36,93,56,37,28,16,12,25,14,11,174,104,70,52,30,22
14996,C4920,17,296,District-West Khasi Hills,Total,10-19,1450,782,668,200,104,96,387,209,178,111,62,49,191,115,76,82,49,33,63,31,32,309,150,159,107,62,45
14997,C4920,17,296,District-West Khasi Hills,Total,20-29,926,480,446,105,59,46,263,129,134,60,38,22,123,66,57,56,28,28,68,36,32,180,93,87,71,31,40
14998,C4920,17,296,District-West Khasi Hills,Total,30-39,661,341,320,68,37,31,173,83,90,42,27,15,95,56,39,30,13,17,65,26,39,151,79,72,37,20,17
14999,C4920,17,296,District-West Khasi Hills,Total,40-49,559,301,258,111,61,50,145,79,66,32,19,13,58,35,23,21,12,9,49,23,26,111,53,58,32,19,13
15000,C4920,17,296,District-West Khasi Hills,Total,50-59,419,232,187,91,47,44,126,71,55,15,10,5,55,30,25,15,9,6,17,7,10,80,46,34,20,12,8
15001,C4920,17,296,District-West Khasi Hills,Total,60-69,317,168,149,68,34,34,92,48,44,12,8,4,58,31,27,5,1,4,18,10,8,34,19,15,30,17,13
15002,C4920,17,296,District-West Khasi Hills,Total,70-79,220,101,119,56,24,32,72,31,41,2,2,0,33,17,16,3,2,1,9,2,7,28,15,13,17,8,9
15003,C4920,17,296,District-West Khasi Hills,Total,80-89,84,41,43,26,11,15,27,14,13,0,0,0,10,5,5,0,0,0,0,0,0,8,4,4,13,7,6
15004,C4920,17,296,District-West Khasi Hills,Total,90+,35,12,23,7,3,4,14,5,9,0,0,0,3,0,3,0,0,0,2,0,2,4,2,2,5,2,3
15005,C4920,17,296,District-West Khasi Hills,Total,Age Not Stated,118,61,57,0,0,0,102,53,49,0,0,0,2,1,1,2,1,1,0,0,0,7,3,4,5,3,2
15006,C4920,17,296,District-West Khasi Hills,Rural,Total,5746,3058,2688,833,429,404,1699,892,807,316,191,125,724,410,314,226,122,104,295,138,157,1269,658,611,384,218,166
15007,C4920,17,296,District-West Khasi Hills,Rural,0-4,618,331,287,68,39,29,170,87,83,8,4,4,66,36,30,6,3,3,9,5,4,260,134,126,31,23,8
15008,C4920,17,296,District-West Khasi Hills,Rural,5-9,686,388,298,80,35,45,209,122,87,61,30,31,85,52,33,25,14,11,23,12,11,160,95,65,43,28,15
15009,C4920,17,296,District-West Khasi Hills,Rural,10-19,1335,718,617,186,97,89,361,196,165,99,58,41,172,101,71,74,45,29,57,28,29,287,137,150,99,56,43
15010,C4920,17,296,District-West Khasi Hills,Rural,20-29,853,439,414,97,54,43,244,118,126,53,35,18,114,61,53,49,23,26,63,35,28,165,83,82,68,30,38
15011,C4920,17,296,District-West Khasi Hills,Rural,30-39,604,313,291,59,32,27,162,78,84,38,26,12,85,52,33,27,12,15,56,19,37,144,76,68,33,18,15
15012,C4920,17,296,District-West Khasi Hills,Rural,40-49,520,283,237,105,59,46,139,77,62,28,18,10,51,28,23,21,12,9,43,21,22,104,49,55,29,19,10
15013,C4920,17,296,District-West Khasi Hills,Rural,50-59,399,220,179,89,46,43,118,67,51,15,10,5,52,28,24,14,9,5,16,6,10,76,43,33,19,11,8
15014,C4920,17,296,District-West Khasi Hills,Rural,60-69,296,157,139,63,31,32,87,45,42,12,8,4,55,30,25,5,1,4,18,10,8,31,18,13,25,14,11
15015,C4920,17,296,District-West Khasi Hills,Rural,70-79,208,99,109,53,22,31,69,31,38,2,2,0,31,17,14,3,2,1,8,2,6,26,15,11,16,8,8
15016,C4920,17,296,District-West Khasi Hills,Rural,80-89,78,38,40,26,11,15,25,13,12,0,0,0,9,4,5,0,0,0,0,0,0,6,3,3,12,7,5
15017,C4920,17,296,District-West Khasi Hills,Rural,90+,31,11,20,7,3,4,13,5,8,0,0,0,2,0,2,0,0,0,2,0,2,3,2,1,4,1,3
15018,C4920,17,296,District-West Khasi Hills,Rural,Age Not Stated,118,61,57,0,0,0,102,53,49,0,0,0,2,1,1,2,1,1,0,0,0,7,3,4,5,3,2
15019,C4920,17,296,District-West Khasi Hills,Urban,Total,452,232,220,57,30,27,102,48,54,43,18,25,69,43,26,22,12,10,31,16,15,87,46,41,41,19,22
15020,C4920,17,296,District-West Khasi Hills,Urban,0-4,40,16,24,6,3,3,9,2,7,3,1,2,6,5,1,0,0,0,1,0,1,10,2,8,5,3,2
15021,C4920,17,296,District-West Khasi Hills,Urban,5-9,65,36,29,4,2,2,12,7,5,13,8,5,8,4,4,3,2,1,2,2,0,14,9,5,9,2,7
15022,C4920,17,296,District-West Khasi Hills,Urban,10-19,115,64,51,14,7,7,26,13,13,12,4,8,19,14,5,8,4,4,6,3,3,22,13,9,8,6,2
15023,C4920,17,296,District-West Khasi Hills,Urban,20-29,73,41,32,8,5,3,19,11,8,7,3,4,9,5,4,7,5,2,5,1,4,15,10,5,3,1,2
15024,C4920,17,296,District-West Khasi Hills,Urban,30-39,57,28,29,9,5,4,11,5,6,4,1,3,10,4,6,3,1,2,9,7,2,7,3,4,4,2,2
15025,C4920,17,296,District-West Khasi Hills,Urban,40-49,39,18,21,6,2,4,6,2,4,4,1,3,7,7,0,0,0,0,6,2,4,7,4,3,3,0,3
15026,C4920,17,296,District-West Khasi Hills,Urban,50-59,20,12,8,2,1,1,8,4,4,0,0,0,3,2,1,1,0,1,1,1,0,4,3,1,1,1,0
15027,C4920,17,296,District-West Khasi Hills,Urban,60-69,21,11,10,5,3,2,5,3,2,0,0,0,3,1,2,0,0,0,0,0,0,3,1,2,5,3,2
15028,C4920,17,296,District-West Khasi Hills,Urban,70-79,12,2,10,3,2,1,3,0,3,0,0,0,2,0,2,0,0,0,1,0,1,2,0,2,1,0,1
15029,C4920,17,296,District-West Khasi Hills,Urban,80-89,6,3,3,0,0,0,2,1,1,0,0,0,1,1,0,0,0,0,0,0,0,2,1,1,1,0,1
15030,C4920,17,296,District-West Khasi Hills,Urban,90+,4,1,3,0,0,0,1,0,1,0,0,0,1,0,1,0,0,0,0,0,0,1,0,1,1,1,0
15031,C4920,17,296,District-West Khasi Hills,Urban,Age Not Stated,0,0,0,0,0,0,0,0,0,0,0,0,0,0,0,0,0,0,0,0,0,0,0,0,0,0,0
15032,C4920,17,297,District-Ribhoi,Total,Total,4361,2352,2009,525,298,227,941,506,435,300,161,139,564,317,247,249,131,118,250,114,136,1148,623,525,384,202,182
15033,C4920,17,297,District-Ribhoi,Total,0-4,310,176,134,32,18,14,67,40,27,5,3,2,45,24,21,8,4,4,4,3,1,123,70,53,26,14,12
15034,C4920,17,297,District-Ribhoi,Total,5-9,490,253,237,57,31,26,97,54,43,40,16,24,61,31,30,20,13,7,10,5,5,148,67,81,57,36,21
15035,C4920,17,297,District-Ribhoi,Total,10-19,965,514,451,112,60,52,187,100,87,68,47,21,122,67,55,77,36,41,59,33,26,226,116,110,114,55,59
15036,C4920,17,297,District-Ribhoi,Total,20-29,730,370,360,69,40,29,119,57,62,68,34,34,109,58,51,58,34,24,61,26,35,184,91,93,62,30,32
15037,C4920,17,297,District-Ribhoi,Total,30-39,558,299,259,44,18,26,145,82,63,50,29,21,82,49,33,36,22,14,37,15,22,130,62,68,34,22,12
15038,C4920,17,297,District-Ribhoi,Total,40-49,505,292,213,64,42,22,118,72,46,40,20,20,58,31,27,21,9,12,35,17,18,149,88,61,20,13,7
15039,C4920,17,297,District-Ribhoi,Total,50-59,311,180,131,47,28,19,78,40,38,12,6,6,32,23,9,13,5,8,22,6,16,96,65,31,11,7,4
15040,C4920,17,297,District-Ribhoi,Total,60-69,298,171,127,54,32,22,70,36,34,13,6,7,33,21,12,13,8,5,17,6,11,69,51,18,29,11,18
15041,C4920,17,297,District-Ribhoi,Total,70-79,127,72,55,30,20,10,40,18,22,1,0,1,17,11,6,2,0,2,5,3,2,15,10,5,17,10,7
15042,C4920,17,297,District-Ribhoi,Total,80-89,46,20,26,9,6,3,15,7,8,3,0,3,3,2,1,1,0,1,0,0,0,4,3,1,11,2,9
15043,C4920,17,297,District-Ribhoi,Total,90+,17,4,13,5,2,3,4,0,4,0,0,0,2,0,2,0,0,0,0,0,0,3,0,3,3,2,1
15044,C4920,17,297,District-Ribhoi,Total,Age Not Stated,4,1,3,2,1,1,1,0,1,0,0,0,0,0,0,0,0,0,0,0,0,1,0,1,0,0,0
15045,C4920,17,297,District-Ribhoi,Rural,Total,3755,1998,1757,449,258,191,868,474,394,283,153,130,510,281,229,210,110,100,204,91,113,875,445,430,356,186,170
15046,C4920,17,297,District-Ribhoi,Rural,0-4,289,165,124,30,18,12,61,37,24,5,3,2,44,23,21,7,4,3,3,2,1,114,64,50,25,14,11
15047,C4920,17,297,District-Ribhoi,Rural,5-9,460,239,221,55,31,24,89,51,38,38,16,22,56,28,28,19,12,7,9,4,5,142,65,77,52,32,20
15048,C4920,17,297,District-Ribhoi,Rural,10-19,878,472,406,107,58,49,176,95,81,62,42,20,115,64,51,65,30,35,49,27,22,200,105,95,104,51,53
15049,C4920,17,297,District-Ribhoi,Rural,20-29,623,310,313,57,35,22,110,52,58,66,34,32,94,49,45,48,28,20,50,20,30,140,64,76,58,28,30
15050,C4920,17,297,District-Ribhoi,Rural,30-39,477,252,225,37,16,21,135,75,60,45,26,19,70,40,30,28,17,11,29,12,17,101,46,55,32,20,12
15051,C4920,17,297,District-Ribhoi,Rural,40-49,395,225,170,46,31,15,104,64,40,39,20,19,52,28,24,18,8,10,29,14,15,88,48,40,19,12,7
15052,C4920,17,297,District-Ribhoi,Rural,50-59,242,131,111,31,15,16,76,40,36,12,6,6,30,21,9,11,4,7,19,6,13,53,32,21,10,7,3
15053,C4920,17,297,District-Ribhoi,Rural,60-69,233,127,106,46,28,18,67,36,31,12,6,6,30,18,12,12,7,5,12,4,8,27,18,9,27,10,17
15054,C4920,17,297,District-Ribhoi,Rural,70-79,101,57,44,25,18,7,35,18,17,1,0,1,14,8,6,2,0,2,4,2,2,5,3,2,15,8,7
15055,C4920,17,297,District-Ribhoi,Rural,80-89,38,16,22,9,6,3,11,6,5,3,0,3,3,2,1,0,0,0,0,0,0,1,0,1,11,2,9
15056,C4920,17,297,District-Ribhoi,Rural,90+,16,4,12,5,2,3,3,0,3,0,0,0,2,0,2,0,0,0,0,0,0,3,0,3,3,2,1
15057,C4920,17,297,District-Ribhoi,Rural,Age Not Stated,3,0,3,1,0,1,1,0,1,0,0,0,0,0,0,0,0,0,0,0,0,1,0,1,0,0,0
15058,C4920,17,297,District-Ribhoi,Urban,Total,606,354,252,76,40,36,73,32,41,17,8,9,54,36,18,39,21,18,46,23,23,273,178,95,28,16,12
15059,C4920,17,297,District-Ribhoi,Urban,0-4,21,11,10,2,0,2,6,3,3,0,0,0,1,1,0,1,0,1,1,1,0,9,6,3,1,0,1
15060,C4920,17,297,District-Ribhoi,Urban,5-9,30,14,16,2,0,2,8,3,5,2,0,2,5,3,2,1,1,0,1,1,0,6,2,4,5,4,1
15061,C4920,17,297,District-Ribhoi,Urban,10-19,87,42,45,5,2,3,11,5,6,6,5,1,7,3,4,12,6,6,10,6,4,26,11,15,10,4,6
15062,C4920,17,297,District-Ribhoi,Urban,20-29,107,60,47,12,5,7,9,5,4,2,0,2,15,9,6,10,6,4,11,6,5,44,27,17,4,2,2
15063,C4920,17,297,District-Ribhoi,Urban,30-39,81,47,34,7,2,5,10,7,3,5,3,2,12,9,3,8,5,3,8,3,5,29,16,13,2,2,0
15064,C4920,17,297,District-Ribhoi,Urban,40-49,110,67,43,18,11,7,14,8,6,1,0,1,6,3,3,3,1,2,6,3,3,61,40,21,1,1,0
15065,C4920,17,297,District-Ribhoi,Urban,50-59,69,49,20,16,13,3,2,0,2,0,0,0,2,2,0,2,1,1,3,0,3,43,33,10,1,0,1
15066,C4920,17,297,District-Ribhoi,Urban,60-69,65,44,21,8,4,4,3,0,3,1,0,1,3,3,0,1,1,0,5,2,3,42,33,9,2,1,1
15067,C4920,17,297,District-Ribhoi,Urban,70-79,26,15,11,5,2,3,5,0,5,0,0,0,3,3,0,0,0,0,1,1,0,10,7,3,2,2,0
15068,C4920,17,297,District-Ribhoi,Urban,80-89,8,4,4,0,0,0,4,1,3,0,0,0,0,0,0,1,0,1,0,0,0,3,3,0,0,0,0
15069,C4920,17,297,District-Ribhoi,Urban,90+,1,0,1,0,0,0,1,0,1,0,0,0,0,0,0,0,0,0,0,0,0,0,0,0,0,0,0
15070,C4920,17,297,District-Ribhoi,Urban,Age Not Stated,1,1,0,1,1,0,0,0,0,0,0,0,0,0,0,0,0,0,0,0,0,0,0,0,0,0,0
15071,C4920,17,298,District-East Khasi Hills,Total,Total,10270,5332,4938,1974,951,1023,2415,1296,1119,614,311,303,1461,803,658,617,336,281,667,345,322,1697,854,843,825,436,389
15072,C4920,17,298,District-East Khasi Hills,Total,0-4,659,324,335,140,65,75,145,72,73,15,4,11,116,59,57,14,7,7,6,6,0,166,77,89,57,34,23
15073,C4920,17,298,District-East Khasi Hills,Total,5-9,1068,594,474,216,121,95,239,136,103,109,56,53,157,97,60,23,10,13,29,16,13,183,92,91,112,66,46
15074,C4920,17,298,District-East Khasi Hills,Total,10-19,2401,1288,1113,415,214,201,612,365,247,180,95,85,320,166,154,158,73,85,142,79,63,358,183,175,216,113,103
15075,C4920,17,298,District-East Khasi Hills,Total,20-29,1798,970,828,250,128,122,364,196,168,110,52,58,291,149,142,165,105,60,141,82,59,349,186,163,128,72,56
15076,C4920,17,298,District-East Khasi Hills,Total,30-39,1289,678,611,201,97,104,284,159,125,86,38,48,149,87,62,111,65,46,135,69,66,239,123,116,84,40,44
15077,C4920,17,298,District-East Khasi Hills,Total,40-49,1118,576,542,211,95,116,262,144,118,47,28,19,145,89,56,73,36,37,118,59,59,181,88,93,81,37,44
15078,C4920,17,298,District-East Khasi Hills,Total,50-59,748,387,361,183,89,94,195,96,99,41,23,18,109,66,43,44,28,16,50,20,30,94,46,48,32,19,13
15079,C4920,17,298,District-East Khasi Hills,Total,60-69,594,269,325,175,75,100,145,58,87,11,7,4,94,54,40,17,7,10,25,8,17,78,35,43,49,25,24
15080,C4920,17,298,District-East Khasi Hills,Total,70-79,353,156,197,110,44,66,93,42,51,12,6,6,45,26,19,6,2,4,12,2,10,31,13,18,44,21,23
15081,C4920,17,298,District-East Khasi Hills,Total,80-89,167,67,100,52,17,35,56,24,32,2,1,1,21,8,13,5,3,2,6,2,4,11,7,4,14,5,9
15082,C4920,17,298,District-East Khasi Hills,Total,90+,60,16,44,18,4,14,18,4,14,1,1,0,10,1,9,0,0,0,1,0,1,5,3,2,7,3,4
15083,C4920,17,298,District-East Khasi Hills,Total,Age Not Stated,15,7,8,3,2,1,2,0,2,0,0,0,4,1,3,1,0,1,2,2,0,2,1,1,1,1,0
15084,C4920,17,298,District-East Khasi Hills,Rural,Total,6682,3408,3274,1448,692,756,1565,827,738,419,212,207,974,535,439,300,148,152,402,194,208,1042,517,525,532,283,249
15085,C4920,17,298,District-East Khasi Hills,Rural,0-4,493,238,255,123,57,66,99,46,53,10,2,8,84,46,38,9,3,6,4,4,0,121,53,68,43,27,16
15086,C4920,17,298,District-East Khasi Hills,Rural,5-9,808,466,342,178,101,77,180,110,70,89,46,43,124,79,45,16,9,7,20,12,8,129,67,62,72,42,30
15087,C4920,17,298,District-East Khasi Hills,Rural,10-19,1553,813,740,286,144,142,388,215,173,129,68,61,226,114,112,85,40,45,83,44,39,223,120,103,133,68,65
15088,C4920,17,298,District-East Khasi Hills,Rural,20-29,1064,564,500,168,79,89,212,120,92,75,37,38,189,99,90,57,29,28,87,52,35,202,103,99,74,45,29
15089,C4920,17,298,District-East Khasi Hills,Rural,30-39,777,398,379,143,69,74,178,101,77,47,22,25,94,50,44,53,28,25,86,36,50,122,63,59,54,29,25
15090,C4920,17,298,District-East Khasi Hills,Rural,40-49,716,354,362,154,76,78,154,78,76,27,13,14,94,58,36,43,21,22,71,33,38,117,49,68,56,26,30
15091,C4920,17,298,District-East Khasi Hills,Rural,50-59,477,233,244,131,58,73,138,67,71,24,15,9,67,39,28,20,11,9,25,7,18,54,27,27,18,9,9
15092,C4920,17,298,District-East Khasi Hills,Rural,60-69,376,163,213,126,53,73,94,39,55,5,2,3,53,30,23,11,4,7,12,2,10,41,17,24,34,16,18
15093,C4920,17,298,District-East Khasi Hills,Rural,70-79,241,106,135,77,34,43,65,28,37,10,5,5,24,12,12,3,1,2,10,1,9,21,10,11,31,15,16
15094,C4920,17,298,District-East Khasi Hills,Rural,80-89,125,54,71,43,15,28,43,20,23,2,1,1,13,6,7,2,2,0,3,2,1,8,5,3,11,3,8
15095,C4920,17,298,District-East Khasi Hills,Rural,90+,41,14,27,17,4,13,12,3,9,1,1,0,3,1,2,0,0,0,0,0,0,2,2,0,6,3,3
15096,C4920,17,298,District-East Khasi Hills,Rural,Age Not Stated,11,5,6,2,2,0,2,0,2,0,0,0,3,1,2,1,0,1,1,1,0,2,1,1,0,0,0
15097,C4920,17,298,District-East Khasi Hills,Urban,Total,3588,1924,1664,526,259,267,850,469,381,195,99,96,487,268,219,317,188,129,265,151,114,655,337,318,293,153,140
15098,C4920,17,298,District-East Khasi Hills,Urban,0-4,166,86,80,17,8,9,46,26,20,5,2,3,32,13,19,5,4,1,2,2,0,45,24,21,14,7,7
15099,C4920,17,298,District-East Khasi Hills,Urban,5-9,260,128,132,38,20,18,59,26,33,20,10,10,33,18,15,7,1,6,9,4,5,54,25,29,40,24,16
15100,C4920,17,298,District-East Khasi Hills,Urban,10-19,848,475,373,129,70,59,224,150,74,51,27,24,94,52,42,73,33,40,59,35,24,135,63,72,83,45,38
15101,C4920,17,298,District-East Khasi Hills,Urban,20-29,734,406,328,82,49,33,152,76,76,35,15,20,102,50,52,108,76,32,54,30,24,147,83,64,54,27,27
15102,C4920,17,298,District-East Khasi Hills,Urban,30-39,512,280,232,58,28,30,106,58,48,39,16,23,55,37,18,58,37,21,49,33,16,117,60,57,30,11,19
15103,C4920,17,298,District-East Khasi Hills,Urban,40-49,402,222,180,57,19,38,108,66,42,20,15,5,51,31,20,30,15,15,47,26,21,64,39,25,25,11,14
15104,C4920,17,298,District-East Khasi Hills,Urban,50-59,271,154,117,52,31,21,57,29,28,17,8,9,42,27,15,24,17,7,25,13,12,40,19,21,14,10,4
15105,C4920,17,298,District-East Khasi Hills,Urban,60-69,218,106,112,49,22,27,51,19,32,6,5,1,41,24,17,6,3,3,13,6,7,37,18,19,15,9,6
15106,C4920,17,298,District-East Khasi Hills,Urban,70-79,112,50,62,33,10,23,28,14,14,2,1,1,21,14,7,3,1,2,2,1,1,10,3,7,13,6,7
15107,C4920,17,298,District-East Khasi Hills,Urban,80-89,42,13,29,9,2,7,13,4,9,0,0,0,8,2,6,3,1,2,3,0,3,3,2,1,3,2,1
15108,C4920,17,298,District-East Khasi Hills,Urban,90+,19,2,17,1,0,1,6,1,5,0,0,0,7,0,7,0,0,0,1,0,1,3,1,2,1,0,1
15109,C4920,17,298,District-East Khasi Hills,Urban,Age Not Stated,4,2,2,1,0,1,0,0,0,0,0,0,1,0,1,0,0,0,1,1,0,0,0,0,1,1,0
15110,C4920,17,299,District-Jaintia Hills,Total,Total,5202,2601,2601,789,393,396,1448,710,738,357,172,185,547,284,263,299,155,144,286,140,146,1001,496,505,475,251,224
15111,C4920,17,299,District-Jaintia Hills,Total,0-4,480,236,244,91,45,46,143,68,75,16,8,8,31,12,19,14,5,9,15,6,9,129,68,61,41,24,17
15112,C4920,17,299,District-Jaintia Hills,Total,5-9,625,340,285,106,57,49,146,81,65,73,36,37,62,28,34,26,13,13,16,10,6,129,69,60,67,46,21
15113,C4920,17,299,District-Jaintia Hills,Total,10-19,1300,682,618,187,98,89,370,199,171,107,51,56,116,65,51,78,44,34,74,38,36,241,122,119,127,65,62
15114,C4920,17,299,District-Jaintia Hills,Total,20-29,880,440,440,112,57,55,250,120,130,61,29,32,111,62,49,63,32,31,56,29,27,168,80,88,59,31,28
15115,C4920,17,299,District-Jaintia Hills,Total,30-39,625,301,324,75,39,36,167,76,91,49,22,27,53,26,27,51,31,20,59,27,32,130,57,73,41,23,18
15116,C4920,17,299,District-Jaintia Hills,Total,40-49,515,269,246,83,38,45,138,72,66,28,15,13,65,41,24,33,18,15,27,14,13,99,53,46,42,18,24
15117,C4920,17,299,District-Jaintia Hills,Total,50-59,321,149,172,53,31,22,79,37,42,10,2,8,43,23,20,20,7,13,28,9,19,56,26,30,32,14,18
15118,C4920,17,299,District-Jaintia Hills,Total,60-69,225,97,128,47,13,34,67,30,37,9,7,2,35,14,21,9,3,6,7,5,2,30,12,18,21,13,8
15119,C4920,17,299,District-Jaintia Hills,Total,70-79,138,56,82,20,9,11,50,19,31,3,1,2,25,10,15,3,1,2,3,1,2,10,7,3,24,8,16
15120,C4920,17,299,District-Jaintia Hills,Total,80-89,60,19,41,10,5,5,23,4,19,1,1,0,6,3,3,0,0,0,0,0,0,7,2,5,13,4,9
15121,C4920,17,299,District-Jaintia Hills,Total,90+,20,5,15,3,1,2,8,0,8,0,0,0,0,0,0,1,1,0,0,0,0,2,0,2,6,3,3
15122,C4920,17,299,District-Jaintia Hills,Total,Age Not Stated,13,7,6,2,0,2,7,4,3,0,0,0,0,0,0,1,0,1,1,1,0,0,0,0,2,2,0
15123,C4920,17,299,District-Jaintia Hills,Rural,Total,4938,2480,2458,741,375,366,1372,684,688,339,164,175,517,264,253,287,148,139,266,130,136,965,477,488,451,238,213
15124,C4920,17,299,District-Jaintia Hills,Rural,0-4,469,230,239,89,44,45,142,67,75,16,8,8,29,11,18,14,5,9,14,6,8,125,66,59,40,23,17
15125,C4920,17,299,District-Jaintia Hills,Rural,5-9,605,330,275,103,57,46,142,78,64,70,35,35,59,27,32,25,13,12,15,9,6,127,68,59,64,43,21
15126,C4920,17,299,District-Jaintia Hills,Rural,10-19,1229,649,580,179,95,84,348,192,156,100,48,52,109,60,49,75,42,33,68,34,34,232,117,115,118,61,57
15127,C4920,17,299,District-Jaintia Hills,Rural,20-29,838,418,420,109,56,53,235,114,121,59,28,31,106,57,49,62,32,30,54,27,27,158,76,82,55,28,27
15128,C4920,17,299,District-Jaintia Hills,Rural,30-39,578,276,302,65,32,33,155,74,81,47,20,27,48,23,25,47,27,20,52,25,27,125,53,72,39,22,17
15129,C4920,17,299,District-Jaintia Hills,Rural,40-49,480,258,222,73,36,37,130,69,61,25,14,11,62,39,23,31,17,14,26,14,12,96,52,44,37,17,20
15130,C4920,17,299,District-Jaintia Hills,Rural,50-59,304,142,162,48,28,20,74,35,39,9,2,7,41,22,19,19,7,12,27,9,18,54,25,29,32,14,18
15131,C4920,17,299,District-Jaintia Hills,Rural,60-69,215,91,124,44,12,32,64,28,36,9,7,2,33,13,20,9,3,6,6,4,2,29,11,18,21,13,8
15132,C4920,17,299,District-Jaintia Hills,Rural,70-79,134,56,78,19,9,10,47,19,28,3,1,2,25,10,15,3,1,2,3,1,2,10,7,3,24,8,16
15133,C4920,17,299,District-Jaintia Hills,Rural,80-89,55,18,37,7,5,2,22,4,18,1,1,0,5,2,3,0,0,0,0,0,0,7,2,5,13,4,9
15134,C4920,17,299,District-Jaintia Hills,Rural,90+,18,5,13,3,1,2,6,0,6,0,0,0,0,0,0,1,1,0,0,0,0,2,0,2,6,3,3
15135,C4920,17,299,District-Jaintia Hills,Rural,Age Not Stated,13,7,6,2,0,2,7,4,3,0,0,0,0,0,0,1,0,1,1,1,0,0,0,0,2,2,0
15136,C4920,17,299,District-Jaintia Hills,Urban,Total,264,121,143,48,18,30,76,26,50,18,8,10,30,20,10,12,7,5,20,10,10,36,19,17,24,13,11
15137,C4920,17,299,District-Jaintia Hills,Urban,0-4,11,6,5,2,1,1,1,1,0,0,0,0,2,1,1,0,0,0,1,0,1,4,2,2,1,1,0
15138,C4920,17,299,District-Jaintia Hills,Urban,5-9,20,10,10,3,0,3,4,3,1,3,1,2,3,1,2,1,0,1,1,1,0,2,1,1,3,3,0
15139,C4920,17,299,District-Jaintia Hills,Urban,10-19,71,33,38,8,3,5,22,7,15,7,3,4,7,5,2,3,2,1,6,4,2,9,5,4,9,4,5
15140,C4920,17,299,District-Jaintia Hills,Urban,20-29,42,22,20,3,1,2,15,6,9,2,1,1,5,5,0,1,0,1,2,2,0,10,4,6,4,3,1
15141,C4920,17,299,District-Jaintia Hills,Urban,30-39,47,25,22,10,7,3,12,2,10,2,2,0,5,3,2,4,4,0,7,2,5,5,4,1,2,1,1
15142,C4920,17,299,District-Jaintia Hills,Urban,40-49,35,11,24,10,2,8,8,3,5,3,1,2,3,2,1,2,1,1,1,0,1,3,1,2,5,1,4
15143,C4920,17,299,District-Jaintia Hills,Urban,50-59,17,7,10,5,3,2,5,2,3,1,0,1,2,1,1,1,0,1,1,0,1,2,1,1,0,0,0
15144,C4920,17,299,District-Jaintia Hills,Urban,60-69,10,6,4,3,1,2,3,2,1,0,0,0,2,1,1,0,0,0,1,1,0,1,1,0,0,0,0
15145,C4920,17,299,District-Jaintia Hills,Urban,70-79,4,0,4,1,0,1,3,0,3,0,0,0,0,0,0,0,0,0,0,0,0,0,0,0,0,0,0
15146,C4920,17,299,District-Jaintia Hills,Urban,80-89,5,1,4,3,0,3,1,0,1,0,0,0,1,1,0,0,0,0,0,0,0,0,0,0,0,0,0
15147,C4920,17,299,District-Jaintia Hills,Urban,90+,2,0,2,0,0,0,2,0,2,0,0,0,0,0,0,0,0,0,0,0,0,0,0,0,0,0,0
15148,C4920,17,299,District-Jaintia Hills,Urban,Age Not Stated,0,0,0,0,0,0,0,0,0,0,0,0,0,0,0,0,0,0,0,0,0,0,0,0,0,0,0
15149,C4920,15,0,State-MIZORAM,Total,0-4,541,288,253,82,38,44,93,53,40,16,7,9,63,38,25,32,17,15,7,6,1,184,95,89,64,34,30
15150,C4920,15,0,State-MIZORAM,Total,5-9,988,559,429,159,91,68,153,83,70,112,61,51,98,56,42,92,61,31,37,19,18,173,94,79,164,94,70
15151,C4920,15,0,State-MIZORAM,Total,10-19,2219,1225,994,322,179,143,363,198,165,216,133,83,250,140,110,302,163,139,136,70,66,307,165,142,323,177,146
15152,C4920,15,0,State-MIZORAM,Total,20-29,2232,1190,1042,255,135,120,360,186,174,183,93,90,310,175,135,327,180,147,188,122,66,328,149,179,281,150,131
15153,C4920,15,0,State-MIZORAM,Total,30-39,2193,1223,970,253,141,112,410,220,190,170,82,88,304,195,109,280,160,120,248,153,95,269,136,133,259,136,123
15154,C4920,15,0,State-MIZORAM,Total,40-49,2119,1147,972,250,142,108,452,241,211,172,85,87,306,190,116,232,111,121,181,84,97,246,144,102,280,150,130
15155,C4920,15,0,State-MIZORAM,Total,50-59,1940,1048,892,256,152,104,505,261,244,172,88,84,247,151,96,171,80,91,118,52,66,182,107,75,289,157,132
15156,C4920,15,0,State-MIZORAM,Total,60-69,1385,739,646,210,104,106,423,242,181,79,37,42,207,128,79,92,48,44,64,28,36,114,60,54,196,92,104
15157,C4920,15,0,State-MIZORAM,Total,70-79,933,462,471,148,62,86,348,200,148,32,9,23,126,60,66,39,12,27,25,9,16,81,45,36,134,65,69
15158,C4920,15,0,State-MIZORAM,Total,80-89,466,241,225,85,34,51,197,122,75,10,6,4,60,27,33,14,7,7,7,3,4,24,11,13,69,31,38
15159,C4920,15,0,State-MIZORAM,Total,90+,93,39,54,11,6,5,49,22,27,0,0,0,4,1,3,1,1,0,1,1,0,4,2,2,23,6,17
15160,C4920,15,0,State-MIZORAM,Total,Age Not Stated,51,37,14,4,3,1,1,0,1,1,0,1,1,1,0,3,3,0,38,29,9,2,1,1,1,0,1
15161,C4920,15,0,State-MIZORAM,Rural,Total,8627,4584,4043,1237,669,568,1989,1055,934,735,399,336,1141,651,490,776,410,366,423,197,226,1121,588,533,1205,615,590
15162,C4920,15,0,State-MIZORAM,Rural,0-4,306,164,142,43,17,26,54,31,23,11,4,7,39,26,13,17,9,8,3,2,1,101,56,45,38,19,19
15163,C4920,15,0,State-MIZORAM,Rural,5-9,571,321,250,91,49,42,91,48,43,63,36,27,65,37,28,47,31,16,24,10,14,109,60,49,81,50,31
15164,C4920,15,0,State-MIZORAM,Rural,10-19,1278,721,557,184,107,77,219,124,95,146,91,55,160,92,68,152,81,71,70,39,31,173,96,77,174,91,83
15165,C4920,15,0,State-MIZORAM,Rural,20-29,1237,622,615,136,75,61,219,102,117,120,66,54,175,92,83,171,88,83,72,41,31,192,79,113,152,79,73
15166,C4920,15,0,State-MIZORAM,Rural,30-39,1146,613,533,162,93,69,231,116,115,105,54,51,137,84,53,132,76,56,76,36,40,148,73,75,155,81,74
15167,C4920,15,0,State-MIZORAM,Rural,40-49,1176,635,541,154,89,65,256,134,122,104,56,48,171,100,71,106,52,54,76,32,44,143,83,60,166,89,77
15168,C4920,15,0,State-MIZORAM,Rural,50-59,1137,605,532,164,100,64,301,148,153,111,59,52,150,90,60,76,36,40,51,19,32,115,69,46,169,84,85
15169,C4920,15,0,State-MIZORAM,Rural,60-69,851,455,396,146,70,76,261,153,108,50,23,27,128,79,49,45,25,20,35,13,22,71,38,33,115,54,61
15170,C4920,15,0,State-MIZORAM,Rural,70-79,581,281,300,95,42,53,218,122,96,19,6,13,78,36,42,20,6,14,12,4,8,50,25,25,89,40,49
15171,C4920,15,0,State-MIZORAM,Rural,80-89,285,143,142,54,23,31,112,65,47,6,4,2,36,14,22,8,4,4,3,1,2,17,8,9,49,24,25
15172,C4920,15,0,State-MIZORAM,Rural,90+,53,20,33,6,3,3,27,12,15,0,0,0,2,1,1,0,0,0,0,0,0,1,0,1,17,4,13
15173,C4920,15,0,State-MIZORAM,Rural,Age Not Stated,6,4,2,2,1,1,0,0,0,0,0,0,0,0,0,2,2,0,1,0,1,1,1,0,0,0,0
15174,C4920,15,0,State-MIZORAM,Urban,Total,6533,3614,2919,798,418,380,1365,773,592,428,202,226,835,511,324,809,433,376,627,379,248,793,421,372,878,477,401
15175,C4920,15,0,State-MIZORAM,Urban,0-4,235,124,111,39,21,18,39,22,17,5,3,2,24,12,12,15,8,7,4,4,0,83,39,44,26,15,11
15176,C4920,15,0,State-MIZORAM,Urban,5-9,417,238,179,68,42,26,62,35,27,49,25,24,33,19,14,45,30,15,13,9,4,64,34,30,83,44,39
15177,C4920,15,0,State-MIZORAM,Urban,10-19,941,504,437,138,72,66,144,74,70,70,42,28,90,48,42,150,82,68,66,31,35,134,69,65,149,86,63
15178,C4920,15,0,State-MIZORAM,Urban,20-29,995,568,427,119,60,59,141,84,57,63,27,36,135,83,52,156,92,64,116,81,35,136,70,66,129,71,58
15179,C4920,15,0,State-MIZORAM,Urban,30-39,1047,610,437,91,48,43,179,104,75,65,28,37,167,111,56,148,84,64,172,117,55,121,63,58,104,55,49
15180,C4920,15,0,State-MIZORAM,Urban,40-49,943,512,431,96,53,43,196,107,89,68,29,39,135,90,45,126,59,67,105,52,53,103,61,42,114,61,53
15181,C4920,15,0,State-MIZORAM,Urban,50-59,803,443,360,92,52,40,204,113,91,61,29,32,97,61,36,95,44,51,67,33,34,67,38,29,120,73,47
15182,C4920,15,0,State-MIZORAM,Urban,60-69,534,284,250,64,34,30,162,89,73,29,14,15,79,49,30,47,23,24,29,15,14,43,22,21,81,38,43
15183,C4920,15,0,State-MIZORAM,Urban,70-79,352,181,171,53,20,33,130,78,52,13,3,10,48,24,24,19,6,13,13,5,8,31,20,11,45,25,20
15184,C4920,15,0,State-MIZORAM,Urban,80-89,181,98,83,31,11,20,85,57,28,4,2,2,24,13,11,6,3,3,4,2,2,7,3,4,20,7,13
15185,C4920,15,0,State-MIZORAM,Urban,90+,40,19,21,5,3,2,22,10,12,0,0,0,2,0,2,1,1,0,1,1,0,3,2,1,6,2,4
15186,C4920,15,0,State-MIZORAM,Urban,Age Not Stated,45,33,12,2,2,0,1,0,1,1,0,1,1,1,0,1,1,0,37,29,8,1,0,1,1,0,1
15187,C4920,15,281,District-Mamit,Total,Total,1317,721,596,207,113,94,299,171,128,102,53,49,198,112,86,111,54,57,64,33,31,184,100,84,152,85,67
15188,C4920,15,281,District-Mamit,Total,0-4,49,32,17,6,4,2,10,7,3,3,1,2,7,5,2,3,1,2,0,0,0,14,9,5,6,5,1
15189,C4920,15,281,District-Mamit,Total,5-9,94,44,50,21,9,12,17,8,9,13,5,8,16,7,9,6,5,1,2,1,1,11,4,7,8,5,3
15190,C4920,15,281,District-Mamit,Total,10-19,224,131,93,34,19,15,43,32,11,20,14,6,29,13,16,25,12,13,14,9,5,31,21,10,28,11,17
15191,C4920,15,281,District-Mamit,Total,20-29,205,99,106,24,16,8,39,20,19,16,5,11,35,17,18,20,5,15,12,7,5,40,19,21,19,10,9
15192,C4920,15,281,District-Mamit,Total,30-39,192,109,83,19,10,9,33,22,11,21,13,8,28,16,12,22,10,12,16,8,8,23,10,13,30,20,10
15193,C4920,15,281,District-Mamit,Total,40-49,144,83,61,23,15,8,26,15,11,9,3,6,26,15,11,12,8,4,7,3,4,26,14,12,15,10,5
15194,C4920,15,281,District-Mamit,Total,50-59,165,90,75,28,17,11,47,20,27,15,10,5,22,15,7,16,8,8,7,3,4,15,7,8,15,10,5
15195,C4920,15,281,District-Mamit,Total,60-69,114,66,48,24,11,13,29,16,13,3,2,1,20,14,6,5,5,0,4,1,3,15,9,6,14,8,6
15196,C4920,15,281,District-Mamit,Total,70-79,75,40,35,14,5,9,33,20,13,2,0,2,9,7,2,2,0,2,2,1,1,5,4,1,8,3,5
15197,C4920,15,281,District-Mamit,Total,80-89,47,23,24,11,4,7,19,10,9,0,0,0,6,3,3,0,0,0,0,0,0,4,3,1,7,3,4
15198,C4920,15,281,District-Mamit,Total,90+,8,4,4,3,3,0,3,1,2,0,0,0,0,0,0,0,0,0,0,0,0,0,0,0,2,0,2
15199,C4920,15,281,District-Mamit,Total,Age Not Stated,0,0,0,0,0,0,0,0,0,0,0,0,0,0,0,0,0,0,0,0,0,0,0,0,0,0,0
15200,C4920,15,281,District-Mamit,Rural,Total,1057,585,472,156,92,64,239,142,97,88,48,40,160,87,73,94,44,50,42,21,21,153,81,72,125,70,55
15201,C4920,15,281,District-Mamit,Rural,0-4,42,27,15,4,3,1,9,7,2,3,1,2,7,5,2,3,1,2,0,0,0,12,7,5,4,3,1
15202,C4920,15,281,District-Mamit,Rural,5-9,80,36,44,14,6,8,15,7,8,13,5,8,14,6,8,5,4,1,2,1,1,9,2,7,8,5,3
15203,C4920,15,281,District-Mamit,Rural,10-19,177,105,72,23,15,8,33,25,8,16,11,5,25,11,14,21,9,12,12,9,3,24,16,8,23,9,14
15204,C4920,15,281,District-Mamit,Rural,20-29,174,81,93,21,14,7,35,17,18,14,5,9,28,12,16,17,3,14,7,4,3,35,16,19,17,10,7
15205,C4920,15,281,District-Mamit,Rural,30-39,157,90,67,16,10,6,30,20,10,19,13,6,22,12,10,19,8,11,9,4,5,17,7,10,25,16,9
15206,C4920,15,281,District-Mamit,Rural,40-49,116,66,50,20,13,7,23,14,9,7,3,4,18,9,9,11,8,3,3,0,3,24,13,11,10,6,4
15207,C4920,15,281,District-Mamit,Rural,50-59,122,66,56,19,13,6,35,14,21,12,8,4,18,12,6,11,6,5,4,1,3,11,4,7,12,8,4
15208,C4920,15,281,District-Mamit,Rural,60-69,97,60,37,20,8,12,23,15,8,3,2,1,16,12,4,5,5,0,4,1,3,14,9,5,12,8,4
15209,C4920,15,281,District-Mamit,Rural,70-79,54,32,22,9,3,6,25,17,8,1,0,1,6,5,1,2,0,2,1,1,0,4,4,0,6,2,4
15210,C4920,15,281,District-Mamit,Rural,80-89,33,19,14,7,4,3,10,6,4,0,0,0,6,3,3,0,0,0,0,0,0,3,3,0,7,3,4
15211,C4920,15,281,District-Mamit,Rural,90+,5,3,2,3,3,0,1,0,1,0,0,0,0,0,0,0,0,0,0,0,0,0,0,0,1,0,1
15212,C4920,15,281,District-Mamit,Rural,Age Not Stated,0,0,0,0,0,0,0,0,0,0,0,0,0,0,0,0,0,0,0,0,0,0,0,0,0,0,0
15213,C4920,15,281,District-Mamit,Urban,Total,260,136,124,51,21,30,60,29,31,14,5,9,38,25,13,17,10,7,22,12,10,31,19,12,27,15,12
15214,C4920,15,281,District-Mamit,Urban,0-4,7,5,2,2,1,1,1,0,1,0,0,0,0,0,0,0,0,0,0,0,0,2,2,0,2,2,0
15215,C4920,15,281,District-Mamit,Urban,5-9,14,8,6,7,3,4,2,1,1,0,0,0,2,1,1,1,1,0,0,0,0,2,2,0,0,0,0
15216,C4920,15,281,District-Mamit,Urban,10-19,47,26,21,11,4,7,10,7,3,4,3,1,4,2,2,4,3,1,2,0,2,7,5,2,5,2,3
15217,C4920,15,281,District-Mamit,Urban,20-29,31,18,13,3,2,1,4,3,1,2,0,2,7,5,2,3,2,1,5,3,2,5,3,2,2,0,2
15218,C4920,15,281,District-Mamit,Urban,30-39,35,19,16,3,0,3,3,2,1,2,0,2,6,4,2,3,2,1,7,4,3,6,3,3,5,4,1
15219,C4920,15,281,District-Mamit,Urban,40-49,28,17,11,3,2,1,3,1,2,2,0,2,8,6,2,1,0,1,4,3,1,2,1,1,5,4,1
15220,C4920,15,281,District-Mamit,Urban,50-59,43,24,19,9,4,5,12,6,6,3,2,1,4,3,1,5,2,3,3,2,1,4,3,1,3,2,1
15221,C4920,15,281,District-Mamit,Urban,60-69,17,6,11,4,3,1,6,1,5,0,0,0,4,2,2,0,0,0,0,0,0,1,0,1,2,0,2
15222,C4920,15,281,District-Mamit,Urban,70-79,21,8,13,5,2,3,8,3,5,1,0,1,3,2,1,0,0,0,1,0,1,1,0,1,2,1,1
15223,C4920,15,281,District-Mamit,Urban,80-89,14,4,10,4,0,4,9,4,5,0,0,0,0,0,0,0,0,0,0,0,0,1,0,1,0,0,0
15224,C4920,15,281,District-Mamit,Urban,90+,3,1,2,0,0,0,2,1,1,0,0,0,0,0,0,0,0,0,0,0,0,0,0,0,1,0,1
15225,C4920,15,281,District-Mamit,Urban,Age Not Stated,0,0,0,0,0,0,0,0,0,0,0,0,0,0,0,0,0,0,0,0,0,0,0,0,0,0,0
15226,C4920,15,282,District-Kolasib,Total,Total,1385,760,625,298,167,131,374,208,166,78,33,45,142,82,60,117,70,47,77,39,38,171,98,73,128,63,65
15227,C4920,15,282,District-Kolasib,Total,0-4,73,37,36,6,3,3,20,13,7,0,0,0,4,2,2,1,0,1,0,0,0,33,14,19,9,5,4
15228,C4920,15,282,District-Kolasib,Total,5-9,90,49,41,15,10,5,18,11,7,7,0,7,9,4,5,5,4,1,1,0,1,18,11,7,17,9,8
15229,C4920,15,282,District-Kolasib,Total,10-19,175,95,80,32,16,16,36,22,14,16,7,9,18,11,7,19,12,7,12,5,7,22,13,9,20,9,11
15230,C4920,15,282,District-Kolasib,Total,20-29,184,108,76,37,24,13,41,27,14,11,8,3,23,14,9,25,14,11,11,5,6,23,10,13,13,6,7
15231,C4920,15,282,District-Kolasib,Total,30-39,230,126,104,64,35,29,57,31,26,9,3,6,18,11,7,23,12,11,17,10,7,34,19,15,8,5,3
15232,C4920,15,282,District-Kolasib,Total,40-49,190,101,89,50,28,22,50,28,22,11,5,6,17,6,11,18,10,8,11,6,5,16,10,6,17,8,9
15233,C4920,15,282,District-Kolasib,Total,50-59,214,119,95,54,34,20,62,28,34,15,5,10,23,14,9,19,14,5,9,4,5,15,12,3,17,8,9
15234,C4920,15,282,District-Kolasib,Total,60-69,138,73,65,29,15,14,51,24,27,8,5,3,19,12,7,5,2,3,12,7,5,4,3,1,10,5,5
15235,C4920,15,282,District-Kolasib,Total,70-79,60,37,23,9,2,7,27,17,10,0,0,0,9,7,2,1,1,0,3,1,2,4,4,0,7,5,2
15236,C4920,15,282,District-Kolasib,Total,80-89,23,12,11,2,0,2,8,5,3,0,0,0,2,1,1,1,1,0,1,1,0,1,1,0,8,3,5
15237,C4920,15,282,District-Kolasib,Total,90+,6,2,4,0,0,0,4,2,2,0,0,0,0,0,0,0,0,0,0,0,0,0,0,0,2,0,2
15238,C4920,15,282,District-Kolasib,Total,Age Not Stated,2,1,1,0,0,0,0,0,0,1,0,1,0,0,0,0,0,0,0,0,0,1,1,0,0,0,0
15239,C4920,15,282,District-Kolasib,Rural,Total,693,363,330,200,113,87,162,83,79,39,20,19,66,36,30,40,19,21,30,15,15,82,48,34,74,29,45
15240,C4920,15,282,District-Kolasib,Rural,0-4,22,10,12,4,1,3,7,5,2,0,0,0,1,0,1,0,0,0,0,0,0,7,4,3,3,0,3
15241,C4920,15,282,District-Kolasib,Rural,5-9,40,22,18,4,2,2,8,4,4,2,0,2,3,2,1,1,1,0,0,0,0,12,8,4,10,5,5
15242,C4920,15,282,District-Kolasib,Rural,10-19,78,39,39,10,4,6,18,13,5,8,4,4,10,5,5,5,2,3,4,2,2,11,5,6,12,4,8
15243,C4920,15,282,District-Kolasib,Rural,20-29,86,42,44,22,13,9,16,9,7,8,7,1,8,3,5,11,3,8,4,1,3,13,4,9,4,2,2
15244,C4920,15,282,District-Kolasib,Rural,30-39,120,62,58,55,32,23,21,7,14,5,3,2,6,2,4,9,4,5,4,3,1,15,8,7,5,3,2
15245,C4920,15,282,District-Kolasib,Rural,40-49,102,52,50,41,23,18,19,9,10,6,2,4,9,4,5,6,3,3,7,4,3,7,5,2,7,2,5
15246,C4920,15,282,District-Kolasib,Rural,50-59,123,68,55,39,26,13,32,13,19,6,1,5,15,9,6,6,4,2,4,3,1,11,9,2,10,3,7
15247,C4920,15,282,District-Kolasib,Rural,60-69,71,38,33,21,12,9,23,11,12,4,3,1,8,6,2,1,1,0,6,2,4,2,1,1,6,2,4
15248,C4920,15,282,District-Kolasib,Rural,70-79,33,21,12,3,0,3,13,8,5,0,0,0,6,5,1,1,1,0,1,0,1,2,2,0,7,5,2
15249,C4920,15,282,District-Kolasib,Rural,80-89,13,7,6,1,0,1,3,3,0,0,0,0,0,0,0,0,0,0,0,0,0,1,1,0,8,3,5
15250,C4920,15,282,District-Kolasib,Rural,90+,4,1,3,0,0,0,2,1,1,0,0,0,0,0,0,0,0,0,0,0,0,0,0,0,2,0,2
15251,C4920,15,282,District-Kolasib,Rural,Age Not Stated,1,1,0,0,0,0,0,0,0,0,0,0,0,0,0,0,0,0,0,0,0,1,1,0,0,0,0
15252,C4920,15,282,District-Kolasib,Urban,Total,692,397,295,98,54,44,212,125,87,39,13,26,76,46,30,77,51,26,47,24,23,89,50,39,54,34,20
15253,C4920,15,282,District-Kolasib,Urban,0-4,51,27,24,2,2,0,13,8,5,0,0,0,3,2,1,1,0,1,0,0,0,26,10,16,6,5,1
15254,C4920,15,282,District-Kolasib,Urban,5-9,50,27,23,11,8,3,10,7,3,5,0,5,6,2,4,4,3,1,1,0,1,6,3,3,7,4,3
15255,C4920,15,282,District-Kolasib,Urban,10-19,97,56,41,22,12,10,18,9,9,8,3,5,8,6,2,14,10,4,8,3,5,11,8,3,8,5,3
15256,C4920,15,282,District-Kolasib,Urban,20-29,98,66,32,15,11,4,25,18,7,3,1,2,15,11,4,14,11,3,7,4,3,10,6,4,9,4,5
15257,C4920,15,282,District-Kolasib,Urban,30-39,110,64,46,9,3,6,36,24,12,4,0,4,12,9,3,14,8,6,13,7,6,19,11,8,3,2,1
15258,C4920,15,282,District-Kolasib,Urban,40-49,88,49,39,9,5,4,31,19,12,5,3,2,8,2,6,12,7,5,4,2,2,9,5,4,10,6,4
15259,C4920,15,282,District-Kolasib,Urban,50-59,91,51,40,15,8,7,30,15,15,9,4,5,8,5,3,13,10,3,5,1,4,4,3,1,7,5,2
15260,C4920,15,282,District-Kolasib,Urban,60-69,67,35,32,8,3,5,28,13,15,4,2,2,11,6,5,4,1,3,6,5,1,2,2,0,4,3,1
15261,C4920,15,282,District-Kolasib,Urban,70-79,27,16,11,6,2,4,14,9,5,0,0,0,3,2,1,0,0,0,2,1,1,2,2,0,0,0,0
15262,C4920,15,282,District-Kolasib,Urban,80-89,10,5,5,1,0,1,5,2,3,0,0,0,2,1,1,1,1,0,1,1,0,0,0,0,0,0,0
15263,C4920,15,282,District-Kolasib,Urban,90+,2,1,1,0,0,0,2,1,1,0,0,0,0,0,0,0,0,0,0,0,0,0,0,0,0,0,0
15264,C4920,15,282,District-Kolasib,Urban,Age Not Stated,1,0,1,0,0,0,0,0,0,1,0,1,0,0,0,0,0,0,0,0,0,0,0,0,0,0,0
15265,C4920,15,283,District-Aizawl,Total,Total,5370,2953,2417,634,337,297,1116,624,492,353,180,173,701,424,277,649,337,312,533,326,207,616,302,314,768,423,345
15266,C4920,15,283,District-Aizawl,Total,0-4,150,78,72,25,10,15,21,12,9,5,3,2,20,10,10,9,5,4,4,3,1,44,24,20,22,11,11
15267,C4920,15,283,District-Aizawl,Total,5-9,315,182,133,39,26,13,42,25,17,34,23,11,27,17,10,38,24,14,8,4,4,57,25,32,70,38,32
15268,C4920,15,283,District-Aizawl,Total,10-19,736,385,351,108,55,53,103,47,56,66,43,23,63,37,26,122,60,62,49,27,22,93,42,51,132,74,58
15269,C4920,15,283,District-Aizawl,Total,20-29,788,425,363,87,44,43,107,53,54,46,20,26,110,59,51,127,75,52,88,61,27,115,49,66,108,64,44
15270,C4920,15,283,District-Aizawl,Total,30-39,848,493,355,84,48,36,126,66,60,53,22,31,141,92,49,115,65,50,145,104,41,90,45,45,94,51,43
15271,C4920,15,283,District-Aizawl,Total,40-49,758,421,337,70,40,30,150,84,66,57,26,31,107,74,33,93,39,54,106,52,54,88,55,33,87,51,36
15272,C4920,15,283,District-Aizawl,Total,50-59,674,374,300,75,41,34,174,102,72,49,26,23,82,46,36,74,36,38,55,28,27,58,33,25,107,62,45
15273,C4920,15,283,District-Aizawl,Total,60-69,481,264,217,66,32,34,150,89,61,24,12,12,74,51,23,41,21,20,25,10,15,36,15,21,65,34,31
15274,C4920,15,283,District-Aizawl,Total,70-79,344,180,164,47,25,22,129,78,51,14,3,11,46,25,21,20,6,14,12,6,6,28,12,16,48,25,23
15275,C4920,15,283,District-Aizawl,Total,80-89,199,104,95,29,12,17,93,61,32,5,2,3,28,12,16,7,3,4,3,1,2,5,1,4,29,12,17
15276,C4920,15,283,District-Aizawl,Total,90+,34,14,20,3,3,0,20,7,13,0,0,0,2,0,2,1,1,0,1,1,0,2,1,1,5,1,4
15277,C4920,15,283,District-Aizawl,Total,Age Not Stated,43,33,10,1,1,0,1,0,1,0,0,0,1,1,0,2,2,0,37,29,8,0,0,0,1,0,1
15278,C4920,15,283,District-Aizawl,Rural,Total,1741,930,811,224,110,114,419,239,180,135,73,62,235,126,109,174,100,74,93,39,54,193,93,100,268,150,118
15279,C4920,15,283,District-Aizawl,Rural,0-4,42,23,19,5,2,3,3,2,1,0,0,0,8,5,3,0,0,0,1,0,1,18,10,8,7,4,3
15280,C4920,15,283,District-Aizawl,Rural,5-9,91,50,41,14,7,7,10,8,2,11,6,5,9,4,5,6,4,2,1,0,1,22,10,12,18,11,7
15281,C4920,15,283,District-Aizawl,Rural,10-19,230,116,114,43,21,22,33,13,20,30,20,10,23,12,11,34,19,15,10,4,6,22,8,14,35,19,16
15282,C4920,15,283,District-Aizawl,Rural,20-29,214,107,107,18,9,9,35,15,20,16,7,9,37,15,22,38,26,12,9,5,4,32,13,19,29,17,12
15283,C4920,15,283,District-Aizawl,Rural,30-39,247,145,102,25,14,11,49,31,18,15,6,9,30,18,12,32,21,11,22,13,9,30,15,15,44,27,17
15284,C4920,15,283,District-Aizawl,Rural,40-49,242,130,112,20,11,9,55,30,25,25,13,12,34,20,14,24,8,16,28,11,17,24,16,8,32,21,11
15285,C4920,15,283,District-Aizawl,Rural,50-59,245,133,112,32,15,17,64,37,27,24,15,9,35,21,14,20,12,8,9,2,7,18,12,6,43,19,24
15286,C4920,15,283,District-Aizawl,Rural,60-69,188,103,85,30,12,18,66,41,25,7,4,3,27,17,10,12,7,5,8,2,6,14,4,10,24,16,8
15287,C4920,15,283,District-Aizawl,Rural,70-79,146,76,70,25,14,11,56,35,21,5,1,4,21,11,10,4,1,3,5,2,3,11,4,7,19,8,11
15288,C4920,15,283,District-Aizawl,Rural,80-89,83,43,40,12,5,7,39,24,15,2,1,1,11,3,8,3,1,2,0,0,0,2,1,1,14,8,6
15289,C4920,15,283,District-Aizawl,Rural,90+,12,3,9,0,0,0,9,3,6,0,0,0,0,0,0,0,0,0,0,0,0,0,0,0,3,0,3
15290,C4920,15,283,District-Aizawl,Rural,Age Not Stated,1,1,0,0,0,0,0,0,0,0,0,0,0,0,0,1,1,0,0,0,0,0,0,0,0,0,0
15291,C4920,15,283,District-Aizawl,Urban,Total,3629,2023,1606,410,227,183,697,385,312,218,107,111,466,298,168,475,237,238,440,287,153,423,209,214,500,273,227
15292,C4920,15,283,District-Aizawl,Urban,0-4,108,55,53,20,8,12,18,10,8,5,3,2,12,5,7,9,5,4,3,3,0,26,14,12,15,7,8
15293,C4920,15,283,District-Aizawl,Urban,5-9,224,132,92,25,19,6,32,17,15,23,17,6,18,13,5,32,20,12,7,4,3,35,15,20,52,27,25
15294,C4920,15,283,District-Aizawl,Urban,10-19,506,269,237,65,34,31,70,34,36,36,23,13,40,25,15,88,41,47,39,23,16,71,34,37,97,55,42
15295,C4920,15,283,District-Aizawl,Urban,20-29,574,318,256,69,35,34,72,38,34,30,13,17,73,44,29,89,49,40,79,56,23,83,36,47,79,47,32
15296,C4920,15,283,District-Aizawl,Urban,30-39,601,348,253,59,34,25,77,35,42,38,16,22,111,74,37,83,44,39,123,91,32,60,30,30,50,24,26
15297,C4920,15,283,District-Aizawl,Urban,40-49,516,291,225,50,29,21,95,54,41,32,13,19,73,54,19,69,31,38,78,41,37,64,39,25,55,30,25
15298,C4920,15,283,District-Aizawl,Urban,50-59,429,241,188,43,26,17,110,65,45,25,11,14,47,25,22,54,24,30,46,26,20,40,21,19,64,43,21
15299,C4920,15,283,District-Aizawl,Urban,60-69,293,161,132,36,20,16,84,48,36,17,8,9,47,34,13,29,14,15,17,8,9,22,11,11,41,18,23
15300,C4920,15,283,District-Aizawl,Urban,70-79,198,104,94,22,11,11,73,43,30,9,2,7,25,14,11,16,5,11,7,4,3,17,8,9,29,17,12
15301,C4920,15,283,District-Aizawl,Urban,80-89,116,61,55,17,7,10,54,37,17,3,1,2,17,9,8,4,2,2,3,1,2,3,0,3,15,4,11
15302,C4920,15,283,District-Aizawl,Urban,90+,22,11,11,3,3,0,11,4,7,0,0,0,2,0,2,1,1,0,1,1,0,2,1,1,2,1,1
15303,C4920,15,283,District-Aizawl,Urban,Age Not Stated,42,32,10,1,1,0,1,0,1,0,0,0,1,1,0,1,1,0,37,29,8,0,0,0,1,0,1
15304,C4920,15,284,District-Champhai,Total,Total,1838,919,919,177,89,88,421,217,204,190,89,101,230,130,100,210,108,102,92,40,52,219,112,107,299,134,165
15305,C4920,15,284,District-Champhai,Total,0-4,70,30,40,10,5,5,10,5,5,3,1,2,5,3,2,2,1,1,0,0,0,31,11,20,9,4,5
15306,C4920,15,284,District-Champhai,Total,5-9,113,65,48,13,6,7,18,8,10,15,9,6,14,11,3,9,7,2,4,1,3,25,14,11,15,9,6
15307,C4920,15,284,District-Champhai,Total,10-19,231,115,116,29,15,14,42,24,18,22,8,14,28,13,15,35,22,13,11,2,9,32,17,15,32,14,18
15308,C4920,15,284,District-Champhai,Total,20-29,283,143,140,18,9,9,50,19,31,32,18,14,44,27,17,43,22,21,18,14,4,40,21,19,38,13,25
15309,C4920,15,284,District-Champhai,Total,30-39,226,116,110,13,7,6,43,22,21,24,7,17,33,20,13,34,21,13,18,10,8,23,11,12,38,18,20
15310,C4920,15,284,District-Champhai,Total,40-49,297,142,155,22,10,12,68,35,33,31,14,17,44,24,20,37,17,20,15,5,10,23,12,11,57,25,32
15311,C4920,15,284,District-Champhai,Total,50-59,270,133,137,22,15,7,64,26,38,41,21,20,23,15,8,31,11,20,16,6,10,16,10,6,57,29,28
15312,C4920,15,284,District-Champhai,Total,60-69,173,87,86,18,11,7,58,34,24,17,8,9,20,10,10,8,3,5,7,2,5,16,8,8,29,11,18
15313,C4920,15,284,District-Champhai,Total,70-79,115,58,57,21,9,12,43,28,15,2,0,2,12,4,8,5,0,5,2,0,2,10,7,3,20,10,10
15314,C4920,15,284,District-Champhai,Total,80-89,47,25,22,7,2,5,21,13,8,3,3,0,5,2,3,5,3,2,1,0,1,2,1,1,3,1,2
15315,C4920,15,284,District-Champhai,Total,90+,11,4,7,3,0,3,4,3,1,0,0,0,2,1,1,0,0,0,0,0,0,1,0,1,1,0,1
15316,C4920,15,284,District-Champhai,Total,Age Not Stated,2,1,1,1,0,1,0,0,0,0,0,0,0,0,0,1,1,0,0,0,0,0,0,0,0,0,0
15317,C4920,15,284,District-Champhai,Rural,Total,1346,681,665,137,75,62,329,174,155,143,71,72,173,100,73,130,66,64,64,29,35,152,75,77,218,91,127
15318,C4920,15,284,District-Champhai,Rural,0-4,50,21,29,7,2,5,9,5,4,3,1,2,5,3,2,0,0,0,0,0,0,18,6,12,8,4,4
15319,C4920,15,284,District-Champhai,Rural,5-9,82,46,36,12,6,6,13,5,8,10,7,3,11,10,1,6,4,2,3,0,3,17,9,8,10,5,5
15320,C4920,15,284,District-Champhai,Rural,10-19,170,86,84,23,14,9,35,18,17,18,7,11,18,10,8,23,12,11,6,2,4,23,13,10,24,10,14
15321,C4920,15,284,District-Champhai,Rural,20-29,198,102,96,15,9,6,38,13,25,21,13,8,29,19,10,24,13,11,11,9,2,34,18,16,26,8,18
15322,C4920,15,284,District-Champhai,Rural,30-39,161,81,80,10,7,3,32,17,15,18,4,14,23,14,9,21,13,8,15,8,7,15,7,8,27,11,16
15323,C4920,15,284,District-Champhai,Rural,40-49,218,108,110,15,6,9,53,30,23,21,11,10,35,19,16,22,11,11,9,3,6,18,9,9,45,19,26
15324,C4920,15,284,District-Champhai,Rural,50-59,199,97,102,17,12,5,48,20,28,33,19,14,18,10,8,19,7,12,12,5,7,10,6,4,42,18,24
15325,C4920,15,284,District-Champhai,Rural,60-69,132,69,63,15,9,6,43,28,15,16,7,9,17,8,9,6,2,4,5,2,3,10,5,5,20,8,12
15326,C4920,15,284,District-Champhai,Rural,70-79,86,45,41,16,8,8,36,25,11,1,0,1,10,4,6,4,0,4,2,0,2,4,1,3,13,7,6
15327,C4920,15,284,District-Champhai,Rural,80-89,40,21,19,5,2,3,18,10,8,2,2,0,5,2,3,4,3,1,1,0,1,2,1,1,3,1,2
15328,C4920,15,284,District-Champhai,Rural,90+,8,4,4,1,0,1,4,3,1,0,0,0,2,1,1,0,0,0,0,0,0,1,0,1,0,0,0
15329,C4920,15,284,District-Champhai,Rural,Age Not Stated,2,1,1,1,0,1,0,0,0,0,0,0,0,0,0,1,1,0,0,0,0,0,0,0,0,0,0
15330,C4920,15,284,District-Champhai,Urban,Total,492,238,254,40,14,26,92,43,49,47,18,29,57,30,27,80,42,38,28,11,17,67,37,30,81,43,38
15331,C4920,15,284,District-Champhai,Urban,0-4,20,9,11,3,3,0,1,0,1,0,0,0,0,0,0,2,1,1,0,0,0,13,5,8,1,0,1
15332,C4920,15,284,District-Champhai,Urban,5-9,31,19,12,1,0,1,5,3,2,5,2,3,3,1,2,3,3,0,1,1,0,8,5,3,5,4,1
15333,C4920,15,284,District-Champhai,Urban,10-19,61,29,32,6,1,5,7,6,1,4,1,3,10,3,7,12,10,2,5,0,5,9,4,5,8,4,4
15334,C4920,15,284,District-Champhai,Urban,20-29,85,41,44,3,0,3,12,6,6,11,5,6,15,8,7,19,9,10,7,5,2,6,3,3,12,5,7
15335,C4920,15,284,District-Champhai,Urban,30-39,65,35,30,3,0,3,11,5,6,6,3,3,10,6,4,13,8,5,3,2,1,8,4,4,11,7,4
15336,C4920,15,284,District-Champhai,Urban,40-49,79,34,45,7,4,3,15,5,10,10,3,7,9,5,4,15,6,9,6,2,4,5,3,2,12,6,6
15337,C4920,15,284,District-Champhai,Urban,50-59,71,36,35,5,3,2,16,6,10,8,2,6,5,5,0,12,4,8,4,1,3,6,4,2,15,11,4
15338,C4920,15,284,District-Champhai,Urban,60-69,41,18,23,3,2,1,15,6,9,1,1,0,3,2,1,2,1,1,2,0,2,6,3,3,9,3,6
15339,C4920,15,284,District-Champhai,Urban,70-79,29,13,16,5,1,4,7,3,4,1,0,1,2,0,2,1,0,1,0,0,0,6,6,0,7,3,4
15340,C4920,15,284,District-Champhai,Urban,80-89,7,4,3,2,0,2,3,3,0,1,1,0,0,0,0,1,0,1,0,0,0,0,0,0,0,0,0
15341,C4920,15,284,District-Champhai,Urban,90+,3,0,3,2,0,2,0,0,0,0,0,0,0,0,0,0,0,0,0,0,0,0,0,0,1,0,1
15342,C4920,15,284,District-Champhai,Urban,Age Not Stated,0,0,0,0,0,0,0,0,0,0,0,0,0,0,0,0,0,0,0,0,0,0,0,0,0,0,0
15343,C4920,15,285,District-Serchhip,Total,Total,991,499,492,135,71,64,228,115,113,72,33,39,157,80,77,95,49,46,31,15,16,100,52,48,173,84,89
15344,C4920,15,285,District-Serchhip,Total,0-4,33,19,14,3,2,1,6,3,3,0,0,0,8,4,4,0,0,0,0,0,0,12,9,3,4,1,3
15345,C4920,15,285,District-Serchhip,Total,5-9,66,26,40,18,8,10,6,3,3,7,2,5,6,1,5,5,1,4,0,0,0,8,2,6,16,9,7
15346,C4920,15,285,District-Serchhip,Total,10-19,121,61,60,32,18,14,15,6,9,9,5,4,15,8,7,21,11,10,2,1,1,13,6,7,14,6,8
15347,C4920,15,285,District-Serchhip,Total,20-29,117,67,50,14,4,10,22,12,10,8,6,2,18,11,7,13,8,5,9,6,3,10,6,4,23,14,9
15348,C4920,15,285,District-Serchhip,Total,30-39,119,62,57,2,2,0,24,8,16,9,7,2,22,13,9,17,10,7,6,2,4,18,8,10,21,12,9
15349,C4920,15,285,District-Serchhip,Total,40-49,160,77,83,17,10,7,39,17,22,19,8,11,23,12,11,18,10,8,6,1,5,12,6,6,26,13,13
15350,C4920,15,285,District-Serchhip,Total,50-59,148,75,73,15,10,5,48,25,23,13,3,10,22,13,9,10,3,7,6,3,3,11,6,5,23,12,11
15351,C4920,15,285,District-Serchhip,Total,60-69,110,55,55,15,7,8,31,19,12,5,2,3,18,6,12,10,6,4,2,2,0,8,5,3,21,8,13
15352,C4920,15,285,District-Serchhip,Total,70-79,77,36,41,15,8,7,24,12,12,1,0,1,16,7,9,1,0,1,0,0,0,6,4,2,14,5,9
15353,C4920,15,285,District-Serchhip,Total,80-89,34,18,16,3,1,2,10,8,2,1,0,1,9,5,4,0,0,0,0,0,0,1,0,1,10,4,6
15354,C4920,15,285,District-Serchhip,Total,90+,4,2,2,0,0,0,3,2,1,0,0,0,0,0,0,0,0,0,0,0,0,0,0,0,1,0,1
15355,C4920,15,285,District-Serchhip,Total,Age Not Stated,2,1,1,1,1,0,0,0,0,0,0,0,0,0,0,0,0,0,0,0,0,1,0,1,0,0,0
15356,C4920,15,285,District-Serchhip,Rural,Total,605,287,318,81,43,38,150,65,85,52,23,29,85,41,44,59,27,32,19,10,9,55,29,26,104,49,55
15357,C4920,15,285,District-Serchhip,Rural,0-4,20,12,8,2,1,1,5,2,3,0,0,0,3,2,1,0,0,0,0,0,0,6,6,0,4,1,3
15358,C4920,15,285,District-Serchhip,Rural,5-9,42,19,23,9,6,3,2,0,2,5,2,3,5,1,4,3,0,3,0,0,0,7,2,5,11,8,3
15359,C4920,15,285,District-Serchhip,Rural,10-19,72,35,37,18,9,9,7,3,4,7,5,2,7,3,4,16,8,8,2,1,1,6,3,3,9,3,6
15360,C4920,15,285,District-Serchhip,Rural,20-29,69,34,35,6,1,5,14,4,10,5,4,1,12,8,4,6,2,4,6,4,2,5,1,4,15,10,5
15361,C4920,15,285,District-Serchhip,Rural,30-39,69,31,38,2,2,0,17,4,13,7,5,2,11,6,5,11,6,5,2,0,2,9,4,5,10,4,6
15362,C4920,15,285,District-Serchhip,Rural,40-49,91,45,46,9,5,4,24,10,14,11,4,7,13,7,6,12,7,5,2,1,1,7,4,3,13,7,6
15363,C4920,15,285,District-Serchhip,Rural,50-59,95,44,51,12,8,4,35,18,17,10,1,9,9,3,6,5,1,4,6,3,3,7,4,3,11,6,5
15364,C4920,15,285,District-Serchhip,Rural,60-69,67,34,33,10,5,5,23,13,10,5,2,3,10,5,5,5,3,2,1,1,0,3,3,0,10,2,8
15365,C4920,15,285,District-Serchhip,Rural,70-79,51,19,32,10,5,5,14,5,9,1,0,1,9,3,6,1,0,1,0,0,0,4,2,2,12,4,8
15366,C4920,15,285,District-Serchhip,Rural,80-89,26,13,13,3,1,2,7,5,2,1,0,1,6,3,3,0,0,0,0,0,0,1,0,1,8,4,4
15367,C4920,15,285,District-Serchhip,Rural,90+,3,1,2,0,0,0,2,1,1,0,0,0,0,0,0,0,0,0,0,0,0,0,0,0,1,0,1
15368,C4920,15,285,District-Serchhip,Rural,Age Not Stated,0,0,0,0,0,0,0,0,0,0,0,0,0,0,0,0,0,0,0,0,0,0,0,0,0,0,0
15369,C4920,15,285,District-Serchhip,Urban,Total,386,212,174,54,28,26,78,50,28,20,10,10,72,39,33,36,22,14,12,5,7,45,23,22,69,35,34
15370,C4920,15,285,District-Serchhip,Urban,0-4,13,7,6,1,1,0,1,1,0,0,0,0,5,2,3,0,0,0,0,0,0,6,3,3,0,0,0
15371,C4920,15,285,District-Serchhip,Urban,5-9,24,7,17,9,2,7,4,3,1,2,0,2,1,0,1,2,1,1,0,0,0,1,0,1,5,1,4
15372,C4920,15,285,District-Serchhip,Urban,10-19,49,26,23,14,9,5,8,3,5,2,0,2,8,5,3,5,3,2,0,0,0,7,3,4,5,3,2
15373,C4920,15,285,District-Serchhip,Urban,20-29,48,33,15,8,3,5,8,8,0,3,2,1,6,3,3,7,6,1,3,2,1,5,5,0,8,4,4
15374,C4920,15,285,District-Serchhip,Urban,30-39,50,31,19,0,0,0,7,4,3,2,2,0,11,7,4,6,4,2,4,2,2,9,4,5,11,8,3
15375,C4920,15,285,District-Serchhip,Urban,40-49,69,32,37,8,5,3,15,7,8,8,4,4,10,5,5,6,3,3,4,0,4,5,2,3,13,6,7
15376,C4920,15,285,District-Serchhip,Urban,50-59,53,31,22,3,2,1,13,7,6,3,2,1,13,10,3,5,2,3,0,0,0,4,2,2,12,6,6
15377,C4920,15,285,District-Serchhip,Urban,60-69,43,21,22,5,2,3,8,6,2,0,0,0,8,1,7,5,3,2,1,1,0,5,2,3,11,6,5
15378,C4920,15,285,District-Serchhip,Urban,70-79,26,17,9,5,3,2,10,7,3,0,0,0,7,4,3,0,0,0,0,0,0,2,2,0,2,1,1
15379,C4920,15,285,District-Serchhip,Urban,80-89,8,5,3,0,0,0,3,3,0,0,0,0,3,2,1,0,0,0,0,0,0,0,0,0,2,0,2
15380,C4920,15,285,District-Serchhip,Urban,90+,1,1,0,0,0,0,1,1,0,0,0,0,0,0,0,0,0,0,0,0,0,0,0,0,0,0,0
15381,C4920,15,285,District-Serchhip,Urban,Age Not Stated,2,1,1,1,1,0,0,0,0,0,0,0,0,0,0,0,0,0,0,0,0,1,0,1,0,0,0
15382,C4920,15,286,District-Lunglei,Total,Total,1859,1040,819,227,122,105,433,239,194,175,96,79,210,132,78,174,108,66,103,45,58,236,129,107,301,169,132
15383,C4920,15,286,District-Lunglei,Total,0-4,56,26,30,12,5,7,12,6,6,2,0,2,6,4,2,4,1,3,0,0,0,15,6,9,5,4,1
15384,C4920,15,286,District-Lunglei,Total,5-9,120,80,40,16,11,5,17,10,7,20,13,7,11,7,4,11,10,1,8,5,3,22,13,9,15,11,4
15385,C4920,15,286,District-Lunglei,Total,10-19,265,161,104,32,20,12,44,21,23,21,12,9,32,21,11,33,23,10,15,10,5,45,25,20,43,29,14
15386,C4920,15,286,District-Lunglei,Total,20-29,265,143,122,27,13,14,37,22,15,32,17,15,31,19,12,38,25,13,21,9,12,42,17,25,37,21,16
15387,C4920,15,286,District-Lunglei,Total,30-39,275,142,133,22,12,10,60,31,29,27,12,15,30,18,12,34,22,12,20,5,15,35,21,14,47,21,26
15388,C4920,15,286,District-Lunglei,Total,40-49,274,162,112,31,17,14,68,38,30,28,18,10,30,22,8,24,14,10,14,6,8,35,22,13,44,25,19
15389,C4920,15,286,District-Lunglei,Total,50-59,238,138,100,24,16,8,59,37,22,20,13,7,33,21,12,15,6,9,14,6,8,25,14,11,48,25,23
15390,C4920,15,286,District-Lunglei,Total,60-69,168,97,71,27,14,13,50,32,18,16,6,10,20,14,6,8,5,3,7,4,3,9,5,4,31,17,14
15391,C4920,15,286,District-Lunglei,Total,70-79,119,51,68,15,4,11,53,25,28,8,4,4,15,5,10,6,2,4,2,0,2,4,3,1,16,8,8
15392,C4920,15,286,District-Lunglei,Total,80-89,59,33,26,20,10,10,24,14,10,1,1,0,2,1,1,1,0,1,1,0,1,3,2,1,7,5,2
15393,C4920,15,286,District-Lunglei,Total,90+,19,7,12,1,0,1,9,3,6,0,0,0,0,0,0,0,0,0,0,0,0,1,1,0,8,3,5
15394,C4920,15,286,District-Lunglei,Total,Age Not Stated,1,0,1,0,0,0,0,0,0,0,0,0,0,0,0,0,0,0,1,0,1,0,0,0,0,0,0
15395,C4920,15,286,District-Lunglei,Rural,Total,1307,720,587,168,95,73,319,163,156,131,71,60,143,93,50,110,65,45,65,29,36,160,85,75,211,119,92
15396,C4920,15,286,District-Lunglei,Rural,0-4,41,20,21,8,2,6,11,6,5,2,0,2,4,3,1,3,1,2,0,0,0,9,4,5,4,4,0
15397,C4920,15,286,District-Lunglei,Rural,5-9,86,53,33,9,5,4,16,9,7,12,8,4,8,5,3,10,9,1,6,3,3,17,9,8,8,5,3
15398,C4920,15,286,District-Lunglei,Rural,10-19,187,117,70,26,18,8,33,17,16,16,8,8,26,18,8,16,11,5,11,8,3,31,18,13,28,19,9
15399,C4920,15,286,District-Lunglei,Rural,20-29,182,92,90,19,10,9,26,15,11,28,16,12,19,11,8,26,15,11,12,4,8,25,8,17,27,13,14
15400,C4920,15,286,District-Lunglei,Rural,30-39,181,88,93,17,10,7,36,11,25,21,10,11,19,12,7,21,14,7,12,3,9,25,14,11,30,14,16
15401,C4920,15,286,District-Lunglei,Rural,40-49,176,107,69,22,14,8,44,23,21,20,14,6,16,14,2,13,7,6,10,4,6,21,14,7,30,17,13
15402,C4920,15,286,District-Lunglei,Rural,50-59,173,103,70,17,12,5,48,30,18,13,7,6,22,14,8,10,4,6,7,3,4,20,11,9,36,22,14
15403,C4920,15,286,District-Lunglei,Rural,60-69,132,74,58,24,13,11,39,22,17,12,4,8,17,12,5,5,2,3,5,4,1,7,4,3,23,13,10
15404,C4920,15,286,District-Lunglei,Rural,70-79,92,40,52,10,4,6,42,18,24,6,3,3,11,3,8,5,2,3,0,0,0,4,3,1,14,7,7
15405,C4920,15,286,District-Lunglei,Rural,80-89,45,23,22,15,7,8,20,11,9,1,1,0,1,1,0,1,0,1,1,0,1,1,0,1,5,3,2
15406,C4920,15,286,District-Lunglei,Rural,90+,11,3,8,1,0,1,4,1,3,0,0,0,0,0,0,0,0,0,0,0,0,0,0,0,6,2,4
15407,C4920,15,286,District-Lunglei,Rural,Age Not Stated,1,0,1,0,0,0,0,0,0,0,0,0,0,0,0,0,0,0,1,0,1,0,0,0,0,0,0
15408,C4920,15,286,District-Lunglei,Urban,Total,552,320,232,59,27,32,114,76,38,44,25,19,67,39,28,64,43,21,38,16,22,76,44,32,90,50,40
15409,C4920,15,286,District-Lunglei,Urban,0-4,15,6,9,4,3,1,1,0,1,0,0,0,2,1,1,1,0,1,0,0,0,6,2,4,1,0,1
15410,C4920,15,286,District-Lunglei,Urban,5-9,34,27,7,7,6,1,1,1,0,8,5,3,3,2,1,1,1,0,2,2,0,5,4,1,7,6,1
15411,C4920,15,286,District-Lunglei,Urban,10-19,78,44,34,6,2,4,11,4,7,5,4,1,6,3,3,17,12,5,4,2,2,14,7,7,15,10,5
15412,C4920,15,286,District-Lunglei,Urban,20-29,83,51,32,8,3,5,11,7,4,4,1,3,12,8,4,12,10,2,9,5,4,17,9,8,10,8,2
15413,C4920,15,286,District-Lunglei,Urban,30-39,94,54,40,5,2,3,24,20,4,6,2,4,11,6,5,13,8,5,8,2,6,10,7,3,17,7,10
15414,C4920,15,286,District-Lunglei,Urban,40-49,98,55,43,9,3,6,24,15,9,8,4,4,14,8,6,11,7,4,4,2,2,14,8,6,14,8,6
15415,C4920,15,286,District-Lunglei,Urban,50-59,65,35,30,7,4,3,11,7,4,7,6,1,11,7,4,5,2,3,7,3,4,5,3,2,12,3,9
15416,C4920,15,286,District-Lunglei,Urban,60-69,36,23,13,3,1,2,11,10,1,4,2,2,3,2,1,3,3,0,2,0,2,2,1,1,8,4,4
15417,C4920,15,286,District-Lunglei,Urban,70-79,27,11,16,5,0,5,11,7,4,2,1,1,4,2,2,1,0,1,2,0,2,0,0,0,2,1,1
15418,C4920,15,286,District-Lunglei,Urban,80-89,14,10,4,5,3,2,4,3,1,0,0,0,1,0,1,0,0,0,0,0,0,2,2,0,2,2,0
15419,C4920,15,286,District-Lunglei,Urban,90+,8,4,4,0,0,0,5,2,3,0,0,0,0,0,0,0,0,0,0,0,0,1,1,0,2,1,1
15420,C4920,15,286,District-Lunglei,Urban,Age Not Stated,0,0,0,0,0,0,0,0,0,0,0,0,0,0,0,0,0,0,0,0,0,0,0,0,0,0,0
15421,C4920,15,287,District-Lawngtlai,Total,Total,1498,839,659,231,126,105,301,170,131,124,78,46,235,145,90,147,76,71,87,47,40,214,123,91,159,74,85
15422,C4920,15,287,District-Lawngtlai,Total,0-4,78,49,29,13,7,6,11,6,5,3,2,1,7,6,1,12,8,4,2,2,0,24,16,8,6,2,4
15423,C4920,15,287,District-Lawngtlai,Total,5-9,119,74,45,20,14,6,23,12,11,10,7,3,6,4,2,16,9,7,11,6,5,20,15,5,13,7,6
15424,C4920,15,287,District-Lawngtlai,Total,10-19,302,189,113,36,26,10,49,32,17,41,29,12,42,27,15,28,14,14,20,11,9,52,31,21,34,19,15
15425,C4920,15,287,District-Lawngtlai,Total,20-29,249,137,112,34,19,15,41,22,19,28,14,14,34,19,15,41,21,20,17,11,6,29,16,13,25,15,10
15426,C4920,15,287,District-Lawngtlai,Total,30-39,185,106,79,33,15,18,47,27,20,16,11,5,23,18,5,20,11,9,13,8,5,22,11,11,11,5,6
15427,C4920,15,287,District-Lawngtlai,Total,40-49,190,107,83,28,18,10,32,17,15,9,6,3,44,29,15,19,8,11,15,7,8,26,15,11,17,7,10
15428,C4920,15,287,District-Lawngtlai,Total,50-59,126,65,61,26,12,14,28,14,14,9,6,3,28,17,11,3,1,2,4,0,4,18,11,7,10,4,6
15429,C4920,15,287,District-Lawngtlai,Total,60-69,118,57,61,18,8,10,31,18,13,3,1,2,26,17,9,6,2,4,3,1,2,13,5,8,18,5,13
15430,C4920,15,287,District-Lawngtlai,Total,70-79,92,35,57,16,4,12,23,12,11,5,2,3,17,5,12,2,2,0,1,0,1,10,3,7,18,7,11
15431,C4920,15,287,District-Lawngtlai,Total,80-89,30,15,15,6,3,3,11,6,5,0,0,0,8,3,5,0,0,0,1,1,0,0,0,0,4,2,2
15432,C4920,15,287,District-Lawngtlai,Total,90+,9,5,4,1,0,1,5,4,1,0,0,0,0,0,0,0,0,0,0,0,0,0,0,0,3,1,2
15433,C4920,15,287,District-Lawngtlai,Total,Age Not Stated,0,0,0,0,0,0,0,0,0,0,0,0,0,0,0,0,0,0,0,0,0,0,0,0,0,0,0
15434,C4920,15,287,District-Lawngtlai,Rural,Total,1249,703,546,186,103,83,251,142,109,96,60,36,197,121,76,120,64,56,72,38,34,190,108,82,137,67,70
15435,C4920,15,287,District-Lawngtlai,Rural,0-4,65,39,26,9,5,4,8,4,4,3,2,1,6,5,1,11,7,4,1,1,0,22,14,8,5,1,4
15436,C4920,15,287,District-Lawngtlai,Rural,5-9,100,67,33,17,12,5,18,11,7,7,6,1,6,4,2,15,8,7,10,5,5,18,14,4,9,7,2
15437,C4920,15,287,District-Lawngtlai,Rural,10-19,259,163,96,27,20,7,41,27,14,35,24,11,35,24,11,25,13,12,19,11,8,47,27,20,30,17,13
15438,C4920,15,287,District-Lawngtlai,Rural,20-29,220,122,98,28,16,12,39,21,18,22,11,11,30,17,13,36,19,17,15,9,6,26,14,12,24,15,9
15439,C4920,15,287,District-Lawngtlai,Rural,30-39,136,76,60,26,11,15,37,21,16,11,7,4,19,14,5,11,6,5,8,4,4,16,8,8,8,5,3
15440,C4920,15,287,District-Lawngtlai,Rural,40-49,153,88,65,21,15,6,28,15,13,6,4,2,34,21,13,12,6,6,13,7,6,24,13,11,15,7,8
15441,C4920,15,287,District-Lawngtlai,Rural,50-59,104,55,49,22,11,11,22,10,12,6,4,2,22,14,8,3,1,2,3,0,3,18,11,7,8,4,4
15442,C4920,15,287,District-Lawngtlai,Rural,60-69,98,47,51,14,6,8,27,17,10,1,0,1,24,15,9,5,2,3,2,0,2,10,4,6,15,3,12
15443,C4920,15,287,District-Lawngtlai,Rural,70-79,81,31,50,15,4,11,20,10,10,5,2,3,14,5,9,2,2,0,0,0,0,9,3,6,16,5,11
15444,C4920,15,287,District-Lawngtlai,Rural,80-89,25,11,14,6,3,3,7,3,4,0,0,0,7,2,5,0,0,0,1,1,0,0,0,0,4,2,2
15445,C4920,15,287,District-Lawngtlai,Rural,90+,8,4,4,1,0,1,4,3,1,0,0,0,0,0,0,0,0,0,0,0,0,0,0,0,3,1,2
15446,C4920,15,287,District-Lawngtlai,Rural,Age Not Stated,0,0,0,0,0,0,0,0,0,0,0,0,0,0,0,0,0,0,0,0,0,0,0,0,0,0,0
15447,C4920,15,287,District-Lawngtlai,Urban,Total,249,136,113,45,23,22,50,28,22,28,18,10,38,24,14,27,12,15,15,9,6,24,15,9,22,7,15
15448,C4920,15,287,District-Lawngtlai,Urban,0-4,13,10,3,4,2,2,3,2,1,0,0,0,1,1,0,1,1,0,1,1,0,2,2,0,1,1,0
15449,C4920,15,287,District-Lawngtlai,Urban,5-9,19,7,12,3,2,1,5,1,4,3,1,2,0,0,0,1,1,0,1,1,0,2,1,1,4,0,4
15450,C4920,15,287,District-Lawngtlai,Urban,10-19,43,26,17,9,6,3,8,5,3,6,5,1,7,3,4,3,1,2,1,0,1,5,4,1,4,2,2
15451,C4920,15,287,District-Lawngtlai,Urban,20-29,29,15,14,6,3,3,2,1,1,6,3,3,4,2,2,5,2,3,2,2,0,3,2,1,1,0,1
15452,C4920,15,287,District-Lawngtlai,Urban,30-39,49,30,19,7,4,3,10,6,4,5,4,1,4,4,0,9,5,4,5,4,1,6,3,3,3,0,3
15453,C4920,15,287,District-Lawngtlai,Urban,40-49,37,19,18,7,3,4,4,2,2,3,2,1,10,8,2,7,2,5,2,0,2,2,2,0,2,0,2
15454,C4920,15,287,District-Lawngtlai,Urban,50-59,22,10,12,4,1,3,6,4,2,3,2,1,6,3,3,0,0,0,1,0,1,0,0,0,2,0,2
15455,C4920,15,287,District-Lawngtlai,Urban,60-69,20,10,10,4,2,2,4,1,3,2,1,1,2,2,0,1,0,1,1,1,0,3,1,2,3,2,1
15456,C4920,15,287,District-Lawngtlai,Urban,70-79,11,4,7,1,0,1,3,2,1,0,0,0,3,0,3,0,0,0,1,0,1,1,0,1,2,2,0
15457,C4920,15,287,District-Lawngtlai,Urban,80-89,5,4,1,0,0,0,4,3,1,0,0,0,1,1,0,0,0,0,0,0,0,0,0,0,0,0,0
15458,C4920,15,287,District-Lawngtlai,Urban,90+,1,1,0,0,0,0,1,1,0,0,0,0,0,0,0,0,0,0,0,0,0,0,0,0,0,0,0
15459,C4920,15,287,District-Lawngtlai,Urban,Age Not Stated,0,0,0,0,0,0,0,0,0,0,0,0,0,0,0,0,0,0,0,0,0,0,0,0,0,0,0
15460,C4920,15,288,District-Saiha,Total,Total,902,467,435,126,62,64,182,84,98,69,39,30,103,57,46,82,41,41,63,31,32,174,93,81,103,60,43
15461,C4920,15,288,District-Saiha,Total,0-4,32,17,15,7,2,5,3,1,2,0,0,0,6,4,2,1,1,0,1,1,0,11,6,5,3,2,1
15462,C4920,15,288,District-Saiha,Total,5-9,71,39,32,17,7,10,12,6,6,6,2,4,9,5,4,2,1,1,3,2,1,12,10,2,10,6,4
15463,C4920,15,288,District-Saiha,Total,10-19,165,88,77,19,10,9,31,14,17,21,15,6,23,10,13,19,9,10,13,5,8,19,10,9,20,15,5
15464,C4920,15,288,District-Saiha,Total,20-29,141,68,73,14,6,8,23,11,12,10,5,5,15,9,6,20,10,10,12,9,3,29,11,18,18,7,11
15465,C4920,15,288,District-Saiha,Total,30-39,118,69,49,16,12,4,20,13,7,11,7,4,9,7,2,15,9,6,13,6,7,24,11,13,10,4,6
15466,C4920,15,288,District-Saiha,Total,40-49,106,54,52,9,4,5,19,7,12,8,5,3,15,8,7,11,5,6,7,4,3,20,10,10,17,11,6
15467,C4920,15,288,District-Saiha,Total,50-59,105,54,51,12,7,5,23,9,14,10,4,6,14,10,4,3,1,2,7,2,5,24,14,10,12,7,5
15468,C4920,15,288,District-Saiha,Total,60-69,83,40,43,13,6,7,23,10,13,3,1,2,10,4,6,9,4,5,4,1,3,13,10,3,8,4,4
15469,C4920,15,288,District-Saiha,Total,70-79,51,25,26,11,5,6,16,8,8,0,0,0,2,0,2,2,1,1,3,1,2,14,8,6,3,2,1
15470,C4920,15,288,District-Saiha,Total,80-89,27,11,16,7,2,5,11,5,6,0,0,0,0,0,0,0,0,0,0,0,0,8,3,5,1,1,0
15471,C4920,15,288,District-Saiha,Total,90+,2,1,1,0,0,0,1,0,1,0,0,0,0,0,0,0,0,0,0,0,0,0,0,0,1,1,0
15472,C4920,15,288,District-Saiha,Total,Age Not Stated,1,1,0,1,1,0,0,0,0,0,0,0,0,0,0,0,0,0,0,0,0,0,0,0,0,0,0
15473,C4920,15,288,District-Saiha,Rural,Total,629,315,314,85,38,47,120,47,73,51,33,18,82,47,35,49,25,24,38,16,22,136,69,67,68,40,28
15474,C4920,15,288,District-Saiha,Rural,0-4,24,12,12,4,1,3,2,0,2,0,0,0,5,3,2,0,0,0,1,1,0,9,5,4,3,2,1
15475,C4920,15,288,District-Saiha,Rural,5-9,50,28,22,12,5,7,9,4,5,3,2,1,9,5,4,1,1,0,2,1,1,7,6,1,7,4,3
15476,C4920,15,288,District-Saiha,Rural,10-19,105,60,45,14,6,8,19,8,11,16,12,4,16,9,7,12,7,5,6,2,4,9,6,3,13,10,3
15477,C4920,15,288,District-Saiha,Rural,20-29,94,42,52,7,3,4,16,8,8,6,3,3,12,7,5,13,7,6,8,5,3,22,5,17,10,4,6
15478,C4920,15,288,District-Saiha,Rural,30-39,75,40,35,11,7,4,9,5,4,9,6,3,7,6,1,8,4,4,4,1,3,21,10,11,6,1,5
15479,C4920,15,288,District-Saiha,Rural,40-49,78,39,39,6,2,4,10,3,7,8,5,3,12,6,6,6,2,4,4,2,2,18,9,9,14,10,4
15480,C4920,15,288,District-Saiha,Rural,50-59,76,39,37,6,3,3,17,6,11,7,4,3,11,7,4,2,1,1,6,2,4,20,12,8,7,4,3
15481,C4920,15,288,District-Saiha,Rural,60-69,66,30,36,12,5,7,17,6,11,2,1,1,9,4,5,6,3,3,4,1,3,11,8,3,5,2,3
15482,C4920,15,288,District-Saiha,Rural,70-79,38,17,21,7,4,3,12,4,8,0,0,0,1,0,1,1,0,1,3,1,2,12,6,6,2,2,0
15483,C4920,15,288,District-Saiha,Rural,80-89,20,6,14,5,1,4,8,3,5,0,0,0,0,0,0,0,0,0,0,0,0,7,2,5,0,0,0
15484,C4920,15,288,District-Saiha,Rural,90+,2,1,1,0,0,0,1,0,1,0,0,0,0,0,0,0,0,0,0,0,0,0,0,0,1,1,0
15485,C4920,15,288,District-Saiha,Rural,Age Not Stated,1,1,0,1,1,0,0,0,0,0,0,0,0,0,0,0,0,0,0,0,0,0,0,0,0,0,0
15486,C4920,15,288,District-Saiha,Urban,Total,273,152,121,41,24,17,62,37,25,18,6,12,21,10,11,33,16,17,25,15,10,38,24,14,35,20,15
15487,C4920,15,288,District-Saiha,Urban,0-4,8,5,3,3,1,2,1,1,0,0,0,0,1,1,0,1,1,0,0,0,0,2,1,1,0,0,0
15488,C4920,15,288,District-Saiha,Urban,5-9,21,11,10,5,2,3,3,2,1,3,0,3,0,0,0,1,0,1,1,1,0,5,4,1,3,2,1
15489,C4920,15,288,District-Saiha,Urban,10-19,60,28,32,5,4,1,12,6,6,5,3,2,7,1,6,7,2,5,7,3,4,10,4,6,7,5,2
15490,C4920,15,288,District-Saiha,Urban,20-29,47,26,21,7,3,4,7,3,4,4,2,2,3,2,1,7,3,4,4,4,0,7,6,1,8,3,5
15491,C4920,15,288,District-Saiha,Urban,30-39,43,29,14,5,5,0,11,8,3,2,1,1,2,1,1,7,5,2,9,5,4,3,1,2,4,3,1
15492,C4920,15,288,District-Saiha,Urban,40-49,28,15,13,3,2,1,9,4,5,0,0,0,3,2,1,5,3,2,3,2,1,2,1,1,3,1,2
15493,C4920,15,288,District-Saiha,Urban,50-59,29,15,14,6,4,2,6,3,3,3,0,3,3,3,0,1,0,1,1,0,1,4,2,2,5,3,2
15494,C4920,15,288,District-Saiha,Urban,60-69,17,10,7,1,1,0,6,4,2,1,0,1,1,0,1,3,1,2,0,0,0,2,2,0,3,2,1
15495,C4920,15,288,District-Saiha,Urban,70-79,13,8,5,4,1,3,4,4,0,0,0,0,1,0,1,1,1,0,0,0,0,2,2,0,1,0,1
15496,C4920,15,288,District-Saiha,Urban,80-89,7,5,2,2,1,1,3,2,1,0,0,0,0,0,0,0,0,0,0,0,0,1,1,0,1,1,0
15497,C4920,15,288,District-Saiha,Urban,90+,0,0,0,0,0,0,0,0,0,0,0,0,0,0,0,0,0,0,0,0,0,0,0,0,0,0,0
15498,C4920,15,288,District-Saiha,Urban,Age Not Stated,0,0,0,0,0,0,0,0,0,0,0,0,0,0,0,0,0,0,0,0,0,0,0,0,0,0,0
15499,C4920,34,0,State-PUDUCHERRY,Total,0-4,780,415,365,71,38,33,190,89,101,19,11,8,85,44,41,90,48,42,2,0,2,266,149,117,57,36,21
15500,C4920,34,0,State-PUDUCHERRY,Total,5-9,1343,795,548,107,60,47,249,142,107,141,73,68,209,135,74,242,162,80,6,3,3,251,139,112,138,81,57
15501,C4920,34,0,State-PUDUCHERRY,Total,10-19,3368,1905,1463,340,183,157,521,276,245,305,160,145,594,369,225,619,361,258,54,30,24,537,285,252,398,241,157
15502,C4920,34,0,State-PUDUCHERRY,Total,20-29,4456,2414,2042,366,200,166,695,359,336,354,174,180,1314,764,550,510,291,219,114,67,47,698,338,360,405,221,184
15503,C4920,34,0,State-PUDUCHERRY,Total,30-39,5104,2782,2322,445,233,212,883,433,450,361,193,168,1710,1047,663,391,201,190,213,122,91,764,382,382,337,171,166
15504,C4920,34,0,State-PUDUCHERRY,Total,40-49,4634,2670,1964,529,292,237,922,475,447,296,172,124,1588,1009,579,232,109,123,223,110,113,594,353,241,250,150,100
15505,C4920,34,0,State-PUDUCHERRY,Total,50-59,3888,2175,1713,574,312,262,872,407,465,164,85,79,1377,876,501,134,69,65,131,70,61,432,242,190,204,114,90
15506,C4920,34,0,State-PUDUCHERRY,Total,60-69,3353,1714,1639,583,266,317,824,346,478,115,58,57,1154,691,463,76,34,42,71,32,39,346,181,165,184,106,78
15507,C4920,34,0,State-PUDUCHERRY,Total,70-79,2182,1030,1152,389,169,220,662,277,385,47,23,24,721,396,325,31,10,21,30,11,19,173,91,82,129,53,76
15508,C4920,34,0,State-PUDUCHERRY,Total,80-89,886,392,494,169,73,96,281,132,149,16,6,10,262,114,148,8,0,8,8,5,3,56,27,29,86,35,51
15509,C4920,34,0,State-PUDUCHERRY,Total,90+,164,65,99,31,13,18,48,20,28,4,2,2,34,16,18,1,0,1,1,0,1,10,2,8,35,12,23
15510,C4920,34,0,State-PUDUCHERRY,Total,Age Not Stated,31,16,15,4,2,2,5,3,2,2,1,1,6,3,3,1,0,1,0,0,0,10,6,4,3,1,2
15511,C4920,34,0,State-PUDUCHERRY,Rural,Total,10581,5880,4701,1349,672,677,2229,1098,1131,611,339,272,3208,2006,1202,649,363,286,255,138,117,1558,846,712,722,418,304
15512,C4920,34,0,State-PUDUCHERRY,Rural,0-4,282,145,137,33,14,19,73,35,38,5,2,3,31,15,16,26,16,10,1,0,1,96,53,43,17,10,7
15513,C4920,34,0,State-PUDUCHERRY,Rural,5-9,439,260,179,35,22,13,76,43,33,41,24,17,71,44,27,69,45,24,5,3,2,107,58,49,35,21,14
15514,C4920,34,0,State-PUDUCHERRY,Rural,10-19,1205,689,516,144,75,69,182,97,85,111,60,51,207,132,75,194,114,80,14,4,10,214,121,93,139,86,53
15515,C4920,34,0,State-PUDUCHERRY,Rural,20-29,1634,915,719,133,70,63,293,161,132,130,70,60,473,289,184,131,76,55,34,24,10,290,141,149,150,84,66
15516,C4920,34,0,State-PUDUCHERRY,Rural,30-39,1738,949,789,162,80,82,315,157,158,122,69,53,601,363,238,108,48,60,72,43,29,264,136,128,94,53,41
15517,C4920,34,0,State-PUDUCHERRY,Rural,40-49,1662,975,687,205,110,95,346,171,175,94,55,39,588,380,208,64,34,30,66,35,31,210,130,80,89,60,29
15518,C4920,34,0,State-PUDUCHERRY,Rural,50-59,1347,770,577,200,104,96,320,159,161,53,27,26,479,317,162,38,20,18,32,17,15,158,92,66,67,34,33
15519,C4920,34,0,State-PUDUCHERRY,Rural,60-69,1163,622,541,225,100,125,275,115,160,31,17,14,412,268,144,15,8,7,24,9,15,128,72,56,53,33,20
15520,C4920,34,0,State-PUDUCHERRY,Rural,70-79,755,374,381,139,64,75,236,100,136,17,11,6,246,141,105,3,2,1,6,3,3,60,27,33,48,26,22
15521,C4920,34,0,State-PUDUCHERRY,Rural,80-89,291,151,140,60,28,32,95,49,46,5,3,2,81,48,33,1,0,1,0,0,0,24,14,10,25,9,16
15522,C4920,34,0,State-PUDUCHERRY,Rural,90+,53,24,29,11,4,7,15,8,7,1,1,0,16,8,8,0,0,0,1,0,1,4,1,3,5,2,3
15523,C4920,34,0,State-PUDUCHERRY,Rural,Age Not Stated,12,6,6,2,1,1,3,3,0,1,0,1,3,1,2,0,0,0,0,0,0,3,1,2,0,0,0
15524,C4920,34,0,State-PUDUCHERRY,Urban,Total,19608,10493,9115,2259,1169,1090,3923,1861,2062,1213,619,594,5846,3458,2388,1686,922,764,598,312,286,2579,1349,1230,1504,803,701
15525,C4920,34,0,State-PUDUCHERRY,Urban,0-4,498,270,228,38,24,14,117,54,63,14,9,5,54,29,25,64,32,32,1,0,1,170,96,74,40,26,14
15526,C4920,34,0,State-PUDUCHERRY,Urban,5-9,904,535,369,72,38,34,173,99,74,100,49,51,138,91,47,173,117,56,1,0,1,144,81,63,103,60,43
15527,C4920,34,0,State-PUDUCHERRY,Urban,10-19,2163,1216,947,196,108,88,339,179,160,194,100,94,387,237,150,425,247,178,40,26,14,323,164,159,259,155,104
15528,C4920,34,0,State-PUDUCHERRY,Urban,20-29,2822,1499,1323,233,130,103,402,198,204,224,104,120,841,475,366,379,215,164,80,43,37,408,197,211,255,137,118
15529,C4920,34,0,State-PUDUCHERRY,Urban,30-39,3366,1833,1533,283,153,130,568,276,292,239,124,115,1109,684,425,283,153,130,141,79,62,500,246,254,243,118,125
15530,C4920,34,0,State-PUDUCHERRY,Urban,40-49,2972,1695,1277,324,182,142,576,304,272,202,117,85,1000,629,371,168,75,93,157,75,82,384,223,161,161,90,71
15531,C4920,34,0,State-PUDUCHERRY,Urban,50-59,2541,1405,1136,374,208,166,552,248,304,111,58,53,898,559,339,96,49,47,99,53,46,274,150,124,137,80,57
15532,C4920,34,0,State-PUDUCHERRY,Urban,60-69,2190,1092,1098,358,166,192,549,231,318,84,41,43,742,423,319,61,26,35,47,23,24,218,109,109,131,73,58
15533,C4920,34,0,State-PUDUCHERRY,Urban,70-79,1427,656,771,250,105,145,426,177,249,30,12,18,475,255,220,28,8,20,24,8,16,113,64,49,81,27,54
15534,C4920,34,0,State-PUDUCHERRY,Urban,80-89,595,241,354,109,45,64,186,83,103,11,3,8,181,66,115,7,0,7,8,5,3,32,13,19,61,26,35
15535,C4920,34,0,State-PUDUCHERRY,Urban,90+,111,41,70,20,9,11,33,12,21,3,1,2,18,8,10,1,0,1,0,0,0,6,1,5,30,10,20
15536,C4920,34,0,State-PUDUCHERRY,Urban,Age Not Stated,19,10,9,2,1,1,2,0,2,1,1,0,3,2,1,1,0,1,0,0,0,7,5,2,3,1,2
15537,C4920,34,634,District-Yanam,Total,Total,1293,723,570,183,88,95,150,78,72,85,45,40,506,309,197,72,40,32,44,21,23,126,69,57,127,73,54
15538,C4920,34,634,District-Yanam,Total,0-4,27,13,14,2,1,1,0,0,0,2,2,0,11,4,7,0,0,0,0,0,0,8,2,6,4,4,0
15539,C4920,34,634,District-Yanam,Total,5-9,76,47,29,5,4,1,7,5,2,14,5,9,21,14,7,9,7,2,0,0,0,9,5,4,11,7,4
15540,C4920,34,634,District-Yanam,Total,10-19,219,126,93,14,6,8,16,9,7,31,16,15,69,41,28,25,14,11,11,6,5,18,13,5,35,21,14
15541,C4920,34,634,District-Yanam,Total,20-29,216,130,86,14,9,5,23,12,11,8,4,4,94,59,35,17,11,6,9,6,3,21,11,10,30,18,12
15542,C4920,34,634,District-Yanam,Total,30-39,183,102,81,20,6,14,23,15,8,9,5,4,81,53,28,6,1,5,8,3,5,23,11,12,13,8,5
15543,C4920,34,634,District-Yanam,Total,40-49,171,105,66,28,17,11,17,11,6,10,8,2,71,47,24,9,4,5,7,2,5,19,12,7,10,4,6
15544,C4920,34,634,District-Yanam,Total,50-59,131,62,69,24,14,10,18,5,13,4,1,3,61,33,28,3,2,1,3,0,3,10,6,4,8,1,7
15545,C4920,34,634,District-Yanam,Total,60-69,163,90,73,45,21,24,22,11,11,4,1,3,65,42,23,1,0,1,3,3,0,15,7,8,8,5,3
15546,C4920,34,634,District-Yanam,Total,70-79,84,41,43,24,8,16,17,8,9,3,3,0,28,16,12,1,1,0,3,1,2,3,2,1,5,2,3
15547,C4920,34,634,District-Yanam,Total,80-89,20,6,14,5,2,3,6,1,5,0,0,0,5,0,5,1,0,1,0,0,0,0,0,0,3,3,0
15548,C4920,34,634,District-Yanam,Total,90+,3,1,2,2,0,2,1,1,0,0,0,0,0,0,0,0,0,0,0,0,0,0,0,0,0,0,0
15549,C4920,34,634,District-Yanam,Total,Age Not Stated,0,0,0,0,0,0,0,0,0,0,0,0,0,0,0,0,0,0,0,0,0,0,0,0,0,0,0
15550,C4920,34,634,District-Yanam,Rural,Total,0,0,0,0,0,0,0,0,0,0,0,0,0,0,0,0,0,0,0,0,0,0,0,0,0,0,0
15551,C4920,34,634,District-Yanam,Rural,0-4,0,0,0,0,0,0,0,0,0,0,0,0,0,0,0,0,0,0,0,0,0,0,0,0,0,0,0
15552,C4920,34,634,District-Yanam,Rural,5-9,0,0,0,0,0,0,0,0,0,0,0,0,0,0,0,0,0,0,0,0,0,0,0,0,0,0,0
15553,C4920,34,634,District-Yanam,Rural,10-19,0,0,0,0,0,0,0,0,0,0,0,0,0,0,0,0,0,0,0,0,0,0,0,0,0,0,0
15554,C4920,34,634,District-Yanam,Rural,20-29,0,0,0,0,0,0,0,0,0,0,0,0,0,0,0,0,0,0,0,0,0,0,0,0,0,0,0
15555,C4920,34,634,District-Yanam,Rural,30-39,0,0,0,0,0,0,0,0,0,0,0,0,0,0,0,0,0,0,0,0,0,0,0,0,0,0,0
15556,C4920,34,634,District-Yanam,Rural,40-49,0,0,0,0,0,0,0,0,0,0,0,0,0,0,0,0,0,0,0,0,0,0,0,0,0,0,0
15557,C4920,34,634,District-Yanam,Rural,50-59,0,0,0,0,0,0,0,0,0,0,0,0,0,0,0,0,0,0,0,0,0,0,0,0,0,0,0
15558,C4920,34,634,District-Yanam,Rural,60-69,0,0,0,0,0,0,0,0,0,0,0,0,0,0,0,0,0,0,0,0,0,0,0,0,0,0,0
15559,C4920,34,634,District-Yanam,Rural,70-79,0,0,0,0,0,0,0,0,0,0,0,0,0,0,0,0,0,0,0,0,0,0,0,0,0,0,0
15560,C4920,34,634,District-Yanam,Rural,80-89,0,0,0,0,0,0,0,0,0,0,0,0,0,0,0,0,0,0,0,0,0,0,0,0,0,0,0
15561,C4920,34,634,District-Yanam,Rural,90+,0,0,0,0,0,0,0,0,0,0,0,0,0,0,0,0,0,0,0,0,0,0,0,0,0,0,0
15562,C4920,34,634,District-Yanam,Rural,Age Not Stated,0,0,0,0,0,0,0,0,0,0,0,0,0,0,0,0,0,0,0,0,0,0,0,0,0,0,0
15563,C4920,34,634,District-Yanam,Urban,Total,1293,723,570,183,88,95,150,78,72,85,45,40,506,309,197,72,40,32,44,21,23,126,69,57,127,73,54
15564,C4920,34,634,District-Yanam,Urban,0-4,27,13,14,2,1,1,0,0,0,2,2,0,11,4,7,0,0,0,0,0,0,8,2,6,4,4,0
15565,C4920,34,634,District-Yanam,Urban,5-9,76,47,29,5,4,1,7,5,2,14,5,9,21,14,7,9,7,2,0,0,0,9,5,4,11,7,4
15566,C4920,34,634,District-Yanam,Urban,10-19,219,126,93,14,6,8,16,9,7,31,16,15,69,41,28,25,14,11,11,6,5,18,13,5,35,21,14
15567,C4920,34,634,District-Yanam,Urban,20-29,216,130,86,14,9,5,23,12,11,8,4,4,94,59,35,17,11,6,9,6,3,21,11,10,30,18,12
15568,C4920,34,634,District-Yanam,Urban,30-39,183,102,81,20,6,14,23,15,8,9,5,4,81,53,28,6,1,5,8,3,5,23,11,12,13,8,5
15569,C4920,34,634,District-Yanam,Urban,40-49,171,105,66,28,17,11,17,11,6,10,8,2,71,47,24,9,4,5,7,2,5,19,12,7,10,4,6
15570,C4920,34,634,District-Yanam,Urban,50-59,131,62,69,24,14,10,18,5,13,4,1,3,61,33,28,3,2,1,3,0,3,10,6,4,8,1,7
15571,C4920,34,634,District-Yanam,Urban,60-69,163,90,73,45,21,24,22,11,11,4,1,3,65,42,23,1,0,1,3,3,0,15,7,8,8,5,3
15572,C4920,34,634,District-Yanam,Urban,70-79,84,41,43,24,8,16,17,8,9,3,3,0,28,16,12,1,1,0,3,1,2,3,2,1,5,2,3
15573,C4920,34,634,District-Yanam,Urban,80-89,20,6,14,5,2,3,6,1,5,0,0,0,5,0,5,1,0,1,0,0,0,0,0,0,3,3,0
15574,C4920,34,634,District-Yanam,Urban,90+,3,1,2,2,0,2,1,1,0,0,0,0,0,0,0,0,0,0,0,0,0,0,0,0,0,0,0
15575,C4920,34,634,District-Yanam,Urban,Age Not Stated,0,0,0,0,0,0,0,0,0,0,0,0,0,0,0,0,0,0,0,0,0,0,0,0,0,0,0
15576,C4920,34,635,District-Puducherry,Total,Total,23116,12552,10564,2661,1394,1267,4974,2400,2574,1358,709,649,6936,4171,2765,1795,978,817,601,313,288,3201,1722,1479,1590,865,725
15577,C4920,34,635,District-Puducherry,Total,0-4,587,312,275,49,25,24,154,69,85,11,4,7,51,29,22,81,42,39,2,0,2,198,118,80,41,25,16
15578,C4920,34,635,District-Puducherry,Total,5-9,974,579,395,71,38,33,192,110,82,98,53,45,143,96,47,193,130,63,4,2,2,177,97,80,96,53,43
15579,C4920,34,635,District-Puducherry,Total,10-19,2445,1380,1065,245,139,106,405,218,187,214,112,102,416,260,156,467,271,196,36,21,15,394,201,193,268,158,110
15580,C4920,34,635,District-Puducherry,Total,20-29,3441,1852,1589,271,152,119,557,293,264,267,128,139,1030,583,447,399,226,173,81,46,35,546,268,278,290,156,134
15581,C4920,34,635,District-Puducherry,Total,30-39,4046,2211,1835,363,201,162,741,355,386,276,149,127,1341,821,520,295,152,143,159,91,68,616,316,300,255,126,129
15582,C4920,34,635,District-Puducherry,Total,40-49,3581,2058,1523,375,211,164,747,383,364,220,129,91,1246,787,459,175,74,101,167,83,84,465,282,183,186,109,77
15583,C4920,34,635,District-Puducherry,Total,50-59,2999,1697,1302,437,236,201,696,329,367,130,68,62,1068,682,386,90,49,41,83,41,42,339,199,140,156,93,63
15584,C4920,34,635,District-Puducherry,Total,60-69,2520,1296,1224,419,192,227,665,290,375,88,44,44,845,504,341,61,27,34,40,16,24,272,144,128,130,79,51
15585,C4920,34,635,District-Puducherry,Total,70-79,1695,806,889,286,134,152,543,224,319,34,15,19,567,313,254,25,7,18,20,8,12,136,71,65,84,34,50
15586,C4920,34,635,District-Puducherry,Total,80-89,679,302,377,120,55,65,230,110,120,15,5,10,199,82,117,7,0,7,8,5,3,44,20,24,56,25,31
15587,C4920,34,635,District-Puducherry,Total,90+,132,50,82,23,10,13,41,17,24,4,2,2,26,12,14,1,0,1,1,0,1,9,2,7,27,7,20
15588,C4920,34,635,District-Puducherry,Total,Age Not Stated,17,9,8,2,1,1,3,2,1,1,0,1,4,2,2,1,0,1,0,0,0,5,4,1,1,0,1
15589,C4920,34,635,District-Puducherry,Rural,Total,7763,4340,3423,961,495,466,1683,825,858,425,238,187,2439,1518,921,446,254,192,179,92,87,1151,634,517,479,284,195
15590,C4920,34,635,District-Puducherry,Rural,0-4,196,104,92,23,9,14,54,25,29,4,2,2,14,9,5,20,11,9,1,0,1,67,41,26,13,7,6
15591,C4920,34,635,District-Puducherry,Rural,5-9,300,187,113,24,15,9,52,28,24,26,16,10,47,32,15,52,38,14,3,2,1,72,41,31,24,15,9
15592,C4920,34,635,District-Puducherry,Rural,10-19,840,491,349,101,59,42,130,70,60,75,40,35,154,98,56,133,81,52,11,4,7,143,79,64,93,60,33
15593,C4920,34,635,District-Puducherry,Rural,20-29,1244,698,546,97,52,45,231,125,106,91,50,41,389,233,156,91,53,38,27,19,8,220,108,112,98,58,40
15594,C4920,34,635,District-Puducherry,Rural,30-39,1338,727,611,140,73,67,244,117,127,95,53,42,462,280,182,72,32,40,55,28,27,207,109,98,63,35,28
15595,C4920,34,635,District-Puducherry,Rural,40-49,1210,712,498,138,80,58,270,132,138,63,37,26,439,285,154,40,18,22,47,24,23,151,98,53,62,38,24
15596,C4920,34,635,District-Puducherry,Rural,50-59,979,570,409,138,68,70,231,122,109,37,21,16,367,240,127,21,12,9,15,8,7,123,74,49,47,25,22
15597,C4920,34,635,District-Puducherry,Rural,60-69,847,454,393,153,68,85,210,91,119,18,10,8,306,199,107,13,7,6,16,6,10,98,51,47,33,22,11
15598,C4920,34,635,District-Puducherry,Rural,70-79,554,270,284,95,49,46,179,71,108,10,6,4,189,104,85,3,2,1,3,1,2,46,21,25,29,16,13
15599,C4920,34,635,District-Puducherry,Rural,80-89,207,105,102,43,18,25,68,36,32,4,2,2,59,32,27,1,0,1,0,0,0,19,10,9,13,7,6
15600,C4920,34,635,District-Puducherry,Rural,90+,41,18,23,8,3,5,12,6,6,1,1,0,11,6,5,0,0,0,1,0,1,4,1,3,4,1,3
15601,C4920,34,635,District-Puducherry,Rural,Age Not Stated,7,4,3,1,1,0,2,2,0,1,0,1,2,0,2,0,0,0,0,0,0,1,1,0,0,0,0
15602,C4920,34,635,District-Puducherry,Urban,Total,15353,8212,7141,1700,899,801,3291,1575,1716,933,471,462,4497,2653,1844,1349,724,625,422,221,201,2050,1088,962,1111,581,530
15603,C4920,34,635,District-Puducherry,Urban,0-4,391,208,183,26,16,10,100,44,56,7,2,5,37,20,17,61,31,30,1,0,1,131,77,54,28,18,10
15604,C4920,34,635,District-Puducherry,Urban,5-9,674,392,282,47,23,24,140,82,58,72,37,35,96,64,32,141,92,49,1,0,1,105,56,49,72,38,34
15605,C4920,34,635,District-Puducherry,Urban,10-19,1605,889,716,144,80,64,275,148,127,139,72,67,262,162,100,334,190,144,25,17,8,251,122,129,175,98,77
15606,C4920,34,635,District-Puducherry,Urban,20-29,2197,1154,1043,174,100,74,326,168,158,176,78,98,641,350,291,308,173,135,54,27,27,326,160,166,192,98,94
15607,C4920,34,635,District-Puducherry,Urban,30-39,2708,1484,1224,223,128,95,497,238,259,181,96,85,879,541,338,223,120,103,104,63,41,409,207,202,192,91,101
15608,C4920,34,635,District-Puducherry,Urban,40-49,2371,1346,1025,237,131,106,477,251,226,157,92,65,807,502,305,135,56,79,120,59,61,314,184,130,124,71,53
15609,C4920,34,635,District-Puducherry,Urban,50-59,2020,1127,893,299,168,131,465,207,258,93,47,46,701,442,259,69,37,32,68,33,35,216,125,91,109,68,41
15610,C4920,34,635,District-Puducherry,Urban,60-69,1673,842,831,266,124,142,455,199,256,70,34,36,539,305,234,48,20,28,24,10,14,174,93,81,97,57,40
15611,C4920,34,635,District-Puducherry,Urban,70-79,1141,536,605,191,85,106,364,153,211,24,9,15,378,209,169,22,5,17,17,7,10,90,50,40,55,18,37
15612,C4920,34,635,District-Puducherry,Urban,80-89,472,197,275,77,37,40,162,74,88,11,3,8,140,50,90,6,0,6,8,5,3,25,10,15,43,18,25
15613,C4920,34,635,District-Puducherry,Urban,90+,91,32,59,15,7,8,29,11,18,3,1,2,15,6,9,1,0,1,0,0,0,5,1,4,23,6,17
15614,C4920,34,635,District-Puducherry,Urban,Age Not Stated,10,5,5,1,0,1,1,0,1,0,0,0,2,2,0,1,0,1,0,0,0,4,3,1,1,0,1
15615,C4920,34,636,District-Mahe,Total,Total,685,337,348,88,39,49,81,33,48,49,24,25,167,95,72,73,39,34,37,19,18,96,33,63,94,55,39
15616,C4920,34,636,District-Mahe,Total,0-4,8,1,7,2,1,1,1,0,1,0,0,0,1,0,1,1,0,1,0,0,0,1,0,1,2,0,2
15617,C4920,34,636,District-Mahe,Total,5-9,32,22,10,4,3,1,3,3,0,3,1,2,6,5,1,4,1,3,0,0,0,5,3,2,7,6,1
15618,C4920,34,636,District-Mahe,Total,10-19,68,47,21,9,6,3,6,4,2,5,3,2,9,7,2,15,10,5,1,1,0,8,4,4,15,12,3
15619,C4920,34,636,District-Mahe,Total,20-29,84,43,41,8,5,3,9,4,5,6,4,2,16,9,7,18,10,8,2,1,1,16,4,12,9,6,3
15620,C4920,34,636,District-Mahe,Total,30-39,110,43,67,10,1,9,8,2,6,14,5,9,30,15,15,13,7,6,6,4,2,13,0,13,16,9,7
15621,C4920,34,636,District-Mahe,Total,40-49,93,51,42,11,9,2,12,6,6,8,3,5,23,14,9,6,5,1,6,2,4,13,5,8,14,7,7
15622,C4920,34,636,District-Mahe,Total,50-59,96,46,50,15,7,8,11,4,7,6,5,1,19,10,9,12,5,7,8,4,4,19,8,11,6,3,3
15623,C4920,34,636,District-Mahe,Total,60-69,99,49,50,9,3,6,11,4,7,6,2,4,38,25,13,3,1,2,12,7,5,10,2,8,10,5,5
15624,C4920,34,636,District-Mahe,Total,70-79,60,23,37,10,2,8,16,6,10,0,0,0,15,6,9,1,0,1,2,0,2,8,5,3,8,4,4
15625,C4920,34,636,District-Mahe,Total,80-89,29,8,21,10,2,8,3,0,3,0,0,0,9,3,6,0,0,0,0,0,0,2,1,1,5,2,3
15626,C4920,34,636,District-Mahe,Total,90+,1,1,0,0,0,0,0,0,0,0,0,0,1,1,0,0,0,0,0,0,0,0,0,0,0,0,0
15627,C4920,34,636,District-Mahe,Total,Age Not Stated,5,3,2,0,0,0,1,0,1,1,1,0,0,0,0,0,0,0,0,0,0,1,1,0,2,1,1
15628,C4920,34,636,District-Mahe,Rural,Total,0,0,0,0,0,0,0,0,0,0,0,0,0,0,0,0,0,0,0,0,0,0,0,0,0,0,0
15629,C4920,34,636,District-Mahe,Rural,0-4,0,0,0,0,0,0,0,0,0,0,0,0,0,0,0,0,0,0,0,0,0,0,0,0,0,0,0
15630,C4920,34,636,District-Mahe,Rural,5-9,0,0,0,0,0,0,0,0,0,0,0,0,0,0,0,0,0,0,0,0,0,0,0,0,0,0,0
15631,C4920,34,636,District-Mahe,Rural,10-19,0,0,0,0,0,0,0,0,0,0,0,0,0,0,0,0,0,0,0,0,0,0,0,0,0,0,0
15632,C4920,34,636,District-Mahe,Rural,20-29,0,0,0,0,0,0,0,0,0,0,0,0,0,0,0,0,0,0,0,0,0,0,0,0,0,0,0
15633,C4920,34,636,District-Mahe,Rural,30-39,0,0,0,0,0,0,0,0,0,0,0,0,0,0,0,0,0,0,0,0,0,0,0,0,0,0,0
15634,C4920,34,636,District-Mahe,Rural,40-49,0,0,0,0,0,0,0,0,0,0,0,0,0,0,0,0,0,0,0,0,0,0,0,0,0,0,0
15635,C4920,34,636,District-Mahe,Rural,50-59,0,0,0,0,0,0,0,0,0,0,0,0,0,0,0,0,0,0,0,0,0,0,0,0,0,0,0
15636,C4920,34,636,District-Mahe,Rural,60-69,0,0,0,0,0,0,0,0,0,0,0,0,0,0,0,0,0,0,0,0,0,0,0,0,0,0,0
15637,C4920,34,636,District-Mahe,Rural,70-79,0,0,0,0,0,0,0,0,0,0,0,0,0,0,0,0,0,0,0,0,0,0,0,0,0,0,0
15638,C4920,34,636,District-Mahe,Rural,80-89,0,0,0,0,0,0,0,0,0,0,0,0,0,0,0,0,0,0,0,0,0,0,0,0,0,0,0
15639,C4920,34,636,District-Mahe,Rural,90+,0,0,0,0,0,0,0,0,0,0,0,0,0,0,0,0,0,0,0,0,0,0,0,0,0,0,0
15640,C4920,34,636,District-Mahe,Rural,Age Not Stated,0,0,0,0,0,0,0,0,0,0,0,0,0,0,0,0,0,0,0,0,0,0,0,0,0,0,0
15641,C4920,34,636,District-Mahe,Urban,Total,685,337,348,88,39,49,81,33,48,49,24,25,167,95,72,73,39,34,37,19,18,96,33,63,94,55,39
15642,C4920,34,636,District-Mahe,Urban,0-4,8,1,7,2,1,1,1,0,1,0,0,0,1,0,1,1,0,1,0,0,0,1,0,1,2,0,2
15643,C4920,34,636,District-Mahe,Urban,5-9,32,22,10,4,3,1,3,3,0,3,1,2,6,5,1,4,1,3,0,0,0,5,3,2,7,6,1
15644,C4920,34,636,District-Mahe,Urban,10-19,68,47,21,9,6,3,6,4,2,5,3,2,9,7,2,15,10,5,1,1,0,8,4,4,15,12,3
15645,C4920,34,636,District-Mahe,Urban,20-29,84,43,41,8,5,3,9,4,5,6,4,2,16,9,7,18,10,8,2,1,1,16,4,12,9,6,3
15646,C4920,34,636,District-Mahe,Urban,30-39,110,43,67,10,1,9,8,2,6,14,5,9,30,15,15,13,7,6,6,4,2,13,0,13,16,9,7
15647,C4920,34,636,District-Mahe,Urban,40-49,93,51,42,11,9,2,12,6,6,8,3,5,23,14,9,6,5,1,6,2,4,13,5,8,14,7,7
15648,C4920,34,636,District-Mahe,Urban,50-59,96,46,50,15,7,8,11,4,7,6,5,1,19,10,9,12,5,7,8,4,4,19,8,11,6,3,3
15649,C4920,34,636,District-Mahe,Urban,60-69,99,49,50,9,3,6,11,4,7,6,2,4,38,25,13,3,1,2,12,7,5,10,2,8,10,5,5
15650,C4920,34,636,District-Mahe,Urban,70-79,60,23,37,10,2,8,16,6,10,0,0,0,15,6,9,1,0,1,2,0,2,8,5,3,8,4,4
15651,C4920,34,636,District-Mahe,Urban,80-89,29,8,21,10,2,8,3,0,3,0,0,0,9,3,6,0,0,0,0,0,0,2,1,1,5,2,3
15652,C4920,34,636,District-Mahe,Urban,90+,1,1,0,0,0,0,0,0,0,0,0,0,1,1,0,0,0,0,0,0,0,0,0,0,0,0,0
15653,C4920,34,636,District-Mahe,Urban,Age Not Stated,5,3,2,0,0,0,1,0,1,1,1,0,0,0,0,0,0,0,0,0,0,1,1,0,2,1,1
15654,C4920,34,637,District-Karaikal,Total,Total,5095,2761,2334,676,320,356,947,448,499,332,180,152,1445,889,556,395,228,167,171,97,74,714,371,343,415,228,187
15655,C4920,34,637,District-Karaikal,Total,0-4,158,89,69,18,11,7,35,20,15,6,5,1,22,11,11,8,6,2,0,0,0,59,29,30,10,7,3
15656,C4920,34,637,District-Karaikal,Total,5-9,261,147,114,27,15,12,47,24,23,26,14,12,39,20,19,36,24,12,2,1,1,60,34,26,24,15,9
15657,C4920,34,637,District-Karaikal,Total,10-19,636,352,284,72,32,40,94,45,49,55,29,26,100,61,39,112,66,46,6,2,4,117,67,50,80,50,30
15658,C4920,34,637,District-Karaikal,Total,20-29,715,389,326,73,34,39,106,50,56,73,38,35,174,113,61,76,44,32,22,14,8,115,55,60,76,41,35
15659,C4920,34,637,District-Karaikal,Total,30-39,765,426,339,52,25,27,111,61,50,62,34,28,258,158,100,77,41,36,40,24,16,112,55,57,53,28,25
15660,C4920,34,637,District-Karaikal,Total,40-49,789,456,333,115,55,60,146,75,71,58,32,26,248,161,87,42,26,16,43,23,20,97,54,43,40,30,10
15661,C4920,34,637,District-Karaikal,Total,50-59,662,370,292,98,55,43,147,69,78,24,11,13,229,151,78,29,13,16,37,25,12,64,29,35,34,17,17
15662,C4920,34,637,District-Karaikal,Total,60-69,571,279,292,110,50,60,126,41,85,17,11,6,206,120,86,11,6,5,16,6,10,49,28,21,36,17,19
15663,C4920,34,637,District-Karaikal,Total,70-79,343,160,183,69,25,44,86,39,47,10,5,5,111,61,50,4,2,2,5,2,3,26,13,13,32,13,19
15664,C4920,34,637,District-Karaikal,Total,80-89,158,76,82,34,14,20,42,21,21,1,1,0,49,29,20,0,0,0,0,0,0,10,6,4,22,5,17
15665,C4920,34,637,District-Karaikal,Total,90+,28,13,15,6,3,3,6,2,4,0,0,0,7,3,4,0,0,0,0,0,0,1,0,1,8,5,3
15666,C4920,34,637,District-Karaikal,Total,Age Not Stated,9,4,5,2,1,1,1,1,0,0,0,0,2,1,1,0,0,0,0,0,0,4,1,3,0,0,0
15667,C4920,34,637,District-Karaikal,Rural,Total,2818,1540,1278,388,177,211,546,273,273,186,101,85,769,488,281,203,109,94,76,46,30,407,212,195,243,134,109
15668,C4920,34,637,District-Karaikal,Rural,0-4,86,41,45,10,5,5,19,10,9,1,0,1,17,6,11,6,5,1,0,0,0,29,12,17,4,3,1
15669,C4920,34,637,District-Karaikal,Rural,5-9,139,73,66,11,7,4,24,15,9,15,8,7,24,12,12,17,7,10,2,1,1,35,17,18,11,6,5
15670,C4920,34,637,District-Karaikal,Rural,10-19,365,198,167,43,16,27,52,27,25,36,20,16,53,34,19,61,33,28,3,0,3,71,42,29,46,26,20
15671,C4920,34,637,District-Karaikal,Rural,20-29,390,217,173,36,18,18,62,36,26,39,20,19,84,56,28,40,23,17,7,5,2,70,33,37,52,26,26
15672,C4920,34,637,District-Karaikal,Rural,30-39,400,222,178,22,7,15,71,40,31,27,16,11,139,83,56,36,16,20,17,15,2,57,27,30,31,18,13
15673,C4920,34,637,District-Karaikal,Rural,40-49,452,263,189,67,30,37,76,39,37,31,18,13,149,95,54,24,16,8,19,11,8,59,32,27,27,22,5
15674,C4920,34,637,District-Karaikal,Rural,50-59,368,200,168,62,36,26,89,37,52,16,6,10,112,77,35,17,8,9,17,9,8,35,18,17,20,9,11
15675,C4920,34,637,District-Karaikal,Rural,60-69,316,168,148,72,32,40,65,24,41,13,7,6,106,69,37,2,1,1,8,3,5,30,21,9,20,11,9
15676,C4920,34,637,District-Karaikal,Rural,70-79,201,104,97,44,15,29,57,29,28,7,5,2,57,37,20,0,0,0,3,2,1,14,6,8,19,10,9
15677,C4920,34,637,District-Karaikal,Rural,80-89,84,46,38,17,10,7,27,13,14,1,1,0,22,16,6,0,0,0,0,0,0,5,4,1,12,2,10
15678,C4920,34,637,District-Karaikal,Rural,90+,12,6,6,3,1,2,3,2,1,0,0,0,5,2,3,0,0,0,0,0,0,0,0,0,1,1,0
15679,C4920,34,637,District-Karaikal,Rural,Age Not Stated,5,2,3,1,0,1,1,1,0,0,0,0,1,1,0,0,0,0,0,0,0,2,0,2,0,0,0
15680,C4920,34,637,District-Karaikal,Urban,Total,2277,1221,1056,288,143,145,401,175,226,146,79,67,676,401,275,192,119,73,95,51,44,307,159,148,172,94,78
15681,C4920,34,637,District-Karaikal,Urban,0-4,72,48,24,8,6,2,16,10,6,5,5,0,5,5,0,2,1,1,0,0,0,30,17,13,6,4,2
15682,C4920,34,637,District-Karaikal,Urban,5-9,122,74,48,16,8,8,23,9,14,11,6,5,15,8,7,19,17,2,0,0,0,25,17,8,13,9,4
15683,C4920,34,637,District-Karaikal,Urban,10-19,271,154,117,29,16,13,42,18,24,19,9,10,47,27,20,51,33,18,3,2,1,46,25,21,34,24,10
15684,C4920,34,637,District-Karaikal,Urban,20-29,325,172,153,37,16,21,44,14,30,34,18,16,90,57,33,36,21,15,15,9,6,45,22,23,24,15,9
15685,C4920,34,637,District-Karaikal,Urban,30-39,365,204,161,30,18,12,40,21,19,35,18,17,119,75,44,41,25,16,23,9,14,55,28,27,22,10,12
15686,C4920,34,637,District-Karaikal,Urban,40-49,337,193,144,48,25,23,70,36,34,27,14,13,99,66,33,18,10,8,24,12,12,38,22,16,13,8,5
15687,C4920,34,637,District-Karaikal,Urban,50-59,294,170,124,36,19,17,58,32,26,8,5,3,117,74,43,12,5,7,20,16,4,29,11,18,14,8,6
15688,C4920,34,637,District-Karaikal,Urban,60-69,255,111,144,38,18,20,61,17,44,4,4,0,100,51,49,9,5,4,8,3,5,19,7,12,16,6,10
15689,C4920,34,637,District-Karaikal,Urban,70-79,142,56,86,25,10,15,29,10,19,3,0,3,54,24,30,4,2,2,2,0,2,12,7,5,13,3,10
15690,C4920,34,637,District-Karaikal,Urban,80-89,74,30,44,17,4,13,15,8,7,0,0,0,27,13,14,0,0,0,0,0,0,5,2,3,10,3,7
15691,C4920,34,637,District-Karaikal,Urban,90+,16,7,9,3,2,1,3,0,3,0,0,0,2,1,1,0,0,0,0,0,0,1,0,1,7,4,3
15692,C4920,34,637,District-Karaikal,Urban,Age Not Stated,4,2,2,1,1,0,0,0,0,0,0,0,1,0,1,0,0,0,0,0,0,2,1,1,0,0,0
15693,C4920,21,0,State-ODISHA,Total,0-4,50207,27003,23204,11929,6248,5681,10669,5466,5203,1268,728,540,5863,3380,2483,2494,1386,1108,348,196,152,13237,7022,6215,4399,2577,1822
15694,C4920,21,0,State-ODISHA,Total,5-9,83308,46211,37097,16309,8710,7599,15871,8214,7657,8227,4756,3471,9559,5719,3840,7537,4336,3201,1227,726,501,14259,7604,6655,10319,6146,4173
15695,C4920,21,0,State-ODISHA,Total,10-19,187834,103022,84812,36189,19260,16929,36215,18647,17568,15433,8539,6894,27018,15833,11185,18405,10638,7767,4398,2426,1972,29459,15812,13647,20717,11867,8850
15696,C4920,21,0,State-ODISHA,Total,20-29,166007,91296,74711,28284,15057,13227,30569,15567,15002,12008,6443,5565,33119,20311,12808,13571,7529,6042,7431,4259,3172,26869,14300,12569,14156,7830,6326
15697,C4920,21,0,State-ODISHA,Total,30-39,152036,85456,66580,26289,14267,12022,28575,14876,13699,10160,5689,4471,30938,19862,11076,11510,6234,5276,9529,5246,4283,24499,13549,10950,10536,5733,4803
15698,C4920,21,0,State-ODISHA,Total,40-49,146269,84690,61579,28869,16247,12622,27918,15179,12739,8671,5021,3650,32524,21169,11355,8782,4878,3904,8917,4824,4093,21829,12542,9287,8759,4830,3929
15699,C4920,21,0,State-ODISHA,Total,50-59,125869,69015,56854,29561,15333,14228,23925,12442,11483,5744,3384,2360,31748,19149,12599,4939,2646,2293,5435,2649,2786,16179,9084,7095,8338,4328,4010
15700,C4920,21,0,State-ODISHA,Total,60-69,157944,80135,77809,42617,20318,22299,30698,15401,15297,4285,2438,1847,42289,23229,19060,3244,1691,1553,3536,1628,1908,14737,7835,6902,16538,7595,8943
15701,C4920,21,0,State-ODISHA,Total,70-79,115484,57251,58233,30256,14533,15723,22392,11488,10904,1911,1069,842,31468,16257,15211,1275,623,652,1473,687,786,7743,4039,3704,18966,8555,10411
15702,C4920,21,0,State-ODISHA,Total,80-89,43996,22867,21129,10333,5258,5075,8105,4454,3651,502,272,230,11926,6321,5605,337,190,147,351,172,179,2471,1324,1147,9971,4876,5095
15703,C4920,21,0,State-ODISHA,Total,90+,10928,5395,5533,2186,1091,1095,1789,939,850,105,56,49,2864,1443,1421,103,51,52,83,42,41,603,310,293,3195,1463,1732
15704,C4920,21,0,State-ODISHA,Total,Age Not Stated,4520,2434,2086,977,529,448,1132,572,560,203,111,92,583,326,257,202,118,84,109,58,51,996,559,437,318,161,157
15705,C4920,21,0,State-ODISHA,Rural,Total,1067739,576672,491067,227522,117590,109932,200619,103763,96856,56130,31472,24658,228590,133798,94792,61727,34110,27617,37227,19738,17489,143718,77960,65758,112206,58241,53965
15706,C4920,21,0,State-ODISHA,Rural,0-4,42946,23069,19877,10254,5320,4934,8752,4484,4268,1083,622,461,5311,3067,2244,2147,1190,957,307,164,143,11167,5925,5242,3925,2297,1628
15707,C4920,21,0,State-ODISHA,Rural,5-9,72172,39917,32255,14073,7500,6573,13505,6940,6565,7189,4155,3034,8590,5153,3437,6671,3800,2871,1068,634,434,12128,6434,5694,8948,5301,3647
15708,C4920,21,0,State-ODISHA,Rural,10-19,158724,86835,71889,30225,15990,14235,29904,15179,14725,13013,7260,5753,23788,13942,9846,15897,9156,6741,3799,2098,1701,24323,13075,11248,17775,10135,7640
15709,C4920,21,0,State-ODISHA,Rural,20-29,136945,75283,61662,22896,12182,10714,24171,12348,11823,9614,5155,4459,28696,17572,11124,11302,6237,5065,6412,3656,2756,21659,11472,10187,12195,6661,5534
15710,C4920,21,0,State-ODISHA,Rural,30-39,126824,71231,55593,21803,11846,9957,23198,12116,11082,8081,4492,3589,26679,17138,9541,9619,5137,4482,8276,4491,3785,19990,11022,8968,9178,4989,4189
15711,C4920,21,0,State-ODISHA,Rural,40-49,122933,71006,51927,24386,13719,10667,23203,12591,10612,6811,3910,2901,27846,18032,9814,7423,4090,3333,7744,4157,3587,17827,10286,7541,7693,4221,3472
15712,C4920,21,0,State-ODISHA,Rural,50-59,108054,58592,49462,25641,13209,12432,20487,10560,9927,4554,2653,1901,27400,16302,11098,4199,2202,1997,4732,2268,2464,13558,7563,5995,7483,3835,3648
15713,C4920,21,0,State-ODISHA,Rural,60-69,141878,71635,70243,38579,18352,20227,27587,13910,13677,3574,2014,1560,38029,20664,17365,2832,1467,1365,3146,1436,1710,12893,6821,6072,15238,6971,8267
15714,C4920,21,0,State-ODISHA,Rural,70-79,104383,51686,52697,27502,13241,14261,20225,10407,9818,1581,877,704,28465,14633,13832,1104,539,565,1288,605,683,6696,3472,3224,17522,7912,9610
15715,C4920,21,0,State-ODISHA,Rural,80-89,39539,20637,18902,9415,4822,4593,7194,3973,3221,397,213,184,10726,5712,5014,290,165,125,290,146,144,2152,1169,983,9075,4437,4638
15716,C4920,21,0,State-ODISHA,Rural,90+,9709,4856,4853,1972,990,982,1533,815,718,82,45,37,2560,1317,1243,87,39,48,75,37,38,505,269,236,2895,1344,1551
15717,C4920,21,0,State-ODISHA,Rural,Age Not Stated,3632,1925,1707,776,419,357,860,440,420,151,76,75,500,266,234,156,88,68,90,46,44,820,452,368,279,138,141
15718,C4920,21,0,State-ODISHA,Urban,Total,176663,98103,78560,36277,19261,17016,37239,19482,17757,12387,7034,5353,31309,19201,12108,10672,6210,4462,5610,3175,2435,29163,16020,13143,14006,7720,6286
15719,C4920,21,0,State-ODISHA,Urban,0-4,7261,3934,3327,1675,928,747,1917,982,935,185,106,79,552,313,239,347,196,151,41,32,9,2070,1097,973,474,280,194
15720,C4920,21,0,State-ODISHA,Urban,5-9,11136,6294,4842,2236,1210,1026,2366,1274,1092,1038,601,437,969,566,403,866,536,330,159,92,67,2131,1170,961,1371,845,526
15721,C4920,21,0,State-ODISHA,Urban,10-19,29110,16187,12923,5964,3270,2694,6311,3468,2843,2420,1279,1141,3230,1891,1339,2508,1482,1026,599,328,271,5136,2737,2399,2942,1732,1210
15722,C4920,21,0,State-ODISHA,Urban,20-29,29062,16013,13049,5388,2875,2513,6398,3219,3179,2394,1288,1106,4423,2739,1684,2269,1292,977,1019,603,416,5210,2828,2382,1961,1169,792
15723,C4920,21,0,State-ODISHA,Urban,30-39,25212,14225,10987,4486,2421,2065,5377,2760,2617,2079,1197,882,4259,2724,1535,1891,1097,794,1253,755,498,4509,2527,1982,1358,744,614
15724,C4920,21,0,State-ODISHA,Urban,40-49,23336,13684,9652,4483,2528,1955,4715,2588,2127,1860,1111,749,4678,3137,1541,1359,788,571,1173,667,506,4002,2256,1746,1066,609,457
15725,C4920,21,0,State-ODISHA,Urban,50-59,17815,10423,7392,3920,2124,1796,3438,1882,1556,1190,731,459,4348,2847,1501,740,444,296,703,381,322,2621,1521,1100,855,493,362
15726,C4920,21,0,State-ODISHA,Urban,60-69,16066,8500,7566,4038,1966,2072,3111,1491,1620,711,424,287,4260,2565,1695,412,224,188,390,192,198,1844,1014,830,1300,624,676
15727,C4920,21,0,State-ODISHA,Urban,70-79,11101,5565,5536,2754,1292,1462,2167,1081,1086,330,192,138,3003,1624,1379,171,84,87,185,82,103,1047,567,480,1444,643,801
15728,C4920,21,0,State-ODISHA,Urban,80-89,4457,2230,2227,918,436,482,911,481,430,105,59,46,1200,609,591,47,25,22,61,26,35,319,155,164,896,439,457
15729,C4920,21,0,State-ODISHA,Urban,90+,1219,539,680,214,101,113,256,124,132,23,11,12,304,126,178,16,12,4,8,5,3,98,41,57,300,119,181
15730,C4920,21,0,State-ODISHA,Urban,Age Not Stated,888,509,379,201,110,91,272,132,140,52,35,17,83,60,23,46,30,16,19,12,7,176,107,69,39,23,16
15731,C4920,21,370,District-Bargarh,Total,Total,42139,22244,19895,8356,4337,4019,6698,3408,3290,1844,999,845,10725,6006,4719,2350,1279,1071,1735,854,881,5029,2639,2390,5402,2722,2680
15732,C4920,21,370,District-Bargarh,Total,0-4,1356,736,620,265,130,135,170,93,77,39,23,16,228,134,94,66,40,26,7,2,5,403,209,194,178,105,73
15733,C4920,21,370,District-Bargarh,Total,5-9,2251,1296,955,416,235,181,253,135,118,220,122,98,315,208,107,240,142,98,38,21,17,329,173,156,440,260,180
15734,C4920,21,370,District-Bargarh,Total,10-19,5597,3117,2480,948,507,441,751,410,341,452,248,204,961,550,411,686,408,278,148,78,70,810,449,361,841,467,374
15735,C4920,21,370,District-Bargarh,Total,20-29,5236,2807,2429,739,410,329,614,313,301,322,172,150,1461,828,633,470,245,225,306,154,152,704,358,346,620,327,293
15736,C4920,21,370,District-Bargarh,Total,30-39,4849,2705,2144,693,392,301,687,355,332,267,142,125,1314,834,480,381,186,195,408,217,191,669,358,311,430,221,209
15737,C4920,21,370,District-Bargarh,Total,40-49,4749,2640,2109,875,466,409,753,392,361,229,126,103,1337,832,505,234,128,106,375,185,190,612,331,281,334,180,154
15738,C4920,21,370,District-Bargarh,Total,50-59,4553,2372,2181,1108,580,528,763,378,385,138,75,63,1282,703,579,130,63,67,214,104,110,558,292,266,360,177,183
15739,C4920,21,370,District-Bargarh,Total,60-69,6347,3115,3232,1605,792,813,1223,584,639,120,65,55,1879,984,895,81,39,42,165,59,106,508,262,246,766,330,436
15740,C4920,21,370,District-Bargarh,Total,70-79,4793,2250,2543,1202,556,646,1014,496,518,36,20,16,1316,611,705,40,18,22,61,29,32,294,144,150,830,376,454
15741,C4920,21,370,District-Bargarh,Total,80-89,1909,962,947,415,220,195,385,205,180,17,5,12,499,259,240,10,4,6,9,3,6,109,55,54,465,211,254
15742,C4920,21,370,District-Bargarh,Total,90+,447,220,227,86,47,39,70,39,31,2,1,1,120,58,62,6,3,3,3,2,1,27,5,22,133,65,68
15743,C4920,21,370,District-Bargarh,Total,Age Not Stated,52,24,28,4,2,2,15,8,7,2,0,2,13,5,8,6,3,3,1,0,1,6,3,3,5,3,2
15744,C4920,21,370,District-Bargarh,Rural,Total,39225,20686,18539,7864,4083,3781,6293,3209,3084,1677,907,770,10046,5631,4415,2081,1122,959,1603,789,814,4634,2436,2198,5027,2509,2518
15745,C4920,21,370,District-Bargarh,Rural,0-4,1241,676,565,249,121,128,150,84,66,34,20,14,209,127,82,57,35,22,6,1,5,377,196,181,159,92,67
15746,C4920,21,370,District-Bargarh,Rural,5-9,1988,1129,859,362,198,164,236,128,108,200,105,95,293,191,102,209,119,90,32,19,13,294,157,137,362,212,150
15747,C4920,21,370,District-Bargarh,Rural,10-19,5112,2853,2259,873,469,404,700,386,314,404,228,176,898,512,386,597,352,245,137,71,66,745,417,328,758,418,340
15748,C4920,21,370,District-Bargarh,Rural,20-29,4823,2590,2233,705,395,310,561,287,274,297,157,140,1359,773,586,426,219,207,281,144,137,627,320,307,567,295,272
15749,C4920,21,370,District-Bargarh,Rural,30-39,4454,2476,1978,641,361,280,628,323,305,243,131,112,1220,772,448,336,167,169,372,196,176,610,322,288,404,204,200
15750,C4920,21,370,District-Bargarh,Rural,40-49,4417,2455,1962,834,442,392,708,369,339,205,113,92,1231,773,458,212,114,98,350,172,178,561,302,259,316,170,146
15751,C4920,21,370,District-Bargarh,Rural,50-59,4294,2244,2050,1055,555,500,720,358,362,127,70,57,1205,662,543,113,55,58,195,97,98,531,278,253,348,169,179
15752,C4920,21,370,District-Bargarh,Rural,60-69,6029,2962,3067,1518,752,766,1176,564,612,114,60,54,1762,921,841,75,36,39,160,58,102,485,251,234,739,320,419
15753,C4920,21,370,District-Bargarh,Rural,70-79,4574,2145,2429,1145,528,617,967,472,495,32,17,15,1264,590,674,36,16,20,58,27,31,271,134,137,801,361,440
15754,C4920,21,370,District-Bargarh,Rural,80-89,1820,922,898,399,216,183,366,193,173,17,5,12,478,248,230,9,4,5,8,2,6,103,52,51,440,202,238
15755,C4920,21,370,District-Bargarh,Rural,90+,422,210,212,79,44,35,66,37,29,2,1,1,114,57,57,5,2,3,3,2,1,24,4,20,129,63,66
15756,C4920,21,370,District-Bargarh,Rural,Age Not Stated,51,24,27,4,2,2,15,8,7,2,0,2,13,5,8,6,3,3,1,0,1,6,3,3,4,3,1
15757,C4920,21,370,District-Bargarh,Urban,Total,2914,1558,1356,492,254,238,405,199,206,167,92,75,679,375,304,269,157,112,132,65,67,395,203,192,375,213,162
15758,C4920,21,370,District-Bargarh,Urban,0-4,115,60,55,16,9,7,20,9,11,5,3,2,19,7,12,9,5,4,1,1,0,26,13,13,19,13,6
15759,C4920,21,370,District-Bargarh,Urban,5-9,263,167,96,54,37,17,17,7,10,20,17,3,22,17,5,31,23,8,6,2,4,35,16,19,78,48,30
15760,C4920,21,370,District-Bargarh,Urban,10-19,485,264,221,75,38,37,51,24,27,48,20,28,63,38,25,89,56,33,11,7,4,65,32,33,83,49,34
15761,C4920,21,370,District-Bargarh,Urban,20-29,413,217,196,34,15,19,53,26,27,25,15,10,102,55,47,44,26,18,25,10,15,77,38,39,53,32,21
15762,C4920,21,370,District-Bargarh,Urban,30-39,395,229,166,52,31,21,59,32,27,24,11,13,94,62,32,45,19,26,36,21,15,59,36,23,26,17,9
15763,C4920,21,370,District-Bargarh,Urban,40-49,332,185,147,41,24,17,45,23,22,24,13,11,106,59,47,22,14,8,25,13,12,51,29,22,18,10,8
15764,C4920,21,370,District-Bargarh,Urban,50-59,259,128,131,53,25,28,43,20,23,11,5,6,77,41,36,17,8,9,19,7,12,27,14,13,12,8,4
15765,C4920,21,370,District-Bargarh,Urban,60-69,318,153,165,87,40,47,47,20,27,6,5,1,117,63,54,6,3,3,5,1,4,23,11,12,27,10,17
15766,C4920,21,370,District-Bargarh,Urban,70-79,219,105,114,57,28,29,47,24,23,4,3,1,52,21,31,4,2,2,3,2,1,23,10,13,29,15,14
15767,C4920,21,370,District-Bargarh,Urban,80-89,89,40,49,16,4,12,19,12,7,0,0,0,21,11,10,1,0,1,1,1,0,6,3,3,25,9,16
15768,C4920,21,370,District-Bargarh,Urban,90+,25,10,15,7,3,4,4,2,2,0,0,0,6,1,5,1,1,0,0,0,0,3,1,2,4,2,2
15769,C4920,21,370,District-Bargarh,Urban,Age Not Stated,1,0,1,0,0,0,0,0,0,0,0,0,0,0,0,0,0,0,0,0,0,0,0,0,1,0,1
15770,C4920,21,371,District-Jharsuguda,Total,Total,21158,11084,10074,4577,2427,2150,3532,1803,1729,754,435,319,4709,2531,2178,1110,583,527,729,345,384,3110,1628,1482,2637,1332,1305
15771,C4920,21,371,District-Jharsuguda,Total,0-4,576,305,271,163,81,82,83,47,36,19,15,4,50,30,20,22,9,13,8,1,7,172,87,85,59,35,24
15772,C4920,21,371,District-Jharsuguda,Total,5-9,1023,566,457,178,91,87,158,84,74,96,61,35,107,61,46,111,66,45,20,11,9,169,86,83,184,106,78
15773,C4920,21,371,District-Jharsuguda,Total,10-19,2612,1445,1167,499,261,238,431,248,183,176,95,81,360,202,158,244,134,110,67,37,30,497,267,230,338,201,137
15774,C4920,21,371,District-Jharsuguda,Total,20-29,2672,1441,1231,484,259,225,423,191,232,153,85,68,547,319,228,258,149,109,143,83,60,422,230,192,242,125,117
15775,C4920,21,371,District-Jharsuguda,Total,30-39,2409,1247,1162,414,215,199,363,171,192,116,67,49,546,328,218,195,93,102,146,71,75,458,224,234,171,78,93
15776,C4920,21,371,District-Jharsuguda,Total,40-49,2499,1382,1117,580,344,236,411,218,193,73,45,28,593,343,250,109,52,57,148,68,80,418,225,193,167,87,80
15777,C4920,21,371,District-Jharsuguda,Total,50-59,2411,1260,1151,539,293,246,420,202,218,56,32,24,661,367,294,83,34,49,100,35,65,371,207,164,181,90,91
15778,C4920,21,371,District-Jharsuguda,Total,60-69,3290,1637,1653,859,439,420,579,291,288,37,21,16,897,434,463,59,31,28,63,26,37,342,172,170,454,223,231
15779,C4920,21,371,District-Jharsuguda,Total,70-79,2442,1173,1269,612,300,312,423,214,209,20,10,10,641,298,343,22,12,10,25,10,15,180,91,89,519,238,281
15780,C4920,21,371,District-Jharsuguda,Total,80-89,944,493,451,196,115,81,179,103,76,8,4,4,250,120,130,3,1,2,6,0,6,57,31,26,245,119,126
15781,C4920,21,371,District-Jharsuguda,Total,90+,233,107,126,40,21,19,46,26,20,0,0,0,49,24,25,2,1,1,1,1,0,20,6,14,75,28,47
15782,C4920,21,371,District-Jharsuguda,Total,Age Not Stated,47,28,19,13,8,5,16,8,8,0,0,0,8,5,3,2,1,1,2,2,0,4,2,2,2,2,0
15783,C4920,21,371,District-Jharsuguda,Rural,Total,16155,8266,7889,3619,1903,1716,2690,1347,1343,504,283,221,3620,1883,1737,759,382,377,581,264,317,2154,1091,1063,2228,1113,1115
15784,C4920,21,371,District-Jharsuguda,Rural,0-4,394,209,185,122,61,61,46,23,23,12,9,3,41,25,16,11,4,7,6,0,6,113,58,55,43,29,14
15785,C4920,21,371,District-Jharsuguda,Rural,5-9,721,401,320,135,74,61,119,62,57,68,45,23,73,44,29,77,45,32,13,8,5,98,39,59,138,84,54
15786,C4920,21,371,District-Jharsuguda,Rural,10-19,1794,970,824,364,186,178,314,178,136,113,56,57,261,153,108,177,98,79,42,20,22,272,134,138,251,145,106
15787,C4920,21,371,District-Jharsuguda,Rural,20-29,1849,970,879,357,186,171,294,126,168,106,59,47,382,217,165,156,90,66,106,63,43,268,140,128,180,89,91
15788,C4920,21,371,District-Jharsuguda,Rural,30-39,1702,866,836,285,149,136,252,117,135,72,40,32,389,233,156,139,57,82,117,57,60,319,156,163,129,57,72
15789,C4920,21,371,District-Jharsuguda,Rural,40-49,1849,1004,845,441,260,181,291,157,134,43,27,16,421,232,189,79,36,43,127,57,70,305,161,144,142,74,68
15790,C4920,21,371,District-Jharsuguda,Rural,50-59,1853,930,923,415,222,193,336,151,185,39,21,18,485,259,226,60,22,38,83,26,57,280,152,128,155,77,78
15791,C4920,21,371,District-Jharsuguda,Rural,60-69,2778,1357,1421,750,378,372,467,235,232,27,15,12,741,344,397,39,19,20,55,21,34,284,141,143,415,204,211
15792,C4920,21,371,District-Jharsuguda,Rural,70-79,2157,1015,1142,529,258,271,370,181,189,17,8,9,559,251,308,15,9,6,25,10,15,153,77,76,489,221,268
15793,C4920,21,371,District-Jharsuguda,Rural,80-89,833,432,401,178,105,73,151,88,63,7,3,4,222,103,119,3,1,2,5,0,5,45,25,20,222,107,115
15794,C4920,21,371,District-Jharsuguda,Rural,90+,195,94,101,34,18,16,40,24,16,0,0,0,42,20,22,2,1,1,0,0,0,14,6,8,63,25,38
15795,C4920,21,371,District-Jharsuguda,Rural,Age Not Stated,30,18,12,9,6,3,10,5,5,0,0,0,4,2,2,1,0,1,2,2,0,3,2,1,1,1,0
15796,C4920,21,371,District-Jharsuguda,Urban,Total,5003,2818,2185,958,524,434,842,456,386,250,152,98,1089,648,441,351,201,150,148,81,67,956,537,419,409,219,190
15797,C4920,21,371,District-Jharsuguda,Urban,0-4,182,96,86,41,20,21,37,24,13,7,6,1,9,5,4,11,5,6,2,1,1,59,29,30,16,6,10
15798,C4920,21,371,District-Jharsuguda,Urban,5-9,302,165,137,43,17,26,39,22,17,28,16,12,34,17,17,34,21,13,7,3,4,71,47,24,46,22,24
15799,C4920,21,371,District-Jharsuguda,Urban,10-19,818,475,343,135,75,60,117,70,47,63,39,24,99,49,50,67,36,31,25,17,8,225,133,92,87,56,31
15800,C4920,21,371,District-Jharsuguda,Urban,20-29,823,471,352,127,73,54,129,65,64,47,26,21,165,102,63,102,59,43,37,20,17,154,90,64,62,36,26
15801,C4920,21,371,District-Jharsuguda,Urban,30-39,707,381,326,129,66,63,111,54,57,44,27,17,157,95,62,56,36,20,29,14,15,139,68,71,42,21,21
15802,C4920,21,371,District-Jharsuguda,Urban,40-49,650,378,272,139,84,55,120,61,59,30,18,12,172,111,61,30,16,14,21,11,10,113,64,49,25,13,12
15803,C4920,21,371,District-Jharsuguda,Urban,50-59,558,330,228,124,71,53,84,51,33,17,11,6,176,108,68,23,12,11,17,9,8,91,55,36,26,13,13
15804,C4920,21,371,District-Jharsuguda,Urban,60-69,512,280,232,109,61,48,112,56,56,10,6,4,156,90,66,20,12,8,8,5,3,58,31,27,39,19,20
15805,C4920,21,371,District-Jharsuguda,Urban,70-79,285,158,127,83,42,41,53,33,20,3,2,1,82,47,35,7,3,4,0,0,0,27,14,13,30,17,13
15806,C4920,21,371,District-Jharsuguda,Urban,80-89,111,61,50,18,10,8,28,15,13,1,1,0,28,17,11,0,0,0,1,0,1,12,6,6,23,12,11
15807,C4920,21,371,District-Jharsuguda,Urban,90+,38,13,25,6,3,3,6,2,4,0,0,0,7,4,3,0,0,0,1,1,0,6,0,6,12,3,9
15808,C4920,21,371,District-Jharsuguda,Urban,Age Not Stated,17,10,7,4,2,2,6,3,3,0,0,0,4,3,1,1,1,0,0,0,0,1,0,1,1,1,0
15809,C4920,21,372,District-Sambalpur,Total,Total,35561,18720,16841,6788,3564,3224,7387,3789,3598,1319,747,572,7707,4193,3514,1639,854,785,1214,594,620,5939,3126,2813,3568,1853,1715
15810,C4920,21,372,District-Sambalpur,Total,0-4,1375,739,636,310,152,158,294,145,149,31,23,8,131,77,54,93,57,36,7,7,0,404,220,184,105,58,47
15811,C4920,21,372,District-Sambalpur,Total,5-9,2054,1136,918,429,224,205,402,220,182,136,77,59,216,124,92,154,83,71,33,23,10,418,222,196,266,163,103
15812,C4920,21,372,District-Sambalpur,Total,10-19,5104,2719,2385,958,515,443,1142,578,564,325,170,155,642,363,279,385,217,168,106,54,52,964,496,468,582,326,256
15813,C4920,21,372,District-Sambalpur,Total,20-29,4881,2548,2333,833,429,404,1040,527,513,240,130,110,898,485,413,306,157,149,221,127,94,976,488,488,367,205,162
15814,C4920,21,372,District-Sambalpur,Total,30-39,4377,2397,1980,737,405,332,901,458,443,197,118,79,839,503,336,265,127,138,297,150,147,860,473,387,281,163,118
15815,C4920,21,372,District-Sambalpur,Total,40-49,4355,2452,1903,787,456,331,914,474,440,161,109,52,1023,619,404,223,120,103,228,99,129,810,462,348,209,113,96
15816,C4920,21,372,District-Sambalpur,Total,50-59,3789,1988,1801,759,407,352,749,398,351,114,61,53,1073,593,480,116,48,68,164,69,95,558,297,261,256,115,141
15817,C4920,21,372,District-Sambalpur,Total,60-69,4741,2398,2343,1001,505,496,949,499,450,86,45,41,1449,754,695,57,24,33,108,41,67,528,267,261,563,263,300
15818,C4920,21,372,District-Sambalpur,Total,70-79,3279,1608,1671,687,342,345,687,346,341,22,10,12,992,473,519,25,12,13,30,18,12,287,149,138,549,258,291
15819,C4920,21,372,District-Sambalpur,Total,80-89,1182,538,644,228,103,125,226,103,123,6,3,3,342,152,190,9,5,4,7,1,6,84,33,51,280,138,142
15820,C4920,21,372,District-Sambalpur,Total,90+,337,160,177,52,23,29,70,36,34,1,1,0,86,42,44,2,1,1,3,2,1,18,6,12,105,49,56
15821,C4920,21,372,District-Sambalpur,Total,Age Not Stated,87,37,50,7,3,4,13,5,8,0,0,0,16,8,8,4,3,1,10,3,7,32,13,19,5,2,3
15822,C4920,21,372,District-Sambalpur,Rural,Total,26498,13768,12730,4934,2578,2356,5179,2644,2535,918,525,393,6388,3387,3001,1237,640,597,969,461,508,3818,1972,1846,3055,1561,1494
15823,C4920,21,372,District-Sambalpur,Rural,0-4,897,495,402,182,84,98,165,81,84,23,17,6,111,68,43,75,48,27,4,4,0,254,146,108,83,47,36
15824,C4920,21,372,District-Sambalpur,Rural,5-9,1424,784,640,289,152,137,229,122,107,102,58,44,184,104,80,129,69,60,27,21,6,257,131,126,207,127,80
15825,C4920,21,372,District-Sambalpur,Rural,10-19,3562,1885,1677,612,324,288,761,382,379,242,134,108,502,275,227,290,158,132,83,41,42,612,316,296,460,255,205
15826,C4920,21,372,District-Sambalpur,Rural,20-29,3250,1683,1567,493,247,246,614,308,306,162,86,76,720,385,335,219,114,105,177,97,80,571,290,281,294,156,138
15827,C4920,21,372,District-Sambalpur,Rural,30-39,2985,1603,1382,464,251,213,549,275,274,126,74,52,673,394,279,192,87,105,233,118,115,527,275,252,221,129,92
15828,C4920,21,372,District-Sambalpur,Rural,40-49,3132,1736,1396,570,341,229,628,325,303,101,73,28,802,459,343,171,92,79,190,79,111,491,269,222,179,98,81
15829,C4920,21,372,District-Sambalpur,Rural,50-59,2939,1510,1429,604,323,281,571,298,273,80,42,38,874,467,407,88,37,51,137,58,79,361,186,175,224,99,125
15830,C4920,21,372,District-Sambalpur,Rural,60-69,4027,2016,2011,866,435,431,808,431,377,61,30,31,1247,639,608,41,17,24,81,28,53,408,199,209,515,237,278
15831,C4920,21,372,District-Sambalpur,Rural,70-79,2880,1403,1477,598,303,295,594,297,297,14,7,7,883,417,466,20,10,10,21,10,11,230,118,112,520,241,279
15832,C4920,21,372,District-Sambalpur,Rural,80-89,1038,480,558,205,94,111,192,90,102,6,3,3,301,135,166,7,5,2,7,1,6,68,28,40,252,124,128
15833,C4920,21,372,District-Sambalpur,Rural,90+,296,145,151,45,22,23,60,31,29,1,1,0,77,38,39,1,0,1,3,2,1,14,5,9,95,46,49
15834,C4920,21,372,District-Sambalpur,Rural,Age Not Stated,68,28,40,6,2,4,8,4,4,0,0,0,14,6,8,4,3,1,6,2,4,25,9,16,5,2,3
15835,C4920,21,372,District-Sambalpur,Urban,Total,9063,4952,4111,1854,986,868,2208,1145,1063,401,222,179,1319,806,513,402,214,188,245,133,112,2121,1154,967,513,292,221
15836,C4920,21,372,District-Sambalpur,Urban,0-4,478,244,234,128,68,60,129,64,65,8,6,2,20,9,11,18,9,9,3,3,0,150,74,76,22,11,11
15837,C4920,21,372,District-Sambalpur,Urban,5-9,630,352,278,140,72,68,173,98,75,34,19,15,32,20,12,25,14,11,6,2,4,161,91,70,59,36,23
15838,C4920,21,372,District-Sambalpur,Urban,10-19,1542,834,708,346,191,155,381,196,185,83,36,47,140,88,52,95,59,36,23,13,10,352,180,172,122,71,51
15839,C4920,21,372,District-Sambalpur,Urban,20-29,1631,865,766,340,182,158,426,219,207,78,44,34,178,100,78,87,43,44,44,30,14,405,198,207,73,49,24
15840,C4920,21,372,District-Sambalpur,Urban,30-39,1392,794,598,273,154,119,352,183,169,71,44,27,166,109,57,73,40,33,64,32,32,333,198,135,60,34,26
15841,C4920,21,372,District-Sambalpur,Urban,40-49,1223,716,507,217,115,102,286,149,137,60,36,24,221,160,61,52,28,24,38,20,18,319,193,126,30,15,15
15842,C4920,21,372,District-Sambalpur,Urban,50-59,850,478,372,155,84,71,178,100,78,34,19,15,199,126,73,28,11,17,27,11,16,197,111,86,32,16,16
15843,C4920,21,372,District-Sambalpur,Urban,60-69,714,382,332,135,70,65,141,68,73,25,15,10,202,115,87,16,7,9,27,13,14,120,68,52,48,26,22
15844,C4920,21,372,District-Sambalpur,Urban,70-79,399,205,194,89,39,50,93,49,44,8,3,5,109,56,53,5,2,3,9,8,1,57,31,26,29,17,12
15845,C4920,21,372,District-Sambalpur,Urban,80-89,144,58,86,23,9,14,34,13,21,0,0,0,41,17,24,2,0,2,0,0,0,16,5,11,28,14,14
15846,C4920,21,372,District-Sambalpur,Urban,90+,41,15,26,7,1,6,10,5,5,0,0,0,9,4,5,1,1,0,0,0,0,4,1,3,10,3,7
15847,C4920,21,372,District-Sambalpur,Urban,Age Not Stated,19,9,10,1,1,0,5,1,4,0,0,0,2,2,0,0,0,0,4,1,3,7,4,3,0,0,0
15848,C4920,21,373,District-Debagarh,Total,Total,8662,4760,3902,1450,805,645,1480,767,713,439,251,188,2270,1350,920,465,239,226,343,159,184,1323,719,604,892,470,422
15849,C4920,21,373,District-Debagarh,Total,0-4,344,185,159,59,37,22,58,31,27,9,3,6,56,26,30,11,5,6,4,2,2,105,60,45,42,21,21
15850,C4920,21,373,District-Debagarh,Total,5-9,594,366,228,74,47,27,96,52,44,78,55,23,91,57,34,50,28,22,10,8,2,103,60,43,92,59,33
15851,C4920,21,373,District-Debagarh,Total,10-19,1503,823,680,188,111,77,274,140,134,118,70,48,263,159,104,134,60,74,44,19,25,276,147,129,206,117,89
15852,C4920,21,373,District-Debagarh,Total,20-29,1195,645,550,145,75,70,158,71,87,81,46,35,326,203,123,99,51,48,72,41,31,206,106,100,108,52,56
15853,C4920,21,373,District-Debagarh,Total,30-39,1144,634,510,145,87,58,187,95,92,60,34,26,336,203,133,67,36,31,78,38,40,182,95,87,89,46,43
15854,C4920,21,373,District-Debagarh,Total,40-49,972,542,430,154,90,64,128,66,62,36,17,19,317,187,130,53,30,23,66,27,39,161,94,67,57,31,26
15855,C4920,21,373,District-Debagarh,Total,50-59,906,512,394,180,96,84,175,95,80,17,11,6,295,188,107,32,19,13,29,10,19,113,60,53,65,33,32
15856,C4920,21,373,District-Debagarh,Total,60-69,1023,541,482,244,120,124,222,124,98,21,8,13,313,176,137,13,7,6,27,10,17,94,55,39,89,41,48
15857,C4920,21,373,District-Debagarh,Total,70-79,668,346,322,188,101,87,123,63,60,14,4,10,194,108,86,4,2,2,11,3,8,49,26,23,85,39,46
15858,C4920,21,373,District-Debagarh,Total,80-89,230,122,108,58,32,26,47,23,24,3,2,1,57,33,24,1,0,1,2,1,1,17,7,10,45,24,21
15859,C4920,21,373,District-Debagarh,Total,90+,60,33,27,11,8,3,9,6,3,0,0,0,20,9,11,1,1,0,0,0,0,7,2,5,12,7,5
15860,C4920,21,373,District-Debagarh,Total,Age Not Stated,23,11,12,4,1,3,3,1,2,2,1,1,2,1,1,0,0,0,0,0,0,10,7,3,2,0,2
15861,C4920,21,373,District-Debagarh,Rural,Total,7816,4315,3501,1205,671,534,1377,718,659,367,214,153,2110,1251,859,418,218,200,321,151,170,1186,653,533,832,439,393
15862,C4920,21,373,District-Debagarh,Rural,0-4,304,167,137,41,26,15,54,30,24,8,3,5,54,26,28,10,5,5,3,2,1,96,54,42,38,21,17
15863,C4920,21,373,District-Debagarh,Rural,5-9,530,329,201,51,31,20,90,49,41,73,53,20,82,51,31,45,25,20,10,8,2,93,55,38,86,57,29
15864,C4920,21,373,District-Debagarh,Rural,10-19,1341,734,607,147,88,59,258,134,124,108,64,44,248,148,100,124,56,68,41,17,24,226,122,104,189,105,84
15865,C4920,21,373,District-Debagarh,Rural,20-29,1060,578,482,95,49,46,146,66,80,69,38,31,303,190,113,89,45,44,67,40,27,192,101,91,99,49,50
15866,C4920,21,373,District-Debagarh,Rural,30-39,1026,577,449,112,70,42,177,91,86,47,27,20,313,190,123,60,32,28,76,37,39,158,85,73,83,45,38
15867,C4920,21,373,District-Debagarh,Rural,40-49,874,493,381,128,74,54,119,60,59,25,13,12,297,176,121,45,30,15,61,26,35,148,87,61,51,27,24
15868,C4920,21,373,District-Debagarh,Rural,50-59,825,463,362,161,88,73,158,86,72,11,6,5,271,170,101,28,15,13,28,10,18,105,56,49,63,32,31
15869,C4920,21,373,District-Debagarh,Rural,60-69,951,502,449,222,111,111,211,118,93,15,7,8,292,161,131,12,7,5,23,7,16,91,53,38,85,38,47
15870,C4920,21,373,District-Debagarh,Rural,70-79,616,319,297,178,96,82,111,57,54,9,2,7,177,98,79,3,2,1,10,3,7,45,24,21,83,37,46
15871,C4920,21,373,District-Debagarh,Rural,80-89,211,111,100,56,30,26,41,20,21,0,0,0,52,31,21,1,0,1,2,1,1,16,7,9,43,22,21
15872,C4920,21,373,District-Debagarh,Rural,90+,55,31,24,10,7,3,9,6,3,0,0,0,19,9,10,1,1,0,0,0,0,6,2,4,10,6,4
15873,C4920,21,373,District-Debagarh,Rural,Age Not Stated,23,11,12,4,1,3,3,1,2,2,1,1,2,1,1,0,0,0,0,0,0,10,7,3,2,0,2
15874,C4920,21,373,District-Debagarh,Urban,Total,846,445,401,245,134,111,103,49,54,72,37,35,160,99,61,47,21,26,22,8,14,137,66,71,60,31,29
15875,C4920,21,373,District-Debagarh,Urban,0-4,40,18,22,18,11,7,4,1,3,1,0,1,2,0,2,1,0,1,1,0,1,9,6,3,4,0,4
15876,C4920,21,373,District-Debagarh,Urban,5-9,64,37,27,23,16,7,6,3,3,5,2,3,9,6,3,5,3,2,0,0,0,10,5,5,6,2,4
15877,C4920,21,373,District-Debagarh,Urban,10-19,162,89,73,41,23,18,16,6,10,10,6,4,15,11,4,10,4,6,3,2,1,50,25,25,17,12,5
15878,C4920,21,373,District-Debagarh,Urban,20-29,135,67,68,50,26,24,12,5,7,12,8,4,23,13,10,10,6,4,5,1,4,14,5,9,9,3,6
15879,C4920,21,373,District-Debagarh,Urban,30-39,118,57,61,33,17,16,10,4,6,13,7,6,23,13,10,7,4,3,2,1,1,24,10,14,6,1,5
15880,C4920,21,373,District-Debagarh,Urban,40-49,98,49,49,26,16,10,9,6,3,11,4,7,20,11,9,8,0,8,5,1,4,13,7,6,6,4,2
15881,C4920,21,373,District-Debagarh,Urban,50-59,81,49,32,19,8,11,17,9,8,6,5,1,24,18,6,4,4,0,1,0,1,8,4,4,2,1,1
15882,C4920,21,373,District-Debagarh,Urban,60-69,72,39,33,22,9,13,11,6,5,6,1,5,21,15,6,1,0,1,4,3,1,3,2,1,4,3,1
15883,C4920,21,373,District-Debagarh,Urban,70-79,52,27,25,10,5,5,12,6,6,5,2,3,17,10,7,1,0,1,1,0,1,4,2,2,2,2,0
15884,C4920,21,373,District-Debagarh,Urban,80-89,19,11,8,2,2,0,6,3,3,3,2,1,5,2,3,0,0,0,0,0,0,1,0,1,2,2,0
15885,C4920,21,373,District-Debagarh,Urban,90+,5,2,3,1,1,0,0,0,0,0,0,0,1,0,1,0,0,0,0,0,0,1,0,1,2,1,1
15886,C4920,21,373,District-Debagarh,Urban,Age Not Stated,0,0,0,0,0,0,0,0,0,0,0,0,0,0,0,0,0,0,0,0,0,0,0,0,0,0,0
15887,C4920,21,374,District-Sundargarh,Total,Total,49497,26326,23171,7697,4081,3616,9825,4934,4891,2841,1619,1222,11543,6489,5054,2843,1535,1308,1990,978,1012,7965,4232,3733,4793,2458,2335
15888,C4920,21,374,District-Sundargarh,Total,0-4,1930,1044,886,304,162,142,437,212,225,54,30,24,235,135,100,105,58,47,12,7,5,602,335,267,181,105,76
15889,C4920,21,374,District-Sundargarh,Total,5-9,3137,1699,1438,406,226,180,616,296,320,292,167,125,359,212,147,322,184,138,78,49,29,653,329,324,411,236,175
15890,C4920,21,374,District-Sundargarh,Total,10-19,7168,3761,3407,959,506,453,1409,679,730,602,324,278,1036,601,435,748,395,353,229,116,113,1377,687,690,808,453,355
15891,C4920,21,374,District-Sundargarh,Total,20-29,6785,3676,3109,773,423,350,1208,593,615,524,280,244,1482,889,593,558,315,243,361,168,193,1266,661,605,613,347,266
15892,C4920,21,374,District-Sundargarh,Total,30-39,6155,3491,2664,727,417,310,1136,607,529,455,281,174,1383,839,544,420,224,196,434,233,201,1170,664,506,430,226,204
15893,C4920,21,374,District-Sundargarh,Total,40-49,6147,3476,2671,898,515,383,1159,631,528,393,239,154,1567,977,590,355,200,155,403,195,208,1027,543,484,345,176,169
15894,C4920,21,374,District-Sundargarh,Total,50-59,5393,2917,2476,1010,525,485,1086,564,522,247,154,93,1594,910,684,188,92,96,249,104,145,712,421,291,307,147,160
15895,C4920,21,374,District-Sundargarh,Total,60-69,6713,3249,3464,1457,719,738,1457,666,791,167,82,85,1993,1001,992,84,42,42,151,70,81,668,337,331,736,332,404
15896,C4920,21,374,District-Sundargarh,Total,70-79,4203,2052,2151,807,400,407,942,491,451,69,40,29,1329,627,702,37,13,24,54,28,26,335,171,164,630,282,348
15897,C4920,21,374,District-Sundargarh,Total,80-89,1308,665,643,255,139,116,274,135,139,19,11,8,423,223,200,12,4,8,13,5,8,83,38,45,229,110,119
15898,C4920,21,374,District-Sundargarh,Total,90+,374,190,184,70,34,36,63,38,25,8,3,5,110,56,54,6,4,2,1,1,0,23,13,10,93,41,52
15899,C4920,21,374,District-Sundargarh,Total,Age Not Stated,184,106,78,31,15,16,38,22,16,11,8,3,32,19,13,8,4,4,5,2,3,49,33,16,10,3,7
15900,C4920,21,374,District-Sundargarh,Rural,Total,34510,17974,16536,5435,2816,2619,7068,3489,3579,1677,952,725,8328,4554,3774,1848,973,875,1499,728,771,5003,2646,2357,3652,1816,1836
15901,C4920,21,374,District-Sundargarh,Rural,0-4,1300,700,600,173,87,86,302,147,155,34,20,14,182,103,79,65,38,27,7,3,4,397,219,178,140,83,57
15902,C4920,21,374,District-Sundargarh,Rural,5-9,2267,1210,1057,267,146,121,463,211,252,198,113,85,282,175,107,240,131,109,60,37,23,452,223,229,305,174,131
15903,C4920,21,374,District-Sundargarh,Rural,10-19,4886,2557,2329,650,327,323,1023,492,531,400,222,178,730,419,311,511,261,250,176,89,87,812,420,392,584,327,257
15904,C4920,21,374,District-Sundargarh,Rural,20-29,4225,2273,1952,424,231,193,773,375,398,313,169,144,993,590,403,333,185,148,255,116,139,707,375,332,427,232,195
15905,C4920,21,374,District-Sundargarh,Rural,30-39,3961,2176,1785,440,250,190,753,391,362,227,138,89,958,563,395,255,127,128,336,172,164,695,384,311,297,151,146
15906,C4920,21,374,District-Sundargarh,Rural,40-49,4113,2278,1835,607,331,276,800,415,385,203,125,78,1098,668,430,223,123,100,302,153,149,628,336,292,252,127,125
15907,C4920,21,374,District-Sundargarh,Rural,50-59,3820,1992,1828,751,389,362,815,419,396,130,78,52,1108,599,509,123,64,59,189,75,114,470,264,206,234,104,130
15908,C4920,21,374,District-Sundargarh,Rural,60-69,5310,2528,2782,1203,588,615,1155,538,617,112,55,57,1542,736,806,57,29,28,123,60,63,509,256,253,609,266,343
15909,C4920,21,374,District-Sundargarh,Rural,70-79,3236,1544,1692,648,317,331,714,360,354,33,17,16,1013,478,535,22,7,15,40,18,22,239,118,121,527,229,298
15910,C4920,21,374,District-Sundargarh,Rural,80-89,1020,524,496,206,119,87,209,104,105,13,7,6,322,168,154,10,3,7,6,2,4,57,29,28,197,92,105
15911,C4920,21,374,District-Sundargarh,Rural,90+,270,134,136,54,25,29,41,24,17,6,3,3,74,39,35,5,3,2,1,1,0,16,10,6,73,29,44
15912,C4920,21,374,District-Sundargarh,Rural,Age Not Stated,102,58,44,12,6,6,20,13,7,8,5,3,26,16,10,4,2,2,4,2,2,21,12,9,7,2,5
15913,C4920,21,374,District-Sundargarh,Urban,Total,14987,8352,6635,2262,1265,997,2757,1445,1312,1164,667,497,3215,1935,1280,995,562,433,491,250,241,2962,1586,1376,1141,642,499
15914,C4920,21,374,District-Sundargarh,Urban,0-4,630,344,286,131,75,56,135,65,70,20,10,10,53,32,21,40,20,20,5,4,1,205,116,89,41,22,19
15915,C4920,21,374,District-Sundargarh,Urban,5-9,870,489,381,139,80,59,153,85,68,94,54,40,77,37,40,82,53,29,18,12,6,201,106,95,106,62,44
15916,C4920,21,374,District-Sundargarh,Urban,10-19,2282,1204,1078,309,179,130,386,187,199,202,102,100,306,182,124,237,134,103,53,27,26,565,267,298,224,126,98
15917,C4920,21,374,District-Sundargarh,Urban,20-29,2560,1403,1157,349,192,157,435,218,217,211,111,100,489,299,190,225,130,95,106,52,54,559,286,273,186,115,71
15918,C4920,21,374,District-Sundargarh,Urban,30-39,2194,1315,879,287,167,120,383,216,167,228,143,85,425,276,149,165,97,68,98,61,37,475,280,195,133,75,58
15919,C4920,21,374,District-Sundargarh,Urban,40-49,2034,1198,836,291,184,107,359,216,143,190,114,76,469,309,160,132,77,55,101,42,59,399,207,192,93,49,44
15920,C4920,21,374,District-Sundargarh,Urban,50-59,1573,925,648,259,136,123,271,145,126,117,76,41,486,311,175,65,28,37,60,29,31,242,157,85,73,43,30
15921,C4920,21,374,District-Sundargarh,Urban,60-69,1403,721,682,254,131,123,302,128,174,55,27,28,451,265,186,27,13,14,28,10,18,159,81,78,127,66,61
15922,C4920,21,374,District-Sundargarh,Urban,70-79,967,508,459,159,83,76,228,131,97,36,23,13,316,149,167,15,6,9,14,10,4,96,53,43,103,53,50
15923,C4920,21,374,District-Sundargarh,Urban,80-89,288,141,147,49,20,29,65,31,34,6,4,2,101,55,46,2,1,1,7,3,4,26,9,17,32,18,14
15924,C4920,21,374,District-Sundargarh,Urban,90+,104,56,48,16,9,7,22,14,8,2,0,2,36,17,19,1,1,0,0,0,0,7,3,4,20,12,8
15925,C4920,21,374,District-Sundargarh,Urban,Age Not Stated,82,48,34,19,9,10,18,9,9,3,3,0,6,3,3,4,2,2,1,0,1,28,21,7,3,1,2
15926,C4920,21,375,District-Kendujhar,Total,Total,42799,23321,19478,7791,4118,3673,8574,4590,3984,1916,1064,852,8844,5246,3598,2042,1166,876,1668,886,782,8009,4177,3832,3955,2074,1881
15927,C4920,21,375,District-Kendujhar,Total,0-4,2420,1292,1128,405,220,185,399,204,195,40,27,13,211,113,98,67,35,32,10,3,7,1130,600,530,158,90,68
15928,C4920,21,375,District-Kendujhar,Total,5-9,3710,2061,1649,529,313,216,626,343,283,294,164,130,406,256,150,256,150,106,36,27,9,1234,618,616,329,190,139
15929,C4920,21,375,District-Kendujhar,Total,10-19,6790,3711,3079,1022,552,470,1194,622,572,454,242,212,1042,630,412,584,353,231,132,79,53,1653,830,823,709,403,306
15930,C4920,21,375,District-Kendujhar,Total,20-29,5712,3102,2610,789,430,359,1125,579,546,365,205,160,1162,696,466,373,207,166,305,167,138,1170,584,586,423,234,189
15931,C4920,21,375,District-Kendujhar,Total,30-39,5172,2931,2241,757,407,350,1110,604,506,276,147,129,1104,694,410,322,177,145,441,240,201,813,479,334,349,183,166
15932,C4920,21,375,District-Kendujhar,Total,40-49,4933,2916,2017,848,491,357,1050,618,432,214,120,94,1233,805,428,236,135,101,346,179,167,687,382,305,319,186,133
15933,C4920,21,375,District-Kendujhar,Total,50-59,4226,2353,1873,952,487,465,883,491,392,136,89,47,1180,714,466,112,62,50,212,104,108,466,250,216,285,156,129
15934,C4920,21,375,District-Kendujhar,Total,60-69,4987,2604,2383,1277,639,638,1154,598,556,96,44,52,1320,767,553,58,28,30,128,60,68,450,225,225,504,243,261
15935,C4920,21,375,District-Kendujhar,Total,70-79,3237,1568,1669,870,410,460,711,364,347,30,21,9,809,401,408,23,11,12,35,13,22,226,112,114,533,236,297
15936,C4920,21,375,District-Kendujhar,Total,80-89,1144,555,589,262,128,134,229,122,107,9,4,5,297,136,161,7,5,2,18,9,9,72,40,32,250,111,139
15937,C4920,21,375,District-Kendujhar,Total,90+,298,143,155,61,32,29,61,30,31,0,0,0,62,28,34,0,0,0,2,2,0,22,14,8,90,37,53
15938,C4920,21,375,District-Kendujhar,Total,Age Not Stated,170,85,85,19,9,10,32,15,17,2,1,1,18,6,12,4,3,1,3,3,0,86,43,43,6,5,1
15939,C4920,21,375,District-Kendujhar,Rural,Total,38084,20669,17415,7156,3782,3374,7506,4018,3488,1693,934,759,8060,4742,3318,1816,1024,792,1506,802,704,6768,3508,3260,3579,1859,1720
15940,C4920,21,375,District-Kendujhar,Rural,0-4,2158,1151,1007,368,200,168,347,177,170,34,23,11,198,106,92,63,33,30,9,2,7,996,530,466,143,80,63
15941,C4920,21,375,District-Kendujhar,Rural,5-9,3283,1808,1475,475,278,197,536,291,245,268,145,123,372,234,138,246,142,104,30,22,8,1072,530,542,284,166,118
15942,C4920,21,375,District-Kendujhar,Rural,10-19,5865,3201,2664,909,494,415,1012,531,481,393,210,183,952,576,376,522,314,208,118,70,48,1364,678,686,595,328,267
15943,C4920,21,375,District-Kendujhar,Rural,20-29,4951,2690,2261,703,379,324,966,498,468,317,178,139,1036,621,415,325,180,145,283,153,130,947,472,475,374,209,165
15944,C4920,21,375,District-Kendujhar,Rural,30-39,4506,2557,1949,677,370,307,943,517,426,249,134,115,975,613,362,289,157,132,399,217,182,656,386,270,318,163,155
15945,C4920,21,375,District-Kendujhar,Rural,40-49,4337,2543,1794,767,447,320,899,518,381,187,103,84,1109,717,392,201,108,93,310,163,147,574,316,258,290,171,119
15946,C4920,21,375,District-Kendujhar,Rural,50-59,3798,2108,1690,885,452,433,780,441,339,121,77,44,1071,634,437,90,48,42,187,94,93,398,218,180,266,144,122
15947,C4920,21,375,District-Kendujhar,Rural,60-69,4645,2417,2228,1221,611,610,1065,549,516,88,41,47,1227,710,517,50,24,26,121,57,64,396,194,202,477,231,246
15948,C4920,21,375,District-Kendujhar,Rural,70-79,3036,1469,1567,831,391,440,669,346,323,27,19,8,757,369,388,21,11,10,29,12,17,203,98,105,499,223,276
15949,C4920,21,375,District-Kendujhar,Rural,80-89,1071,512,559,246,120,126,205,110,95,7,3,4,285,129,156,6,4,2,15,7,8,65,35,30,242,104,138
15950,C4920,21,375,District-Kendujhar,Rural,90+,283,136,147,59,31,28,56,27,29,0,0,0,60,27,33,0,0,0,2,2,0,21,14,7,85,35,50
15951,C4920,21,375,District-Kendujhar,Rural,Age Not Stated,151,77,74,15,9,6,28,13,15,2,1,1,18,6,12,3,3,0,3,3,0,76,37,39,6,5,1
15952,C4920,21,375,District-Kendujhar,Urban,Total,4715,2652,2063,635,336,299,1068,572,496,223,130,93,784,504,280,226,142,84,162,84,78,1241,669,572,376,215,161
15953,C4920,21,375,District-Kendujhar,Urban,0-4,262,141,121,37,20,17,52,27,25,6,4,2,13,7,6,4,2,2,1,1,0,134,70,64,15,10,5
15954,C4920,21,375,District-Kendujhar,Urban,5-9,427,253,174,54,35,19,90,52,38,26,19,7,34,22,12,10,8,2,6,5,1,162,88,74,45,24,21
15955,C4920,21,375,District-Kendujhar,Urban,10-19,925,510,415,113,58,55,182,91,91,61,32,29,90,54,36,62,39,23,14,9,5,289,152,137,114,75,39
15956,C4920,21,375,District-Kendujhar,Urban,20-29,761,412,349,86,51,35,159,81,78,48,27,21,126,75,51,48,27,21,22,14,8,223,112,111,49,25,24
15957,C4920,21,375,District-Kendujhar,Urban,30-39,666,374,292,80,37,43,167,87,80,27,13,14,129,81,48,33,20,13,42,23,19,157,93,64,31,20,11
15958,C4920,21,375,District-Kendujhar,Urban,40-49,596,373,223,81,44,37,151,100,51,27,17,10,124,88,36,35,27,8,36,16,20,113,66,47,29,15,14
15959,C4920,21,375,District-Kendujhar,Urban,50-59,428,245,183,67,35,32,103,50,53,15,12,3,109,80,29,22,14,8,25,10,15,68,32,36,19,12,7
15960,C4920,21,375,District-Kendujhar,Urban,60-69,342,187,155,56,28,28,89,49,40,8,3,5,93,57,36,8,4,4,7,3,4,54,31,23,27,12,15
15961,C4920,21,375,District-Kendujhar,Urban,70-79,201,99,102,39,19,20,42,18,24,3,2,1,52,32,20,2,0,2,6,1,5,23,14,9,34,13,21
15962,C4920,21,375,District-Kendujhar,Urban,80-89,73,43,30,16,8,8,24,12,12,2,1,1,12,7,5,1,1,0,3,2,1,7,5,2,8,7,1
15963,C4920,21,375,District-Kendujhar,Urban,90+,15,7,8,2,1,1,5,3,2,0,0,0,2,1,1,0,0,0,0,0,0,1,0,1,5,2,3
15964,C4920,21,375,District-Kendujhar,Urban,Age Not Stated,19,8,11,4,0,4,4,2,2,0,0,0,0,0,0,1,0,1,0,0,0,10,6,4,0,0,0
15965,C4920,21,376,District-Mayurbhanj,Total,Total,68387,36956,31431,12872,6832,6040,14454,7656,6798,3063,1643,1420,14991,8483,6508,3801,2069,1732,2822,1428,1394,9028,4935,4093,7356,3910,3446
15966,C4920,21,376,District-Mayurbhanj,Total,0-4,2666,1416,1250,576,276,300,595,305,290,64,39,25,341,192,149,142,82,60,17,13,4,674,364,310,257,145,112
15967,C4920,21,376,District-Mayurbhanj,Total,5-9,4986,2770,2216,895,488,407,1041,538,503,478,276,202,594,355,239,459,269,190,60,38,22,852,457,395,607,349,258
15968,C4920,21,376,District-Mayurbhanj,Total,10-19,10667,5841,4826,1837,963,874,2258,1213,1045,784,395,389,1555,885,670,1003,574,429,268,145,123,1598,885,713,1364,781,583
15969,C4920,21,376,District-Mayurbhanj,Total,20-29,8520,4649,3871,1257,661,596,1718,926,792,550,300,250,1651,977,674,670,335,335,490,278,212,1350,730,620,834,442,392
15970,C4920,21,376,District-Mayurbhanj,Total,30-39,8085,4479,3606,1312,730,582,1588,823,765,399,215,184,1785,1120,665,565,296,269,605,314,291,1193,642,551,638,339,299
15971,C4920,21,376,District-Mayurbhanj,Total,40-49,8894,4961,3933,1639,949,690,1823,986,837,327,175,152,2141,1225,916,449,245,204,655,322,333,1200,691,509,660,368,292
15972,C4920,21,376,District-Mayurbhanj,Total,50-59,7800,4294,3506,1604,879,725,1705,913,792,217,124,93,2165,1254,911,265,140,125,399,185,214,869,473,396,576,326,250
15973,C4920,21,376,District-Mayurbhanj,Total,60-69,8703,4570,4133,2038,1013,1025,1937,1034,903,154,77,77,2482,1378,1104,158,85,73,214,89,125,794,424,370,926,470,456
15974,C4920,21,376,District-Mayurbhanj,Total,70-79,5500,2697,2803,1219,620,599,1220,608,612,60,29,31,1580,766,814,67,28,39,93,38,55,365,197,168,896,411,485
15975,C4920,21,376,District-Mayurbhanj,Total,80-89,1900,944,956,384,198,186,435,230,205,15,6,9,516,244,272,13,8,5,12,3,9,84,49,35,441,206,235
15976,C4920,21,376,District-Mayurbhanj,Total,90+,500,252,248,88,46,42,92,54,38,2,0,2,153,76,77,3,3,0,4,1,3,15,7,8,143,65,78
15977,C4920,21,376,District-Mayurbhanj,Total,Age Not Stated,166,83,83,23,9,14,42,26,16,13,7,6,28,11,17,7,4,3,5,2,3,34,16,18,14,8,6
15978,C4920,21,376,District-Mayurbhanj,Rural,Total,63340,33975,29365,12104,6422,5682,13245,6895,6350,2745,1479,1266,13994,7893,6101,3416,1820,1596,2612,1301,1311,8340,4549,3791,6884,3616,3268
15979,C4920,21,376,District-Mayurbhanj,Rural,0-4,2504,1328,1176,556,268,288,552,280,272,59,36,23,321,182,139,135,77,58,16,12,4,617,336,281,248,137,111
15980,C4920,21,376,District-Mayurbhanj,Rural,5-9,4664,2570,2094,846,463,383,985,510,475,445,256,189,565,336,229,410,228,182,55,36,19,801,426,375,557,315,242
15981,C4920,21,376,District-Mayurbhanj,Rural,10-19,9684,5222,4462,1669,876,793,1961,988,973,718,361,357,1463,831,632,869,479,390,253,138,115,1495,832,663,1256,717,539
15982,C4920,21,376,District-Mayurbhanj,Rural,20-29,7705,4152,3553,1158,611,547,1443,731,712,488,267,221,1533,911,622,612,307,305,450,247,203,1245,666,579,776,412,364
15983,C4920,21,376,District-Mayurbhanj,Rural,30-39,7462,4130,3332,1235,690,545,1456,761,695,347,193,154,1661,1039,622,516,267,249,565,292,273,1094,582,512,588,306,282
15984,C4920,21,376,District-Mayurbhanj,Rural,40-49,8218,4562,3656,1543,892,651,1699,918,781,278,149,129,1974,1131,843,406,215,191,608,290,318,1102,635,467,608,332,276
15985,C4920,21,376,District-Mayurbhanj,Rural,50-59,7241,3958,3283,1514,822,692,1603,855,748,192,108,84,2002,1153,849,242,127,115,362,163,199,783,427,356,543,303,240
15986,C4920,21,376,District-Mayurbhanj,Rural,60-69,8265,4318,3947,1957,970,987,1860,992,868,140,70,70,2349,1293,1056,145,80,65,196,81,115,735,388,347,883,444,439
15987,C4920,21,376,District-Mayurbhanj,Rural,70-79,5216,2550,2666,1164,592,572,1159,578,581,53,27,26,1478,712,766,61,26,35,90,37,53,343,186,157,868,392,476
15988,C4920,21,376,District-Mayurbhanj,Rural,80-89,1774,892,882,362,189,173,412,221,191,11,6,5,476,225,251,11,7,4,9,3,6,80,49,31,413,192,221
15989,C4920,21,376,District-Mayurbhanj,Rural,90+,463,226,237,79,41,38,83,45,38,2,0,2,145,69,76,3,3,0,4,1,3,14,7,7,133,60,73
15990,C4920,21,376,District-Mayurbhanj,Rural,Age Not Stated,144,67,77,21,8,13,32,16,16,12,6,6,27,11,16,6,4,2,4,1,3,31,15,16,11,6,5
15991,C4920,21,376,District-Mayurbhanj,Urban,Total,5047,2981,2066,768,410,358,1209,761,448,318,164,154,997,590,407,385,249,136,210,127,83,688,386,302,472,294,178
15992,C4920,21,376,District-Mayurbhanj,Urban,0-4,162,88,74,20,8,12,43,25,18,5,3,2,20,10,10,7,5,2,1,1,0,57,28,29,9,8,1
15993,C4920,21,376,District-Mayurbhanj,Urban,5-9,322,200,122,49,25,24,56,28,28,33,20,13,29,19,10,49,41,8,5,2,3,51,31,20,50,34,16
15994,C4920,21,376,District-Mayurbhanj,Urban,10-19,983,619,364,168,87,81,297,225,72,66,34,32,92,54,38,134,95,39,15,7,8,103,53,50,108,64,44
15995,C4920,21,376,District-Mayurbhanj,Urban,20-29,815,497,318,99,50,49,275,195,80,62,33,29,118,66,52,58,28,30,40,31,9,105,64,41,58,30,28
15996,C4920,21,376,District-Mayurbhanj,Urban,30-39,623,349,274,77,40,37,132,62,70,52,22,30,124,81,43,49,29,20,40,22,18,99,60,39,50,33,17
15997,C4920,21,376,District-Mayurbhanj,Urban,40-49,676,399,277,96,57,39,124,68,56,49,26,23,167,94,73,43,30,13,47,32,15,98,56,42,52,36,16
15998,C4920,21,376,District-Mayurbhanj,Urban,50-59,559,336,223,90,57,33,102,58,44,25,16,9,163,101,62,23,13,10,37,22,15,86,46,40,33,23,10
15999,C4920,21,376,District-Mayurbhanj,Urban,60-69,438,252,186,81,43,38,77,42,35,14,7,7,133,85,48,13,5,8,18,8,10,59,36,23,43,26,17
16000,C4920,21,376,District-Mayurbhanj,Urban,70-79,284,147,137,55,28,27,61,30,31,7,2,5,102,54,48,6,2,4,3,1,2,22,11,11,28,19,9
16001,C4920,21,376,District-Mayurbhanj,Urban,80-89,126,52,74,22,9,13,23,9,14,4,0,4,40,19,21,2,1,1,3,0,3,4,0,4,28,14,14
16002,C4920,21,376,District-Mayurbhanj,Urban,90+,37,26,11,9,5,4,9,9,0,0,0,0,8,7,1,0,0,0,0,0,0,1,0,1,10,5,5
16003,C4920,21,376,District-Mayurbhanj,Urban,Age Not Stated,22,16,6,2,1,1,10,10,0,1,1,0,1,0,1,1,0,1,1,1,0,3,1,2,3,2,1
16004,C4920,21,377,District-Baleshwar,Total,Total,70736,39577,31159,13880,7344,6536,14367,7557,6810,4110,2418,1692,14640,9135,5505,4732,2663,2069,2793,1431,1362,8883,5020,3863,7331,4009,3322
16005,C4920,21,377,District-Baleshwar,Total,0-4,2580,1428,1152,450,236,214,502,277,225,88,50,38,397,231,166,168,97,71,23,16,7,671,356,315,281,165,116
16006,C4920,21,377,District-Baleshwar,Total,5-9,4620,2645,1975,629,344,285,961,494,467,587,354,233,587,373,214,474,277,197,108,63,45,648,348,300,626,392,234
16007,C4920,21,377,District-Baleshwar,Total,10-19,11010,6222,4788,1754,935,819,2473,1301,1172,1024,636,388,1470,882,588,1180,706,474,313,161,152,1593,889,704,1203,712,491
16008,C4920,21,377,District-Baleshwar,Total,20-29,9429,5301,4128,1376,747,629,1879,978,901,696,387,309,1787,1167,620,876,501,375,457,251,206,1394,768,626,964,502,462
16009,C4920,21,377,District-Baleshwar,Total,30-39,9126,5205,3921,1411,755,656,1832,968,864,584,344,240,1892,1231,661,772,412,360,575,306,269,1358,798,560,702,391,311
16010,C4920,21,377,District-Baleshwar,Total,40-49,8972,5198,3774,1740,976,764,1820,973,847,450,267,183,2075,1380,695,563,297,266,548,279,269,1172,674,498,604,352,252
16011,C4920,21,377,District-Baleshwar,Total,50-59,7452,4168,3284,1770,953,817,1355,684,671,270,150,120,1909,1194,715,372,205,167,386,179,207,840,503,337,550,300,250
16012,C4920,21,377,District-Baleshwar,Total,60-69,8403,4589,3814,2267,1138,1129,1704,885,819,252,149,103,2214,1374,840,215,117,98,226,106,120,701,414,287,824,406,418
16013,C4920,21,377,District-Baleshwar,Total,70-79,6072,3214,2858,1668,854,814,1262,692,570,116,59,57,1567,891,676,78,32,46,118,50,68,353,180,173,910,456,454
16014,C4920,21,377,District-Baleshwar,Total,80-89,2429,1318,1111,650,331,319,478,257,221,33,18,15,600,348,252,28,19,9,28,15,13,115,68,47,497,262,235
16015,C4920,21,377,District-Baleshwar,Total,90+,534,237,297,144,67,77,81,39,42,3,1,2,117,49,68,3,0,3,6,1,5,21,13,8,159,67,92
16016,C4920,21,377,District-Baleshwar,Total,Age Not Stated,109,52,57,21,8,13,20,9,11,7,3,4,25,15,10,3,0,3,5,4,1,17,9,8,11,4,7
16017,C4920,21,377,District-Baleshwar,Rural,Total,64885,36292,28593,13068,6920,6148,13092,6905,6187,3691,2199,1492,13373,8335,5038,4304,2415,1889,2544,1294,1250,8056,4546,3510,6757,3678,3079
16018,C4920,21,377,District-Baleshwar,Rural,0-4,2359,1318,1041,420,223,197,440,250,190,81,47,34,368,213,155,155,87,68,22,15,7,609,328,281,264,155,109
16019,C4920,21,377,District-Baleshwar,Rural,5-9,4292,2456,1836,607,337,270,891,451,440,544,330,214,539,342,197,438,256,182,99,56,43,596,320,276,578,364,214
16020,C4920,21,377,District-Baleshwar,Rural,10-19,10049,5697,4352,1628,866,762,2227,1172,1055,926,583,343,1355,818,537,1091,657,434,288,151,137,1449,810,639,1085,640,445
16021,C4920,21,377,District-Baleshwar,Rural,20-29,8520,4795,3725,1265,683,582,1678,878,800,621,353,268,1615,1060,555,790,454,336,417,227,190,1242,678,564,892,462,430
16022,C4920,21,377,District-Baleshwar,Rural,30-39,8322,4745,3577,1316,700,616,1673,889,784,514,308,206,1744,1134,610,698,375,323,515,267,248,1224,717,507,638,355,283
16023,C4920,21,377,District-Baleshwar,Rural,40-49,8143,4711,3432,1642,924,718,1661,890,771,390,229,161,1858,1237,621,499,259,240,499,251,248,1046,604,442,548,317,231
16024,C4920,21,377,District-Baleshwar,Rural,50-59,6852,3804,3048,1682,900,782,1243,624,619,240,135,105,1708,1061,647,335,175,160,347,160,187,780,471,309,517,278,239
16025,C4920,21,377,District-Baleshwar,Rural,60-69,7870,4300,3570,2158,1089,1069,1594,836,758,234,141,93,2053,1273,780,196,106,90,215,101,114,647,380,267,773,374,399
16026,C4920,21,377,District-Baleshwar,Rural,70-79,5630,2977,2653,1570,810,760,1168,639,529,102,51,51,1451,818,633,70,28,42,105,47,58,325,160,165,839,424,415
16027,C4920,21,377,District-Baleshwar,Rural,80-89,2261,1226,1035,625,317,308,424,232,192,32,18,14,557,323,234,27,18,9,26,14,12,105,60,45,465,244,221
16028,C4920,21,377,District-Baleshwar,Rural,90+,491,217,274,136,64,72,75,35,40,2,1,1,102,43,59,3,0,3,6,1,5,20,12,8,147,61,86
16029,C4920,21,377,District-Baleshwar,Rural,Age Not Stated,96,46,50,19,7,12,18,9,9,5,3,2,23,13,10,2,0,2,5,4,1,13,6,7,11,4,7
16030,C4920,21,377,District-Baleshwar,Urban,Total,5851,3285,2566,812,424,388,1275,652,623,419,219,200,1267,800,467,428,248,180,249,137,112,827,474,353,574,331,243
16031,C4920,21,377,District-Baleshwar,Urban,0-4,221,110,111,30,13,17,62,27,35,7,3,4,29,18,11,13,10,3,1,1,0,62,28,34,17,10,7
16032,C4920,21,377,District-Baleshwar,Urban,5-9,328,189,139,22,7,15,70,43,27,43,24,19,48,31,17,36,21,15,9,7,2,52,28,24,48,28,20
16033,C4920,21,377,District-Baleshwar,Urban,10-19,961,525,436,126,69,57,246,129,117,98,53,45,115,64,51,89,49,40,25,10,15,144,79,65,118,72,46
16034,C4920,21,377,District-Baleshwar,Urban,20-29,909,506,403,111,64,47,201,100,101,75,34,41,172,107,65,86,47,39,40,24,16,152,90,62,72,40,32
16035,C4920,21,377,District-Baleshwar,Urban,30-39,804,460,344,95,55,40,159,79,80,70,36,34,148,97,51,74,37,37,60,39,21,134,81,53,64,36,28
16036,C4920,21,377,District-Baleshwar,Urban,40-49,829,487,342,98,52,46,159,83,76,60,38,22,217,143,74,64,38,26,49,28,21,126,70,56,56,35,21
16037,C4920,21,377,District-Baleshwar,Urban,50-59,600,364,236,88,53,35,112,60,52,30,15,15,201,133,68,37,30,7,39,19,20,60,32,28,33,22,11
16038,C4920,21,377,District-Baleshwar,Urban,60-69,533,289,244,109,49,60,110,49,61,18,8,10,161,101,60,19,11,8,11,5,6,54,34,20,51,32,19
16039,C4920,21,377,District-Baleshwar,Urban,70-79,442,237,205,98,44,54,94,53,41,14,8,6,116,73,43,8,4,4,13,3,10,28,20,8,71,32,39
16040,C4920,21,377,District-Baleshwar,Urban,80-89,168,92,76,25,14,11,54,25,29,1,0,1,43,25,18,1,1,0,2,1,1,10,8,2,32,18,14
16041,C4920,21,377,District-Baleshwar,Urban,90+,43,20,23,8,3,5,6,4,2,1,0,1,15,6,9,0,0,0,0,0,0,1,1,0,12,6,6
16042,C4920,21,377,District-Baleshwar,Urban,Age Not Stated,13,6,7,2,1,1,2,0,2,2,0,2,2,2,0,1,0,1,0,0,0,4,3,1,0,0,0
16043,C4920,21,378,District-Bhadrak,Total,Total,42085,23135,18950,8815,4595,4220,9327,4799,4528,2137,1235,902,7727,4882,2845,2516,1402,1114,1484,853,631,6298,3333,2965,3781,2036,1745
16044,C4920,21,378,District-Bhadrak,Total,0-4,1749,889,860,341,169,172,435,213,222,38,21,17,181,100,81,61,28,33,12,7,5,573,294,279,108,57,51
16045,C4920,21,378,District-Bhadrak,Total,5-9,2889,1594,1295,460,236,224,611,321,290,356,221,135,330,200,130,201,110,91,47,26,21,629,332,297,255,148,107
16046,C4920,21,378,District-Bhadrak,Total,10-19,7166,3892,3274,1323,694,629,1607,799,808,623,359,264,862,515,347,647,373,274,138,84,54,1358,711,647,608,357,251
16047,C4920,21,378,District-Bhadrak,Total,20-29,5957,3301,2656,1003,514,489,1363,685,678,351,193,158,1045,700,345,472,261,211,234,139,95,1027,537,490,462,272,190
16048,C4920,21,378,District-Bhadrak,Total,30-39,5020,2805,2215,837,451,386,1166,580,586,240,138,102,883,604,279,413,223,190,333,181,152,783,436,347,365,192,173
16049,C4920,21,378,District-Bhadrak,Total,40-49,4905,2910,1995,1048,590,458,1138,638,500,199,117,82,938,656,282,357,208,149,310,188,122,621,344,277,294,169,125
16050,C4920,21,378,District-Bhadrak,Total,50-59,4021,2328,1693,934,515,419,893,468,425,146,78,68,926,622,304,194,106,88,206,106,100,461,272,189,261,161,100
16051,C4920,21,378,District-Bhadrak,Total,60-69,4347,2266,2081,1198,573,625,933,477,456,104,59,45,1074,641,433,104,58,46,132,78,54,360,174,186,442,206,236
16052,C4920,21,378,District-Bhadrak,Total,70-79,4051,2103,1948,1170,576,594,819,414,405,60,36,24,996,571,425,49,27,22,58,34,24,316,151,165,583,294,289
16053,C4920,21,378,District-Bhadrak,Total,80-89,1549,846,703,405,232,173,290,175,115,16,11,5,404,228,176,11,3,8,10,8,2,112,55,57,301,134,167
16054,C4920,21,378,District-Bhadrak,Total,90+,343,158,185,73,34,39,55,21,34,3,1,2,82,43,39,5,4,1,4,2,2,22,7,15,99,46,53
16055,C4920,21,378,District-Bhadrak,Total,Age Not Stated,88,43,45,23,11,12,17,8,9,1,1,0,6,2,4,2,1,1,0,0,0,36,20,16,3,0,3
16056,C4920,21,378,District-Bhadrak,Rural,Total,36387,20095,16292,7274,3815,3459,7944,4113,3831,1840,1071,769,6882,4357,2525,2250,1262,988,1298,748,550,5535,2923,2612,3364,1806,1558
16057,C4920,21,378,District-Bhadrak,Rural,0-4,1518,772,746,267,137,130,380,183,197,32,19,13,162,90,72,55,25,30,12,7,5,513,261,252,97,50,47
16058,C4920,21,378,District-Bhadrak,Rural,5-9,2535,1406,1129,369,192,177,526,277,249,320,205,115,300,184,116,191,105,86,42,25,17,561,288,273,226,130,96
16059,C4920,21,378,District-Bhadrak,Rural,10-19,6263,3422,2841,1109,583,526,1380,692,688,548,315,233,755,448,307,595,349,246,119,71,48,1196,630,566,561,334,227
16060,C4920,21,378,District-Bhadrak,Rural,20-29,5145,2849,2296,820,416,404,1155,575,580,293,162,131,949,640,309,406,226,180,203,125,78,900,458,442,419,247,172
16061,C4920,21,378,District-Bhadrak,Rural,30-39,4349,2436,1913,680,374,306,987,487,500,205,114,91,793,541,252,367,198,169,294,156,138,688,389,299,335,177,158
16062,C4920,21,378,District-Bhadrak,Rural,40-49,4190,2506,1684,875,496,379,939,536,403,160,93,67,835,581,254,320,189,131,271,166,105,534,300,234,256,145,111
16063,C4920,21,378,District-Bhadrak,Rural,50-59,3436,2000,1436,753,413,340,754,405,349,128,70,58,815,547,268,165,87,78,180,94,86,408,242,166,233,142,91
16064,C4920,21,378,District-Bhadrak,Rural,60-69,3756,1969,1787,976,473,503,810,421,389,90,53,37,968,576,392,95,54,41,112,64,48,317,151,166,388,177,211
16065,C4920,21,378,District-Bhadrak,Rural,70-79,3495,1829,1666,987,487,500,700,360,340,48,29,19,894,514,380,41,23,18,54,32,22,272,133,139,499,251,248
16066,C4920,21,378,District-Bhadrak,Rural,80-89,1335,736,599,354,205,149,256,154,102,14,11,3,339,199,140,10,2,8,7,6,1,96,46,50,259,113,146
16067,C4920,21,378,District-Bhadrak,Rural,90+,295,134,161,66,29,37,47,18,29,2,0,2,68,36,32,3,3,0,4,2,2,16,6,10,89,40,49
16068,C4920,21,378,District-Bhadrak,Rural,Age Not Stated,70,36,34,18,10,8,10,5,5,0,0,0,4,1,3,2,1,1,0,0,0,34,19,15,2,0,2
16069,C4920,21,378,District-Bhadrak,Urban,Total,5698,3040,2658,1541,780,761,1383,686,697,297,164,133,845,525,320,266,140,126,186,105,81,763,410,353,417,230,187
16070,C4920,21,378,District-Bhadrak,Urban,0-4,231,117,114,74,32,42,55,30,25,6,2,4,19,10,9,6,3,3,0,0,0,60,33,27,11,7,4
16071,C4920,21,378,District-Bhadrak,Urban,5-9,354,188,166,91,44,47,85,44,41,36,16,20,30,16,14,10,5,5,5,1,4,68,44,24,29,18,11
16072,C4920,21,378,District-Bhadrak,Urban,10-19,903,470,433,214,111,103,227,107,120,75,44,31,107,67,40,52,24,28,19,13,6,162,81,81,47,23,24
16073,C4920,21,378,District-Bhadrak,Urban,20-29,812,452,360,183,98,85,208,110,98,58,31,27,96,60,36,66,35,31,31,14,17,127,79,48,43,25,18
16074,C4920,21,378,District-Bhadrak,Urban,30-39,671,369,302,157,77,80,179,93,86,35,24,11,90,63,27,46,25,21,39,25,14,95,47,48,30,15,15
16075,C4920,21,378,District-Bhadrak,Urban,40-49,715,404,311,173,94,79,199,102,97,39,24,15,103,75,28,37,19,18,39,22,17,87,44,43,38,24,14
16076,C4920,21,378,District-Bhadrak,Urban,50-59,585,328,257,181,102,79,139,63,76,18,8,10,111,75,36,29,19,10,26,12,14,53,30,23,28,19,9
16077,C4920,21,378,District-Bhadrak,Urban,60-69,591,297,294,222,100,122,123,56,67,14,6,8,106,65,41,9,4,5,20,14,6,43,23,20,54,29,25
16078,C4920,21,378,District-Bhadrak,Urban,70-79,556,274,282,183,89,94,119,54,65,12,7,5,102,57,45,8,4,4,4,2,2,44,18,26,84,43,41
16079,C4920,21,378,District-Bhadrak,Urban,80-89,214,110,104,51,27,24,34,21,13,2,0,2,65,29,36,1,1,0,3,2,1,16,9,7,42,21,21
16080,C4920,21,378,District-Bhadrak,Urban,90+,48,24,24,7,5,2,8,3,5,1,1,0,14,7,7,2,1,1,0,0,0,6,1,5,10,6,4
16081,C4920,21,378,District-Bhadrak,Urban,Age Not Stated,18,7,11,5,1,4,7,3,4,1,1,0,2,1,1,0,0,0,0,0,0,2,1,1,1,0,1
16082,C4920,21,379,District-Kendrapara ,Total,Total,40110,22503,17607,6309,3293,3016,7643,3920,3723,2084,1228,856,9314,5808,3506,3017,1706,1311,1727,970,757,6067,3377,2690,3949,2201,1748
16083,C4920,21,379,District-Kendrapara ,Total,0-4,1442,784,658,225,111,114,347,175,172,44,27,17,192,111,81,79,49,30,8,3,5,415,221,194,132,87,45
16084,C4920,21,379,District-Kendrapara ,Total,5-9,2362,1360,1002,341,185,156,431,224,207,251,155,96,291,187,104,301,180,121,34,17,17,416,233,183,297,179,118
16085,C4920,21,379,District-Kendrapara ,Total,10-19,5745,3235,2510,848,449,399,1090,553,537,502,301,201,871,514,357,735,429,306,133,82,51,956,538,418,610,369,241
16086,C4920,21,379,District-Kendrapara ,Total,20-29,5375,2990,2385,656,353,303,1037,510,527,354,196,158,1049,661,388,523,298,225,292,178,114,988,511,477,476,283,193
16087,C4920,21,379,District-Kendrapara ,Total,30-39,4867,2754,2113,604,332,272,842,411,431,262,146,116,1023,684,339,479,260,219,374,216,158,908,493,415,375,212,163
16088,C4920,21,379,District-Kendrapara ,Total,40-49,4620,2747,1873,673,373,300,868,451,417,232,144,88,1016,727,289,411,220,191,367,206,161,765,447,318,288,179,109
16089,C4920,21,379,District-Kendrapara ,Total,50-59,3778,2246,1532,604,325,279,688,376,312,205,116,89,970,658,312,217,126,91,253,139,114,609,360,249,232,146,86
16090,C4920,21,379,District-Kendrapara ,Total,60-69,4667,2570,2097,968,488,480,865,440,425,126,81,45,1453,871,582,163,86,77,167,87,80,520,301,219,405,216,189
16091,C4920,21,379,District-Kendrapara ,Total,70-79,4639,2404,2235,929,437,492,973,493,480,82,50,32,1559,894,665,76,40,36,70,31,39,330,181,149,620,278,342
16092,C4920,21,379,District-Kendrapara ,Total,80-89,2065,1126,939,379,199,180,407,234,173,19,10,9,714,397,317,25,14,11,19,9,10,109,62,47,393,201,192
16093,C4920,21,379,District-Kendrapara ,Total,90+,419,206,213,68,34,34,56,25,31,4,1,3,146,85,61,7,3,4,8,1,7,24,13,11,106,44,62
16094,C4920,21,379,District-Kendrapara ,Total,Age Not Stated,131,81,50,14,7,7,39,28,11,3,1,2,30,19,11,1,1,0,2,1,1,27,17,10,15,7,8
16095,C4920,21,379,District-Kendrapara ,Rural,Total,38058,21318,16740,5971,3114,2857,7334,3769,3565,1996,1175,821,8804,5483,3321,2791,1564,1227,1618,898,720,5839,3242,2597,3705,2073,1632
16096,C4920,21,379,District-Kendrapara ,Rural,0-4,1373,742,631,216,105,111,335,169,166,42,27,15,182,103,79,68,42,26,8,3,5,398,211,187,124,82,42
16097,C4920,21,379,District-Kendrapara ,Rural,5-9,2244,1286,958,323,175,148,412,212,200,238,148,90,281,182,99,278,161,117,34,17,17,397,222,175,281,169,112
16098,C4920,21,379,District-Kendrapara ,Rural,10-19,5428,3040,2388,810,425,385,1043,520,523,473,280,193,815,482,333,668,389,279,125,77,48,917,515,402,577,352,225
16099,C4920,21,379,District-Kendrapara ,Rural,20-29,5087,2820,2267,622,334,288,991,488,503,342,188,154,972,608,364,486,277,209,271,165,106,956,495,461,447,265,182
16100,C4920,21,379,District-Kendrapara ,Rural,30-39,4619,2605,2014,569,313,256,810,394,416,251,139,112,959,644,315,451,246,205,349,198,151,870,468,402,360,203,157
16101,C4920,21,379,District-Kendrapara ,Rural,40-49,4390,2611,1779,641,357,284,838,437,401,223,137,86,966,696,270,383,201,182,338,187,151,734,430,304,267,166,101
16102,C4920,21,379,District-Kendrapara ,Rural,50-59,3602,2139,1463,562,305,257,672,372,300,198,113,85,930,629,301,204,115,89,235,126,109,585,345,240,216,134,82
16103,C4920,21,379,District-Kendrapara ,Rural,60-69,4444,2448,1996,916,462,454,828,424,404,126,81,45,1373,818,555,154,81,73,161,84,77,506,293,213,380,205,175
16104,C4920,21,379,District-Kendrapara ,Rural,70-79,4402,2285,2117,876,407,469,932,480,452,80,50,30,1484,845,639,74,39,35,68,30,38,319,173,146,569,261,308
16105,C4920,21,379,District-Kendrapara ,Rural,80-89,1945,1067,878,358,191,167,382,221,161,17,10,7,671,374,297,19,10,9,19,9,10,109,62,47,370,190,180
16106,C4920,21,379,District-Kendrapara ,Rural,90+,400,198,202,65,33,32,53,25,28,3,1,2,142,83,59,5,2,3,8,1,7,23,13,10,101,40,61
16107,C4920,21,379,District-Kendrapara ,Rural,Age Not Stated,124,77,47,13,7,6,38,27,11,3,1,2,29,19,10,1,1,0,2,1,1,25,15,10,13,6,7
16108,C4920,21,379,District-Kendrapara ,Urban,Total,2052,1185,867,338,179,159,309,151,158,88,53,35,510,325,185,226,142,84,109,72,37,228,135,93,244,128,116
16109,C4920,21,379,District-Kendrapara ,Urban,0-4,69,42,27,9,6,3,12,6,6,2,0,2,10,8,2,11,7,4,0,0,0,17,10,7,8,5,3
16110,C4920,21,379,District-Kendrapara ,Urban,5-9,118,74,44,18,10,8,19,12,7,13,7,6,10,5,5,23,19,4,0,0,0,19,11,8,16,10,6
16111,C4920,21,379,District-Kendrapara ,Urban,10-19,317,195,122,38,24,14,47,33,14,29,21,8,56,32,24,67,40,27,8,5,3,39,23,16,33,17,16
16112,C4920,21,379,District-Kendrapara ,Urban,20-29,288,170,118,34,19,15,46,22,24,12,8,4,77,53,24,37,21,16,21,13,8,32,16,16,29,18,11
16113,C4920,21,379,District-Kendrapara ,Urban,30-39,248,149,99,35,19,16,32,17,15,11,7,4,64,40,24,28,14,14,25,18,7,38,25,13,15,9,6
16114,C4920,21,379,District-Kendrapara ,Urban,40-49,230,136,94,32,16,16,30,14,16,9,7,2,50,31,19,28,19,9,29,19,10,31,17,14,21,13,8
16115,C4920,21,379,District-Kendrapara ,Urban,50-59,176,107,69,42,20,22,16,4,12,7,3,4,40,29,11,13,11,2,18,13,5,24,15,9,16,12,4
16116,C4920,21,379,District-Kendrapara ,Urban,60-69,223,122,101,52,26,26,37,16,21,0,0,0,80,53,27,9,5,4,6,3,3,14,8,6,25,11,14
16117,C4920,21,379,District-Kendrapara ,Urban,70-79,237,119,118,53,30,23,41,13,28,2,0,2,75,49,26,2,1,1,2,1,1,11,8,3,51,17,34
16118,C4920,21,379,District-Kendrapara ,Urban,80-89,120,59,61,21,8,13,25,13,12,2,0,2,43,23,20,6,4,2,0,0,0,0,0,0,23,11,12
16119,C4920,21,379,District-Kendrapara ,Urban,90+,19,8,11,3,1,2,3,0,3,1,0,1,4,2,2,2,1,1,0,0,0,1,0,1,5,4,1
16120,C4920,21,379,District-Kendrapara ,Urban,Age Not Stated,7,4,3,1,0,1,1,1,0,0,0,0,1,0,1,0,0,0,0,0,0,2,2,0,2,1,1
16121,C4920,21,380,District-Jagatsinghapur ,Total,Total,34284,18922,15362,5925,3057,2868,6245,3337,2908,2105,1215,890,7636,4558,3078,2609,1480,1129,1427,807,620,4847,2636,2211,3490,1832,1658
16122,C4920,21,380,District-Jagatsinghapur ,Total,0-4,956,533,423,161,98,63,207,105,102,25,12,13,124,75,49,65,38,27,11,6,5,279,152,127,84,47,37
16123,C4920,21,380,District-Jagatsinghapur ,Total,5-9,1629,910,719,230,103,127,260,141,119,208,124,84,192,119,73,185,96,89,19,11,8,300,167,133,235,149,86
16124,C4920,21,380,District-Jagatsinghapur ,Total,10-19,4306,2446,1860,724,387,337,767,390,377,398,237,161,592,369,223,510,290,220,103,61,42,691,392,299,521,320,201
16125,C4920,21,380,District-Jagatsinghapur ,Total,20-29,4582,2538,2044,635,335,300,779,404,375,370,200,170,850,550,300,486,270,216,229,142,87,783,383,400,450,254,196
16126,C4920,21,380,District-Jagatsinghapur ,Total,30-39,4263,2467,1796,604,346,258,688,367,321,303,168,135,794,526,268,466,280,186,327,187,140,759,405,354,322,188,134
16127,C4920,21,380,District-Jagatsinghapur ,Total,40-49,4015,2387,1628,574,310,264,753,432,321,288,170,118,821,589,232,384,210,174,328,195,133,650,366,284,217,115,102
16128,C4920,21,380,District-Jagatsinghapur ,Total,50-59,3447,1947,1500,599,312,287,629,337,292,226,136,90,878,546,332,229,138,91,195,92,103,495,293,202,196,93,103
16129,C4920,21,380,District-Jagatsinghapur ,Total,60-69,4083,2135,1948,900,401,499,829,451,378,172,104,68,1184,672,512,152,87,65,118,57,61,393,207,186,335,156,179
16130,C4920,21,380,District-Jagatsinghapur ,Total,70-79,4323,2151,2172,993,497,496,858,438,420,79,43,36,1334,679,655,93,49,44,67,35,32,323,172,151,576,238,338
16131,C4920,21,380,District-Jagatsinghapur ,Total,80-89,2100,1126,974,417,219,198,384,227,157,23,15,8,687,353,334,27,17,10,21,14,7,131,76,55,410,205,205
16132,C4920,21,380,District-Jagatsinghapur ,Total,90+,486,233,253,75,41,34,75,40,35,5,3,2,166,74,92,5,1,4,3,2,1,21,10,11,136,62,74
16133,C4920,21,380,District-Jagatsinghapur ,Total,Age Not Stated,94,49,45,13,8,5,16,5,11,8,3,5,14,6,8,7,4,3,6,5,1,22,13,9,8,5,3
16134,C4920,21,380,District-Jagatsinghapur ,Rural,Total,31628,17355,14273,5526,2830,2696,5818,3097,2721,1787,1016,771,7124,4233,2891,2376,1343,1033,1341,752,589,4382,2366,2016,3274,1718,1556
16135,C4920,21,380,District-Jagatsinghapur ,Rural,0-4,842,460,382,134,79,55,191,94,97,23,10,13,112,69,43,52,31,21,11,6,5,243,130,113,76,41,35
16136,C4920,21,380,District-Jagatsinghapur ,Rural,5-9,1463,822,641,204,89,115,240,133,107,180,105,75,183,112,71,170,91,79,18,10,8,251,142,109,217,140,77
16137,C4920,21,380,District-Jagatsinghapur ,Rural,10-19,3811,2160,1651,657,347,310,689,352,337,325,194,131,528,331,197,460,258,202,94,56,38,601,341,260,457,281,176
16138,C4920,21,380,District-Jagatsinghapur ,Rural,20-29,4126,2276,1850,572,301,271,719,374,345,301,154,147,758,490,268,438,240,198,213,131,82,712,352,360,413,234,179
16139,C4920,21,380,District-Jagatsinghapur ,Rural,30-39,3900,2242,1658,551,317,234,626,330,296,266,148,118,731,484,247,432,258,174,305,174,131,686,353,333,303,178,125
16140,C4920,21,380,District-Jagatsinghapur ,Rural,40-49,3656,2153,1503,532,283,249,683,385,298,241,143,98,761,538,223,342,185,157,307,181,126,589,329,260,201,109,92
16141,C4920,21,380,District-Jagatsinghapur ,Rural,50-59,3189,1773,1416,557,288,269,583,307,276,186,110,76,820,501,319,215,130,85,183,84,99,456,266,190,189,87,102
16142,C4920,21,380,District-Jagatsinghapur ,Rural,60-69,3872,2024,1848,863,382,481,789,431,358,159,94,65,1113,636,477,142,82,60,116,56,60,368,194,174,322,149,173
16143,C4920,21,380,District-Jagatsinghapur ,Rural,70-79,4181,2081,2100,966,486,480,838,427,411,75,42,33,1281,648,633,88,47,41,65,34,31,310,163,147,558,234,324
16144,C4920,21,380,District-Jagatsinghapur ,Rural,80-89,2031,1093,938,408,214,194,373,221,152,18,10,8,665,347,318,25,16,9,20,13,7,124,73,51,398,199,199
16145,C4920,21,380,District-Jagatsinghapur ,Rural,90+,465,223,242,69,36,33,71,38,33,5,3,2,159,72,87,5,1,4,3,2,1,21,10,11,132,61,71
16146,C4920,21,380,District-Jagatsinghapur ,Rural,Age Not Stated,92,48,44,13,8,5,16,5,11,8,3,5,13,5,8,7,4,3,6,5,1,21,13,8,8,5,3
16147,C4920,21,380,District-Jagatsinghapur ,Urban,Total,2656,1567,1089,399,227,172,427,240,187,318,199,119,512,325,187,233,137,96,86,55,31,465,270,195,216,114,102
16148,C4920,21,380,District-Jagatsinghapur ,Urban,0-4,114,73,41,27,19,8,16,11,5,2,2,0,12,6,6,13,7,6,0,0,0,36,22,14,8,6,2
16149,C4920,21,380,District-Jagatsinghapur ,Urban,5-9,166,88,78,26,14,12,20,8,12,28,19,9,9,7,2,15,5,10,1,1,0,49,25,24,18,9,9
16150,C4920,21,380,District-Jagatsinghapur ,Urban,10-19,495,286,209,67,40,27,78,38,40,73,43,30,64,38,26,50,32,18,9,5,4,90,51,39,64,39,25
16151,C4920,21,380,District-Jagatsinghapur ,Urban,20-29,456,262,194,63,34,29,60,30,30,69,46,23,92,60,32,48,30,18,16,11,5,71,31,40,37,20,17
16152,C4920,21,380,District-Jagatsinghapur ,Urban,30-39,363,225,138,53,29,24,62,37,25,37,20,17,63,42,21,34,22,12,22,13,9,73,52,21,19,10,9
16153,C4920,21,380,District-Jagatsinghapur ,Urban,40-49,359,234,125,42,27,15,70,47,23,47,27,20,60,51,9,42,25,17,21,14,7,61,37,24,16,6,10
16154,C4920,21,380,District-Jagatsinghapur ,Urban,50-59,258,174,84,42,24,18,46,30,16,40,26,14,58,45,13,14,8,6,12,8,4,39,27,12,7,6,1
16155,C4920,21,380,District-Jagatsinghapur ,Urban,60-69,211,111,100,37,19,18,40,20,20,13,10,3,71,36,35,10,5,5,2,1,1,25,13,12,13,7,6
16156,C4920,21,380,District-Jagatsinghapur ,Urban,70-79,142,70,72,27,11,16,20,11,9,4,1,3,53,31,22,5,2,3,2,1,1,13,9,4,18,4,14
16157,C4920,21,380,District-Jagatsinghapur ,Urban,80-89,69,33,36,9,5,4,11,6,5,5,5,0,22,6,16,2,1,1,1,1,0,7,3,4,12,6,6
16158,C4920,21,380,District-Jagatsinghapur ,Urban,90+,21,10,11,6,5,1,4,2,2,0,0,0,7,2,5,0,0,0,0,0,0,0,0,0,4,1,3
16159,C4920,21,380,District-Jagatsinghapur ,Urban,Age Not Stated,2,1,1,0,0,0,0,0,0,0,0,0,1,1,0,0,0,0,0,0,0,1,0,1,0,0,0
16160,C4920,21,381,District-Cuttack,Total,Total,102018,55376,46642,24327,12726,11601,16928,8681,8247,4593,2659,1934,22110,12855,9255,6082,3529,2553,3700,2010,1690,11282,6240,5042,12996,6676,6320
16161,C4920,21,381,District-Cuttack,Total,0-4,2788,1564,1224,684,402,282,619,314,305,90,49,41,315,180,135,152,85,67,20,13,7,625,337,288,283,184,99
16162,C4920,21,381,District-Cuttack,Total,5-9,4757,2644,2113,931,512,419,923,456,467,502,301,201,544,309,235,495,287,208,84,45,39,672,360,312,606,374,232
16163,C4920,21,381,District-Cuttack,Total,10-19,11603,6526,5077,2475,1347,1128,2149,1098,1051,973,554,419,1441,883,558,1367,839,528,331,193,138,1569,847,722,1298,765,533
16164,C4920,21,381,District-Cuttack,Total,20-29,11844,6619,5225,2339,1223,1116,2196,1101,1095,845,459,386,2009,1323,686,1191,689,502,567,339,228,1706,925,781,991,560,431
16165,C4920,21,381,District-Cuttack,Total,30-39,11391,6431,4960,2029,1071,958,2043,1041,1002,636,376,260,2245,1438,807,1084,636,448,831,475,356,1665,930,735,858,464,394
16166,C4920,21,381,District-Cuttack,Total,40-49,11708,6768,4940,2626,1454,1172,1866,1007,859,610,361,249,2667,1736,931,810,467,343,801,442,359,1573,896,677,755,405,350
16167,C4920,21,381,District-Cuttack,Total,50-59,10933,5857,5076,3074,1588,1486,1652,848,804,400,234,166,2751,1586,1165,470,266,204,479,229,250,1240,700,540,867,406,461
16168,C4920,21,381,District-Cuttack,Total,60-69,15265,7610,7655,4677,2271,2406,2132,1034,1098,305,182,123,4270,2255,2015,320,170,150,361,168,193,1157,643,514,2043,887,1156
16169,C4920,21,381,District-Cuttack,Total,70-79,14052,7125,6927,3805,1926,1879,2170,1114,1056,148,90,58,3843,2000,1843,137,61,76,158,71,87,701,388,313,3090,1475,1615
16170,C4920,21,381,District-Cuttack,Total,80-89,5832,3280,2552,1297,728,569,879,531,348,51,28,23,1607,928,679,27,14,13,41,18,23,251,137,114,1679,896,783
16171,C4920,21,381,District-Cuttack,Total,90+,1350,683,667,240,121,119,171,78,93,8,5,3,362,188,174,11,5,6,13,8,5,54,33,21,491,245,246
16172,C4920,21,381,District-Cuttack,Total,Age Not Stated,495,269,226,150,83,67,128,59,69,25,20,5,56,29,27,18,10,8,14,9,5,69,44,25,35,15,20
16173,C4920,21,381,District-Cuttack,Rural,Total,78108,42305,35803,18555,9635,8920,10838,5669,5169,2780,1643,1137,18558,10673,7885,4796,2762,2034,3006,1603,1403,8048,4461,3587,11527,5859,5668
16174,C4920,21,381,District-Cuttack,Rural,0-4,1758,996,762,377,214,163,277,152,125,66,34,32,263,150,113,106,61,45,15,10,5,420,227,193,234,148,86
16175,C4920,21,381,District-Cuttack,Rural,5-9,3245,1793,1452,576,310,266,466,234,232,378,234,144,441,246,195,403,232,171,62,33,29,447,224,223,472,280,192
16176,C4920,21,381,District-Cuttack,Rural,10-19,7965,4549,3416,1477,795,682,1126,572,554,684,409,275,1171,722,449,1119,699,420,265,157,108,1080,588,492,1043,607,436
16177,C4920,21,381,District-Cuttack,Rural,20-29,7734,4399,3335,1268,672,596,1045,515,530,454,253,201,1637,1080,557,913,520,393,449,265,184,1170,643,527,798,451,347
16178,C4920,21,381,District-Cuttack,Rural,30-39,7848,4522,3326,1291,692,599,1059,588,471,337,196,141,1801,1169,632,819,468,351,673,379,294,1156,651,505,712,379,333
16179,C4920,21,381,District-Cuttack,Rural,40-49,8462,4909,3553,1915,1061,854,1118,637,481,313,190,123,2075,1331,744,646,367,279,643,351,292,1117,637,480,635,335,300
16180,C4920,21,381,District-Cuttack,Rural,50-59,8598,4553,4045,2562,1317,1245,1128,573,555,219,123,96,2237,1278,959,378,207,171,401,180,221,913,518,395,760,357,403
16181,C4920,21,381,District-Cuttack,Rural,60-69,13322,6550,6772,4234,2038,2196,1780,862,918,197,122,75,3724,1907,1817,259,139,120,309,138,171,910,506,404,1909,838,1071
16182,C4920,21,381,District-Cuttack,Rural,70-79,12601,6359,6242,3454,1750,1704,1911,987,924,90,57,33,3410,1752,1658,112,48,64,138,65,73,564,319,245,2922,1381,1541
16183,C4920,21,381,District-Cuttack,Rural,80-89,5166,2938,2228,1135,653,482,758,463,295,28,16,12,1431,837,594,20,11,9,31,13,18,198,105,93,1565,840,725
16184,C4920,21,381,District-Cuttack,Rural,90+,1175,612,563,208,106,102,125,59,66,5,3,2,326,178,148,9,3,6,9,6,3,43,25,18,450,232,218
16185,C4920,21,381,District-Cuttack,Rural,Age Not Stated,234,125,109,58,27,31,45,27,18,9,6,3,42,23,19,12,7,5,11,6,5,30,18,12,27,11,16
16186,C4920,21,381,District-Cuttack,Urban,Total,23910,13071,10839,5772,3091,2681,6090,3012,3078,1813,1016,797,3552,2182,1370,1286,767,519,694,407,287,3234,1779,1455,1469,817,652
16187,C4920,21,381,District-Cuttack,Urban,0-4,1030,568,462,307,188,119,342,162,180,24,15,9,52,30,22,46,24,22,5,3,2,205,110,95,49,36,13
16188,C4920,21,381,District-Cuttack,Urban,5-9,1512,851,661,355,202,153,457,222,235,124,67,57,103,63,40,92,55,37,22,12,10,225,136,89,134,94,40
16189,C4920,21,381,District-Cuttack,Urban,10-19,3638,1977,1661,998,552,446,1023,526,497,289,145,144,270,161,109,248,140,108,66,36,30,489,259,230,255,158,97
16190,C4920,21,381,District-Cuttack,Urban,20-29,4110,2220,1890,1071,551,520,1151,586,565,391,206,185,372,243,129,278,169,109,118,74,44,536,282,254,193,109,84
16191,C4920,21,381,District-Cuttack,Urban,30-39,3543,1909,1634,738,379,359,984,453,531,299,180,119,444,269,175,265,168,97,158,96,62,509,279,230,146,85,61
16192,C4920,21,381,District-Cuttack,Urban,40-49,3246,1859,1387,711,393,318,748,370,378,297,171,126,592,405,187,164,100,64,158,91,67,456,259,197,120,70,50
16193,C4920,21,381,District-Cuttack,Urban,50-59,2335,1304,1031,512,271,241,524,275,249,181,111,70,514,308,206,92,59,33,78,49,29,327,182,145,107,49,58
16194,C4920,21,381,District-Cuttack,Urban,60-69,1943,1060,883,443,233,210,352,172,180,108,60,48,546,348,198,61,31,30,52,30,22,247,137,110,134,49,85
16195,C4920,21,381,District-Cuttack,Urban,70-79,1451,766,685,351,176,175,259,127,132,58,33,25,433,248,185,25,13,12,20,6,14,137,69,68,168,94,74
16196,C4920,21,381,District-Cuttack,Urban,80-89,666,342,324,162,75,87,121,68,53,23,12,11,176,91,85,7,3,4,10,5,5,53,32,21,114,56,58
16197,C4920,21,381,District-Cuttack,Urban,90+,175,71,104,32,15,17,46,19,27,3,2,1,36,10,26,2,2,0,4,2,2,11,8,3,41,13,28
16198,C4920,21,381,District-Cuttack,Urban,Age Not Stated,261,144,117,92,56,36,83,32,51,16,14,2,14,6,8,6,3,3,3,3,0,39,26,13,8,4,4
16199,C4920,21,382,District-Jajapur  ,Total,Total,54195,30281,23914,10444,5501,4943,10308,5243,5065,3660,2049,1611,11625,7332,4293,3405,1960,1445,2281,1256,1025,7211,4074,3137,5261,2866,2395
16200,C4920,21,382,District-Jajapur  ,Total,0-4,1876,999,877,433,216,217,415,184,231,41,27,14,263,157,106,71,42,29,9,6,3,472,271,201,172,96,76
16201,C4920,21,382,District-Jajapur  ,Total,5-9,2953,1678,1275,512,288,224,588,302,286,341,189,152,401,240,161,245,157,88,39,24,15,476,254,222,351,224,127
16202,C4920,21,382,District-Jajapur  ,Total,10-19,7421,4093,3328,1324,692,632,1430,681,749,718,393,325,1166,729,437,732,446,286,186,110,76,1065,578,487,800,464,336
16203,C4920,21,382,District-Jajapur  ,Total,20-29,7761,4360,3401,1153,612,541,1478,744,734,634,338,296,1549,1016,533,695,387,308,383,223,160,1203,655,548,666,385,281
16204,C4920,21,382,District-Jajapur  ,Total,30-39,6911,4027,2884,1005,564,441,1222,626,596,628,351,277,1391,984,407,603,323,280,498,272,226,1080,630,450,484,277,207
16205,C4920,21,382,District-Jajapur  ,Total,40-49,6589,3931,2658,1102,614,488,1148,621,527,504,293,211,1442,997,445,496,288,208,549,320,229,977,572,405,371,226,145
16206,C4920,21,382,District-Jajapur  ,Total,50-59,5509,3134,2375,1173,616,557,944,474,470,347,212,135,1413,917,496,250,135,115,287,147,140,753,458,295,342,175,167
16207,C4920,21,382,District-Jajapur  ,Total,60-69,6323,3374,2949,1507,775,732,1263,643,620,259,141,118,1687,979,708,173,98,75,217,89,128,615,353,262,602,296,306
16208,C4920,21,382,District-Jajapur  ,Total,70-79,5622,2932,2690,1490,734,756,1158,596,562,145,81,64,1506,865,641,81,40,41,80,46,34,365,185,180,797,385,412
16209,C4920,21,382,District-Jajapur  ,Total,80-89,2439,1331,1108,594,312,282,530,295,235,30,17,13,597,336,261,26,16,10,19,14,5,141,83,58,502,258,244
16210,C4920,21,382,District-Jajapur  ,Total,90+,585,287,298,121,64,57,99,57,42,4,1,3,161,73,88,4,1,3,5,1,4,33,18,15,158,72,86
16211,C4920,21,382,District-Jajapur  ,Total,Age Not Stated,206,135,71,30,14,16,33,20,13,9,6,3,49,39,10,29,27,2,9,4,5,31,17,14,16,8,8
16212,C4920,21,382,District-Jajapur  ,Rural,Total,50480,28339,22141,9629,5036,4593,9244,4863,4381,3458,1930,1528,11094,6971,4123,3198,1834,1364,2160,1191,969,6739,3816,2923,4958,2698,2260
16213,C4920,21,382,District-Jajapur  ,Rural,0-4,1705,910,795,394,190,204,352,161,191,39,25,14,246,150,96,66,39,27,8,5,3,439,249,190,161,91,70
16214,C4920,21,382,District-Jajapur  ,Rural,5-9,2723,1561,1162,460,257,203,500,276,224,319,172,147,387,228,159,236,151,85,38,23,15,445,239,206,338,215,123
16215,C4920,21,382,District-Jajapur  ,Rural,10-19,6831,3784,3047,1199,617,582,1245,612,633,679,372,307,1111,693,418,690,418,272,177,104,73,982,537,445,748,431,317
16216,C4920,21,382,District-Jajapur  ,Rural,20-29,7141,4039,3102,1035,548,487,1288,673,615,595,314,281,1478,968,510,633,355,278,358,209,149,1124,610,514,630,362,268
16217,C4920,21,382,District-Jajapur  ,Rural,30-39,6370,3738,2632,910,499,411,1041,564,477,597,334,263,1330,942,388,570,305,265,466,252,214,1003,584,419,453,258,195
16218,C4920,21,382,District-Jajapur  ,Rural,40-49,6127,3691,2436,1003,557,446,1032,580,452,480,280,200,1361,942,419,475,278,197,521,303,218,900,534,366,355,217,138
16219,C4920,21,382,District-Jajapur  ,Rural,50-59,5139,2931,2208,1061,557,504,864,445,419,329,202,127,1339,862,477,241,128,113,278,142,136,712,433,279,315,162,153
16220,C4920,21,382,District-Jajapur  ,Rural,60-69,6000,3219,2781,1425,730,695,1185,619,566,243,132,111,1625,940,685,166,94,72,204,88,116,593,342,251,559,274,285
16221,C4920,21,382,District-Jajapur  ,Rural,70-79,5399,2824,2575,1427,704,723,1107,579,528,140,79,61,1451,832,619,81,40,41,78,46,32,349,176,173,766,368,398
16222,C4920,21,382,District-Jajapur  ,Rural,80-89,2341,1280,1061,572,303,269,511,284,227,27,15,12,581,323,258,26,16,10,18,14,4,136,82,54,470,243,227
16223,C4920,21,382,District-Jajapur  ,Rural,90+,559,278,281,119,63,56,94,55,39,4,1,3,156,71,85,3,1,2,5,1,4,28,16,12,150,70,80
16224,C4920,21,382,District-Jajapur  ,Rural,Age Not Stated,145,84,61,24,11,13,25,15,10,6,4,2,29,20,9,11,9,2,9,4,5,28,14,14,13,7,6
16225,C4920,21,382,District-Jajapur  ,Urban,Total,3715,1942,1773,815,465,350,1064,380,684,202,119,83,531,361,170,207,126,81,121,65,56,472,258,214,303,168,135
16226,C4920,21,382,District-Jajapur  ,Urban,0-4,171,89,82,39,26,13,63,23,40,2,2,0,17,7,10,5,3,2,1,1,0,33,22,11,11,5,6
16227,C4920,21,382,District-Jajapur  ,Urban,5-9,230,117,113,52,31,21,88,26,62,22,17,5,14,12,2,9,6,3,1,1,0,31,15,16,13,9,4
16228,C4920,21,382,District-Jajapur  ,Urban,10-19,590,309,281,125,75,50,185,69,116,39,21,18,55,36,19,42,28,14,9,6,3,83,41,42,52,33,19
16229,C4920,21,382,District-Jajapur  ,Urban,20-29,620,321,299,118,64,54,190,71,119,39,24,15,71,48,23,62,32,30,25,14,11,79,45,34,36,23,13
16230,C4920,21,382,District-Jajapur  ,Urban,30-39,541,289,252,95,65,30,181,62,119,31,17,14,61,42,19,33,18,15,32,20,12,77,46,31,31,19,12
16231,C4920,21,382,District-Jajapur  ,Urban,40-49,462,240,222,99,57,42,116,41,75,24,13,11,81,55,26,21,10,11,28,17,11,77,38,39,16,9,7
16232,C4920,21,382,District-Jajapur  ,Urban,50-59,370,203,167,112,59,53,80,29,51,18,10,8,74,55,19,9,7,2,9,5,4,41,25,16,27,13,14
16233,C4920,21,382,District-Jajapur  ,Urban,60-69,323,155,168,82,45,37,78,24,54,16,9,7,62,39,23,7,4,3,13,1,12,22,11,11,43,22,21
16234,C4920,21,382,District-Jajapur  ,Urban,70-79,223,108,115,63,30,33,51,17,34,5,2,3,55,33,22,0,0,0,2,0,2,16,9,7,31,17,14
16235,C4920,21,382,District-Jajapur  ,Urban,80-89,98,51,47,22,9,13,19,11,8,3,2,1,16,13,3,0,0,0,1,0,1,5,1,4,32,15,17
16236,C4920,21,382,District-Jajapur  ,Urban,90+,26,9,17,2,1,1,5,2,3,0,0,0,5,2,3,1,0,1,0,0,0,5,2,3,8,2,6
16237,C4920,21,382,District-Jajapur  ,Urban,Age Not Stated,61,51,10,6,3,3,8,5,3,3,2,1,20,19,1,18,18,0,0,0,0,3,3,0,3,1,2
16238,C4920,21,383,District-Dhenkanal,Total,Total,37096,20935,16161,7880,4210,3670,6347,3409,2938,1857,1050,807,8686,5404,3282,2384,1347,1037,1607,914,693,4555,2549,2006,3780,2052,1728
16239,C4920,21,383,District-Dhenkanal,Total,0-4,1313,735,578,344,188,156,247,130,117,29,16,13,155,92,63,78,46,32,13,9,4,319,175,144,128,79,49
16240,C4920,21,383,District-Dhenkanal,Total,5-9,2099,1185,914,443,241,202,302,154,148,244,143,101,272,168,104,216,129,87,45,30,15,314,166,148,263,154,109
16241,C4920,21,383,District-Dhenkanal,Total,10-19,5159,2892,2267,1041,556,485,804,438,366,450,252,198,808,492,316,558,331,227,154,81,73,770,422,348,574,320,254
16242,C4920,21,383,District-Dhenkanal,Total,20-29,4865,2727,2138,847,430,417,803,429,374,340,177,163,995,635,360,517,301,216,279,158,121,672,363,309,412,234,178
16243,C4920,21,383,District-Dhenkanal,Total,30-39,4851,2846,2005,849,463,386,802,430,372,272,155,117,1077,744,333,388,214,174,417,254,163,689,377,312,357,209,148
16244,C4920,21,383,District-Dhenkanal,Total,40-49,4523,2698,1825,950,550,400,739,385,354,233,126,107,1138,788,350,305,174,131,281,155,126,600,358,242,277,162,115
16245,C4920,21,383,District-Dhenkanal,Total,50-59,3922,2196,1726,957,484,473,670,357,313,146,89,57,1113,691,422,154,77,77,203,109,94,432,254,178,247,135,112
16246,C4920,21,383,District-Dhenkanal,Total,60-69,4920,2613,2307,1258,630,628,939,494,445,86,59,27,1449,825,624,111,42,69,134,81,53,418,238,180,525,244,281
16247,C4920,21,383,District-Dhenkanal,Total,70-79,3593,1972,1621,825,449,376,643,377,266,38,23,15,1152,647,505,43,23,20,66,28,38,233,132,101,593,293,300
16248,C4920,21,383,District-Dhenkanal,Total,80-89,1306,766,540,296,174,122,227,132,95,11,4,7,402,246,156,7,6,1,10,6,4,57,37,20,296,161,135
16249,C4920,21,383,District-Dhenkanal,Total,90+,341,207,134,54,32,22,52,34,18,3,2,1,106,66,40,3,2,1,2,2,0,22,14,8,99,55,44
16250,C4920,21,383,District-Dhenkanal,Total,Age Not Stated,204,98,106,16,13,3,119,49,70,5,4,1,19,10,9,4,2,2,3,1,2,29,13,16,9,6,3
16251,C4920,21,383,District-Dhenkanal,Rural,Total,34476,19429,15047,7456,3993,3463,5924,3157,2767,1656,940,716,8063,5001,3062,2169,1219,950,1466,837,629,4195,2355,1840,3547,1927,1620
16252,C4920,21,383,District-Dhenkanal,Rural,0-4,1220,685,535,321,177,144,232,121,111,28,16,12,142,84,58,71,40,31,13,9,4,295,165,130,118,73,45
16253,C4920,21,383,District-Dhenkanal,Rural,5-9,1946,1097,849,418,227,191,280,140,140,222,132,90,252,158,94,204,120,84,42,27,15,279,149,130,249,144,105
16254,C4920,21,383,District-Dhenkanal,Rural,10-19,4767,2674,2093,972,519,453,748,406,342,405,224,181,742,452,290,519,303,216,145,76,69,716,396,320,520,298,222
16255,C4920,21,383,District-Dhenkanal,Rural,20-29,4439,2506,1933,790,406,384,736,394,342,295,161,134,907,583,324,474,272,202,256,146,110,611,334,277,370,210,160
16256,C4920,21,383,District-Dhenkanal,Rural,30-39,4434,2595,1839,791,437,354,741,387,354,239,136,103,988,683,305,341,189,152,384,232,152,629,340,289,321,191,130
16257,C4920,21,383,District-Dhenkanal,Rural,40-49,4114,2448,1666,891,518,373,672,341,331,205,111,94,1032,714,318,265,152,113,258,146,112,540,320,220,251,146,105
16258,C4920,21,383,District-Dhenkanal,Rural,50-59,3630,2014,1616,905,455,450,625,328,297,133,79,54,1019,627,392,143,71,72,174,95,79,400,231,169,231,128,103
16259,C4920,21,383,District-Dhenkanal,Rural,60-69,4696,2484,2212,1213,604,609,890,471,419,78,53,25,1375,773,602,101,42,59,126,75,51,398,228,170,515,238,277
16260,C4920,21,383,District-Dhenkanal,Rural,70-79,3455,1896,1559,797,437,360,615,362,253,34,19,15,1107,618,489,38,21,17,56,24,32,227,129,98,581,286,295
16261,C4920,21,383,District-Dhenkanal,Rural,80-89,1253,736,517,291,170,121,217,126,91,10,3,7,380,237,143,6,5,1,8,5,3,56,37,19,285,153,132
16262,C4920,21,383,District-Dhenkanal,Rural,90+,326,200,126,54,32,22,50,33,17,2,2,0,101,63,38,3,2,1,1,1,0,18,13,5,97,54,43
16263,C4920,21,383,District-Dhenkanal,Rural,Age Not Stated,196,94,102,13,11,2,118,48,70,5,4,1,18,9,9,4,2,2,3,1,2,26,13,13,9,6,3
16264,C4920,21,383,District-Dhenkanal,Urban,Total,2620,1506,1114,424,217,207,423,252,171,201,110,91,623,403,220,215,128,87,141,77,64,360,194,166,233,125,108
16265,C4920,21,383,District-Dhenkanal,Urban,0-4,93,50,43,23,11,12,15,9,6,1,0,1,13,8,5,7,6,1,0,0,0,24,10,14,10,6,4
16266,C4920,21,383,District-Dhenkanal,Urban,5-9,153,88,65,25,14,11,22,14,8,22,11,11,20,10,10,12,9,3,3,3,0,35,17,18,14,10,4
16267,C4920,21,383,District-Dhenkanal,Urban,10-19,392,218,174,69,37,32,56,32,24,45,28,17,66,40,26,39,28,11,9,5,4,54,26,28,54,22,32
16268,C4920,21,383,District-Dhenkanal,Urban,20-29,426,221,205,57,24,33,67,35,32,45,16,29,88,52,36,43,29,14,23,12,11,61,29,32,42,24,18
16269,C4920,21,383,District-Dhenkanal,Urban,30-39,417,251,166,58,26,32,61,43,18,33,19,14,89,61,28,47,25,22,33,22,11,60,37,23,36,18,18
16270,C4920,21,383,District-Dhenkanal,Urban,40-49,409,250,159,59,32,27,67,44,23,28,15,13,106,74,32,40,22,18,23,9,14,60,38,22,26,16,10
16271,C4920,21,383,District-Dhenkanal,Urban,50-59,292,182,110,52,29,23,45,29,16,13,10,3,94,64,30,11,6,5,29,14,15,32,23,9,16,7,9
16272,C4920,21,383,District-Dhenkanal,Urban,60-69,224,129,95,45,26,19,49,23,26,8,6,2,74,52,22,10,0,10,8,6,2,20,10,10,10,6,4
16273,C4920,21,383,District-Dhenkanal,Urban,70-79,138,76,62,28,12,16,28,15,13,4,4,0,45,29,16,5,2,3,10,4,6,6,3,3,12,7,5
16274,C4920,21,383,District-Dhenkanal,Urban,80-89,53,30,23,5,4,1,10,6,4,1,1,0,22,9,13,1,1,0,2,1,1,1,0,1,11,8,3
16275,C4920,21,383,District-Dhenkanal,Urban,90+,15,7,8,0,0,0,2,1,1,1,0,1,5,3,2,0,0,0,1,1,0,4,1,3,2,1,1
16276,C4920,21,383,District-Dhenkanal,Urban,Age Not Stated,8,4,4,3,2,1,1,1,0,0,0,0,1,1,0,0,0,0,0,0,0,3,0,3,0,0,0
16277,C4920,21,384,District-Anugul  ,Total,Total,34183,19065,15118,6863,3696,3167,6248,3388,2860,2421,1359,1062,6660,4058,2602,2016,1062,954,959,531,428,6029,3323,2706,2987,1648,1339
16278,C4920,21,384,District-Anugul  ,Total,0-4,1554,863,691,357,211,146,310,160,150,35,19,16,146,78,68,78,42,36,6,3,3,501,275,226,121,75,46
16279,C4920,21,384,District-Anugul  ,Total,5-9,2398,1354,1044,505,274,231,424,241,183,248,154,94,249,162,87,187,96,91,36,18,18,475,240,235,274,169,105
16280,C4920,21,384,District-Anugul  ,Total,10-19,5676,3090,2586,1071,552,519,996,528,468,519,274,245,734,448,286,562,320,242,129,75,54,1068,570,498,597,323,274
16281,C4920,21,384,District-Anugul  ,Total,20-29,5308,2942,2366,982,534,448,877,465,412,422,205,217,978,607,371,407,217,190,203,123,80,1028,546,482,411,245,166
16282,C4920,21,384,District-Anugul  ,Total,30-39,4802,2720,2082,856,465,391,883,484,399,370,212,158,953,617,336,306,150,156,204,123,81,904,493,411,326,176,150
16283,C4920,21,384,District-Anugul  ,Total,40-49,4240,2480,1760,778,458,320,822,458,364,332,193,139,901,580,321,211,94,117,168,92,76,767,456,311,261,149,112
16284,C4920,21,384,District-Anugul  ,Total,50-59,3217,1816,1401,653,331,322,574,320,254,218,136,82,810,512,298,146,79,67,95,45,50,529,288,241,192,105,87
16285,C4920,21,384,District-Anugul  ,Total,60-69,3521,1886,1635,849,436,413,631,321,310,181,112,69,980,546,434,81,41,40,73,38,35,436,254,182,290,138,152
16286,C4920,21,384,District-Anugul  ,Total,70-79,2327,1296,1031,572,307,265,495,277,218,69,41,28,628,355,273,27,16,11,32,10,22,216,139,77,288,151,137
16287,C4920,21,384,District-Anugul  ,Total,80-89,753,420,333,173,99,74,158,86,72,15,6,9,200,105,95,4,2,2,8,4,4,49,33,16,146,85,61
16288,C4920,21,384,District-Anugul  ,Total,90+,250,126,124,45,20,25,48,31,17,5,4,1,58,31,27,2,1,1,2,0,2,20,13,7,70,26,44
16289,C4920,21,384,District-Anugul  ,Total,Age Not Stated,137,72,65,22,9,13,30,17,13,7,3,4,23,17,6,5,4,1,3,0,3,36,16,20,11,6,5
16290,C4920,21,384,District-Anugul  ,Rural,Total,30170,16808,13362,6365,3428,2937,5398,2929,2469,2163,1215,948,5905,3571,2334,1736,909,827,837,462,375,5104,2830,2274,2662,1464,1198
16291,C4920,21,384,District-Anugul  ,Rural,0-4,1385,761,624,339,196,143,267,139,128,31,18,13,131,68,63,72,36,36,6,3,3,433,236,197,106,65,41
16292,C4920,21,384,District-Anugul  ,Rural,5-9,2139,1204,935,483,264,219,366,202,164,226,138,88,215,141,74,161,81,80,33,17,16,410,210,200,245,151,94
16293,C4920,21,384,District-Anugul  ,Rural,10-19,5011,2735,2276,1009,523,486,880,467,413,458,242,216,652,397,255,495,281,214,112,62,50,887,481,406,518,282,236
16294,C4920,21,384,District-Anugul  ,Rural,20-29,4597,2544,2053,900,483,417,734,389,345,378,187,191,867,539,328,339,185,154,179,106,73,850,450,400,350,205,145
16295,C4920,21,384,District-Anugul  ,Rural,30-39,4158,2360,1798,780,424,356,738,407,331,327,184,143,834,531,303,260,127,133,180,109,71,754,424,330,285,154,131
16296,C4920,21,384,District-Anugul  ,Rural,40-49,3668,2150,1518,707,418,289,685,384,301,285,168,117,801,516,285,181,81,100,138,74,64,635,378,257,236,131,105
16297,C4920,21,384,District-Anugul  ,Rural,50-59,2848,1575,1273,596,302,294,506,273,233,199,124,75,708,441,267,121,60,61,88,42,46,453,237,216,177,96,81
16298,C4920,21,384,District-Anugul  ,Rural,60-69,3269,1749,1520,808,418,390,582,299,283,171,105,66,896,492,404,74,37,37,70,37,33,393,230,163,275,131,144
16299,C4920,21,384,District-Anugul  ,Rural,70-79,2105,1184,921,528,284,244,444,254,190,65,37,28,562,315,247,23,14,9,20,8,12,193,128,65,270,144,126
16300,C4920,21,384,District-Anugul  ,Rural,80-89,651,372,279,154,88,66,128,75,53,14,6,8,170,88,82,3,2,1,7,4,3,46,32,14,129,77,52
16301,C4920,21,384,District-Anugul  ,Rural,90+,214,108,106,41,19,22,41,25,16,4,4,0,47,26,21,2,1,1,2,0,2,16,10,6,61,23,38
16302,C4920,21,384,District-Anugul  ,Rural,Age Not Stated,125,66,59,20,9,11,27,15,12,5,2,3,22,17,5,5,4,1,2,0,2,34,14,20,10,5,5
16303,C4920,21,384,District-Anugul  ,Urban,Total,4013,2257,1756,498,268,230,850,459,391,258,144,114,755,487,268,280,153,127,122,69,53,925,493,432,325,184,141
16304,C4920,21,384,District-Anugul  ,Urban,0-4,169,102,67,18,15,3,43,21,22,4,1,3,15,10,5,6,6,0,0,0,0,68,39,29,15,10,5
16305,C4920,21,384,District-Anugul  ,Urban,5-9,259,150,109,22,10,12,58,39,19,22,16,6,34,21,13,26,15,11,3,1,2,65,30,35,29,18,11
16306,C4920,21,384,District-Anugul  ,Urban,10-19,665,355,310,62,29,33,116,61,55,61,32,29,82,51,31,67,39,28,17,13,4,181,89,92,79,41,38
16307,C4920,21,384,District-Anugul  ,Urban,20-29,711,398,313,82,51,31,143,76,67,44,18,26,111,68,43,68,32,36,24,17,7,178,96,82,61,40,21
16308,C4920,21,384,District-Anugul  ,Urban,30-39,644,360,284,76,41,35,145,77,68,43,28,15,119,86,33,46,23,23,24,14,10,150,69,81,41,22,19
16309,C4920,21,384,District-Anugul  ,Urban,40-49,572,330,242,71,40,31,137,74,63,47,25,22,100,64,36,30,13,17,30,18,12,132,78,54,25,18,7
16310,C4920,21,384,District-Anugul  ,Urban,50-59,369,241,128,57,29,28,68,47,21,19,12,7,102,71,31,25,19,6,7,3,4,76,51,25,15,9,6
16311,C4920,21,384,District-Anugul  ,Urban,60-69,252,137,115,41,18,23,49,22,27,10,7,3,84,54,30,7,4,3,3,1,2,43,24,19,15,7,8
16312,C4920,21,384,District-Anugul  ,Urban,70-79,222,112,110,44,23,21,51,23,28,4,4,0,66,40,26,4,2,2,12,2,10,23,11,12,18,7,11
16313,C4920,21,384,District-Anugul  ,Urban,80-89,102,48,54,19,11,8,30,11,19,1,0,1,30,17,13,1,0,1,1,0,1,3,1,2,17,8,9
16314,C4920,21,384,District-Anugul  ,Urban,90+,36,18,18,4,1,3,7,6,1,1,0,1,11,5,6,0,0,0,0,0,0,4,3,1,9,3,6
16315,C4920,21,384,District-Anugul  ,Urban,Age Not Stated,12,6,6,2,0,2,3,2,1,2,1,1,1,0,1,0,0,0,1,0,1,2,2,0,1,1,0
16316,C4920,21,385,District-Nayagarh  ,Total,Total,33624,19289,14335,6512,3555,2957,5476,3021,2455,1648,950,698,8477,5272,3205,2115,1255,860,1184,726,458,3942,2224,1718,4270,2286,1984
16317,C4920,21,385,District-Nayagarh  ,Total,0-4,946,513,433,183,101,82,185,90,95,43,29,14,146,81,65,53,30,23,11,8,3,234,118,116,91,56,35
16318,C4920,21,385,District-Nayagarh  ,Total,5-9,1808,1066,742,299,170,129,246,129,117,221,133,88,238,159,79,225,136,89,41,23,18,269,163,106,269,153,116
16319,C4920,21,385,District-Nayagarh  ,Total,10-19,4234,2500,1734,698,377,321,684,380,304,416,241,175,652,431,221,544,333,211,121,74,47,588,344,244,531,320,211
16320,C4920,21,385,District-Nayagarh  ,Total,20-29,3756,2218,1538,517,309,208,602,311,291,266,158,108,865,564,301,386,235,151,200,124,76,561,312,249,359,205,154
16321,C4920,21,385,District-Nayagarh  ,Total,30-39,4006,2386,1620,611,349,262,636,356,280,221,123,98,1048,721,327,330,189,141,274,162,112,558,314,244,328,172,156
16322,C4920,21,385,District-Nayagarh  ,Total,40-49,3763,2310,1453,698,409,289,630,360,270,198,108,90,987,692,295,238,139,99,249,165,84,458,268,190,305,169,136
16323,C4920,21,385,District-Nayagarh  ,Total,50-59,3641,2044,1597,832,437,395,580,309,271,136,79,57,1028,635,393,164,89,75,129,83,46,443,245,198,329,167,162
16324,C4920,21,385,District-Nayagarh  ,Total,60-69,5182,2788,2394,1270,663,607,861,478,383,85,46,39,1636,904,732,114,63,51,97,53,44,467,248,219,652,333,319
16325,C4920,21,385,District-Nayagarh  ,Total,70-79,3954,2108,1846,917,477,440,647,367,280,42,21,21,1257,712,545,39,27,12,44,21,23,239,133,106,769,350,419
16326,C4920,21,385,District-Nayagarh  ,Total,80-89,1761,1023,738,387,207,180,281,165,116,14,8,6,507,304,203,12,9,3,15,12,3,89,57,32,456,261,195
16327,C4920,21,385,District-Nayagarh  ,Total,90+,481,280,201,88,51,37,83,53,30,2,1,1,104,63,41,6,3,3,2,1,1,25,15,10,171,93,78
16328,C4920,21,385,District-Nayagarh  ,Total,Age Not Stated,92,53,39,12,5,7,41,23,18,4,3,1,9,6,3,4,2,2,1,0,1,11,7,4,10,7,3
16329,C4920,21,385,District-Nayagarh  ,Rural,Total,30837,17651,13186,5970,3245,2725,4984,2736,2248,1522,879,643,7803,4848,2955,1957,1154,803,1060,646,414,3651,2057,1594,3890,2086,1804
16330,C4920,21,385,District-Nayagarh  ,Rural,0-4,878,480,398,169,91,78,165,81,84,42,29,13,136,78,58,50,29,21,11,8,3,219,110,109,86,54,32
16331,C4920,21,385,District-Nayagarh  ,Rural,5-9,1666,978,688,257,145,112,228,116,112,212,126,86,224,149,75,215,131,84,39,22,17,241,146,95,250,143,107
16332,C4920,21,385,District-Nayagarh  ,Rural,10-19,3888,2295,1593,630,346,284,616,338,278,389,228,161,606,403,203,514,314,200,108,68,40,539,310,229,486,288,198
16333,C4920,21,385,District-Nayagarh  ,Rural,20-29,3436,2020,1416,472,277,195,542,281,261,239,140,99,797,519,278,354,216,138,177,106,71,524,292,232,331,189,142
16334,C4920,21,385,District-Nayagarh  ,Rural,30-39,3664,2180,1484,568,329,239,580,325,255,206,117,89,955,658,297,296,168,128,243,140,103,520,288,232,296,155,141
16335,C4920,21,385,District-Nayagarh  ,Rural,40-49,3392,2079,1313,640,372,268,553,319,234,179,95,84,881,615,266,214,121,93,233,154,79,421,251,170,271,152,119
16336,C4920,21,385,District-Nayagarh  ,Rural,50-59,3337,1869,1468,771,406,365,531,281,250,119,72,47,952,587,365,149,79,70,111,70,41,404,222,182,300,152,148
16337,C4920,21,385,District-Nayagarh  ,Rural,60-69,4817,2589,2228,1162,601,561,806,447,359,81,43,38,1530,841,689,108,58,50,86,49,37,444,239,205,600,311,289
16338,C4920,21,385,District-Nayagarh  ,Rural,70-79,3648,1937,1711,848,434,414,597,331,266,38,18,20,1162,664,498,37,26,11,38,19,19,224,127,97,704,318,386
16339,C4920,21,385,District-Nayagarh  ,Rural,80-89,1595,923,672,362,193,169,256,150,106,12,7,5,457,271,186,10,7,3,11,9,2,83,53,30,404,233,171
16340,C4920,21,385,District-Nayagarh  ,Rural,90+,435,254,181,79,46,33,78,49,29,2,1,1,94,57,37,6,3,3,2,1,1,22,13,9,152,84,68
16341,C4920,21,385,District-Nayagarh  ,Rural,Age Not Stated,81,47,34,12,5,7,32,18,14,3,3,0,9,6,3,4,2,2,1,0,1,10,6,4,10,7,3
16342,C4920,21,385,District-Nayagarh  ,Urban,Total,2787,1638,1149,542,310,232,492,285,207,126,71,55,674,424,250,158,101,57,124,80,44,291,167,124,380,200,180
16343,C4920,21,385,District-Nayagarh  ,Urban,0-4,68,33,35,14,10,4,20,9,11,1,0,1,10,3,7,3,1,2,0,0,0,15,8,7,5,2,3
16344,C4920,21,385,District-Nayagarh  ,Urban,5-9,142,88,54,42,25,17,18,13,5,9,7,2,14,10,4,10,5,5,2,1,1,28,17,11,19,10,9
16345,C4920,21,385,District-Nayagarh  ,Urban,10-19,346,205,141,68,31,37,68,42,26,27,13,14,46,28,18,30,19,11,13,6,7,49,34,15,45,32,13
16346,C4920,21,385,District-Nayagarh  ,Urban,20-29,320,198,122,45,32,13,60,30,30,27,18,9,68,45,23,32,19,13,23,18,5,37,20,17,28,16,12
16347,C4920,21,385,District-Nayagarh  ,Urban,30-39,342,206,136,43,20,23,56,31,25,15,6,9,93,63,30,34,21,13,31,22,9,38,26,12,32,17,15
16348,C4920,21,385,District-Nayagarh  ,Urban,40-49,371,231,140,58,37,21,77,41,36,19,13,6,106,77,29,24,18,6,16,11,5,37,17,20,34,17,17
16349,C4920,21,385,District-Nayagarh  ,Urban,50-59,304,175,129,61,31,30,49,28,21,17,7,10,76,48,28,15,10,5,18,13,5,39,23,16,29,15,14
16350,C4920,21,385,District-Nayagarh  ,Urban,60-69,365,199,166,108,62,46,55,31,24,4,3,1,106,63,43,6,5,1,11,4,7,23,9,14,52,22,30
16351,C4920,21,385,District-Nayagarh  ,Urban,70-79,306,171,135,69,43,26,50,36,14,4,3,1,95,48,47,2,1,1,6,2,4,15,6,9,65,32,33
16352,C4920,21,385,District-Nayagarh  ,Urban,80-89,166,100,66,25,14,11,25,15,10,2,1,1,50,33,17,2,2,0,4,3,1,6,4,2,52,28,24
16353,C4920,21,385,District-Nayagarh  ,Urban,90+,46,26,20,9,5,4,5,4,1,0,0,0,10,6,4,0,0,0,0,0,0,3,2,1,19,9,10
16354,C4920,21,385,District-Nayagarh  ,Urban,Age Not Stated,11,6,5,0,0,0,9,5,4,1,0,1,0,0,0,0,0,0,0,0,0,1,1,0,0,0,0
16355,C4920,21,386,District-Khordha ,Total,Total,63949,36635,27314,14502,7815,6687,13610,7448,6162,4717,2816,1901,10899,7080,3819,4503,2612,1891,2150,1212,938,8589,4834,3755,4979,2818,2161
16356,C4920,21,386,District-Khordha ,Total,0-4,2743,1482,1261,731,376,355,725,377,348,74,41,33,229,126,103,156,88,68,23,19,4,601,325,276,204,130,74
16357,C4920,21,386,District-Khordha ,Total,5-9,4174,2377,1797,958,505,453,838,455,383,413,247,166,409,249,160,426,270,156,50,33,17,588,320,268,492,298,194
16358,C4920,21,386,District-Khordha ,Total,10-19,10563,6086,4477,2462,1372,1090,2445,1435,1010,872,509,363,1052,664,388,1039,600,439,248,139,109,1323,707,616,1122,660,462
16359,C4920,21,386,District-Khordha ,Total,20-29,10265,5778,4487,2172,1144,1028,2207,1159,1048,872,484,388,1543,986,557,927,536,391,361,207,154,1491,854,637,692,408,284
16360,C4920,21,386,District-Khordha ,Total,30-39,9456,5394,4062,1893,1027,866,1931,987,944,804,471,333,1574,1065,509,833,474,359,521,305,216,1384,771,613,516,294,222
16361,C4920,21,386,District-Khordha ,Total,40-49,8159,4928,3231,1659,928,731,1698,948,750,696,444,252,1535,1092,443,522,297,225,432,251,181,1224,729,495,393,239,154
16362,C4920,21,386,District-Khordha ,Total,50-59,6124,3643,2481,1381,773,608,1242,684,558,463,291,172,1408,965,443,297,177,120,273,147,126,799,445,354,261,161,100
16363,C4920,21,386,District-Khordha ,Total,60-69,5801,3296,2505,1494,756,738,1151,642,509,317,196,121,1479,968,511,176,96,80,137,61,76,617,365,252,430,212,218
16364,C4920,21,386,District-Khordha ,Total,70-79,4145,2252,1893,1134,599,535,826,452,374,137,88,49,1099,634,465,73,43,30,68,30,38,361,208,153,447,198,249
16365,C4920,21,386,District-Khordha ,Total,80-89,1752,1008,744,444,239,205,352,217,135,36,26,10,432,257,175,30,20,10,27,13,14,124,79,45,307,157,150
16366,C4920,21,386,District-Khordha ,Total,90+,521,260,261,126,71,55,110,52,58,12,8,4,118,57,61,9,3,6,6,4,2,36,12,24,104,53,51
16367,C4920,21,386,District-Khordha ,Total,Age Not Stated,246,131,115,48,25,23,85,40,45,21,11,10,21,17,4,15,8,7,4,3,1,41,19,22,11,8,3
16368,C4920,21,386,District-Khordha ,Rural,Total,36492,20739,15753,8784,4654,4130,6551,3509,3042,2284,1360,924,7218,4644,2574,2737,1596,1141,1420,791,629,4350,2417,1933,3148,1768,1380
16369,C4920,21,386,District-Khordha ,Rural,0-4,1434,768,666,437,212,225,264,139,125,38,23,15,157,87,70,98,53,45,13,11,2,288,156,132,139,87,52
16370,C4920,21,386,District-Khordha ,Rural,5-9,2328,1333,995,568,301,267,371,195,176,247,150,97,278,172,106,280,180,100,29,20,9,273,146,127,282,169,113
16371,C4920,21,386,District-Khordha ,Rural,10-19,5447,3055,2392,1365,734,631,973,505,468,434,265,169,665,409,256,613,359,254,147,88,59,650,343,307,600,352,248
16372,C4920,21,386,District-Khordha ,Rural,20-29,5267,2978,2289,1119,600,519,946,505,441,381,209,172,960,613,347,550,323,227,232,132,100,666,369,297,413,227,186
16373,C4920,21,386,District-Khordha ,Rural,30-39,5167,2964,2203,1045,563,482,904,458,446,367,200,167,975,672,303,483,278,205,353,207,146,705,389,316,335,197,138
16374,C4920,21,386,District-Khordha ,Rural,40-49,4600,2821,1779,982,544,438,797,446,351,321,205,116,978,709,269,334,199,135,295,167,128,624,386,238,269,165,104
16375,C4920,21,386,District-Khordha ,Rural,50-59,3574,2014,1560,836,438,398,634,322,312,206,127,79,894,582,312,187,101,86,193,96,97,444,233,211,180,115,65
16376,C4920,21,386,District-Khordha ,Rural,60-69,3943,2211,1732,1085,548,537,744,409,335,181,108,73,1055,680,375,115,60,55,82,37,45,377,219,158,304,150,154
16377,C4920,21,386,District-Khordha ,Rural,70-79,2993,1622,1371,885,465,420,579,329,250,81,53,28,818,469,349,43,24,19,46,17,29,216,117,99,325,148,177
16378,C4920,21,386,District-Khordha ,Rural,80-89,1271,727,544,336,178,158,245,152,93,19,15,4,337,199,138,20,13,7,23,11,12,67,42,25,224,117,107
16379,C4920,21,386,District-Khordha ,Rural,90+,372,189,183,100,55,45,73,37,36,3,2,1,92,45,47,6,1,5,6,4,2,20,7,13,72,38,34
16380,C4920,21,386,District-Khordha ,Rural,Age Not Stated,96,57,39,26,16,10,21,12,9,6,3,3,9,7,2,8,5,3,1,1,0,20,10,10,5,3,2
16381,C4920,21,386,District-Khordha ,Urban,Total,27457,15896,11561,5718,3161,2557,7059,3939,3120,2433,1456,977,3681,2436,1245,1766,1016,750,730,421,309,4239,2417,1822,1831,1050,781
16382,C4920,21,386,District-Khordha ,Urban,0-4,1309,714,595,294,164,130,461,238,223,36,18,18,72,39,33,58,35,23,10,8,2,313,169,144,65,43,22
16383,C4920,21,386,District-Khordha ,Urban,5-9,1846,1044,802,390,204,186,467,260,207,166,97,69,131,77,54,146,90,56,21,13,8,315,174,141,210,129,81
16384,C4920,21,386,District-Khordha ,Urban,10-19,5116,3031,2085,1097,638,459,1472,930,542,438,244,194,387,255,132,426,241,185,101,51,50,673,364,309,522,308,214
16385,C4920,21,386,District-Khordha ,Urban,20-29,4998,2800,2198,1053,544,509,1261,654,607,491,275,216,583,373,210,377,213,164,129,75,54,825,485,340,279,181,98
16386,C4920,21,386,District-Khordha ,Urban,30-39,4289,2430,1859,848,464,384,1027,529,498,437,271,166,599,393,206,350,196,154,168,98,70,679,382,297,181,97,84
16387,C4920,21,386,District-Khordha ,Urban,40-49,3559,2107,1452,677,384,293,901,502,399,375,239,136,557,383,174,188,98,90,137,84,53,600,343,257,124,74,50
16388,C4920,21,386,District-Khordha ,Urban,50-59,2550,1629,921,545,335,210,608,362,246,257,164,93,514,383,131,110,76,34,80,51,29,355,212,143,81,46,35
16389,C4920,21,386,District-Khordha ,Urban,60-69,1858,1085,773,409,208,201,407,233,174,136,88,48,424,288,136,61,36,25,55,24,31,240,146,94,126,62,64
16390,C4920,21,386,District-Khordha ,Urban,70-79,1152,630,522,249,134,115,247,123,124,56,35,21,281,165,116,30,19,11,22,13,9,145,91,54,122,50,72
16391,C4920,21,386,District-Khordha ,Urban,80-89,481,281,200,108,61,47,107,65,42,17,11,6,95,58,37,10,7,3,4,2,2,57,37,20,83,40,43
16392,C4920,21,386,District-Khordha ,Urban,90+,149,71,78,26,16,10,37,15,22,9,6,3,26,12,14,3,2,1,0,0,0,16,5,11,32,15,17
16393,C4920,21,386,District-Khordha ,Urban,Age Not Stated,150,74,76,22,9,13,64,28,36,15,8,7,12,10,2,7,3,4,3,2,1,21,9,12,6,5,1
16394,C4920,21,387,District-Puri,Total,Total,53667,29659,24008,10722,5446,5276,8501,4306,4195,2562,1445,1117,11666,7189,4477,3836,2300,1536,2198,1304,894,7627,4173,3454,6555,3496,3059
16395,C4920,21,387,District-Puri,Total,0-4,1712,953,759,349,186,163,268,129,139,41,26,15,268,171,97,124,70,54,15,7,8,472,258,214,175,106,69
16396,C4920,21,387,District-Puri,Total,5-9,3039,1734,1305,535,282,253,389,208,181,251,141,110,389,236,153,380,220,160,46,24,22,526,293,233,523,330,193
16397,C4920,21,387,District-Puri,Total,10-19,7401,4136,3265,1335,724,611,1129,544,585,525,289,236,1145,718,427,971,604,367,168,96,72,1165,596,569,963,565,398
16398,C4920,21,387,District-Puri,Total,20-29,6894,3777,3117,1136,580,556,1196,521,675,411,235,176,1240,809,431,663,384,279,385,254,131,1194,631,563,669,363,306
16399,C4920,21,387,District-Puri,Total,30-39,6470,3780,2690,998,540,458,994,518,476,361,189,172,1350,929,421,641,389,252,484,310,174,1170,653,517,472,252,220
16400,C4920,21,387,District-Puri,Total,40-49,6319,3805,2514,1053,590,463,936,524,412,362,207,155,1485,1008,477,490,304,186,494,308,186,1068,627,441,431,237,194
16401,C4920,21,387,District-Puri,Total,50-59,5200,2941,2259,1025,503,522,838,463,375,260,147,113,1342,855,487,272,161,111,282,144,138,816,465,351,365,203,162
16402,C4920,21,387,District-Puri,Total,60-69,6801,3471,3330,1791,815,976,1138,563,575,208,124,84,1898,1094,804,164,94,70,204,94,110,632,322,310,766,365,401
16403,C4920,21,387,District-Puri,Total,70-79,6234,3197,3037,1660,819,841,1070,550,520,100,64,36,1660,893,767,80,44,36,89,47,42,379,213,166,1196,567,629
16404,C4920,21,387,District-Puri,Total,80-89,2740,1438,1302,667,324,343,423,228,195,28,17,11,685,378,307,27,17,10,20,13,7,140,75,65,750,386,364
16405,C4920,21,387,District-Puri,Total,90+,674,333,341,135,67,68,85,42,43,5,2,3,172,79,93,4,2,2,5,3,2,35,21,14,233,117,116
16406,C4920,21,387,District-Puri,Total,Age Not Stated,183,94,89,38,16,22,35,16,19,10,4,6,32,19,13,20,11,9,6,4,2,30,19,11,12,5,7
16407,C4920,21,387,District-Puri,Rural,Total,47495,26280,21215,9733,4911,4822,7507,3872,3635,2227,1262,965,10325,6398,3927,3372,2016,1356,1935,1126,809,6436,3508,2928,5960,3187,2773
16408,C4920,21,387,District-Puri,Rural,0-4,1506,833,673,323,168,155,239,117,122,34,22,12,244,153,91,106,63,43,13,5,8,387,210,177,160,95,65
16409,C4920,21,387,District-Puri,Rural,5-9,2731,1569,1162,484,261,223,346,179,167,227,132,95,358,217,141,355,208,147,38,20,18,435,244,191,488,308,180
16410,C4920,21,387,District-Puri,Rural,10-19,6556,3680,2876,1209,657,552,1015,492,523,454,255,199,1005,637,368,880,546,334,150,88,62,955,485,470,888,520,368
16411,C4920,21,387,District-Puri,Rural,20-29,5809,3267,2542,1009,517,492,874,446,428,355,207,148,1081,711,370,576,326,250,337,222,115,991,518,473,586,320,266
16412,C4920,21,387,District-Puri,Rural,30-39,5593,3280,2313,855,464,391,885,458,427,307,161,146,1186,831,355,548,331,217,424,262,162,974,544,430,414,229,185
16413,C4920,21,387,District-Puri,Rural,40-49,5482,3303,2179,899,496,403,844,474,370,319,174,145,1302,900,402,419,259,160,435,265,170,913,542,371,351,193,158
16414,C4920,21,387,District-Puri,Rural,50-59,4519,2529,1990,918,444,474,750,405,345,223,127,96,1154,741,413,227,136,91,247,121,126,697,389,308,303,166,137
16415,C4920,21,387,District-Puri,Rural,60-69,6232,3141,3091,1676,750,926,1061,524,537,181,106,75,1704,975,729,143,79,64,185,83,102,569,286,283,713,338,375
16416,C4920,21,387,District-Puri,Rural,70-79,5755,2962,2793,1563,773,790,1001,518,483,90,56,34,1501,810,691,70,39,31,77,41,36,336,189,147,1117,536,581
16417,C4920,21,387,District-Puri,Rural,80-89,2521,1323,1198,635,306,329,382,205,177,24,16,8,608,336,272,24,16,8,18,12,6,124,68,56,706,364,342
16418,C4920,21,387,District-Puri,Rural,90+,620,306,314,126,61,65,77,38,39,4,2,2,151,69,82,4,2,2,5,3,2,31,18,13,222,113,109
16419,C4920,21,387,District-Puri,Rural,Age Not Stated,171,87,84,36,14,22,33,16,17,9,4,5,31,18,13,20,11,9,6,4,2,24,15,9,12,5,7
16420,C4920,21,387,District-Puri,Urban,Total,6172,3379,2793,989,535,454,994,434,560,335,183,152,1341,791,550,464,284,180,263,178,85,1191,665,526,595,309,286
16421,C4920,21,387,District-Puri,Urban,0-4,206,120,86,26,18,8,29,12,17,7,4,3,24,18,6,18,7,11,2,2,0,85,48,37,15,11,4
16422,C4920,21,387,District-Puri,Urban,5-9,308,165,143,51,21,30,43,29,14,24,9,15,31,19,12,25,12,13,8,4,4,91,49,42,35,22,13
16423,C4920,21,387,District-Puri,Urban,10-19,845,456,389,126,67,59,114,52,62,71,34,37,140,81,59,91,58,33,18,8,10,210,111,99,75,45,30
16424,C4920,21,387,District-Puri,Urban,20-29,1085,510,575,127,63,64,322,75,247,56,28,28,159,98,61,87,58,29,48,32,16,203,113,90,83,43,40
16425,C4920,21,387,District-Puri,Urban,30-39,877,500,377,143,76,67,109,60,49,54,28,26,164,98,66,93,58,35,60,48,12,196,109,87,58,23,35
16426,C4920,21,387,District-Puri,Urban,40-49,837,502,335,154,94,60,92,50,42,43,33,10,183,108,75,71,45,26,59,43,16,155,85,70,80,44,36
16427,C4920,21,387,District-Puri,Urban,50-59,681,412,269,107,59,48,88,58,30,37,20,17,188,114,74,45,25,20,35,23,12,119,76,43,62,37,25
16428,C4920,21,387,District-Puri,Urban,60-69,569,330,239,115,65,50,77,39,38,27,18,9,194,119,75,21,15,6,19,11,8,63,36,27,53,27,26
16429,C4920,21,387,District-Puri,Urban,70-79,479,235,244,97,46,51,69,32,37,10,8,2,159,83,76,10,5,5,12,6,6,43,24,19,79,31,48
16430,C4920,21,387,District-Puri,Urban,80-89,219,115,104,32,18,14,41,23,18,4,1,3,77,42,35,3,1,2,2,1,1,16,7,9,44,22,22
16431,C4920,21,387,District-Puri,Urban,90+,54,27,27,9,6,3,8,4,4,1,0,1,21,10,11,0,0,0,0,0,0,4,3,1,11,4,7
16432,C4920,21,387,District-Puri,Urban,Age Not Stated,12,7,5,2,2,0,2,0,2,1,0,1,1,1,0,0,0,0,0,0,0,6,4,2,0,0,0
16433,C4920,21,388,District-Ganjam,Total,Total,103573,55844,47729,26907,13589,13318,17009,8687,8322,8103,4351,3752,20931,12533,8398,5342,3035,2307,2589,1519,1070,13547,7366,6181,9145,4764,4381
16434,C4920,21,388,District-Ganjam,Total,0-4,4201,2264,1937,1378,704,674,842,428,414,109,61,48,365,223,142,188,114,74,28,15,13,985,530,455,306,189,117
16435,C4920,21,388,District-Ganjam,Total,5-9,7245,3980,3265,1908,1032,876,1092,558,534,808,408,400,780,443,337,593,343,250,98,56,42,1050,571,479,916,569,347
16436,C4920,21,388,District-Ganjam,Total,10-19,17787,9509,8278,4522,2288,2234,2721,1348,1373,1710,914,796,3049,1720,1329,1361,780,581,340,194,146,2394,1296,1098,1690,969,721
16437,C4920,21,388,District-Ganjam,Total,20-29,15255,8385,6870,3213,1691,1522,2173,1108,1065,1353,689,664,3791,2290,1501,1018,568,450,490,310,180,2098,1102,996,1119,627,492
16438,C4920,21,388,District-Ganjam,Total,30-39,12699,6988,5711,2814,1456,1358,2091,1091,1000,1317,652,665,2504,1617,887,811,447,364,507,305,202,1943,1032,911,712,388,324
16439,C4920,21,388,District-Ganjam,Total,40-49,12028,6996,5032,2881,1575,1306,2012,1085,927,1207,670,537,2387,1608,779,652,383,269,548,325,223,1759,1025,734,582,325,257
16440,C4920,21,388,District-Ganjam,Total,50-59,9722,5377,4345,2809,1439,1370,1631,829,802,712,436,276,2155,1371,784,352,188,164,278,154,124,1264,698,566,521,262,259
16441,C4920,21,388,District-Ganjam,Total,60-69,11468,5734,5734,3630,1630,2000,2033,968,1065,548,331,217,2710,1538,1172,235,138,97,164,90,74,1139,624,515,1009,415,594
16442,C4920,21,388,District-Ganjam,Total,70-79,8752,4346,4406,2612,1212,1400,1677,871,806,246,137,109,2129,1140,989,87,51,36,104,55,49,583,312,271,1314,568,746
16443,C4920,21,388,District-Ganjam,Total,80-89,3198,1642,1556,851,418,433,522,283,239,63,36,27,817,449,368,21,11,10,18,5,13,202,99,103,704,341,363
16444,C4920,21,388,District-Ganjam,Total,90+,815,400,415,166,76,90,131,70,61,12,7,5,207,113,94,9,5,4,7,6,1,45,30,15,238,93,145
16445,C4920,21,388,District-Ganjam,Total,Age Not Stated,403,223,180,123,68,55,84,48,36,18,10,8,37,21,16,15,7,8,7,4,3,85,47,38,34,18,16
16446,C4920,21,388,District-Ganjam,Rural,Total,84292,45388,38904,21837,11056,10781,14247,7188,7059,6576,3491,3085,17123,10302,6821,4332,2460,1872,2005,1185,820,10776,5868,4908,7396,3838,3558
16447,C4920,21,388,District-Ganjam,Rural,0-4,3600,1933,1667,1228,633,595,741,367,374,88,48,40,315,189,126,161,99,62,23,12,11,792,425,367,252,160,92
16448,C4920,21,388,District-Ganjam,Rural,5-9,6212,3415,2797,1651,899,752,969,492,477,679,335,344,670,380,290,511,301,210,86,50,36,906,499,407,740,459,281
16449,C4920,21,388,District-Ganjam,Rural,10-19,14761,7901,6860,3692,1871,1821,2358,1150,1208,1422,763,659,2572,1474,1098,1138,657,481,264,154,110,1923,1038,885,1392,794,598
16450,C4920,21,388,District-Ganjam,Rural,20-29,12302,6730,5572,2615,1369,1246,1795,907,888,1075,539,536,3146,1899,1247,809,448,361,393,250,143,1614,845,769,855,473,382
16451,C4920,21,388,District-Ganjam,Rural,30-39,10228,5609,4619,2308,1177,1131,1742,889,853,1073,527,546,1973,1307,666,639,344,295,400,245,155,1545,822,723,548,298,250
16452,C4920,21,388,District-Ganjam,Rural,40-49,9481,5496,3985,2265,1243,1022,1648,873,775,971,529,442,1864,1255,609,501,300,201,406,244,162,1365,795,570,461,257,204
16453,C4920,21,388,District-Ganjam,Rural,50-59,7668,4180,3488,2162,1118,1044,1331,647,684,566,342,224,1701,1064,637,284,146,138,202,111,91,995,545,450,427,207,220
16454,C4920,21,388,District-Ganjam,Rural,60-69,9307,4636,4671,2899,1287,1612,1667,793,874,428,257,171,2235,1276,959,187,107,80,126,68,58,919,511,408,846,337,509
16455,C4920,21,388,District-Ganjam,Rural,70-79,7168,3596,3572,2085,985,1100,1396,738,658,198,111,87,1791,964,827,66,37,29,82,40,42,452,241,211,1098,480,618
16456,C4920,21,388,District-Ganjam,Rural,80-89,2559,1362,1197,686,348,338,417,231,186,49,26,23,656,379,277,18,11,7,11,3,8,166,88,78,556,276,280
16457,C4920,21,388,District-Ganjam,Rural,90+,665,349,316,137,68,69,105,59,46,11,6,5,169,98,71,8,4,4,6,5,1,39,28,11,190,81,109
16458,C4920,21,388,District-Ganjam,Rural,Age Not Stated,341,181,160,109,58,51,78,42,36,16,8,8,31,17,14,10,6,4,6,3,3,60,31,29,31,16,15
16459,C4920,21,388,District-Ganjam,Urban,Total,19281,10456,8825,5070,2533,2537,2762,1499,1263,1527,860,667,3808,2231,1577,1010,575,435,584,334,250,2771,1498,1273,1749,926,823
16460,C4920,21,388,District-Ganjam,Urban,0-4,601,331,270,150,71,79,101,61,40,21,13,8,50,34,16,27,15,12,5,3,2,193,105,88,54,29,25
16461,C4920,21,388,District-Ganjam,Urban,5-9,1033,565,468,257,133,124,123,66,57,129,73,56,110,63,47,82,42,40,12,6,6,144,72,72,176,110,66
16462,C4920,21,388,District-Ganjam,Urban,10-19,3026,1608,1418,830,417,413,363,198,165,288,151,137,477,246,231,223,123,100,76,40,36,471,258,213,298,175,123
16463,C4920,21,388,District-Ganjam,Urban,20-29,2953,1655,1298,598,322,276,378,201,177,278,150,128,645,391,254,209,120,89,97,60,37,484,257,227,264,154,110
16464,C4920,21,388,District-Ganjam,Urban,30-39,2471,1379,1092,506,279,227,349,202,147,244,125,119,531,310,221,172,103,69,107,60,47,398,210,188,164,90,74
16465,C4920,21,388,District-Ganjam,Urban,40-49,2547,1500,1047,616,332,284,364,212,152,236,141,95,523,353,170,151,83,68,142,81,61,394,230,164,121,68,53
16466,C4920,21,388,District-Ganjam,Urban,50-59,2054,1197,857,647,321,326,300,182,118,146,94,52,454,307,147,68,42,26,76,43,33,269,153,116,94,55,39
16467,C4920,21,388,District-Ganjam,Urban,60-69,2161,1098,1063,731,343,388,366,175,191,120,74,46,475,262,213,48,31,17,38,22,16,220,113,107,163,78,85
16468,C4920,21,388,District-Ganjam,Urban,70-79,1584,750,834,527,227,300,281,133,148,48,26,22,338,176,162,21,14,7,22,15,7,131,71,60,216,88,128
16469,C4920,21,388,District-Ganjam,Urban,80-89,639,280,359,165,70,95,105,52,53,14,10,4,161,70,91,3,0,3,7,2,5,36,11,25,148,65,83
16470,C4920,21,388,District-Ganjam,Urban,90+,150,51,99,29,8,21,26,11,15,1,1,0,38,15,23,1,1,0,1,1,0,6,2,4,48,12,36
16471,C4920,21,388,District-Ganjam,Urban,Age Not Stated,62,42,20,14,10,4,6,6,0,2,2,0,6,4,2,5,1,4,1,1,0,25,16,9,3,2,1
16472,C4920,21,389,District-Gajapati,Total,Total,16433,8464,7969,4013,1907,2106,3350,1746,1604,1013,544,469,3477,1956,1521,893,440,453,313,147,166,1882,995,887,1492,729,763
16473,C4920,21,389,District-Gajapati,Total,0-4,778,411,367,240,123,117,185,111,74,12,5,7,91,51,40,47,22,25,7,3,4,136,63,73,60,33,27
16474,C4920,21,389,District-Gajapati,Total,5-9,1552,837,715,376,199,177,356,203,153,139,83,56,183,102,81,124,60,64,16,8,8,216,109,107,142,73,69
16475,C4920,21,389,District-Gajapati,Total,10-19,2878,1514,1364,557,290,267,565,283,282,249,122,127,544,306,238,263,125,138,51,28,23,364,195,169,285,165,120
16476,C4920,21,389,District-Gajapati,Total,20-29,2281,1239,1042,432,214,218,390,212,178,182,93,89,572,349,223,148,76,72,50,31,19,312,153,159,195,111,84
16477,C4920,21,389,District-Gajapati,Total,30-39,1923,1031,892,401,211,190,409,202,207,148,81,67,419,253,166,120,51,69,59,25,34,250,146,104,117,62,55
16478,C4920,21,389,District-Gajapati,Total,40-49,1917,1088,829,406,211,195,419,237,182,125,67,58,466,300,166,86,44,42,62,25,37,240,146,94,113,58,55
16479,C4920,21,389,District-Gajapati,Total,50-59,1648,834,814,464,226,238,328,165,163,78,49,29,415,212,203,53,36,17,37,16,21,150,78,72,123,52,71
16480,C4920,21,389,District-Gajapati,Total,60-69,1958,867,1091,635,226,409,411,195,216,48,26,22,475,248,227,32,17,15,24,9,15,133,66,67,200,80,120
16481,C4920,21,389,District-Gajapati,Total,70-79,1020,426,594,361,140,221,185,90,95,22,12,10,229,96,133,10,3,7,5,1,4,52,25,27,156,59,97
16482,C4920,21,389,District-Gajapati,Total,80-89,305,135,170,101,45,56,62,31,31,2,1,1,50,24,26,1,1,0,1,1,0,8,5,3,80,27,53
16483,C4920,21,389,District-Gajapati,Total,90+,78,35,43,17,10,7,15,7,8,3,2,1,17,5,12,1,1,0,0,0,0,6,2,4,19,8,11
16484,C4920,21,389,District-Gajapati,Total,Age Not Stated,95,47,48,23,12,11,25,10,15,5,3,2,16,10,6,8,4,4,1,0,1,15,7,8,2,1,1
16485,C4920,21,389,District-Gajapati,Rural,Total,14615,7493,7122,3616,1704,1912,3111,1615,1496,888,472,416,3027,1714,1313,780,378,402,265,121,144,1622,859,763,1306,630,676
16486,C4920,21,389,District-Gajapati,Rural,0-4,735,385,350,234,121,113,182,110,72,11,4,7,85,46,39,43,19,24,6,2,4,119,55,64,55,28,27
16487,C4920,21,389,District-Gajapati,Rural,5-9,1459,775,684,354,184,170,339,193,146,131,76,55,174,96,78,114,55,59,15,7,8,198,96,102,134,68,66
16488,C4920,21,389,District-Gajapati,Rural,10-19,2619,1370,1249,510,266,244,526,263,263,221,104,117,505,282,223,232,111,121,47,26,21,323,176,147,255,142,113
16489,C4920,21,389,District-Gajapati,Rural,20-29,2052,1099,953,393,189,204,369,199,170,159,80,79,516,309,207,129,65,64,43,27,16,272,135,137,171,95,76
16490,C4920,21,389,District-Gajapati,Rural,30-39,1672,892,780,363,192,171,371,181,190,122,68,54,373,223,150,97,38,59,46,16,30,199,121,78,101,53,48
16491,C4920,21,389,District-Gajapati,Rural,40-49,1686,946,740,362,186,176,395,219,176,109,60,49,392,248,144,72,35,37,52,21,31,204,125,79,100,52,48
16492,C4920,21,389,District-Gajapati,Rural,50-59,1436,732,704,411,194,217,299,151,148,68,43,25,343,184,159,48,33,15,32,14,18,122,65,57,113,48,65
16493,C4920,21,389,District-Gajapati,Rural,60-69,1704,752,952,557,196,361,384,183,201,42,22,20,389,210,179,25,13,12,18,6,12,112,51,61,177,71,106
16494,C4920,21,389,District-Gajapati,Rural,70-79,848,355,493,311,118,193,159,75,84,16,10,6,186,83,103,10,3,7,4,1,3,45,21,24,117,44,73
16495,C4920,21,389,District-Gajapati,Rural,80-89,249,108,141,86,38,48,50,24,26,1,0,1,38,19,19,1,1,0,1,1,0,7,5,2,65,20,45
16496,C4920,21,389,District-Gajapati,Rural,90+,66,34,32,14,9,5,14,7,7,3,2,1,12,5,7,1,1,0,0,0,0,6,2,4,16,8,8
16497,C4920,21,389,District-Gajapati,Rural,Age Not Stated,89,45,44,21,11,10,23,10,13,5,3,2,14,9,5,8,4,4,1,0,1,15,7,8,2,1,1
16498,C4920,21,389,District-Gajapati,Urban,Total,1818,971,847,397,203,194,239,131,108,125,72,53,450,242,208,113,62,51,48,26,22,260,136,124,186,99,87
16499,C4920,21,389,District-Gajapati,Urban,0-4,43,26,17,6,2,4,3,1,2,1,1,0,6,5,1,4,3,1,1,1,0,17,8,9,5,5,0
16500,C4920,21,389,District-Gajapati,Urban,5-9,93,62,31,22,15,7,17,10,7,8,7,1,9,6,3,10,5,5,1,1,0,18,13,5,8,5,3
16501,C4920,21,389,District-Gajapati,Urban,10-19,259,144,115,47,24,23,39,20,19,28,18,10,39,24,15,31,14,17,4,2,2,41,19,22,30,23,7
16502,C4920,21,389,District-Gajapati,Urban,20-29,229,140,89,39,25,14,21,13,8,23,13,10,56,40,16,19,11,8,7,4,3,40,18,22,24,16,8
16503,C4920,21,389,District-Gajapati,Urban,30-39,251,139,112,38,19,19,38,21,17,26,13,13,46,30,16,23,13,10,13,9,4,51,25,26,16,9,7
16504,C4920,21,389,District-Gajapati,Urban,40-49,231,142,89,44,25,19,24,18,6,16,7,9,74,52,22,14,9,5,10,4,6,36,21,15,13,6,7
16505,C4920,21,389,District-Gajapati,Urban,50-59,212,102,110,53,32,21,29,14,15,10,6,4,72,28,44,5,3,2,5,2,3,28,13,15,10,4,6
16506,C4920,21,389,District-Gajapati,Urban,60-69,254,115,139,78,30,48,27,12,15,6,4,2,86,38,48,7,4,3,6,3,3,21,15,6,23,9,14
16507,C4920,21,389,District-Gajapati,Urban,70-79,172,71,101,50,22,28,26,15,11,6,2,4,43,13,30,0,0,0,1,0,1,7,4,3,39,15,24
16508,C4920,21,389,District-Gajapati,Urban,80-89,56,27,29,15,7,8,12,7,5,1,1,0,12,5,7,0,0,0,0,0,0,1,0,1,15,7,8
16509,C4920,21,389,District-Gajapati,Urban,90+,12,1,11,3,1,2,1,0,1,0,0,0,5,0,5,0,0,0,0,0,0,0,0,0,3,0,3
16510,C4920,21,389,District-Gajapati,Urban,Age Not Stated,6,2,4,2,1,1,2,0,2,0,0,0,2,1,1,0,0,0,0,0,0,0,0,0,0,0,0
16511,C4920,21,390,District-Kandhamal,Total,Total,24620,12729,11891,5203,2543,2660,5174,2679,2495,1010,563,447,5365,2919,2446,1186,659,527,808,414,394,2876,1500,1376,2998,1452,1546
16512,C4920,21,390,District-Kandhamal,Total,0-4,993,521,472,178,92,86,234,131,103,28,18,10,161,72,89,50,30,20,7,2,5,227,121,106,108,55,53
16513,C4920,21,390,District-Kandhamal,Total,5-9,1815,993,822,255,127,128,419,219,200,160,102,58,287,153,134,162,106,56,30,17,13,245,122,123,257,147,110
16514,C4920,21,390,District-Kandhamal,Total,10-19,3780,2022,1758,556,297,259,815,412,403,247,136,111,689,381,308,380,208,172,119,68,51,466,251,215,508,269,239
16515,C4920,21,390,District-Kandhamal,Total,20-29,2975,1571,1404,358,187,171,649,321,328,185,100,85,686,382,304,190,105,85,155,86,69,476,243,233,276,147,129
16516,C4920,21,390,District-Kandhamal,Total,30-39,2660,1440,1220,398,195,203,595,321,274,147,79,68,645,394,251,149,77,72,157,76,81,386,199,187,183,99,84
16517,C4920,21,390,District-Kandhamal,Total,40-49,2769,1549,1220,592,339,253,540,282,258,99,50,49,669,413,256,132,77,55,156,82,74,402,219,183,179,87,92
16518,C4920,21,390,District-Kandhamal,Total,50-59,2714,1382,1332,678,339,339,561,293,268,58,34,24,725,381,344,62,29,33,107,45,62,268,150,118,255,111,144
16519,C4920,21,390,District-Kandhamal,Total,60-69,4019,1986,2033,1286,606,680,859,451,408,52,30,22,875,444,431,51,24,27,58,31,27,270,135,135,568,265,303
16520,C4920,21,390,District-Kandhamal,Total,70-79,2128,941,1187,689,274,415,381,189,192,25,12,13,454,220,234,8,3,5,15,4,11,103,46,57,453,193,260
16521,C4920,21,390,District-Kandhamal,Total,80-89,594,244,350,169,65,104,95,48,47,3,0,3,140,60,80,1,0,1,3,2,1,21,9,12,162,60,102
16522,C4920,21,390,District-Kandhamal,Total,90+,135,62,73,38,17,21,19,9,10,0,0,0,30,17,13,0,0,0,0,0,0,7,2,5,41,17,24
16523,C4920,21,390,District-Kandhamal,Total,Age Not Stated,38,18,20,6,5,1,7,3,4,6,2,4,4,2,2,1,0,1,1,1,0,5,3,2,8,2,6
16524,C4920,21,390,District-Kandhamal,Rural,Total,22785,11749,11036,4757,2309,2448,4814,2498,2316,940,529,411,4985,2699,2286,1074,596,478,747,377,370,2666,1386,1280,2802,1355,1447
16525,C4920,21,390,District-Kandhamal,Rural,0-4,933,485,448,167,85,82,220,120,100,28,18,10,152,68,84,47,29,18,6,1,5,214,112,102,99,52,47
16526,C4920,21,390,District-Kandhamal,Rural,5-9,1682,928,754,221,108,113,387,204,183,157,100,57,267,145,122,155,102,53,29,17,12,236,119,117,230,133,97
16527,C4920,21,390,District-Kandhamal,Rural,10-19,3373,1821,1552,454,242,212,742,382,360,226,123,103,632,358,274,349,192,157,111,62,49,430,232,198,429,230,199
16528,C4920,21,390,District-Kandhamal,Rural,20-29,2714,1424,1290,307,160,147,599,295,304,172,94,78,637,353,284,165,89,76,146,80,66,431,218,213,257,135,122
16529,C4920,21,390,District-Kandhamal,Rural,30-39,2418,1301,1117,348,172,176,543,295,248,138,76,62,585,353,232,132,66,66,145,68,77,354,180,174,173,91,82
16530,C4920,21,390,District-Kandhamal,Rural,40-49,2521,1402,1119,525,300,225,493,253,240,95,49,46,612,372,240,114,68,46,142,75,67,366,200,166,174,85,89
16531,C4920,21,390,District-Kandhamal,Rural,50-59,2552,1290,1262,642,318,324,534,280,254,51,29,22,676,351,325,54,25,29,98,40,58,249,138,111,248,109,139
16532,C4920,21,390,District-Kandhamal,Rural,60-69,3849,1897,1952,1238,583,655,817,430,387,44,26,18,835,418,417,48,22,26,53,29,24,262,133,129,552,256,296
16533,C4920,21,390,District-Kandhamal,Rural,70-79,2017,894,1123,653,259,394,366,183,183,22,12,10,426,207,219,8,3,5,14,3,11,93,41,52,435,186,249
16534,C4920,21,390,District-Kandhamal,Rural,80-89,563,230,333,161,61,100,89,45,44,2,0,2,131,56,75,1,0,1,2,1,1,19,8,11,158,59,99
16535,C4920,21,390,District-Kandhamal,Rural,90+,127,60,67,35,16,19,18,9,9,0,0,0,28,16,12,0,0,0,0,0,0,7,2,5,39,17,22
16536,C4920,21,390,District-Kandhamal,Rural,Age Not Stated,36,17,19,6,5,1,6,2,4,5,2,3,4,2,2,1,0,1,1,1,0,5,3,2,8,2,6
16537,C4920,21,390,District-Kandhamal,Urban,Total,1835,980,855,446,234,212,360,181,179,70,34,36,380,220,160,112,63,49,61,37,24,210,114,96,196,97,99
16538,C4920,21,390,District-Kandhamal,Urban,0-4,60,36,24,11,7,4,14,11,3,0,0,0,9,4,5,3,1,2,1,1,0,13,9,4,9,3,6
16539,C4920,21,390,District-Kandhamal,Urban,5-9,133,65,68,34,19,15,32,15,17,3,2,1,20,8,12,7,4,3,1,0,1,9,3,6,27,14,13
16540,C4920,21,390,District-Kandhamal,Urban,10-19,407,201,206,102,55,47,73,30,43,21,13,8,57,23,34,31,16,15,8,6,2,36,19,17,79,39,40
16541,C4920,21,390,District-Kandhamal,Urban,20-29,261,147,114,51,27,24,50,26,24,13,6,7,49,29,20,25,16,9,9,6,3,45,25,20,19,12,7
16542,C4920,21,390,District-Kandhamal,Urban,30-39,242,139,103,50,23,27,52,26,26,9,3,6,60,41,19,17,11,6,12,8,4,32,19,13,10,8,2
16543,C4920,21,390,District-Kandhamal,Urban,40-49,248,147,101,67,39,28,47,29,18,4,1,3,57,41,16,18,9,9,14,7,7,36,19,17,5,2,3
16544,C4920,21,390,District-Kandhamal,Urban,50-59,162,92,70,36,21,15,27,13,14,7,5,2,49,30,19,8,4,4,9,5,4,19,12,7,7,2,5
16545,C4920,21,390,District-Kandhamal,Urban,60-69,170,89,81,48,23,25,42,21,21,8,4,4,40,26,14,3,2,1,5,2,3,8,2,6,16,9,7
16546,C4920,21,390,District-Kandhamal,Urban,70-79,111,47,64,36,15,21,15,6,9,3,0,3,28,13,15,0,0,0,1,1,0,10,5,5,18,7,11
16547,C4920,21,390,District-Kandhamal,Urban,80-89,31,14,17,8,4,4,6,3,3,1,0,1,9,4,5,0,0,0,1,1,0,2,1,1,4,1,3
16548,C4920,21,390,District-Kandhamal,Urban,90+,8,2,6,3,1,2,1,0,1,0,0,0,2,1,1,0,0,0,0,0,0,0,0,0,2,0,2
16549,C4920,21,390,District-Kandhamal,Urban,Age Not Stated,2,1,1,0,0,0,1,1,0,1,0,1,0,0,0,0,0,0,0,0,0,0,0,0,0,0,0
16550,C4920,21,391,District-Baudh,Total,Total,12828,6851,5977,1984,1056,928,2285,1170,1115,738,404,334,3331,1855,1476,716,358,358,382,189,193,1887,1038,849,1505,781,724
16551,C4920,21,391,District-Baudh,Total,0-4,546,276,270,83,44,39,100,52,48,18,10,8,74,41,33,49,19,30,4,0,4,148,74,74,70,36,34
16552,C4920,21,391,District-Baudh,Total,5-9,966,530,436,117,63,54,160,83,77,122,72,50,137,84,53,120,58,62,21,10,11,138,73,65,151,87,64
16553,C4920,21,391,District-Baudh,Total,10-19,2003,1131,872,245,140,105,318,171,147,225,127,98,338,199,139,229,119,110,49,27,22,327,181,146,272,167,105
16554,C4920,21,391,District-Baudh,Total,20-29,1499,819,680,145,77,68,224,116,108,126,66,60,375,230,145,111,58,53,53,29,24,280,147,133,185,96,89
16555,C4920,21,391,District-Baudh,Total,30-39,1406,778,628,152,88,64,238,116,122,93,51,42,348,208,140,93,52,41,89,44,45,277,160,117,116,59,57
16556,C4920,21,391,District-Baudh,Total,40-49,1244,710,534,170,99,71,233,125,108,66,40,26,338,201,137,55,27,28,72,36,36,222,138,84,88,44,44
16557,C4920,21,391,District-Baudh,Total,50-59,1278,656,622,250,127,123,277,138,139,39,18,21,360,200,160,24,10,14,49,22,27,179,97,82,100,44,56
16558,C4920,21,391,District-Baudh,Total,60-69,2097,1079,1018,474,260,214,386,197,189,28,13,15,753,372,381,26,13,13,32,15,17,187,103,84,211,106,105
16559,C4920,21,391,District-Baudh,Total,70-79,1253,589,664,251,111,140,245,117,128,20,6,14,454,238,216,5,1,4,10,4,6,79,35,44,189,77,112
16560,C4920,21,391,District-Baudh,Total,80-89,420,224,196,80,39,41,78,42,36,1,1,0,130,68,62,2,1,1,2,2,0,35,22,13,92,49,43
16561,C4920,21,391,District-Baudh,Total,90+,76,40,36,11,5,6,16,7,9,0,0,0,16,9,7,1,0,1,0,0,0,5,4,1,27,15,12
16562,C4920,21,391,District-Baudh,Total,Age Not Stated,40,19,21,6,3,3,10,6,4,0,0,0,8,5,3,1,0,1,1,0,1,10,4,6,4,1,3
16563,C4920,21,391,District-Baudh,Rural,Total,12277,6529,5748,1888,997,891,2221,1139,1082,700,388,312,3172,1750,1422,675,332,343,362,179,183,1791,986,805,1468,758,710
16564,C4920,21,391,District-Baudh,Rural,0-4,533,268,265,77,40,37,99,51,48,18,10,8,73,40,33,48,18,30,4,0,4,146,73,73,68,36,32
16565,C4920,21,391,District-Baudh,Rural,5-9,926,511,415,110,61,49,159,82,77,115,69,46,132,81,51,113,55,58,17,7,10,130,70,60,150,86,64
16566,C4920,21,391,District-Baudh,Rural,10-19,1892,1065,827,221,125,96,306,163,143,214,122,92,315,187,128,219,112,107,48,27,21,306,168,138,263,161,102
16567,C4920,21,391,District-Baudh,Rural,20-29,1429,777,652,136,71,65,214,111,103,120,64,56,360,220,140,104,52,52,50,28,22,263,138,125,182,93,89
16568,C4920,21,391,District-Baudh,Rural,30-39,1329,728,601,144,83,61,228,112,116,88,50,38,329,191,138,85,48,37,85,42,43,260,148,112,110,54,56
16569,C4920,21,391,District-Baudh,Rural,40-49,1181,672,509,160,90,70,226,122,104,61,38,23,315,187,128,50,24,26,67,33,34,214,134,80,88,44,44
16570,C4920,21,391,District-Baudh,Rural,50-59,1221,624,597,237,119,118,273,138,135,36,15,21,336,185,151,23,9,14,47,21,26,172,95,77,97,42,55
16571,C4920,21,391,District-Baudh,Rural,60-69,2045,1046,999,466,255,211,380,195,185,27,13,14,731,354,377,24,12,12,31,15,16,179,99,80,207,103,104
16572,C4920,21,391,District-Baudh,Rural,70-79,1205,563,642,242,107,135,236,112,124,20,6,14,433,225,208,5,1,4,10,4,6,72,32,40,187,76,111
16573,C4920,21,391,District-Baudh,Rural,80-89,404,217,187,78,38,40,75,40,35,1,1,0,124,66,58,2,1,1,2,2,0,35,22,13,87,47,40
16574,C4920,21,391,District-Baudh,Rural,90+,72,39,33,11,5,6,15,7,8,0,0,0,16,9,7,1,0,1,0,0,0,4,3,1,25,15,10
16575,C4920,21,391,District-Baudh,Rural,Age Not Stated,40,19,21,6,3,3,10,6,4,0,0,0,8,5,3,1,0,1,1,0,1,10,4,6,4,1,3
16576,C4920,21,391,District-Baudh,Urban,Total,551,322,229,96,59,37,64,31,33,38,16,22,159,105,54,41,26,15,20,10,10,96,52,44,37,23,14
16577,C4920,21,391,District-Baudh,Urban,0-4,13,8,5,6,4,2,1,1,0,0,0,0,1,1,0,1,1,0,0,0,0,2,1,1,2,0,2
16578,C4920,21,391,District-Baudh,Urban,5-9,40,19,21,7,2,5,1,1,0,7,3,4,5,3,2,7,3,4,4,3,1,8,3,5,1,1,0
16579,C4920,21,391,District-Baudh,Urban,10-19,111,66,45,24,15,9,12,8,4,11,5,6,23,12,11,10,7,3,1,0,1,21,13,8,9,6,3
16580,C4920,21,391,District-Baudh,Urban,20-29,70,42,28,9,6,3,10,5,5,6,2,4,15,10,5,7,6,1,3,1,2,17,9,8,3,3,0
16581,C4920,21,391,District-Baudh,Urban,30-39,77,50,27,8,5,3,10,4,6,5,1,4,19,17,2,8,4,4,4,2,2,17,12,5,6,5,1
16582,C4920,21,391,District-Baudh,Urban,40-49,63,38,25,10,9,1,7,3,4,5,2,3,23,14,9,5,3,2,5,3,2,8,4,4,0,0,0
16583,C4920,21,391,District-Baudh,Urban,50-59,57,32,25,13,8,5,4,0,4,3,3,0,24,15,9,1,1,0,2,1,1,7,2,5,3,2,1
16584,C4920,21,391,District-Baudh,Urban,60-69,52,33,19,8,5,3,6,2,4,1,0,1,22,18,4,2,1,1,1,0,1,8,4,4,4,3,1
16585,C4920,21,391,District-Baudh,Urban,70-79,48,26,22,9,4,5,9,5,4,0,0,0,21,13,8,0,0,0,0,0,0,7,3,4,2,1,1
16586,C4920,21,391,District-Baudh,Urban,80-89,16,7,9,2,1,1,3,2,1,0,0,0,6,2,4,0,0,0,0,0,0,0,0,0,5,2,3
16587,C4920,21,391,District-Baudh,Urban,90+,4,1,3,0,0,0,1,0,1,0,0,0,0,0,0,0,0,0,0,0,0,1,1,0,2,0,2
16588,C4920,21,391,District-Baudh,Urban,Age Not Stated,0,0,0,0,0,0,0,0,0,0,0,0,0,0,0,0,0,0,0,0,0,0,0,0,0,0,0
16589,C4920,21,392,District-Subarnapur,Total,Total,18011,9949,8062,3425,1835,1590,3556,1887,1669,1089,621,468,4196,2514,1682,923,483,440,556,293,263,2482,1348,1134,1784,968,816
16590,C4920,21,392,District-Subarnapur,Total,0-4,818,457,361,182,101,81,168,87,81,29,18,11,108,69,39,40,22,18,2,1,1,194,105,89,95,54,41
16591,C4920,21,392,District-Subarnapur,Total,5-9,1169,644,525,225,125,100,184,100,84,136,86,50,143,83,60,95,44,51,13,7,6,188,93,95,185,106,79
16592,C4920,21,392,District-Subarnapur,Total,10-19,3061,1596,1465,551,272,279,556,284,272,272,140,132,492,280,212,281,149,132,57,28,29,452,224,228,400,219,181
16593,C4920,21,392,District-Subarnapur,Total,20-29,2739,1560,1179,396,208,188,474,255,219,202,109,93,736,453,283,173,100,73,103,63,40,397,223,174,258,149,109
16594,C4920,21,392,District-Subarnapur,Total,30-39,2346,1348,998,349,195,154,468,247,221,153,91,62,570,371,199,146,74,72,131,70,61,354,199,155,175,101,74
16595,C4920,21,392,District-Subarnapur,Total,40-49,1908,1126,782,337,191,146,371,215,156,118,72,46,469,316,153,94,45,49,111,60,51,273,159,114,135,68,67
16596,C4920,21,392,District-Subarnapur,Total,50-59,1708,939,769,382,217,165,376,181,195,76,44,32,417,249,168,45,23,22,66,34,32,252,144,108,94,47,47
16597,C4920,21,392,District-Subarnapur,Total,60-69,2225,1211,1014,539,290,249,501,263,238,66,41,25,625,363,262,36,17,19,51,19,32,225,126,99,182,92,90
16598,C4920,21,392,District-Subarnapur,Total,70-79,1384,717,667,322,158,164,327,174,153,27,13,14,426,225,201,9,5,4,18,9,9,99,51,48,156,82,74
16599,C4920,21,392,District-Subarnapur,Total,80-89,475,256,219,99,54,45,89,60,29,7,6,1,172,86,86,1,1,0,4,2,2,35,16,19,68,31,37
16600,C4920,21,392,District-Subarnapur,Total,90+,125,66,59,29,15,14,29,15,14,1,0,1,29,17,12,0,0,0,0,0,0,5,3,2,32,16,16
16601,C4920,21,392,District-Subarnapur,Total,Age Not Stated,53,29,24,14,9,5,13,6,7,2,1,1,9,2,7,3,3,0,0,0,0,8,5,3,4,3,1
16602,C4920,21,392,District-Subarnapur,Rural,Total,16559,9136,7423,3150,1688,1462,3226,1714,1512,930,526,404,3952,2356,1596,854,445,409,517,267,250,2243,1227,1016,1687,913,774
16603,C4920,21,392,District-Subarnapur,Rural,0-4,742,417,325,169,94,75,145,76,69,26,15,11,105,68,37,37,20,17,2,1,1,168,94,74,90,49,41
16604,C4920,21,392,District-Subarnapur,Rural,5-9,1061,587,474,196,108,88,166,93,73,125,78,47,133,79,54,88,41,47,11,5,6,168,84,84,174,99,75
16605,C4920,21,392,District-Subarnapur,Rural,10-19,2798,1453,1345,497,241,256,489,243,246,249,131,118,458,260,198,264,140,124,52,25,27,415,204,211,374,209,165
16606,C4920,21,392,District-Subarnapur,Rural,20-29,2480,1424,1056,340,185,155,415,224,191,172,93,79,693,426,267,159,93,66,98,59,39,364,208,156,239,136,103
16607,C4920,21,392,District-Subarnapur,Rural,30-39,2121,1218,903,323,180,143,419,222,197,119,73,46,514,332,182,136,69,67,117,60,57,325,185,140,168,97,71
16608,C4920,21,392,District-Subarnapur,Rural,40-49,1745,1016,729,306,172,134,342,196,146,99,58,41,440,294,146,85,39,46,107,57,50,238,138,100,128,62,66
16609,C4920,21,392,District-Subarnapur,Rural,50-59,1572,864,708,354,203,151,345,171,174,54,31,23,395,233,162,41,20,21,61,31,30,232,132,100,90,43,47
16610,C4920,21,392,District-Subarnapur,Rural,60-69,2091,1140,951,515,278,237,463,243,220,54,30,24,605,355,250,32,15,17,49,18,31,199,112,87,174,89,85
16611,C4920,21,392,District-Subarnapur,Rural,70-79,1326,681,645,312,152,160,316,167,149,24,11,13,409,212,197,8,4,4,17,9,8,89,46,43,151,80,71
16612,C4920,21,392,District-Subarnapur,Rural,80-89,452,243,209,96,52,44,87,59,28,6,5,1,162,78,84,1,1,0,3,2,1,33,16,17,64,30,34
16613,C4920,21,392,District-Subarnapur,Rural,90+,120,64,56,28,14,14,27,14,13,0,0,0,29,17,12,0,0,0,0,0,0,4,3,1,32,16,16
16614,C4920,21,392,District-Subarnapur,Rural,Age Not Stated,51,29,22,14,9,5,12,6,6,2,1,1,9,2,7,3,3,0,0,0,0,8,5,3,3,3,0
16615,C4920,21,392,District-Subarnapur,Urban,Total,1452,813,639,275,147,128,330,173,157,159,95,64,244,158,86,69,38,31,39,26,13,239,121,118,97,55,42
16616,C4920,21,392,District-Subarnapur,Urban,0-4,76,40,36,13,7,6,23,11,12,3,3,0,3,1,2,3,2,1,0,0,0,26,11,15,5,5,0
16617,C4920,21,392,District-Subarnapur,Urban,5-9,108,57,51,29,17,12,18,7,11,11,8,3,10,4,6,7,3,4,2,2,0,20,9,11,11,7,4
16618,C4920,21,392,District-Subarnapur,Urban,10-19,263,143,120,54,31,23,67,41,26,23,9,14,34,20,14,17,9,8,5,3,2,37,20,17,26,10,16
16619,C4920,21,392,District-Subarnapur,Urban,20-29,259,136,123,56,23,33,59,31,28,30,16,14,43,27,16,14,7,7,5,4,1,33,15,18,19,13,6
16620,C4920,21,392,District-Subarnapur,Urban,30-39,225,130,95,26,15,11,49,25,24,34,18,16,56,39,17,10,5,5,14,10,4,29,14,15,7,4,3
16621,C4920,21,392,District-Subarnapur,Urban,40-49,163,110,53,31,19,12,29,19,10,19,14,5,29,22,7,9,6,3,4,3,1,35,21,14,7,6,1
16622,C4920,21,392,District-Subarnapur,Urban,50-59,136,75,61,28,14,14,31,10,21,22,13,9,22,16,6,4,3,1,5,3,2,20,12,8,4,4,0
16623,C4920,21,392,District-Subarnapur,Urban,60-69,134,71,63,24,12,12,38,20,18,12,11,1,20,8,12,4,2,2,2,1,1,26,14,12,8,3,5
16624,C4920,21,392,District-Subarnapur,Urban,70-79,58,36,22,10,6,4,11,7,4,3,2,1,17,13,4,1,1,0,1,0,1,10,5,5,5,2,3
16625,C4920,21,392,District-Subarnapur,Urban,80-89,23,13,10,3,2,1,2,1,1,1,1,0,10,8,2,0,0,0,1,0,1,2,0,2,4,1,3
16626,C4920,21,392,District-Subarnapur,Urban,90+,5,2,3,1,1,0,2,1,1,1,0,1,0,0,0,0,0,0,0,0,0,1,0,1,0,0,0
16627,C4920,21,392,District-Subarnapur,Urban,Age Not Stated,2,0,2,0,0,0,1,0,1,0,0,0,0,0,0,0,0,0,0,0,0,0,0,0,1,0,1
16628,C4920,21,393,District-Balangir,Total,Total,57028,30374,26654,13296,7028,6268,11281,5852,5429,3296,1829,1467,11375,6262,5113,2861,1508,1353,1566,763,803,8047,4424,3623,5306,2708,2598
16629,C4920,21,393,District-Balangir,Total,0-4,2802,1503,1299,830,431,399,558,286,272,72,39,33,319,182,137,123,66,57,21,11,10,634,341,293,245,147,98
16630,C4920,21,393,District-Balangir,Total,5-9,4134,2309,1825,993,508,485,767,398,369,407,242,165,408,261,147,360,205,155,34,21,13,658,370,288,507,304,203
16631,C4920,21,393,District-Balangir,Total,10-19,9054,4932,4122,2086,1144,942,1725,900,825,772,413,359,1209,656,553,797,458,339,157,80,77,1384,757,627,924,524,400
16632,C4920,21,393,District-Balangir,Total,20-29,7485,3978,3507,1585,884,701,1367,695,672,543,277,266,1431,787,644,504,269,235,258,132,126,1205,634,571,592,300,292
16633,C4920,21,393,District-Balangir,Total,30-39,6822,3815,3007,1411,800,611,1366,729,637,471,271,200,1221,732,489,375,187,188,340,176,164,1155,652,503,483,268,215
16634,C4920,21,393,District-Balangir,Total,40-49,6230,3522,2708,1323,773,550,1302,683,619,418,238,180,1260,798,462,310,147,163,315,151,164,962,554,408,340,178,162
16635,C4920,21,393,District-Balangir,Total,50-59,5552,2954,2598,1277,664,613,1162,593,569,269,152,117,1348,759,589,170,69,101,224,109,115,786,427,359,316,181,135
16636,C4920,21,393,District-Balangir,Total,60-69,7276,3750,3526,1835,907,928,1474,772,702,217,130,87,2043,1097,946,149,78,71,152,53,99,768,429,339,638,284,354
16637,C4920,21,393,District-Balangir,Total,70-79,5024,2354,2670,1338,625,713,1018,503,515,84,47,37,1428,669,759,57,22,35,47,23,24,327,170,157,725,295,430
16638,C4920,21,393,District-Balangir,Total,80-89,1937,908,1029,479,219,260,381,208,173,28,12,16,542,239,303,10,3,7,13,5,8,96,55,41,388,167,221
16639,C4920,21,393,District-Balangir,Total,90+,524,252,272,102,51,51,110,59,51,6,4,2,144,71,73,2,1,1,2,0,2,32,17,15,126,49,77
16640,C4920,21,393,District-Balangir,Total,Age Not Stated,188,97,91,37,22,15,51,26,25,9,4,5,22,11,11,4,3,1,3,2,1,40,18,22,22,11,11
16641,C4920,21,393,District-Balangir,Rural,Total,50378,26739,23639,11878,6271,5607,9823,5085,4738,2948,1645,1303,10314,5619,4695,2568,1347,1221,1408,673,735,6597,3629,2968,4842,2470,2372
16642,C4920,21,393,District-Balangir,Rural,0-4,2511,1348,1163,758,392,366,480,243,237,71,38,33,295,170,125,108,54,54,20,10,10,544,297,247,235,144,91
16643,C4920,21,393,District-Balangir,Rural,5-9,3750,2083,1667,925,469,456,680,344,336,379,225,154,371,237,134,333,189,144,31,19,12,569,324,245,462,276,186
16644,C4920,21,393,District-Balangir,Rural,10-19,8041,4392,3649,1887,1034,853,1482,778,704,693,376,317,1113,608,505,729,417,312,141,70,71,1142,621,521,854,488,366
16645,C4920,21,393,District-Balangir,Rural,20-29,6471,3432,3039,1415,786,629,1146,586,560,480,245,235,1289,700,589,439,235,204,228,114,114,945,496,449,529,270,259
16646,C4920,21,393,District-Balangir,Rural,30-39,5833,3254,2579,1243,709,534,1127,599,528,411,239,172,1098,645,453,328,161,167,297,152,145,887,502,385,442,247,195
16647,C4920,21,393,District-Balangir,Rural,40-49,5333,3007,2326,1097,652,445,1127,586,541,373,218,155,1110,691,419,278,127,151,280,134,146,766,444,322,302,155,147
16648,C4920,21,393,District-Balangir,Rural,50-59,4819,2554,2265,1103,572,531,1007,516,491,240,135,105,1191,662,529,146,61,85,208,99,109,640,350,290,284,159,125
16649,C4920,21,393,District-Balangir,Rural,60-69,6601,3375,3226,1647,809,838,1369,716,653,184,108,76,1868,993,875,141,75,66,142,46,96,668,369,299,582,259,323
16650,C4920,21,393,District-Balangir,Rural,70-79,4606,2147,2459,1234,577,657,927,457,470,76,42,34,1326,612,714,51,21,30,44,23,21,281,141,140,667,274,393
16651,C4920,21,393,District-Balangir,Rural,80-89,1774,833,941,447,205,242,347,189,158,26,11,15,499,223,276,9,3,6,12,4,8,87,52,35,347,146,201
16652,C4920,21,393,District-Balangir,Rural,90+,469,227,242,88,46,42,91,50,41,6,4,2,133,68,65,2,1,1,2,0,2,29,15,14,118,43,75
16653,C4920,21,393,District-Balangir,Rural,Age Not Stated,170,87,83,34,20,14,40,21,19,9,4,5,21,10,11,4,3,1,3,2,1,39,18,21,20,9,11
16654,C4920,21,393,District-Balangir,Urban,Total,6650,3635,3015,1418,757,661,1458,767,691,348,184,164,1061,643,418,293,161,132,158,90,68,1450,795,655,464,238,226
16655,C4920,21,393,District-Balangir,Urban,0-4,291,155,136,72,39,33,78,43,35,1,1,0,24,12,12,15,12,3,1,1,0,90,44,46,10,3,7
16656,C4920,21,393,District-Balangir,Urban,5-9,384,226,158,68,39,29,87,54,33,28,17,11,37,24,13,27,16,11,3,2,1,89,46,43,45,28,17
16657,C4920,21,393,District-Balangir,Urban,10-19,1013,540,473,199,110,89,243,122,121,79,37,42,96,48,48,68,41,27,16,10,6,242,136,106,70,36,34
16658,C4920,21,393,District-Balangir,Urban,20-29,1014,546,468,170,98,72,221,109,112,63,32,31,142,87,55,65,34,31,30,18,12,260,138,122,63,30,33
16659,C4920,21,393,District-Balangir,Urban,30-39,989,561,428,168,91,77,239,130,109,60,32,28,123,87,36,47,26,21,43,24,19,268,150,118,41,21,20
16660,C4920,21,393,District-Balangir,Urban,40-49,897,515,382,226,121,105,175,97,78,45,20,25,150,107,43,32,20,12,35,17,18,196,110,86,38,23,15
16661,C4920,21,393,District-Balangir,Urban,50-59,733,400,333,174,92,82,155,77,78,29,17,12,157,97,60,24,8,16,16,10,6,146,77,69,32,22,10
16662,C4920,21,393,District-Balangir,Urban,60-69,675,375,300,188,98,90,105,56,49,33,22,11,175,104,71,8,3,5,10,7,3,100,60,40,56,25,31
16663,C4920,21,393,District-Balangir,Urban,70-79,418,207,211,104,48,56,91,46,45,8,5,3,102,57,45,6,1,5,3,0,3,46,29,17,58,21,37
16664,C4920,21,393,District-Balangir,Urban,80-89,163,75,88,32,14,18,34,19,15,2,1,1,43,16,27,1,0,1,1,1,0,9,3,6,41,21,20
16665,C4920,21,393,District-Balangir,Urban,90+,55,25,30,14,5,9,19,9,10,0,0,0,11,3,8,0,0,0,0,0,0,3,2,1,8,6,2
16666,C4920,21,393,District-Balangir,Urban,Age Not Stated,18,10,8,3,2,1,11,5,6,0,0,0,1,1,0,0,0,0,0,0,0,1,0,1,2,2,0
16667,C4920,21,394,District-Nuapada,Total,Total,20596,10645,9951,4803,2359,2444,3392,1679,1713,1024,566,458,4653,2569,2084,1008,551,457,571,274,297,2840,1549,1291,2305,1098,1207
16668,C4920,21,394,District-Nuapada,Total,0-4,985,492,493,301,139,162,150,73,77,17,9,8,149,80,69,34,23,11,6,1,5,236,114,122,92,53,39
16669,C4920,21,394,District-Nuapada,Total,5-9,1491,850,641,375,196,179,192,106,86,165,93,72,186,126,60,108,64,44,20,12,8,242,128,114,203,125,78
16670,C4920,21,394,District-Nuapada,Total,10-19,3130,1702,1428,658,340,318,490,244,246,287,173,114,509,287,222,264,151,113,77,41,36,459,260,199,386,206,180
16671,C4920,21,394,District-Nuapada,Total,20-29,2400,1352,1048,419,235,184,369,208,161,163,83,80,547,331,216,193,104,89,100,48,52,403,240,163,206,103,103
16672,C4920,21,394,District-Nuapada,Total,30-39,2184,1189,995,419,224,195,323,170,153,119,64,55,516,310,206,153,71,82,100,50,50,364,199,165,190,101,89
16673,C4920,21,394,District-Nuapada,Total,40-49,2210,1257,953,401,224,177,380,209,171,109,64,45,592,372,220,112,66,46,127,59,68,338,189,149,151,74,77
16674,C4920,21,394,District-Nuapada,Total,50-59,2099,1048,1051,500,233,267,365,166,199,77,40,37,599,324,275,68,31,37,75,28,47,286,161,125,129,65,64
16675,C4920,21,394,District-Nuapada,Total,60-69,3119,1486,1633,943,436,507,578,262,316,66,31,35,776,388,388,55,29,26,44,22,22,309,156,153,348,162,186
16676,C4920,21,394,District-Nuapada,Total,70-79,2014,874,1140,556,239,317,383,171,212,13,7,6,539,247,292,13,9,4,15,8,7,132,62,70,363,131,232
16677,C4920,21,394,District-Nuapada,Total,80-89,725,283,442,172,62,110,136,58,78,3,1,2,185,77,108,7,3,4,4,3,1,43,22,21,175,57,118
16678,C4920,21,394,District-Nuapada,Total,90+,191,85,106,47,20,27,17,10,7,1,1,0,49,24,25,1,0,1,2,2,0,14,8,6,60,20,40
16679,C4920,21,394,District-Nuapada,Total,Age Not Stated,48,27,21,12,11,1,9,2,7,4,0,4,6,3,3,0,0,0,1,0,1,14,10,4,2,1,1
16680,C4920,21,394,District-Nuapada,Rural,Total,19603,10101,9502,4625,2263,2362,3273,1611,1662,973,543,430,4416,2433,1983,943,507,436,537,252,285,2631,1435,1196,2205,1057,1148
16681,C4920,21,394,District-Nuapada,Rural,0-4,944,477,467,292,137,155,144,72,72,16,9,7,143,79,64,33,22,11,6,1,5,223,106,117,87,51,36
16682,C4920,21,394,District-Nuapada,Rural,5-9,1442,820,622,366,191,175,187,101,86,158,88,70,177,120,57,103,61,42,20,12,8,232,124,108,199,123,76
16683,C4920,21,394,District-Nuapada,Rural,10-19,2992,1624,1368,634,322,312,480,242,238,274,169,105,484,273,211,247,139,108,71,39,32,432,243,189,370,197,173
16684,C4920,21,394,District-Nuapada,Rural,20-29,2271,1269,1002,399,221,178,358,202,156,154,78,76,517,311,206,177,94,83,95,45,50,373,221,152,198,97,101
16685,C4920,21,394,District-Nuapada,Rural,30-39,2052,1115,937,394,210,184,307,159,148,113,62,51,489,297,192,144,65,79,93,44,49,332,181,151,180,97,83
16686,C4920,21,394,District-Nuapada,Rural,40-49,2060,1171,889,382,214,168,365,200,165,103,61,42,547,344,203,103,60,43,115,50,65,303,170,133,142,72,70
16687,C4920,21,394,District-Nuapada,Rural,50-59,1975,978,997,475,223,252,353,156,197,74,38,36,558,297,261,63,28,35,72,27,45,256,147,109,124,62,62
16688,C4920,21,394,District-Nuapada,Rural,60-69,3003,1428,1575,917,422,495,556,249,307,61,30,31,748,373,375,53,27,26,43,21,22,288,148,140,337,158,179
16689,C4920,21,394,District-Nuapada,Rural,70-79,1944,841,1103,541,232,309,371,164,207,12,6,6,523,238,285,13,9,4,15,8,7,125,58,67,344,126,218
16690,C4920,21,394,District-Nuapada,Rural,80-89,691,269,422,167,60,107,129,54,75,3,1,2,176,74,102,6,2,4,4,3,1,43,22,21,163,53,110
16691,C4920,21,394,District-Nuapada,Rural,90+,183,83,100,46,20,26,15,10,5,1,1,0,48,24,24,1,0,1,2,2,0,11,6,5,59,20,39
16692,C4920,21,394,District-Nuapada,Rural,Age Not Stated,46,26,20,12,11,1,8,2,6,4,0,4,6,3,3,0,0,0,1,0,1,13,9,4,2,1,1
16693,C4920,21,394,District-Nuapada,Urban,Total,993,544,449,178,96,82,119,68,51,51,23,28,237,136,101,65,44,21,34,22,12,209,114,95,100,41,59
16694,C4920,21,394,District-Nuapada,Urban,0-4,41,15,26,9,2,7,6,1,5,1,0,1,6,1,5,1,1,0,0,0,0,13,8,5,5,2,3
16695,C4920,21,394,District-Nuapada,Urban,5-9,49,30,19,9,5,4,5,5,0,7,5,2,9,6,3,5,3,2,0,0,0,10,4,6,4,2,2
16696,C4920,21,394,District-Nuapada,Urban,10-19,138,78,60,24,18,6,10,2,8,13,4,9,25,14,11,17,12,5,6,2,4,27,17,10,16,9,7
16697,C4920,21,394,District-Nuapada,Urban,20-29,129,83,46,20,14,6,11,6,5,9,5,4,30,20,10,16,10,6,5,3,2,30,19,11,8,6,2
16698,C4920,21,394,District-Nuapada,Urban,30-39,132,74,58,25,14,11,16,11,5,6,2,4,27,13,14,9,6,3,7,6,1,32,18,14,10,4,6
16699,C4920,21,394,District-Nuapada,Urban,40-49,150,86,64,19,10,9,15,9,6,6,3,3,45,28,17,9,6,3,12,9,3,35,19,16,9,2,7
16700,C4920,21,394,District-Nuapada,Urban,50-59,124,70,54,25,10,15,12,10,2,3,2,1,41,27,14,5,3,2,3,1,2,30,14,16,5,3,2
16701,C4920,21,394,District-Nuapada,Urban,60-69,116,58,58,26,14,12,22,13,9,5,1,4,28,15,13,2,2,0,1,1,0,21,8,13,11,4,7
16702,C4920,21,394,District-Nuapada,Urban,70-79,70,33,37,15,7,8,12,7,5,1,1,0,16,9,7,0,0,0,0,0,0,7,4,3,19,5,14
16703,C4920,21,394,District-Nuapada,Urban,80-89,34,14,20,5,2,3,7,4,3,0,0,0,9,3,6,1,1,0,0,0,0,0,0,0,12,4,8
16704,C4920,21,394,District-Nuapada,Urban,90+,8,2,6,1,0,1,2,0,2,0,0,0,1,0,1,0,0,0,0,0,0,3,2,1,1,0,1
16705,C4920,21,394,District-Nuapada,Urban,Age Not Stated,2,1,1,0,0,0,1,0,1,0,0,0,0,0,0,0,0,0,0,0,0,1,1,0,0,0,0
16706,C4920,21,395,District-Kalahandi,Total,Total,44121,23406,20715,9225,4821,4404,9057,4657,4400,2810,1541,1269,7961,4395,3566,2500,1314,1186,1370,723,647,7376,3949,3427,3822,2006,1816
16707,C4920,21,395,District-Kalahandi,Total,0-4,2281,1192,1089,537,298,239,451,220,231,66,36,30,291,159,132,96,44,52,12,7,5,631,310,321,197,118,79
16708,C4920,21,395,District-Kalahandi,Total,5-9,3602,1936,1666,751,399,352,659,317,342,333,185,148,431,233,198,302,162,140,41,25,16,644,359,285,441,256,185
16709,C4920,21,395,District-Kalahandi,Total,10-19,7973,4324,3649,1579,866,713,1674,904,770,605,324,281,1083,565,518,690,408,282,138,77,61,1351,713,638,853,467,386
16710,C4920,21,395,District-Kalahandi,Total,20-29,5878,3220,2658,956,527,429,1134,571,563,487,260,227,1027,619,408,410,213,197,240,150,90,1106,590,516,518,290,228
16711,C4920,21,395,District-Kalahandi,Total,30-39,5596,3040,2556,997,536,461,1156,586,570,456,252,204,968,601,367,356,179,177,322,159,163,1000,538,462,341,189,152
16712,C4920,21,395,District-Kalahandi,Total,40-49,5096,2878,2218,971,562,409,1110,603,507,327,187,140,952,557,395,288,151,137,284,161,123,931,537,394,233,120,113
16713,C4920,21,395,District-Kalahandi,Total,50-59,4128,2242,1886,842,440,402,927,488,439,223,127,96,897,513,384,165,83,82,169,80,89,667,379,288,238,132,106
16714,C4920,21,395,District-Kalahandi,Total,60-69,5051,2517,2534,1349,641,708,1057,519,538,194,102,92,1218,671,547,144,57,87,115,48,67,626,322,304,348,157,191
16715,C4920,21,395,District-Kalahandi,Total,70-79,2936,1300,1636,834,343,491,582,294,288,85,48,37,721,312,409,30,12,18,36,13,23,246,113,133,402,165,237
16716,C4920,21,395,District-Kalahandi,Total,80-89,1060,475,585,271,125,146,208,99,109,18,10,8,279,124,155,8,4,4,7,1,6,80,31,49,189,81,108
16717,C4920,21,395,District-Kalahandi,Total,90+,262,128,134,73,35,38,48,26,22,5,3,2,69,31,38,2,0,2,1,0,1,15,10,5,49,23,26
16718,C4920,21,395,District-Kalahandi,Total,Age Not Stated,258,154,104,65,49,16,51,30,21,11,7,4,25,10,15,9,1,8,5,2,3,79,47,32,13,8,5
16719,C4920,21,395,District-Kalahandi,Rural,Total,41484,21937,19547,8819,4584,4235,8452,4343,4109,2616,1440,1176,7520,4136,3384,2362,1239,1123,1286,675,611,6868,3674,3194,3561,1846,1715
16720,C4920,21,395,District-Kalahandi,Rural,0-4,2165,1129,1036,522,286,236,409,197,212,62,33,29,285,156,129,94,44,50,12,7,5,594,295,299,187,111,76
16721,C4920,21,395,District-Kalahandi,Rural,5-9,3393,1816,1577,722,381,341,620,298,322,311,173,138,412,224,188,281,150,131,40,24,16,599,329,270,408,237,171
16722,C4920,21,395,District-Kalahandi,Rural,10-19,7481,4058,3423,1503,822,681,1564,853,711,563,305,258,1030,534,496,662,393,269,127,72,55,1270,671,599,762,408,354
16723,C4920,21,395,District-Kalahandi,Rural,20-29,5454,2977,2477,902,497,405,1041,521,520,454,245,209,959,576,383,379,195,184,227,142,85,1014,536,478,478,265,213
16724,C4920,21,395,District-Kalahandi,Rural,30-39,5216,2832,2384,941,501,440,1057,534,523,426,238,188,907,565,342,330,165,165,302,147,155,934,506,428,319,176,143
16725,C4920,21,395,District-Kalahandi,Rural,40-49,4772,2689,2083,922,531,391,1032,559,473,298,171,127,887,516,371,271,143,128,272,153,119,869,501,368,221,115,106
16726,C4920,21,395,District-Kalahandi,Rural,50-59,3880,2099,1781,808,421,387,877,461,416,207,117,90,838,479,359,157,78,79,155,73,82,613,349,264,225,121,104
16727,C4920,21,395,District-Kalahandi,Rural,60-69,4822,2389,2433,1298,616,682,1005,492,513,188,99,89,1159,633,526,139,54,85,108,43,65,593,301,292,332,151,181
16728,C4920,21,395,District-Kalahandi,Rural,70-79,2816,1242,1574,809,331,478,563,285,278,80,44,36,686,295,391,30,12,18,34,13,21,223,104,119,391,158,233
16729,C4920,21,395,District-Kalahandi,Rural,80-89,1003,448,555,262,121,141,193,91,102,14,7,7,268,119,149,8,4,4,6,1,5,74,30,44,178,75,103
16730,C4920,21,395,District-Kalahandi,Rural,90+,247,121,126,70,33,37,44,24,20,5,3,2,65,30,35,2,0,2,1,0,1,11,8,3,49,23,26
16731,C4920,21,395,District-Kalahandi,Rural,Age Not Stated,235,137,98,60,44,16,47,28,19,8,5,3,24,9,15,9,1,8,2,0,2,74,44,30,11,6,5
16732,C4920,21,395,District-Kalahandi,Urban,Total,2637,1469,1168,406,237,169,605,314,291,194,101,93,441,259,182,138,75,63,84,48,36,508,275,233,261,160,101
16733,C4920,21,395,District-Kalahandi,Urban,0-4,116,63,53,15,12,3,42,23,19,4,3,1,6,3,3,2,0,2,0,0,0,37,15,22,10,7,3
16734,C4920,21,395,District-Kalahandi,Urban,5-9,209,120,89,29,18,11,39,19,20,22,12,10,19,9,10,21,12,9,1,1,0,45,30,15,33,19,14
16735,C4920,21,395,District-Kalahandi,Urban,10-19,492,266,226,76,44,32,110,51,59,42,19,23,53,31,22,28,15,13,11,5,6,81,42,39,91,59,32
16736,C4920,21,395,District-Kalahandi,Urban,20-29,424,243,181,54,30,24,93,50,43,33,15,18,68,43,25,31,18,13,13,8,5,92,54,38,40,25,15
16737,C4920,21,395,District-Kalahandi,Urban,30-39,380,208,172,56,35,21,99,52,47,30,14,16,61,36,25,26,14,12,20,12,8,66,32,34,22,13,9
16738,C4920,21,395,District-Kalahandi,Urban,40-49,324,189,135,49,31,18,78,44,34,29,16,13,65,41,24,17,8,9,12,8,4,62,36,26,12,5,7
16739,C4920,21,395,District-Kalahandi,Urban,50-59,248,143,105,34,19,15,50,27,23,16,10,6,59,34,25,8,5,3,14,7,7,54,30,24,13,11,2
16740,C4920,21,395,District-Kalahandi,Urban,60-69,229,128,101,51,25,26,52,27,25,6,3,3,59,38,21,5,3,2,7,5,2,33,21,12,16,6,10
16741,C4920,21,395,District-Kalahandi,Urban,70-79,120,58,62,25,12,13,19,9,10,5,4,1,35,17,18,0,0,0,2,0,2,23,9,14,11,7,4
16742,C4920,21,395,District-Kalahandi,Urban,80-89,57,27,30,9,4,5,15,8,7,4,3,1,11,5,6,0,0,0,1,0,1,6,1,5,11,6,5
16743,C4920,21,395,District-Kalahandi,Urban,90+,15,7,8,3,2,1,4,2,2,0,0,0,4,1,3,0,0,0,0,0,0,4,2,2,0,0,0
16744,C4920,21,395,District-Kalahandi,Urban,Age Not Stated,23,17,6,5,5,0,4,2,2,3,2,1,1,1,0,0,0,0,3,2,1,5,3,2,2,2,0
16745,C4920,21,396,District-Rayagada  ,Total,Total,28334,14042,14292,7898,3518,4380,6811,3403,3408,1211,656,555,3951,2226,1725,1097,575,522,509,267,242,3888,2075,1813,2969,1322,1647
16746,C4920,21,396,District-Rayagada  ,Total,0-4,1494,780,714,422,214,208,435,216,219,20,14,6,135,81,54,45,20,25,8,7,1,272,148,124,157,80,77
16747,C4920,21,396,District-Rayagada  ,Total,5-9,2621,1383,1238,596,308,288,728,401,327,172,93,79,217,127,90,184,100,84,22,14,8,412,201,211,290,139,151
16748,C4920,21,396,District-Rayagada  ,Total,10-19,4740,2558,2182,943,484,459,1219,636,583,270,143,127,655,393,262,306,164,142,78,49,29,726,401,325,543,288,255
16749,C4920,21,396,District-Rayagada  ,Total,20-29,3668,1952,1716,702,356,346,884,451,433,195,101,94,610,352,258,183,98,85,117,55,62,621,352,269,356,187,169
16750,C4920,21,396,District-Rayagada  ,Total,30-39,3199,1721,1478,694,345,349,794,415,379,183,110,73,497,296,201,140,68,72,89,50,39,572,326,246,230,111,119
16751,C4920,21,396,District-Rayagada  ,Total,40-49,3201,1772,1429,855,432,423,838,466,372,162,93,69,425,275,150,124,60,64,90,54,36,509,294,215,198,98,100
16752,C4920,21,396,District-Rayagada  ,Total,50-59,2742,1325,1417,1031,460,571,592,268,324,98,54,44,413,259,154,60,35,25,51,19,32,299,143,156,198,87,111
16753,C4920,21,396,District-Rayagada  ,Total,60-69,3891,1476,2415,1641,548,1093,798,316,482,60,23,37,587,267,320,37,21,16,37,13,24,289,123,166,442,165,277
16754,C4920,21,396,District-Rayagada  ,Total,70-79,2002,748,1254,746,263,483,378,157,221,35,18,17,308,136,172,12,4,8,12,3,9,116,47,69,395,120,275
16755,C4920,21,396,District-Rayagada  ,Total,80-89,493,180,313,177,62,115,85,44,41,5,1,4,72,25,47,0,0,0,3,2,1,33,13,20,118,33,85
16756,C4920,21,396,District-Rayagada  ,Total,90+,107,44,63,30,13,17,16,7,9,6,4,2,20,6,14,2,2,0,1,0,1,4,2,2,28,10,18
16757,C4920,21,396,District-Rayagada  ,Total,Age Not Stated,176,103,73,61,33,28,44,26,18,5,2,3,12,9,3,4,3,1,1,1,0,35,25,10,14,4,10
16758,C4920,21,396,District-Rayagada  ,Rural,Total,24380,11972,12408,6745,3002,3743,6099,3045,3054,971,523,448,3292,1828,1464,929,480,449,422,220,202,3222,1688,1534,2700,1186,1514
16759,C4920,21,396,District-Rayagada  ,Rural,0-4,1381,716,665,387,195,192,406,196,210,16,10,6,126,77,49,40,19,21,8,7,1,243,134,109,155,78,77
16760,C4920,21,396,District-Rayagada  ,Rural,5-9,2431,1277,1154,564,290,274,688,376,312,152,86,66,198,113,85,162,85,77,20,13,7,375,185,190,272,129,143
16761,C4920,21,396,District-Rayagada  ,Rural,10-19,4175,2204,1971,829,426,403,1132,579,553,215,110,105,564,337,227,267,140,127,70,44,26,590,305,285,508,263,245
16762,C4920,21,396,District-Rayagada  ,Rural,20-29,3112,1626,1486,595,299,296,796,406,390,149,77,72,529,301,228,150,79,71,90,42,48,477,254,223,326,168,158
16763,C4920,21,396,District-Rayagada  ,Rural,30-39,2719,1459,1260,592,296,296,697,359,338,132,80,52,417,249,168,113,53,60,74,39,35,490,283,207,204,100,104
16764,C4920,21,396,District-Rayagada  ,Rural,40-49,2706,1501,1205,725,372,353,744,413,331,133,78,55,336,218,118,100,49,51,71,40,31,413,240,173,184,91,93
16765,C4920,21,396,District-Rayagada  ,Rural,50-59,2281,1075,1206,848,370,478,520,238,282,76,41,35,316,187,129,52,31,21,44,17,27,248,118,130,177,73,104
16766,C4920,21,396,District-Rayagada  ,Rural,60-69,3295,1226,2069,1350,440,910,690,284,406,55,21,34,498,213,285,31,17,14,31,12,19,239,97,142,401,142,259
16767,C4920,21,396,District-Rayagada  ,Rural,70-79,1663,630,1033,625,222,403,317,134,183,28,13,15,240,107,133,10,4,6,10,3,7,86,38,48,347,109,238
16768,C4920,21,396,District-Rayagada  ,Rural,80-89,386,133,253,146,47,99,63,35,28,4,1,3,48,15,33,0,0,0,3,2,1,25,9,16,97,24,73
16769,C4920,21,396,District-Rayagada  ,Rural,90+,78,34,44,28,12,16,12,5,7,6,4,2,12,5,7,1,1,0,0,0,0,2,1,1,17,6,11
16770,C4920,21,396,District-Rayagada  ,Rural,Age Not Stated,153,91,62,56,33,23,34,20,14,5,2,3,8,6,2,3,2,1,1,1,0,34,24,10,12,3,9
16771,C4920,21,396,District-Rayagada  ,Urban,Total,3954,2070,1884,1153,516,637,712,358,354,240,133,107,659,398,261,168,95,73,87,47,40,666,387,279,269,136,133
16772,C4920,21,396,District-Rayagada  ,Urban,0-4,113,64,49,35,19,16,29,20,9,4,4,0,9,4,5,5,1,4,0,0,0,29,14,15,2,2,0
16773,C4920,21,396,District-Rayagada  ,Urban,5-9,190,106,84,32,18,14,40,25,15,20,7,13,19,14,5,22,15,7,2,1,1,37,16,21,18,10,8
16774,C4920,21,396,District-Rayagada  ,Urban,10-19,565,354,211,114,58,56,87,57,30,55,33,22,91,56,35,39,24,15,8,5,3,136,96,40,35,25,10
16775,C4920,21,396,District-Rayagada  ,Urban,20-29,556,326,230,107,57,50,88,45,43,46,24,22,81,51,30,33,19,14,27,13,14,144,98,46,30,19,11
16776,C4920,21,396,District-Rayagada  ,Urban,30-39,480,262,218,102,49,53,97,56,41,51,30,21,80,47,33,27,15,12,15,11,4,82,43,39,26,11,15
16777,C4920,21,396,District-Rayagada  ,Urban,40-49,495,271,224,130,60,70,94,53,41,29,15,14,89,57,32,24,11,13,19,14,5,96,54,42,14,7,7
16778,C4920,21,396,District-Rayagada  ,Urban,50-59,461,250,211,183,90,93,72,30,42,22,13,9,97,72,25,8,4,4,7,2,5,51,25,26,21,14,7
16779,C4920,21,396,District-Rayagada  ,Urban,60-69,596,250,346,291,108,183,108,32,76,5,2,3,89,54,35,6,4,2,6,1,5,50,26,24,41,23,18
16780,C4920,21,396,District-Rayagada  ,Urban,70-79,339,118,221,121,41,80,61,23,38,7,5,2,68,29,39,2,0,2,2,0,2,30,9,21,48,11,37
16781,C4920,21,396,District-Rayagada  ,Urban,80-89,107,47,60,31,15,16,22,9,13,1,0,1,24,10,14,0,0,0,0,0,0,8,4,4,21,9,12
16782,C4920,21,396,District-Rayagada  ,Urban,90+,29,10,19,2,1,1,4,2,2,0,0,0,8,1,7,1,1,0,1,0,1,2,1,1,11,4,7
16783,C4920,21,396,District-Rayagada  ,Urban,Age Not Stated,23,12,11,5,0,5,10,6,4,0,0,0,4,3,1,1,1,0,0,0,0,1,1,0,2,1,1
16784,C4920,21,397,District-Nabarangapur ,Total,Total,31932,16372,15560,8746,4377,4369,7303,3551,3752,1833,998,835,4685,2549,2136,1701,916,785,683,346,337,4779,2535,2244,2202,1100,1102
16785,C4920,21,397,District-Nabarangapur ,Total,0-4,2112,1095,1017,652,332,320,487,259,228,44,19,25,191,125,66,101,43,58,12,5,7,501,244,257,124,68,56
16786,C4920,21,397,District-Nabarangapur ,Total,5-9,3436,1711,1725,894,461,433,956,377,579,253,140,113,281,156,125,187,106,81,35,25,10,599,313,286,231,133,98
16787,C4920,21,397,District-Nabarangapur ,Total,10-19,5442,2784,2658,1288,669,619,1368,596,772,413,219,194,584,322,262,448,251,197,83,35,48,882,483,399,376,209,167
16788,C4920,21,397,District-Nabarangapur ,Total,20-29,4025,2151,1874,966,513,453,781,391,390,330,171,159,588,345,243,294,164,130,117,63,54,700,369,331,249,135,114
16789,C4920,21,397,District-Nabarangapur ,Total,30-39,3747,2025,1722,953,511,442,783,413,370,285,171,114,538,305,233,243,129,114,167,86,81,578,314,264,200,96,104
16790,C4920,21,397,District-Nabarangapur ,Total,40-49,3491,2022,1469,910,496,414,839,470,369,210,129,81,533,333,200,195,116,79,132,73,59,529,321,208,143,84,59
16791,C4920,21,397,District-Nabarangapur ,Total,50-59,2999,1588,1411,883,426,457,684,368,316,139,81,58,584,326,258,116,58,58,75,36,39,364,211,153,154,82,72
16792,C4920,21,397,District-Nabarangapur ,Total,60-69,3723,1692,2031,1234,540,694,840,409,431,95,42,53,749,354,395,77,35,42,39,12,27,345,159,186,344,141,203
16793,C4920,21,397,District-Nabarangapur ,Total,70-79,2043,915,1128,692,314,378,408,199,209,45,19,26,443,196,247,24,8,16,17,11,6,162,67,95,252,101,151
16794,C4920,21,397,District-Nabarangapur ,Total,80-89,545,217,328,155,64,91,99,41,58,9,3,6,137,56,81,5,2,3,4,0,4,49,20,29,87,31,56
16795,C4920,21,397,District-Nabarangapur ,Total,90+,157,72,85,46,18,28,27,13,14,2,0,2,40,24,16,3,2,1,0,0,0,13,5,8,26,10,16
16796,C4920,21,397,District-Nabarangapur ,Total,Age Not Stated,212,100,112,73,33,40,31,15,16,8,4,4,17,7,10,8,2,6,2,0,2,57,29,28,16,10,6
16797,C4920,21,397,District-Nabarangapur ,Rural,Total,29800,15249,14551,8058,4045,4013,6998,3393,3605,1687,909,778,4350,2366,1984,1571,831,740,631,321,310,4422,2350,2072,2083,1034,1049
16798,C4920,21,397,District-Nabarangapur ,Rural,0-4,2007,1047,960,606,311,295,473,252,221,42,18,24,187,122,65,97,42,55,12,5,7,475,233,242,115,64,51
16799,C4920,21,397,District-Nabarangapur ,Rural,5-9,3279,1620,1659,836,431,405,931,363,568,235,130,105,272,150,122,177,98,79,32,23,9,575,299,276,221,126,95
16800,C4920,21,397,District-Nabarangapur ,Rural,10-19,5058,2581,2477,1154,608,546,1326,579,747,394,208,186,543,295,248,395,212,183,77,33,44,818,451,367,351,195,156
16801,C4920,21,397,District-Nabarangapur ,Rural,20-29,3694,1981,1713,881,471,410,725,361,364,300,155,145,542,322,220,276,153,123,109,59,50,635,338,297,226,122,104
16802,C4920,21,397,District-Nabarangapur ,Rural,30-39,3464,1867,1597,865,467,398,747,396,351,263,155,108,490,275,215,228,121,107,156,80,76,526,282,244,189,91,98
16803,C4920,21,397,District-Nabarangapur ,Rural,40-49,3188,1856,1332,808,445,363,793,441,352,187,112,75,479,304,175,181,106,75,121,66,55,481,303,178,138,79,59
16804,C4920,21,397,District-Nabarangapur ,Rural,50-59,2785,1466,1319,818,390,428,653,352,301,126,74,52,541,299,242,104,52,52,69,34,35,331,188,143,143,77,66
16805,C4920,21,397,District-Nabarangapur ,Rural,60-69,3527,1601,1926,1175,511,664,808,393,415,82,34,48,706,338,368,73,33,40,35,11,24,316,145,171,332,136,196
16806,C4920,21,397,District-Nabarangapur ,Rural,70-79,1926,862,1064,652,300,352,397,195,202,40,16,24,403,177,226,24,8,16,15,10,5,151,59,92,244,97,147
16807,C4920,21,397,District-Nabarangapur ,Rural,80-89,519,205,314,149,62,87,94,38,56,8,3,5,132,54,78,5,2,3,3,0,3,45,18,27,83,28,55
16808,C4920,21,397,District-Nabarangapur ,Rural,90+,147,67,80,43,17,26,22,10,12,2,0,2,39,24,15,3,2,1,0,0,0,13,5,8,25,9,16
16809,C4920,21,397,District-Nabarangapur ,Rural,Age Not Stated,206,96,110,71,32,39,29,13,16,8,4,4,16,6,10,8,2,6,2,0,2,56,29,27,16,10,6
16810,C4920,21,397,District-Nabarangapur ,Urban,Total,2132,1123,1009,688,332,356,305,158,147,146,89,57,335,183,152,130,85,45,52,25,27,357,185,172,119,66,53
16811,C4920,21,397,District-Nabarangapur ,Urban,0-4,105,48,57,46,21,25,14,7,7,2,1,1,4,3,1,4,1,3,0,0,0,26,11,15,9,4,5
16812,C4920,21,397,District-Nabarangapur ,Urban,5-9,157,91,66,58,30,28,25,14,11,18,10,8,9,6,3,10,8,2,3,2,1,24,14,10,10,7,3
16813,C4920,21,397,District-Nabarangapur ,Urban,10-19,384,203,181,134,61,73,42,17,25,19,11,8,41,27,14,53,39,14,6,2,4,64,32,32,25,14,11
16814,C4920,21,397,District-Nabarangapur ,Urban,20-29,331,170,161,85,42,43,56,30,26,30,16,14,46,23,23,18,11,7,8,4,4,65,31,34,23,13,10
16815,C4920,21,397,District-Nabarangapur ,Urban,30-39,283,158,125,88,44,44,36,17,19,22,16,6,48,30,18,15,8,7,11,6,5,52,32,20,11,5,6
16816,C4920,21,397,District-Nabarangapur ,Urban,40-49,303,166,137,102,51,51,46,29,17,23,17,6,54,29,25,14,10,4,11,7,4,48,18,30,5,5,0
16817,C4920,21,397,District-Nabarangapur ,Urban,50-59,214,122,92,65,36,29,31,16,15,13,7,6,43,27,16,12,6,6,6,2,4,33,23,10,11,5,6
16818,C4920,21,397,District-Nabarangapur ,Urban,60-69,196,91,105,59,29,30,32,16,16,13,8,5,43,16,27,4,2,2,4,1,3,29,14,15,12,5,7
16819,C4920,21,397,District-Nabarangapur ,Urban,70-79,117,53,64,40,14,26,11,4,7,5,3,2,40,19,21,0,0,0,2,1,1,11,8,3,8,4,4
16820,C4920,21,397,District-Nabarangapur ,Urban,80-89,26,12,14,6,2,4,5,3,2,1,0,1,5,2,3,0,0,0,1,0,1,4,2,2,4,3,1
16821,C4920,21,397,District-Nabarangapur ,Urban,90+,10,5,5,3,1,2,5,3,2,0,0,0,1,0,1,0,0,0,0,0,0,0,0,0,1,1,0
16822,C4920,21,397,District-Nabarangapur ,Urban,Age Not Stated,6,4,2,2,1,1,2,2,0,0,0,0,1,1,0,0,0,0,0,0,0,1,0,1,0,0,0
16823,C4920,21,398,District-Koraput,Total,Total,36291,18770,17521,9041,4622,4419,7979,4081,3898,1741,944,797,6406,3488,2918,1790,933,857,1049,504,545,5152,2675,2477,3133,1523,1610
16824,C4920,21,398,District-Koraput,Total,0-4,1974,1081,893,599,323,276,510,287,223,32,13,19,200,119,81,83,52,31,15,8,7,414,212,202,121,67,54
16825,C4920,21,398,District-Koraput,Total,5-9,3296,1786,1510,801,406,395,795,451,344,220,116,104,329,178,151,265,141,124,50,25,25,524,288,236,312,181,131
16826,C4920,21,398,District-Koraput,Total,10-19,5629,3025,2604,1292,724,568,1168,576,592,309,159,150,766,427,339,535,290,245,162,79,83,879,469,410,518,301,217
16827,C4920,21,398,District-Koraput,Total,20-29,4643,2478,2165,958,511,447,990,519,471,337,188,149,806,449,357,291,134,157,181,92,89,764,408,356,316,177,139
16828,C4920,21,398,District-Koraput,Total,30-39,4241,2351,1890,901,508,393,944,509,435,264,155,109,761,449,312,239,124,115,227,110,117,703,373,330,202,123,79
16829,C4920,21,398,District-Koraput,Total,40-49,3980,2209,1771,918,530,388,820,435,385,231,118,113,816,511,305,191,110,81,197,85,112,592,325,267,215,95,120
16830,C4920,21,398,District-Koraput,Total,50-59,3478,1873,1605,911,477,434,809,413,396,185,109,76,700,434,266,85,42,43,107,54,53,440,228,212,241,116,125
16831,C4920,21,398,District-Koraput,Total,60-69,5506,2465,3041,1632,729,903,1233,554,679,113,61,52,1267,596,671,75,32,43,69,32,37,528,217,311,589,244,345
16832,C4920,21,398,District-Koraput,Total,70-79,2616,1098,1518,773,310,463,512,248,264,36,17,19,602,259,343,15,2,13,32,14,18,217,101,116,429,147,282
16833,C4920,21,398,District-Koraput,Total,80-89,580,228,352,178,65,113,107,50,57,8,5,3,117,47,70,2,0,2,3,1,2,29,11,18,136,49,87
16834,C4920,21,398,District-Koraput,Total,90+,116,47,69,23,9,14,24,10,14,2,1,1,22,10,12,1,0,1,0,0,0,2,1,1,42,16,26
16835,C4920,21,398,District-Koraput,Total,Age Not Stated,232,129,103,55,30,25,67,29,38,4,2,2,20,9,11,8,6,2,6,4,2,60,42,18,12,7,5
16836,C4920,21,398,District-Koraput,Rural,Total,31563,16211,15352,8137,4146,3991,6887,3525,3362,1394,745,649,5616,3009,2607,1525,775,750,882,424,458,4456,2316,2140,2666,1271,1395
16837,C4920,21,398,District-Koraput,Rural,0-4,1786,980,806,550,299,251,458,255,203,28,12,16,185,108,77,80,49,31,15,8,7,365,187,178,105,62,43
16838,C4920,21,398,District-Koraput,Rural,5-9,2930,1585,1345,717,361,356,716,411,305,189,99,90,301,169,132,242,125,117,44,22,22,476,263,213,245,135,110
16839,C4920,21,398,District-Koraput,Rural,10-19,4835,2569,2266,1128,620,508,1003,489,514,262,136,126,685,379,306,454,236,218,145,68,77,764,410,354,394,231,163
16840,C4920,21,398,District-Koraput,Rural,20-29,3875,2064,1811,827,438,389,817,434,383,276,153,123,681,372,309,229,107,122,154,77,77,638,347,291,253,136,117
16841,C4920,21,398,District-Koraput,Rural,30-39,3546,1961,1585,781,443,338,783,425,358,207,120,87,635,365,270,193,95,98,193,94,99,586,315,271,168,104,64
16842,C4920,21,398,District-Koraput,Rural,40-49,3414,1862,1552,818,470,348,708,369,339,167,80,87,712,440,272,165,90,75,157,65,92,497,267,230,190,81,109
16843,C4920,21,398,District-Koraput,Rural,50-59,2995,1605,1390,831,432,399,675,343,332,134,80,54,606,370,236,73,38,35,89,49,40,378,194,184,209,99,110
16844,C4920,21,398,District-Koraput,Rural,60-69,5025,2249,2776,1534,693,841,1104,505,599,91,46,45,1145,529,616,66,28,38,58,27,31,483,196,287,544,225,319
16845,C4920,21,398,District-Koraput,Rural,70-79,2357,998,1359,716,296,420,459,225,234,31,15,16,535,225,310,13,2,11,22,11,11,190,88,102,391,136,255
16846,C4920,21,398,District-Koraput,Rural,80-89,501,191,310,163,59,104,86,38,48,5,3,2,98,38,60,2,0,2,1,1,0,25,9,16,121,43,78
16847,C4920,21,398,District-Koraput,Rural,90+,93,36,57,22,9,13,20,9,11,1,0,1,13,5,8,1,0,1,0,0,0,2,1,1,34,12,22
16848,C4920,21,398,District-Koraput,Rural,Age Not Stated,206,111,95,50,26,24,58,22,36,3,1,2,20,9,11,7,5,2,4,2,2,52,39,13,12,7,5
16849,C4920,21,398,District-Koraput,Urban,Total,4728,2559,2169,904,476,428,1092,556,536,347,199,148,790,479,311,265,158,107,167,80,87,696,359,337,467,252,215
16850,C4920,21,398,District-Koraput,Urban,0-4,188,101,87,49,24,25,52,32,20,4,1,3,15,11,4,3,3,0,0,0,0,49,25,24,16,5,11
16851,C4920,21,398,District-Koraput,Urban,5-9,366,201,165,84,45,39,79,40,39,31,17,14,28,9,19,23,16,7,6,3,3,48,25,23,67,46,21
16852,C4920,21,398,District-Koraput,Urban,10-19,794,456,338,164,104,60,165,87,78,47,23,24,81,48,33,81,54,27,17,11,6,115,59,56,124,70,54
16853,C4920,21,398,District-Koraput,Urban,20-29,768,414,354,131,73,58,173,85,88,61,35,26,125,77,48,62,27,35,27,15,12,126,61,65,63,41,22
16854,C4920,21,398,District-Koraput,Urban,30-39,695,390,305,120,65,55,161,84,77,57,35,22,126,84,42,46,29,17,34,16,18,117,58,59,34,19,15
16855,C4920,21,398,District-Koraput,Urban,40-49,566,347,219,100,60,40,112,66,46,64,38,26,104,71,33,26,20,6,40,20,20,95,58,37,25,14,11
16856,C4920,21,398,District-Koraput,Urban,50-59,483,268,215,80,45,35,134,70,64,51,29,22,94,64,30,12,4,8,18,5,13,62,34,28,32,17,15
16857,C4920,21,398,District-Koraput,Urban,60-69,481,216,265,98,36,62,129,49,80,22,15,7,122,67,55,9,4,5,11,5,6,45,21,24,45,19,26
16858,C4920,21,398,District-Koraput,Urban,70-79,259,100,159,57,14,43,53,23,30,5,2,3,67,34,33,2,0,2,10,3,7,27,13,14,38,11,27
16859,C4920,21,398,District-Koraput,Urban,80-89,79,37,42,15,6,9,21,12,9,3,2,1,19,9,10,0,0,0,2,0,2,4,2,2,15,6,9
16860,C4920,21,398,District-Koraput,Urban,90+,23,11,12,1,0,1,4,1,3,1,1,0,9,5,4,0,0,0,0,0,0,0,0,0,8,4,4
16861,C4920,21,398,District-Koraput,Urban,Age Not Stated,26,18,8,5,4,1,9,7,2,1,1,0,0,0,0,1,1,0,2,2,0,8,3,5,0,0,0
16862,C4920,21,399,District-Malkangiri  ,Total,Total,16485,8541,7944,3548,1794,1754,3711,1797,1914,579,307,272,3339,1862,1477,917,507,410,430,216,214,2392,1287,1105,1569,771,798
16863,C4920,21,399,District-Malkangiri  ,Total,0-4,897,471,426,187,95,92,253,125,128,17,9,8,111,69,42,47,30,17,10,4,6,207,103,104,65,36,29
16864,C4920,21,399,District-Malkangiri  ,Total,5-9,1498,811,687,248,122,126,398,208,190,96,52,44,187,98,89,110,67,43,23,15,8,272,156,116,164,93,71
16865,C4920,21,399,District-Malkangiri  ,Total,10-19,2632,1390,1242,446,246,200,563,256,307,143,80,63,448,262,186,222,123,99,69,36,33,454,227,227,287,160,127
16866,C4920,21,399,District-Malkangiri  ,Total,20-29,2122,1172,950,318,186,132,431,213,218,109,56,53,513,309,204,179,102,77,79,44,35,366,197,169,127,65,62
16867,C4920,21,399,District-Malkangiri  ,Total,30-39,1859,1031,828,318,182,136,397,196,201,73,35,38,414,262,152,155,86,69,94,41,53,314,176,138,94,53,41
16868,C4920,21,399,District-Malkangiri  ,Total,40-49,1833,1030,803,423,252,171,398,187,211,62,32,30,401,252,149,97,44,53,75,37,38,282,170,112,95,56,39
16869,C4920,21,399,District-Malkangiri  ,Total,50-59,1479,781,698,380,181,199,367,179,188,48,26,22,337,211,126,48,25,23,42,21,21,160,85,75,97,53,44
16870,C4920,21,399,District-Malkangiri  ,Total,60-69,2494,1160,1334,759,332,427,561,271,290,22,13,9,554,268,286,44,22,22,29,17,12,218,114,104,307,123,184
16871,C4920,21,399,District-Malkangiri  ,Total,70-79,1178,495,683,334,140,194,255,123,132,6,3,3,273,94,179,11,5,6,3,0,3,75,38,37,221,92,129
16872,C4920,21,399,District-Malkangiri  ,Total,80-89,321,114,207,94,41,53,59,22,37,2,1,1,66,19,47,0,0,0,4,0,4,16,6,10,80,25,55
16873,C4920,21,399,District-Malkangiri  ,Total,90+,109,49,60,27,9,18,11,5,6,0,0,0,29,15,14,2,2,0,0,0,0,10,4,6,30,14,16
16874,C4920,21,399,District-Malkangiri  ,Total,Age Not Stated,63,37,26,14,8,6,18,12,6,1,0,1,6,3,3,2,1,1,2,1,1,18,11,7,2,1,1
16875,C4920,21,399,District-Malkangiri  ,Rural,Total,15359,7904,7455,3364,1689,1675,3476,1668,1808,522,277,245,3128,1731,1397,853,467,386,389,200,189,2186,1166,1020,1441,706,735
16876,C4920,21,399,District-Malkangiri  ,Rural,0-4,833,433,400,176,88,88,237,117,120,17,9,8,101,62,39,44,29,15,10,4,6,190,92,98,58,32,26
16877,C4920,21,399,District-Malkangiri  ,Rural,5-9,1418,764,654,237,117,120,379,195,184,91,49,42,174,93,81,105,63,42,22,14,8,262,151,111,148,82,66
16878,C4920,21,399,District-Malkangiri  ,Rural,10-19,2439,1284,1155,427,237,190,525,239,286,127,71,56,428,249,179,207,116,91,66,34,32,412,201,211,247,137,110
16879,C4920,21,399,District-Malkangiri  ,Rural,20-29,1927,1051,876,279,161,118,391,193,198,97,50,47,480,285,195,167,93,74,68,39,29,330,173,157,115,57,58
16880,C4920,21,399,District-Malkangiri  ,Rural,30-39,1706,943,763,291,163,128,375,183,192,62,30,32,384,243,141,142,75,67,84,39,45,284,160,124,84,50,34
16881,C4920,21,399,District-Malkangiri  ,Rural,40-49,1682,935,747,399,231,168,364,169,195,57,28,29,370,228,142,88,40,48,68,34,34,249,152,97,87,53,34
16882,C4920,21,399,District-Malkangiri  ,Rural,50-59,1376,719,657,364,173,191,347,164,183,42,24,18,307,191,116,45,24,21,37,19,18,142,74,68,92,50,42
16883,C4920,21,399,District-Malkangiri  ,Rural,60-69,2383,1112,1271,730,322,408,533,257,276,20,12,8,534,257,277,41,20,21,27,16,11,205,109,96,293,119,174
16884,C4920,21,399,District-Malkangiri  ,Rural,70-79,1128,476,652,328,140,188,242,115,127,6,3,3,255,88,167,11,5,6,3,0,3,70,34,36,213,91,122
16885,C4920,21,399,District-Malkangiri  ,Rural,80-89,301,104,197,92,40,52,56,20,36,2,1,1,62,18,44,0,0,0,2,0,2,15,5,10,72,20,52
16886,C4920,21,399,District-Malkangiri  ,Rural,90+,106,47,59,27,9,18,11,5,6,0,0,0,27,14,13,1,1,0,0,0,0,10,4,6,30,14,16
16887,C4920,21,399,District-Malkangiri  ,Rural,Age Not Stated,60,36,24,14,8,6,16,11,5,1,0,1,6,3,3,2,1,1,2,1,1,17,11,6,2,1,1
16888,C4920,21,399,District-Malkangiri  ,Urban,Total,1126,637,489,184,105,79,235,129,106,57,30,27,211,131,80,64,40,24,41,16,25,206,121,85,128,65,63
16889,C4920,21,399,District-Malkangiri  ,Urban,0-4,64,38,26,11,7,4,16,8,8,0,0,0,10,7,3,3,1,2,0,0,0,17,11,6,7,4,3
16890,C4920,21,399,District-Malkangiri  ,Urban,5-9,80,47,33,11,5,6,19,13,6,5,3,2,13,5,8,5,4,1,1,1,0,10,5,5,16,11,5
16891,C4920,21,399,District-Malkangiri  ,Urban,10-19,193,106,87,19,9,10,38,17,21,16,9,7,20,13,7,15,7,8,3,2,1,42,26,16,40,23,17
16892,C4920,21,399,District-Malkangiri  ,Urban,20-29,195,121,74,39,25,14,40,20,20,12,6,6,33,24,9,12,9,3,11,5,6,36,24,12,12,8,4
16893,C4920,21,399,District-Malkangiri  ,Urban,30-39,153,88,65,27,19,8,22,13,9,11,5,6,30,19,11,13,11,2,10,2,8,30,16,14,10,3,7
16894,C4920,21,399,District-Malkangiri  ,Urban,40-49,151,95,56,24,21,3,34,18,16,5,4,1,31,24,7,9,4,5,7,3,4,33,18,15,8,3,5
16895,C4920,21,399,District-Malkangiri  ,Urban,50-59,103,62,41,16,8,8,20,15,5,6,2,4,30,20,10,3,1,2,5,2,3,18,11,7,5,3,2
16896,C4920,21,399,District-Malkangiri  ,Urban,60-69,111,48,63,29,10,19,28,14,14,2,1,1,20,11,9,3,2,1,2,1,1,13,5,8,14,4,10
16897,C4920,21,399,District-Malkangiri  ,Urban,70-79,50,19,31,6,0,6,13,8,5,0,0,0,18,6,12,0,0,0,0,0,0,5,4,1,8,1,7
16898,C4920,21,399,District-Malkangiri  ,Urban,80-89,20,10,10,2,1,1,3,2,1,0,0,0,4,1,3,0,0,0,2,0,2,1,1,0,8,5,3
16899,C4920,21,399,District-Malkangiri  ,Urban,90+,3,2,1,0,0,0,0,0,0,0,0,0,2,1,1,1,1,0,0,0,0,0,0,0,0,0,0
16900,C4920,21,399,District-Malkangiri  ,Urban,Age Not Stated,3,1,2,0,0,0,2,1,1,0,0,0,0,0,0,0,0,0,0,0,0,1,0,1,0,0,0
16901,C4920,3,0,State-PUNJAB,Total,0-4,28202,15520,12682,3953,2146,1807,9089,4894,4195,413,255,158,1796,1082,714,1265,712,553,274,158,116,10049,5487,4562,1363,786,577
16902,C4920,3,0,State-PUNJAB,Total,5-9,40150,23118,17032,4762,2682,2080,10336,5623,4713,2605,1585,1020,3631,2262,1369,3260,1953,1307,728,465,263,11259,6287,4972,3569,2261,1308
16903,C4920,3,0,State-PUNJAB,Total,10-19,104913,61661,43252,11499,6515,4984,24409,13442,10967,5581,3421,2160,14377,9077,5300,10965,6678,4287,2733,1693,1040,27138,15584,11554,8211,5251,2960
16904,C4920,3,0,State-PUNJAB,Total,20-29,117377,68748,48629,10544,5888,4656,25616,13760,11856,4472,2596,1876,27842,17469,10373,9611,5917,3694,3649,2441,1208,29701,16880,12821,5942,3797,2145
16905,C4920,3,0,State-PUNJAB,Total,30-39,99618,58767,40851,8768,4881,3887,20679,11261,9418,3555,1942,1613,26284,16586,9698,7535,4628,2907,3991,2525,1466,24650,14380,10270,4156,2564,1592
16906,C4920,3,0,State-PUNJAB,Total,40-49,81757,49290,32467,9047,5143,3904,17368,9519,7849,2922,1695,1227,16436,10864,5572,5912,3634,2278,3863,2424,1439,22779,13828,8951,3430,2183,1247
16907,C4920,3,0,State-PUNJAB,Total,50-59,59235,35528,23707,8283,4621,3662,12441,6657,5784,1977,1156,821,12319,8234,4085,3144,1951,1193,2566,1577,989,16068,9810,6258,2437,1522,915
16908,C4920,3,0,State-PUNJAB,Total,60-69,60394,33895,26499,11530,5966,5564,12185,6205,5980,1640,894,746,13754,8436,5318,2081,1143,938,2259,1307,952,13852,8232,5620,3093,1712,1381
16909,C4920,3,0,State-PUNJAB,Total,70-79,36315,20201,16114,8138,4280,3858,7986,4180,3806,866,495,371,8177,4780,3397,812,476,336,1164,660,504,6471,3887,2584,2701,1443,1258
16910,C4920,3,0,State-PUNJAB,Total,80-89,17847,9008,8839,4072,1982,2090,4498,2221,2277,356,184,172,3892,2043,1849,298,147,151,462,227,235,2405,1316,1089,1864,888,976
16911,C4920,3,0,State-PUNJAB,Total,90+,6996,3125,3871,1424,611,813,1782,834,948,128,58,70,1360,586,774,128,59,69,201,87,114,810,413,397,1163,477,686
16912,C4920,3,0,State-PUNJAB,Total,Age Not Stated,1259,690,569,179,96,83,307,165,142,34,16,18,176,115,61,59,34,25,35,17,18,425,221,204,44,26,18
16913,C4920,3,0,State-PUNJAB,Rural,Total,430313,251289,179024,55165,29839,25326,83735,44782,38953,16018,9296,6722,94776,59803,34973,29943,18216,11727,15150,9364,5786,108907,63931,44976,26619,16058,10561
16914,C4920,3,0,State-PUNJAB,Rural,0-4,17410,9644,7766,2423,1318,1105,5061,2774,2287,277,168,109,1312,801,511,760,434,326,186,111,75,6453,3481,2972,938,557,381
16915,C4920,3,0,State-PUNJAB,Rural,5-9,26056,15198,10858,3049,1716,1333,5828,3232,2596,1840,1119,721,2623,1633,990,2289,1388,901,504,324,180,7328,4117,3211,2595,1669,926
16916,C4920,3,0,State-PUNJAB,Rural,10-19,68952,40709,28243,7373,4176,3197,14033,7746,6287,3791,2337,1454,10543,6657,3886,7526,4585,2941,1868,1157,711,17977,10277,7700,5841,3774,2067
16917,C4920,3,0,State-PUNJAB,Rural,20-29,74104,43790,30314,6255,3510,2745,13292,6996,6296,2854,1667,1187,20653,13061,7592,6267,3848,2419,2385,1576,809,18379,10516,7863,4019,2616,1403
16918,C4920,3,0,State-PUNJAB,Rural,30-39,64219,38330,25889,5278,2936,2342,10894,5876,5018,2215,1189,1026,19423,12406,7017,4925,3047,1878,2732,1740,992,16017,9453,6564,2735,1683,1052
16919,C4920,3,0,State-PUNJAB,Rural,40-49,52765,32318,20447,5729,3257,2472,9587,5275,4312,1806,1046,760,11699,7792,3907,3869,2395,1474,2642,1661,981,15177,9435,5742,2256,1457,799
16920,C4920,3,0,State-PUNJAB,Rural,50-59,37506,22850,14656,5388,3005,2383,6814,3708,3106,1178,670,508,8438,5720,2718,1987,1244,743,1757,1072,685,10397,6464,3933,1547,967,580
16921,C4920,3,0,State-PUNJAB,Rural,60-69,42545,23732,18813,8573,4358,4215,7886,3946,3940,1083,573,510,9883,6033,3850,1436,782,654,1674,972,702,9828,5906,3922,2182,1162,1020
16922,C4920,3,0,State-PUNJAB,Rural,70-79,26656,14864,11792,6475,3382,3093,5504,2887,2617,596,340,256,5975,3528,2447,547,328,219,877,495,382,4657,2850,1807,2025,1054,971
16923,C4920,3,0,State-PUNJAB,Rural,80-89,13671,6874,6797,3312,1609,1703,3300,1626,1674,255,129,126,2997,1588,1409,200,95,105,342,173,169,1792,967,825,1473,687,786
16924,C4920,3,0,State-PUNJAB,Rural,90+,5548,2490,3058,1187,510,677,1340,612,728,101,46,55,1087,489,598,92,43,49,157,70,87,606,306,300,978,414,564
16925,C4920,3,0,State-PUNJAB,Rural,Age Not Stated,881,490,391,123,62,61,196,104,92,22,12,10,143,95,48,45,27,18,26,13,13,296,159,137,30,18,12
16926,C4920,3,0,State-PUNJAB,Urban,Total,223750,128262,95488,27034,14972,12062,62961,33979,28982,8531,5001,3530,35268,21731,13537,15127,9116,6011,6775,4217,2558,56700,32394,24306,11354,6852,4502
16927,C4920,3,0,State-PUNJAB,Urban,0-4,10792,5876,4916,1530,828,702,4028,2120,1908,136,87,49,484,281,203,505,278,227,88,47,41,3596,2006,1590,425,229,196
16928,C4920,3,0,State-PUNJAB,Urban,5-9,14094,7920,6174,1713,966,747,4508,2391,2117,765,466,299,1008,629,379,971,565,406,224,141,83,3931,2170,1761,974,592,382
16929,C4920,3,0,State-PUNJAB,Urban,10-19,35961,20952,15009,4126,2339,1787,10376,5696,4680,1790,1084,706,3834,2420,1414,3439,2093,1346,865,536,329,9161,5307,3854,2370,1477,893
16930,C4920,3,0,State-PUNJAB,Urban,20-29,43273,24958,18315,4289,2378,1911,12324,6764,5560,1618,929,689,7189,4408,2781,3344,2069,1275,1264,865,399,11322,6364,4958,1923,1181,742
16931,C4920,3,0,State-PUNJAB,Urban,30-39,35399,20437,14962,3490,1945,1545,9785,5385,4400,1340,753,587,6861,4180,2681,2610,1581,1029,1259,785,474,8633,4927,3706,1421,881,540
16932,C4920,3,0,State-PUNJAB,Urban,40-49,28992,16972,12020,3318,1886,1432,7781,4244,3537,1116,649,467,4737,3072,1665,2043,1239,804,1221,763,458,7602,4393,3209,1174,726,448
16933,C4920,3,0,State-PUNJAB,Urban,50-59,21729,12678,9051,2895,1616,1279,5627,2949,2678,799,486,313,3881,2514,1367,1157,707,450,809,505,304,5671,3346,2325,890,555,335
16934,C4920,3,0,State-PUNJAB,Urban,60-69,17849,10163,7686,2957,1608,1349,4299,2259,2040,557,321,236,3871,2403,1468,645,361,284,585,335,250,4024,2326,1698,911,550,361
16935,C4920,3,0,State-PUNJAB,Urban,70-79,9659,5337,4322,1663,898,765,2482,1293,1189,270,155,115,2202,1252,950,265,148,117,287,165,122,1814,1037,777,676,389,287
16936,C4920,3,0,State-PUNJAB,Urban,80-89,4176,2134,2042,760,373,387,1198,595,603,101,55,46,895,455,440,98,52,46,120,54,66,613,349,264,391,201,190
16937,C4920,3,0,State-PUNJAB,Urban,90+,1448,635,813,237,101,136,442,222,220,27,12,15,273,97,176,36,16,20,44,17,27,204,107,97,185,63,122
16938,C4920,3,0,State-PUNJAB,Urban,Age Not Stated,378,200,178,56,34,22,111,61,50,12,4,8,33,20,13,14,7,7,9,4,5,129,62,67,14,8,6
16939,C4920,3,35,District-Gurdaspur,Total,Total,50179,28990,21189,5755,3169,2586,14243,7548,6695,2477,1431,1046,7845,4998,2847,3721,2287,1434,1562,977,585,11881,6883,4998,2695,1697,998
16940,C4920,3,35,District-Gurdaspur,Total,0-4,2216,1208,1008,286,158,128,835,431,404,28,14,14,127,76,51,92,54,38,22,11,11,712,397,315,114,67,47
16941,C4920,3,35,District-Gurdaspur,Total,5-9,3333,1917,1416,331,198,133,1030,561,469,231,141,90,262,168,94,257,149,108,67,43,24,870,480,390,285,177,108
16942,C4920,3,35,District-Gurdaspur,Total,10-19,8705,5105,3600,765,433,332,2564,1416,1148,541,345,196,915,572,343,919,573,346,216,121,95,2120,1198,922,665,447,218
16943,C4920,3,35,District-Gurdaspur,Total,20-29,9145,5315,3830,735,400,335,2590,1423,1167,484,269,215,1670,1052,618,851,523,328,309,198,111,2086,1178,908,420,272,148
16944,C4920,3,35,District-Gurdaspur,Total,30-39,7526,4417,3109,600,342,258,2012,1059,953,342,180,162,1595,1044,551,631,405,226,303,195,108,1755,1000,755,288,192,96
16945,C4920,3,35,District-Gurdaspur,Total,40-49,6240,3705,2535,693,384,309,1678,885,793,321,182,139,1036,705,331,455,280,175,239,160,79,1587,957,630,231,152,79
16946,C4920,3,35,District-Gurdaspur,Total,50-59,4352,2582,1770,598,341,257,1166,589,577,216,128,88,725,470,255,218,132,86,146,100,46,1105,707,398,178,115,63
16947,C4920,3,35,District-Gurdaspur,Total,60-69,4323,2430,1893,845,445,400,1084,541,543,187,99,88,738,475,263,197,114,83,145,87,58,945,553,392,182,116,66
16948,C4920,3,35,District-Gurdaspur,Total,70-79,2492,1386,1106,519,274,245,702,356,346,75,46,29,486,290,196,58,39,19,73,46,27,433,262,171,146,73,73
16949,C4920,3,35,District-Gurdaspur,Total,80-89,1247,638,609,277,144,133,390,189,201,36,18,18,201,105,96,25,12,13,29,11,18,182,102,80,107,57,50
16950,C4920,3,35,District-Gurdaspur,Total,90+,531,253,278,92,44,48,169,87,82,13,7,6,84,37,47,15,6,9,13,5,8,69,40,29,76,27,49
16951,C4920,3,35,District-Gurdaspur,Total,Age Not Stated,69,34,35,14,6,8,23,11,12,3,2,1,6,4,2,3,0,3,0,0,0,17,9,8,3,2,1
16952,C4920,3,35,District-Gurdaspur,Rural,Total,35962,20692,15270,4238,2366,1872,9381,4844,4537,1464,855,609,5966,3806,2160,2857,1735,1122,1164,713,451,8849,5093,3756,2043,1280,763
16953,C4920,3,35,District-Gurdaspur,Rural,0-4,1623,876,747,216,116,100,576,290,286,20,10,10,99,58,41,70,40,30,17,8,9,532,299,233,93,55,38
16954,C4920,3,35,District-Gurdaspur,Rural,5-9,2491,1439,1052,244,157,87,736,412,324,158,96,62,199,125,74,209,118,91,58,38,20,661,357,304,226,136,90
16955,C4920,3,35,District-Gurdaspur,Rural,10-19,6423,3781,2642,570,336,234,1735,957,778,323,202,121,726,447,279,734,462,272,170,94,76,1646,930,716,519,353,166
16956,C4920,3,35,District-Gurdaspur,Rural,20-29,6377,3641,2736,531,292,239,1579,799,780,258,145,113,1338,847,491,647,390,257,213,131,82,1479,818,661,332,219,113
16957,C4920,3,35,District-Gurdaspur,Rural,30-39,5251,3041,2210,420,234,186,1214,600,614,203,108,95,1238,806,432,465,299,166,227,143,84,1282,716,566,202,135,67
16958,C4920,3,35,District-Gurdaspur,Rural,40-49,4404,2601,1803,494,275,219,1092,564,528,181,107,74,767,517,250,340,198,142,164,104,60,1186,719,467,180,117,63
16959,C4920,3,35,District-Gurdaspur,Rural,50-59,2941,1743,1198,412,231,181,756,376,380,114,71,43,500,334,166,155,92,63,107,73,34,789,501,288,108,65,43
16960,C4920,3,35,District-Gurdaspur,Rural,60-69,3160,1783,1377,621,333,288,762,378,384,120,64,56,533,344,189,159,94,65,115,71,44,722,419,303,128,80,48
16961,C4920,3,35,District-Gurdaspur,Rural,70-79,1881,1062,819,422,231,191,512,259,253,48,31,17,352,213,139,46,30,16,58,37,21,332,206,126,111,55,56
16962,C4920,3,35,District-Gurdaspur,Rural,80-89,943,489,454,226,117,109,279,141,138,24,12,12,144,79,65,18,7,11,25,9,16,152,87,65,75,37,38
16963,C4920,3,35,District-Gurdaspur,Rural,90+,419,212,207,75,41,34,122,60,62,12,7,5,66,33,33,12,5,7,10,5,5,56,35,21,66,26,40
16964,C4920,3,35,District-Gurdaspur,Rural,Age Not Stated,49,24,25,7,3,4,18,8,10,3,2,1,4,3,1,2,0,2,0,0,0,12,6,6,3,2,1
16965,C4920,3,35,District-Gurdaspur,Urban,Total,14217,8298,5919,1517,803,714,4862,2704,2158,1013,576,437,1879,1192,687,864,552,312,398,264,134,3032,1790,1242,652,417,235
16966,C4920,3,35,District-Gurdaspur,Urban,0-4,593,332,261,70,42,28,259,141,118,8,4,4,28,18,10,22,14,8,5,3,2,180,98,82,21,12,9
16967,C4920,3,35,District-Gurdaspur,Urban,5-9,842,478,364,87,41,46,294,149,145,73,45,28,63,43,20,48,31,17,9,5,4,209,123,86,59,41,18
16968,C4920,3,35,District-Gurdaspur,Urban,10-19,2282,1324,958,195,97,98,829,459,370,218,143,75,189,125,64,185,111,74,46,27,19,474,268,206,146,94,52
16969,C4920,3,35,District-Gurdaspur,Urban,20-29,2768,1674,1094,204,108,96,1011,624,387,226,124,102,332,205,127,204,133,71,96,67,29,607,360,247,88,53,35
16970,C4920,3,35,District-Gurdaspur,Urban,30-39,2275,1376,899,180,108,72,798,459,339,139,72,67,357,238,119,166,106,60,76,52,24,473,284,189,86,57,29
16971,C4920,3,35,District-Gurdaspur,Urban,40-49,1836,1104,732,199,109,90,586,321,265,140,75,65,269,188,81,115,82,33,75,56,19,401,238,163,51,35,16
16972,C4920,3,35,District-Gurdaspur,Urban,50-59,1411,839,572,186,110,76,410,213,197,102,57,45,225,136,89,63,40,23,39,27,12,316,206,110,70,50,20
16973,C4920,3,35,District-Gurdaspur,Urban,60-69,1163,647,516,224,112,112,322,163,159,67,35,32,205,131,74,38,20,18,30,16,14,223,134,89,54,36,18
16974,C4920,3,35,District-Gurdaspur,Urban,70-79,611,324,287,97,43,54,190,97,93,27,15,12,134,77,57,12,9,3,15,9,6,101,56,45,35,18,17
16975,C4920,3,35,District-Gurdaspur,Urban,80-89,304,149,155,51,27,24,111,48,63,12,6,6,57,26,31,7,5,2,4,2,2,30,15,15,32,20,12
16976,C4920,3,35,District-Gurdaspur,Urban,90+,112,41,71,17,3,14,47,27,20,1,0,1,18,4,14,3,1,2,3,0,3,13,5,8,10,1,9
16977,C4920,3,35,District-Gurdaspur,Urban,Age Not Stated,20,10,10,7,3,4,5,3,2,0,0,0,2,1,1,1,0,1,0,0,0,5,3,2,0,0,0
16978,C4920,3,36,District-Kapurthala ,Total,Total,18750,10733,8017,2503,1352,1151,3999,2206,1793,783,431,352,3155,1981,1174,1463,860,603,604,372,232,5052,2817,2235,1191,714,477
16979,C4920,3,36,District-Kapurthala ,Total,0-4,882,478,404,142,72,70,242,130,112,14,6,8,48,29,19,52,31,21,4,3,1,349,188,161,31,19,12
16980,C4920,3,36,District-Kapurthala ,Total,5-9,1232,719,513,155,80,75,309,177,132,75,43,32,85,55,30,121,76,45,15,7,8,350,191,159,122,90,32
16981,C4920,3,36,District-Kapurthala ,Total,10-19,2996,1764,1232,397,223,174,610,336,274,152,100,52,318,208,110,372,224,148,76,40,36,835,476,359,236,157,79
16982,C4920,3,36,District-Kapurthala ,Total,20-29,3200,1808,1392,354,200,154,652,354,298,145,74,71,587,354,233,311,179,132,120,81,39,843,455,388,188,111,77
16983,C4920,3,36,District-Kapurthala ,Total,30-39,2725,1621,1104,265,135,130,546,309,237,112,57,55,657,441,216,220,135,85,100,68,32,707,402,305,118,74,44
16984,C4920,3,36,District-Kapurthala ,Total,40-49,2350,1369,981,242,137,105,478,265,213,94,42,52,433,283,150,198,110,88,94,63,31,717,415,302,94,54,40
16985,C4920,3,36,District-Kapurthala ,Total,50-59,1777,1038,739,249,141,108,376,212,164,86,53,33,329,213,116,96,51,45,71,42,29,497,284,213,73,42,31
16986,C4920,3,36,District-Kapurthala ,Total,60-69,1679,934,745,334,177,157,320,173,147,56,33,23,335,199,136,56,32,24,73,39,34,409,237,172,96,44,52
16987,C4920,3,36,District-Kapurthala ,Total,70-79,1117,612,505,212,112,100,252,141,111,33,16,17,217,138,79,26,17,9,39,21,18,216,110,106,122,57,65
16988,C4920,3,36,District-Kapurthala ,Total,80-89,522,268,254,103,49,54,148,80,68,13,6,7,88,42,46,5,2,3,10,7,3,86,42,44,69,40,29
16989,C4920,3,36,District-Kapurthala ,Total,90+,224,100,124,42,19,23,56,26,30,2,1,1,52,15,37,6,3,3,2,1,1,25,11,14,39,24,15
16990,C4920,3,36,District-Kapurthala ,Total,Age Not Stated,46,22,24,8,7,1,10,3,7,1,0,1,6,4,2,0,0,0,0,0,0,18,6,12,3,2,1
16991,C4920,3,36,District-Kapurthala ,Rural,Total,12850,7429,5421,1778,963,815,2358,1290,1068,540,305,235,2339,1471,868,1077,637,440,428,272,156,3447,1960,1487,883,531,352
16992,C4920,3,36,District-Kapurthala ,Rural,0-4,599,323,276,103,49,54,147,80,67,9,3,6,34,19,15,40,23,17,3,2,1,239,132,107,24,15,9
16993,C4920,3,36,District-Kapurthala ,Rural,5-9,838,497,341,114,61,53,172,99,73,54,31,23,62,37,25,95,57,38,15,7,8,231,133,98,95,72,23
16994,C4920,3,36,District-Kapurthala ,Rural,10-19,2091,1240,851,280,158,122,382,205,177,118,81,37,244,157,87,274,173,101,53,31,22,566,322,244,174,113,61
16995,C4920,3,36,District-Kapurthala ,Rural,20-29,2153,1238,915,244,137,107,360,203,157,102,57,45,459,282,177,216,121,95,79,52,27,552,305,247,141,81,60
16996,C4920,3,36,District-Kapurthala ,Rural,30-39,1867,1107,760,184,93,91,318,170,148,67,35,32,490,328,162,170,99,71,83,59,24,477,278,199,78,45,33
16997,C4920,3,36,District-Kapurthala ,Rural,40-49,1560,919,641,168,97,71,256,142,114,60,25,35,302,199,103,149,84,65,63,43,20,495,287,208,67,42,25
16998,C4920,3,36,District-Kapurthala ,Rural,50-59,1157,696,461,161,92,69,208,122,86,58,34,24,225,150,75,63,35,28,47,30,17,337,198,139,58,35,23
16999,C4920,3,36,District-Kapurthala ,Rural,60-69,1199,674,525,239,126,113,202,114,88,42,25,17,246,145,101,42,25,17,51,27,24,309,181,128,68,31,37
17000,C4920,3,36,District-Kapurthala ,Rural,70-79,799,451,348,164,91,73,161,90,71,22,12,10,162,103,59,22,16,6,24,14,10,156,84,72,88,41,47
17001,C4920,3,36,District-Kapurthala ,Rural,80-89,390,195,195,78,37,41,108,51,57,7,2,5,67,34,33,2,1,1,8,6,2,65,30,35,55,34,21
17002,C4920,3,36,District-Kapurthala ,Rural,90+,168,71,97,36,15,21,37,13,24,1,0,1,42,13,29,4,3,1,2,1,1,14,6,8,32,20,12
17003,C4920,3,36,District-Kapurthala ,Rural,Age Not Stated,29,18,11,7,7,0,7,1,6,0,0,0,6,4,2,0,0,0,0,0,0,6,4,2,3,2,1
17004,C4920,3,36,District-Kapurthala ,Urban,Total,5900,3304,2596,725,389,336,1641,916,725,243,126,117,816,510,306,386,223,163,176,100,76,1605,857,748,308,183,125
17005,C4920,3,36,District-Kapurthala ,Urban,0-4,283,155,128,39,23,16,95,50,45,5,3,2,14,10,4,12,8,4,1,1,0,110,56,54,7,4,3
17006,C4920,3,36,District-Kapurthala ,Urban,5-9,394,222,172,41,19,22,137,78,59,21,12,9,23,18,5,26,19,7,0,0,0,119,58,61,27,18,9
17007,C4920,3,36,District-Kapurthala ,Urban,10-19,905,524,381,117,65,52,228,131,97,34,19,15,74,51,23,98,51,47,23,9,14,269,154,115,62,44,18
17008,C4920,3,36,District-Kapurthala ,Urban,20-29,1047,570,477,110,63,47,292,151,141,43,17,26,128,72,56,95,58,37,41,29,12,291,150,141,47,30,17
17009,C4920,3,36,District-Kapurthala ,Urban,30-39,858,514,344,81,42,39,228,139,89,45,22,23,167,113,54,50,36,14,17,9,8,230,124,106,40,29,11
17010,C4920,3,36,District-Kapurthala ,Urban,40-49,790,450,340,74,40,34,222,123,99,34,17,17,131,84,47,49,26,23,31,20,11,222,128,94,27,12,15
17011,C4920,3,36,District-Kapurthala ,Urban,50-59,620,342,278,88,49,39,168,90,78,28,19,9,104,63,41,33,16,17,24,12,12,160,86,74,15,7,8
17012,C4920,3,36,District-Kapurthala ,Urban,60-69,480,260,220,95,51,44,118,59,59,14,8,6,89,54,35,14,7,7,22,12,10,100,56,44,28,13,15
17013,C4920,3,36,District-Kapurthala ,Urban,70-79,318,161,157,48,21,27,91,51,40,11,4,7,55,35,20,4,1,3,15,7,8,60,26,34,34,16,18
17014,C4920,3,36,District-Kapurthala ,Urban,80-89,132,73,59,25,12,13,40,29,11,6,4,2,21,8,13,3,1,2,2,1,1,21,12,9,14,6,8
17015,C4920,3,36,District-Kapurthala ,Urban,90+,56,29,27,6,4,2,19,13,6,1,1,0,10,2,8,2,0,2,0,0,0,11,5,6,7,4,3
17016,C4920,3,36,District-Kapurthala ,Urban,Age Not Stated,17,4,13,1,0,1,3,2,1,1,0,1,0,0,0,0,0,0,0,0,0,12,2,10,0,0,0
17017,C4920,3,37,District-Jalandhar,Total,Total,44924,25208,19716,5470,2976,2494,10336,5277,5059,1482,875,607,7322,4477,2845,3469,1991,1478,1522,938,584,12609,7118,5491,2714,1556,1158
17018,C4920,3,37,District-Jalandhar,Total,0-4,1885,1009,876,239,124,115,619,331,288,19,13,6,85,48,37,97,48,49,15,6,9,721,398,323,90,41,49
17019,C4920,3,37,District-Jalandhar,Total,5-9,2592,1458,1134,275,158,117,698,358,340,136,80,56,189,113,76,221,139,82,53,33,20,781,427,354,239,150,89
17020,C4920,3,37,District-Jalandhar,Total,10-19,6659,3674,2985,683,379,304,1651,799,852,327,196,131,647,383,264,752,423,329,202,124,78,1855,1046,809,542,324,218
17021,C4920,3,37,District-Jalandhar,Total,20-29,7822,4425,3397,732,395,337,2003,1078,925,261,151,110,1302,802,500,711,423,288,206,132,74,2161,1166,995,446,278,168
17022,C4920,3,37,District-Jalandhar,Total,30-39,6940,3955,2985,653,373,280,1453,722,731,222,127,95,1514,932,582,642,369,273,258,169,89,1899,1082,817,299,181,118
17023,C4920,3,37,District-Jalandhar,Total,40-49,6067,3569,2498,688,387,301,1266,654,612,201,121,80,923,637,286,457,266,191,301,186,115,1960,1145,815,271,173,98
17024,C4920,3,37,District-Jalandhar,Total,50-59,4555,2686,1869,628,352,276,900,472,428,136,82,54,836,558,278,286,179,107,197,130,67,1391,810,581,181,103,78
17025,C4920,3,37,District-Jalandhar,Total,60-69,3989,2213,1776,705,386,319,760,379,381,92,61,31,822,492,330,183,86,97,155,89,66,1060,608,452,212,112,100
17026,C4920,3,37,District-Jalandhar,Total,70-79,2536,1323,1213,481,236,245,530,263,267,58,34,24,596,321,275,78,41,37,87,48,39,514,286,228,192,94,98
17027,C4920,3,37,District-Jalandhar,Total,80-89,1346,650,696,291,146,145,330,156,174,18,8,10,295,143,152,31,13,18,33,11,22,200,111,89,148,62,86
17028,C4920,3,37,District-Jalandhar,Total,90+,489,220,269,91,38,53,112,58,54,9,2,7,106,42,64,8,2,6,14,9,5,55,31,24,94,38,56
17029,C4920,3,37,District-Jalandhar,Total,Age Not Stated,44,26,18,4,2,2,14,7,7,3,0,3,7,6,1,3,2,1,1,1,0,12,8,4,0,0,0
17030,C4920,3,37,District-Jalandhar,Rural,Total,22379,12673,9706,2879,1520,1359,4107,2106,2001,736,427,309,4498,2768,1730,1678,1012,666,937,572,365,5957,3328,2629,1587,940,647
17031,C4920,3,37,District-Jalandhar,Rural,0-4,809,446,363,94,49,45,222,134,88,12,8,4,53,33,20,38,19,19,9,4,5,337,177,160,44,22,22
17032,C4920,3,37,District-Jalandhar,Rural,5-9,1198,689,509,122,66,56,243,138,105,73,42,31,110,66,44,122,81,41,24,13,11,364,196,168,140,87,53
17033,C4920,3,37,District-Jalandhar,Rural,10-19,3222,1811,1411,324,170,154,661,335,326,173,102,71,357,212,145,393,229,164,105,64,41,890,491,399,319,208,111
17034,C4920,3,37,District-Jalandhar,Rural,20-29,3385,1903,1482,273,144,129,615,311,304,126,75,51,803,478,325,341,210,131,112,69,43,884,463,421,231,153,78
17035,C4920,3,37,District-Jalandhar,Rural,30-39,3332,1937,1395,262,154,108,513,242,271,103,60,43,963,607,356,314,189,125,165,107,58,842,473,369,170,105,65
17036,C4920,3,37,District-Jalandhar,Rural,40-49,2954,1787,1167,312,169,143,496,253,243,94,55,39,536,389,147,206,130,76,186,114,72,969,572,397,155,105,50
17037,C4920,3,37,District-Jalandhar,Rural,50-59,2282,1354,928,371,195,176,355,191,164,59,32,27,479,320,159,132,84,48,140,91,49,648,384,264,98,57,41
17038,C4920,3,37,District-Jalandhar,Rural,60-69,2302,1281,1021,466,251,215,406,203,203,45,27,18,497,301,196,77,42,35,112,62,50,569,328,241,130,67,63
17039,C4920,3,37,District-Jalandhar,Rural,70-79,1622,865,757,364,182,182,304,154,150,34,18,16,400,220,180,40,22,18,54,34,20,298,168,130,128,67,61
17040,C4920,3,37,District-Jalandhar,Rural,80-89,915,430,485,222,109,113,216,105,111,10,6,4,216,103,113,10,4,6,18,6,12,120,57,63,103,40,63
17041,C4920,3,37,District-Jalandhar,Rural,90+,345,161,184,67,30,37,75,39,36,7,2,5,81,36,45,2,0,2,11,7,4,33,18,15,69,29,40
17042,C4920,3,37,District-Jalandhar,Rural,Age Not Stated,13,9,4,2,1,1,1,1,0,0,0,0,3,3,0,3,2,1,1,1,0,3,1,2,0,0,0
17043,C4920,3,37,District-Jalandhar,Urban,Total,22545,12535,10010,2591,1456,1135,6229,3171,3058,746,448,298,2824,1709,1115,1791,979,812,585,366,219,6652,3790,2862,1127,616,511
17044,C4920,3,37,District-Jalandhar,Urban,0-4,1076,563,513,145,75,70,397,197,200,7,5,2,32,15,17,59,29,30,6,2,4,384,221,163,46,19,27
17045,C4920,3,37,District-Jalandhar,Urban,5-9,1394,769,625,153,92,61,455,220,235,63,38,25,79,47,32,99,58,41,29,20,9,417,231,186,99,63,36
17046,C4920,3,37,District-Jalandhar,Urban,10-19,3437,1863,1574,359,209,150,990,464,526,154,94,60,290,171,119,359,194,165,97,60,37,965,555,410,223,116,107
17047,C4920,3,37,District-Jalandhar,Urban,20-29,4437,2522,1915,459,251,208,1388,767,621,135,76,59,499,324,175,370,213,157,94,63,31,1277,703,574,215,125,90
17048,C4920,3,37,District-Jalandhar,Urban,30-39,3608,2018,1590,391,219,172,940,480,460,119,67,52,551,325,226,328,180,148,93,62,31,1057,609,448,129,76,53
17049,C4920,3,37,District-Jalandhar,Urban,40-49,3113,1782,1331,376,218,158,770,401,369,107,66,41,387,248,139,251,136,115,115,72,43,991,573,418,116,68,48
17050,C4920,3,37,District-Jalandhar,Urban,50-59,2273,1332,941,257,157,100,545,281,264,77,50,27,357,238,119,154,95,59,57,39,18,743,426,317,83,46,37
17051,C4920,3,37,District-Jalandhar,Urban,60-69,1687,932,755,239,135,104,354,176,178,47,34,13,325,191,134,106,44,62,43,27,16,491,280,211,82,45,37
17052,C4920,3,37,District-Jalandhar,Urban,70-79,914,458,456,117,54,63,226,109,117,24,16,8,196,101,95,38,19,19,33,14,19,216,118,98,64,27,37
17053,C4920,3,37,District-Jalandhar,Urban,80-89,431,220,211,69,37,32,114,51,63,8,2,6,79,40,39,21,9,12,15,5,10,80,54,26,45,22,23
17054,C4920,3,37,District-Jalandhar,Urban,90+,144,59,85,24,8,16,37,19,18,2,0,2,25,6,19,6,2,4,3,2,1,22,13,9,25,9,16
17055,C4920,3,37,District-Jalandhar,Urban,Age Not Stated,31,17,14,2,1,1,13,6,7,3,0,3,4,3,1,0,0,0,0,0,0,9,7,2,0,0,0
17056,C4920,3,38,District-Hoshiarpur,Total,Total,33665,19380,14285,4238,2236,2002,5874,3098,2776,1513,895,618,6653,4152,2501,2836,1720,1116,1406,850,556,8790,5010,3780,2355,1419,936
17057,C4920,3,38,District-Hoshiarpur,Total,0-4,1235,665,570,150,72,78,338,194,144,22,14,8,72,41,31,77,39,38,13,10,3,497,254,243,66,41,25
17058,C4920,3,38,District-Hoshiarpur,Total,5-9,1905,1120,785,181,101,80,345,185,160,146,94,52,171,114,57,222,131,91,43,32,11,542,294,248,255,169,86
17059,C4920,3,38,District-Hoshiarpur,Total,10-19,4799,2804,1995,459,245,214,817,459,358,278,175,103,598,378,220,661,398,263,159,93,66,1330,744,586,497,312,185
17060,C4920,3,38,District-Hoshiarpur,Total,20-29,5442,3122,2320,406,210,196,879,464,415,293,168,125,1188,718,470,590,357,233,229,143,86,1506,840,666,351,222,129
17061,C4920,3,38,District-Hoshiarpur,Total,30-39,4970,2880,2090,370,209,161,776,404,372,236,127,109,1372,844,528,476,300,176,272,168,104,1194,670,524,274,158,116
17062,C4920,3,38,District-Hoshiarpur,Total,40-49,4564,2792,1772,462,274,188,718,366,352,181,116,65,971,649,322,432,271,161,255,165,90,1328,806,522,217,145,72
17063,C4920,3,38,District-Hoshiarpur,Total,50-59,3577,2205,1372,526,298,228,559,314,245,144,90,54,787,560,227,202,130,72,182,102,80,1011,609,402,166,102,64
17064,C4920,3,38,District-Hoshiarpur,Total,60-69,3322,1817,1505,703,344,359,585,279,306,115,60,55,692,424,268,106,60,46,125,71,54,800,472,328,196,107,89
17065,C4920,3,38,District-Hoshiarpur,Total,70-79,2208,1212,996,575,306,269,444,239,205,68,39,29,447,254,193,46,23,23,84,44,40,380,222,158,164,85,79
17066,C4920,3,38,District-Hoshiarpur,Total,80-89,1123,520,603,300,134,166,288,138,150,21,8,13,246,116,130,11,6,5,28,13,15,140,65,75,89,40,49
17067,C4920,3,38,District-Hoshiarpur,Total,90+,486,219,267,105,42,63,122,54,68,8,4,4,104,50,54,11,4,7,13,6,7,49,25,24,74,34,40
17068,C4920,3,38,District-Hoshiarpur,Total,Age Not Stated,34,24,10,1,1,0,3,2,1,1,0,1,5,4,1,2,1,1,3,3,0,13,9,4,6,4,2
17069,C4920,3,38,District-Hoshiarpur,Rural,Total,27553,15875,11678,3565,1858,1707,4500,2393,2107,1258,747,511,5653,3495,2158,2369,1450,919,1189,717,472,7039,4033,3006,1980,1182,798
17070,C4920,3,38,District-Hoshiarpur,Rural,0-4,946,512,434,104,50,54,243,139,104,20,13,7,60,33,27,59,31,28,13,10,3,391,198,193,56,38,18
17071,C4920,3,38,District-Hoshiarpur,Rural,5-9,1575,948,627,143,79,64,262,149,113,123,84,39,151,99,52,196,116,80,39,29,10,440,244,196,221,148,73
17072,C4920,3,38,District-Hoshiarpur,Rural,10-19,3911,2289,1622,359,189,170,625,360,265,234,151,83,499,316,183,569,341,228,130,74,56,1071,598,473,424,260,164
17073,C4920,3,38,District-Hoshiarpur,Rural,20-29,4324,2481,1843,311,159,152,643,331,312,243,136,107,1015,613,402,486,294,192,187,118,69,1146,648,498,293,182,111
17074,C4920,3,38,District-Hoshiarpur,Rural,30-39,4041,2344,1697,281,159,122,558,289,269,197,103,94,1199,729,470,395,256,139,232,144,88,952,532,420,227,132,95
17075,C4920,3,38,District-Hoshiarpur,Rural,40-49,3702,2279,1423,376,215,161,540,287,253,137,90,47,824,545,279,362,231,131,210,135,75,1084,664,420,169,112,57
17076,C4920,3,38,District-Hoshiarpur,Rural,50-59,2942,1818,1124,465,263,202,421,241,180,117,73,44,655,470,185,156,99,57,163,89,74,830,502,328,135,81,54
17077,C4920,3,38,District-Hoshiarpur,Rural,60-69,2766,1495,1271,634,304,330,464,222,242,99,51,48,560,335,225,91,53,38,102,60,42,649,383,266,167,87,80
17078,C4920,3,38,District-Hoshiarpur,Rural,70-79,1901,1041,860,527,280,247,374,201,173,60,35,25,381,210,171,35,20,15,70,37,33,316,187,129,138,71,67
17079,C4920,3,38,District-Hoshiarpur,Rural,80-89,984,451,533,272,122,150,253,122,131,20,7,13,214,96,118,9,5,4,28,13,15,109,50,59,79,36,43
17080,C4920,3,38,District-Hoshiarpur,Rural,90+,433,198,235,93,38,55,114,50,64,7,4,3,92,46,46,9,3,6,13,6,7,40,20,20,65,31,34
17081,C4920,3,38,District-Hoshiarpur,Rural,Age Not Stated,28,19,9,0,0,0,3,2,1,1,0,1,3,3,0,2,1,1,2,2,0,11,7,4,6,4,2
17082,C4920,3,38,District-Hoshiarpur,Urban,Total,6112,3505,2607,673,378,295,1374,705,669,255,148,107,1000,657,343,467,270,197,217,133,84,1751,977,774,375,237,138
17083,C4920,3,38,District-Hoshiarpur,Urban,0-4,289,153,136,46,22,24,95,55,40,2,1,1,12,8,4,18,8,10,0,0,0,106,56,50,10,3,7
17084,C4920,3,38,District-Hoshiarpur,Urban,5-9,330,172,158,38,22,16,83,36,47,23,10,13,20,15,5,26,15,11,4,3,1,102,50,52,34,21,13
17085,C4920,3,38,District-Hoshiarpur,Urban,10-19,888,515,373,100,56,44,192,99,93,44,24,20,99,62,37,92,57,35,29,19,10,259,146,113,73,52,21
17086,C4920,3,38,District-Hoshiarpur,Urban,20-29,1118,641,477,95,51,44,236,133,103,50,32,18,173,105,68,104,63,41,42,25,17,360,192,168,58,40,18
17087,C4920,3,38,District-Hoshiarpur,Urban,30-39,929,536,393,89,50,39,218,115,103,39,24,15,173,115,58,81,44,37,40,24,16,242,138,104,47,26,21
17088,C4920,3,38,District-Hoshiarpur,Urban,40-49,862,513,349,86,59,27,178,79,99,44,26,18,147,104,43,70,40,30,45,30,15,244,142,102,48,33,15
17089,C4920,3,38,District-Hoshiarpur,Urban,50-59,635,387,248,61,35,26,138,73,65,27,17,10,132,90,42,46,31,15,19,13,6,181,107,74,31,21,10
17090,C4920,3,38,District-Hoshiarpur,Urban,60-69,556,322,234,69,40,29,121,57,64,16,9,7,132,89,43,15,7,8,23,11,12,151,89,62,29,20,9
17091,C4920,3,38,District-Hoshiarpur,Urban,70-79,307,171,136,48,26,22,70,38,32,8,4,4,66,44,22,11,3,8,14,7,7,64,35,29,26,14,12
17092,C4920,3,38,District-Hoshiarpur,Urban,80-89,139,69,70,28,12,16,35,16,19,1,1,0,32,20,12,2,1,1,0,0,0,31,15,16,10,4,6
17093,C4920,3,38,District-Hoshiarpur,Urban,90+,53,21,32,12,4,8,8,4,4,1,0,1,12,4,8,2,1,1,0,0,0,9,5,4,9,3,6
17094,C4920,3,38,District-Hoshiarpur,Urban,Age Not Stated,6,5,1,1,1,0,0,0,0,0,0,0,2,1,1,0,0,0,1,1,0,2,2,0,0,0,0
17095,C4920,3,39,District-Shahid Bhagat Singh Nagar ,Total,Total,14885,8425,6460,1910,1041,869,2663,1352,1311,622,344,278,3417,2130,1287,913,545,368,564,364,200,3785,2064,1721,1011,585,426
17096,C4920,3,39,District-Shahid Bhagat Singh Nagar ,Total,0-4,556,296,260,79,41,38,117,60,57,17,11,6,37,27,10,16,7,9,3,3,0,244,129,115,43,18,25
17097,C4920,3,39,District-Shahid Bhagat Singh Nagar ,Total,5-9,774,430,344,98,59,39,145,81,64,62,33,29,64,34,30,79,48,31,13,10,3,222,116,106,91,49,42
17098,C4920,3,39,District-Shahid Bhagat Singh Nagar ,Total,10-19,2040,1190,850,199,124,75,384,222,162,148,83,65,257,170,87,216,125,91,47,31,16,589,315,274,200,120,80
17099,C4920,3,39,District-Shahid Bhagat Singh Nagar ,Total,20-29,2336,1301,1035,157,84,73,353,159,194,103,56,47,655,400,255,198,123,75,72,48,24,622,314,308,176,117,59
17100,C4920,3,39,District-Shahid Bhagat Singh Nagar ,Total,30-39,2307,1333,974,169,91,78,357,184,173,94,52,42,777,495,282,137,83,54,114,82,32,543,280,263,116,66,50
17101,C4920,3,39,District-Shahid Bhagat Singh Nagar ,Total,40-49,1847,1122,725,195,116,79,331,175,156,74,42,32,462,318,144,121,72,49,105,75,30,477,280,197,82,44,38
17102,C4920,3,39,District-Shahid Bhagat Singh Nagar ,Total,50-59,1492,911,581,215,137,78,243,126,117,55,36,19,332,222,110,64,39,25,66,45,21,452,266,186,65,40,25
17103,C4920,3,39,District-Shahid Bhagat Singh Nagar ,Total,60-69,1518,824,694,298,149,149,283,133,150,34,15,19,406,232,174,48,31,17,80,40,40,304,182,122,65,42,23
17104,C4920,3,39,District-Shahid Bhagat Singh Nagar ,Total,70-79,1080,568,512,291,154,137,221,101,120,22,11,11,225,130,95,12,7,5,40,20,20,197,107,90,72,38,34
17105,C4920,3,39,District-Shahid Bhagat Singh Nagar ,Total,80-89,593,300,293,132,57,75,150,74,76,6,3,3,135,76,59,12,6,6,11,5,6,91,48,43,56,31,25
17106,C4920,3,39,District-Shahid Bhagat Singh Nagar ,Total,90+,288,122,166,67,25,42,69,30,39,7,2,5,61,25,36,6,1,5,10,3,7,25,16,9,43,20,23
17107,C4920,3,39,District-Shahid Bhagat Singh Nagar ,Total,Age Not Stated,54,28,26,10,4,6,10,7,3,0,0,0,6,1,5,4,3,1,3,2,1,19,11,8,2,0,2
17108,C4920,3,39,District-Shahid Bhagat Singh Nagar ,Rural,Total,11887,6739,5148,1465,807,658,2020,1006,1014,508,279,229,2871,1803,1068,744,431,313,461,298,163,3060,1673,1387,758,442,316
17109,C4920,3,39,District-Shahid Bhagat Singh Nagar ,Rural,0-4,422,215,207,43,22,21,92,45,47,16,10,6,28,19,9,14,6,8,2,2,0,201,100,101,26,11,15
17110,C4920,3,39,District-Shahid Bhagat Singh Nagar ,Rural,5-9,569,313,256,59,34,25,104,59,45,53,28,25,54,28,26,64,39,25,10,8,2,168,86,82,57,31,26
17111,C4920,3,39,District-Shahid Bhagat Singh Nagar ,Rural,10-19,1572,900,672,133,84,49,287,163,124,115,63,52,208,137,71,169,88,81,36,25,11,479,254,225,145,86,59
17112,C4920,3,39,District-Shahid Bhagat Singh Nagar ,Rural,20-29,1825,1033,792,103,61,42,262,115,147,84,46,38,545,327,218,159,101,58,57,37,20,482,252,230,133,94,39
17113,C4920,3,39,District-Shahid Bhagat Singh Nagar ,Rural,30-39,1815,1046,769,115,63,52,252,125,127,73,42,31,662,422,240,113,66,47,86,61,25,435,222,213,79,45,34
17114,C4920,3,39,District-Shahid Bhagat Singh Nagar ,Rural,40-49,1494,921,573,147,91,56,247,134,113,65,37,28,377,269,108,104,58,46,91,64,27,401,234,167,62,34,28
17115,C4920,3,39,District-Shahid Bhagat Singh Nagar ,Rural,50-59,1197,743,454,171,105,66,181,95,86,44,27,17,280,191,89,53,33,20,54,39,15,365,223,142,49,30,19
17116,C4920,3,39,District-Shahid Bhagat Singh Nagar ,Rural,60-69,1280,700,580,260,136,124,223,99,124,28,12,16,349,203,146,41,27,14,69,34,35,258,157,101,52,32,20
17117,C4920,3,39,District-Shahid Bhagat Singh Nagar ,Rural,70-79,909,472,437,250,135,115,180,80,100,20,10,10,187,111,76,10,6,4,37,18,19,161,80,81,64,32,32
17118,C4920,3,39,District-Shahid Bhagat Singh Nagar ,Rural,80-89,510,260,250,117,49,68,124,61,63,4,2,2,120,70,50,8,3,5,10,5,5,76,41,35,51,29,22
17119,C4920,3,39,District-Shahid Bhagat Singh Nagar ,Rural,90+,253,112,141,59,23,36,60,25,35,6,2,4,56,25,31,6,1,5,6,3,3,22,15,7,38,18,20
17120,C4920,3,39,District-Shahid Bhagat Singh Nagar ,Rural,Age Not Stated,41,24,17,8,4,4,8,5,3,0,0,0,5,1,4,3,3,0,3,2,1,12,9,3,2,0,2
17121,C4920,3,39,District-Shahid Bhagat Singh Nagar ,Urban,Total,2998,1686,1312,445,234,211,643,346,297,114,65,49,546,327,219,169,114,55,103,66,37,725,391,334,253,143,110
17122,C4920,3,39,District-Shahid Bhagat Singh Nagar ,Urban,0-4,134,81,53,36,19,17,25,15,10,1,1,0,9,8,1,2,1,1,1,1,0,43,29,14,17,7,10
17123,C4920,3,39,District-Shahid Bhagat Singh Nagar ,Urban,5-9,205,117,88,39,25,14,41,22,19,9,5,4,10,6,4,15,9,6,3,2,1,54,30,24,34,18,16
17124,C4920,3,39,District-Shahid Bhagat Singh Nagar ,Urban,10-19,468,290,178,66,40,26,97,59,38,33,20,13,49,33,16,47,37,10,11,6,5,110,61,49,55,34,21
17125,C4920,3,39,District-Shahid Bhagat Singh Nagar ,Urban,20-29,511,268,243,54,23,31,91,44,47,19,10,9,110,73,37,39,22,17,15,11,4,140,62,78,43,23,20
17126,C4920,3,39,District-Shahid Bhagat Singh Nagar ,Urban,30-39,492,287,205,54,28,26,105,59,46,21,10,11,115,73,42,24,17,7,28,21,7,108,58,50,37,21,16
17127,C4920,3,39,District-Shahid Bhagat Singh Nagar ,Urban,40-49,353,201,152,48,25,23,84,41,43,9,5,4,85,49,36,17,14,3,14,11,3,76,46,30,20,10,10
17128,C4920,3,39,District-Shahid Bhagat Singh Nagar ,Urban,50-59,295,168,127,44,32,12,62,31,31,11,9,2,52,31,21,11,6,5,12,6,6,87,43,44,16,10,6
17129,C4920,3,39,District-Shahid Bhagat Singh Nagar ,Urban,60-69,238,124,114,38,13,25,60,34,26,6,3,3,57,29,28,7,4,3,11,6,5,46,25,21,13,10,3
17130,C4920,3,39,District-Shahid Bhagat Singh Nagar ,Urban,70-79,171,96,75,41,19,22,41,21,20,2,1,1,38,19,19,2,1,1,3,2,1,36,27,9,8,6,2
17131,C4920,3,39,District-Shahid Bhagat Singh Nagar ,Urban,80-89,83,40,43,15,8,7,26,13,13,2,1,1,15,6,9,4,3,1,1,0,1,15,7,8,5,2,3
17132,C4920,3,39,District-Shahid Bhagat Singh Nagar ,Urban,90+,35,10,25,8,2,6,9,5,4,1,0,1,5,0,5,0,0,0,4,0,4,3,1,2,5,2,3
17133,C4920,3,39,District-Shahid Bhagat Singh Nagar ,Urban,Age Not Stated,13,4,9,2,0,2,2,2,0,0,0,0,1,0,1,1,0,1,0,0,0,7,2,5,0,0,0
17134,C4920,3,40,District-Fatehgarh Sahib,Total,Total,15489,9062,6427,1995,1098,897,3146,1730,1416,557,321,236,3076,1905,1171,1005,655,350,500,312,188,4341,2527,1814,869,514,355
17135,C4920,3,40,District-Fatehgarh Sahib,Total,0-4,623,352,271,69,39,30,230,135,95,12,7,5,45,26,19,17,10,7,7,2,5,225,121,104,18,12,6
17136,C4920,3,40,District-Fatehgarh Sahib,Total,5-9,824,469,355,56,34,22,226,119,107,58,37,21,80,44,36,82,50,32,10,6,4,242,130,112,70,49,21
17137,C4920,3,40,District-Fatehgarh Sahib,Total,10-19,2191,1340,851,208,115,93,491,285,206,127,81,46,245,159,86,255,169,86,72,53,19,629,384,245,164,94,70
17138,C4920,3,40,District-Fatehgarh Sahib,Total,20-29,2756,1649,1107,212,127,85,601,348,253,106,58,48,636,395,241,184,120,64,69,45,24,833,483,350,115,73,42
17139,C4920,3,40,District-Fatehgarh Sahib,Total,30-39,2307,1362,945,181,91,90,429,226,203,63,40,23,653,419,234,170,117,53,87,51,36,647,367,280,77,51,26
17140,C4920,3,40,District-Fatehgarh Sahib,Total,40-49,2001,1210,791,237,141,96,360,206,154,62,32,30,407,269,138,157,98,59,74,46,28,628,369,259,76,49,27
17141,C4920,3,40,District-Fatehgarh Sahib,Total,50-59,1548,931,617,277,163,114,253,136,117,47,28,19,314,200,114,77,50,27,71,41,30,454,278,176,55,35,20
17142,C4920,3,40,District-Fatehgarh Sahib,Total,60-69,1579,858,721,334,161,173,263,127,136,34,18,16,363,212,151,39,27,12,55,33,22,405,232,173,86,48,38
17143,C4920,3,40,District-Fatehgarh Sahib,Total,70-79,1002,566,436,264,141,123,169,95,74,33,13,20,211,123,88,17,10,7,32,22,10,172,109,63,104,53,51
17144,C4920,3,40,District-Fatehgarh Sahib,Total,80-89,438,224,214,114,61,53,83,33,50,11,7,4,79,37,42,4,3,1,14,7,7,62,36,26,71,40,31
17145,C4920,3,40,District-Fatehgarh Sahib,Total,90+,176,77,99,37,21,16,36,18,18,4,0,4,30,10,20,2,1,1,8,6,2,26,11,15,33,10,23
17146,C4920,3,40,District-Fatehgarh Sahib,Total,Age Not Stated,44,24,20,6,4,2,5,2,3,0,0,0,13,11,2,1,0,1,1,0,1,18,7,11,0,0,0
17147,C4920,3,40,District-Fatehgarh Sahib,Rural,Total,11621,6808,4813,1362,754,608,2396,1315,1081,401,236,165,2392,1513,879,763,490,273,361,227,134,3300,1911,1389,646,362,284
17148,C4920,3,40,District-Fatehgarh Sahib,Rural,0-4,464,252,212,46,27,19,180,102,78,8,5,3,33,17,16,9,6,3,3,1,2,172,86,86,13,8,5
17149,C4920,3,40,District-Fatehgarh Sahib,Rural,5-9,615,353,262,36,20,16,173,97,76,41,24,17,57,33,24,62,39,23,7,4,3,184,99,85,55,37,18
17150,C4920,3,40,District-Fatehgarh Sahib,Rural,10-19,1633,980,653,130,73,57,364,206,158,96,63,33,186,118,68,206,131,75,54,39,15,470,283,187,127,67,60
17151,C4920,3,40,District-Fatehgarh Sahib,Rural,20-29,2067,1242,825,142,88,54,462,267,195,76,47,29,504,321,183,125,80,45,51,32,19,617,349,268,90,58,32
17152,C4920,3,40,District-Fatehgarh Sahib,Rural,30-39,1742,1031,711,124,63,61,326,167,159,42,26,16,523,345,178,128,90,38,57,34,23,496,278,218,46,28,18
17153,C4920,3,40,District-Fatehgarh Sahib,Rural,40-49,1506,920,586,156,96,60,281,159,122,49,25,24,302,206,96,123,73,50,54,36,18,486,294,192,55,31,24
17154,C4920,3,40,District-Fatehgarh Sahib,Rural,50-59,1107,680,427,175,99,76,182,105,77,24,16,8,241,157,84,57,39,18,53,29,24,341,212,129,34,23,11
17155,C4920,3,40,District-Fatehgarh Sahib,Rural,60-69,1199,659,540,233,118,115,204,99,105,26,14,12,282,165,117,31,20,11,42,29,13,313,177,136,68,37,31
17156,C4920,3,40,District-Fatehgarh Sahib,Rural,70-79,783,441,342,199,100,99,135,77,58,27,12,15,162,99,63,16,9,7,24,15,9,138,91,47,82,38,44
17157,C4920,3,40,District-Fatehgarh Sahib,Rural,80-89,339,170,169,86,50,36,61,22,39,8,4,4,67,33,34,4,3,1,10,4,6,51,28,23,52,26,26
17158,C4920,3,40,District-Fatehgarh Sahib,Rural,90+,135,61,74,31,18,13,25,12,13,4,0,4,23,9,14,1,0,1,6,4,2,21,9,12,24,9,15
17159,C4920,3,40,District-Fatehgarh Sahib,Rural,Age Not Stated,31,19,12,4,2,2,3,2,1,0,0,0,12,10,2,1,0,1,0,0,0,11,5,6,0,0,0
17160,C4920,3,40,District-Fatehgarh Sahib,Urban,Total,3868,2254,1614,633,344,289,750,415,335,156,85,71,684,392,292,242,165,77,139,85,54,1041,616,425,223,152,71
17161,C4920,3,40,District-Fatehgarh Sahib,Urban,0-4,159,100,59,23,12,11,50,33,17,4,2,2,12,9,3,8,4,4,4,1,3,53,35,18,5,4,1
17162,C4920,3,40,District-Fatehgarh Sahib,Urban,5-9,209,116,93,20,14,6,53,22,31,17,13,4,23,11,12,20,11,9,3,2,1,58,31,27,15,12,3
17163,C4920,3,40,District-Fatehgarh Sahib,Urban,10-19,558,360,198,78,42,36,127,79,48,31,18,13,59,41,18,49,38,11,18,14,4,159,101,58,37,27,10
17164,C4920,3,40,District-Fatehgarh Sahib,Urban,20-29,689,407,282,70,39,31,139,81,58,30,11,19,132,74,58,59,40,19,18,13,5,216,134,82,25,15,10
17165,C4920,3,40,District-Fatehgarh Sahib,Urban,30-39,565,331,234,57,28,29,103,59,44,21,14,7,130,74,56,42,27,15,30,17,13,151,89,62,31,23,8
17166,C4920,3,40,District-Fatehgarh Sahib,Urban,40-49,495,290,205,81,45,36,79,47,32,13,7,6,105,63,42,34,25,9,20,10,10,142,75,67,21,18,3
17167,C4920,3,40,District-Fatehgarh Sahib,Urban,50-59,441,251,190,102,64,38,71,31,40,23,12,11,73,43,30,20,11,9,18,12,6,113,66,47,21,12,9
17168,C4920,3,40,District-Fatehgarh Sahib,Urban,60-69,380,199,181,101,43,58,59,28,31,8,4,4,81,47,34,8,7,1,13,4,9,92,55,37,18,11,7
17169,C4920,3,40,District-Fatehgarh Sahib,Urban,70-79,219,125,94,65,41,24,34,18,16,6,1,5,49,24,25,1,1,0,8,7,1,34,18,16,22,15,7
17170,C4920,3,40,District-Fatehgarh Sahib,Urban,80-89,99,54,45,28,11,17,22,11,11,3,3,0,12,4,8,0,0,0,4,3,1,11,8,3,19,14,5
17171,C4920,3,40,District-Fatehgarh Sahib,Urban,90+,41,16,25,6,3,3,11,6,5,0,0,0,7,1,6,1,1,0,2,2,0,5,2,3,9,1,8
17172,C4920,3,40,District-Fatehgarh Sahib,Urban,Age Not Stated,13,5,8,2,2,0,2,0,2,0,0,0,1,1,0,0,0,0,1,0,1,7,2,5,0,0,0
17173,C4920,3,41,District-Ludhiana,Total,Total,80681,46697,33984,11093,6048,5045,21095,11521,9574,2727,1588,1139,12497,7839,4658,5056,3053,2003,2248,1434,814,21858,12714,9144,4107,2500,1607
17174,C4920,3,41,District-Ludhiana,Total,0-4,3884,2155,1729,620,344,276,1311,712,599,45,36,9,186,105,81,164,84,80,28,20,8,1368,758,610,162,96,66
17175,C4920,3,41,District-Ludhiana,Total,5-9,5139,2909,2230,710,375,335,1536,844,692,241,143,98,335,206,129,339,204,135,81,47,34,1584,898,686,313,192,121
17176,C4920,3,41,District-Ludhiana,Total,10-19,12808,7478,5330,1607,882,725,3456,1945,1511,627,381,246,1255,797,458,1151,700,451,281,181,100,3625,2084,1541,806,508,298
17177,C4920,3,41,District-Ludhiana,Total,20-29,14671,8557,6114,1664,945,719,3798,2034,1764,528,318,210,2443,1558,885,1120,667,453,396,259,137,4070,2348,1722,652,428,224
17178,C4920,3,41,District-Ludhiana,Total,30-39,12583,7312,5271,1308,729,579,3219,1792,1427,389,217,172,2508,1537,971,859,533,326,403,262,141,3408,1949,1459,489,293,196
17179,C4920,3,41,District-Ludhiana,Total,40-49,10250,6172,4078,1278,713,565,2628,1489,1139,323,179,144,1580,1082,498,687,411,276,380,252,128,2942,1777,1165,432,269,163
17180,C4920,3,41,District-Ludhiana,Total,50-59,7858,4698,3160,1232,696,536,1982,1084,898,258,136,122,1370,903,467,371,237,134,287,185,102,2072,1268,804,286,189,97
17181,C4920,3,41,District-Ludhiana,Total,60-69,6928,3899,3029,1327,701,626,1557,804,753,172,98,74,1437,873,564,233,139,94,222,129,93,1629,946,683,351,209,142
17182,C4920,3,41,District-Ludhiana,Total,70-79,3951,2230,1721,807,421,386,924,490,434,101,56,45,858,508,350,83,46,37,108,66,42,772,464,308,298,179,119
17183,C4920,3,41,District-Ludhiana,Total,80-89,1878,956,922,391,186,205,492,238,254,32,20,12,399,219,180,38,24,14,40,21,19,272,148,124,214,100,114
17184,C4920,3,41,District-Ludhiana,Total,90+,669,293,376,137,48,89,173,79,94,11,4,7,121,47,74,9,6,3,22,12,10,94,60,34,102,37,65
17185,C4920,3,41,District-Ludhiana,Total,Age Not Stated,62,38,24,12,8,4,19,10,9,0,0,0,5,4,1,2,2,0,0,0,0,22,14,8,2,0,2
17186,C4920,3,41,District-Ludhiana,Rural,Total,36073,21072,15001,4771,2553,2218,7655,4199,3456,1171,664,507,6863,4318,2545,2488,1484,1004,1104,706,398,10010,5907,4103,2011,1241,770
17187,C4920,3,41,District-Ludhiana,Rural,0-4,1513,846,667,240,128,112,455,257,198,20,17,3,84,54,30,59,31,28,10,7,3,584,317,267,61,35,26
17188,C4920,3,41,District-Ludhiana,Rural,5-9,2149,1240,909,316,164,152,525,292,233,107,68,39,159,93,66,163,101,62,33,18,15,686,399,287,160,105,55
17189,C4920,3,41,District-Ludhiana,Rural,10-19,5506,3230,2276,632,341,291,1245,722,523,286,171,115,610,388,222,576,346,230,132,80,52,1640,931,709,385,251,134
17190,C4920,3,41,District-Ludhiana,Rural,20-29,6232,3656,2576,631,371,260,1262,678,584,218,125,93,1356,857,499,546,312,234,168,108,60,1733,988,745,318,217,101
17191,C4920,3,41,District-Ludhiana,Rural,30-39,5448,3217,2231,522,275,247,1034,587,447,155,84,71,1412,887,525,403,249,154,203,131,72,1491,858,633,228,146,82
17192,C4920,3,41,District-Ludhiana,Rural,40-49,4518,2803,1715,504,282,222,940,552,388,131,69,62,842,576,266,348,207,141,205,142,63,1364,857,507,184,118,66
17193,C4920,3,41,District-Ludhiana,Rural,50-59,3460,2150,1310,464,274,190,705,384,321,104,51,53,746,504,242,185,117,68,134,90,44,1004,646,358,118,84,34
17194,C4920,3,41,District-Ludhiana,Rural,60-69,3514,1976,1538,651,337,314,668,319,349,75,40,35,827,497,330,131,79,52,123,75,48,859,524,335,180,105,75
17195,C4920,3,41,District-Ludhiana,Rural,70-79,2151,1187,964,460,239,221,456,228,228,50,25,25,498,298,200,43,22,21,61,33,28,426,257,169,157,85,72
17196,C4920,3,41,District-Ludhiana,Rural,80-89,1108,562,546,246,110,136,256,125,131,18,12,6,245,132,113,26,15,11,23,14,9,158,89,69,136,65,71
17197,C4920,3,41,District-Ludhiana,Rural,90+,446,187,259,100,29,71,99,48,51,7,2,5,81,30,51,7,4,3,12,8,4,57,36,21,83,30,53
17198,C4920,3,41,District-Ludhiana,Rural,Age Not Stated,28,18,10,5,3,2,10,7,3,0,0,0,3,2,1,1,1,0,0,0,0,8,5,3,1,0,1
17199,C4920,3,41,District-Ludhiana,Urban,Total,44608,25625,18983,6322,3495,2827,13440,7322,6118,1556,924,632,5634,3521,2113,2568,1569,999,1144,728,416,11848,6807,5041,2096,1259,837
17200,C4920,3,41,District-Ludhiana,Urban,0-4,2371,1309,1062,380,216,164,856,455,401,25,19,6,102,51,51,105,53,52,18,13,5,784,441,343,101,61,40
17201,C4920,3,41,District-Ludhiana,Urban,5-9,2990,1669,1321,394,211,183,1011,552,459,134,75,59,176,113,63,176,103,73,48,29,19,898,499,399,153,87,66
17202,C4920,3,41,District-Ludhiana,Urban,10-19,7302,4248,3054,975,541,434,2211,1223,988,341,210,131,645,409,236,575,354,221,149,101,48,1985,1153,832,421,257,164
17203,C4920,3,41,District-Ludhiana,Urban,20-29,8439,4901,3538,1033,574,459,2536,1356,1180,310,193,117,1087,701,386,574,355,219,228,151,77,2337,1360,977,334,211,123
17204,C4920,3,41,District-Ludhiana,Urban,30-39,7135,4095,3040,786,454,332,2185,1205,980,234,133,101,1096,650,446,456,284,172,200,131,69,1917,1091,826,261,147,114
17205,C4920,3,41,District-Ludhiana,Urban,40-49,5732,3369,2363,774,431,343,1688,937,751,192,110,82,738,506,232,339,204,135,175,110,65,1578,920,658,248,151,97
17206,C4920,3,41,District-Ludhiana,Urban,50-59,4398,2548,1850,768,422,346,1277,700,577,154,85,69,624,399,225,186,120,66,153,95,58,1068,622,446,168,105,63
17207,C4920,3,41,District-Ludhiana,Urban,60-69,3414,1923,1491,676,364,312,889,485,404,97,58,39,610,376,234,102,60,42,99,54,45,770,422,348,171,104,67
17208,C4920,3,41,District-Ludhiana,Urban,70-79,1800,1043,757,347,182,165,468,262,206,51,31,20,360,210,150,40,24,16,47,33,14,346,207,139,141,94,47
17209,C4920,3,41,District-Ludhiana,Urban,80-89,770,394,376,145,76,69,236,113,123,14,8,6,154,87,67,12,9,3,17,7,10,114,59,55,78,35,43
17210,C4920,3,41,District-Ludhiana,Urban,90+,223,106,117,37,19,18,74,31,43,4,2,2,40,17,23,2,2,0,10,4,6,37,24,13,19,7,12
17211,C4920,3,41,District-Ludhiana,Urban,Age Not Stated,34,20,14,7,5,2,9,3,6,0,0,0,2,2,0,1,1,0,0,0,0,14,9,5,1,0,1
17212,C4920,3,42,District-Moga,Total,Total,29115,16617,12498,3513,1835,1678,6916,3555,3361,1015,580,435,6938,4309,2629,1652,1025,627,886,520,366,6684,3852,2832,1511,941,570
17213,C4920,3,42,District-Moga,Total,0-4,1242,667,575,131,67,64,429,227,202,14,7,7,83,47,36,41,27,14,18,5,13,471,250,221,55,37,18
17214,C4920,3,42,District-Moga,Total,5-9,1642,925,717,169,93,76,464,223,241,104,68,36,164,109,55,103,62,41,20,11,9,480,260,220,138,99,39
17215,C4920,3,42,District-Moga,Total,10-19,4578,2607,1971,429,237,192,1199,616,583,219,130,89,800,503,297,357,211,146,92,59,33,1174,656,518,308,195,113
17216,C4920,3,42,District-Moga,Total,20-29,5255,3040,2215,387,204,183,1225,642,583,172,103,69,1615,1000,615,340,215,125,123,74,49,1175,658,517,218,144,74
17217,C4920,3,42,District-Moga,Total,30-39,4173,2483,1690,325,185,140,877,458,419,149,80,69,1336,842,494,283,180,103,154,99,55,891,536,355,158,103,55
17218,C4920,3,42,District-Moga,Total,40-49,3504,2077,1427,394,222,172,810,425,385,103,52,51,866,542,324,240,164,76,166,98,68,777,475,302,148,99,49
17219,C4920,3,42,District-Moga,Total,50-59,2541,1495,1046,379,197,182,581,302,279,86,50,36,576,365,211,145,90,55,98,60,38,578,370,208,98,61,37
17220,C4920,3,42,District-Moga,Total,60-69,2980,1657,1323,553,276,277,621,305,316,89,46,43,762,489,273,86,37,49,126,70,56,601,356,245,142,78,64
17221,C4920,3,42,District-Moga,Total,70-79,1761,993,768,426,227,199,379,201,178,42,25,17,406,244,162,31,25,6,55,27,28,298,175,123,124,69,55
17222,C4920,3,42,District-Moga,Total,80-89,847,395,452,215,91,124,194,85,109,18,11,7,209,106,103,11,4,7,23,11,12,105,55,50,72,32,40
17223,C4920,3,42,District-Moga,Total,90+,357,152,205,82,29,53,75,31,44,10,4,6,89,42,47,6,3,3,3,2,1,46,19,27,46,22,24
17224,C4920,3,42,District-Moga,Total,Age Not Stated,235,126,109,23,7,16,62,40,22,9,4,5,32,20,12,9,7,2,8,4,4,88,42,46,4,2,2
17225,C4920,3,42,District-Moga,Rural,Total,23458,13460,9998,3054,1583,1471,5220,2694,2526,805,460,345,5728,3577,2151,1353,839,514,692,413,279,5384,3127,2257,1222,767,455
17226,C4920,3,42,District-Moga,Rural,0-4,966,526,440,112,60,52,304,165,139,11,7,4,65,35,30,37,23,14,15,5,10,381,203,178,41,28,13
17227,C4920,3,42,District-Moga,Rural,5-9,1307,745,562,140,79,61,343,162,181,85,55,30,143,97,46,83,53,30,17,9,8,383,208,175,113,82,31
17228,C4920,3,42,District-Moga,Rural,10-19,3610,2078,1532,375,211,164,887,453,434,171,106,65,658,421,237,281,165,116,70,46,24,914,510,404,254,166,88
17229,C4920,3,42,District-Moga,Rural,20-29,4125,2405,1720,322,170,152,858,446,412,139,82,57,1354,846,508,273,170,103,87,55,32,921,524,397,171,112,59
17230,C4920,3,42,District-Moga,Rural,30-39,3355,2028,1327,272,154,118,658,349,309,111,56,55,1112,711,401,239,154,85,119,77,42,725,451,274,119,76,43
17231,C4920,3,42,District-Moga,Rural,40-49,2800,1655,1145,327,174,153,621,332,289,84,42,42,711,443,268,191,132,59,130,80,50,628,378,250,108,74,34
17232,C4920,3,42,District-Moga,Rural,50-59,2015,1201,814,321,172,149,437,227,210,70,41,29,456,294,162,124,76,48,78,50,28,460,295,165,69,46,23
17233,C4920,3,42,District-Moga,Rural,60-69,2516,1386,1130,505,248,257,508,252,256,70,36,34,621,389,232,73,32,41,103,57,46,509,303,206,127,69,58
17234,C4920,3,42,District-Moga,Rural,70-79,1496,851,645,382,200,182,318,174,144,33,19,14,326,196,130,28,22,6,47,22,25,253,156,97,109,62,47
17235,C4920,3,42,District-Moga,Rural,80-89,752,348,404,201,84,117,173,77,96,18,11,7,176,89,87,11,4,7,18,8,10,91,46,45,64,29,35
17236,C4920,3,42,District-Moga,Rural,90+,314,130,184,76,25,51,66,27,39,8,3,5,77,38,39,5,2,3,2,1,1,36,13,23,44,21,23
17237,C4920,3,42,District-Moga,Rural,Age Not Stated,202,107,95,21,6,15,47,30,17,5,2,3,29,18,11,8,6,2,6,3,3,83,40,43,3,2,1
17238,C4920,3,42,District-Moga,Urban,Total,5657,3157,2500,459,252,207,1696,861,835,210,120,90,1210,732,478,299,186,113,194,107,87,1300,725,575,289,174,115
17239,C4920,3,42,District-Moga,Urban,0-4,276,141,135,19,7,12,125,62,63,3,0,3,18,12,6,4,4,0,3,0,3,90,47,43,14,9,5
17240,C4920,3,42,District-Moga,Urban,5-9,335,180,155,29,14,15,121,61,60,19,13,6,21,12,9,20,9,11,3,2,1,97,52,45,25,17,8
17241,C4920,3,42,District-Moga,Urban,10-19,968,529,439,54,26,28,312,163,149,48,24,24,142,82,60,76,46,30,22,13,9,260,146,114,54,29,25
17242,C4920,3,42,District-Moga,Urban,20-29,1130,635,495,65,34,31,367,196,171,33,21,12,261,154,107,67,45,22,36,19,17,254,134,120,47,32,15
17243,C4920,3,42,District-Moga,Urban,30-39,818,455,363,53,31,22,219,109,110,38,24,14,224,131,93,44,26,18,35,22,13,166,85,81,39,27,12
17244,C4920,3,42,District-Moga,Urban,40-49,704,422,282,67,48,19,189,93,96,19,10,9,155,99,56,49,32,17,36,18,18,149,97,52,40,25,15
17245,C4920,3,42,District-Moga,Urban,50-59,526,294,232,58,25,33,144,75,69,16,9,7,120,71,49,21,14,7,20,10,10,118,75,43,29,15,14
17246,C4920,3,42,District-Moga,Urban,60-69,464,271,193,48,28,20,113,53,60,19,10,9,141,100,41,13,5,8,23,13,10,92,53,39,15,9,6
17247,C4920,3,42,District-Moga,Urban,70-79,265,142,123,44,27,17,61,27,34,9,6,3,80,48,32,3,3,0,8,5,3,45,19,26,15,7,8
17248,C4920,3,42,District-Moga,Urban,80-89,95,47,48,14,7,7,21,8,13,0,0,0,33,17,16,0,0,0,5,3,2,14,9,5,8,3,5
17249,C4920,3,42,District-Moga,Urban,90+,43,22,21,6,4,2,9,4,5,2,1,1,12,4,8,1,1,0,1,1,0,10,6,4,2,1,1
17250,C4920,3,42,District-Moga,Urban,Age Not Stated,33,19,14,2,1,1,15,10,5,4,2,2,3,2,1,1,1,0,2,1,1,5,2,3,1,0,1
17251,C4920,3,43,District-Firozpur,Total,Total,44432,26616,17816,4602,2547,2055,7711,4378,3333,1758,1063,695,12367,7767,4600,3120,1895,1225,1702,1008,694,9999,6003,3996,3173,1955,1218
17252,C4920,3,43,District-Firozpur,Total,0-4,1715,974,741,224,117,107,429,225,204,35,24,11,222,149,73,83,51,32,24,15,9,566,313,253,132,80,52
17253,C4920,3,43,District-Firozpur,Total,5-9,2823,1664,1159,298,165,133,546,300,246,234,146,88,407,252,155,244,156,88,62,42,20,687,395,292,345,208,137
17254,C4920,3,43,District-Firozpur,Total,10-19,8140,4878,3262,745,433,312,1314,729,585,476,285,191,1979,1231,748,874,549,325,265,154,111,1682,974,708,805,523,282
17255,C4920,3,43,District-Firozpur,Total,20-29,8771,5415,3356,607,372,235,1405,865,540,312,200,112,3110,1948,1162,671,411,260,283,184,99,1846,1076,770,537,359,178
17256,C4920,3,43,District-Firozpur,Total,30-39,7154,4340,2814,541,312,229,1098,663,435,247,131,116,2578,1648,930,485,273,212,287,167,120,1551,931,620,367,215,152
17257,C4920,3,43,District-Firozpur,Total,40-49,5139,3247,1892,442,255,187,868,528,340,178,120,58,1329,863,466,379,234,145,301,176,125,1363,888,475,279,183,96
17258,C4920,3,43,District-Firozpur,Total,50-59,3353,2096,1257,392,226,166,538,304,234,114,66,48,849,586,263,188,122,66,158,97,61,939,579,360,175,116,59
17259,C4920,3,43,District-Firozpur,Total,60-69,3653,2101,1552,586,297,289,649,339,310,98,57,41,997,609,388,131,68,63,167,90,77,829,522,307,196,119,77
17260,C4920,3,43,District-Firozpur,Total,70-79,2097,1150,947,434,217,217,457,227,230,35,22,13,529,306,223,35,17,18,96,56,40,366,230,136,145,75,70
17261,C4920,3,43,District-Firozpur,Total,80-89,1119,557,562,242,114,128,278,135,143,25,9,16,262,135,127,20,9,11,44,22,22,131,80,51,117,53,64
17262,C4920,3,43,District-Firozpur,Total,90+,462,190,272,91,39,52,128,62,66,4,3,1,104,39,65,8,4,4,15,5,10,37,14,23,75,24,51
17263,C4920,3,43,District-Firozpur,Total,Age Not Stated,6,4,2,0,0,0,1,1,0,0,0,0,1,1,0,2,1,1,0,0,0,2,1,1,0,0,0
17264,C4920,3,43,District-Firozpur,Rural,Total,33501,20051,13450,3449,1888,1561,5309,2919,2390,1324,795,529,9734,6143,3591,2333,1415,918,1268,748,520,7601,4611,2990,2483,1532,951
17265,C4920,3,43,District-Firozpur,Rural,0-4,1285,729,556,159,80,79,321,170,151,29,19,10,183,122,61,48,29,19,21,13,8,420,232,188,104,64,40
17266,C4920,3,43,District-Firozpur,Rural,5-9,2127,1255,872,206,112,94,389,212,177,188,116,72,324,210,114,178,113,65,50,34,16,508,289,219,284,169,115
17267,C4920,3,43,District-Firozpur,Rural,10-19,6332,3800,2532,564,330,234,965,532,433,376,223,153,1607,996,611,681,434,247,209,122,87,1277,733,544,653,430,223
17268,C4920,3,43,District-Firozpur,Rural,20-29,6488,3954,2534,418,249,169,866,467,399,249,161,88,2457,1550,907,516,314,202,216,139,77,1365,802,563,401,272,129
17269,C4920,3,43,District-Firozpur,Rural,30-39,5284,3229,2055,373,215,158,675,395,280,181,97,84,2033,1304,729,361,199,162,198,115,83,1183,740,443,280,164,116
17270,C4920,3,43,District-Firozpur,Rural,40-49,3826,2438,1388,328,191,137,590,361,229,119,79,40,1035,680,355,275,163,112,212,126,86,1052,696,356,215,142,73
17271,C4920,3,43,District-Firozpur,Rural,50-59,2426,1534,892,282,164,118,363,207,156,70,37,33,641,450,191,133,91,42,107,61,46,698,435,263,132,89,43
17272,C4920,3,43,District-Firozpur,Rural,60-69,2783,1586,1197,469,234,235,472,241,231,64,35,29,750,455,295,96,49,47,132,72,60,657,417,240,143,83,60
17273,C4920,3,43,District-Firozpur,Rural,70-79,1632,898,734,359,177,182,338,174,164,24,16,8,404,232,172,27,14,13,79,46,33,291,185,106,110,54,56
17274,C4920,3,43,District-Firozpur,Rural,80-89,913,456,457,207,99,108,219,106,113,20,9,11,212,109,103,11,5,6,32,16,16,118,69,49,94,43,51
17275,C4920,3,43,District-Firozpur,Rural,90+,399,168,231,84,37,47,110,53,57,4,3,1,87,34,53,5,3,2,12,4,8,30,12,18,67,22,45
17276,C4920,3,43,District-Firozpur,Rural,Age Not Stated,6,4,2,0,0,0,1,1,0,0,0,0,1,1,0,2,1,1,0,0,0,2,1,1,0,0,0
17277,C4920,3,43,District-Firozpur,Urban,Total,10931,6565,4366,1153,659,494,2402,1459,943,434,268,166,2633,1624,1009,787,480,307,434,260,174,2398,1392,1006,690,423,267
17278,C4920,3,43,District-Firozpur,Urban,0-4,430,245,185,65,37,28,108,55,53,6,5,1,39,27,12,35,22,13,3,2,1,146,81,65,28,16,12
17279,C4920,3,43,District-Firozpur,Urban,5-9,696,409,287,92,53,39,157,88,69,46,30,16,83,42,41,66,43,23,12,8,4,179,106,73,61,39,22
17280,C4920,3,43,District-Firozpur,Urban,10-19,1808,1078,730,181,103,78,349,197,152,100,62,38,372,235,137,193,115,78,56,32,24,405,241,164,152,93,59
17281,C4920,3,43,District-Firozpur,Urban,20-29,2283,1461,822,189,123,66,539,398,141,63,39,24,653,398,255,155,97,58,67,45,22,481,274,207,136,87,49
17282,C4920,3,43,District-Firozpur,Urban,30-39,1870,1111,759,168,97,71,423,268,155,66,34,32,545,344,201,124,74,50,89,52,37,368,191,177,87,51,36
17283,C4920,3,43,District-Firozpur,Urban,40-49,1313,809,504,114,64,50,278,167,111,59,41,18,294,183,111,104,71,33,89,50,39,311,192,119,64,41,23
17284,C4920,3,43,District-Firozpur,Urban,50-59,927,562,365,110,62,48,175,97,78,44,29,15,208,136,72,55,31,24,51,36,15,241,144,97,43,27,16
17285,C4920,3,43,District-Firozpur,Urban,60-69,870,515,355,117,63,54,177,98,79,34,22,12,247,154,93,35,19,16,35,18,17,172,105,67,53,36,17
17286,C4920,3,43,District-Firozpur,Urban,70-79,465,252,213,75,40,35,119,53,66,11,6,5,125,74,51,8,3,5,17,10,7,75,45,30,35,21,14
17287,C4920,3,43,District-Firozpur,Urban,80-89,206,101,105,35,15,20,59,29,30,5,0,5,50,26,24,9,4,5,12,6,6,13,11,2,23,10,13
17288,C4920,3,43,District-Firozpur,Urban,90+,63,22,41,7,2,5,18,9,9,0,0,0,17,5,12,3,1,2,3,1,2,7,2,5,8,2,6
17289,C4920,3,43,District-Firozpur,Urban,Age Not Stated,0,0,0,0,0,0,0,0,0,0,0,0,0,0,0,0,0,0,0,0,0,0,0,0,0,0,0
17290,C4920,3,44,District-Muktsar,Total,Total,20471,12093,8378,2785,1544,1241,4435,2389,2046,736,433,303,4934,3183,1751,1405,825,580,643,431,212,4293,2548,1745,1240,740,500
17291,C4920,3,44,District-Muktsar,Total,0-4,1033,583,450,177,103,74,309,177,132,16,9,7,56,33,23,40,20,20,6,1,5,385,220,165,44,20,24
17292,C4920,3,44,District-Muktsar,Total,5-9,1404,801,603,201,116,85,363,201,162,77,44,33,173,108,65,91,50,41,29,20,9,356,196,160,114,66,48
17293,C4920,3,44,District-Muktsar,Total,10-19,3557,2087,1470,439,246,193,745,383,362,192,121,71,637,421,216,363,212,151,76,47,29,800,456,344,305,201,104
17294,C4920,3,44,District-Muktsar,Total,20-29,3858,2294,1564,408,234,174,740,396,344,136,76,60,1226,790,436,311,183,128,128,94,34,729,410,319,180,111,69
17295,C4920,3,44,District-Muktsar,Total,30-39,3127,1920,1207,325,188,137,627,351,276,104,61,43,965,644,321,231,143,88,129,89,40,584,348,236,162,96,66
17296,C4920,3,44,District-Muktsar,Total,40-49,2398,1465,933,289,152,137,526,287,239,77,47,30,593,382,211,193,121,72,107,79,28,493,321,172,120,76,44
17297,C4920,3,44,District-Muktsar,Total,50-59,1683,1047,636,231,126,105,372,206,166,43,25,18,425,299,126,81,49,32,66,41,25,389,257,132,76,44,32
17298,C4920,3,44,District-Muktsar,Total,60-69,1797,1024,773,347,175,172,379,205,174,48,23,25,474,287,187,55,28,27,67,43,24,336,215,121,91,48,43
17299,C4920,3,44,District-Muktsar,Total,70-79,970,567,403,221,136,85,226,117,109,26,16,10,236,148,88,27,16,11,22,14,8,138,84,54,74,36,38
17300,C4920,3,44,District-Muktsar,Total,80-89,427,214,213,96,47,49,90,44,46,12,9,3,111,56,55,9,1,8,8,3,5,48,25,23,53,29,24
17301,C4920,3,44,District-Muktsar,Total,90+,162,68,94,38,15,23,50,20,30,3,2,1,35,12,23,4,2,2,4,0,4,8,5,3,20,12,8
17302,C4920,3,44,District-Muktsar,Total,Age Not Stated,55,23,32,13,6,7,8,2,6,2,0,2,3,3,0,0,0,0,1,0,1,27,11,16,1,1,0
17303,C4920,3,44,District-Muktsar,Rural,Total,14321,8563,5758,1816,995,821,2892,1569,1323,585,346,239,3712,2411,1301,952,560,392,478,321,157,2940,1793,1147,946,568,378
17304,C4920,3,44,District-Muktsar,Rural,0-4,662,373,289,104,59,45,200,115,85,12,7,5,44,27,17,23,10,13,2,0,2,246,140,106,31,15,16
17305,C4920,3,44,District-Muktsar,Rural,5-9,977,572,405,135,79,56,232,130,102,54,29,25,135,89,46,67,41,26,22,15,7,240,132,108,92,57,35
17306,C4920,3,44,District-Muktsar,Rural,10-19,2459,1460,999,265,146,119,470,240,230,156,99,57,482,328,154,259,148,111,60,39,21,532,308,224,235,152,83
17307,C4920,3,44,District-Muktsar,Rural,20-29,2622,1588,1034,235,129,106,449,235,214,102,57,45,930,610,320,204,123,81,100,74,26,475,279,196,127,81,46
17308,C4920,3,44,District-Muktsar,Rural,30-39,2191,1376,815,194,113,81,423,253,170,83,49,34,712,484,228,155,94,61,89,63,26,415,253,162,120,67,53
17309,C4920,3,44,District-Muktsar,Rural,40-49,1649,1024,625,179,94,85,332,180,152,62,40,22,433,275,158,124,76,48,79,55,24,353,240,113,87,64,23
17310,C4920,3,44,District-Muktsar,Rural,50-59,1130,706,424,145,81,64,224,121,103,35,19,16,305,212,93,50,33,17,50,29,21,265,181,84,56,30,26
17311,C4920,3,44,District-Muktsar,Rural,60-69,1343,763,580,257,129,128,263,144,119,44,21,23,369,217,152,42,20,22,52,34,18,250,165,85,66,33,33
17312,C4920,3,44,District-Muktsar,Rural,70-79,763,444,319,188,112,76,170,90,80,20,14,6,182,109,73,19,12,7,14,9,5,107,68,39,63,30,33
17313,C4920,3,44,District-Muktsar,Rural,80-89,357,182,175,77,38,39,82,40,42,12,9,3,88,46,42,5,1,4,6,3,3,37,18,19,50,27,23
17314,C4920,3,44,District-Muktsar,Rural,90+,134,62,72,30,13,17,40,19,21,3,2,1,29,11,18,4,2,2,3,0,3,7,4,3,18,11,7
17315,C4920,3,44,District-Muktsar,Rural,Age Not Stated,34,13,21,7,2,5,7,2,5,2,0,2,3,3,0,0,0,0,1,0,1,13,5,8,1,1,0
17316,C4920,3,44,District-Muktsar,Urban,Total,6150,3530,2620,969,549,420,1543,820,723,151,87,64,1222,772,450,453,265,188,165,110,55,1353,755,598,294,172,122
17317,C4920,3,44,District-Muktsar,Urban,0-4,371,210,161,73,44,29,109,62,47,4,2,2,12,6,6,17,10,7,4,1,3,139,80,59,13,5,8
17318,C4920,3,44,District-Muktsar,Urban,5-9,427,229,198,66,37,29,131,71,60,23,15,8,38,19,19,24,9,15,7,5,2,116,64,52,22,9,13
17319,C4920,3,44,District-Muktsar,Urban,10-19,1098,627,471,174,100,74,275,143,132,36,22,14,155,93,62,104,64,40,16,8,8,268,148,120,70,49,21
17320,C4920,3,44,District-Muktsar,Urban,20-29,1236,706,530,173,105,68,291,161,130,34,19,15,296,180,116,107,60,47,28,20,8,254,131,123,53,30,23
17321,C4920,3,44,District-Muktsar,Urban,30-39,936,544,392,131,75,56,204,98,106,21,12,9,253,160,93,76,49,27,40,26,14,169,95,74,42,29,13
17322,C4920,3,44,District-Muktsar,Urban,40-49,749,441,308,110,58,52,194,107,87,15,7,8,160,107,53,69,45,24,28,24,4,140,81,59,33,12,21
17323,C4920,3,44,District-Muktsar,Urban,50-59,553,341,212,86,45,41,148,85,63,8,6,2,120,87,33,31,16,15,16,12,4,124,76,48,20,14,6
17324,C4920,3,44,District-Muktsar,Urban,60-69,454,261,193,90,46,44,116,61,55,4,2,2,105,70,35,13,8,5,15,9,6,86,50,36,25,15,10
17325,C4920,3,44,District-Muktsar,Urban,70-79,207,123,84,33,24,9,56,27,29,6,2,4,54,39,15,8,4,4,8,5,3,31,16,15,11,6,5
17326,C4920,3,44,District-Muktsar,Urban,80-89,70,32,38,19,9,10,8,4,4,0,0,0,23,10,13,4,0,4,2,0,2,11,7,4,3,2,1
17327,C4920,3,44,District-Muktsar,Urban,90+,28,6,22,8,2,6,10,1,9,0,0,0,6,1,5,0,0,0,1,0,1,1,1,0,2,1,1
17328,C4920,3,44,District-Muktsar,Urban,Age Not Stated,21,10,11,6,4,2,1,0,1,0,0,0,0,0,0,0,0,0,0,0,0,14,6,8,0,0,0
17329,C4920,3,45,District-Faridkot,Total,Total,14212,8396,5816,1608,948,660,2757,1479,1278,523,298,225,3630,2304,1326,941,554,387,454,275,179,3485,2046,1439,814,492,322
17330,C4920,3,45,District-Faridkot,Total,0-4,615,341,274,73,38,35,194,117,77,9,4,5,49,27,22,18,8,10,8,3,5,230,125,105,34,19,15
17331,C4920,3,45,District-Faridkot,Total,5-9,865,478,387,96,55,41,202,104,98,67,36,31,104,68,36,73,41,32,14,10,4,226,127,99,83,37,46
17332,C4920,3,45,District-Faridkot,Total,10-19,2342,1396,946,243,148,95,489,275,214,112,67,45,468,292,176,255,142,113,60,38,22,559,324,235,156,110,46
17333,C4920,3,45,District-Faridkot,Total,20-29,2743,1639,1104,191,120,71,477,254,223,105,62,43,819,520,299,215,134,81,89,53,36,717,406,311,130,90,40
17334,C4920,3,45,District-Faridkot,Total,30-39,2142,1297,845,170,108,62,362,192,170,80,45,35,697,438,259,157,100,57,86,58,28,502,292,210,88,64,24
17335,C4920,3,45,District-Faridkot,Total,40-49,1724,1032,692,170,99,71,326,183,143,54,30,24,446,276,170,101,65,36,88,46,42,475,291,184,64,42,22
17336,C4920,3,45,District-Faridkot,Total,50-59,1260,798,462,154,98,56,231,126,105,39,22,17,359,249,110,51,31,20,49,31,18,324,212,112,53,29,24
17337,C4920,3,45,District-Faridkot,Total,60-69,1288,741,547,230,125,105,233,112,121,33,19,14,370,250,120,49,20,29,35,23,12,258,149,109,80,43,37
17338,C4920,3,45,District-Faridkot,Total,70-79,728,430,298,177,101,76,146,75,71,13,8,5,181,111,70,16,8,8,14,8,6,122,85,37,59,34,25
17339,C4920,3,45,District-Faridkot,Total,80-89,317,154,163,67,34,33,62,26,36,9,4,5,96,52,44,3,3,0,2,2,0,41,19,22,37,14,23
17340,C4920,3,45,District-Faridkot,Total,90+,121,48,73,21,11,10,22,6,16,0,0,0,31,16,15,2,1,1,6,1,5,11,5,6,28,8,20
17341,C4920,3,45,District-Faridkot,Total,Age Not Stated,67,42,25,16,11,5,13,9,4,2,1,1,10,5,5,1,1,0,3,2,1,20,11,9,2,2,0
17342,C4920,3,45,District-Faridkot,Rural,Total,9515,5619,3896,1165,670,495,1529,811,718,321,180,141,2571,1638,933,660,390,270,339,196,143,2389,1421,968,541,313,228
17343,C4920,3,45,District-Faridkot,Rural,0-4,377,207,170,38,21,17,101,59,42,6,3,3,31,17,14,12,4,8,7,3,4,159,88,71,23,12,11
17344,C4920,3,45,District-Faridkot,Rural,5-9,579,327,252,71,40,31,111,64,47,43,21,22,84,56,28,47,24,23,11,9,2,158,91,67,54,22,32
17345,C4920,3,45,District-Faridkot,Rural,10-19,1599,949,650,176,104,72,283,157,126,80,48,32,329,202,127,178,99,79,51,31,20,400,241,159,102,67,35
17346,C4920,3,45,District-Faridkot,Rural,20-29,1727,1041,686,117,70,47,225,114,111,59,37,22,570,368,202,149,96,53,63,34,29,459,260,199,85,62,23
17347,C4920,3,45,District-Faridkot,Rural,30-39,1427,858,569,107,69,38,208,111,97,42,24,18,498,319,179,113,71,42,61,37,24,342,191,151,56,36,20
17348,C4920,3,45,District-Faridkot,Rural,40-49,1146,702,444,131,79,52,170,97,73,30,13,17,307,194,113,72,47,25,66,33,33,329,210,119,41,29,12
17349,C4920,3,45,District-Faridkot,Rural,50-59,805,506,299,112,68,44,113,59,54,23,13,10,238,165,73,38,24,14,33,22,11,214,139,75,34,16,18
17350,C4920,3,45,District-Faridkot,Rural,60-69,947,538,409,183,92,91,153,71,82,22,12,10,279,183,96,36,15,21,30,19,11,193,120,73,51,26,25
17351,C4920,3,45,District-Faridkot,Rural,70-79,538,318,220,149,84,65,100,52,48,8,5,3,129,79,50,9,5,4,10,6,4,89,62,27,44,25,19
17352,C4920,3,45,District-Faridkot,Rural,80-89,245,117,128,53,29,24,48,20,28,6,3,3,77,41,36,3,3,0,1,1,0,28,11,17,29,9,20
17353,C4920,3,45,District-Faridkot,Rural,90+,91,34,57,20,10,10,14,4,10,0,0,0,23,11,12,2,1,1,5,0,5,7,1,6,20,7,13
17354,C4920,3,45,District-Faridkot,Rural,Age Not Stated,34,22,12,8,4,4,3,3,0,2,1,1,6,3,3,1,1,0,1,1,0,11,7,4,2,2,0
17355,C4920,3,45,District-Faridkot,Urban,Total,4697,2777,1920,443,278,165,1228,668,560,202,118,84,1059,666,393,281,164,117,115,79,36,1096,625,471,273,179,94
17356,C4920,3,45,District-Faridkot,Urban,0-4,238,134,104,35,17,18,93,58,35,3,1,2,18,10,8,6,4,2,1,0,1,71,37,34,11,7,4
17357,C4920,3,45,District-Faridkot,Urban,5-9,286,151,135,25,15,10,91,40,51,24,15,9,20,12,8,26,17,9,3,1,2,68,36,32,29,15,14
17358,C4920,3,45,District-Faridkot,Urban,10-19,743,447,296,67,44,23,206,118,88,32,19,13,139,90,49,77,43,34,9,7,2,159,83,76,54,43,11
17359,C4920,3,45,District-Faridkot,Urban,20-29,1016,598,418,74,50,24,252,140,112,46,25,21,249,152,97,66,38,28,26,19,7,258,146,112,45,28,17
17360,C4920,3,45,District-Faridkot,Urban,30-39,715,439,276,63,39,24,154,81,73,38,21,17,199,119,80,44,29,15,25,21,4,160,101,59,32,28,4
17361,C4920,3,45,District-Faridkot,Urban,40-49,578,330,248,39,20,19,156,86,70,24,17,7,139,82,57,29,18,11,22,13,9,146,81,65,23,13,10
17362,C4920,3,45,District-Faridkot,Urban,50-59,455,292,163,42,30,12,118,67,51,16,9,7,121,84,37,13,7,6,16,9,7,110,73,37,19,13,6
17363,C4920,3,45,District-Faridkot,Urban,60-69,341,203,138,47,33,14,80,41,39,11,7,4,91,67,24,13,5,8,5,4,1,65,29,36,29,17,12
17364,C4920,3,45,District-Faridkot,Urban,70-79,190,112,78,28,17,11,46,23,23,5,3,2,52,32,20,7,3,4,4,2,2,33,23,10,15,9,6
17365,C4920,3,45,District-Faridkot,Urban,80-89,72,37,35,14,5,9,14,6,8,3,1,2,19,11,8,0,0,0,1,1,0,13,8,5,8,5,3
17366,C4920,3,45,District-Faridkot,Urban,90+,30,14,16,1,1,0,8,2,6,0,0,0,8,5,3,0,0,0,1,1,0,4,4,0,8,1,7
17367,C4920,3,45,District-Faridkot,Urban,Age Not Stated,33,20,13,8,7,1,10,6,4,0,0,0,4,2,2,0,0,0,2,1,1,9,4,5,0,0,0
17368,C4920,3,46,District-Bathinda,Total,Total,32561,19014,13547,4137,2268,1869,7443,3972,3471,1209,717,492,6502,4133,2369,2076,1267,809,1009,662,347,8258,4857,3401,1927,1138,789
17369,C4920,3,46,District-Bathinda,Total,0-4,1409,770,639,181,101,80,464,251,213,24,16,8,105,63,42,62,37,25,13,9,4,482,250,232,78,43,35
17370,C4920,3,46,District-Bathinda,Total,5-9,2004,1152,852,215,121,94,485,271,214,157,98,59,218,135,83,156,91,65,35,21,14,560,310,250,178,105,73
17371,C4920,3,46,District-Bathinda,Total,10-19,5305,3176,2129,575,337,238,1289,729,560,302,191,111,726,475,251,501,311,190,125,74,51,1335,777,558,452,282,170
17372,C4920,3,46,District-Bathinda,Total,20-29,5806,3397,2409,502,289,213,1360,685,675,192,115,77,1373,883,490,415,260,155,164,126,38,1504,858,646,296,181,115
17373,C4920,3,46,District-Bathinda,Total,30-39,4831,2925,1906,394,230,164,1026,567,459,181,95,86,1271,808,463,353,206,147,171,119,52,1259,789,470,176,111,65
17374,C4920,3,46,District-Bathinda,Total,40-49,3993,2400,1593,459,268,191,856,450,406,137,85,52,842,558,284,281,179,102,178,118,60,1084,651,433,156,91,65
17375,C4920,3,46,District-Bathinda,Total,50-59,2962,1760,1202,415,227,188,634,344,290,86,55,31,630,397,233,132,82,50,127,75,52,800,489,311,138,91,47
17376,C4920,3,46,District-Bathinda,Total,60-69,3206,1823,1383,657,339,318,628,333,295,71,33,38,714,455,259,100,56,44,106,67,39,759,458,301,171,82,89
17377,C4920,3,46,District-Bathinda,Total,70-79,1848,1038,810,452,226,226,385,191,194,42,22,20,411,257,154,50,36,14,58,34,24,309,190,119,141,82,59
17378,C4920,3,46,District-Bathinda,Total,80-89,874,418,456,219,102,117,225,101,124,11,3,8,161,79,82,21,8,13,26,14,12,120,63,57,91,48,43
17379,C4920,3,46,District-Bathinda,Total,90+,305,144,161,66,27,39,84,46,38,6,4,2,49,21,28,5,1,4,6,5,1,39,18,21,50,22,28
17380,C4920,3,46,District-Bathinda,Total,Age Not Stated,18,11,7,2,1,1,7,4,3,0,0,0,2,2,0,0,0,0,0,0,0,7,4,3,0,0,0
17381,C4920,3,46,District-Bathinda,Rural,Total,21314,12557,8757,2675,1442,1233,4275,2277,1998,852,508,344,4583,2969,1614,1424,871,553,705,471,234,5443,3228,2215,1357,791,566
17382,C4920,3,46,District-Bathinda,Rural,0-4,847,464,383,102,54,48,250,134,116,19,13,6,81,52,29,34,23,11,8,6,2,297,150,147,56,32,24
17383,C4920,3,46,District-Bathinda,Rural,5-9,1259,734,525,122,68,54,254,146,108,121,70,51,150,90,60,112,66,46,20,14,6,349,198,151,131,82,49
17384,C4920,3,46,District-Bathinda,Rural,10-19,3342,2003,1339,347,196,151,675,387,288,211,135,76,516,337,179,335,204,131,84,51,33,861,497,364,313,196,117
17385,C4920,3,46,District-Bathinda,Rural,20-29,3613,2175,1438,285,168,117,721,364,357,128,75,53,978,660,318,280,172,108,106,80,26,901,527,374,214,129,85
17386,C4920,3,46,District-Bathinda,Rural,30-39,3133,1922,1211,224,134,90,546,287,259,125,70,55,920,602,318,248,145,103,124,91,33,821,517,304,125,76,49
17387,C4920,3,46,District-Bathinda,Rural,40-49,2588,1568,1020,287,160,127,493,271,222,99,58,41,569,378,191,191,124,67,123,80,43,725,443,282,101,54,47
17388,C4920,3,46,District-Bathinda,Rural,50-59,1899,1128,771,264,137,127,362,197,165,61,39,22,409,261,148,90,58,32,96,57,39,543,330,213,74,49,25
17389,C4920,3,46,District-Bathinda,Rural,60-69,2309,1319,990,463,246,217,432,227,205,46,24,22,493,310,183,82,47,35,78,51,27,586,354,232,129,60,69
17390,C4920,3,46,District-Bathinda,Rural,70-79,1400,796,604,354,176,178,304,152,152,28,18,10,306,196,110,35,24,11,41,26,15,232,147,85,100,57,43
17391,C4920,3,46,District-Bathinda,Rural,80-89,675,328,347,179,84,95,172,75,97,9,2,7,116,63,53,14,7,7,19,10,9,92,49,43,74,38,36
17392,C4920,3,46,District-Bathinda,Rural,90+,239,113,126,47,18,29,63,35,28,5,4,1,43,18,25,3,1,2,6,5,1,32,14,18,40,18,22
17393,C4920,3,46,District-Bathinda,Rural,Age Not Stated,10,7,3,1,1,0,3,2,1,0,0,0,2,2,0,0,0,0,0,0,0,4,2,2,0,0,0
17394,C4920,3,46,District-Bathinda,Urban,Total,11247,6457,4790,1462,826,636,3168,1695,1473,357,209,148,1919,1164,755,652,396,256,304,191,113,2815,1629,1186,570,347,223
17395,C4920,3,46,District-Bathinda,Urban,0-4,562,306,256,79,47,32,214,117,97,5,3,2,24,11,13,28,14,14,5,3,2,185,100,85,22,11,11
17396,C4920,3,46,District-Bathinda,Urban,5-9,745,418,327,93,53,40,231,125,106,36,28,8,68,45,23,44,25,19,15,7,8,211,112,99,47,23,24
17397,C4920,3,46,District-Bathinda,Urban,10-19,1963,1173,790,228,141,87,614,342,272,91,56,35,210,138,72,166,107,59,41,23,18,474,280,194,139,86,53
17398,C4920,3,46,District-Bathinda,Urban,20-29,2193,1222,971,217,121,96,639,321,318,64,40,24,395,223,172,135,88,47,58,46,12,603,331,272,82,52,30
17399,C4920,3,46,District-Bathinda,Urban,30-39,1698,1003,695,170,96,74,480,280,200,56,25,31,351,206,145,105,61,44,47,28,19,438,272,166,51,35,16
17400,C4920,3,46,District-Bathinda,Urban,40-49,1405,832,573,172,108,64,363,179,184,38,27,11,273,180,93,90,55,35,55,38,17,359,208,151,55,37,18
17401,C4920,3,46,District-Bathinda,Urban,50-59,1063,632,431,151,90,61,272,147,125,25,16,9,221,136,85,42,24,18,31,18,13,257,159,98,64,42,22
17402,C4920,3,46,District-Bathinda,Urban,60-69,897,504,393,194,93,101,196,106,90,25,9,16,221,145,76,18,9,9,28,16,12,173,104,69,42,22,20
17403,C4920,3,46,District-Bathinda,Urban,70-79,448,242,206,98,50,48,81,39,42,14,4,10,105,61,44,15,12,3,17,8,9,77,43,34,41,25,16
17404,C4920,3,46,District-Bathinda,Urban,80-89,199,90,109,40,18,22,53,26,27,2,1,1,45,16,29,7,1,6,7,4,3,28,14,14,17,10,7
17405,C4920,3,46,District-Bathinda,Urban,90+,66,31,35,19,9,10,21,11,10,1,0,1,6,3,3,2,0,2,0,0,0,7,4,3,10,4,6
17406,C4920,3,46,District-Bathinda,Urban,Age Not Stated,8,4,4,1,0,1,4,2,2,0,0,0,0,0,0,0,0,0,0,0,0,3,2,1,0,0,0
17407,C4920,3,47,District-Mansa,Total,Total,25140,14610,10530,3655,1885,1770,4866,2648,2218,958,577,381,5546,3485,2061,1402,860,542,747,461,286,6494,3841,2653,1472,853,619
17408,C4920,3,47,District-Mansa,Total,0-4,994,555,439,166,81,85,274,153,121,21,12,9,80,46,34,39,24,15,12,7,5,350,197,153,52,35,17
17409,C4920,3,47,District-Mansa,Total,5-9,1501,883,618,215,123,92,308,180,128,124,76,48,164,85,79,104,62,42,29,20,9,427,253,174,130,84,46
17410,C4920,3,47,District-Mansa,Total,10-19,3978,2365,1613,518,279,239,808,452,356,229,157,72,677,432,245,357,210,147,74,47,27,1043,611,432,272,177,95
17411,C4920,3,47,District-Mansa,Total,20-29,4186,2535,1651,397,204,193,735,394,341,175,104,71,1108,735,373,292,195,97,111,81,30,1155,686,469,213,136,77
17412,C4920,3,47,District-Mansa,Total,30-39,3635,2170,1465,351,183,168,628,357,271,115,65,50,1096,687,409,253,158,95,121,71,50,941,553,388,130,96,34
17413,C4920,3,47,District-Mansa,Total,40-49,3044,1814,1230,353,182,171,537,298,239,119,65,54,753,473,280,161,104,57,136,85,51,864,532,332,121,75,46
17414,C4920,3,47,District-Mansa,Total,50-59,2072,1226,846,289,153,136,362,193,169,61,38,23,490,332,158,84,46,38,89,55,34,602,362,240,95,47,48
17415,C4920,3,47,District-Mansa,Total,60-69,2887,1593,1294,633,316,317,554,289,265,58,25,33,636,383,253,64,35,29,103,60,43,684,414,270,155,71,84
17416,C4920,3,47,District-Mansa,Total,70-79,1603,911,692,428,237,191,348,196,152,35,22,13,320,195,125,32,19,13,43,23,20,253,148,105,144,71,73
17417,C4920,3,47,District-Mansa,Total,80-89,823,386,437,225,99,126,198,92,106,15,10,5,156,84,72,8,3,5,20,7,13,102,53,49,99,38,61
17418,C4920,3,47,District-Mansa,Total,90+,314,119,195,65,19,46,80,27,53,5,2,3,47,22,25,3,0,3,9,5,4,47,24,23,58,20,38
17419,C4920,3,47,District-Mansa,Total,Age Not Stated,103,53,50,15,9,6,34,17,17,1,1,0,19,11,8,5,4,1,0,0,0,26,8,18,3,3,0
17420,C4920,3,47,District-Mansa,Rural,Total,20160,11800,8360,2911,1478,1433,3599,1972,1627,743,450,293,4642,2954,1688,1083,663,420,627,386,241,5298,3172,2126,1257,725,532
17421,C4920,3,47,District-Mansa,Rural,0-4,747,410,337,130,60,70,182,100,82,16,9,7,62,36,26,26,17,9,12,7,5,278,155,123,41,26,15
17422,C4920,3,47,District-Mansa,Rural,5-9,1171,696,475,153,88,65,218,130,88,103,62,41,139,73,66,75,45,30,25,18,7,346,207,139,112,73,39
17423,C4920,3,47,District-Mansa,Rural,10-19,3170,1886,1284,407,217,190,596,330,266,184,123,61,566,365,201,284,169,115,65,43,22,841,494,347,227,145,82
17424,C4920,3,47,District-Mansa,Rural,20-29,3268,2013,1255,281,147,134,519,290,229,129,79,50,936,628,308,226,146,80,88,61,27,912,551,361,177,111,66
17425,C4920,3,47,District-Mansa,Rural,30-39,2846,1733,1113,264,142,122,426,248,178,87,49,38,924,591,333,194,118,76,93,55,38,753,450,303,105,80,25
17426,C4920,3,47,District-Mansa,Rural,40-49,2385,1446,939,263,133,130,388,217,171,89,53,36,600,380,220,127,84,43,113,69,44,701,445,256,104,65,39
17427,C4920,3,47,District-Mansa,Rural,50-59,1661,992,669,232,121,111,268,147,121,42,25,17,397,271,126,61,34,27,74,47,27,506,306,200,81,41,40
17428,C4920,3,47,District-Mansa,Rural,60-69,2433,1352,1081,541,264,277,443,232,211,46,20,26,534,327,207,56,32,24,91,56,35,589,358,231,133,63,70
17429,C4920,3,47,District-Mansa,Rural,70-79,1395,789,606,373,198,175,291,165,126,30,19,11,284,176,108,23,15,8,41,21,20,222,130,92,131,65,66
17430,C4920,3,47,District-Mansa,Rural,80-89,732,339,393,196,84,112,178,81,97,12,8,4,143,77,66,5,1,4,17,5,12,91,48,43,90,35,55
17431,C4920,3,47,District-Mansa,Rural,90+,283,109,174,60,18,42,71,23,48,4,2,2,43,21,22,3,0,3,8,4,4,39,21,18,55,20,35
17432,C4920,3,47,District-Mansa,Rural,Age Not Stated,69,35,34,11,6,5,19,9,10,1,1,0,14,9,5,3,2,1,0,0,0,20,7,13,1,1,0
17433,C4920,3,47,District-Mansa,Urban,Total,4980,2810,2170,744,407,337,1267,676,591,215,127,88,904,531,373,319,197,122,120,75,45,1196,669,527,215,128,87
17434,C4920,3,47,District-Mansa,Urban,0-4,247,145,102,36,21,15,92,53,39,5,3,2,18,10,8,13,7,6,0,0,0,72,42,30,11,9,2
17435,C4920,3,47,District-Mansa,Urban,5-9,330,187,143,62,35,27,90,50,40,21,14,7,25,12,13,29,17,12,4,2,2,81,46,35,18,11,7
17436,C4920,3,47,District-Mansa,Urban,10-19,808,479,329,111,62,49,212,122,90,45,34,11,111,67,44,73,41,32,9,4,5,202,117,85,45,32,13
17437,C4920,3,47,District-Mansa,Urban,20-29,918,522,396,116,57,59,216,104,112,46,25,21,172,107,65,66,49,17,23,20,3,243,135,108,36,25,11
17438,C4920,3,47,District-Mansa,Urban,30-39,789,437,352,87,41,46,202,109,93,28,16,12,172,96,76,59,40,19,28,16,12,188,103,85,25,16,9
17439,C4920,3,47,District-Mansa,Urban,40-49,659,368,291,90,49,41,149,81,68,30,12,18,153,93,60,34,20,14,23,16,7,163,87,76,17,10,7
17440,C4920,3,47,District-Mansa,Urban,50-59,411,234,177,57,32,25,94,46,48,19,13,6,93,61,32,23,12,11,15,8,7,96,56,40,14,6,8
17441,C4920,3,47,District-Mansa,Urban,60-69,454,241,213,92,52,40,111,57,54,12,5,7,102,56,46,8,3,5,12,4,8,95,56,39,22,8,14
17442,C4920,3,47,District-Mansa,Urban,70-79,208,122,86,55,39,16,57,31,26,5,3,2,36,19,17,9,4,5,2,2,0,31,18,13,13,6,7
17443,C4920,3,47,District-Mansa,Urban,80-89,91,47,44,29,15,14,20,11,9,3,2,1,13,7,6,3,2,1,3,2,1,11,5,6,9,3,6
17444,C4920,3,47,District-Mansa,Urban,90+,31,10,21,5,1,4,9,4,5,1,0,1,4,1,3,0,0,0,1,1,0,8,3,5,3,0,3
17445,C4920,3,47,District-Mansa,Urban,Age Not Stated,34,18,16,4,3,1,15,8,7,0,0,0,5,2,3,2,2,0,0,0,0,6,1,5,2,2,0
17446,C4920,3,48,District-Patiala,Total,Total,43938,25569,18369,4891,2662,2229,9051,4742,4309,1704,968,736,9880,6061,3819,3287,2045,1242,1841,1099,742,10331,6222,4109,2953,1770,1183
17447,C4920,3,48,District-Patiala,Total,0-4,1684,900,784,186,101,85,572,279,293,26,14,12,130,86,44,93,50,43,11,7,4,576,312,264,90,51,39
17448,C4920,3,48,District-Patiala,Total,5-9,2478,1444,1034,246,146,100,620,315,305,173,97,76,231,147,84,247,151,96,53,39,14,604,346,258,304,203,101
17449,C4920,3,48,District-Patiala,Total,10-19,6409,3784,2625,561,326,235,1477,792,685,383,226,157,831,518,313,811,518,293,200,127,73,1595,924,671,551,353,198
17450,C4920,3,48,District-Patiala,Total,20-29,7802,4589,3213,572,308,264,1552,816,736,293,160,133,2006,1242,764,708,467,241,282,190,92,1959,1132,827,430,274,156
17451,C4920,3,48,District-Patiala,Total,30-39,6804,4125,2679,467,284,183,1270,689,581,284,150,134,1947,1227,720,596,382,214,361,219,142,1572,994,578,307,180,127
17452,C4920,3,48,District-Patiala,Total,40-49,5609,3437,2172,476,285,191,1111,592,519,201,128,73,1326,871,455,401,231,170,349,201,148,1468,948,520,277,181,96
17453,C4920,3,48,District-Patiala,Total,50-59,4007,2351,1656,498,263,235,730,381,349,136,76,60,1028,644,384,225,138,87,232,130,102,977,615,362,181,104,77
17454,C4920,3,48,District-Patiala,Total,60-69,4530,2483,2047,843,424,419,748,361,387,125,68,57,1247,715,532,135,72,63,189,99,90,960,579,381,283,165,118
17455,C4920,3,48,District-Patiala,Total,70-79,2777,1518,1259,634,320,314,550,296,254,51,33,18,730,404,326,47,26,21,98,50,48,422,260,162,245,129,116
17456,C4920,3,48,District-Patiala,Total,80-89,1317,700,617,306,159,147,293,154,139,21,9,12,311,172,139,16,6,10,49,28,21,144,87,57,177,85,92
17457,C4920,3,48,District-Patiala,Total,90+,483,214,269,98,44,54,122,63,59,6,5,1,87,30,57,8,4,4,15,8,7,46,20,26,101,40,61
17458,C4920,3,48,District-Patiala,Total,Age Not Stated,38,24,14,4,2,2,6,4,2,5,2,3,6,5,1,0,0,0,2,1,1,8,5,3,7,5,2
17459,C4920,3,48,District-Patiala,Rural,Total,28443,16831,11612,3610,1935,1675,4920,2632,2288,1069,603,466,7143,4454,2689,2052,1288,764,1261,764,497,6384,3956,2428,2004,1199,805
17460,C4920,3,48,District-Patiala,Rural,0-4,1036,565,471,121,67,54,322,158,164,18,8,10,100,71,29,58,29,29,6,4,2,343,188,155,68,40,28
17461,C4920,3,48,District-Patiala,Rural,5-9,1620,974,646,162,97,65,347,180,167,125,73,52,180,117,63,185,115,70,42,31,11,365,219,146,214,142,72
17462,C4920,3,48,District-Patiala,Rural,10-19,4073,2416,1657,369,204,165,792,441,351,253,148,105,620,380,240,550,350,200,137,88,49,966,557,409,386,248,138
17463,C4920,3,48,District-Patiala,Rural,20-29,4777,2918,1859,351,203,148,758,398,360,177,97,80,1512,964,548,436,289,147,188,131,57,1067,644,423,288,192,96
17464,C4920,3,48,District-Patiala,Rural,30-39,4313,2684,1629,300,184,116,625,345,280,168,84,84,1407,910,497,353,229,124,251,152,99,1031,675,356,178,105,73
17465,C4920,3,48,District-Patiala,Rural,40-49,3468,2208,1260,333,203,130,545,306,239,116,74,42,922,614,308,226,136,90,231,130,101,922,624,298,173,121,52
17466,C4920,3,48,District-Patiala,Rural,50-59,2441,1448,993,369,185,184,364,204,160,78,44,34,680,425,255,118,77,41,147,85,62,588,375,213,97,53,44
17467,C4920,3,48,District-Patiala,Rural,60-69,3250,1755,1495,702,339,363,498,240,258,79,41,38,900,508,392,78,39,39,135,72,63,676,415,261,182,101,81
17468,C4920,3,48,District-Patiala,Rural,70-79,2048,1136,912,540,267,273,376,214,162,36,22,14,508,300,208,31,16,15,78,41,37,288,179,109,191,97,94
17469,C4920,3,48,District-Patiala,Rural,80-89,1015,545,470,275,146,129,207,105,102,11,6,5,238,135,103,12,5,7,34,23,11,99,61,38,139,64,75
17470,C4920,3,48,District-Patiala,Rural,90+,384,168,216,84,38,46,85,40,45,5,4,1,71,25,46,5,3,2,12,7,5,34,15,19,88,36,52
17471,C4920,3,48,District-Patiala,Rural,Age Not Stated,18,14,4,4,2,2,1,1,0,3,2,1,5,5,0,0,0,0,0,0,0,5,4,1,0,0,0
17472,C4920,3,48,District-Patiala,Urban,Total,15495,8738,6757,1281,727,554,4131,2110,2021,635,365,270,2737,1607,1130,1235,757,478,580,335,245,3947,2266,1681,949,571,378
17473,C4920,3,48,District-Patiala,Urban,0-4,648,335,313,65,34,31,250,121,129,8,6,2,30,15,15,35,21,14,5,3,2,233,124,109,22,11,11
17474,C4920,3,48,District-Patiala,Urban,5-9,858,470,388,84,49,35,273,135,138,48,24,24,51,30,21,62,36,26,11,8,3,239,127,112,90,61,29
17475,C4920,3,48,District-Patiala,Urban,10-19,2336,1368,968,192,122,70,685,351,334,130,78,52,211,138,73,261,168,93,63,39,24,629,367,262,165,105,60
17476,C4920,3,48,District-Patiala,Urban,20-29,3025,1671,1354,221,105,116,794,418,376,116,63,53,494,278,216,272,178,94,94,59,35,892,488,404,142,82,60
17477,C4920,3,48,District-Patiala,Urban,30-39,2491,1441,1050,167,100,67,645,344,301,116,66,50,540,317,223,243,153,90,110,67,43,541,319,222,129,75,54
17478,C4920,3,48,District-Patiala,Urban,40-49,2141,1229,912,143,82,61,566,286,280,85,54,31,404,257,147,175,95,80,118,71,47,546,324,222,104,60,44
17479,C4920,3,48,District-Patiala,Urban,50-59,1566,903,663,129,78,51,366,177,189,58,32,26,348,219,129,107,61,46,85,45,40,389,240,149,84,51,33
17480,C4920,3,48,District-Patiala,Urban,60-69,1280,728,552,141,85,56,250,121,129,46,27,19,347,207,140,57,33,24,54,27,27,284,164,120,101,64,37
17481,C4920,3,48,District-Patiala,Urban,70-79,729,382,347,94,53,41,174,82,92,15,11,4,222,104,118,16,10,6,20,9,11,134,81,53,54,32,22
17482,C4920,3,48,District-Patiala,Urban,80-89,302,155,147,31,13,18,86,49,37,10,3,7,73,37,36,4,1,3,15,5,10,45,26,19,38,21,17
17483,C4920,3,48,District-Patiala,Urban,90+,99,46,53,14,6,8,37,23,14,1,1,0,16,5,11,3,1,2,3,1,2,12,5,7,13,4,9
17484,C4920,3,48,District-Patiala,Urban,Age Not Stated,20,10,10,0,0,0,5,3,2,2,0,2,1,0,1,0,0,0,2,1,1,3,1,2,7,5,2
17485,C4920,3,49,District-Amritsar ,Total,Total,59054,34054,25000,7240,4006,3234,16494,8907,7587,1941,1132,809,9706,6018,3688,4483,2749,1734,1829,1159,670,14677,8381,6296,2684,1702,982
17486,C4920,3,49,District-Amritsar ,Total,0-4,2809,1548,1261,428,244,184,1092,575,517,29,20,9,115,63,52,142,85,57,30,23,7,879,482,397,94,56,38
17487,C4920,3,49,District-Amritsar ,Total,5-9,3861,2236,1625,500,290,210,1228,662,566,213,135,78,259,169,90,304,185,119,61,38,23,1020,561,459,276,196,80
17488,C4920,3,49,District-Amritsar ,Total,10-19,9992,5922,4070,1178,664,514,2853,1634,1219,446,256,190,1158,726,432,1074,651,423,256,171,85,2430,1429,1001,597,391,206
17489,C4920,3,49,District-Amritsar ,Total,20-29,11360,6535,4825,1003,555,448,3031,1636,1395,359,218,141,2401,1462,939,960,597,363,338,224,114,2803,1553,1250,465,290,175
17490,C4920,3,49,District-Amritsar ,Total,30-39,9147,5225,3922,849,471,378,2453,1293,1160,272,147,125,1982,1227,755,722,440,282,323,191,132,2218,1255,963,328,201,127
17491,C4920,3,49,District-Amritsar ,Total,40-49,7306,4260,3046,823,456,367,1943,1062,881,242,132,110,1129,732,397,589,364,225,343,219,124,1984,1133,851,253,162,91
17492,C4920,3,49,District-Amritsar ,Total,50-59,5179,3006,2173,664,353,311,1439,736,703,147,83,64,825,550,275,338,208,130,182,110,72,1404,847,557,180,119,61
17493,C4920,3,49,District-Amritsar ,Total,60-69,4892,2796,2096,888,478,410,1273,673,600,130,79,51,931,582,349,205,132,73,160,106,54,1116,629,487,189,117,72
17494,C4920,3,49,District-Amritsar ,Total,70-79,2778,1589,1189,575,313,262,699,370,329,72,44,28,539,321,218,94,53,41,90,59,31,558,339,219,151,90,61
17495,C4920,3,49,District-Amritsar ,Total,80-89,1242,691,551,243,141,102,349,199,150,25,15,10,272,134,138,35,23,12,32,14,18,190,113,77,96,52,44
17496,C4920,3,49,District-Amritsar ,Total,90+,435,221,214,84,40,44,121,61,60,6,3,3,86,44,42,11,7,4,12,4,8,61,34,27,54,28,26
17497,C4920,3,49,District-Amritsar ,Total,Age Not Stated,53,25,28,5,1,4,13,6,7,0,0,0,9,8,1,9,4,5,2,0,2,14,6,8,1,0,1
17498,C4920,3,49,District-Amritsar ,Rural,Total,27639,16121,11518,3832,2095,1737,6096,3310,2786,1042,590,452,5645,3525,2120,2141,1308,833,886,554,332,6579,3844,2735,1418,895,523
17499,C4920,3,49,District-Amritsar ,Rural,0-4,1254,705,549,227,134,93,406,224,182,13,10,3,74,37,37,69,42,27,17,13,4,392,210,182,56,35,21
17500,C4920,3,49,District-Amritsar ,Rural,5-9,1905,1103,802,280,161,119,501,274,227,131,78,53,140,86,54,179,109,70,30,16,14,481,261,220,163,118,45
17501,C4920,3,49,District-Amritsar ,Rural,10-19,4888,2904,1984,581,319,262,1131,648,483,259,149,110,730,461,269,594,355,239,133,88,45,1122,656,466,338,228,110
17502,C4920,3,49,District-Amritsar ,Rural,20-29,5224,3061,2163,482,266,216,1035,572,463,197,118,79,1519,937,582,409,254,155,154,100,54,1198,670,528,230,144,86
17503,C4920,3,49,District-Amritsar ,Rural,30-39,4176,2485,1691,391,219,172,812,437,375,123,60,63,1185,744,441,334,217,117,146,96,50,1030,618,412,155,94,61
17504,C4920,3,49,District-Amritsar ,Rural,40-49,3265,1956,1309,402,218,184,668,348,320,124,69,55,623,420,203,266,163,103,169,111,58,900,557,343,113,70,43
17505,C4920,3,49,District-Amritsar ,Rural,50-59,2112,1258,854,332,183,149,460,243,217,70,34,36,409,270,139,131,80,51,83,45,38,550,355,195,77,48,29
17506,C4920,3,49,District-Amritsar ,Rural,60-69,2378,1300,1078,536,273,263,532,267,265,66,42,24,473,288,185,87,46,41,76,44,32,505,278,227,103,62,41
17507,C4920,3,49,District-Amritsar ,Rural,70-79,1440,819,621,378,202,176,301,159,142,39,21,18,291,180,111,40,21,19,50,31,19,259,161,98,82,44,38
17508,C4920,3,49,District-Amritsar ,Rural,80-89,707,389,318,159,90,69,180,105,75,17,8,9,147,73,74,19,12,7,20,9,11,100,57,43,65,35,30
17509,C4920,3,49,District-Amritsar ,Rural,90+,262,127,135,61,29,32,66,31,35,3,1,2,49,25,24,8,6,2,6,1,5,34,17,17,35,17,18
17510,C4920,3,49,District-Amritsar ,Rural,Age Not Stated,28,14,14,3,1,2,4,2,2,0,0,0,5,4,1,5,3,2,2,0,2,8,4,4,1,0,1
17511,C4920,3,49,District-Amritsar ,Urban,Total,31415,17933,13482,3408,1911,1497,10398,5597,4801,899,542,357,4061,2493,1568,2342,1441,901,943,605,338,8098,4537,3561,1266,807,459
17512,C4920,3,49,District-Amritsar ,Urban,0-4,1555,843,712,201,110,91,686,351,335,16,10,6,41,26,15,73,43,30,13,10,3,487,272,215,38,21,17
17513,C4920,3,49,District-Amritsar ,Urban,5-9,1956,1133,823,220,129,91,727,388,339,82,57,25,119,83,36,125,76,49,31,22,9,539,300,239,113,78,35
17514,C4920,3,49,District-Amritsar ,Urban,10-19,5104,3018,2086,597,345,252,1722,986,736,187,107,80,428,265,163,480,296,184,123,83,40,1308,773,535,259,163,96
17515,C4920,3,49,District-Amritsar ,Urban,20-29,6136,3474,2662,521,289,232,1996,1064,932,162,100,62,882,525,357,551,343,208,184,124,60,1605,883,722,235,146,89
17516,C4920,3,49,District-Amritsar ,Urban,30-39,4971,2740,2231,458,252,206,1641,856,785,149,87,62,797,483,314,388,223,165,177,95,82,1188,637,551,173,107,66
17517,C4920,3,49,District-Amritsar ,Urban,40-49,4041,2304,1737,421,238,183,1275,714,561,118,63,55,506,312,194,323,201,122,174,108,66,1084,576,508,140,92,48
17518,C4920,3,49,District-Amritsar ,Urban,50-59,3067,1748,1319,332,170,162,979,493,486,77,49,28,416,280,136,207,128,79,99,65,34,854,492,362,103,71,32
17519,C4920,3,49,District-Amritsar ,Urban,60-69,2514,1496,1018,352,205,147,741,406,335,64,37,27,458,294,164,118,86,32,84,62,22,611,351,260,86,55,31
17520,C4920,3,49,District-Amritsar ,Urban,70-79,1338,770,568,197,111,86,398,211,187,33,23,10,248,141,107,54,32,22,40,28,12,299,178,121,69,46,23
17521,C4920,3,49,District-Amritsar ,Urban,80-89,535,302,233,84,51,33,169,94,75,8,7,1,125,61,64,16,11,5,12,5,7,90,56,34,31,17,14
17522,C4920,3,49,District-Amritsar ,Urban,90+,173,94,79,23,11,12,55,30,25,3,2,1,37,19,18,3,1,2,6,3,3,27,17,10,19,11,8
17523,C4920,3,49,District-Amritsar ,Urban,Age Not Stated,25,11,14,2,0,2,9,4,5,0,0,0,4,4,0,4,1,3,0,0,0,6,2,4,0,0,0
17524,C4920,3,50,District-Tarn Taran,Total,Total,30277,17527,12750,3552,2009,1543,7027,3844,3183,935,530,405,5546,3492,2054,1782,1085,697,687,437,250,9502,5355,4147,1246,775,471
17525,C4920,3,50,District-Tarn Taran,Total,0-4,1591,895,696,233,141,92,470,258,212,16,11,5,81,45,36,54,34,20,13,9,4,647,349,298,77,48,29
17526,C4920,3,50,District-Tarn Taran,Total,5-9,2345,1320,1025,310,166,144,594,331,263,102,59,43,159,89,70,145,82,63,37,27,10,867,479,388,131,87,44
17527,C4920,3,50,District-Tarn Taran,Total,10-19,5827,3417,2410,649,380,269,1345,749,596,246,148,98,820,503,317,478,284,194,114,74,40,1863,1066,797,312,213,99
17528,C4920,3,50,District-Tarn Taran,Total,20-29,5518,3213,2305,544,307,237,1160,623,537,169,93,76,1472,927,545,365,231,134,131,87,44,1482,823,659,195,122,73
17529,C4920,3,50,District-Tarn Taran,Total,30-39,4708,2708,2000,377,191,186,1076,625,451,132,62,70,1128,710,418,261,168,93,121,76,45,1485,804,681,128,72,56
17530,C4920,3,50,District-Tarn Taran,Total,40-49,3538,2153,1385,356,223,133,810,459,351,110,68,42,589,400,189,220,138,82,97,63,34,1256,735,521,100,67,33
17531,C4920,3,50,District-Tarn Taran,Total,50-59,2221,1346,875,261,152,109,500,282,218,49,33,16,380,269,111,117,71,46,71,39,32,773,452,321,70,48,22
17532,C4920,3,50,District-Tarn Taran,Total,60-69,2221,1242,979,348,195,153,513,246,267,67,36,31,444,277,167,84,43,41,56,34,22,636,370,266,73,41,32
17533,C4920,3,50,District-Tarn Taran,Total,70-79,1326,743,583,276,150,126,301,164,137,26,12,14,278,167,111,40,25,15,28,16,12,308,176,132,69,33,36
17534,C4920,3,50,District-Tarn Taran,Total,80-89,628,315,313,140,75,65,158,66,92,12,5,7,140,77,63,12,5,7,10,7,3,105,53,52,51,27,24
17535,C4920,3,50,District-Tarn Taran,Total,90+,262,125,137,43,19,24,76,33,43,5,2,3,46,23,23,4,3,1,8,5,3,43,24,19,37,16,21
17536,C4920,3,50,District-Tarn Taran,Total,Age Not Stated,92,50,42,15,10,5,24,8,16,1,1,0,9,5,4,2,1,1,1,0,1,37,24,13,3,1,2
17537,C4920,3,50,District-Tarn Taran,Rural,Total,26658,15363,11295,3159,1794,1365,5688,3022,2666,780,439,341,5032,3165,1867,1565,948,617,606,386,220,8719,4915,3804,1109,694,415
17538,C4920,3,50,District-Tarn Taran,Rural,0-4,1405,792,613,204,125,79,389,217,172,15,10,5,74,42,32,49,31,18,11,9,2,593,314,279,70,44,26
17539,C4920,3,50,District-Tarn Taran,Rural,5-9,2080,1164,916,274,143,131,500,277,223,88,49,39,143,80,63,129,71,58,32,23,9,800,445,355,114,76,38
17540,C4920,3,50,District-Tarn Taran,Rural,10-19,5185,3028,2157,587,342,245,1106,607,499,211,129,82,744,453,291,410,241,169,103,68,35,1739,994,745,285,194,91
17541,C4920,3,50,District-Tarn Taran,Rural,20-29,4770,2790,1980,467,269,198,887,468,419,140,78,62,1319,832,487,320,204,116,112,72,40,1360,760,600,165,107,58
17542,C4920,3,50,District-Tarn Taran,Rural,30-39,4103,2316,1787,331,168,163,822,437,385,107,51,56,1035,648,387,233,149,84,106,68,38,1359,732,627,110,63,47
17543,C4920,3,50,District-Tarn Taran,Rural,40-49,3066,1836,1230,312,198,114,617,322,295,85,49,36,540,362,178,195,123,72,85,55,30,1142,668,474,90,59,31
17544,C4920,3,50,District-Tarn Taran,Rural,50-59,1924,1175,749,220,134,86,413,236,177,39,25,14,337,241,96,103,62,41,63,35,28,691,400,291,58,42,16
17545,C4920,3,50,District-Tarn Taran,Rural,60-69,1990,1122,868,319,182,137,434,208,226,56,31,25,399,253,146,77,39,38,52,31,21,588,342,246,65,36,29
17546,C4920,3,50,District-Tarn Taran,Rural,70-79,1227,692,535,261,139,122,277,149,128,24,11,13,255,153,102,35,22,13,26,16,10,283,171,112,66,31,35
17547,C4920,3,50,District-Tarn Taran,Rural,80-89,586,293,293,131,69,62,150,64,86,10,4,6,133,74,59,11,4,7,8,5,3,94,47,47,49,26,23
17548,C4920,3,50,District-Tarn Taran,Rural,90+,247,115,132,41,17,24,72,31,41,5,2,3,44,22,22,2,1,1,7,4,3,41,23,18,35,15,20
17549,C4920,3,50,District-Tarn Taran,Rural,Age Not Stated,75,40,35,12,8,4,21,6,15,0,0,0,9,5,4,1,1,0,1,0,1,29,19,10,2,1,1
17550,C4920,3,50,District-Tarn Taran,Urban,Total,3619,2164,1455,393,215,178,1339,822,517,155,91,64,514,327,187,217,137,80,81,51,30,783,440,343,137,81,56
17551,C4920,3,50,District-Tarn Taran,Urban,0-4,186,103,83,29,16,13,81,41,40,1,1,0,7,3,4,5,3,2,2,0,2,54,35,19,7,4,3
17552,C4920,3,50,District-Tarn Taran,Urban,5-9,265,156,109,36,23,13,94,54,40,14,10,4,16,9,7,16,11,5,5,4,1,67,34,33,17,11,6
17553,C4920,3,50,District-Tarn Taran,Urban,10-19,642,389,253,62,38,24,239,142,97,35,19,16,76,50,26,68,43,25,11,6,5,124,72,52,27,19,8
17554,C4920,3,50,District-Tarn Taran,Urban,20-29,748,423,325,77,38,39,273,155,118,29,15,14,153,95,58,45,27,18,19,15,4,122,63,59,30,15,15
17555,C4920,3,50,District-Tarn Taran,Urban,30-39,605,392,213,46,23,23,254,188,66,25,11,14,93,62,31,28,19,9,15,8,7,126,72,54,18,9,9
17556,C4920,3,50,District-Tarn Taran,Urban,40-49,472,317,155,44,25,19,193,137,56,25,19,6,49,38,11,25,15,10,12,8,4,114,67,47,10,8,2
17557,C4920,3,50,District-Tarn Taran,Urban,50-59,297,171,126,41,18,23,87,46,41,10,8,2,43,28,15,14,9,5,8,4,4,82,52,30,12,6,6
17558,C4920,3,50,District-Tarn Taran,Urban,60-69,231,120,111,29,13,16,79,38,41,11,5,6,45,24,21,7,4,3,4,3,1,48,28,20,8,5,3
17559,C4920,3,50,District-Tarn Taran,Urban,70-79,99,51,48,15,11,4,24,15,9,2,1,1,23,14,9,5,3,2,2,0,2,25,5,20,3,2,1
17560,C4920,3,50,District-Tarn Taran,Urban,80-89,42,22,20,9,6,3,8,2,6,2,1,1,7,3,4,1,1,0,2,2,0,11,6,5,2,1,1
17561,C4920,3,50,District-Tarn Taran,Urban,90+,15,10,5,2,2,0,4,2,2,0,0,0,2,1,1,2,2,0,1,1,0,2,1,1,2,1,1
17562,C4920,3,50,District-Tarn Taran,Urban,Age Not Stated,17,10,7,3,2,1,3,2,1,1,1,0,0,0,0,1,0,1,0,0,0,8,5,3,1,0,1
17563,C4920,3,51,District-Rupnagar,Total,Total,16268,9509,6759,1853,995,858,3281,1729,1552,782,461,321,3260,2066,1194,1247,768,479,593,377,216,4212,2502,1710,1040,611,429
17564,C4920,3,51,District-Rupnagar,Total,0-4,628,352,276,65,36,29,216,112,104,13,7,6,37,23,14,40,24,16,6,5,1,226,133,93,25,12,13
17565,C4920,3,51,District-Rupnagar,Total,5-9,924,519,405,97,52,45,201,95,106,79,51,28,79,50,29,89,50,39,22,12,10,272,161,111,85,48,37
17566,C4920,3,51,District-Rupnagar,Total,10-19,2389,1438,951,216,137,79,513,277,236,155,106,49,286,186,100,281,194,87,58,38,20,671,387,284,209,113,96
17567,C4920,3,51,District-Rupnagar,Total,20-29,2690,1550,1140,207,112,95,502,261,241,141,80,61,559,350,209,264,162,102,109,72,37,738,407,331,170,106,64
17568,C4920,3,51,District-Rupnagar,Total,30-39,2516,1504,1012,209,122,87,401,206,195,132,76,56,695,446,249,226,131,95,95,62,33,628,377,251,130,84,46
17569,C4920,3,51,District-Rupnagar,Total,40-49,2061,1291,770,191,110,81,351,200,151,104,61,43,459,310,149,175,114,61,108,73,35,591,364,227,82,59,23
17570,C4920,3,51,District-Rupnagar,Total,50-59,1547,965,582,178,98,80,287,160,127,54,24,30,353,248,105,84,54,30,79,53,26,437,275,162,75,53,22
17571,C4920,3,51,District-Rupnagar,Total,60-69,1541,864,677,279,134,145,305,157,148,44,17,27,377,237,140,47,18,29,59,35,24,345,214,131,85,52,33
17572,C4920,3,51,District-Rupnagar,Total,70-79,1077,576,501,221,106,115,263,138,125,29,19,10,243,130,113,21,12,9,34,17,17,182,112,70,84,42,42
17573,C4920,3,51,District-Rupnagar,Total,80-89,589,295,294,134,60,74,165,83,82,22,14,8,119,60,59,8,4,4,11,5,6,80,46,34,50,23,27
17574,C4920,3,51,District-Rupnagar,Total,90+,235,113,122,48,25,23,58,28,30,6,3,3,43,22,21,4,2,2,10,3,7,22,12,10,44,18,26
17575,C4920,3,51,District-Rupnagar,Total,Age Not Stated,71,42,29,8,3,5,19,12,7,3,3,0,10,4,6,8,3,5,2,2,0,20,14,6,1,1,0
17576,C4920,3,51,District-Rupnagar,Rural,Total,12328,7262,5066,1515,817,698,2229,1191,1038,601,347,254,2514,1603,911,970,609,361,448,286,162,3227,1916,1311,824,493,331
17577,C4920,3,51,District-Rupnagar,Rural,0-4,438,256,182,49,32,17,132,77,55,7,3,4,30,18,12,30,17,13,5,4,1,165,95,70,20,10,10
17578,C4920,3,51,District-Rupnagar,Rural,5-9,683,397,286,83,44,39,116,52,64,66,43,23,59,37,22,69,43,26,14,6,8,205,128,77,71,44,27
17579,C4920,3,51,District-Rupnagar,Rural,10-19,1743,1056,687,165,101,64,336,181,155,115,78,37,209,135,74,214,149,65,39,25,14,508,296,212,157,91,66
17580,C4920,3,51,District-Rupnagar,Rural,20-29,2014,1158,856,175,93,82,313,166,147,113,66,47,436,270,166,205,125,80,83,56,27,557,300,257,132,82,50
17581,C4920,3,51,District-Rupnagar,Rural,30-39,1902,1156,746,155,101,54,251,134,117,103,59,44,558,362,196,179,107,72,69,46,23,483,283,200,104,64,40
17582,C4920,3,51,District-Rupnagar,Rural,40-49,1537,969,568,141,80,61,234,137,97,70,38,32,353,239,114,134,90,44,88,60,28,455,280,175,62,45,17
17583,C4920,3,51,District-Rupnagar,Rural,50-59,1147,728,419,141,81,60,208,117,91,40,16,24,261,184,77,66,44,22,57,39,18,315,205,110,59,42,17
17584,C4920,3,51,District-Rupnagar,Rural,60-69,1251,705,546,244,116,128,240,124,116,36,14,22,286,182,104,37,15,22,44,27,17,293,183,110,71,44,27
17585,C4920,3,51,District-Rupnagar,Rural,70-79,859,460,399,190,90,100,201,101,100,27,17,10,178,101,77,21,12,9,28,14,14,147,90,57,67,35,32
17586,C4920,3,51,District-Rupnagar,Rural,80-89,498,244,254,118,52,66,139,71,68,16,8,8,99,51,48,7,4,3,10,4,6,66,36,30,43,18,25
17587,C4920,3,51,District-Rupnagar,Rural,90+,198,98,100,46,24,22,42,20,22,5,2,3,36,20,16,2,1,1,9,3,6,21,11,10,37,17,20
17588,C4920,3,51,District-Rupnagar,Rural,Age Not Stated,58,35,23,8,3,5,17,11,6,3,3,0,9,4,5,6,2,4,2,2,0,12,9,3,1,1,0
17589,C4920,3,51,District-Rupnagar,Urban,Total,3940,2247,1693,338,178,160,1052,538,514,181,114,67,746,463,283,277,159,118,145,91,54,985,586,399,216,118,98
17590,C4920,3,51,District-Rupnagar,Urban,0-4,190,96,94,16,4,12,84,35,49,6,4,2,7,5,2,10,7,3,1,1,0,61,38,23,5,2,3
17591,C4920,3,51,District-Rupnagar,Urban,5-9,241,122,119,14,8,6,85,43,42,13,8,5,20,13,7,20,7,13,8,6,2,67,33,34,14,4,10
17592,C4920,3,51,District-Rupnagar,Urban,10-19,646,382,264,51,36,15,177,96,81,40,28,12,77,51,26,67,45,22,19,13,6,163,91,72,52,22,30
17593,C4920,3,51,District-Rupnagar,Urban,20-29,676,392,284,32,19,13,189,95,94,28,14,14,123,80,43,59,37,22,26,16,10,181,107,74,38,24,14
17594,C4920,3,51,District-Rupnagar,Urban,30-39,614,348,266,54,21,33,150,72,78,29,17,12,137,84,53,47,24,23,26,16,10,145,94,51,26,20,6
17595,C4920,3,51,District-Rupnagar,Urban,40-49,524,322,202,50,30,20,117,63,54,34,23,11,106,71,35,41,24,17,20,13,7,136,84,52,20,14,6
17596,C4920,3,51,District-Rupnagar,Urban,50-59,400,237,163,37,17,20,79,43,36,14,8,6,92,64,28,18,10,8,22,14,8,122,70,52,16,11,5
17597,C4920,3,51,District-Rupnagar,Urban,60-69,290,159,131,35,18,17,65,33,32,8,3,5,91,55,36,10,3,7,15,8,7,52,31,21,14,8,6
17598,C4920,3,51,District-Rupnagar,Urban,70-79,218,116,102,31,16,15,62,37,25,2,2,0,65,29,36,0,0,0,6,3,3,35,22,13,17,7,10
17599,C4920,3,51,District-Rupnagar,Urban,80-89,91,51,40,16,8,8,26,12,14,6,6,0,20,9,11,1,0,1,1,1,0,14,10,4,7,5,2
17600,C4920,3,51,District-Rupnagar,Urban,90+,37,15,22,2,1,1,16,8,8,1,1,0,7,2,5,2,1,1,1,0,1,1,1,0,7,1,6
17601,C4920,3,51,District-Rupnagar,Urban,Age Not Stated,13,7,6,0,0,0,2,1,1,0,0,0,1,0,1,2,1,1,0,0,0,8,5,3,0,0,0
17602,C4920,3,52,District-Sahibzada Ajit Singh Nagar,Total,Total,21509,12455,9054,3410,1841,1569,4858,2612,2246,705,413,292,3848,2420,1428,1399,869,530,870,535,335,5261,3100,2161,1158,665,493
17603,C4920,3,52,District-Sahibzada Ajit Singh Nagar,Total,0-4,1011,541,470,193,106,87,353,193,160,13,9,4,47,30,17,38,16,22,8,1,7,316,164,152,43,22,21
17604,C4920,3,52,District-Sahibzada Ajit Singh Nagar,Total,5-9,1387,808,579,234,133,101,380,222,158,84,50,34,105,56,49,114,71,43,27,15,12,353,211,142,90,50,40
17605,C4920,3,52,District-Sahibzada Ajit Singh Nagar,Total,10-19,3358,1990,1368,594,343,251,746,428,318,123,72,51,310,202,108,380,236,144,101,62,39,852,495,357,252,152,100
17606,C4920,3,52,District-Sahibzada Ajit Singh Nagar,Total,20-29,3807,2160,1647,559,293,266,901,449,452,123,67,56,696,431,265,271,167,104,129,96,33,961,554,407,167,103,64
17607,C4920,3,52,District-Sahibzada Ajit Singh Nagar,Total,30-39,3540,2107,1433,437,220,217,746,421,325,112,70,42,855,539,316,224,133,91,182,117,65,856,518,338,128,89,39
17608,C4920,3,52,District-Sahibzada Ajit Singh Nagar,Total,40-49,2802,1709,1093,400,232,168,548,294,254,99,55,44,548,381,167,188,125,63,151,93,58,756,464,292,112,65,47
17609,C4920,3,52,District-Sahibzada Ajit Singh Nagar,Total,50-59,1853,1081,772,283,143,140,356,176,180,47,28,19,375,253,122,107,74,33,111,71,40,500,295,205,74,41,33
17610,C4920,3,52,District-Sahibzada Ajit Singh Nagar,Total,60-69,1935,1086,849,347,184,163,395,208,187,54,31,23,453,265,188,48,29,19,97,51,46,425,258,167,116,60,56
17611,C4920,3,52,District-Sahibzada Ajit Singh Nagar,Total,70-79,1110,602,508,217,107,110,247,118,129,34,22,12,296,174,122,17,10,7,35,16,19,166,104,62,98,51,47
17612,C4920,3,52,District-Sahibzada Ajit Singh Nagar,Total,80-89,492,269,223,104,53,51,129,73,56,11,6,5,124,70,54,6,4,2,22,12,10,52,30,22,44,21,23
17613,C4920,3,52,District-Sahibzada Ajit Singh Nagar,Total,90+,190,88,102,38,24,14,51,26,25,5,3,2,36,17,19,3,2,1,6,1,5,19,5,14,32,10,22
17614,C4920,3,52,District-Sahibzada Ajit Singh Nagar,Total,Age Not Stated,24,14,10,4,3,1,6,4,2,0,0,0,3,2,1,3,2,1,1,0,1,5,2,3,2,1,1
17615,C4920,3,52,District-Sahibzada Ajit Singh Nagar,Rural,Total,11250,6632,4618,2295,1239,1056,1939,1073,866,328,201,127,2324,1470,854,731,468,263,453,291,162,2531,1519,1012,649,371,278
17616,C4920,3,52,District-Sahibzada Ajit Singh Nagar,Rural,0-4,506,271,235,139,79,60,126,73,53,5,4,1,27,13,14,22,10,12,3,1,2,155,76,79,29,15,14
17617,C4920,3,52,District-Sahibzada Ajit Singh Nagar,Rural,5-9,692,415,277,161,93,68,141,86,55,49,33,16,55,28,27,60,38,22,15,10,5,162,94,68,49,33,16
17618,C4920,3,52,District-Sahibzada Ajit Singh Nagar,Rural,10-19,1850,1101,749,432,253,179,313,180,133,66,44,22,185,122,63,208,128,80,52,33,19,447,249,198,147,92,55
17619,C4920,3,52,District-Sahibzada Ajit Singh Nagar,Rural,20-29,1917,1114,803,377,199,178,345,181,164,47,26,21,438,272,166,131,85,46,58,48,10,439,254,185,82,49,33
17620,C4920,3,52,District-Sahibzada Ajit Singh Nagar,Rural,30-39,1802,1097,705,277,137,140,299,174,125,44,24,20,531,335,196,103,64,39,86,60,26,394,252,142,68,51,17
17621,C4920,3,52,District-Sahibzada Ajit Singh Nagar,Rural,40-49,1464,933,531,268,153,115,210,121,89,48,31,17,326,233,93,98,69,29,72,48,24,387,250,137,55,28,27
17622,C4920,3,52,District-Sahibzada Ajit Singh Nagar,Rural,50-59,906,555,351,168,84,84,131,68,63,21,11,10,204,140,64,67,47,20,58,38,20,213,144,69,44,23,21
17623,C4920,3,52,District-Sahibzada Ajit Singh Nagar,Rural,60-69,1050,572,478,235,116,119,164,84,80,27,15,12,267,160,107,27,19,8,65,32,33,203,116,87,62,30,32
17624,C4920,3,52,District-Sahibzada Ajit Singh Nagar,Rural,70-79,628,345,283,135,69,66,113,54,59,13,9,4,185,106,79,8,4,4,24,11,13,95,64,31,55,28,27
17625,C4920,3,52,District-Sahibzada Ajit Singh Nagar,Rural,80-89,310,168,142,75,37,38,69,39,30,6,3,3,83,47,36,3,1,2,16,9,7,27,19,8,31,13,18
17626,C4920,3,52,District-Sahibzada Ajit Singh Nagar,Rural,90+,114,55,59,25,17,8,27,13,14,2,1,1,22,13,9,1,1,0,4,1,3,8,1,7,25,8,17
17627,C4920,3,52,District-Sahibzada Ajit Singh Nagar,Rural,Age Not Stated,11,6,5,3,2,1,1,0,1,0,0,0,1,1,0,3,2,1,0,0,0,1,0,1,2,1,1
17628,C4920,3,52,District-Sahibzada Ajit Singh Nagar,Urban,Total,10259,5823,4436,1115,602,513,2919,1539,1380,377,212,165,1524,950,574,668,401,267,417,244,173,2730,1581,1149,509,294,215
17629,C4920,3,52,District-Sahibzada Ajit Singh Nagar,Urban,0-4,505,270,235,54,27,27,227,120,107,8,5,3,20,17,3,16,6,10,5,0,5,161,88,73,14,7,7
17630,C4920,3,52,District-Sahibzada Ajit Singh Nagar,Urban,5-9,695,393,302,73,40,33,239,136,103,35,17,18,50,28,22,54,33,21,12,5,7,191,117,74,41,17,24
17631,C4920,3,52,District-Sahibzada Ajit Singh Nagar,Urban,10-19,1508,889,619,162,90,72,433,248,185,57,28,29,125,80,45,172,108,64,49,29,20,405,246,159,105,60,45
17632,C4920,3,52,District-Sahibzada Ajit Singh Nagar,Urban,20-29,1890,1046,844,182,94,88,556,268,288,76,41,35,258,159,99,140,82,58,71,48,23,522,300,222,85,54,31
17633,C4920,3,52,District-Sahibzada Ajit Singh Nagar,Urban,30-39,1738,1010,728,160,83,77,447,247,200,68,46,22,324,204,120,121,69,52,96,57,39,462,266,196,60,38,22
17634,C4920,3,52,District-Sahibzada Ajit Singh Nagar,Urban,40-49,1338,776,562,132,79,53,338,173,165,51,24,27,222,148,74,90,56,34,79,45,34,369,214,155,57,37,20
17635,C4920,3,52,District-Sahibzada Ajit Singh Nagar,Urban,50-59,947,526,421,115,59,56,225,108,117,26,17,9,171,113,58,40,27,13,53,33,20,287,151,136,30,18,12
17636,C4920,3,52,District-Sahibzada Ajit Singh Nagar,Urban,60-69,885,514,371,112,68,44,231,124,107,27,16,11,186,105,81,21,10,11,32,19,13,222,142,80,54,30,24
17637,C4920,3,52,District-Sahibzada Ajit Singh Nagar,Urban,70-79,482,257,225,82,38,44,134,64,70,21,13,8,111,68,43,9,6,3,11,5,6,71,40,31,43,23,20
17638,C4920,3,52,District-Sahibzada Ajit Singh Nagar,Urban,80-89,182,101,81,29,16,13,60,34,26,5,3,2,41,23,18,3,3,0,6,3,3,25,11,14,13,8,5
17639,C4920,3,52,District-Sahibzada Ajit Singh Nagar,Urban,90+,76,33,43,13,7,6,24,13,11,3,2,1,14,4,10,2,1,1,2,0,2,11,4,7,7,2,5
17640,C4920,3,52,District-Sahibzada Ajit Singh Nagar,Urban,Age Not Stated,13,8,5,1,1,0,5,4,1,0,0,0,2,1,1,0,0,0,1,0,1,4,2,2,0,0,0
17641,C4920,3,53,District-Sangrur,Total,Total,44163,26106,18057,6099,3339,2760,8286,4575,3711,1572,903,669,10375,6567,3808,2889,1698,1191,1576,971,605,10629,6414,4215,2737,1639,1098
17642,C4920,3,53,District-Sangrur,Total,0-4,1758,987,771,260,131,129,510,285,225,33,18,15,142,92,50,81,51,30,26,13,13,617,342,275,89,55,34
17643,C4920,3,53,District-Sangrur,Total,5-9,2364,1404,960,297,173,124,544,322,222,177,111,66,279,190,89,193,107,86,44,25,19,602,338,264,228,138,90
17644,C4920,3,53,District-Sangrur,Total,10-19,6810,3981,2829,819,457,362,1352,750,602,369,216,153,1118,689,429,672,397,275,190,109,81,1655,959,696,635,404,231
17645,C4920,3,53,District-Sangrur,Total,20-29,7981,4835,3146,747,429,318,1337,723,614,280,164,116,2316,1482,834,627,371,256,264,184,80,1962,1192,770,448,290,158
17646,C4920,3,53,District-Sangrur,Total,30-39,6395,3820,2575,598,319,279,1059,591,468,205,115,90,1998,1243,755,461,278,183,286,182,104,1485,913,572,303,179,124
17647,C4920,3,53,District-Sangrur,Total,40-49,5524,3385,2139,675,395,280,966,558,408,184,104,80,1314,852,462,368,213,155,275,168,107,1501,943,558,241,152,89
17648,C4920,3,53,District-Sangrur,Total,50-59,4041,2484,1557,612,348,264,734,400,334,135,82,53,972,675,297,222,133,89,187,118,69,1031,635,396,148,93,55
17649,C4920,3,53,District-Sangrur,Total,60-69,4466,2575,1891,923,500,423,755,392,363,95,54,41,1118,694,424,170,93,77,161,94,67,1003,627,376,241,121,120
17650,C4920,3,53,District-Sangrur,Total,70-79,2747,1561,1186,675,352,323,533,289,244,51,20,31,691,405,286,66,38,28,88,53,35,473,306,167,170,98,72
17651,C4920,3,53,District-Sangrur,Total,80-89,1402,759,643,346,164,182,338,188,150,31,15,16,310,189,121,17,10,7,30,18,12,189,105,84,141,70,71
17652,C4920,3,53,District-Sangrur,Total,90+,548,244,304,133,62,71,130,62,68,11,4,7,95,42,53,7,4,3,19,5,14,64,28,36,89,37,52
17653,C4920,3,53,District-Sangrur,Total,Age Not Stated,127,71,56,14,9,5,28,15,13,1,0,1,22,14,8,5,3,2,6,2,4,47,26,21,4,2,2
17654,C4920,3,53,District-Sangrur,Rural,Total,32771,19450,13321,4148,2304,1844,6077,3315,2762,1118,638,480,7933,5035,2898,2037,1204,833,1198,732,466,8221,4993,3228,2039,1229,810
17655,C4920,3,53,District-Sangrur,Rural,0-4,1230,719,511,157,87,70,363,208,155,18,8,10,113,75,38,55,38,17,18,10,8,445,251,194,61,42,19
17656,C4920,3,53,District-Sangrur,Rural,5-9,1697,1010,687,175,100,75,388,226,162,134,87,47,212,145,67,136,80,56,30,16,14,447,251,196,175,105,70
17657,C4920,3,53,District-Sangrur,Rural,10-19,4915,2905,2010,523,310,213,984,540,444,268,159,109,835,516,319,437,262,175,136,80,56,1270,743,527,462,295,167
17658,C4920,3,53,District-Sangrur,Rural,20-29,5621,3397,2224,400,225,175,940,491,449,197,115,82,1702,1090,612,457,272,185,192,132,60,1428,867,561,305,205,100
17659,C4920,3,53,District-Sangrur,Rural,30-39,4680,2806,1874,351,191,160,758,422,336,146,79,67,1541,964,577,313,185,128,224,138,86,1127,697,430,220,130,90
17660,C4920,3,53,District-Sangrur,Rural,40-49,4112,2546,1566,423,263,160,701,394,307,129,72,57,1013,663,350,260,153,107,210,128,82,1195,756,439,181,117,64
17661,C4920,3,53,District-Sangrur,Rural,50-59,2980,1845,1135,425,247,178,529,293,236,90,55,35,717,504,213,166,95,71,138,85,53,808,498,310,107,68,39
17662,C4920,3,53,District-Sangrur,Rural,60-69,3546,2029,1517,731,393,338,589,297,292,68,37,31,867,540,327,140,74,66,132,76,56,832,523,309,187,89,98
17663,C4920,3,53,District-Sangrur,Rural,70-79,2255,1273,982,554,284,270,421,223,198,38,14,24,568,325,243,47,30,17,74,46,28,410,266,144,143,85,58
17664,C4920,3,53,District-Sangrur,Rural,80-89,1168,655,513,290,147,143,273,157,116,21,9,12,263,164,99,16,9,7,20,14,6,164,95,69,121,60,61
17665,C4920,3,53,District-Sangrur,Rural,90+,466,211,255,112,52,60,111,54,57,8,3,5,81,36,45,6,4,2,18,5,13,55,25,30,75,32,43
17666,C4920,3,53,District-Sangrur,Rural,Age Not Stated,101,54,47,7,5,2,20,10,10,1,0,1,21,13,8,4,2,2,6,2,4,40,21,19,2,1,1
17667,C4920,3,53,District-Sangrur,Urban,Total,11392,6656,4736,1951,1035,916,2209,1260,949,454,265,189,2442,1532,910,852,494,358,378,239,139,2408,1421,987,698,410,288
17668,C4920,3,53,District-Sangrur,Urban,0-4,528,268,260,103,44,59,147,77,70,15,10,5,29,17,12,26,13,13,8,3,5,172,91,81,28,13,15
17669,C4920,3,53,District-Sangrur,Urban,5-9,667,394,273,122,73,49,156,96,60,43,24,19,67,45,22,57,27,30,14,9,5,155,87,68,53,33,20
17670,C4920,3,53,District-Sangrur,Urban,10-19,1895,1076,819,296,147,149,368,210,158,101,57,44,283,173,110,235,135,100,54,29,25,385,216,169,173,109,64
17671,C4920,3,53,District-Sangrur,Urban,20-29,2360,1438,922,347,204,143,397,232,165,83,49,34,614,392,222,170,99,71,72,52,20,534,325,209,143,85,58
17672,C4920,3,53,District-Sangrur,Urban,30-39,1715,1014,701,247,128,119,301,169,132,59,36,23,457,279,178,148,93,55,62,44,18,358,216,142,83,49,34
17673,C4920,3,53,District-Sangrur,Urban,40-49,1412,839,573,252,132,120,265,164,101,55,32,23,301,189,112,108,60,48,65,40,25,306,187,119,60,35,25
17674,C4920,3,53,District-Sangrur,Urban,50-59,1061,639,422,187,101,86,205,107,98,45,27,18,255,171,84,56,38,18,49,33,16,223,137,86,41,25,16
17675,C4920,3,53,District-Sangrur,Urban,60-69,920,546,374,192,107,85,166,95,71,27,17,10,251,154,97,30,19,11,29,18,11,171,104,67,54,32,22
17676,C4920,3,53,District-Sangrur,Urban,70-79,492,288,204,121,68,53,112,66,46,13,6,7,123,80,43,19,8,11,14,7,7,63,40,23,27,13,14
17677,C4920,3,53,District-Sangrur,Urban,80-89,234,104,130,56,17,39,65,31,34,10,6,4,47,25,22,1,1,0,10,4,6,25,10,15,20,10,10
17678,C4920,3,53,District-Sangrur,Urban,90+,82,33,49,21,10,11,19,8,11,3,1,2,14,6,8,1,0,1,1,0,1,9,3,6,14,5,9
17679,C4920,3,53,District-Sangrur,Urban,Age Not Stated,26,17,9,7,4,3,8,5,3,0,0,0,1,1,0,1,1,0,0,0,0,7,5,2,2,1,1
17680,C4920,3,54,District-Barnala,Total,Total,14350,8490,5860,1890,1012,878,2215,1199,1016,550,337,213,3547,2247,1300,924,581,343,682,399,283,3466,2071,1395,1076,644,432
17681,C4920,3,54,District-Barnala,Total,0-4,432,244,188,51,30,21,85,49,36,7,3,4,49,26,23,19,12,7,7,5,2,188,105,83,26,14,12
17682,C4920,3,54,District-Barnala,Total,5-9,753,462,291,78,44,34,112,72,40,65,43,22,103,70,33,76,48,28,13,7,6,214,114,100,92,64,28
17683,C4920,3,54,District-Barnala,Total,10-19,2030,1265,765,215,127,88,306,166,140,129,85,44,332,232,100,236,151,85,69,50,19,496,279,217,247,175,72
17684,C4920,3,54,District-Barnala,Total,20-29,2228,1369,859,160,100,60,315,156,159,95,60,35,660,420,240,207,132,75,97,70,27,549,341,208,145,90,55
17685,C4920,3,54,District-Barnala,Total,30-39,2088,1263,825,179,98,81,264,152,112,84,45,39,660,415,245,148,94,54,138,80,58,525,320,205,90,59,31
17686,C4920,3,54,District-Barnala,Total,40-49,1796,1081,715,224,112,112,257,143,114,58,34,24,430,281,149,109,74,35,116,58,58,528,334,194,74,45,29
17687,C4920,3,54,District-Barnala,Total,50-59,1357,822,535,202,109,93,198,114,84,38,21,17,364,241,123,56,35,21,97,52,45,332,200,132,70,50,20
17688,C4920,3,54,District-Barnala,Total,60-69,1660,935,725,350,160,190,280,149,131,38,22,16,438,286,152,45,23,22,78,47,31,348,211,137,83,37,46
17689,C4920,3,54,District-Barnala,Total,70-79,1107,626,481,253,144,109,210,113,97,20,15,5,277,154,123,16,8,8,40,20,20,192,118,74,99,54,45
17690,C4920,3,54,District-Barnala,Total,80-89,623,299,324,127,66,61,138,67,71,7,4,3,178,91,87,6,1,5,20,9,11,65,35,30,82,26,56
17691,C4920,3,54,District-Barnala,Total,90+,259,115,144,46,20,26,48,17,31,7,3,4,54,30,24,6,3,3,6,1,5,24,11,13,68,30,38
17692,C4920,3,54,District-Barnala,Total,Age Not Stated,17,9,8,5,2,3,2,1,1,2,2,0,2,1,1,0,0,0,1,0,1,5,3,2,0,0,0
17693,C4920,3,54,District-Barnala,Rural,Total,10630,6292,4338,1478,778,700,1545,844,701,372,226,146,2633,1685,948,666,414,252,545,311,234,2529,1531,998,862,503,359
17694,C4920,3,54,District-Barnala,Rural,0-4,281,157,124,35,19,16,50,27,23,3,1,2,37,23,14,8,5,3,4,2,2,123,70,53,21,10,11
17695,C4920,3,54,District-Barnala,Rural,5-9,524,327,197,53,31,22,73,47,26,44,30,14,67,44,23,58,39,19,10,6,4,150,80,70,69,50,19
17696,C4920,3,54,District-Barnala,Rural,10-19,1428,892,536,154,92,62,196,102,94,96,63,33,232,166,66,174,111,63,49,36,13,338,190,148,189,132,57
17697,C4920,3,54,District-Barnala,Rural,20-29,1575,982,593,110,70,40,193,100,93,70,45,25,482,309,173,141,90,51,71,47,24,404,255,149,104,66,38
17698,C4920,3,54,District-Barnala,Rural,30-39,1511,917,594,131,68,63,176,104,72,55,29,26,480,308,172,112,67,45,113,63,50,379,237,142,65,41,24
17699,C4920,3,54,District-Barnala,Rural,40-49,1321,807,514,178,86,92,166,98,68,34,20,14,317,210,107,78,54,24,91,48,43,403,261,142,54,30,24
17700,C4920,3,54,District-Barnala,Rural,50-59,974,590,384,158,89,69,134,75,59,19,7,12,258,177,81,39,24,15,75,38,37,232,135,97,59,45,14
17701,C4920,3,54,District-Barnala,Rural,60-69,1329,737,592,284,121,163,229,125,104,24,12,12,351,231,120,33,15,18,70,43,27,268,163,105,70,27,43
17702,C4920,3,54,District-Barnala,Rural,70-79,929,524,405,226,126,100,172,91,81,15,12,3,217,121,96,12,6,6,37,18,19,154,98,56,96,52,44
17703,C4920,3,54,District-Barnala,Rural,80-89,524,253,271,104,56,48,113,59,54,6,4,2,149,72,77,6,1,5,19,9,10,54,29,25,73,23,50
17704,C4920,3,54,District-Barnala,Rural,90+,218,98,120,40,18,22,41,15,26,5,2,3,41,23,18,5,2,3,5,1,4,19,10,9,62,27,35
17705,C4920,3,54,District-Barnala,Rural,Age Not Stated,16,8,8,5,2,3,2,1,1,1,1,0,2,1,1,0,0,0,1,0,1,5,3,2,0,0,0
17706,C4920,3,54,District-Barnala,Urban,Total,3720,2198,1522,412,234,178,670,355,315,178,111,67,914,562,352,258,167,91,137,88,49,937,540,397,214,141,73
17707,C4920,3,54,District-Barnala,Urban,0-4,151,87,64,16,11,5,35,22,13,4,2,2,12,3,9,11,7,4,3,3,0,65,35,30,5,4,1
17708,C4920,3,54,District-Barnala,Urban,5-9,229,135,94,25,13,12,39,25,14,21,13,8,36,26,10,18,9,9,3,1,2,64,34,30,23,14,9
17709,C4920,3,54,District-Barnala,Urban,10-19,602,373,229,61,35,26,110,64,46,33,22,11,100,66,34,62,40,22,20,14,6,158,89,69,58,43,15
17710,C4920,3,54,District-Barnala,Urban,20-29,653,387,266,50,30,20,122,56,66,25,15,10,178,111,67,66,42,24,26,23,3,145,86,59,41,24,17
17711,C4920,3,54,District-Barnala,Urban,30-39,577,346,231,48,30,18,88,48,40,29,16,13,180,107,73,36,27,9,25,17,8,146,83,63,25,18,7
17712,C4920,3,54,District-Barnala,Urban,40-49,475,274,201,46,26,20,91,45,46,24,14,10,113,71,42,31,20,11,25,10,15,125,73,52,20,15,5
17713,C4920,3,54,District-Barnala,Urban,50-59,383,232,151,44,20,24,64,39,25,19,14,5,106,64,42,17,11,6,22,14,8,100,65,35,11,5,6
17714,C4920,3,54,District-Barnala,Urban,60-69,331,198,133,66,39,27,51,24,27,14,10,4,87,55,32,12,8,4,8,4,4,80,48,32,13,10,3
17715,C4920,3,54,District-Barnala,Urban,70-79,178,102,76,27,18,9,38,22,16,5,3,2,60,33,27,4,2,2,3,2,1,38,20,18,3,2,1
17716,C4920,3,54,District-Barnala,Urban,80-89,99,46,53,23,10,13,25,8,17,1,0,1,29,19,10,0,0,0,1,0,1,11,6,5,9,3,6
17717,C4920,3,54,District-Barnala,Urban,90+,41,17,24,6,2,4,7,2,5,2,1,1,13,7,6,1,1,0,1,0,1,5,1,4,6,3,3
17718,C4920,3,54,District-Barnala,Urban,Age Not Stated,1,1,0,0,0,0,0,0,0,1,1,0,0,0,0,0,0,0,0,0,0,0,0,0,0,0,0
17719,C4920,8,0,State-RAJASTHAN,Total,0-4,55748,30579,25169,13746,7389,6357,10587,5518,5069,1379,795,584,6605,3901,2704,1932,1127,805,429,243,186,16457,8884,7573,4613,2722,1891
17720,C4920,8,0,State-RAJASTHAN,Total,5-9,89131,51546,37585,17004,9187,7817,13977,7495,6482,9360,5735,3625,11857,7404,4453,7432,4619,2813,1592,984,608,16107,8690,7417,11802,7432,4370
17721,C4920,8,0,State-RAJASTHAN,Total,10-19,217619,130234,87385,36126,19980,16146,30092,16649,13443,17915,11391,6524,40944,25889,15055,24004,15618,8386,6440,3915,2525,35794,20080,15714,26304,16712,9592
17722,C4920,8,0,State-RAJASTHAN,Total,20-29,188989,118580,70409,27446,15572,11874,24449,13938,10511,11568,7109,4459,57860,38778,19082,15071,10394,4677,7197,4771,2426,29968,17701,12267,15430,10317,5113
17723,C4920,8,0,State-RAJASTHAN,Total,30-39,165565,103132,62433,23702,13460,10242,21367,12353,9014,9281,5428,3853,52603,34645,17958,12407,8241,4166,8082,5337,2745,27153,16593,10560,10970,7075,3895
17724,C4920,8,0,State-RAJASTHAN,Total,40-49,143903,88812,55091,26170,14782,11388,19690,11449,8241,7634,4585,3049,39796,26309,13487,9667,6280,3387,7568,4714,2854,23500,14522,8978,9878,6171,3707
17725,C4920,8,0,State-RAJASTHAN,Total,50-59,138135,77486,60649,32773,16808,15965,19913,10374,9539,5150,3106,2044,40629,24171,16458,5411,3334,2077,4629,2675,1954,17835,10658,7177,11795,6360,5435
17726,C4920,8,0,State-RAJASTHAN,Total,60-69,212414,98141,114273,57622,25314,32308,31294,14147,17147,4010,2283,1727,66624,31726,34898,3255,1778,1477,3135,1629,1506,16517,8702,7815,29957,12562,17395
17727,C4920,8,0,State-RAJASTHAN,Total,70-79,214483,93906,120577,53466,22865,30601,30061,13587,16474,2188,1208,980,69042,31065,37977,1402,708,694,1383,678,705,10409,4950,5459,46532,18845,27687
17728,C4920,8,0,State-RAJASTHAN,Total,80-89,103104,42555,60549,21168,8662,12506,13428,5994,7434,631,331,300,31921,13471,18450,402,185,217,390,170,220,3617,1551,2066,31547,12191,19356
17729,C4920,8,0,State-RAJASTHAN,Total,90+,28191,10030,18161,4319,1545,2774,3210,1282,1928,175,88,87,7837,2855,4982,120,61,59,65,26,39,982,382,600,11483,3791,7692
17730,C4920,8,0,State-RAJASTHAN,Total,Age Not Stated,6412,3286,3126,1076,480,596,805,413,392,193,123,70,1646,835,811,286,188,98,137,91,46,1357,745,612,912,411,501
17731,C4920,8,0,State-RAJASTHAN,Rural,Total,1219186,655135,564051,238859,116476,122383,160791,82121,78670,47865,29685,18180,350056,195563,154493,61380,39674,21706,31241,19044,12197,149770,85184,64586,179224,87388,91836
17732,C4920,8,0,State-RAJASTHAN,Rural,0-4,40064,22092,17972,9071,4897,4174,7107,3682,3425,1006,583,423,5409,3225,2184,1347,783,564,317,182,135,12168,6566,5602,3639,2174,1465
17733,C4920,8,0,State-RAJASTHAN,Rural,5-9,67023,39018,28005,11652,6289,5363,9738,5245,4493,7119,4424,2695,9724,6093,3631,5981,3683,2298,1225,770,455,12161,6544,5617,9423,5970,3453
17734,C4920,8,0,State-RAJASTHAN,Rural,10-19,162315,98052,64263,24014,13324,10690,20769,11549,9220,13152,8575,4577,33379,21110,12269,18861,12362,6499,4827,2943,1884,26839,15132,11707,20474,13057,7417
17735,C4920,8,0,State-RAJASTHAN,Rural,20-29,133935,86283,47652,16698,9752,6946,15409,9045,6364,7477,4790,2687,45427,30840,14587,10621,7486,3135,5277,3523,1754,21364,12885,8479,11662,7962,3700
17736,C4920,8,0,State-RAJASTHAN,Rural,30-39,118097,74529,43568,14958,8706,6252,13636,7982,5654,6009,3622,2387,40309,26645,13664,8987,5963,3024,6110,3995,2115,19660,12150,7510,8428,5466,2962
17737,C4920,8,0,State-RAJASTHAN,Rural,40-49,105390,65178,40212,17949,10164,7785,13298,7702,5596,4833,2947,1886,30988,20407,10581,7214,4666,2548,5832,3581,2251,17341,10751,6590,7935,4960,2975
17738,C4920,8,0,State-RAJASTHAN,Rural,50-59,106389,58778,47611,25089,12637,12452,14752,7539,7213,3292,1984,1308,32452,18982,13470,4060,2466,1594,3579,2004,1575,13322,7974,5348,9843,5192,4651
17739,C4920,8,0,State-RAJASTHAN,Rural,60-69,179804,81630,98174,49144,21282,27862,26197,11597,14600,2691,1523,1168,56706,26647,30059,2583,1372,1211,2504,1292,1212,13315,6895,6420,26664,11022,15642
17740,C4920,8,0,State-RAJASTHAN,Rural,70-79,186984,81237,105747,47094,20056,27038,25509,11432,14077,1556,837,719,59992,26832,33160,1110,566,544,1114,539,575,8674,4086,4588,41935,16889,25046
17741,C4920,8,0,State-RAJASTHAN,Rural,80-89,89833,37058,52775,18633,7666,10967,11172,4989,6183,453,241,212,27645,11633,16012,310,140,170,304,129,175,3029,1292,1737,28287,10968,17319
17742,C4920,8,0,State-RAJASTHAN,Rural,90+,24015,8596,15419,3670,1324,2346,2562,1026,1536,118,55,63,6637,2461,4176,85,45,40,50,22,28,777,298,479,10116,3365,6751
17743,C4920,8,0,State-RAJASTHAN,Rural,Age Not Stated,5337,2684,2653,887,379,508,642,333,309,159,104,55,1388,688,700,221,142,79,102,64,38,1120,611,509,818,363,455
17744,C4920,8,0,State-RAJASTHAN,Urban,Total,344508,193152,151356,75759,39568,36191,58082,31078,27004,21619,12497,9122,77308,45486,31822,20009,12859,7150,9806,6189,3617,49926,28274,21652,31999,17201,14798
17745,C4920,8,0,State-RAJASTHAN,Urban,0-4,15684,8487,7197,4675,2492,2183,3480,1836,1644,373,212,161,1196,676,520,585,344,241,112,61,51,4289,2318,1971,974,548,426
17746,C4920,8,0,State-RAJASTHAN,Urban,5-9,22108,12528,9580,5352,2898,2454,4239,2250,1989,2241,1311,930,2133,1311,822,1451,936,515,367,214,153,3946,2146,1800,2379,1462,917
17747,C4920,8,0,State-RAJASTHAN,Urban,10-19,55304,32182,23122,12112,6656,5456,9323,5100,4223,4763,2816,1947,7565,4779,2786,5143,3256,1887,1613,972,641,8955,4948,4007,5830,3655,2175
17748,C4920,8,0,State-RAJASTHAN,Urban,20-29,55054,32297,22757,10748,5820,4928,9040,4893,4147,4091,2319,1772,12433,7938,4495,4450,2908,1542,1920,1248,672,8604,4816,3788,3768,2355,1413
17749,C4920,8,0,State-RAJASTHAN,Urban,30-39,47468,28603,18865,8744,4754,3990,7731,4371,3360,3272,1806,1466,12294,8000,4294,3420,2278,1142,1972,1342,630,7493,4443,3050,2542,1609,933
17750,C4920,8,0,State-RAJASTHAN,Urban,40-49,38513,23634,14879,8221,4618,3603,6392,3747,2645,2801,1638,1163,8808,5902,2906,2453,1614,839,1736,1133,603,6159,3771,2388,1943,1211,732
17751,C4920,8,0,State-RAJASTHAN,Urban,50-59,31746,18708,13038,7684,4171,3513,5161,2835,2326,1858,1122,736,8177,5189,2988,1351,868,483,1050,671,379,4513,2684,1829,1952,1168,784
17752,C4920,8,0,State-RAJASTHAN,Urban,60-69,32610,16511,16099,8478,4032,4446,5097,2550,2547,1319,760,559,9918,5079,4839,672,406,266,631,337,294,3202,1807,1395,3293,1540,1753
17753,C4920,8,0,State-RAJASTHAN,Urban,70-79,27499,12669,14830,6372,2809,3563,4552,2155,2397,632,371,261,9050,4233,4817,292,142,150,269,139,130,1735,864,871,4597,1956,2641
17754,C4920,8,0,State-RAJASTHAN,Urban,80-89,13271,5497,7774,2535,996,1539,2256,1005,1251,178,90,88,4276,1838,2438,92,45,47,86,41,45,588,259,329,3260,1223,2037
17755,C4920,8,0,State-RAJASTHAN,Urban,90+,4176,1434,2742,649,221,428,648,256,392,57,33,24,1200,394,806,35,16,19,15,4,11,205,84,121,1367,426,941
17756,C4920,8,0,State-RAJASTHAN,Urban,Age Not Stated,1075,602,473,189,101,88,163,80,83,34,19,15,258,147,111,65,46,19,35,27,8,237,134,103,94,48,46
17757,C4920,8,99,District-Ganganagar ,Total,Total,49223,27810,21413,7323,3692,3631,5828,3112,2716,1880,1202,678,14818,8604,6214,3103,1962,1141,1958,1177,781,7253,4223,3030,7060,3838,3222
17758,C4920,8,99,District-Ganganagar ,Total,0-4,1197,732,465,170,103,67,144,83,61,38,28,10,212,138,74,63,43,20,15,10,5,381,220,161,174,107,67
17759,C4920,8,99,District-Ganganagar ,Total,5-9,2544,1537,1007,275,166,109,284,165,119,284,192,92,398,234,164,278,183,95,46,30,16,455,241,214,524,326,198
17760,C4920,8,99,District-Ganganagar ,Total,10-19,6807,4147,2660,756,433,323,616,349,267,479,320,159,1475,931,544,909,564,345,218,126,92,1119,640,479,1235,784,451
17761,C4920,8,99,District-Ganganagar ,Total,20-29,6379,4048,2331,526,315,211,595,357,238,358,232,126,2137,1416,721,621,409,212,299,198,101,1161,673,488,682,448,234
17762,C4920,8,99,District-Ganganagar ,Total,30-39,5896,3682,2214,468,254,214,567,332,235,231,136,95,2255,1457,798,468,298,170,376,239,137,1078,679,399,453,287,166
17763,C4920,8,99,District-Ganganagar ,Total,40-49,5151,3131,2020,684,368,316,566,320,246,177,109,68,1560,996,564,385,248,137,401,249,152,979,602,377,399,239,160
17764,C4920,8,99,District-Ganganagar ,Total,50-59,4403,2519,1884,851,441,410,580,310,270,119,71,48,1276,762,514,185,108,77,236,142,94,745,469,276,411,216,195
17765,C4920,8,99,District-Ganganagar ,Total,60-69,6074,2943,3131,1483,658,825,881,416,465,92,63,29,1872,920,952,97,57,40,210,108,102,678,363,315,761,358,403
17766,C4920,8,99,District-Ganganagar ,Total,70-79,6039,2923,3116,1361,647,714,929,453,476,72,35,37,1995,975,1020,53,34,19,108,53,55,420,222,198,1101,504,597
17767,C4920,8,99,District-Ganganagar ,Total,80-89,3256,1494,1762,554,224,330,479,242,237,12,7,5,1155,559,596,24,7,17,37,16,21,124,53,71,871,386,485
17768,C4920,8,99,District-Ganganagar ,Total,90+,1131,470,661,148,61,87,157,69,88,5,3,2,370,154,216,3,2,1,4,1,3,43,21,22,401,159,242
17769,C4920,8,99,District-Ganganagar ,Total,Age Not Stated,346,184,162,47,22,25,30,16,14,13,6,7,113,62,51,17,9,8,8,5,3,70,40,30,48,24,24
17770,C4920,8,99,District-Ganganagar ,Rural,Total,38500,21602,16898,5770,2850,2920,4459,2401,2058,1353,885,468,11691,6768,4923,2370,1483,887,1553,929,624,5643,3277,2366,5661,3009,2652
17771,C4920,8,99,District-Ganganagar ,Rural,0-4,874,538,336,114,77,37,104,58,46,28,21,7,165,104,61,45,27,18,9,6,3,263,155,108,146,90,56
17772,C4920,8,99,District-Ganganagar ,Rural,5-9,1893,1161,732,190,114,76,199,120,79,217,150,67,312,188,124,229,147,82,30,19,11,332,184,148,384,239,145
17773,C4920,8,99,District-Ganganagar ,Rural,10-19,5034,3060,1974,489,268,221,443,250,193,365,248,117,1142,727,415,710,438,272,157,94,63,852,484,368,876,551,325
17774,C4920,8,99,District-Ganganagar ,Rural,20-29,4735,3051,1684,349,214,135,409,255,154,242,164,78,1640,1100,540,445,293,152,225,150,75,901,527,374,524,348,176
17775,C4920,8,99,District-Ganganagar ,Rural,30-39,4449,2770,1679,324,168,156,402,241,161,170,101,69,1733,1140,593,349,212,137,292,179,113,831,514,317,348,215,133
17776,C4920,8,99,District-Ganganagar ,Rural,40-49,3897,2351,1546,506,270,236,417,232,185,118,75,43,1143,720,423,299,193,106,327,203,124,788,485,303,299,173,126
17777,C4920,8,99,District-Ganganagar ,Rural,50-59,3427,1932,1495,692,347,345,444,242,202,82,53,29,952,558,394,146,89,57,201,120,81,577,358,219,333,165,168
17778,C4920,8,99,District-Ganganagar ,Rural,60-69,5026,2427,2599,1271,565,706,735,353,382,58,41,17,1512,736,776,72,43,29,183,99,84,565,294,271,630,296,334
17779,C4920,8,99,District-Ganganagar ,Rural,70-79,5113,2473,2640,1198,569,629,755,368,387,53,22,31,1669,826,843,38,27,11,87,43,44,352,190,162,961,428,533
17780,C4920,8,99,District-Ganganagar ,Rural,80-89,2816,1298,1518,484,196,288,397,209,188,9,6,3,1016,483,533,21,6,15,32,11,21,97,44,53,760,343,417
17781,C4920,8,99,District-Ganganagar ,Rural,90+,982,413,569,119,47,72,134,62,72,3,2,1,325,140,185,2,1,1,4,1,3,34,16,18,361,144,217
17782,C4920,8,99,District-Ganganagar ,Rural,Age Not Stated,254,128,126,34,15,19,20,11,9,8,2,6,82,46,36,14,7,7,6,4,2,51,26,25,39,17,22
17783,C4920,8,99,District-Ganganagar ,Urban,Total,10723,6208,4515,1553,842,711,1369,711,658,527,317,210,3127,1836,1291,733,479,254,405,248,157,1610,946,664,1399,829,570
17784,C4920,8,99,District-Ganganagar ,Urban,0-4,323,194,129,56,26,30,40,25,15,10,7,3,47,34,13,18,16,2,6,4,2,118,65,53,28,17,11
17785,C4920,8,99,District-Ganganagar ,Urban,5-9,651,376,275,85,52,33,85,45,40,67,42,25,86,46,40,49,36,13,16,11,5,123,57,66,140,87,53
17786,C4920,8,99,District-Ganganagar ,Urban,10-19,1773,1087,686,267,165,102,173,99,74,114,72,42,333,204,129,199,126,73,61,32,29,267,156,111,359,233,126
17787,C4920,8,99,District-Ganganagar ,Urban,20-29,1644,997,647,177,101,76,186,102,84,116,68,48,497,316,181,176,116,60,74,48,26,260,146,114,158,100,58
17788,C4920,8,99,District-Ganganagar ,Urban,30-39,1447,912,535,144,86,58,165,91,74,61,35,26,522,317,205,119,86,33,84,60,24,247,165,82,105,72,33
17789,C4920,8,99,District-Ganganagar ,Urban,40-49,1254,780,474,178,98,80,149,88,61,59,34,25,417,276,141,86,55,31,74,46,28,191,117,74,100,66,34
17790,C4920,8,99,District-Ganganagar ,Urban,50-59,976,587,389,159,94,65,136,68,68,37,18,19,324,204,120,39,19,20,35,22,13,168,111,57,78,51,27
17791,C4920,8,99,District-Ganganagar ,Urban,60-69,1048,516,532,212,93,119,146,63,83,34,22,12,360,184,176,25,14,11,27,9,18,113,69,44,131,62,69
17792,C4920,8,99,District-Ganganagar ,Urban,70-79,926,450,476,163,78,85,174,85,89,19,13,6,326,149,177,15,7,8,21,10,11,68,32,36,140,76,64
17793,C4920,8,99,District-Ganganagar ,Urban,80-89,440,196,244,70,28,42,82,33,49,3,1,2,139,76,63,3,1,2,5,5,0,27,9,18,111,43,68
17794,C4920,8,99,District-Ganganagar ,Urban,90+,149,57,92,29,14,15,23,7,16,2,1,1,45,14,31,1,1,0,0,0,0,9,5,4,40,15,25
17795,C4920,8,99,District-Ganganagar ,Urban,Age Not Stated,92,56,36,13,7,6,10,5,5,5,4,1,31,16,15,3,2,1,2,1,1,19,14,5,9,7,2
17796,C4920,8,100,District-Hanumangarh,Total,Total,42433,24011,18422,6587,3372,3215,4857,2596,2261,1792,1086,706,12890,7343,5547,2444,1609,835,1402,871,531,6491,3861,2630,5970,3273,2697
17797,C4920,8,100,District-Hanumangarh,Total,0-4,1131,629,502,199,103,96,128,69,59,30,20,10,195,117,78,52,33,19,16,8,8,341,174,167,170,105,65
17798,C4920,8,100,District-Hanumangarh,Total,5-9,2336,1392,944,273,148,125,241,145,96,248,147,101,395,249,146,229,132,97,56,33,23,407,220,187,487,318,169
17799,C4920,8,100,District-Hanumangarh,Total,10-19,6005,3618,2387,691,394,297,520,295,225,506,315,191,1388,848,540,732,477,255,190,118,72,1050,572,478,928,599,329
17800,C4920,8,100,District-Hanumangarh,Total,20-29,5418,3525,1893,516,316,200,457,267,190,271,172,99,2016,1332,684,464,330,134,222,154,68,949,609,340,523,345,178
17801,C4920,8,100,District-Hanumangarh,Total,30-39,5030,3182,1848,404,246,158,451,256,195,262,156,106,1937,1242,695,356,251,105,257,167,90,1000,642,358,363,222,141
17802,C4920,8,100,District-Hanumangarh,Total,40-49,4289,2590,1699,619,351,268,457,259,198,167,100,67,1272,774,498,270,171,99,241,142,99,940,604,336,323,189,134
17803,C4920,8,100,District-Hanumangarh,Total,50-59,3662,2135,1527,680,375,305,464,235,229,122,76,46,1084,634,450,150,96,54,191,129,62,644,394,250,327,196,131
17804,C4920,8,100,District-Hanumangarh,Total,60-69,5066,2508,2558,1269,587,682,724,366,358,85,47,38,1531,734,797,96,66,30,134,78,56,595,343,252,632,287,345
17805,C4920,8,100,District-Hanumangarh,Total,70-79,5318,2469,2849,1262,580,682,810,376,434,68,31,37,1712,793,919,43,22,21,56,27,29,334,170,164,1033,470,563
17806,C4920,8,100,District-Hanumangarh,Total,80-89,2917,1364,1553,517,213,304,450,245,205,16,11,5,977,442,535,25,15,10,26,10,16,102,55,47,804,373,431
17807,C4920,8,100,District-Hanumangarh,Total,90+,774,335,439,99,35,64,111,60,51,5,4,1,225,98,127,2,0,2,1,0,1,39,18,21,292,120,172
17808,C4920,8,100,District-Hanumangarh,Total,Age Not Stated,487,264,223,58,24,34,44,23,21,12,7,5,158,80,78,25,16,9,12,5,7,90,60,30,88,49,39
17809,C4920,8,100,District-Hanumangarh,Rural,Total,36099,20378,15721,5632,2863,2769,4056,2148,1908,1431,893,538,11119,6285,4834,2006,1338,668,1203,747,456,5358,3213,2145,5294,2891,2403
17810,C4920,8,100,District-Hanumangarh,Rural,0-4,889,496,393,158,82,76,90,48,42,22,16,6,166,98,68,47,30,17,13,7,6,248,126,122,145,89,56
17811,C4920,8,100,District-Hanumangarh,Rural,5-9,1928,1162,766,217,117,100,183,108,75,202,118,84,343,213,130,197,120,77,55,32,23,313,173,140,418,281,137
17812,C4920,8,100,District-Hanumangarh,Rural,10-19,4939,3005,1934,542,307,235,400,233,167,418,272,146,1154,705,449,620,411,209,155,97,58,849,459,390,801,521,280
17813,C4920,8,100,District-Hanumangarh,Rural,20-29,4356,2886,1470,388,243,145,346,205,141,198,133,65,1702,1133,569,363,271,92,174,122,52,767,499,268,418,280,138
17814,C4920,8,100,District-Hanumangarh,Rural,30-39,4137,2619,1518,322,199,123,354,202,152,204,127,77,1630,1044,586,290,203,87,215,137,78,828,531,297,294,176,118
17815,C4920,8,100,District-Hanumangarh,Rural,40-49,3574,2161,1413,492,274,218,374,211,163,135,81,54,1079,649,430,221,138,83,217,128,89,779,512,267,277,168,109
17816,C4920,8,100,District-Hanumangarh,Rural,50-59,3099,1789,1310,564,311,253,404,198,206,98,60,38,925,526,399,115,74,41,166,113,53,550,349,201,277,158,119
17817,C4920,8,100,District-Hanumangarh,Rural,60-69,4498,2206,2292,1167,540,627,638,312,326,74,41,33,1321,633,688,71,46,25,125,73,52,520,298,222,582,263,319
17818,C4920,8,100,District-Hanumangarh,Rural,70-79,4854,2236,2618,1173,540,633,726,335,391,49,24,25,1557,707,850,39,20,19,47,23,24,294,146,148,969,441,528
17819,C4920,8,100,District-Hanumangarh,Rural,80-89,2684,1267,1417,474,199,275,402,220,182,14,10,4,895,411,484,22,13,9,24,10,14,93,50,43,760,354,406
17820,C4920,8,100,District-Hanumangarh,Rural,90+,711,314,397,85,31,54,100,56,44,5,4,1,210,93,117,2,0,2,1,0,1,36,16,20,272,114,158
17821,C4920,8,100,District-Hanumangarh,Rural,Age Not Stated,430,237,193,50,20,30,39,20,19,12,7,5,137,73,64,19,12,7,11,5,6,81,54,27,81,46,35
17822,C4920,8,100,District-Hanumangarh,Urban,Total,6334,3633,2701,955,509,446,801,448,353,361,193,168,1771,1058,713,438,271,167,199,124,75,1133,648,485,676,382,294
17823,C4920,8,100,District-Hanumangarh,Urban,0-4,242,133,109,41,21,20,38,21,17,8,4,4,29,19,10,5,3,2,3,1,2,93,48,45,25,16,9
17824,C4920,8,100,District-Hanumangarh,Urban,5-9,408,230,178,56,31,25,58,37,21,46,29,17,52,36,16,32,12,20,1,1,0,94,47,47,69,37,32
17825,C4920,8,100,District-Hanumangarh,Urban,10-19,1066,613,453,149,87,62,120,62,58,88,43,45,234,143,91,112,66,46,35,21,14,201,113,88,127,78,49
17826,C4920,8,100,District-Hanumangarh,Urban,20-29,1062,639,423,128,73,55,111,62,49,73,39,34,314,199,115,101,59,42,48,32,16,182,110,72,105,65,40
17827,C4920,8,100,District-Hanumangarh,Urban,30-39,893,563,330,82,47,35,97,54,43,58,29,29,307,198,109,66,48,18,42,30,12,172,111,61,69,46,23
17828,C4920,8,100,District-Hanumangarh,Urban,40-49,715,429,286,127,77,50,83,48,35,32,19,13,193,125,68,49,33,16,24,14,10,161,92,69,46,21,25
17829,C4920,8,100,District-Hanumangarh,Urban,50-59,563,346,217,116,64,52,60,37,23,24,16,8,159,108,51,35,22,13,25,16,9,94,45,49,50,38,12
17830,C4920,8,100,District-Hanumangarh,Urban,60-69,568,302,266,102,47,55,86,54,32,11,6,5,210,101,109,25,20,5,9,5,4,75,45,30,50,24,26
17831,C4920,8,100,District-Hanumangarh,Urban,70-79,464,233,231,89,40,49,84,41,43,19,7,12,155,86,69,4,2,2,9,4,5,40,24,16,64,29,35
17832,C4920,8,100,District-Hanumangarh,Urban,80-89,233,97,136,43,14,29,48,25,23,2,1,1,82,31,51,3,2,1,2,0,2,9,5,4,44,19,25
17833,C4920,8,100,District-Hanumangarh,Urban,90+,63,21,42,14,4,10,11,4,7,0,0,0,15,5,10,0,0,0,0,0,0,3,2,1,20,6,14
17834,C4920,8,100,District-Hanumangarh,Urban,Age Not Stated,57,27,30,8,4,4,5,3,2,0,0,0,21,7,14,6,4,2,1,0,1,9,6,3,7,3,4
17835,C4920,8,101,District-Bikaner,Total,Total,37898,21599,16299,6156,3152,3004,5501,2974,2527,2031,1263,768,9775,5752,4023,2310,1569,741,1357,867,490,5542,3271,2271,5226,2751,2475
17836,C4920,8,101,District-Bikaner,Total,0-4,1435,787,648,197,102,95,249,144,105,42,21,21,237,139,98,59,36,23,9,4,5,499,257,242,143,84,59
17837,C4920,8,101,District-Bikaner,Total,5-9,2430,1423,1007,297,166,131,331,161,170,285,176,109,385,258,127,204,120,84,38,24,14,510,285,225,380,233,147
17838,C4920,8,101,District-Bikaner,Total,10-19,5615,3508,2107,618,363,255,710,400,310,576,386,190,1119,715,404,624,423,201,168,109,59,1067,646,421,733,466,267
17839,C4920,8,101,District-Bikaner,Total,20-29,4844,3233,1611,460,284,176,666,419,247,338,214,124,1373,958,415,450,353,97,232,155,77,850,513,337,475,337,138
17840,C4920,8,101,District-Bikaner,Total,30-39,4160,2733,1427,429,253,176,551,338,213,256,159,97,1215,833,382,370,264,106,267,188,79,763,481,282,309,217,92
17841,C4920,8,101,District-Bikaner,Total,40-49,3380,2174,1206,495,304,191,480,304,176,193,109,84,847,582,265,269,175,94,250,156,94,599,379,220,247,165,82
17842,C4920,8,101,District-Bikaner,Total,50-59,3102,1856,1246,633,333,300,475,269,206,142,87,55,841,545,296,164,103,61,179,116,63,439,279,160,229,124,105
17843,C4920,8,101,District-Bikaner,Total,60-69,4410,2102,2308,1057,472,585,742,331,411,105,54,51,1298,625,673,92,55,37,133,72,61,400,223,177,583,270,313
17844,C4920,8,101,District-Bikaner,Total,70-79,4935,2261,2674,1264,568,696,761,362,399,67,39,28,1471,673,798,45,20,25,56,29,27,229,119,110,1042,451,591
17845,C4920,8,101,District-Bikaner,Total,80-89,2686,1171,1515,556,247,309,423,194,229,15,9,6,754,331,423,14,7,7,15,8,7,113,53,60,796,322,474
17846,C4920,8,101,District-Bikaner,Total,90+,686,228,458,124,51,73,79,28,51,4,2,2,176,60,116,2,1,1,3,1,2,38,15,23,260,70,190
17847,C4920,8,101,District-Bikaner,Total,Age Not Stated,215,123,92,26,9,17,34,24,10,8,7,1,59,33,26,17,12,5,7,5,2,35,21,14,29,12,17
17848,C4920,8,101,District-Bikaner,Rural,Total,26514,14984,11530,4534,2293,2241,3435,1812,1623,1268,809,459,7049,4110,2939,1524,1038,486,928,581,347,3773,2257,1516,4003,2084,1919
17849,C4920,8,101,District-Bikaner,Rural,0-4,935,532,403,131,65,66,124,74,50,28,16,12,170,99,71,38,23,15,5,4,1,334,185,149,105,66,39
17850,C4920,8,101,District-Bikaner,Rural,5-9,1747,1019,728,211,118,93,196,99,97,212,134,78,291,196,95,158,87,71,31,18,13,356,189,167,292,178,114
17851,C4920,8,101,District-Bikaner,Rural,10-19,3933,2516,1417,447,271,176,433,253,180,379,263,116,840,541,299,453,319,134,108,73,35,736,452,284,537,344,193
17852,C4920,8,101,District-Bikaner,Rural,20-29,3017,2090,927,277,176,101,322,210,112,206,135,71,920,663,257,262,212,50,148,105,43,564,354,210,318,235,83
17853,C4920,8,101,District-Bikaner,Rural,30-39,2584,1707,877,286,164,122,261,160,101,147,94,53,800,551,249,227,155,72,176,123,53,477,313,164,210,147,63
17854,C4920,8,101,District-Bikaner,Rural,40-49,2208,1412,796,347,207,140,267,166,101,112,64,48,568,384,184,173,119,54,166,90,76,406,261,145,169,121,48
17855,C4920,8,101,District-Bikaner,Rural,50-59,2099,1229,870,457,242,215,300,164,136,66,39,27,573,358,215,98,62,36,128,80,48,302,191,111,175,93,82
17856,C4920,8,101,District-Bikaner,Rural,60-69,3320,1534,1786,801,354,447,556,236,320,58,30,28,968,449,519,69,39,30,109,57,52,290,159,131,469,210,259
17857,C4920,8,101,District-Bikaner,Rural,70-79,3942,1782,2160,1011,451,560,602,271,331,46,25,21,1185,545,640,31,13,18,45,25,20,180,96,84,842,356,486
17858,C4920,8,101,District-Bikaner,Rural,80-89,2091,928,1163,451,200,251,310,152,158,5,2,3,572,265,307,8,4,4,7,4,3,81,35,46,657,266,391
17859,C4920,8,101,District-Bikaner,Rural,90+,520,172,348,98,40,58,49,16,33,4,2,2,128,42,86,2,1,1,2,1,1,29,11,18,208,59,149
17860,C4920,8,101,District-Bikaner,Rural,Age Not Stated,118,63,55,17,5,12,15,11,4,5,5,0,34,17,17,5,4,1,3,1,2,18,11,7,21,9,12
17861,C4920,8,101,District-Bikaner,Urban,Total,11384,6615,4769,1622,859,763,2066,1162,904,763,454,309,2726,1642,1084,786,531,255,429,286,143,1769,1014,755,1223,667,556
17862,C4920,8,101,District-Bikaner,Urban,0-4,500,255,245,66,37,29,125,70,55,14,5,9,67,40,27,21,13,8,4,0,4,165,72,93,38,18,20
17863,C4920,8,101,District-Bikaner,Urban,5-9,683,404,279,86,48,38,135,62,73,73,42,31,94,62,32,46,33,13,7,6,1,154,96,58,88,55,33
17864,C4920,8,101,District-Bikaner,Urban,10-19,1682,992,690,171,92,79,277,147,130,197,123,74,279,174,105,171,104,67,60,36,24,331,194,137,196,122,74
17865,C4920,8,101,District-Bikaner,Urban,20-29,1827,1143,684,183,108,75,344,209,135,132,79,53,453,295,158,188,141,47,84,50,34,286,159,127,157,102,55
17866,C4920,8,101,District-Bikaner,Urban,30-39,1576,1026,550,143,89,54,290,178,112,109,65,44,415,282,133,143,109,34,91,65,26,286,168,118,99,70,29
17867,C4920,8,101,District-Bikaner,Urban,40-49,1172,762,410,148,97,51,213,138,75,81,45,36,279,198,81,96,56,40,84,66,18,193,118,75,78,44,34
17868,C4920,8,101,District-Bikaner,Urban,50-59,1003,627,376,176,91,85,175,105,70,76,48,28,268,187,81,66,41,25,51,36,15,137,88,49,54,31,23
17869,C4920,8,101,District-Bikaner,Urban,60-69,1090,568,522,256,118,138,186,95,91,47,24,23,330,176,154,23,16,7,24,15,9,110,64,46,114,60,54
17870,C4920,8,101,District-Bikaner,Urban,70-79,993,479,514,253,117,136,159,91,68,21,14,7,286,128,158,14,7,7,11,4,7,49,23,26,200,95,105
17871,C4920,8,101,District-Bikaner,Urban,80-89,595,243,352,105,47,58,113,42,71,10,7,3,182,66,116,6,3,3,8,4,4,32,18,14,139,56,83
17872,C4920,8,101,District-Bikaner,Urban,90+,166,56,110,26,11,15,30,12,18,0,0,0,48,18,30,0,0,0,1,0,1,9,4,5,52,11,41
17873,C4920,8,101,District-Bikaner,Urban,Age Not Stated,97,60,37,9,4,5,19,13,6,3,2,1,25,16,9,12,8,4,4,4,0,17,10,7,8,3,5
17874,C4920,8,102,District-Churu,Total,Total,32489,18492,13997,5289,2602,2687,4736,2422,2314,1689,1015,674,8107,5004,3103,2125,1413,712,1011,657,354,5382,3105,2277,4150,2274,1876
17875,C4920,8,102,District-Churu,Total,0-4,1202,661,541,229,119,110,199,94,105,39,26,13,155,108,47,38,19,19,9,5,4,417,219,198,116,71,45
17876,C4920,8,102,District-Churu,Total,5-9,2200,1244,956,295,155,140,304,156,148,240,145,95,308,192,116,184,117,67,41,22,19,486,243,243,342,214,128
17877,C4920,8,102,District-Churu,Total,10-19,5264,3206,2058,662,361,301,674,390,284,480,286,194,972,656,316,635,412,223,144,83,61,971,537,434,726,481,245
17878,C4920,8,102,District-Churu,Total,20-29,4507,2983,1524,416,247,169,518,295,223,267,168,99,1420,1024,396,391,280,111,191,129,62,847,518,329,457,322,135
17879,C4920,8,102,District-Churu,Total,30-39,3779,2463,1316,391,227,164,437,264,173,209,110,99,1163,786,377,327,238,89,213,167,46,745,473,272,294,198,96
17880,C4920,8,102,District-Churu,Total,40-49,3112,1998,1114,400,227,173,396,227,169,159,109,50,865,604,261,246,176,70,171,112,59,654,397,257,221,146,75
17881,C4920,8,102,District-Churu,Total,50-59,2768,1699,1069,513,292,221,385,199,186,113,71,42,767,493,274,150,93,57,113,73,40,494,330,164,233,148,85
17882,C4920,8,102,District-Churu,Total,60-69,3414,1711,1703,841,377,464,653,317,336,106,66,40,893,476,417,92,45,47,78,45,33,386,214,172,365,171,194
17883,C4920,8,102,District-Churu,Total,70-79,3697,1549,2148,991,398,593,727,304,423,56,26,30,937,421,516,42,20,22,37,14,23,232,110,122,675,256,419
17884,C4920,8,102,District-Churu,Total,80-89,1894,724,1170,455,169,286,352,143,209,11,3,8,456,177,279,8,6,2,7,4,3,78,27,51,527,195,332
17885,C4920,8,102,District-Churu,Total,90+,455,143,312,69,19,50,73,22,51,5,1,4,112,32,80,4,3,1,3,0,3,17,5,12,172,61,111
17886,C4920,8,102,District-Churu,Total,Age Not Stated,197,111,86,27,11,16,18,11,7,4,4,0,59,35,24,8,4,4,4,3,1,55,32,23,22,11,11
17887,C4920,8,102,District-Churu,Rural,Total,24572,13886,10686,4063,1968,2095,3406,1758,1648,1257,766,491,6038,3661,2377,1553,1016,537,748,471,277,4254,2485,1769,3253,1761,1492
17888,C4920,8,102,District-Churu,Rural,0-4,878,490,388,149,81,68,122,54,68,29,19,10,110,77,33,28,14,14,7,3,4,339,184,155,94,58,36
17889,C4920,8,102,District-Churu,Rural,5-9,1629,929,700,218,111,107,197,109,88,185,111,74,225,142,83,152,96,56,30,14,16,361,182,179,261,164,97
17890,C4920,8,102,District-Churu,Rural,10-19,3913,2428,1485,488,266,222,449,278,171,352,217,135,725,482,243,486,317,169,105,59,46,747,431,316,561,378,183
17891,C4920,8,102,District-Churu,Rural,20-29,3223,2177,1046,302,182,120,332,199,133,187,118,69,1011,744,267,273,196,77,134,90,44,653,408,245,331,240,91
17892,C4920,8,102,District-Churu,Rural,30-39,2795,1835,960,290,175,115,301,189,112,158,87,71,856,571,285,218,160,58,156,119,37,605,389,216,211,145,66
17893,C4920,8,102,District-Churu,Rural,40-49,2319,1462,857,286,160,126,262,150,112,119,85,34,651,447,204,177,116,61,133,85,48,526,311,215,165,108,57
17894,C4920,8,102,District-Churu,Rural,50-59,2052,1255,797,385,219,166,276,147,129,86,53,33,547,341,206,106,66,40,78,47,31,400,272,128,174,110,64
17895,C4920,8,102,District-Churu,Rural,60-69,2663,1292,1371,668,282,386,510,252,258,78,48,30,689,356,333,69,30,39,67,37,30,303,164,139,279,123,156
17896,C4920,8,102,District-Churu,Rural,70-79,3042,1233,1809,825,325,500,604,243,361,45,21,24,739,319,420,31,13,18,28,11,17,193,88,105,577,213,364
17897,C4920,8,102,District-Churu,Rural,80-89,1551,589,962,379,145,234,280,112,168,9,2,7,359,136,223,5,4,1,7,4,3,69,25,44,443,161,282
17898,C4920,8,102,District-Churu,Rural,90+,356,109,247,51,13,38,59,16,43,5,1,4,86,22,64,2,2,0,1,0,1,11,3,8,141,52,89
17899,C4920,8,102,District-Churu,Rural,Age Not Stated,151,87,64,22,9,13,14,9,5,4,4,0,40,24,16,6,2,4,2,2,0,47,28,19,16,9,7
17900,C4920,8,102,District-Churu,Urban,Total,7917,4606,3311,1226,634,592,1330,664,666,432,249,183,2069,1343,726,572,397,175,263,186,77,1128,620,508,897,513,384
17901,C4920,8,102,District-Churu,Urban,0-4,324,171,153,80,38,42,77,40,37,10,7,3,45,31,14,10,5,5,2,2,0,78,35,43,22,13,9
17902,C4920,8,102,District-Churu,Urban,5-9,571,315,256,77,44,33,107,47,60,55,34,21,83,50,33,32,21,11,11,8,3,125,61,64,81,50,31
17903,C4920,8,102,District-Churu,Urban,10-19,1351,778,573,174,95,79,225,112,113,128,69,59,247,174,73,149,95,54,39,24,15,224,106,118,165,103,62
17904,C4920,8,102,District-Churu,Urban,20-29,1284,806,478,114,65,49,186,96,90,80,50,30,409,280,129,118,84,34,57,39,18,194,110,84,126,82,44
17905,C4920,8,102,District-Churu,Urban,30-39,984,628,356,101,52,49,136,75,61,51,23,28,307,215,92,109,78,31,57,48,9,140,84,56,83,53,30
17906,C4920,8,102,District-Churu,Urban,40-49,793,536,257,114,67,47,134,77,57,40,24,16,214,157,57,69,60,9,38,27,11,128,86,42,56,38,18
17907,C4920,8,102,District-Churu,Urban,50-59,716,444,272,128,73,55,109,52,57,27,18,9,220,152,68,44,27,17,35,26,9,94,58,36,59,38,21
17908,C4920,8,102,District-Churu,Urban,60-69,751,419,332,173,95,78,143,65,78,28,18,10,204,120,84,23,15,8,11,8,3,83,50,33,86,48,38
17909,C4920,8,102,District-Churu,Urban,70-79,655,316,339,166,73,93,123,61,62,11,5,6,198,102,96,11,7,4,9,3,6,39,22,17,98,43,55
17910,C4920,8,102,District-Churu,Urban,80-89,343,135,208,76,24,52,72,31,41,2,1,1,97,41,56,3,2,1,0,0,0,9,2,7,84,34,50
17911,C4920,8,102,District-Churu,Urban,90+,99,34,65,18,6,12,14,6,8,0,0,0,26,10,16,2,1,1,2,0,2,6,2,4,31,9,22
17912,C4920,8,102,District-Churu,Urban,Age Not Stated,46,24,22,5,2,3,4,2,2,0,0,0,19,11,8,2,2,0,2,1,1,8,4,4,6,2,4
17913,C4920,8,103,District-Jhunjhunun,Total,Total,39254,21957,17297,7537,3681,3856,4974,2412,2562,1564,989,575,10854,6565,4289,2505,1746,759,1303,882,421,4519,2636,1883,5998,3046,2952
17914,C4920,8,103,District-Jhunjhunun,Total,0-4,892,497,395,152,80,72,125,63,62,23,8,15,152,101,51,49,32,17,9,3,6,262,139,123,120,71,49
17915,C4920,8,103,District-Jhunjhunun,Total,5-9,1940,1192,748,235,134,101,202,104,98,216,135,81,359,238,121,214,138,76,43,21,22,299,175,124,372,247,125
17916,C4920,8,103,District-Jhunjhunun,Total,10-19,5299,3383,1916,619,366,253,527,308,219,392,267,125,1130,768,362,777,527,250,201,126,75,768,438,330,885,583,302
17917,C4920,8,103,District-Jhunjhunun,Total,20-29,4470,3078,1392,444,266,178,384,236,148,265,188,77,1601,1163,438,461,364,97,214,160,54,569,332,237,532,369,163
17918,C4920,8,103,District-Jhunjhunun,Total,30-39,4028,2697,1331,484,292,192,332,202,130,183,108,75,1369,958,411,374,277,97,275,203,72,675,420,255,336,237,99
17919,C4920,8,103,District-Jhunjhunun,Total,40-49,3724,2435,1289,687,391,296,352,198,154,183,106,77,1101,772,329,273,204,69,214,155,59,618,410,208,296,199,97
17920,C4920,8,103,District-Jhunjhunun,Total,50-59,3566,2154,1412,839,454,385,456,233,223,128,82,46,1032,683,349,155,104,51,160,102,58,483,302,181,313,194,119
17921,C4920,8,103,District-Jhunjhunun,Total,60-69,5078,2462,2616,1512,693,819,790,353,437,85,50,35,1403,727,676,107,50,57,116,74,42,423,233,190,642,282,360
17922,C4920,8,103,District-Jhunjhunun,Total,70-79,5735,2425,3310,1591,644,947,1023,429,594,51,25,26,1587,742,845,67,31,36,42,23,19,254,110,144,1120,421,699
17923,C4920,8,103,District-Jhunjhunun,Total,80-89,3284,1219,2065,776,303,473,610,221,389,24,12,12,823,307,516,14,7,7,18,5,13,108,48,60,911,316,595
17924,C4920,8,103,District-Jhunjhunun,Total,90+,975,269,706,159,43,116,143,52,91,5,2,3,222,67,155,3,2,1,1,1,0,29,7,22,413,95,318
17925,C4920,8,103,District-Jhunjhunun,Total,Age Not Stated,263,146,117,39,15,24,30,13,17,9,6,3,75,39,36,11,10,1,10,9,1,31,22,9,58,32,26
17926,C4920,8,103,District-Jhunjhunun,Rural,Total,31059,17371,13688,5835,2775,3060,4019,1969,2050,1188,755,433,8688,5290,3398,1960,1369,591,993,670,323,3530,2079,1451,4846,2464,2382
17927,C4920,8,103,District-Jhunjhunun,Rural,0-4,704,392,312,107,58,49,104,54,50,17,5,12,124,81,43,43,27,16,6,3,3,194,98,96,109,66,43
17928,C4920,8,103,District-Jhunjhunun,Rural,5-9,1516,946,570,165,95,70,157,84,73,154,98,56,293,200,93,173,108,65,33,15,18,235,138,97,306,208,98
17929,C4920,8,103,District-Jhunjhunun,Rural,10-19,4070,2610,1460,469,282,187,407,235,172,292,199,93,876,602,274,620,421,199,155,95,60,595,341,254,656,435,221
17930,C4920,8,103,District-Jhunjhunun,Rural,20-29,3464,2434,1030,300,183,117,307,187,120,200,144,56,1292,957,335,351,284,67,163,123,40,432,262,170,419,294,125
17931,C4920,8,103,District-Jhunjhunun,Rural,30-39,3098,2107,991,326,202,124,246,155,91,144,83,61,1114,783,331,278,206,72,209,155,54,509,328,181,272,195,77
17932,C4920,8,103,District-Jhunjhunun,Rural,40-49,2868,1903,965,449,251,198,273,158,115,144,86,58,890,634,256,206,155,51,163,114,49,502,342,160,241,163,78
17933,C4920,8,103,District-Jhunjhunun,Rural,50-59,2742,1674,1068,610,325,285,359,194,165,102,67,35,798,530,268,124,83,41,120,77,43,378,238,140,251,160,91
17934,C4920,8,103,District-Jhunjhunun,Rural,60-69,4075,1958,2117,1219,538,681,644,284,360,65,40,25,1102,578,524,89,41,48,92,59,33,333,183,150,531,235,296
17935,C4920,8,103,District-Jhunjhunun,Rural,70-79,4716,1983,2733,1343,530,813,867,375,492,41,18,23,1252,579,673,51,27,24,35,18,17,217,92,125,910,344,566
17936,C4920,8,103,District-Jhunjhunun,Rural,80-89,2778,1021,1757,678,261,417,511,189,322,19,9,10,698,255,443,14,7,7,10,4,6,91,37,54,757,259,498
17937,C4920,8,103,District-Jhunjhunun,Rural,90+,811,222,589,137,37,100,119,41,78,3,1,2,185,59,126,3,2,1,1,1,0,20,3,17,343,78,265
17938,C4920,8,103,District-Jhunjhunun,Rural,Age Not Stated,217,121,96,32,13,19,25,13,12,7,5,2,64,32,32,8,8,0,6,6,0,24,17,7,51,27,24
17939,C4920,8,103,District-Jhunjhunun,Urban,Total,8195,4586,3609,1702,906,796,955,443,512,376,234,142,2166,1275,891,545,377,168,310,212,98,989,557,432,1152,582,570
17940,C4920,8,103,District-Jhunjhunun,Urban,0-4,188,105,83,45,22,23,21,9,12,6,3,3,28,20,8,6,5,1,3,0,3,68,41,27,11,5,6
17941,C4920,8,103,District-Jhunjhunun,Urban,5-9,424,246,178,70,39,31,45,20,25,62,37,25,66,38,28,41,30,11,10,6,4,64,37,27,66,39,27
17942,C4920,8,103,District-Jhunjhunun,Urban,10-19,1229,773,456,150,84,66,120,73,47,100,68,32,254,166,88,157,106,51,46,31,15,173,97,76,229,148,81
17943,C4920,8,103,District-Jhunjhunun,Urban,20-29,1006,644,362,144,83,61,77,49,28,65,44,21,309,206,103,110,80,30,51,37,14,137,70,67,113,75,38
17944,C4920,8,103,District-Jhunjhunun,Urban,30-39,930,590,340,158,90,68,86,47,39,39,25,14,255,175,80,96,71,25,66,48,18,166,92,74,64,42,22
17945,C4920,8,103,District-Jhunjhunun,Urban,40-49,856,532,324,238,140,98,79,40,39,39,20,19,211,138,73,67,49,18,51,41,10,116,68,48,55,36,19
17946,C4920,8,103,District-Jhunjhunun,Urban,50-59,824,480,344,229,129,100,97,39,58,26,15,11,234,153,81,31,21,10,40,25,15,105,64,41,62,34,28
17947,C4920,8,103,District-Jhunjhunun,Urban,60-69,1003,504,499,293,155,138,146,69,77,20,10,10,301,149,152,18,9,9,24,15,9,90,50,40,111,47,64
17948,C4920,8,103,District-Jhunjhunun,Urban,70-79,1019,442,577,248,114,134,156,54,102,10,7,3,335,163,172,16,4,12,7,5,2,37,18,19,210,77,133
17949,C4920,8,103,District-Jhunjhunun,Urban,80-89,506,198,308,98,42,56,99,32,67,5,3,2,125,52,73,0,0,0,8,1,7,17,11,6,154,57,97
17950,C4920,8,103,District-Jhunjhunun,Urban,90+,164,47,117,22,6,16,24,11,13,2,1,1,37,8,29,0,0,0,0,0,0,9,4,5,70,17,53
17951,C4920,8,103,District-Jhunjhunun,Urban,Age Not Stated,46,25,21,7,2,5,5,0,5,2,1,1,11,7,4,3,2,1,4,3,1,7,5,2,7,5,2
17952,C4920,8,104,District-Alwar,Total,Total,82242,45568,36674,16537,8303,8234,12458,6625,5833,3747,2284,1463,22598,13347,9251,3749,2468,1281,1655,1022,633,9140,5335,3805,12358,6184,6174
17953,C4920,8,104,District-Alwar,Total,0-4,2847,1594,1253,567,315,252,699,372,327,85,47,38,334,217,117,106,59,47,18,13,5,801,450,351,237,121,116
17954,C4920,8,104,District-Alwar,Total,5-9,4478,2620,1858,718,379,339,906,508,398,439,261,178,661,409,252,417,264,153,90,52,38,668,367,301,579,380,199
17955,C4920,8,104,District-Alwar,Total,10-19,11315,7007,4308,1608,921,687,1789,996,793,941,610,331,2453,1608,845,1171,779,392,344,222,122,1606,919,687,1403,952,451
17956,C4920,8,104,District-Alwar,Total,20-29,10070,6422,3648,1262,705,557,1410,797,613,667,405,262,3503,2401,1102,718,506,212,300,204,96,1429,848,581,781,556,225
17957,C4920,8,104,District-Alwar,Total,30-39,8472,5409,3063,1124,642,482,1188,697,491,534,313,221,2989,2033,956,520,349,171,296,194,102,1284,836,448,537,345,192
17958,C4920,8,104,District-Alwar,Total,40-49,7075,4385,2690,1376,802,574,1112,602,510,416,251,165,1932,1322,610,383,253,130,252,154,98,1167,716,451,437,285,152
17959,C4920,8,104,District-Alwar,Total,50-59,6503,3644,2859,1755,894,861,1008,528,480,241,151,90,1798,1076,722,210,124,86,154,87,67,773,466,307,564,318,246
17960,C4920,8,104,District-Alwar,Total,60-69,10944,5004,5940,3345,1474,1871,1669,754,915,252,142,110,3079,1499,1580,159,95,64,116,56,60,704,376,328,1620,608,1012
17961,C4920,8,104,District-Alwar,Total,70-79,12161,5582,6579,3161,1416,1745,1688,849,839,113,67,46,3595,1688,1907,47,30,17,58,24,34,479,241,238,3020,1267,1753
17962,C4920,8,104,District-Alwar,Total,80-89,6376,3007,3369,1318,627,691,777,417,360,43,28,15,1781,861,920,13,6,7,22,13,9,168,79,89,2254,976,1278
17963,C4920,8,104,District-Alwar,Total,90+,1952,866,1086,294,123,171,207,103,104,13,8,5,464,226,238,4,2,2,5,3,2,50,30,20,915,371,544
17964,C4920,8,104,District-Alwar,Total,Age Not Stated,49,28,21,9,5,4,5,2,3,3,1,2,9,7,2,1,1,0,0,0,0,11,7,4,11,5,6
17965,C4920,8,104,District-Alwar,Rural,Total,68126,37705,30421,13306,6608,6698,10323,5478,4845,2982,1845,1137,19029,11303,7726,3129,2065,1064,1322,819,503,7305,4247,3058,10730,5340,5390
17966,C4920,8,104,District-Alwar,Rural,0-4,2347,1317,1030,432,237,195,596,316,280,65,37,28,292,193,99,85,47,38,15,10,5,655,372,283,207,105,102
17967,C4920,8,104,District-Alwar,Rural,5-9,3777,2224,1553,569,299,270,742,423,319,373,228,145,580,364,216,381,243,138,76,47,29,557,299,258,499,321,178
17968,C4920,8,104,District-Alwar,Rural,10-19,9409,5830,3579,1264,729,535,1473,815,658,770,502,268,2140,1388,752,996,667,329,268,175,93,1316,746,570,1182,808,374
17969,C4920,8,104,District-Alwar,Rural,20-29,8127,5254,2873,894,510,384,1149,664,485,524,323,201,3001,2072,929,577,403,174,243,168,75,1087,647,440,652,467,185
17970,C4920,8,104,District-Alwar,Rural,30-39,6658,4314,2344,816,478,338,920,542,378,403,247,156,2438,1683,755,404,275,129,228,147,81,1015,662,353,434,280,154
17971,C4920,8,104,District-Alwar,Rural,40-49,5429,3387,2042,942,552,390,869,466,403,302,185,117,1525,1055,470,320,216,104,198,120,78,921,562,359,352,231,121
17972,C4920,8,104,District-Alwar,Rural,50-59,5100,2847,2253,1305,640,665,802,422,380,193,119,74,1430,864,566,176,101,75,123,67,56,607,374,233,464,260,204
17973,C4920,8,104,District-Alwar,Rural,60-69,9186,4140,5046,2831,1228,1603,1420,626,794,204,115,89,2549,1249,1300,134,78,56,97,48,49,548,282,266,1403,514,889
17974,C4920,8,104,District-Alwar,Rural,70-79,10617,4866,5751,2789,1251,1538,1471,737,734,95,55,40,3089,1451,1638,42,27,15,50,22,28,406,208,198,2675,1115,1560
17975,C4920,8,104,District-Alwar,Rural,80-89,5680,2718,2962,1193,570,623,692,372,320,38,25,13,1565,777,788,10,5,5,20,12,8,146,67,79,2016,890,1126
17976,C4920,8,104,District-Alwar,Rural,90+,1760,786,974,266,111,155,184,93,91,12,8,4,412,201,211,3,2,1,4,3,1,41,24,17,838,344,494
17977,C4920,8,104,District-Alwar,Rural,Age Not Stated,36,22,14,5,3,2,5,2,3,3,1,2,8,6,2,1,1,0,0,0,0,6,4,2,8,5,3
17978,C4920,8,104,District-Alwar,Urban,Total,14116,7863,6253,3231,1695,1536,2135,1147,988,765,439,326,3569,2044,1525,620,403,217,333,203,130,1835,1088,747,1628,844,784
17979,C4920,8,104,District-Alwar,Urban,0-4,500,277,223,135,78,57,103,56,47,20,10,10,42,24,18,21,12,9,3,3,0,146,78,68,30,16,14
17980,C4920,8,104,District-Alwar,Urban,5-9,701,396,305,149,80,69,164,85,79,66,33,33,81,45,36,36,21,15,14,5,9,111,68,43,80,59,21
17981,C4920,8,104,District-Alwar,Urban,10-19,1906,1177,729,344,192,152,316,181,135,171,108,63,313,220,93,175,112,63,76,47,29,290,173,117,221,144,77
17982,C4920,8,104,District-Alwar,Urban,20-29,1943,1168,775,368,195,173,261,133,128,143,82,61,502,329,173,141,103,38,57,36,21,342,201,141,129,89,40
17983,C4920,8,104,District-Alwar,Urban,30-39,1814,1095,719,308,164,144,268,155,113,131,66,65,551,350,201,116,74,42,68,47,21,269,174,95,103,65,38
17984,C4920,8,104,District-Alwar,Urban,40-49,1646,998,648,434,250,184,243,136,107,114,66,48,407,267,140,63,37,26,54,34,20,246,154,92,85,54,31
17985,C4920,8,104,District-Alwar,Urban,50-59,1403,797,606,450,254,196,206,106,100,48,32,16,368,212,156,34,23,11,31,20,11,166,92,74,100,58,42
17986,C4920,8,104,District-Alwar,Urban,60-69,1758,864,894,514,246,268,249,128,121,48,27,21,530,250,280,25,17,8,19,8,11,156,94,62,217,94,123
17987,C4920,8,104,District-Alwar,Urban,70-79,1544,716,828,372,165,207,217,112,105,18,12,6,506,237,269,5,3,2,8,2,6,73,33,40,345,152,193
17988,C4920,8,104,District-Alwar,Urban,80-89,696,289,407,125,57,68,85,45,40,5,3,2,216,84,132,3,1,2,2,1,1,22,12,10,238,86,152
17989,C4920,8,104,District-Alwar,Urban,90+,192,80,112,28,12,16,23,10,13,1,0,1,52,25,27,1,0,1,1,0,1,9,6,3,77,27,50
17990,C4920,8,104,District-Alwar,Urban,Age Not Stated,13,6,7,4,2,2,0,0,0,0,0,0,1,1,0,0,0,0,0,0,0,5,3,2,3,0,3
17991,C4920,8,105,District-Bharatpur,Total,Total,47542,27116,20426,7507,3660,3847,7125,3839,3286,2473,1551,922,13457,8186,5271,2435,1639,796,1060,674,386,7837,4573,3264,5648,2994,2654
17992,C4920,8,105,District-Bharatpur,Total,0-4,2143,1212,931,312,162,150,419,210,209,54,28,26,263,154,109,86,57,29,10,7,3,790,444,346,209,150,59
17993,C4920,8,105,District-Bharatpur,Total,5-9,3139,1787,1352,427,212,215,522,277,245,316,192,124,506,322,184,239,149,90,40,24,16,717,366,351,372,245,127
17994,C4920,8,105,District-Bharatpur,Total,10-19,8049,5020,3029,826,469,357,1125,636,489,663,435,228,1987,1304,683,870,596,274,201,131,70,1508,864,644,869,585,284
17995,C4920,8,105,District-Bharatpur,Total,20-29,6588,4325,2263,548,334,214,915,550,365,444,282,162,2341,1640,701,455,341,114,213,146,67,1224,723,501,448,309,139
17996,C4920,8,105,District-Bharatpur,Total,30-39,5238,3323,1915,518,277,241,700,415,285,297,183,114,1810,1219,591,328,200,128,228,149,79,1067,678,389,290,202,88
17997,C4920,8,105,District-Bharatpur,Total,40-49,3984,2504,1480,542,299,243,597,360,237,275,162,113,1118,761,357,225,150,75,181,118,63,842,530,312,204,124,80
17998,C4920,8,105,District-Bharatpur,Total,50-59,3491,2011,1480,720,373,347,575,287,288,184,124,60,949,602,347,118,74,44,82,38,44,627,395,232,236,118,118
17999,C4920,8,105,District-Bharatpur,Total,60-69,5320,2460,2860,1408,597,811,873,410,463,133,75,58,1552,744,808,58,33,25,63,34,29,542,283,259,691,284,407
18000,C4920,8,105,District-Bharatpur,Total,70-79,5575,2531,3044,1430,601,829,883,415,468,64,38,26,1699,810,889,27,19,8,28,17,11,305,165,140,1139,466,673
18001,C4920,8,105,District-Bharatpur,Total,80-89,2865,1368,1497,607,270,337,341,172,169,22,16,6,916,474,442,13,7,6,8,5,3,121,71,50,837,353,484
18002,C4920,8,105,District-Bharatpur,Total,90+,857,396,461,134,53,81,113,65,48,9,6,3,248,113,135,1,1,0,2,2,0,32,17,15,318,139,179
18003,C4920,8,105,District-Bharatpur,Total,Age Not Stated,293,179,114,35,13,22,62,42,20,12,10,2,68,43,25,15,12,3,4,3,1,62,37,25,35,19,16
18004,C4920,8,105,District-Bharatpur,Rural,Total,39318,22362,16956,6618,3208,3410,5646,3028,2618,2033,1276,757,11102,6789,4313,1934,1288,646,848,514,334,6241,3692,2549,4896,2567,2329
18005,C4920,8,105,District-Bharatpur,Rural,0-4,1805,1022,783,290,150,140,334,166,168,50,26,24,222,131,91,68,43,25,9,6,3,656,374,282,176,126,50
18006,C4920,8,105,District-Bharatpur,Rural,5-9,2643,1500,1143,379,191,188,424,221,203,273,168,105,430,269,161,211,130,81,27,14,13,579,296,283,320,211,109
18007,C4920,8,105,District-Bharatpur,Rural,10-19,6544,4114,2430,683,379,304,866,493,373,565,376,189,1620,1069,551,708,487,221,155,98,57,1238,725,513,709,487,222
18008,C4920,8,105,District-Bharatpur,Rural,20-29,5208,3465,1743,462,277,185,662,404,258,354,217,137,1913,1368,545,344,262,82,173,113,60,950,580,370,350,244,106
18009,C4920,8,105,District-Bharatpur,Rural,30-39,4073,2586,1487,414,227,187,521,299,222,243,152,91,1408,965,443,242,137,105,184,114,70,836,535,301,225,157,68
18010,C4920,8,105,District-Bharatpur,Rural,40-49,3073,1949,1124,452,253,199,429,262,167,211,123,88,872,603,269,172,113,59,147,90,57,623,402,221,167,103,64
18011,C4920,8,105,District-Bharatpur,Rural,50-59,2770,1584,1186,629,323,306,434,213,221,149,100,49,767,486,281,91,52,39,62,28,34,453,292,161,185,90,95
18012,C4920,8,105,District-Bharatpur,Rural,60-69,4639,2125,2514,1284,540,744,765,362,403,104,58,46,1314,628,686,52,29,23,54,29,25,446,231,215,620,248,372
18013,C4920,8,105,District-Bharatpur,Rural,70-79,4953,2236,2717,1313,555,758,750,356,394,49,29,20,1471,697,774,19,15,4,26,15,11,267,142,125,1058,427,631
18014,C4920,8,105,District-Bharatpur,Rural,80-89,2577,1259,1318,548,248,300,309,158,151,16,13,3,815,432,383,11,7,4,8,5,3,107,65,42,763,331,432
18015,C4920,8,105,District-Bharatpur,Rural,90+,757,353,404,129,52,77,95,55,40,7,4,3,206,101,105,1,1,0,1,1,0,29,14,15,289,125,164
18016,C4920,8,105,District-Bharatpur,Rural,Age Not Stated,276,169,107,35,13,22,57,39,18,12,10,2,64,40,24,15,12,3,2,1,1,57,36,21,34,18,16
18017,C4920,8,105,District-Bharatpur,Urban,Total,8224,4754,3470,889,452,437,1479,811,668,440,275,165,2355,1397,958,501,351,150,212,160,52,1596,881,715,752,427,325
18018,C4920,8,105,District-Bharatpur,Urban,0-4,338,190,148,22,12,10,85,44,41,4,2,2,41,23,18,18,14,4,1,1,0,134,70,64,33,24,9
18019,C4920,8,105,District-Bharatpur,Urban,5-9,496,287,209,48,21,27,98,56,42,43,24,19,76,53,23,28,19,9,13,10,3,138,70,68,52,34,18
18020,C4920,8,105,District-Bharatpur,Urban,10-19,1505,906,599,143,90,53,259,143,116,98,59,39,367,235,132,162,109,53,46,33,13,270,139,131,160,98,62
18021,C4920,8,105,District-Bharatpur,Urban,20-29,1380,860,520,86,57,29,253,146,107,90,65,25,428,272,156,111,79,32,40,33,7,274,143,131,98,65,33
18022,C4920,8,105,District-Bharatpur,Urban,30-39,1165,737,428,104,50,54,179,116,63,54,31,23,402,254,148,86,63,23,44,35,9,231,143,88,65,45,20
18023,C4920,8,105,District-Bharatpur,Urban,40-49,911,555,356,90,46,44,168,98,70,64,39,25,246,158,88,53,37,16,34,28,6,219,128,91,37,21,16
18024,C4920,8,105,District-Bharatpur,Urban,50-59,721,427,294,91,50,41,141,74,67,35,24,11,182,116,66,27,22,5,20,10,10,174,103,71,51,28,23
18025,C4920,8,105,District-Bharatpur,Urban,60-69,681,335,346,124,57,67,108,48,60,29,17,12,238,116,122,6,4,2,9,5,4,96,52,44,71,36,35
18026,C4920,8,105,District-Bharatpur,Urban,70-79,622,295,327,117,46,71,133,59,74,15,9,6,228,113,115,8,4,4,2,2,0,38,23,15,81,39,42
18027,C4920,8,105,District-Bharatpur,Urban,80-89,288,109,179,59,22,37,32,14,18,6,3,3,101,42,59,2,0,2,0,0,0,14,6,8,74,22,52
18028,C4920,8,105,District-Bharatpur,Urban,90+,100,43,57,5,1,4,18,10,8,2,2,0,42,12,30,0,0,0,1,1,0,3,3,0,29,14,15
18029,C4920,8,105,District-Bharatpur,Urban,Age Not Stated,17,10,7,0,0,0,5,3,2,0,0,0,4,3,1,0,0,0,2,2,0,5,1,4,1,1,0
18030,C4920,8,106,District-Dhaulpur,Total,Total,21006,12504,8502,3519,1710,1809,2411,1331,1080,967,600,367,6912,4439,2473,1220,840,380,445,296,149,3108,1913,1195,2424,1375,1049
18031,C4920,8,106,District-Dhaulpur,Total,0-4,803,460,343,94,49,45,121,66,55,27,16,11,148,86,62,27,19,8,9,5,4,300,167,133,77,52,25
18032,C4920,8,106,District-Dhaulpur,Total,5-9,1353,842,511,131,73,58,159,88,71,150,86,64,275,178,97,124,83,41,40,28,12,282,172,110,192,134,58
18033,C4920,8,106,District-Dhaulpur,Total,10-19,3807,2549,1258,295,187,108,384,235,149,289,192,97,1257,867,390,467,334,133,114,82,32,563,348,215,438,304,134
18034,C4920,8,106,District-Dhaulpur,Total,20-29,3045,2121,924,200,133,67,280,170,110,159,104,55,1413,1013,400,218,158,60,92,67,25,459,301,158,224,175,49
18035,C4920,8,106,District-Dhaulpur,Total,30-39,2269,1495,774,213,137,76,227,136,91,113,64,49,973,655,318,175,121,54,59,41,18,394,256,138,115,85,30
18036,C4920,8,106,District-Dhaulpur,Total,40-49,1784,1153,631,273,149,124,214,140,74,99,62,37,580,408,172,100,68,32,71,40,31,361,234,127,86,52,34
18037,C4920,8,106,District-Dhaulpur,Total,50-59,1570,906,664,384,173,211,201,108,93,49,28,21,468,311,157,51,32,19,30,17,13,268,178,90,119,59,60
18038,C4920,8,106,District-Dhaulpur,Total,60-69,2384,1111,1273,748,297,451,334,157,177,44,28,16,675,356,319,37,17,20,21,11,10,229,123,106,296,122,174
18039,C4920,8,106,District-Dhaulpur,Total,70-79,2497,1149,1348,786,327,459,320,146,174,14,9,5,716,358,358,15,7,8,5,3,2,168,90,78,473,209,264
18040,C4920,8,106,District-Dhaulpur,Total,80-89,1087,526,561,302,146,156,122,60,62,15,7,8,311,166,145,5,1,4,4,2,2,46,22,24,282,122,160
18041,C4920,8,106,District-Dhaulpur,Total,90+,361,164,197,89,35,54,46,23,23,1,1,0,92,39,53,0,0,0,0,0,0,13,6,7,120,60,60
18042,C4920,8,106,District-Dhaulpur,Total,Age Not Stated,46,28,18,4,4,0,3,2,1,7,3,4,4,2,2,1,0,1,0,0,0,25,16,9,2,1,1
18043,C4920,8,106,District-Dhaulpur,Rural,Total,17371,10267,7104,3071,1481,1590,1930,1065,865,764,474,290,5680,3644,2036,986,675,311,360,232,128,2484,1524,960,2096,1172,924
18044,C4920,8,106,District-Dhaulpur,Rural,0-4,651,374,277,72,35,37,99,51,48,23,14,9,123,73,50,24,19,5,8,5,3,240,137,103,62,40,22
18045,C4920,8,106,District-Dhaulpur,Rural,5-9,1093,675,418,100,57,43,121,70,51,124,68,56,227,144,83,97,62,35,35,26,9,230,139,91,159,109,50
18046,C4920,8,106,District-Dhaulpur,Rural,10-19,3065,2065,1000,234,148,86,293,182,111,233,156,77,1027,716,311,390,277,113,93,64,29,447,281,166,348,241,107
18047,C4920,8,106,District-Dhaulpur,Rural,20-29,2426,1712,714,167,113,54,208,129,79,128,86,42,1135,822,313,172,124,48,74,54,20,368,243,125,174,141,33
18048,C4920,8,106,District-Dhaulpur,Rural,30-39,1757,1161,596,177,116,61,172,103,69,79,46,33,758,518,240,137,92,45,40,24,16,305,196,109,89,66,23
18049,C4920,8,106,District-Dhaulpur,Rural,40-49,1402,909,493,225,128,97,165,107,58,72,45,27,467,333,134,82,57,25,59,32,27,264,170,94,68,37,31
18050,C4920,8,106,District-Dhaulpur,Rural,50-59,1276,729,547,338,149,189,152,85,67,36,20,16,372,245,127,37,25,12,26,14,12,211,139,72,104,52,52
18051,C4920,8,106,District-Dhaulpur,Rural,60-69,2098,955,1143,681,266,415,290,135,155,38,22,16,579,298,281,28,12,16,18,9,9,194,103,91,270,110,160
18052,C4920,8,106,District-Dhaulpur,Rural,70-79,2261,1037,1224,722,300,422,286,127,159,10,8,2,634,316,318,14,6,8,4,3,1,148,77,71,443,200,243
18053,C4920,8,106,District-Dhaulpur,Rural,80-89,974,472,502,272,133,139,104,54,50,13,5,8,273,142,131,4,1,3,3,1,2,43,19,24,262,117,145
18054,C4920,8,106,District-Dhaulpur,Rural,90+,328,154,174,81,34,47,38,20,18,1,1,0,81,35,46,0,0,0,0,0,0,12,6,6,115,58,57
18055,C4920,8,106,District-Dhaulpur,Rural,Age Not Stated,40,24,16,2,2,0,2,2,0,7,3,4,4,2,2,1,0,1,0,0,0,22,14,8,2,1,1
18056,C4920,8,106,District-Dhaulpur,Urban,Total,3635,2237,1398,448,229,219,481,266,215,203,126,77,1232,795,437,234,165,69,85,64,21,624,389,235,328,203,125
18057,C4920,8,106,District-Dhaulpur,Urban,0-4,152,86,66,22,14,8,22,15,7,4,2,2,25,13,12,3,0,3,1,0,1,60,30,30,15,12,3
18058,C4920,8,106,District-Dhaulpur,Urban,5-9,260,167,93,31,16,15,38,18,20,26,18,8,48,34,14,27,21,6,5,2,3,52,33,19,33,25,8
18059,C4920,8,106,District-Dhaulpur,Urban,10-19,742,484,258,61,39,22,91,53,38,56,36,20,230,151,79,77,57,20,21,18,3,116,67,49,90,63,27
18060,C4920,8,106,District-Dhaulpur,Urban,20-29,619,409,210,33,20,13,72,41,31,31,18,13,278,191,87,46,34,12,18,13,5,91,58,33,50,34,16
18061,C4920,8,106,District-Dhaulpur,Urban,30-39,512,334,178,36,21,15,55,33,22,34,18,16,215,137,78,38,29,9,19,17,2,89,60,29,26,19,7
18062,C4920,8,106,District-Dhaulpur,Urban,40-49,382,244,138,48,21,27,49,33,16,27,17,10,113,75,38,18,11,7,12,8,4,97,64,33,18,15,3
18063,C4920,8,106,District-Dhaulpur,Urban,50-59,294,177,117,46,24,22,49,23,26,13,8,5,96,66,30,14,7,7,4,3,1,57,39,18,15,7,8
18064,C4920,8,106,District-Dhaulpur,Urban,60-69,286,156,130,67,31,36,44,22,22,6,6,0,96,58,38,9,5,4,3,2,1,35,20,15,26,12,14
18065,C4920,8,106,District-Dhaulpur,Urban,70-79,236,112,124,64,27,37,34,19,15,4,1,3,82,42,40,1,1,0,1,0,1,20,13,7,30,9,21
18066,C4920,8,106,District-Dhaulpur,Urban,80-89,113,54,59,30,13,17,18,6,12,2,2,0,38,24,14,1,0,1,1,1,0,3,3,0,20,5,15
18067,C4920,8,106,District-Dhaulpur,Urban,90+,33,10,23,8,1,7,8,3,5,0,0,0,11,4,7,0,0,0,0,0,0,1,0,1,5,2,3
18068,C4920,8,106,District-Dhaulpur,Urban,Age Not Stated,6,4,2,2,2,0,1,0,1,0,0,0,0,0,0,0,0,0,0,0,0,3,2,1,0,0,0
18069,C4920,8,107,District-Karauli,Total,Total,31318,17818,13500,6157,3066,3091,4256,2305,1951,1126,718,408,8705,5244,3461,1447,1005,442,674,455,219,4740,2819,1921,4213,2206,2007
18070,C4920,8,107,District-Karauli,Total,0-4,1223,693,530,259,132,127,182,90,92,25,16,9,164,99,65,50,31,19,19,15,4,429,244,185,95,66,29
18071,C4920,8,107,District-Karauli,Total,5-9,1769,1041,728,287,159,128,251,130,121,162,106,56,318,195,123,147,96,51,34,20,14,321,174,147,249,161,88
18072,C4920,8,107,District-Karauli,Total,10-19,4726,3039,1687,661,388,273,620,389,231,342,228,114,1081,726,355,465,329,136,108,73,35,867,515,352,582,391,191
18073,C4920,8,107,District-Karauli,Total,20-29,3771,2569,1202,452,287,165,482,302,180,196,134,62,1242,891,351,261,202,59,134,102,32,729,455,274,275,196,79
18074,C4920,8,107,District-Karauli,Total,30-39,3135,2034,1101,414,242,172,406,243,163,131,82,49,1008,675,333,198,147,51,124,95,29,660,419,241,194,131,63
18075,C4920,8,107,District-Karauli,Total,40-49,2647,1661,986,417,243,174,347,189,158,109,63,46,805,542,263,155,99,56,105,62,43,538,352,186,171,111,60
18076,C4920,8,107,District-Karauli,Total,50-59,2467,1386,1081,525,269,256,353,187,166,59,32,27,783,488,295,91,54,37,62,36,26,401,226,175,193,94,99
18077,C4920,8,107,District-Karauli,Total,60-69,4284,2007,2277,1254,512,742,658,304,354,51,28,23,1270,644,626,46,29,17,45,27,18,406,235,171,554,228,326
18078,C4920,8,107,District-Karauli,Total,70-79,4614,2128,2486,1318,569,749,627,300,327,34,21,13,1317,651,666,23,11,12,24,14,10,254,134,120,1017,428,589
18079,C4920,8,107,District-Karauli,Total,80-89,1965,937,1028,447,210,237,251,132,119,9,4,5,527,243,284,3,1,2,9,5,4,81,42,39,638,300,338
18080,C4920,8,107,District-Karauli,Total,90+,549,235,314,98,46,52,58,28,30,5,2,3,130,58,72,1,1,0,3,1,2,25,10,15,229,89,140
18081,C4920,8,107,District-Karauli,Total,Age Not Stated,168,88,80,25,9,16,21,11,10,3,2,1,60,32,28,7,5,2,7,5,2,29,13,16,16,11,5
18082,C4920,8,107,District-Karauli,Rural,Total,27189,15420,11769,5320,2646,2674,3713,2014,1699,987,630,357,7570,4522,3048,1200,837,363,558,374,184,4137,2457,1680,3704,1940,1764
18083,C4920,8,107,District-Karauli,Rural,0-4,1043,595,448,209,106,103,160,82,78,21,14,7,129,78,51,40,25,15,17,14,3,389,221,168,78,55,23
18084,C4920,8,107,District-Karauli,Rural,5-9,1500,879,621,231,133,98,214,107,107,147,93,54,270,161,109,123,81,42,29,18,11,282,151,131,204,135,69
18085,C4920,8,107,District-Karauli,Rural,10-19,4029,2612,1417,553,328,225,520,332,188,305,206,99,933,634,299,390,280,110,95,66,29,741,435,306,492,331,161
18086,C4920,8,107,District-Karauli,Rural,20-29,3183,2166,1017,366,233,133,418,264,154,166,116,50,1064,760,304,208,162,46,106,82,24,625,384,241,230,165,65
18087,C4920,8,107,District-Karauli,Rural,30-39,2647,1705,942,344,197,147,349,210,139,112,67,45,855,568,287,168,126,42,97,72,25,561,357,204,161,108,53
18088,C4920,8,107,District-Karauli,Rural,40-49,2265,1427,838,350,210,140,297,163,134,96,56,40,689,461,228,121,75,46,87,47,40,481,318,163,144,97,47
18089,C4920,8,107,District-Karauli,Rural,50-59,2091,1175,916,440,226,214,300,158,142,49,26,23,658,411,247,80,48,32,49,30,19,348,194,154,167,82,85
18090,C4920,8,107,District-Karauli,Rural,60-69,3836,1787,2049,1121,456,665,599,275,324,44,24,20,1132,562,570,38,22,16,39,24,15,366,218,148,497,206,291
18091,C4920,8,107,District-Karauli,Rural,70-79,4158,1918,2240,1182,517,665,562,265,297,33,20,13,1185,582,603,21,11,10,21,11,10,226,121,105,928,391,537
18092,C4920,8,107,District-Karauli,Rural,80-89,1776,857,919,410,189,221,221,121,100,7,4,3,477,222,255,3,1,2,8,4,4,70,39,31,580,277,303
18093,C4920,8,107,District-Karauli,Rural,90+,499,216,283,89,42,47,52,26,26,4,2,2,120,52,68,1,1,0,3,1,2,22,9,13,208,83,125
18094,C4920,8,107,District-Karauli,Rural,Age Not Stated,162,83,79,25,9,16,21,11,10,3,2,1,58,31,27,7,5,2,7,5,2,26,10,16,15,10,5
18095,C4920,8,107,District-Karauli,Urban,Total,4129,2398,1731,837,420,417,543,291,252,139,88,51,1135,722,413,247,168,79,116,81,35,603,362,241,509,266,243
18096,C4920,8,107,District-Karauli,Urban,0-4,180,98,82,50,26,24,22,8,14,4,2,2,35,21,14,10,6,4,2,1,1,40,23,17,17,11,6
18097,C4920,8,107,District-Karauli,Urban,5-9,269,162,107,56,26,30,37,23,14,15,13,2,48,34,14,24,15,9,5,2,3,39,23,16,45,26,19
18098,C4920,8,107,District-Karauli,Urban,10-19,697,427,270,108,60,48,100,57,43,37,22,15,148,92,56,75,49,26,13,7,6,126,80,46,90,60,30
18099,C4920,8,107,District-Karauli,Urban,20-29,588,403,185,86,54,32,64,38,26,30,18,12,178,131,47,53,40,13,28,20,8,104,71,33,45,31,14
18100,C4920,8,107,District-Karauli,Urban,30-39,488,329,159,70,45,25,57,33,24,19,15,4,153,107,46,30,21,9,27,23,4,99,62,37,33,23,10
18101,C4920,8,107,District-Karauli,Urban,40-49,382,234,148,67,33,34,50,26,24,13,7,6,116,81,35,34,24,10,18,15,3,57,34,23,27,14,13
18102,C4920,8,107,District-Karauli,Urban,50-59,376,211,165,85,43,42,53,29,24,10,6,4,125,77,48,11,6,5,13,6,7,53,32,21,26,12,14
18103,C4920,8,107,District-Karauli,Urban,60-69,448,220,228,133,56,77,59,29,30,7,4,3,138,82,56,8,7,1,6,3,3,40,17,23,57,22,35
18104,C4920,8,107,District-Karauli,Urban,70-79,456,210,246,136,52,84,65,35,30,1,1,0,132,69,63,2,0,2,3,3,0,28,13,15,89,37,52
18105,C4920,8,107,District-Karauli,Urban,80-89,189,80,109,37,21,16,30,11,19,2,0,2,50,21,29,0,0,0,1,1,0,11,3,8,58,23,35
18106,C4920,8,107,District-Karauli,Urban,90+,50,19,31,9,4,5,6,2,4,1,0,1,10,6,4,0,0,0,0,0,0,3,1,2,21,6,15
18107,C4920,8,107,District-Karauli,Urban,Age Not Stated,6,5,1,0,0,0,0,0,0,0,0,0,2,1,1,0,0,0,0,0,0,3,3,0,1,1,0
18108,C4920,8,108,District-Sawai Madhopur,Total,Total,32563,17829,14734,7961,4059,3902,4677,2541,2136,1334,792,542,7867,4506,3361,1368,899,469,683,405,278,4159,2411,1748,4514,2216,2298
18109,C4920,8,108,District-Sawai Madhopur,Total,0-4,1284,739,545,438,234,204,212,133,79,29,16,13,139,83,56,38,24,14,7,4,3,333,192,141,88,53,35
18110,C4920,8,108,District-Sawai Madhopur,Total,5-9,2061,1169,892,543,300,243,329,169,160,203,117,86,247,147,100,132,79,53,34,25,9,344,186,158,229,146,83
18111,C4920,8,108,District-Sawai Madhopur,Total,10-19,4625,2728,1897,999,537,462,685,371,314,335,208,127,780,481,299,415,281,134,123,71,52,775,443,332,513,336,177
18112,C4920,8,108,District-Sawai Madhopur,Total,20-29,3918,2477,1441,762,431,331,527,324,203,216,141,75,1090,732,358,243,170,73,114,74,40,680,418,262,286,187,99
18113,C4920,8,108,District-Sawai Madhopur,Total,30-39,3473,2195,1278,665,390,275,442,272,170,172,94,78,1094,733,361,184,120,64,123,78,45,574,365,209,219,143,76
18114,C4920,8,108,District-Sawai Madhopur,Total,40-49,2953,1872,1081,661,407,254,439,279,160,143,87,56,737,494,243,179,124,55,132,78,54,479,291,188,183,112,71
18115,C4920,8,108,District-Sawai Madhopur,Total,50-59,2738,1500,1238,765,406,359,434,229,205,96,52,44,718,413,305,91,50,41,62,35,27,347,205,142,225,110,115
18116,C4920,8,108,District-Sawai Madhopur,Total,60-69,4596,2046,2550,1383,579,804,744,340,404,72,43,29,1204,560,644,58,36,22,60,26,34,322,171,151,753,291,462
18117,C4920,8,108,District-Sawai Madhopur,Total,70-79,4709,2130,2579,1265,567,698,614,307,307,49,22,27,1292,604,688,19,9,10,24,12,12,220,98,122,1226,511,715
18118,C4920,8,108,District-Sawai Madhopur,Total,80-89,1835,828,1007,409,181,228,221,104,117,13,9,4,489,227,262,7,5,2,3,1,2,73,38,35,620,263,357
18119,C4920,8,108,District-Sawai Madhopur,Total,90+,345,131,214,63,24,39,27,11,16,5,2,3,68,27,41,2,1,1,0,0,0,10,3,7,170,63,107
18120,C4920,8,108,District-Sawai Madhopur,Total,Age Not Stated,26,14,12,8,3,5,3,2,1,1,1,0,9,5,4,0,0,0,1,1,0,2,1,1,2,1,1
18121,C4920,8,108,District-Sawai Madhopur,Rural,Total,27722,15051,12671,7104,3615,3489,3822,2068,1754,1043,635,408,6687,3779,2908,1061,692,369,529,316,213,3397,1965,1432,4079,1981,2098
18122,C4920,8,108,District-Sawai Madhopur,Rural,0-4,1053,610,443,376,211,165,163,100,63,23,14,9,117,67,50,26,16,10,5,3,2,276,156,120,67,43,24
18123,C4920,8,108,District-Sawai Madhopur,Rural,5-9,1697,947,750,486,262,224,264,138,126,169,97,72,184,104,80,108,63,45,28,21,7,275,140,135,183,122,61
18124,C4920,8,108,District-Sawai Madhopur,Rural,10-19,3795,2250,1545,876,473,403,535,278,257,257,167,90,658,408,250,334,228,106,90,50,40,636,366,270,409,280,129
18125,C4920,8,108,District-Sawai Madhopur,Rural,20-29,3111,2003,1108,653,371,282,393,255,138,172,112,60,877,595,282,174,123,51,83,56,27,534,340,194,225,151,74
18126,C4920,8,108,District-Sawai Madhopur,Rural,30-39,2810,1790,1020,570,334,236,344,220,124,128,75,53,898,605,293,138,88,50,92,61,31,456,294,162,184,113,71
18127,C4920,8,108,District-Sawai Madhopur,Rural,40-49,2377,1485,892,562,345,217,327,208,119,108,66,42,589,387,202,140,95,45,106,60,46,391,233,158,154,91,63
18128,C4920,8,108,District-Sawai Madhopur,Rural,50-59,2350,1274,1076,701,366,335,364,190,174,76,41,35,595,340,255,71,38,33,50,30,20,290,172,118,203,97,106
18129,C4920,8,108,District-Sawai Madhopur,Rural,60-69,4156,1825,2331,1263,530,733,666,300,366,57,36,21,1077,491,586,47,30,17,51,23,28,275,145,130,720,270,450
18130,C4920,8,108,District-Sawai Madhopur,Rural,70-79,4344,1962,2382,1172,527,645,549,276,273,37,17,20,1179,546,633,14,5,9,20,10,10,193,85,108,1180,496,684
18131,C4920,8,108,District-Sawai Madhopur,Rural,80-89,1692,771,921,379,171,208,190,92,98,12,8,4,447,208,239,7,5,2,3,1,2,61,31,30,593,255,338
18132,C4920,8,108,District-Sawai Madhopur,Rural,90+,315,123,192,58,22,36,25,10,15,3,1,2,59,24,35,2,1,1,0,0,0,9,3,6,159,62,97
18133,C4920,8,108,District-Sawai Madhopur,Rural,Age Not Stated,22,11,11,8,3,5,2,1,1,1,1,0,7,4,3,0,0,0,1,1,0,1,0,1,2,1,1
18134,C4920,8,108,District-Sawai Madhopur,Urban,Total,4841,2778,2063,857,444,413,855,473,382,291,157,134,1180,727,453,307,207,100,154,89,65,762,446,316,435,235,200
18135,C4920,8,108,District-Sawai Madhopur,Urban,0-4,231,129,102,62,23,39,49,33,16,6,2,4,22,16,6,12,8,4,2,1,1,57,36,21,21,10,11
18136,C4920,8,108,District-Sawai Madhopur,Urban,5-9,364,222,142,57,38,19,65,31,34,34,20,14,63,43,20,24,16,8,6,4,2,69,46,23,46,24,22
18137,C4920,8,108,District-Sawai Madhopur,Urban,10-19,830,478,352,123,64,59,150,93,57,78,41,37,122,73,49,81,53,28,33,21,12,139,77,62,104,56,48
18138,C4920,8,108,District-Sawai Madhopur,Urban,20-29,807,474,333,109,60,49,134,69,65,44,29,15,213,137,76,69,47,22,31,18,13,146,78,68,61,36,25
18139,C4920,8,108,District-Sawai Madhopur,Urban,30-39,663,405,258,95,56,39,98,52,46,44,19,25,196,128,68,46,32,14,31,17,14,118,71,47,35,30,5
18140,C4920,8,108,District-Sawai Madhopur,Urban,40-49,576,387,189,99,62,37,112,71,41,35,21,14,148,107,41,39,29,10,26,18,8,88,58,30,29,21,8
18141,C4920,8,108,District-Sawai Madhopur,Urban,50-59,388,226,162,64,40,24,70,39,31,20,11,9,123,73,50,20,12,8,12,5,7,57,33,24,22,13,9
18142,C4920,8,108,District-Sawai Madhopur,Urban,60-69,440,221,219,120,49,71,78,40,38,15,7,8,127,69,58,11,6,5,9,3,6,47,26,21,33,21,12
18143,C4920,8,108,District-Sawai Madhopur,Urban,70-79,365,168,197,93,40,53,65,31,34,12,5,7,113,58,55,5,4,1,4,2,2,27,13,14,46,15,31
18144,C4920,8,108,District-Sawai Madhopur,Urban,80-89,143,57,86,30,10,20,31,12,19,1,1,0,42,19,23,0,0,0,0,0,0,12,7,5,27,8,19
18145,C4920,8,108,District-Sawai Madhopur,Urban,90+,30,8,22,5,2,3,2,1,1,2,1,1,9,3,6,0,0,0,0,0,0,1,0,1,11,1,10
18146,C4920,8,108,District-Sawai Madhopur,Urban,Age Not Stated,4,3,1,0,0,0,1,1,0,0,0,0,2,1,1,0,0,0,0,0,0,1,1,0,0,0,0
18147,C4920,8,109,District-Dausa,Total,Total,38425,21089,17336,7169,3688,3481,4449,2397,2052,1137,703,434,10294,5876,4418,1567,1032,535,731,457,274,7313,4057,3256,5765,2879,2886
18148,C4920,8,109,District-Dausa,Total,0-4,1615,862,753,272,155,117,246,125,121,20,12,8,161,88,73,37,20,17,4,2,2,770,393,377,105,67,38
18149,C4920,8,109,District-Dausa,Total,5-9,2351,1369,982,324,180,144,285,150,135,175,114,61,288,186,102,169,95,74,34,21,13,815,453,362,261,170,91
18150,C4920,8,109,District-Dausa,Total,10-19,5398,3230,2168,797,458,339,586,323,263,334,219,115,924,591,333,513,344,169,129,73,56,1540,826,714,575,396,179
18151,C4920,8,109,District-Dausa,Total,20-29,4167,2695,1472,500,300,200,426,264,162,155,98,57,1343,908,435,248,198,50,102,76,26,1084,628,456,309,223,86
18152,C4920,8,109,District-Dausa,Total,30-39,3585,2269,1316,496,301,195,429,261,168,139,80,59,1065,731,334,237,154,83,142,98,44,827,505,322,250,139,111
18153,C4920,8,109,District-Dausa,Total,40-49,3016,1959,1057,495,312,183,410,246,164,118,64,54,883,619,264,174,116,58,124,79,45,608,382,226,204,141,63
18154,C4920,8,109,District-Dausa,Total,50-59,3125,1648,1477,756,369,387,402,223,179,86,50,36,945,511,434,93,52,41,91,49,42,455,250,205,297,144,153
18155,C4920,8,109,District-Dausa,Total,60-69,5868,2695,3173,1550,698,852,715,343,372,60,35,25,1952,880,1072,54,29,25,62,31,31,498,282,216,977,397,580
18156,C4920,8,109,District-Dausa,Total,70-79,5821,2730,3091,1407,656,751,628,291,337,35,22,13,1777,885,892,17,9,8,25,17,8,370,181,189,1562,669,893
18157,C4920,8,109,District-Dausa,Total,80-89,2382,1130,1252,437,199,238,221,119,102,7,3,4,702,356,346,5,2,3,7,3,4,109,48,61,894,400,494
18158,C4920,8,109,District-Dausa,Total,90+,581,247,334,70,28,42,57,32,25,2,2,0,146,62,84,2,2,0,1,1,0,30,11,19,273,109,164
18159,C4920,8,109,District-Dausa,Total,Age Not Stated,516,255,261,65,32,33,44,20,24,6,4,2,108,59,49,18,11,7,10,7,3,207,98,109,58,24,34
18160,C4920,8,109,District-Dausa,Rural,Total,34250,18720,15530,6214,3187,3027,3790,2018,1772,944,582,362,9357,5324,4033,1377,906,471,639,399,240,6548,3627,2921,5381,2677,2704
18161,C4920,8,109,District-Dausa,Rural,0-4,1428,761,667,229,130,99,200,99,101,17,10,7,151,82,69,32,18,14,3,1,2,701,361,340,95,60,35
18162,C4920,8,109,District-Dausa,Rural,5-9,2057,1193,864,257,139,118,228,114,114,153,99,54,268,172,96,152,83,69,32,19,13,734,412,322,233,155,78
18163,C4920,8,109,District-Dausa,Rural,10-19,4687,2784,1903,633,368,265,487,262,225,274,179,95,833,528,305,446,297,149,118,68,50,1373,724,649,523,358,165
18164,C4920,8,109,District-Dausa,Rural,20-29,3618,2369,1249,391,240,151,361,229,132,127,79,48,1217,836,381,216,173,43,82,63,19,962,561,401,262,188,74
18165,C4920,8,109,District-Dausa,Rural,30-39,3073,1963,1110,389,250,139,350,209,141,114,67,47,940,649,291,204,136,68,120,82,38,741,448,293,215,122,93
18166,C4920,8,109,District-Dausa,Rural,40-49,2572,1666,906,414,260,154,325,191,134,93,50,43,762,533,229,156,103,53,107,68,39,532,336,196,183,125,58
18167,C4920,8,109,District-Dausa,Rural,50-59,2797,1458,1339,665,321,344,354,193,161,74,41,33,856,454,402,87,49,38,82,45,37,398,218,180,281,137,144
18168,C4920,8,109,District-Dausa,Rural,60-69,5412,2470,2942,1429,638,791,649,313,336,51,30,21,1802,805,997,48,26,22,55,27,28,451,254,197,927,377,550
18169,C4920,8,109,District-Dausa,Rural,70-79,5409,2547,2862,1298,606,692,562,260,302,29,19,10,1660,830,830,14,8,6,23,16,7,332,162,170,1491,646,845
18170,C4920,8,109,District-Dausa,Rural,80-89,2200,1050,1150,392,183,209,189,103,86,5,2,3,645,329,316,4,2,2,7,3,4,103,48,55,855,380,475
18171,C4920,8,109,District-Dausa,Rural,90+,537,232,305,65,26,39,48,28,20,2,2,0,131,57,74,2,2,0,1,1,0,27,10,17,261,106,155
18172,C4920,8,109,District-Dausa,Rural,Age Not Stated,460,227,233,52,26,26,37,17,20,5,4,1,92,49,43,16,9,7,9,6,3,194,93,101,55,23,32
18173,C4920,8,109,District-Dausa,Urban,Total,4175,2369,1806,955,501,454,659,379,280,193,121,72,937,552,385,190,126,64,92,58,34,765,430,335,384,202,182
18174,C4920,8,109,District-Dausa,Urban,0-4,187,101,86,43,25,18,46,26,20,3,2,1,10,6,4,5,2,3,1,1,0,69,32,37,10,7,3
18175,C4920,8,109,District-Dausa,Urban,5-9,294,176,118,67,41,26,57,36,21,22,15,7,20,14,6,17,12,5,2,2,0,81,41,40,28,15,13
18176,C4920,8,109,District-Dausa,Urban,10-19,711,446,265,164,90,74,99,61,38,60,40,20,91,63,28,67,47,20,11,5,6,167,102,65,52,38,14
18177,C4920,8,109,District-Dausa,Urban,20-29,549,326,223,109,60,49,65,35,30,28,19,9,126,72,54,32,25,7,20,13,7,122,67,55,47,35,12
18178,C4920,8,109,District-Dausa,Urban,30-39,512,306,206,107,51,56,79,52,27,25,13,12,125,82,43,33,18,15,22,16,6,86,57,29,35,17,18
18179,C4920,8,109,District-Dausa,Urban,40-49,444,293,151,81,52,29,85,55,30,25,14,11,121,86,35,18,13,5,17,11,6,76,46,30,21,16,5
18180,C4920,8,109,District-Dausa,Urban,50-59,328,190,138,91,48,43,48,30,18,12,9,3,89,57,32,6,3,3,9,4,5,57,32,25,16,7,9
18181,C4920,8,109,District-Dausa,Urban,60-69,456,225,231,121,60,61,66,30,36,9,5,4,150,75,75,6,3,3,7,4,3,47,28,19,50,20,30
18182,C4920,8,109,District-Dausa,Urban,70-79,412,183,229,109,50,59,66,31,35,6,3,3,117,55,62,3,1,2,2,1,1,38,19,19,71,23,48
18183,C4920,8,109,District-Dausa,Urban,80-89,182,80,102,45,16,29,32,16,16,2,1,1,57,27,30,1,0,1,0,0,0,6,0,6,39,20,19
18184,C4920,8,109,District-Dausa,Urban,90+,44,15,29,5,2,3,9,4,5,0,0,0,15,5,10,0,0,0,0,0,0,3,1,2,12,3,9
18185,C4920,8,109,District-Dausa,Urban,Age Not Stated,56,28,28,13,6,7,7,3,4,1,0,1,16,10,6,2,2,0,1,1,0,13,5,8,3,1,2
18186,C4920,8,110,District-Jaipur,Total,Total,158909,87574,71335,43616,22610,21006,29045,15375,13670,10087,5877,4210,30874,17925,12949,7503,4809,2694,3243,2057,1186,19778,11351,8427,14763,7570,7193
18187,C4920,8,110,District-Jaipur,Total,0-4,8433,4607,3826,3085,1679,1406,2088,1092,996,181,105,76,503,277,226,245,144,101,48,22,26,1887,1054,833,396,234,162
18188,C4920,8,110,District-Jaipur,Total,5-9,11316,6435,4881,3483,1923,1560,2466,1297,1169,1069,609,460,888,567,321,705,451,254,154,106,48,1565,859,706,986,623,363
18189,C4920,8,110,District-Jaipur,Total,10-19,26109,15033,11076,7293,3949,3344,5190,2783,2407,2155,1270,885,2819,1805,1014,2122,1385,737,612,378,234,3656,2015,1641,2262,1448,814
18190,C4920,8,110,District-Jaipur,Total,20-29,24163,14228,9935,6204,3316,2888,4608,2463,2145,1893,1086,807,4551,3028,1523,1558,1031,527,613,411,202,3435,2021,1414,1301,872,429
18191,C4920,8,110,District-Jaipur,Total,30-39,20545,12147,8398,4988,2680,2308,3848,2087,1761,1565,890,675,4532,3007,1525,1162,751,411,576,381,195,2923,1727,1196,951,624,327
18192,C4920,8,110,District-Jaipur,Total,40-49,16261,9999,6262,4208,2395,1813,3119,1836,1283,1310,788,522,3182,2157,1025,826,517,309,550,367,183,2311,1449,862,755,490,265
18193,C4920,8,110,District-Jaipur,Total,50-59,13403,7765,5638,3862,2076,1786,2385,1292,1093,890,552,338,2999,1879,1120,481,315,166,350,212,138,1662,1006,656,774,433,341
18194,C4920,8,110,District-Jaipur,Total,60-69,15518,7440,8078,4759,2144,2615,2312,1138,1174,613,351,262,4332,2112,2220,254,145,109,232,122,110,1266,697,569,1750,731,1019
18195,C4920,8,110,District-Jaipur,Total,70-79,14330,6307,8023,3913,1673,2240,1901,885,1016,297,169,128,4507,2015,2492,97,47,50,80,41,39,729,358,371,2806,1119,1687
18196,C4920,8,110,District-Jaipur,Total,80-89,6680,2848,3832,1431,639,792,884,405,479,73,35,38,2071,899,1172,31,16,15,20,12,8,212,100,112,1958,742,1216
18197,C4920,8,110,District-Jaipur,Total,90+,2008,696,1312,356,121,235,223,84,139,34,20,14,480,174,306,15,4,11,7,4,3,76,36,40,817,253,564
18198,C4920,8,110,District-Jaipur,Total,Age Not Stated,143,69,74,34,15,19,21,13,8,7,2,5,10,5,5,7,3,4,1,1,0,56,29,27,7,1,6
18199,C4920,8,110,District-Jaipur,Rural,Total,74601,40302,34299,17091,8472,8619,11315,5857,5458,3510,2110,1400,19475,10957,8518,3300,2185,1115,1530,986,544,8458,4911,3547,9922,4824,5098
18200,C4920,8,110,District-Jaipur,Rural,0-4,3114,1696,1418,949,504,445,704,356,348,77,46,31,302,172,130,81,46,35,22,10,12,767,437,330,212,125,87
18201,C4920,8,110,District-Jaipur,Rural,5-9,4702,2739,1963,1091,593,498,932,506,426,470,280,190,539,356,183,324,197,127,70,56,14,714,391,323,562,360,202
18202,C4920,8,110,District-Jaipur,Rural,10-19,11013,6514,4499,2248,1208,1040,1955,1056,899,888,560,328,1728,1099,629,1101,731,370,289,191,98,1594,884,710,1210,785,425
18203,C4920,8,110,District-Jaipur,Rural,20-29,9283,5891,3392,1681,941,740,1464,811,653,619,364,255,2608,1805,803,612,448,164,282,195,87,1361,850,511,656,477,179
18204,C4920,8,110,District-Jaipur,Rural,30-39,7934,4951,2983,1347,756,591,1225,670,555,484,288,196,2486,1668,818,462,323,139,267,183,84,1192,725,467,471,338,133
18205,C4920,8,110,District-Jaipur,Rural,40-49,6376,4052,2324,1318,780,538,1049,615,434,368,224,144,1702,1159,543,350,232,118,265,175,90,927,600,327,397,267,130
18206,C4920,8,110,District-Jaipur,Rural,50-59,5972,3352,2620,1568,817,751,916,468,448,255,166,89,1711,1023,688,198,123,75,172,90,82,696,429,267,456,236,220
18207,C4920,8,110,District-Jaipur,Rural,60-69,9579,4300,5279,2917,1232,1685,1264,589,675,199,112,87,3020,1398,1622,107,55,52,102,55,47,628,322,306,1342,537,805
18208,C4920,8,110,District-Jaipur,Rural,70-79,10224,4275,5949,2733,1106,1627,1147,518,629,107,53,54,3449,1497,1952,44,23,21,46,22,24,393,184,209,2305,872,1433
18209,C4920,8,110,District-Jaipur,Rural,80-89,4932,2029,2903,1000,448,552,536,223,313,30,11,19,1587,659,928,13,6,7,11,6,5,123,57,66,1632,619,1013
18210,C4920,8,110,District-Jaipur,Rural,90+,1408,475,933,222,80,142,117,40,77,10,5,5,341,121,220,5,1,4,4,3,1,37,18,19,672,207,465
18211,C4920,8,110,District-Jaipur,Rural,Age Not Stated,64,28,36,17,7,10,6,5,1,3,1,2,2,0,2,3,0,3,0,0,0,26,14,12,7,1,6
18212,C4920,8,110,District-Jaipur,Urban,Total,84308,47272,37036,26525,14138,12387,17730,9518,8212,6577,3767,2810,11399,6968,4431,4203,2624,1579,1713,1071,642,11320,6440,4880,4841,2746,2095
18213,C4920,8,110,District-Jaipur,Urban,0-4,5319,2911,2408,2136,1175,961,1384,736,648,104,59,45,201,105,96,164,98,66,26,12,14,1120,617,503,184,109,75
18214,C4920,8,110,District-Jaipur,Urban,5-9,6614,3696,2918,2392,1330,1062,1534,791,743,599,329,270,349,211,138,381,254,127,84,50,34,851,468,383,424,263,161
18215,C4920,8,110,District-Jaipur,Urban,10-19,15096,8519,6577,5045,2741,2304,3235,1727,1508,1267,710,557,1091,706,385,1021,654,367,323,187,136,2062,1131,931,1052,663,389
18216,C4920,8,110,District-Jaipur,Urban,20-29,14880,8337,6543,4523,2375,2148,3144,1652,1492,1274,722,552,1943,1223,720,946,583,363,331,216,115,2074,1171,903,645,395,250
18217,C4920,8,110,District-Jaipur,Urban,30-39,12611,7196,5415,3641,1924,1717,2623,1417,1206,1081,602,479,2046,1339,707,700,428,272,309,198,111,1731,1002,729,480,286,194
18218,C4920,8,110,District-Jaipur,Urban,40-49,9885,5947,3938,2890,1615,1275,2070,1221,849,942,564,378,1480,998,482,476,285,191,285,192,93,1384,849,535,358,223,135
18219,C4920,8,110,District-Jaipur,Urban,50-59,7431,4413,3018,2294,1259,1035,1469,824,645,635,386,249,1288,856,432,283,192,91,178,122,56,966,577,389,318,197,121
18220,C4920,8,110,District-Jaipur,Urban,60-69,5939,3140,2799,1842,912,930,1048,549,499,414,239,175,1312,714,598,147,90,57,130,67,63,638,375,263,408,194,214
18221,C4920,8,110,District-Jaipur,Urban,70-79,4106,2032,2074,1180,567,613,754,367,387,190,116,74,1058,518,540,53,24,29,34,19,15,336,174,162,501,247,254
18222,C4920,8,110,District-Jaipur,Urban,80-89,1748,819,929,431,191,240,348,182,166,43,24,19,484,240,244,18,10,8,9,6,3,89,43,46,326,123,203
18223,C4920,8,110,District-Jaipur,Urban,90+,600,221,379,134,41,93,106,44,62,24,15,9,139,53,86,10,3,7,3,1,2,39,18,21,145,46,99
18224,C4920,8,110,District-Jaipur,Urban,Age Not Stated,79,41,38,17,8,9,15,8,7,4,1,3,8,5,3,4,3,1,1,1,0,30,15,15,0,0,0
18225,C4920,8,111,District-Sikar,Total,Total,42291,23810,18481,7886,3792,4094,5667,2975,2692,2303,1364,939,11043,6641,4402,2533,1756,777,1357,877,480,5936,3415,2521,5566,2990,2576
18226,C4920,8,111,District-Sikar,Total,0-4,1491,842,649,314,180,134,252,119,133,51,26,25,150,102,48,42,25,17,15,10,5,492,268,224,175,112,63
18227,C4920,8,111,District-Sikar,Total,5-9,2551,1571,980,398,225,173,318,178,140,302,186,116,359,240,119,229,155,74,50,33,17,463,266,197,432,288,144
18228,C4920,8,111,District-Sikar,Total,10-19,6883,4242,2641,962,539,423,867,499,368,617,380,237,1336,885,451,810,525,285,216,131,85,1138,649,489,937,634,303
18229,C4920,8,111,District-Sikar,Total,20-29,5844,3806,2038,772,422,350,648,402,246,411,219,192,1793,1264,529,469,352,117,227,163,64,947,566,381,577,418,159
18230,C4920,8,111,District-Sikar,Total,30-39,4574,2973,1601,495,264,231,521,323,198,290,163,127,1481,1021,460,386,284,102,269,189,80,782,480,302,350,249,101
18231,C4920,8,111,District-Sikar,Total,40-49,3949,2593,1356,576,341,235,484,309,175,237,151,86,1111,771,340,273,204,69,258,167,91,727,445,282,283,205,78
18232,C4920,8,111,District-Sikar,Total,50-59,3421,2094,1327,749,383,366,449,264,185,167,102,65,1002,688,314,161,110,51,149,89,60,504,302,202,240,156,84
18233,C4920,8,111,District-Sikar,Total,60-69,4401,2182,2219,1245,561,684,696,306,390,117,74,43,1245,658,587,90,58,32,95,51,44,437,243,194,476,231,245
18234,C4920,8,111,District-Sikar,Total,70-79,5133,2106,3027,1455,560,895,837,351,486,76,45,31,1444,621,823,44,26,18,54,31,23,288,137,151,935,335,600
18235,C4920,8,111,District-Sikar,Total,80-89,3017,1049,1968,739,256,483,459,178,281,20,9,11,866,305,561,14,5,9,9,3,6,91,25,66,819,268,551
18236,C4920,8,111,District-Sikar,Total,90+,799,222,577,147,44,103,110,35,75,3,2,1,198,51,147,1,1,0,2,0,2,26,9,17,312,80,232
18237,C4920,8,111,District-Sikar,Total,Age Not Stated,228,130,98,34,17,17,26,11,15,12,7,5,58,35,23,14,11,3,13,10,3,41,25,16,30,14,16
18238,C4920,8,111,District-Sikar,Rural,Total,32533,18187,14346,5807,2697,3110,4218,2180,2038,1694,1013,681,8702,5234,3468,1953,1370,583,1016,662,354,4519,2593,1926,4624,2438,2186
18239,C4920,8,111,District-Sikar,Rural,0-4,1047,604,443,186,110,76,172,79,93,35,17,18,119,88,31,29,19,10,12,8,4,352,189,163,142,94,48
18240,C4920,8,111,District-Sikar,Rural,5-9,1897,1179,718,243,135,108,217,125,92,231,141,90,279,189,90,195,133,62,34,24,10,338,190,148,360,242,118
18241,C4920,8,111,District-Sikar,Rural,10-19,5152,3207,1945,639,354,285,607,351,256,468,288,180,1027,696,331,646,425,221,159,96,63,878,506,372,728,491,237
18242,C4920,8,111,District-Sikar,Rural,20-29,4186,2797,1389,473,262,211,432,273,159,292,163,129,1384,989,395,332,261,71,164,122,42,690,412,278,419,315,104
18243,C4920,8,111,District-Sikar,Rural,30-39,3339,2187,1152,325,171,154,354,217,137,222,130,92,1110,768,342,294,212,82,192,139,53,583,360,223,259,190,69
18244,C4920,8,111,District-Sikar,Rural,40-49,2903,1935,968,382,229,153,342,219,123,157,99,58,860,608,252,200,149,51,196,131,65,547,336,211,219,164,55
18245,C4920,8,111,District-Sikar,Rural,50-59,2628,1595,1033,549,270,279,336,198,138,116,66,50,775,534,241,124,88,36,124,70,54,413,245,168,191,124,67
18246,C4920,8,111,District-Sikar,Rural,60-69,3516,1710,1806,961,411,550,554,233,321,91,61,30,1004,528,476,77,49,28,76,41,35,346,191,155,407,196,211
18247,C4920,8,111,District-Sikar,Rural,70-79,4389,1781,2608,1249,482,767,708,300,408,57,34,23,1219,516,703,34,21,13,43,23,20,238,113,125,841,292,549
18248,C4920,8,111,District-Sikar,Rural,80-89,2624,906,1718,646,221,425,382,145,237,14,8,6,731,257,474,10,4,6,7,2,5,83,23,60,751,246,505
18249,C4920,8,111,District-Sikar,Rural,90+,677,189,488,127,38,89,92,31,61,1,0,1,155,40,115,0,0,0,1,0,1,20,7,13,281,73,208
18250,C4920,8,111,District-Sikar,Rural,Age Not Stated,175,97,78,27,14,13,22,9,13,10,6,4,39,21,18,12,9,3,8,6,2,31,21,10,26,11,15
18251,C4920,8,111,District-Sikar,Urban,Total,9758,5623,4135,2079,1095,984,1449,795,654,609,351,258,2341,1407,934,580,386,194,341,215,126,1417,822,595,942,552,390
18252,C4920,8,111,District-Sikar,Urban,0-4,444,238,206,128,70,58,80,40,40,16,9,7,31,14,17,13,6,7,3,2,1,140,79,61,33,18,15
18253,C4920,8,111,District-Sikar,Urban,5-9,654,392,262,155,90,65,101,53,48,71,45,26,80,51,29,34,22,12,16,9,7,125,76,49,72,46,26
18254,C4920,8,111,District-Sikar,Urban,10-19,1731,1035,696,323,185,138,260,148,112,149,92,57,309,189,120,164,100,64,57,35,22,260,143,117,209,143,66
18255,C4920,8,111,District-Sikar,Urban,20-29,1658,1009,649,299,160,139,216,129,87,119,56,63,409,275,134,137,91,46,63,41,22,257,154,103,158,103,55
18256,C4920,8,111,District-Sikar,Urban,30-39,1235,786,449,170,93,77,167,106,61,68,33,35,371,253,118,92,72,20,77,50,27,199,120,79,91,59,32
18257,C4920,8,111,District-Sikar,Urban,40-49,1046,658,388,194,112,82,142,90,52,80,52,28,251,163,88,73,55,18,62,36,26,180,109,71,64,41,23
18258,C4920,8,111,District-Sikar,Urban,50-59,793,499,294,200,113,87,113,66,47,51,36,15,227,154,73,37,22,15,25,19,6,91,57,34,49,32,17
18259,C4920,8,111,District-Sikar,Urban,60-69,885,472,413,284,150,134,142,73,69,26,13,13,241,130,111,13,9,4,19,10,9,91,52,39,69,35,34
18260,C4920,8,111,District-Sikar,Urban,70-79,744,325,419,206,78,128,129,51,78,19,11,8,225,105,120,10,5,5,11,8,3,50,24,26,94,43,51
18261,C4920,8,111,District-Sikar,Urban,80-89,393,143,250,93,35,58,77,33,44,6,1,5,135,48,87,4,1,3,2,1,1,8,2,6,68,22,46
18262,C4920,8,111,District-Sikar,Urban,90+,122,33,89,20,6,14,18,4,14,2,2,0,43,11,32,1,1,0,1,0,1,6,2,4,31,7,24
18263,C4920,8,111,District-Sikar,Urban,Age Not Stated,53,33,20,7,3,4,4,2,2,2,1,1,19,14,5,2,2,0,5,4,1,10,4,6,4,3,1
18264,C4920,8,112,District-Nagaur,Total,Total,73473,39962,33511,11105,5319,5786,8602,4410,4192,3512,2134,1378,22228,12569,9659,3721,2422,1299,2167,1336,831,10185,5825,4360,11953,5947,6006
18265,C4920,8,112,District-Nagaur,Total,0-4,1990,1077,913,264,128,136,332,177,155,65,33,32,318,191,127,68,36,32,21,11,10,715,386,329,207,115,92
18266,C4920,8,112,District-Nagaur,Total,5-9,3780,2220,1560,379,201,178,465,257,208,441,272,169,607,366,241,325,216,109,69,47,22,818,437,381,676,424,252
18267,C4920,8,112,District-Nagaur,Total,10-19,9652,5823,3829,886,509,377,1107,589,518,900,545,355,1970,1272,698,1040,689,351,323,189,134,1932,1079,853,1494,951,543
18268,C4920,8,112,District-Nagaur,Total,20-29,8379,5540,2839,681,422,259,857,511,346,615,400,215,2799,1947,852,630,446,184,368,243,125,1497,912,585,932,659,273
18269,C4920,8,112,District-Nagaur,Total,30-39,7278,4714,2564,614,384,230,768,475,293,488,281,207,2377,1625,752,583,390,193,426,280,146,1360,858,502,662,421,241
18270,C4920,8,112,District-Nagaur,Total,40-49,6887,4389,2498,808,472,336,732,459,273,399,244,155,2185,1469,716,491,307,184,413,263,150,1234,773,461,625,402,223
18271,C4920,8,112,District-Nagaur,Total,50-59,6854,4087,2767,1161,651,510,771,424,347,247,165,82,2400,1460,940,312,188,124,268,157,111,967,602,365,728,440,288
18272,C4920,8,112,District-Nagaur,Total,60-69,10023,4845,5178,2269,1022,1247,1243,565,678,198,106,92,3592,1833,1759,166,91,75,170,94,76,786,410,376,1599,724,875
18273,C4920,8,112,District-Nagaur,Total,70-79,11135,4678,6457,2602,1032,1570,1427,612,815,114,66,48,3701,1599,2102,79,41,38,85,43,42,590,266,324,2537,1019,1518
18274,C4920,8,112,District-Nagaur,Total,80-89,6049,2198,3851,1239,442,797,761,300,461,33,19,14,1856,681,1175,18,11,7,17,8,9,210,78,132,1915,659,1256
18275,C4920,8,112,District-Nagaur,Total,90+,1373,347,1026,192,49,143,130,36,94,9,2,7,413,119,294,7,5,2,7,1,6,45,7,38,570,128,442
18276,C4920,8,112,District-Nagaur,Total,Age Not Stated,73,44,29,10,7,3,9,5,4,3,1,2,10,7,3,2,2,0,0,0,0,31,17,14,8,5,3
18277,C4920,8,112,District-Nagaur,Rural,Total,61457,33237,28220,9397,4443,4954,7154,3661,3493,2778,1711,1067,18504,10386,8118,3080,1998,1082,1786,1101,685,8400,4816,3584,10358,5121,5237
18278,C4920,8,112,District-Nagaur,Rural,0-4,1560,850,710,199,94,105,246,134,112,52,27,25,250,150,100,54,28,26,14,7,7,573,308,265,172,102,70
18279,C4920,8,112,District-Nagaur,Rural,5-9,3034,1814,1220,292,166,126,356,199,157,363,225,138,496,307,189,282,189,93,55,37,18,635,336,299,555,355,200
18280,C4920,8,112,District-Nagaur,Rural,10-19,7737,4711,3026,701,407,294,893,477,416,699,422,277,1596,1042,554,843,562,281,252,147,105,1529,860,669,1224,794,430
18281,C4920,8,112,District-Nagaur,Rural,20-29,6636,4445,2191,511,325,186,670,407,263,469,313,156,2252,1568,684,494,354,140,278,190,88,1211,748,463,751,540,211
18282,C4920,8,112,District-Nagaur,Rural,30-39,5893,3821,2072,481,299,182,594,381,213,385,226,159,1913,1293,620,478,319,159,363,236,127,1126,716,410,553,351,202
18283,C4920,8,112,District-Nagaur,Rural,40-49,5684,3664,2020,630,368,262,597,379,218,321,198,123,1766,1219,547,424,259,165,350,228,122,1054,664,390,542,349,193
18284,C4920,8,112,District-Nagaur,Rural,50-59,5598,3345,2253,977,539,438,625,350,275,197,139,58,1889,1156,733,270,158,112,230,132,98,806,500,306,604,371,233
18285,C4920,8,112,District-Nagaur,Rural,60-69,8638,4125,4513,1938,857,1081,1103,496,607,157,87,70,3035,1525,1510,142,77,65,153,83,70,697,367,330,1413,633,780
18286,C4920,8,112,District-Nagaur,Rural,70-79,9935,4141,5794,2355,932,1423,1280,542,738,97,56,41,3266,1408,1858,69,36,33,71,34,37,515,232,283,2282,901,1381
18287,C4920,8,112,District-Nagaur,Rural,80-89,5451,1977,3474,1132,409,723,664,260,404,29,17,12,1664,603,1061,15,9,6,14,6,8,188,66,122,1745,607,1138
18288,C4920,8,112,District-Nagaur,Rural,90+,1228,310,918,174,43,131,117,31,86,7,1,6,369,110,259,7,5,2,6,1,5,39,6,33,509,113,396
18289,C4920,8,112,District-Nagaur,Rural,Age Not Stated,63,34,29,7,4,3,9,5,4,2,0,2,8,5,3,2,2,0,0,0,0,27,13,14,8,5,3
18290,C4920,8,112,District-Nagaur,Urban,Total,12016,6725,5291,1708,876,832,1448,749,699,734,423,311,3724,2183,1541,641,424,217,381,235,146,1785,1009,776,1595,826,769
18291,C4920,8,112,District-Nagaur,Urban,0-4,430,227,203,65,34,31,86,43,43,13,6,7,68,41,27,14,8,6,7,4,3,142,78,64,35,13,22
18292,C4920,8,112,District-Nagaur,Urban,5-9,746,406,340,87,35,52,109,58,51,78,47,31,111,59,52,43,27,16,14,10,4,183,101,82,121,69,52
18293,C4920,8,112,District-Nagaur,Urban,10-19,1915,1112,803,185,102,83,214,112,102,201,123,78,374,230,144,197,127,70,71,42,29,403,219,184,270,157,113
18294,C4920,8,112,District-Nagaur,Urban,20-29,1743,1095,648,170,97,73,187,104,83,146,87,59,547,379,168,136,92,44,90,53,37,286,164,122,181,119,62
18295,C4920,8,112,District-Nagaur,Urban,30-39,1385,893,492,133,85,48,174,94,80,103,55,48,464,332,132,105,71,34,63,44,19,234,142,92,109,70,39
18296,C4920,8,112,District-Nagaur,Urban,40-49,1203,725,478,178,104,74,135,80,55,78,46,32,419,250,169,67,48,19,63,35,28,180,109,71,83,53,30
18297,C4920,8,112,District-Nagaur,Urban,50-59,1256,742,514,184,112,72,146,74,72,50,26,24,511,304,207,42,30,12,38,25,13,161,102,59,124,69,55
18298,C4920,8,112,District-Nagaur,Urban,60-69,1385,720,665,331,165,166,140,69,71,41,19,22,557,308,249,24,14,10,17,11,6,89,43,46,186,91,95
18299,C4920,8,112,District-Nagaur,Urban,70-79,1200,537,663,247,100,147,147,70,77,17,10,7,435,191,244,10,5,5,14,9,5,75,34,41,255,118,137
18300,C4920,8,112,District-Nagaur,Urban,80-89,598,221,377,107,33,74,97,40,57,4,2,2,192,78,114,3,2,1,3,2,1,22,12,10,170,52,118
18301,C4920,8,112,District-Nagaur,Urban,90+,145,37,108,18,6,12,13,5,8,2,1,1,44,9,35,0,0,0,1,0,1,6,1,5,61,15,46
18302,C4920,8,112,District-Nagaur,Urban,Age Not Stated,10,10,0,3,3,0,0,0,0,1,1,0,2,2,0,0,0,0,0,0,0,4,4,0,0,0,0
18303,C4920,8,113,District-Jodhpur,Total,Total,91730,50623,41107,25159,13029,12130,15842,8335,7507,5908,3531,2377,17050,10140,6910,4686,3000,1686,2168,1351,817,11263,6405,4858,9654,4832,4822
18304,C4920,8,113,District-Jodhpur,Total,0-4,5128,2710,2418,1985,1073,912,1131,564,567,119,64,55,292,168,124,148,75,73,27,10,17,1194,631,563,232,125,107
18305,C4920,8,113,District-Jodhpur,Total,5-9,7010,3863,3147,2343,1247,1096,1388,748,640,733,435,298,513,300,213,397,239,158,74,46,28,1006,530,476,556,318,238
18306,C4920,8,113,District-Jodhpur,Total,10-19,15206,8949,6257,4332,2377,1955,2660,1477,1183,1382,835,547,1909,1275,634,1220,827,393,295,187,108,2115,1162,953,1293,809,484
18307,C4920,8,113,District-Jodhpur,Total,20-29,12704,7662,5042,3301,1822,1479,2223,1259,964,970,567,403,2386,1606,780,860,576,284,354,227,127,1771,1030,741,839,575,264
18308,C4920,8,113,District-Jodhpur,Total,30-39,10495,6383,4112,2551,1433,1118,1770,1003,767,913,542,371,2019,1361,658,734,491,243,443,292,151,1540,925,615,525,336,189
18309,C4920,8,113,District-Jodhpur,Total,40-49,8818,5505,3313,2087,1194,893,1463,871,592,761,470,291,1681,1164,517,613,382,231,429,264,165,1289,830,459,495,330,165
18310,C4920,8,113,District-Jodhpur,Total,50-59,7555,4404,3151,1933,996,937,1199,639,560,486,296,190,1817,1174,643,361,227,134,278,179,99,976,593,383,505,300,205
18311,C4920,8,113,District-Jodhpur,Total,60-69,9242,4514,4728,2659,1206,1453,1544,693,851,305,192,113,2417,1282,1135,220,120,100,162,93,69,764,414,350,1171,514,657
18312,C4920,8,113,District-Jodhpur,Total,70-79,9425,4248,5177,2614,1162,1452,1575,713,862,165,89,76,2507,1194,1313,100,46,54,84,46,38,395,195,200,1985,803,1182
18313,C4920,8,113,District-Jodhpur,Total,80-89,4877,1973,2904,1096,430,666,719,308,411,62,35,27,1256,537,719,25,11,14,17,5,12,161,72,89,1541,575,966
18314,C4920,8,113,District-Jodhpur,Total,90+,1191,362,829,237,73,164,156,52,104,10,4,6,241,73,168,8,6,2,2,0,2,33,11,22,504,143,361
18315,C4920,8,113,District-Jodhpur,Total,Age Not Stated,79,50,29,21,16,5,14,8,6,2,2,0,12,6,6,0,0,0,3,2,1,19,12,7,8,4,4
18316,C4920,8,113,District-Jodhpur,Rural,Total,63897,34905,28992,17245,8705,8540,10695,5568,5127,3620,2210,1410,13018,7644,5374,3023,1967,1056,1481,914,567,7069,4083,2986,7746,3814,3932
18317,C4920,8,113,District-Jodhpur,Rural,0-4,3577,1897,1680,1403,770,633,792,386,406,84,40,44,234,139,95,79,41,38,18,7,11,791,413,378,176,101,75
18318,C4920,8,113,District-Jodhpur,Rural,5-9,4935,2745,2190,1671,894,777,961,525,436,532,318,214,424,247,177,263,158,105,46,29,17,633,338,295,405,236,169
18319,C4920,8,113,District-Jodhpur,Rural,10-19,10191,6109,4082,2751,1499,1252,1757,985,772,946,587,359,1448,976,472,836,575,261,199,135,64,1331,751,580,923,601,322
18320,C4920,8,113,District-Jodhpur,Rural,20-29,7670,4747,2923,1885,1005,880,1308,784,524,544,342,202,1603,1103,500,493,346,147,226,142,84,1064,639,425,547,386,161
18321,C4920,8,113,District-Jodhpur,Rural,30-39,6360,3927,2433,1461,817,644,1005,568,437,497,301,196,1386,937,449,451,307,144,300,195,105,896,569,327,364,233,131
18322,C4920,8,113,District-Jodhpur,Rural,40-49,5512,3471,2041,1206,686,520,848,499,349,443,281,162,1186,818,368,394,255,139,305,185,120,768,500,268,362,247,115
18323,C4920,8,113,District-Jodhpur,Rural,50-59,5130,2954,2176,1314,653,661,784,417,367,264,161,103,1349,848,501,239,152,87,187,116,71,612,383,229,381,224,157
18324,C4920,8,113,District-Jodhpur,Rural,60-69,7344,3503,3841,2126,944,1182,1213,532,681,168,107,61,1995,1049,946,169,87,82,123,67,56,530,284,246,1020,433,587
18325,C4920,8,113,District-Jodhpur,Rural,70-79,7987,3563,4424,2270,1001,1269,1293,585,708,96,49,47,2140,1010,1130,76,34,42,65,33,32,288,137,151,1759,714,1045
18326,C4920,8,113,District-Jodhpur,Rural,80-89,4214,1687,2527,968,377,591,605,245,360,41,22,19,1070,462,608,18,8,10,10,4,6,126,55,71,1376,514,862
18327,C4920,8,113,District-Jodhpur,Rural,90+,944,281,663,186,56,130,122,38,84,5,2,3,176,50,126,5,4,1,1,0,1,20,7,13,429,124,305
18328,C4920,8,113,District-Jodhpur,Rural,Age Not Stated,33,21,12,4,3,1,7,4,3,0,0,0,7,5,2,0,0,0,1,1,0,10,7,3,4,1,3
18329,C4920,8,113,District-Jodhpur,Urban,Total,27833,15718,12115,7914,4324,3590,5147,2767,2380,2288,1321,967,4032,2496,1536,1663,1033,630,687,437,250,4194,2322,1872,1908,1018,890
18330,C4920,8,113,District-Jodhpur,Urban,0-4,1551,813,738,582,303,279,339,178,161,35,24,11,58,29,29,69,34,35,9,3,6,403,218,185,56,24,32
18331,C4920,8,113,District-Jodhpur,Urban,5-9,2075,1118,957,672,353,319,427,223,204,201,117,84,89,53,36,134,81,53,28,17,11,373,192,181,151,82,69
18332,C4920,8,113,District-Jodhpur,Urban,10-19,5015,2840,2175,1581,878,703,903,492,411,436,248,188,461,299,162,384,252,132,96,52,44,784,411,373,370,208,162
18333,C4920,8,113,District-Jodhpur,Urban,20-29,5034,2915,2119,1416,817,599,915,475,440,426,225,201,783,503,280,367,230,137,128,85,43,707,391,316,292,189,103
18334,C4920,8,113,District-Jodhpur,Urban,30-39,4135,2456,1679,1090,616,474,765,435,330,416,241,175,633,424,209,283,184,99,143,97,46,644,356,288,161,103,58
18335,C4920,8,113,District-Jodhpur,Urban,40-49,3306,2034,1272,881,508,373,615,372,243,318,189,129,495,346,149,219,127,92,124,79,45,521,330,191,133,83,50
18336,C4920,8,113,District-Jodhpur,Urban,50-59,2425,1450,975,619,343,276,415,222,193,222,135,87,468,326,142,122,75,47,91,63,28,364,210,154,124,76,48
18337,C4920,8,113,District-Jodhpur,Urban,60-69,1898,1011,887,533,262,271,331,161,170,137,85,52,422,233,189,51,33,18,39,26,13,234,130,104,151,81,70
18338,C4920,8,113,District-Jodhpur,Urban,70-79,1438,685,753,344,161,183,282,128,154,69,40,29,367,184,183,24,12,12,19,13,6,107,58,49,226,89,137
18339,C4920,8,113,District-Jodhpur,Urban,80-89,663,286,377,128,53,75,114,63,51,21,13,8,186,75,111,7,3,4,7,1,6,35,17,18,165,61,104
18340,C4920,8,113,District-Jodhpur,Urban,90+,247,81,166,51,17,34,34,14,20,5,2,3,65,23,42,3,2,1,1,0,1,13,4,9,75,19,56
18341,C4920,8,113,District-Jodhpur,Urban,Age Not Stated,46,29,17,17,13,4,7,4,3,2,2,0,5,1,4,0,0,0,2,1,1,9,5,4,4,3,1
18342,C4920,8,114,District-Jaisalmer,Total,Total,16031,9061,6970,4009,2120,1889,2198,1243,955,652,430,222,3832,2232,1600,778,495,283,447,284,163,1586,959,627,2529,1298,1231
18343,C4920,8,114,District-Jaisalmer,Total,0-4,683,367,316,264,140,124,121,69,52,13,5,8,74,39,35,19,8,11,5,1,4,120,70,50,67,35,32
18344,C4920,8,114,District-Jaisalmer,Total,5-9,1180,712,468,354,202,152,143,80,63,117,71,46,150,101,49,93,60,33,21,16,5,147,78,69,155,104,51
18345,C4920,8,114,District-Jaisalmer,Total,10-19,2346,1528,818,566,345,221,310,195,115,197,138,59,379,266,113,249,166,83,81,55,26,293,181,112,271,182,89
18346,C4920,8,114,District-Jaisalmer,Total,20-29,1816,1224,592,418,250,168,231,151,80,104,71,33,443,321,122,150,103,47,51,34,17,254,169,85,165,125,40
18347,C4920,8,114,District-Jaisalmer,Total,30-39,1474,982,492,322,191,131,197,132,65,73,54,19,386,283,103,92,55,37,95,60,35,215,147,68,94,60,34
18348,C4920,8,114,District-Jaisalmer,Total,40-49,1287,810,477,296,164,132,189,120,69,48,33,15,305,204,101,72,44,28,86,54,32,181,117,64,110,74,36
18349,C4920,8,114,District-Jaisalmer,Total,50-59,1297,739,558,308,173,135,207,117,90,42,21,21,386,232,154,47,26,21,53,30,23,116,68,48,138,72,66
18350,C4920,8,114,District-Jaisalmer,Total,60-69,2090,1046,1044,598,294,304,300,152,148,34,21,13,596,296,300,36,21,15,34,22,12,132,72,60,360,168,192
18351,C4920,8,114,District-Jaisalmer,Total,70-79,2326,1041,1285,585,238,347,297,138,159,16,10,6,687,323,364,16,9,7,17,9,8,87,41,46,621,273,348
18352,C4920,8,114,District-Jaisalmer,Total,80-89,1228,504,724,257,111,146,175,77,98,6,4,2,356,141,215,3,2,1,4,3,1,32,12,20,395,154,241
18353,C4920,8,114,District-Jaisalmer,Total,90+,289,100,189,40,12,28,25,10,15,0,0,0,67,24,43,1,1,0,0,0,0,6,3,3,150,50,100
18354,C4920,8,114,District-Jaisalmer,Total,Age Not Stated,15,8,7,1,0,1,3,2,1,2,2,0,3,2,1,0,0,0,0,0,0,3,1,2,3,1,2
18355,C4920,8,114,District-Jaisalmer,Rural,Total,14137,7932,6205,3479,1816,1663,1865,1025,840,581,384,197,3423,1989,1434,681,432,249,403,254,149,1342,818,524,2363,1214,1149
18356,C4920,8,114,District-Jaisalmer,Rural,0-4,578,311,267,215,114,101,105,61,44,13,5,8,65,34,31,15,5,10,5,1,4,102,61,41,58,30,28
18357,C4920,8,114,District-Jaisalmer,Rural,5-9,1051,636,415,312,175,137,125,69,56,109,67,42,134,91,43,79,49,30,20,15,5,134,75,59,138,95,43
18358,C4920,8,114,District-Jaisalmer,Rural,10-19,2073,1358,715,476,284,192,267,170,97,181,129,52,346,246,100,222,151,71,76,52,24,258,160,98,247,166,81
18359,C4920,8,114,District-Jaisalmer,Rural,20-29,1506,1016,490,326,194,132,175,106,69,85,57,28,386,279,107,130,93,37,43,27,16,207,142,65,154,118,36
18360,C4920,8,114,District-Jaisalmer,Rural,30-39,1202,796,406,244,145,99,142,87,55,65,48,17,320,237,83,81,48,33,88,56,32,176,119,57,86,56,30
18361,C4920,8,114,District-Jaisalmer,Rural,40-49,1078,673,405,241,132,109,145,87,58,38,26,12,267,178,89,64,36,28,74,46,28,149,100,49,100,68,32
18362,C4920,8,114,District-Jaisalmer,Rural,50-59,1123,632,491,263,152,111,179,100,79,37,18,19,338,200,138,42,22,20,49,26,23,92,50,42,123,64,59
18363,C4920,8,114,District-Jaisalmer,Rural,60-69,1924,960,964,560,274,286,277,139,138,30,19,11,539,269,270,32,19,13,29,19,10,114,62,52,343,159,184
18364,C4920,8,114,District-Jaisalmer,Rural,70-79,2167,979,1188,558,229,329,270,128,142,15,9,6,634,302,332,14,8,6,15,9,6,73,34,39,588,260,328
18365,C4920,8,114,District-Jaisalmer,Rural,80-89,1154,469,685,247,106,141,155,67,88,6,4,2,331,129,202,1,0,1,4,3,1,29,12,17,381,148,233
18366,C4920,8,114,District-Jaisalmer,Rural,90+,266,94,172,36,11,25,22,9,13,0,0,0,60,22,38,1,1,0,0,0,0,5,2,3,142,49,93
18367,C4920,8,114,District-Jaisalmer,Rural,Age Not Stated,15,8,7,1,0,1,3,2,1,2,2,0,3,2,1,0,0,0,0,0,0,3,1,2,3,1,2
18368,C4920,8,114,District-Jaisalmer,Urban,Total,1894,1129,765,530,304,226,333,218,115,71,46,25,409,243,166,97,63,34,44,30,14,244,141,103,166,84,82
18369,C4920,8,114,District-Jaisalmer,Urban,0-4,105,56,49,49,26,23,16,8,8,0,0,0,9,5,4,4,3,1,0,0,0,18,9,9,9,5,4
18370,C4920,8,114,District-Jaisalmer,Urban,5-9,129,76,53,42,27,15,18,11,7,8,4,4,16,10,6,14,11,3,1,1,0,13,3,10,17,9,8
18371,C4920,8,114,District-Jaisalmer,Urban,10-19,273,170,103,90,61,29,43,25,18,16,9,7,33,20,13,27,15,12,5,3,2,35,21,14,24,16,8
18372,C4920,8,114,District-Jaisalmer,Urban,20-29,310,208,102,92,56,36,56,45,11,19,14,5,57,42,15,20,10,10,8,7,1,47,27,20,11,7,4
18373,C4920,8,114,District-Jaisalmer,Urban,30-39,272,186,86,78,46,32,55,45,10,8,6,2,66,46,20,11,7,4,7,4,3,39,28,11,8,4,4
18374,C4920,8,114,District-Jaisalmer,Urban,40-49,209,137,72,55,32,23,44,33,11,10,7,3,38,26,12,8,8,0,12,8,4,32,17,15,10,6,4
18375,C4920,8,114,District-Jaisalmer,Urban,50-59,174,107,67,45,21,24,28,17,11,5,3,2,48,32,16,5,4,1,4,4,0,24,18,6,15,8,7
18376,C4920,8,114,District-Jaisalmer,Urban,60-69,166,86,80,38,20,18,23,13,10,4,2,2,57,27,30,4,2,2,5,3,2,18,10,8,17,9,8
18377,C4920,8,114,District-Jaisalmer,Urban,70-79,159,62,97,27,9,18,27,10,17,1,1,0,53,21,32,2,1,1,2,0,2,14,7,7,33,13,20
18378,C4920,8,114,District-Jaisalmer,Urban,80-89,74,35,39,10,5,5,20,10,10,0,0,0,25,12,13,2,2,0,0,0,0,3,0,3,14,6,8
18379,C4920,8,114,District-Jaisalmer,Urban,90+,23,6,17,4,1,3,3,1,2,0,0,0,7,2,5,0,0,0,0,0,0,1,1,0,8,1,7
18380,C4920,8,114,District-Jaisalmer,Urban,Age Not Stated,0,0,0,0,0,0,0,0,0,0,0,0,0,0,0,0,0,0,0,0,0,0,0,0,0,0,0
18381,C4920,8,115,District-Barmer,Total,Total,56183,30594,25589,10776,5335,5441,7873,4108,3765,2580,1706,874,13559,7757,5802,3102,2034,1068,1604,967,637,7148,4103,3045,9541,4584,4957
18382,C4920,8,115,District-Barmer,Total,0-4,2114,1131,983,400,213,187,407,222,185,52,30,22,279,164,115,75,44,31,13,8,5,662,322,340,226,128,98
18383,C4920,8,115,District-Barmer,Total,5-9,3436,2049,1387,498,279,219,479,278,201,451,286,165,501,318,183,274,160,114,54,38,16,666,362,304,513,328,185
18384,C4920,8,115,District-Barmer,Total,10-19,7381,4605,2776,972,550,422,1006,576,430,786,557,229,1321,881,440,795,552,243,186,112,74,1320,756,564,995,621,374
18385,C4920,8,115,District-Barmer,Total,20-29,5768,3865,1903,745,457,288,703,459,244,387,269,118,1557,1081,476,522,369,153,256,174,82,1005,634,371,593,422,171
18386,C4920,8,115,District-Barmer,Total,30-39,4978,3250,1728,650,401,249,631,359,272,282,195,87,1264,879,385,483,338,145,298,194,104,927,574,353,443,310,133
18387,C4920,8,115,District-Barmer,Total,40-49,4772,3013,1759,751,460,291,606,355,251,247,160,87,1196,822,374,421,266,155,320,198,122,781,475,306,450,277,173
18388,C4920,8,115,District-Barmer,Total,50-59,4945,2902,2043,988,553,435,777,419,358,174,106,68,1359,861,498,262,159,103,226,128,98,635,393,242,524,283,241
18389,C4920,8,115,District-Barmer,Total,60-69,7811,3718,4093,2167,984,1183,1200,568,632,110,56,54,2181,1078,1103,170,91,79,169,80,89,547,335,212,1267,526,741
18390,C4920,8,115,District-Barmer,Total,70-79,8875,3826,5049,2314,976,1338,1284,573,711,59,31,28,2418,1106,1312,61,28,33,57,28,29,388,183,205,2294,901,1393
18391,C4920,8,115,District-Barmer,Total,80-89,4598,1710,2888,1030,371,659,581,225,356,13,3,10,1144,439,705,18,10,8,18,5,13,135,45,90,1659,612,1047
18392,C4920,8,115,District-Barmer,Total,90+,1085,327,758,180,58,122,120,35,85,3,1,2,245,82,163,4,4,0,2,0,2,36,11,25,495,136,359
18393,C4920,8,115,District-Barmer,Total,Age Not Stated,420,198,222,81,33,48,79,39,40,16,12,4,94,46,48,17,13,4,5,2,3,46,13,33,82,40,42
18394,C4920,8,115,District-Barmer,Rural,Total,53078,28875,24203,10104,4992,5112,7422,3843,3579,2399,1594,805,12807,7328,5479,2919,1925,994,1514,917,597,6717,3865,2852,9196,4411,4785
18395,C4920,8,115,District-Barmer,Rural,0-4,1968,1054,914,356,186,170,385,212,173,47,27,20,266,158,108,70,41,29,10,7,3,622,303,319,212,120,92
18396,C4920,8,115,District-Barmer,Rural,5-9,3237,1942,1295,454,259,195,445,254,191,427,274,153,486,307,179,267,159,108,51,37,14,622,345,277,485,307,178
18397,C4920,8,115,District-Barmer,Rural,10-19,6906,4324,2582,870,498,372,946,535,411,738,525,213,1237,829,408,746,519,227,179,107,72,1245,716,529,945,595,350
18398,C4920,8,115,District-Barmer,Rural,20-29,5327,3580,1747,662,414,248,643,421,222,355,249,106,1450,1002,448,483,343,140,238,162,76,942,595,347,554,394,160
18399,C4920,8,115,District-Barmer,Rural,30-39,4595,3023,1572,585,371,214,575,329,246,252,175,77,1170,820,350,451,316,135,273,179,94,862,532,330,427,301,126
18400,C4920,8,115,District-Barmer,Rural,40-49,4454,2813,1641,680,420,260,548,318,230,232,151,81,1131,773,358,394,250,144,305,190,115,730,448,282,434,263,171
18401,C4920,8,115,District-Barmer,Rural,50-59,4658,2737,1921,921,517,404,723,389,334,163,100,63,1289,820,469,249,156,93,216,121,95,594,364,230,503,270,233
18402,C4920,8,115,District-Barmer,Rural,60-69,7488,3556,3932,2086,942,1144,1153,538,615,101,50,51,2061,1024,1037,162,87,75,165,80,85,529,324,205,1231,511,720
18403,C4920,8,115,District-Barmer,Rural,70-79,8573,3694,4879,2244,943,1301,1248,557,691,54,27,27,2311,1054,1257,59,27,32,55,28,27,367,174,193,2235,884,1351
18404,C4920,8,115,District-Barmer,Rural,80-89,4436,1651,2785,998,356,642,565,219,346,11,3,8,1088,422,666,17,10,7,15,4,11,129,41,88,1613,596,1017
18405,C4920,8,115,District-Barmer,Rural,90+,1043,313,730,171,56,115,116,33,83,3,1,2,233,76,157,4,4,0,2,0,2,35,11,24,479,132,347
18406,C4920,8,115,District-Barmer,Rural,Age Not Stated,393,188,205,77,30,47,75,38,37,16,12,4,85,43,42,17,13,4,5,2,3,40,12,28,78,38,40
18407,C4920,8,115,District-Barmer,Urban,Total,3105,1719,1386,672,343,329,451,265,186,181,112,69,752,429,323,183,109,74,90,50,40,431,238,193,345,173,172
18408,C4920,8,115,District-Barmer,Urban,0-4,146,77,69,44,27,17,22,10,12,5,3,2,13,6,7,5,3,2,3,1,2,40,19,21,14,8,6
18409,C4920,8,115,District-Barmer,Urban,5-9,199,107,92,44,20,24,34,24,10,24,12,12,15,11,4,7,1,6,3,1,2,44,17,27,28,21,7
18410,C4920,8,115,District-Barmer,Urban,10-19,475,281,194,102,52,50,60,41,19,48,32,16,84,52,32,49,33,16,7,5,2,75,40,35,50,26,24
18411,C4920,8,115,District-Barmer,Urban,20-29,441,285,156,83,43,40,60,38,22,32,20,12,107,79,28,39,26,13,18,12,6,63,39,24,39,28,11
18412,C4920,8,115,District-Barmer,Urban,30-39,383,227,156,65,30,35,56,30,26,30,20,10,94,59,35,32,22,10,25,15,10,65,42,23,16,9,7
18413,C4920,8,115,District-Barmer,Urban,40-49,318,200,118,71,40,31,58,37,21,15,9,6,65,49,16,27,16,11,15,8,7,51,27,24,16,14,2
18414,C4920,8,115,District-Barmer,Urban,50-59,287,165,122,67,36,31,54,30,24,11,6,5,70,41,29,13,3,10,10,7,3,41,29,12,21,13,8
18415,C4920,8,115,District-Barmer,Urban,60-69,323,162,161,81,42,39,47,30,17,9,6,3,120,54,66,8,4,4,4,0,4,18,11,7,36,15,21
18416,C4920,8,115,District-Barmer,Urban,70-79,302,132,170,70,33,37,36,16,20,5,4,1,107,52,55,2,1,1,2,0,2,21,9,12,59,17,42
18417,C4920,8,115,District-Barmer,Urban,80-89,162,59,103,32,15,17,16,6,10,2,0,2,56,17,39,1,0,1,3,1,2,6,4,2,46,16,30
18418,C4920,8,115,District-Barmer,Urban,90+,42,14,28,9,2,7,4,2,2,0,0,0,12,6,6,0,0,0,0,0,0,1,0,1,16,4,12
18419,C4920,8,115,District-Barmer,Urban,Age Not Stated,27,10,17,4,3,1,4,1,3,0,0,0,9,3,6,0,0,0,0,0,0,6,1,5,4,2,2
18420,C4920,8,116,District-Jalor,Total,Total,44074,22816,21258,8187,3865,4322,4865,2422,2443,1591,1021,570,13760,7164,6596,2222,1442,780,1231,727,504,5493,3065,2428,6725,3110,3615
18421,C4920,8,116,District-Jalor,Total,0-4,1085,586,499,165,80,85,122,64,58,37,20,17,216,131,85,34,25,9,6,3,3,406,212,194,99,51,48
18422,C4920,8,116,District-Jalor,Total,5-9,1978,1169,809,248,123,125,189,108,81,251,161,90,353,228,125,164,111,53,53,30,23,422,224,198,298,184,114
18423,C4920,8,116,District-Jalor,Total,10-19,5197,3123,2074,592,340,252,496,284,212,495,327,168,1194,702,492,585,388,197,166,94,72,957,537,420,712,451,261
18424,C4920,8,116,District-Jalor,Total,20-29,3866,2559,1307,366,233,133,314,190,124,227,161,66,1305,877,428,374,268,106,163,108,55,738,447,291,379,275,104
18425,C4920,8,116,District-Jalor,Total,30-39,3714,2341,1373,407,250,157,289,178,111,175,102,73,1223,783,440,369,250,119,255,156,99,701,432,269,295,190,105
18426,C4920,8,116,District-Jalor,Total,40-49,3776,2308,1468,661,376,285,389,250,139,134,83,51,1125,688,437,295,197,98,250,161,89,621,381,240,301,172,129
18427,C4920,8,116,District-Jalor,Total,50-59,4304,2298,2006,1036,491,545,554,256,298,111,76,35,1329,760,569,191,109,82,168,97,71,540,311,229,375,198,177
18428,C4920,8,116,District-Jalor,Total,60-69,7275,3282,3993,1911,854,1057,984,438,546,88,49,39,2543,1165,1378,125,53,72,99,48,51,516,262,254,1009,413,596
18429,C4920,8,116,District-Jalor,Total,70-79,7733,3246,4487,1824,754,1070,983,440,543,46,25,21,2776,1193,1583,50,25,25,55,19,36,354,159,195,1645,631,1014
18430,C4920,8,116,District-Jalor,Total,80-89,3831,1405,2426,777,284,493,423,166,257,17,8,9,1284,486,798,15,3,12,8,5,3,126,41,85,1181,412,769
18431,C4920,8,116,District-Jalor,Total,90+,951,315,636,144,50,94,92,31,61,3,2,1,304,102,202,5,3,2,2,1,1,32,13,19,369,113,256
18432,C4920,8,116,District-Jalor,Total,Age Not Stated,364,184,180,56,30,26,30,17,13,7,7,0,108,49,59,15,10,5,6,5,1,80,46,34,62,20,42
18433,C4920,8,116,District-Jalor,Rural,Total,41054,21180,19874,7565,3560,4005,4560,2272,2288,1431,928,503,12958,6738,6220,2046,1320,726,1131,657,474,4908,2733,2175,6455,2972,3483
18434,C4920,8,116,District-Jalor,Rural,0-4,995,538,457,146,67,79,111,59,52,34,19,15,204,124,80,33,24,9,6,3,3,367,193,174,94,49,45
18435,C4920,8,116,District-Jalor,Rural,5-9,1840,1083,757,228,111,117,178,103,75,237,150,87,332,213,119,159,106,53,50,28,22,385,207,178,271,165,106
18436,C4920,8,116,District-Jalor,Rural,10-19,4752,2881,1871,531,308,223,457,264,193,447,303,144,1112,660,452,536,355,181,156,88,68,849,482,367,664,421,243
18437,C4920,8,116,District-Jalor,Rural,20-29,3514,2334,1180,320,206,114,287,174,113,210,150,60,1213,813,400,340,244,96,144,93,51,648,394,254,352,260,92
18438,C4920,8,116,District-Jalor,Rural,30-39,3366,2117,1249,362,224,138,259,163,96,153,91,62,1116,714,402,332,225,107,240,144,96,620,377,243,284,179,105
18439,C4920,8,116,District-Jalor,Rural,40-49,3369,2070,1299,549,325,224,353,227,126,113,70,43,1035,633,402,268,178,90,224,143,81,532,326,206,295,168,127
18440,C4920,8,116,District-Jalor,Rural,50-59,3947,2096,1851,923,433,490,513,233,280,92,63,29,1247,713,534,180,102,78,153,87,66,478,274,204,361,191,170
18441,C4920,8,116,District-Jalor,Rural,60-69,6897,3100,3797,1809,804,1005,931,412,519,80,45,35,2411,1107,1304,120,51,69,95,45,50,473,235,238,978,401,577
18442,C4920,8,116,District-Jalor,Rural,70-79,7456,3137,4319,1759,728,1031,954,432,522,42,22,20,2664,1146,1518,49,24,25,49,17,32,339,156,183,1600,612,988
18443,C4920,8,116,District-Jalor,Rural,80-89,3695,1365,2330,750,280,470,407,158,249,15,8,7,1236,473,763,14,2,12,7,4,3,122,40,82,1144,400,744
18444,C4920,8,116,District-Jalor,Rural,90+,910,305,605,139,50,89,85,31,54,3,2,1,292,98,194,3,1,2,2,1,1,29,13,16,357,109,248
18445,C4920,8,116,District-Jalor,Rural,Age Not Stated,313,154,159,49,24,25,25,16,9,5,5,0,96,44,52,12,8,4,5,4,1,66,36,30,55,17,38
18446,C4920,8,116,District-Jalor,Urban,Total,3020,1636,1384,622,305,317,305,150,155,160,93,67,802,426,376,176,122,54,100,70,30,585,332,253,270,138,132
18447,C4920,8,116,District-Jalor,Urban,0-4,90,48,42,19,13,6,11,5,6,3,1,2,12,7,5,1,1,0,0,0,0,39,19,20,5,2,3
18448,C4920,8,116,District-Jalor,Urban,5-9,138,86,52,20,12,8,11,5,6,14,11,3,21,15,6,5,5,0,3,2,1,37,17,20,27,19,8
18449,C4920,8,116,District-Jalor,Urban,10-19,445,242,203,61,32,29,39,20,19,48,24,24,82,42,40,49,33,16,10,6,4,108,55,53,48,30,18
18450,C4920,8,116,District-Jalor,Urban,20-29,352,225,127,46,27,19,27,16,11,17,11,6,92,64,28,34,24,10,19,15,4,90,53,37,27,15,12
18451,C4920,8,116,District-Jalor,Urban,30-39,348,224,124,45,26,19,30,15,15,22,11,11,107,69,38,37,25,12,15,12,3,81,55,26,11,11,0
18452,C4920,8,116,District-Jalor,Urban,40-49,407,238,169,112,51,61,36,23,13,21,13,8,90,55,35,27,19,8,26,18,8,89,55,34,6,4,2
18453,C4920,8,116,District-Jalor,Urban,50-59,357,202,155,113,58,55,41,23,18,19,13,6,82,47,35,11,7,4,15,10,5,62,37,25,14,7,7
18454,C4920,8,116,District-Jalor,Urban,60-69,378,182,196,102,50,52,53,26,27,8,4,4,132,58,74,5,2,3,4,3,1,43,27,16,31,12,19
18455,C4920,8,116,District-Jalor,Urban,70-79,277,109,168,65,26,39,29,8,21,4,3,1,112,47,65,1,1,0,6,2,4,15,3,12,45,19,26
18456,C4920,8,116,District-Jalor,Urban,80-89,136,40,96,27,4,23,16,8,8,2,0,2,48,13,35,1,1,0,1,1,0,4,1,3,37,12,25
18457,C4920,8,116,District-Jalor,Urban,90+,41,10,31,5,0,5,7,0,7,0,0,0,12,4,8,2,2,0,0,0,0,3,0,3,12,4,8
18458,C4920,8,116,District-Jalor,Urban,Age Not Stated,51,30,21,7,6,1,5,1,4,2,2,0,12,5,7,3,2,1,1,1,0,14,10,4,7,3,4
18459,C4920,8,117,District-Sirohi,Total,Total,23639,12501,11138,4749,2321,2428,2683,1345,1338,845,564,281,7800,4192,3608,1206,753,453,686,434,252,2541,1422,1119,3129,1470,1659
18460,C4920,8,117,District-Sirohi,Total,0-4,718,410,308,173,96,77,100,55,45,14,11,3,143,88,55,23,14,9,5,5,0,198,108,90,62,33,29
18461,C4920,8,117,District-Sirohi,Total,5-9,1158,686,472,201,111,90,153,78,75,119,76,43,213,132,81,104,61,43,16,11,5,185,103,82,167,114,53
18462,C4920,8,117,District-Sirohi,Total,10-19,2957,1847,1110,408,235,173,323,183,140,290,209,81,708,456,252,342,240,102,112,70,42,422,236,186,352,218,134
18463,C4920,8,117,District-Sirohi,Total,20-29,2472,1585,887,329,198,131,213,126,87,125,97,28,917,614,303,226,143,83,124,87,37,342,197,145,196,123,73
18464,C4920,8,117,District-Sirohi,Total,30-39,2301,1407,894,328,188,140,214,126,88,92,49,43,820,525,295,175,112,63,151,103,48,351,203,148,170,101,69
18465,C4920,8,117,District-Sirohi,Total,40-49,2252,1362,890,425,236,189,251,148,103,83,46,37,686,439,247,173,106,67,126,72,54,363,223,140,145,92,53
18466,C4920,8,117,District-Sirohi,Total,50-59,2496,1338,1158,675,339,336,307,160,147,54,34,20,850,469,381,82,42,40,81,45,36,264,156,108,183,93,90
18467,C4920,8,117,District-Sirohi,Total,60-69,3870,1724,2146,1086,465,621,467,196,271,41,22,19,1408,675,733,46,17,29,42,30,12,239,115,124,541,204,337
18468,C4920,8,117,District-Sirohi,Total,70-79,3395,1390,2005,772,317,455,423,187,236,21,17,4,1301,520,781,20,11,9,22,10,12,129,65,64,707,263,444
18469,C4920,8,117,District-Sirohi,Total,80-89,1544,594,950,300,114,186,181,70,111,5,3,2,578,217,361,9,5,4,7,1,6,35,13,22,429,171,258
18470,C4920,8,117,District-Sirohi,Total,90+,462,152,310,50,22,28,51,16,35,1,0,1,174,57,117,6,2,4,0,0,0,11,3,8,169,52,117
18471,C4920,8,117,District-Sirohi,Total,Age Not Stated,14,6,8,2,0,2,0,0,0,0,0,0,2,0,2,0,0,0,0,0,0,2,0,2,8,6,2
18472,C4920,8,117,District-Sirohi,Rural,Total,20379,10697,9682,4328,2113,2215,2386,1188,1198,657,446,211,6520,3501,3019,985,619,366,564,357,207,2190,1197,993,2749,1276,1473
18473,C4920,8,117,District-Sirohi,Rural,0-4,642,368,274,161,90,71,96,53,43,9,7,2,124,77,47,18,12,6,4,4,0,176,95,81,54,30,24
18474,C4920,8,117,District-Sirohi,Rural,5-9,1003,592,411,183,101,82,141,71,70,98,64,34,183,114,69,89,51,38,14,10,4,158,87,71,137,94,43
18475,C4920,8,117,District-Sirohi,Rural,10-19,2501,1554,947,351,199,152,289,160,129,236,175,61,610,389,221,286,204,82,90,58,32,370,199,171,269,170,99
18476,C4920,8,117,District-Sirohi,Rural,20-29,2016,1314,702,293,182,111,176,104,72,86,71,15,733,505,228,179,116,63,102,74,28,289,160,129,158,102,56
18477,C4920,8,117,District-Sirohi,Rural,30-39,1868,1142,726,290,166,124,186,107,79,74,39,35,626,404,222,141,91,50,122,80,42,300,174,126,129,81,48
18478,C4920,8,117,District-Sirohi,Rural,40-49,1906,1143,763,381,207,174,230,134,96,59,35,24,549,350,199,145,85,60,105,62,43,313,187,126,124,83,41
18479,C4920,8,117,District-Sirohi,Rural,50-59,2191,1153,1038,633,317,316,281,147,134,44,24,20,727,396,331,58,28,30,67,35,32,215,124,91,166,82,84
18480,C4920,8,117,District-Sirohi,Rural,60-69,3495,1545,1950,1007,433,574,432,179,253,30,17,13,1228,587,641,40,15,25,37,25,12,212,100,112,509,189,320
18481,C4920,8,117,District-Sirohi,Rural,70-79,3012,1219,1793,715,292,423,363,158,205,15,11,4,1117,446,671,16,10,6,18,8,10,113,55,58,655,239,416
18482,C4920,8,117,District-Sirohi,Rural,80-89,1349,533,816,272,108,164,154,62,92,5,3,2,475,183,292,8,5,3,5,1,4,32,13,19,398,158,240
18483,C4920,8,117,District-Sirohi,Rural,90+,387,130,257,41,18,23,38,13,25,1,0,1,147,50,97,5,2,3,0,0,0,10,3,7,145,44,101
18484,C4920,8,117,District-Sirohi,Rural,Age Not Stated,9,4,5,1,0,1,0,0,0,0,0,0,1,0,1,0,0,0,0,0,0,2,0,2,5,4,1
18485,C4920,8,117,District-Sirohi,Urban,Total,3260,1804,1456,421,208,213,297,157,140,188,118,70,1280,691,589,221,134,87,122,77,45,351,225,126,380,194,186
18486,C4920,8,117,District-Sirohi,Urban,0-4,76,42,34,12,6,6,4,2,2,5,4,1,19,11,8,5,2,3,1,1,0,22,13,9,8,3,5
18487,C4920,8,117,District-Sirohi,Urban,5-9,155,94,61,18,10,8,12,7,5,21,12,9,30,18,12,15,10,5,2,1,1,27,16,11,30,20,10
18488,C4920,8,117,District-Sirohi,Urban,10-19,456,293,163,57,36,21,34,23,11,54,34,20,98,67,31,56,36,20,22,12,10,52,37,15,83,48,35
18489,C4920,8,117,District-Sirohi,Urban,20-29,456,271,185,36,16,20,37,22,15,39,26,13,184,109,75,47,27,20,22,13,9,53,37,16,38,21,17
18490,C4920,8,117,District-Sirohi,Urban,30-39,433,265,168,38,22,16,28,19,9,18,10,8,194,121,73,34,21,13,29,23,6,51,29,22,41,20,21
18491,C4920,8,117,District-Sirohi,Urban,40-49,346,219,127,44,29,15,21,14,7,24,11,13,137,89,48,28,21,7,21,10,11,50,36,14,21,9,12
18492,C4920,8,117,District-Sirohi,Urban,50-59,305,185,120,42,22,20,26,13,13,10,10,0,123,73,50,24,14,10,14,10,4,49,32,17,17,11,6
18493,C4920,8,117,District-Sirohi,Urban,60-69,375,179,196,79,32,47,35,17,18,11,5,6,180,88,92,6,2,4,5,5,0,27,15,12,32,15,17
18494,C4920,8,117,District-Sirohi,Urban,70-79,383,171,212,57,25,32,60,29,31,6,6,0,184,74,110,4,1,3,4,2,2,16,10,6,52,24,28
18495,C4920,8,117,District-Sirohi,Urban,80-89,195,61,134,28,6,22,27,8,19,0,0,0,103,34,69,1,0,1,2,0,2,3,0,3,31,13,18
18496,C4920,8,117,District-Sirohi,Urban,90+,75,22,53,9,4,5,13,3,10,0,0,0,27,7,20,1,0,1,0,0,0,1,0,1,24,8,16
18497,C4920,8,117,District-Sirohi,Urban,Age Not Stated,5,2,3,1,0,1,0,0,0,0,0,0,1,0,1,0,0,0,0,0,0,0,0,0,3,2,1
18498,C4920,8,118,District-Pali,Total,Total,65973,32512,33461,13342,6125,7217,7940,3735,4205,1935,1172,763,21905,10876,11029,2990,1871,1119,1401,808,593,6499,3560,2939,9961,4365,5596
18499,C4920,8,118,District-Pali,Total,0-4,1292,693,599,295,151,144,210,109,101,24,10,14,216,103,113,51,28,23,9,5,4,353,197,156,134,90,44
18500,C4920,8,118,District-Pali,Total,5-9,2287,1323,964,374,193,181,282,160,122,264,165,99,365,224,141,225,143,82,52,28,24,388,206,182,337,204,133
18501,C4920,8,118,District-Pali,Total,10-19,6398,3728,2670,935,500,435,707,376,331,550,361,189,1372,799,573,768,486,282,230,136,94,996,552,444,840,518,322
18502,C4920,8,118,District-Pali,Total,20-29,5365,3323,2042,659,396,263,497,284,213,256,170,86,1948,1231,717,539,358,181,236,152,84,774,449,325,456,283,173
18503,C4920,8,118,District-Pali,Total,30-39,4941,3061,1880,607,349,258,471,282,189,254,148,106,1786,1142,644,470,318,152,251,160,91,778,463,315,324,199,125
18504,C4920,8,118,District-Pali,Total,40-49,5182,3103,2079,948,500,448,590,337,253,188,104,84,1574,1034,540,430,268,162,264,146,118,843,501,342,345,213,132
18505,C4920,8,118,District-Pali,Total,50-59,6737,3471,3266,1774,871,903,853,398,455,141,81,60,2178,1165,1013,233,136,97,176,86,90,772,437,335,610,297,313
18506,C4920,8,118,District-Pali,Total,60-69,12339,5427,6912,3184,1375,1809,1701,715,986,135,71,64,4555,2036,2519,157,77,80,110,57,53,750,374,376,1747,722,1025
18507,C4920,8,118,District-Pali,Total,70-79,12634,5215,7419,2931,1196,1735,1650,697,953,75,40,35,4869,2031,2838,65,28,37,48,23,25,495,224,271,2501,976,1525
18508,C4920,8,118,District-Pali,Total,80-89,6320,2356,3964,1266,471,795,734,296,438,34,15,19,2250,849,1401,19,10,9,13,8,5,232,100,132,1772,607,1165
18509,C4920,8,118,District-Pali,Total,90+,1836,530,1306,239,68,171,177,55,122,4,1,3,576,174,402,5,2,3,2,1,1,43,10,33,790,219,571
18510,C4920,8,118,District-Pali,Total,Age Not Stated,642,282,360,130,55,75,68,26,42,10,6,4,216,88,128,28,17,11,10,6,4,75,47,28,105,37,68
18511,C4920,8,118,District-Pali,Rural,Total,53458,26150,27308,10982,4973,6009,6358,2935,3423,1537,943,594,17699,8746,8953,2384,1487,897,1098,636,462,5169,2822,2347,8231,3608,4623
18512,C4920,8,118,District-Pali,Rural,0-4,1010,543,467,223,118,105,164,81,83,20,8,12,175,85,90,43,24,19,8,4,4,272,150,122,105,73,32
18513,C4920,8,118,District-Pali,Rural,5-9,1817,1059,758,293,150,143,222,127,95,215,135,80,289,188,101,185,117,68,37,21,16,298,157,141,278,164,114
18514,C4920,8,118,District-Pali,Rural,10-19,5043,2937,2106,722,382,340,527,276,251,436,288,148,1115,640,475,628,400,228,165,98,67,782,439,343,668,414,254
18515,C4920,8,118,District-Pali,Rural,20-29,4028,2541,1487,470,291,179,352,200,152,187,128,59,1511,973,538,405,272,133,171,112,59,581,341,240,351,224,127
18516,C4920,8,118,District-Pali,Rural,30-39,3711,2317,1394,433,254,179,340,200,140,203,127,76,1323,849,474,375,253,122,208,135,73,581,346,235,248,153,95
18517,C4920,8,118,District-Pali,Rural,40-49,4058,2440,1618,751,406,345,446,256,190,149,88,61,1225,800,425,322,197,125,218,124,94,656,391,265,291,178,113
18518,C4920,8,118,District-Pali,Rural,50-59,5352,2738,2614,1403,675,728,684,318,366,114,64,50,1721,926,795,184,107,77,138,63,75,622,350,272,486,235,251
18519,C4920,8,118,District-Pali,Rural,60-69,10251,4511,5740,2668,1139,1529,1439,598,841,113,57,56,3707,1670,2037,134,66,68,91,47,44,635,320,315,1464,614,850
18520,C4920,8,118,District-Pali,Rural,70-79,10693,4384,6309,2574,1029,1545,1371,569,802,63,34,29,4035,1681,2354,61,25,36,40,20,20,439,192,247,2110,834,1276
18521,C4920,8,118,District-Pali,Rural,80-89,5369,1989,3380,1115,419,696,602,241,361,25,9,16,1920,714,1206,15,8,7,12,7,5,203,87,116,1477,504,973
18522,C4920,8,118,District-Pali,Rural,90+,1554,447,1107,212,62,150,151,45,106,4,1,3,491,150,341,5,2,3,1,0,1,35,8,27,655,179,476
18523,C4920,8,118,District-Pali,Rural,Age Not Stated,572,244,328,118,48,70,60,24,36,8,4,4,187,70,117,27,16,11,9,5,4,65,41,24,98,36,62
18524,C4920,8,118,District-Pali,Urban,Total,12515,6362,6153,2360,1152,1208,1582,800,782,398,229,169,4206,2130,2076,606,384,222,303,172,131,1330,738,592,1730,757,973
18525,C4920,8,118,District-Pali,Urban,0-4,282,150,132,72,33,39,46,28,18,4,2,2,41,18,23,8,4,4,1,1,0,81,47,34,29,17,12
18526,C4920,8,118,District-Pali,Urban,5-9,470,264,206,81,43,38,60,33,27,49,30,19,76,36,40,40,26,14,15,7,8,90,49,41,59,40,19
18527,C4920,8,118,District-Pali,Urban,10-19,1355,791,564,213,118,95,180,100,80,114,73,41,257,159,98,140,86,54,65,38,27,214,113,101,172,104,68
18528,C4920,8,118,District-Pali,Urban,20-29,1337,782,555,189,105,84,145,84,61,69,42,27,437,258,179,134,86,48,65,40,25,193,108,85,105,59,46
18529,C4920,8,118,District-Pali,Urban,30-39,1230,744,486,174,95,79,131,82,49,51,21,30,463,293,170,95,65,30,43,25,18,197,117,80,76,46,30
18530,C4920,8,118,District-Pali,Urban,40-49,1124,663,461,197,94,103,144,81,63,39,16,23,349,234,115,108,71,37,46,22,24,187,110,77,54,35,19
18531,C4920,8,118,District-Pali,Urban,50-59,1385,733,652,371,196,175,169,80,89,27,17,10,457,239,218,49,29,20,38,23,15,150,87,63,124,62,62
18532,C4920,8,118,District-Pali,Urban,60-69,2088,916,1172,516,236,280,262,117,145,22,14,8,848,366,482,23,11,12,19,10,9,115,54,61,283,108,175
18533,C4920,8,118,District-Pali,Urban,70-79,1941,831,1110,357,167,190,279,128,151,12,6,6,834,350,484,4,3,1,8,3,5,56,32,24,391,142,249
18534,C4920,8,118,District-Pali,Urban,80-89,951,367,584,151,52,99,132,55,77,9,6,3,330,135,195,4,2,2,1,1,0,29,13,16,295,103,192
18535,C4920,8,118,District-Pali,Urban,90+,282,83,199,27,6,21,26,10,16,0,0,0,85,24,61,0,0,0,1,1,0,8,2,6,135,40,95
18536,C4920,8,118,District-Pali,Urban,Age Not Stated,70,38,32,12,7,5,8,2,6,2,2,0,29,18,11,1,1,0,1,1,0,10,6,4,7,1,6
18537,C4920,8,119,District-Ajmer,Total,Total,52946,28209,24737,7525,3599,3926,6057,3025,3032,2659,1596,1063,17026,9341,7685,3156,2086,1070,1572,977,595,7573,4104,3469,7378,3481,3897
18538,C4920,8,119,District-Ajmer,Total,0-4,1656,918,738,243,125,118,246,140,106,49,35,14,232,140,92,61,40,21,15,10,5,678,347,331,132,81,51
18539,C4920,8,119,District-Ajmer,Total,5-9,2656,1506,1150,292,141,151,346,179,167,357,211,146,375,231,144,280,172,108,62,38,24,543,289,254,401,245,156
18540,C4920,8,119,District-Ajmer,Total,10-19,6718,4095,2623,771,451,320,767,420,347,621,389,232,1288,834,454,916,634,282,271,162,109,1252,695,557,832,510,322
18541,C4920,8,119,District-Ajmer,Total,20-29,6587,4101,2486,577,356,221,659,351,308,424,256,168,2327,1494,833,590,408,182,293,193,100,1110,646,464,607,397,210
18542,C4920,8,119,District-Ajmer,Total,30-39,5823,3680,2143,497,276,221,608,365,243,334,196,138,2263,1498,765,480,311,169,275,193,82,952,569,383,414,272,142
18543,C4920,8,119,District-Ajmer,Total,40-49,5322,3305,2017,660,393,267,579,324,255,330,199,131,1781,1175,606,394,249,145,302,197,105,892,529,363,384,239,145
18544,C4920,8,119,District-Ajmer,Total,50-59,5467,3027,2440,962,472,490,636,351,285,245,138,107,1909,1103,806,235,163,72,189,102,87,771,417,354,520,281,239
18545,C4920,8,119,District-Ajmer,Total,60-69,7421,3341,4080,1478,623,855,857,373,484,185,113,72,2789,1287,1502,124,72,52,103,56,47,706,346,360,1179,471,708
18546,C4920,8,119,District-Ajmer,Total,70-79,6988,2708,4280,1395,540,855,827,324,503,68,42,26,2645,1052,1593,54,27,27,46,19,27,391,151,240,1562,553,1009
18547,C4920,8,119,District-Ajmer,Total,80-89,3209,1188,2021,513,183,330,396,153,243,26,8,18,1130,441,689,13,4,9,11,3,8,153,59,94,967,337,630
18548,C4920,8,119,District-Ajmer,Total,90+,920,246,674,107,27,80,119,37,82,9,3,6,266,75,191,7,4,3,2,2,0,43,11,32,367,87,280
18549,C4920,8,119,District-Ajmer,Total,Age Not Stated,179,94,85,30,12,18,17,8,9,11,6,5,21,11,10,2,2,0,3,2,1,82,45,37,13,8,5
18550,C4920,8,119,District-Ajmer,Rural,Total,37011,19120,17891,5598,2545,3053,4051,1944,2107,1459,903,556,12366,6624,5742,1993,1305,688,946,572,374,4917,2653,2264,5681,2574,3107
18551,C4920,8,119,District-Ajmer,Rural,0-4,1145,643,502,165,83,82,163,94,69,32,25,7,178,107,71,47,32,15,10,7,3,459,239,220,91,56,35
18552,C4920,8,119,District-Ajmer,Rural,5-9,1838,1071,767,208,99,109,235,118,117,240,149,91,261,161,100,212,135,77,43,29,14,365,200,165,274,180,94
18553,C4920,8,119,District-Ajmer,Rural,10-19,4607,2825,1782,484,263,221,522,289,233,394,249,145,937,630,307,644,454,190,179,106,73,872,480,392,575,354,221
18554,C4920,8,119,District-Ajmer,Rural,20-29,4095,2592,1503,353,217,136,385,205,180,217,138,79,1618,1051,567,335,238,97,158,105,53,650,388,262,379,250,129
18555,C4920,8,119,District-Ajmer,Rural,30-39,3571,2246,1325,302,165,137,360,210,150,162,100,62,1473,969,504,263,159,104,171,119,52,568,339,229,272,185,87
18556,C4920,8,119,District-Ajmer,Rural,40-49,3379,2051,1328,463,258,205,362,196,166,154,94,60,1178,770,408,227,136,91,181,110,71,558,333,225,256,154,102
18557,C4920,8,119,District-Ajmer,Rural,50-59,3738,1982,1756,739,351,388,411,212,199,127,69,58,1359,758,601,140,93,47,103,47,56,461,257,204,398,195,203
18558,C4920,8,119,District-Ajmer,Rural,60-69,5768,2460,3308,1219,490,729,645,264,381,77,50,27,2180,969,1211,87,43,44,60,32,28,488,222,266,1012,390,622
18559,C4920,8,119,District-Ajmer,Rural,70-79,5580,2080,3500,1147,440,707,601,221,380,30,19,11,2117,814,1303,33,14,19,31,12,19,291,108,183,1330,452,878
18560,C4920,8,119,District-Ajmer,Rural,80-89,2476,916,1560,411,149,262,283,108,175,14,4,10,859,327,532,3,0,3,8,3,5,104,42,62,794,283,511
18561,C4920,8,119,District-Ajmer,Rural,90+,676,185,491,85,23,62,70,21,49,4,1,3,189,59,130,2,1,1,2,2,0,33,7,26,291,71,220
18562,C4920,8,119,District-Ajmer,Rural,Age Not Stated,138,69,69,22,7,15,14,6,8,8,5,3,17,9,8,0,0,0,0,0,0,68,38,30,9,4,5
18563,C4920,8,119,District-Ajmer,Urban,Total,15935,9089,6846,1927,1054,873,2006,1081,925,1200,693,507,4660,2717,1943,1163,781,382,626,405,221,2656,1451,1205,1697,907,790
18564,C4920,8,119,District-Ajmer,Urban,0-4,511,275,236,78,42,36,83,46,37,17,10,7,54,33,21,14,8,6,5,3,2,219,108,111,41,25,16
18565,C4920,8,119,District-Ajmer,Urban,5-9,818,435,383,84,42,42,111,61,50,117,62,55,114,70,44,68,37,31,19,9,10,178,89,89,127,65,62
18566,C4920,8,119,District-Ajmer,Urban,10-19,2111,1270,841,287,188,99,245,131,114,227,140,87,351,204,147,272,180,92,92,56,36,380,215,165,257,156,101
18567,C4920,8,119,District-Ajmer,Urban,20-29,2492,1509,983,224,139,85,274,146,128,207,118,89,709,443,266,255,170,85,135,88,47,460,258,202,228,147,81
18568,C4920,8,119,District-Ajmer,Urban,30-39,2252,1434,818,195,111,84,248,155,93,172,96,76,790,529,261,217,152,65,104,74,30,384,230,154,142,87,55
18569,C4920,8,119,District-Ajmer,Urban,40-49,1943,1254,689,197,135,62,217,128,89,176,105,71,603,405,198,167,113,54,121,87,34,334,196,138,128,85,43
18570,C4920,8,119,District-Ajmer,Urban,50-59,1729,1045,684,223,121,102,225,139,86,118,69,49,550,345,205,95,70,25,86,55,31,310,160,150,122,86,36
18571,C4920,8,119,District-Ajmer,Urban,60-69,1653,881,772,259,133,126,212,109,103,108,63,45,609,318,291,37,29,8,43,24,19,218,124,94,167,81,86
18572,C4920,8,119,District-Ajmer,Urban,70-79,1408,628,780,248,100,148,226,103,123,38,23,15,528,238,290,21,13,8,15,7,8,100,43,57,232,101,131
18573,C4920,8,119,District-Ajmer,Urban,80-89,733,272,461,102,34,68,113,45,68,12,4,8,271,114,157,10,4,6,3,0,3,49,17,32,173,54,119
18574,C4920,8,119,District-Ajmer,Urban,90+,244,61,183,22,4,18,49,16,33,5,2,3,77,16,61,5,3,2,0,0,0,10,4,6,76,16,60
18575,C4920,8,119,District-Ajmer,Urban,Age Not Stated,41,25,16,8,5,3,3,2,1,3,1,2,4,2,2,2,2,0,3,2,1,14,7,7,4,4,0
18576,C4920,8,120,District-Tonk,Total,Total,40510,20870,19640,8425,4036,4389,4851,2484,2367,1377,833,544,11786,6356,5430,1740,1080,660,1045,635,410,3771,2133,1638,7515,3313,4202
18577,C4920,8,120,District-Tonk,Total,0-4,1067,591,476,232,124,108,235,127,108,25,16,9,138,81,57,46,24,22,14,8,6,250,137,113,127,74,53
18578,C4920,8,120,District-Tonk,Total,5-9,1752,1054,698,261,135,126,316,178,138,195,127,68,226,146,80,187,121,66,37,22,15,261,157,104,269,168,101
18579,C4920,8,120,District-Tonk,Total,10-19,4524,2714,1810,655,360,295,648,334,314,394,252,142,865,535,330,559,355,204,167,106,61,597,356,241,639,416,223
18580,C4920,8,120,District-Tonk,Total,20-29,3950,2496,1454,488,291,197,489,274,215,211,124,87,1424,987,437,328,223,105,186,108,78,509,287,222,315,202,113
18581,C4920,8,120,District-Tonk,Total,30-39,3656,2321,1335,483,286,197,418,259,159,175,103,72,1406,938,468,231,130,101,198,133,65,476,301,175,269,171,98
18582,C4920,8,120,District-Tonk,Total,40-49,3406,2041,1365,670,357,313,420,257,163,134,76,58,1067,690,377,185,115,70,203,124,79,456,289,167,271,133,138
18583,C4920,8,120,District-Tonk,Total,50-59,4118,2174,1944,1065,529,536,502,247,255,97,56,41,1307,713,594,110,66,44,140,86,54,410,241,169,487,236,251
18584,C4920,8,120,District-Tonk,Total,60-69,7065,3051,4014,2034,835,1199,805,375,430,83,45,38,2205,974,1231,58,31,27,63,34,29,408,192,216,1409,565,844
18585,C4920,8,120,District-Tonk,Total,70-79,7197,2980,4217,1850,813,1037,674,278,396,45,26,19,2149,919,1230,21,10,11,27,13,14,305,130,175,2126,791,1335
18586,C4920,8,120,District-Tonk,Total,80-89,3054,1214,1840,588,270,318,274,121,153,14,7,7,820,319,501,11,3,8,8,0,8,78,32,46,1261,462,799
18587,C4920,8,120,District-Tonk,Total,90+,678,214,464,88,33,55,62,29,33,4,1,3,168,49,119,4,2,2,0,0,0,18,10,8,334,90,244
18588,C4920,8,120,District-Tonk,Total,Age Not Stated,43,20,23,11,3,8,8,5,3,0,0,0,11,5,6,0,0,0,2,1,1,3,1,2,8,5,3
18589,C4920,8,120,District-Tonk,Rural,Total,34644,17585,17059,7433,3549,3884,3931,1972,1959,1009,613,396,10132,5380,4752,1393,854,539,815,487,328,3095,1751,1344,6836,2979,3857
18590,C4920,8,120,District-Tonk,Rural,0-4,826,454,372,187,103,84,163,87,76,16,10,6,108,66,42,40,20,20,11,6,5,197,102,95,104,60,44
18591,C4920,8,120,District-Tonk,Rural,5-9,1415,841,574,212,104,108,231,121,110,156,99,57,187,121,66,168,108,60,23,15,8,206,126,80,232,147,85
18592,C4920,8,120,District-Tonk,Rural,10-19,3590,2184,1406,548,308,240,480,252,228,298,196,102,695,427,268,469,302,167,118,72,46,462,287,175,520,340,180
18593,C4920,8,120,District-Tonk,Rural,20-29,3068,1956,1112,393,241,152,365,207,158,149,85,64,1131,801,330,230,155,75,148,84,64,393,222,171,259,161,98
18594,C4920,8,120,District-Tonk,Rural,30-39,2911,1849,1062,398,238,160,325,203,122,117,73,44,1122,746,376,173,95,78,160,108,52,392,246,146,224,140,84
18595,C4920,8,120,District-Tonk,Rural,40-49,2825,1671,1154,573,301,272,336,205,131,99,58,41,883,567,316,150,89,61,156,95,61,386,240,146,242,116,126
18596,C4920,8,120,District-Tonk,Rural,50-59,3626,1882,1744,964,475,489,427,207,220,64,37,27,1157,621,536,88,49,39,119,68,51,355,207,148,452,218,234
18597,C4920,8,120,District-Tonk,Rural,60-69,6391,2723,3668,1859,760,1099,712,318,394,55,27,28,2012,875,1137,45,23,22,51,29,22,355,169,186,1302,522,780
18598,C4920,8,120,District-Tonk,Rural,70-79,6624,2732,3892,1695,749,946,602,241,361,38,21,17,1971,837,1134,17,8,9,23,9,14,273,120,153,2005,747,1258
18599,C4920,8,120,District-Tonk,Rural,80-89,2771,1097,1674,523,242,281,239,105,134,13,6,7,728,276,452,10,3,7,4,0,4,64,26,38,1190,439,751
18600,C4920,8,120,District-Tonk,Rural,90+,560,178,382,72,25,47,45,22,23,4,1,3,127,38,89,3,2,1,0,0,0,10,6,4,299,84,215
18601,C4920,8,120,District-Tonk,Rural,Age Not Stated,37,18,19,9,3,6,6,4,2,0,0,0,11,5,6,0,0,0,2,1,1,2,0,2,7,5,2
18602,C4920,8,120,District-Tonk,Urban,Total,5866,3285,2581,992,487,505,920,512,408,368,220,148,1654,976,678,347,226,121,230,148,82,676,382,294,679,334,345
18603,C4920,8,120,District-Tonk,Urban,0-4,241,137,104,45,21,24,72,40,32,9,6,3,30,15,15,6,4,2,3,2,1,53,35,18,23,14,9
18604,C4920,8,120,District-Tonk,Urban,5-9,337,213,124,49,31,18,85,57,28,39,28,11,39,25,14,19,13,6,14,7,7,55,31,24,37,21,16
18605,C4920,8,120,District-Tonk,Urban,10-19,934,530,404,107,52,55,168,82,86,96,56,40,170,108,62,90,53,37,49,34,15,135,69,66,119,76,43
18606,C4920,8,120,District-Tonk,Urban,20-29,882,540,342,95,50,45,124,67,57,62,39,23,293,186,107,98,68,30,38,24,14,116,65,51,56,41,15
18607,C4920,8,120,District-Tonk,Urban,30-39,745,472,273,85,48,37,93,56,37,58,30,28,284,192,92,58,35,23,38,25,13,84,55,29,45,31,14
18608,C4920,8,120,District-Tonk,Urban,40-49,581,370,211,97,56,41,84,52,32,35,18,17,184,123,61,35,26,9,47,29,18,70,49,21,29,17,12
18609,C4920,8,120,District-Tonk,Urban,50-59,492,292,200,101,54,47,75,40,35,33,19,14,150,92,58,22,17,5,21,18,3,55,34,21,35,18,17
18610,C4920,8,120,District-Tonk,Urban,60-69,674,328,346,175,75,100,93,57,36,28,18,10,193,99,94,13,8,5,12,5,7,53,23,30,107,43,64
18611,C4920,8,120,District-Tonk,Urban,70-79,573,248,325,155,64,91,72,37,35,7,5,2,178,82,96,4,2,2,4,4,0,32,10,22,121,44,77
18612,C4920,8,120,District-Tonk,Urban,80-89,283,117,166,65,28,37,35,16,19,1,1,0,92,43,49,1,0,1,4,0,4,14,6,8,71,23,48
18613,C4920,8,120,District-Tonk,Urban,90+,118,36,82,16,8,8,17,7,10,0,0,0,41,11,30,1,0,1,0,0,0,8,4,4,35,6,29
18614,C4920,8,120,District-Tonk,Urban,Age Not Stated,6,2,4,2,0,2,2,1,1,0,0,0,0,0,0,0,0,0,0,0,0,1,1,0,1,0,1
18615,C4920,8,121,District-Bundi,Total,Total,32929,17725,15204,8818,4362,4456,3806,1994,1812,1178,754,424,8312,4726,3586,1857,1129,728,972,566,406,3438,1947,1491,4548,2247,2301
18616,C4920,8,121,District-Bundi,Total,0-4,1232,697,535,491,282,209,159,83,76,27,19,8,120,66,54,31,15,16,13,5,8,265,153,112,126,74,52
18617,C4920,8,121,District-Bundi,Total,5-9,1889,1100,789,526,271,255,223,118,105,188,130,58,207,132,75,193,124,69,35,24,11,265,136,129,252,165,87
18618,C4920,8,121,District-Bundi,Total,10-19,4628,2718,1910,1176,640,536,498,269,229,305,204,101,662,410,252,647,392,255,126,70,56,642,374,268,572,359,213
18619,C4920,8,121,District-Bundi,Total,20-29,4180,2594,1586,881,478,403,418,234,184,196,129,67,1269,850,419,354,237,117,197,137,60,547,326,221,318,203,115
18620,C4920,8,121,District-Bundi,Total,30-39,3654,2217,1437,708,394,314,412,256,156,164,94,70,1214,782,432,281,161,120,195,122,73,452,259,193,228,149,79
18621,C4920,8,121,District-Bundi,Total,40-49,3209,1937,1272,858,459,399,401,248,153,117,74,43,845,556,289,164,101,63,180,111,69,428,264,164,216,124,92
18622,C4920,8,121,District-Bundi,Total,50-59,3128,1720,1408,948,496,452,404,220,184,83,53,30,867,509,358,105,60,45,110,53,57,323,184,139,288,145,143
18623,C4920,8,121,District-Bundi,Total,60-69,4685,2078,2607,1564,670,894,574,258,316,63,30,33,1296,613,683,52,26,26,72,27,45,285,145,140,779,309,470
18624,C4920,8,121,District-Bundi,Total,70-79,4216,1797,2419,1223,482,741,511,210,301,24,15,9,1218,556,662,22,9,13,31,10,21,159,76,83,1028,439,589
18625,C4920,8,121,District-Bundi,Total,80-89,1681,691,990,377,162,215,170,79,91,10,5,5,494,205,289,5,2,3,10,6,4,54,21,33,561,211,350
18626,C4920,8,121,District-Bundi,Total,90+,416,167,249,65,27,38,35,18,17,1,1,0,117,45,72,3,2,1,2,0,2,15,6,9,178,68,110
18627,C4920,8,121,District-Bundi,Total,Age Not Stated,11,9,2,1,1,0,1,1,0,0,0,0,3,2,1,0,0,0,1,1,0,3,3,0,2,1,1
18628,C4920,8,121,District-Bundi,Rural,Total,28524,15262,13262,8055,4003,4052,3282,1728,1554,971,629,342,6973,3941,3032,1548,926,622,761,440,321,2979,1667,1312,3955,1928,2027
18629,C4920,8,121,District-Bundi,Rural,0-4,1096,621,475,462,267,195,135,71,64,25,17,8,101,58,43,26,12,14,12,4,8,237,136,101,98,56,42
18630,C4920,8,121,District-Bundi,Rural,5-9,1666,964,702,485,254,231,196,103,93,161,109,52,172,108,64,171,107,64,29,20,9,236,120,116,216,143,73
18631,C4920,8,121,District-Bundi,Rural,10-19,4044,2361,1683,1094,600,494,446,240,206,255,173,82,579,363,216,557,334,223,98,54,44,545,311,234,470,286,184
18632,C4920,8,121,District-Bundi,Rural,20-29,3524,2194,1330,803,431,372,369,216,153,154,104,50,1045,704,341,280,186,94,164,113,51,465,276,189,244,164,80
18633,C4920,8,121,District-Bundi,Rural,30-39,3015,1820,1195,648,361,287,345,215,130,140,81,59,934,611,323,225,127,98,149,91,58,387,216,171,187,118,69
18634,C4920,8,121,District-Bundi,Rural,40-49,2764,1651,1113,779,416,363,339,205,134,93,59,34,705,460,245,141,86,55,150,92,58,377,230,147,180,103,77
18635,C4920,8,121,District-Bundi,Rural,50-59,2690,1456,1234,855,446,409,342,187,155,66,44,22,724,411,313,76,40,36,83,41,42,283,158,125,261,129,132
18636,C4920,8,121,District-Bundi,Rural,60-69,4191,1850,2341,1431,617,814,510,225,285,51,25,26,1138,531,607,50,26,24,49,16,33,253,130,123,709,280,429
18637,C4920,8,121,District-Bundi,Rural,70-79,3728,1600,2128,1106,444,662,433,189,244,17,12,5,1062,479,583,16,6,10,21,6,15,138,63,75,935,401,534
18638,C4920,8,121,District-Bundi,Rural,80-89,1441,593,848,333,144,189,137,61,76,8,4,4,414,174,240,4,1,3,4,2,2,43,18,25,498,189,309
18639,C4920,8,121,District-Bundi,Rural,90+,355,144,211,58,22,36,30,16,14,1,1,0,96,40,56,2,1,1,1,0,1,12,6,6,155,58,97
18640,C4920,8,121,District-Bundi,Rural,Age Not Stated,10,8,2,1,1,0,0,0,0,0,0,0,3,2,1,0,0,0,1,1,0,3,3,0,2,1,1
18641,C4920,8,121,District-Bundi,Urban,Total,4405,2463,1942,763,359,404,524,266,258,207,125,82,1339,785,554,309,203,106,211,126,85,459,280,179,593,319,274
18642,C4920,8,121,District-Bundi,Urban,0-4,136,76,60,29,15,14,24,12,12,2,2,0,19,8,11,5,3,2,1,1,0,28,17,11,28,18,10
18643,C4920,8,121,District-Bundi,Urban,5-9,223,136,87,41,17,24,27,15,12,27,21,6,35,24,11,22,17,5,6,4,2,29,16,13,36,22,14
18644,C4920,8,121,District-Bundi,Urban,10-19,584,357,227,82,40,42,52,29,23,50,31,19,83,47,36,90,58,32,28,16,12,97,63,34,102,73,29
18645,C4920,8,121,District-Bundi,Urban,20-29,656,400,256,78,47,31,49,18,31,42,25,17,224,146,78,74,51,23,33,24,9,82,50,32,74,39,35
18646,C4920,8,121,District-Bundi,Urban,30-39,639,397,242,60,33,27,67,41,26,24,13,11,280,171,109,56,34,22,46,31,15,65,43,22,41,31,10
18647,C4920,8,121,District-Bundi,Urban,40-49,445,286,159,79,43,36,62,43,19,24,15,9,140,96,44,23,15,8,30,19,11,51,34,17,36,21,15
18648,C4920,8,121,District-Bundi,Urban,50-59,438,264,174,93,50,43,62,33,29,17,9,8,143,98,45,29,20,9,27,12,15,40,26,14,27,16,11
18649,C4920,8,121,District-Bundi,Urban,60-69,494,228,266,133,53,80,64,33,31,12,5,7,158,82,76,2,0,2,23,11,12,32,15,17,70,29,41
18650,C4920,8,121,District-Bundi,Urban,70-79,488,197,291,117,38,79,78,21,57,7,3,4,156,77,79,6,3,3,10,4,6,21,13,8,93,38,55
18651,C4920,8,121,District-Bundi,Urban,80-89,240,98,142,44,18,26,33,18,15,2,1,1,80,31,49,1,1,0,6,4,2,11,3,8,63,22,41
18652,C4920,8,121,District-Bundi,Urban,90+,61,23,38,7,5,2,5,2,3,0,0,0,21,5,16,1,1,0,1,0,1,3,0,3,23,10,13
18653,C4920,8,121,District-Bundi,Urban,Age Not Stated,1,1,0,0,0,0,1,1,0,0,0,0,0,0,0,0,0,0,0,0,0,0,0,0,0,0,0
18654,C4920,8,122,District-Bhilwara,Total,Total,54048,27721,26327,9205,4282,4923,7261,3526,3735,2416,1391,1025,16102,8527,7575,2745,1700,1045,1302,795,507,7587,4100,3487,7430,3400,4030
18655,C4920,8,122,District-Bhilwara,Total,0-4,1601,841,760,231,110,121,286,139,147,51,29,22,209,111,98,51,30,21,12,9,3,617,339,278,144,74,70
18656,C4920,8,122,District-Bhilwara,Total,5-9,2675,1526,1149,300,168,132,395,209,186,327,194,133,332,209,123,279,179,100,54,34,20,607,309,298,381,224,157
18657,C4920,8,122,District-Bhilwara,Total,10-19,6837,3917,2920,753,420,333,898,479,419,612,357,255,1276,767,509,907,558,349,226,135,91,1383,738,645,782,463,319
18658,C4920,8,122,District-Bhilwara,Total,20-29,5860,3537,2323,511,286,225,705,393,312,403,248,155,1926,1225,701,498,306,192,249,163,86,1079,630,449,489,286,203
18659,C4920,8,122,District-Bhilwara,Total,30-39,5542,3362,2180,547,317,230,702,389,313,327,191,136,1951,1229,722,370,231,139,236,154,82,1022,599,423,387,252,135
18660,C4920,8,122,District-Bhilwara,Total,40-49,5109,3031,2078,756,411,345,708,385,323,241,147,94,1630,1036,594,319,197,122,237,147,90,842,484,358,376,224,152
18661,C4920,8,122,District-Bhilwara,Total,50-59,5287,2866,2421,1144,552,592,723,353,370,175,96,79,1757,1016,741,150,96,54,155,91,64,676,384,292,507,278,229
18662,C4920,8,122,District-Bhilwara,Total,60-69,8566,3725,4841,2177,912,1265,1264,536,728,163,76,87,2873,1261,1612,97,64,33,83,43,40,658,334,324,1251,499,752
18663,C4920,8,122,District-Bhilwara,Total,70-79,7891,3223,4668,1886,784,1102,1004,416,588,92,40,52,2728,1141,1587,53,30,23,33,12,21,419,173,246,1676,627,1049
18664,C4920,8,122,District-Bhilwara,Total,80-89,3391,1245,2146,665,235,430,425,169,256,15,8,7,1084,420,664,13,2,11,10,3,7,149,57,92,1030,351,679
18665,C4920,8,122,District-Bhilwara,Total,90+,924,283,641,159,54,105,95,33,62,5,2,3,259,76,183,1,1,0,1,1,0,52,15,37,352,101,251
18666,C4920,8,122,District-Bhilwara,Total,Age Not Stated,365,165,200,76,33,43,56,25,31,5,3,2,77,36,41,7,6,1,6,3,3,83,38,45,55,21,34
18667,C4920,8,122,District-Bhilwara,Rural,Total,45292,22888,22404,7884,3634,4250,5862,2746,3116,1797,1047,750,13845,7238,6607,2182,1348,834,1052,636,416,6098,3285,2813,6572,2954,3618
18668,C4920,8,122,District-Bhilwara,Rural,0-4,1261,662,599,167,77,90,223,108,115,44,24,20,181,97,84,36,20,16,11,8,3,495,272,223,104,56,48
18669,C4920,8,122,District-Bhilwara,Rural,5-9,2137,1222,915,226,132,94,298,148,150,255,150,105,269,171,98,243,154,89,44,30,14,490,250,240,312,187,125
18670,C4920,8,122,District-Bhilwara,Rural,10-19,5423,3105,2318,563,312,251,702,370,332,462,277,185,1057,636,421,728,450,278,183,111,72,1093,578,515,635,371,264
18671,C4920,8,122,District-Bhilwara,Rural,20-29,4453,2736,1717,364,206,158,494,272,222,278,179,99,1549,1005,544,383,243,140,197,130,67,819,484,335,369,217,152
18672,C4920,8,122,District-Bhilwara,Rural,30-39,4305,2646,1659,429,260,169,497,268,229,243,144,99,1557,989,568,279,174,105,175,114,61,795,477,318,330,220,110
18673,C4920,8,122,District-Bhilwara,Rural,40-49,4120,2416,1704,631,343,288,532,279,253,170,110,60,1355,848,507,243,140,103,198,121,77,675,388,287,316,187,129
18674,C4920,8,122,District-Bhilwara,Rural,50-59,4506,2404,2102,979,472,507,602,284,318,126,67,59,1538,880,658,125,79,46,126,71,55,558,311,247,452,240,212
18675,C4920,8,122,District-Bhilwara,Rural,60-69,7744,3303,4441,1992,823,1169,1122,462,660,123,52,71,2605,1132,1473,78,52,26,73,35,38,574,284,290,1177,463,714
18676,C4920,8,122,District-Bhilwara,Rural,70-79,7175,2912,4263,1734,721,1013,900,366,534,78,33,45,2463,1011,1452,49,28,21,30,11,19,359,150,209,1562,592,970
18677,C4920,8,122,District-Bhilwara,Rural,80-89,3039,1092,1947,593,209,384,368,144,224,9,6,3,978,371,607,11,1,10,9,2,7,125,45,80,946,314,632
18678,C4920,8,122,District-Bhilwara,Rural,90+,804,245,559,137,47,90,77,25,52,4,2,2,227,69,158,1,1,0,1,1,0,41,12,29,316,88,228
18679,C4920,8,122,District-Bhilwara,Rural,Age Not Stated,325,145,180,69,32,37,47,20,27,5,3,2,66,29,37,6,6,0,5,2,3,74,34,40,53,19,34
18680,C4920,8,122,District-Bhilwara,Urban,Total,8756,4833,3923,1321,648,673,1399,780,619,619,344,275,2257,1289,968,563,352,211,250,159,91,1489,815,674,858,446,412
18681,C4920,8,122,District-Bhilwara,Urban,0-4,340,179,161,64,33,31,63,31,32,7,5,2,28,14,14,15,10,5,1,1,0,122,67,55,40,18,22
18682,C4920,8,122,District-Bhilwara,Urban,5-9,538,304,234,74,36,38,97,61,36,72,44,28,63,38,25,36,25,11,10,4,6,117,59,58,69,37,32
18683,C4920,8,122,District-Bhilwara,Urban,10-19,1414,812,602,190,108,82,196,109,87,150,80,70,219,131,88,179,108,71,43,24,19,290,160,130,147,92,55
18684,C4920,8,122,District-Bhilwara,Urban,20-29,1407,801,606,147,80,67,211,121,90,125,69,56,377,220,157,115,63,52,52,33,19,260,146,114,120,69,51
18685,C4920,8,122,District-Bhilwara,Urban,30-39,1237,716,521,118,57,61,205,121,84,84,47,37,394,240,154,91,57,34,61,40,21,227,122,105,57,32,25
18686,C4920,8,122,District-Bhilwara,Urban,40-49,989,615,374,125,68,57,176,106,70,71,37,34,275,188,87,76,57,19,39,26,13,167,96,71,60,37,23
18687,C4920,8,122,District-Bhilwara,Urban,50-59,781,462,319,165,80,85,121,69,52,49,29,20,219,136,83,25,17,8,29,20,9,118,73,45,55,38,17
18688,C4920,8,122,District-Bhilwara,Urban,60-69,822,422,400,185,89,96,142,74,68,40,24,16,268,129,139,19,12,7,10,8,2,84,50,34,74,36,38
18689,C4920,8,122,District-Bhilwara,Urban,70-79,716,311,405,152,63,89,104,50,54,14,7,7,265,130,135,4,2,2,3,1,2,60,23,37,114,35,79
18690,C4920,8,122,District-Bhilwara,Urban,80-89,352,153,199,72,26,46,57,25,32,6,2,4,106,49,57,2,1,1,1,1,0,24,12,12,84,37,47
18691,C4920,8,122,District-Bhilwara,Urban,90+,120,38,82,22,7,15,18,8,10,1,0,1,32,7,25,0,0,0,0,0,0,11,3,8,36,13,23
18692,C4920,8,122,District-Bhilwara,Urban,Age Not Stated,40,20,20,7,1,6,9,5,4,0,0,0,11,7,4,1,0,1,1,1,0,9,4,5,2,2,0
18693,C4920,8,123,District-Rajsamand,Total,Total,30014,15639,14375,5907,2811,3096,3138,1526,1612,1040,623,417,10422,5567,4855,1726,1097,629,817,476,341,2620,1446,1174,4344,2093,2251
18694,C4920,8,123,District-Rajsamand,Total,0-4,623,361,262,153,88,65,86,45,41,16,9,7,112,71,41,29,19,10,1,1,0,164,90,74,62,38,24
18695,C4920,8,123,District-Rajsamand,Total,5-9,1284,738,546,263,145,118,104,56,48,168,105,63,192,109,83,134,80,54,43,24,19,186,101,85,194,118,76
18696,C4920,8,123,District-Rajsamand,Total,10-19,3182,1889,1293,530,295,235,294,167,127,252,160,92,692,416,276,494,322,172,112,64,48,391,210,181,417,255,162
18697,C4920,8,123,District-Rajsamand,Total,20-29,2829,1734,1095,369,198,171,233,131,102,138,77,61,1019,656,363,321,215,106,148,93,55,348,193,155,253,171,82
18698,C4920,8,123,District-Rajsamand,Total,30-39,2718,1655,1063,333,179,154,226,131,95,133,76,57,1014,641,373,318,202,116,171,113,58,315,194,121,208,119,89
18699,C4920,8,123,District-Rajsamand,Total,40-49,2522,1530,992,403,211,192,239,134,105,103,64,39,894,586,308,200,120,80,150,80,70,320,194,126,213,141,72
18700,C4920,8,123,District-Rajsamand,Total,50-59,2900,1551,1349,651,306,345,338,174,164,88,48,40,1071,602,469,110,71,39,99,55,44,290,164,126,253,131,122
18701,C4920,8,123,District-Rajsamand,Total,60-69,5081,2364,2717,1349,598,751,607,245,362,71,41,30,2002,967,1035,80,47,33,56,28,28,263,141,122,653,297,356
18702,C4920,8,123,District-Rajsamand,Total,70-79,5357,2378,2979,1224,522,702,640,290,350,55,34,21,2069,957,1112,24,13,11,25,14,11,238,118,120,1082,430,652
18703,C4920,8,123,District-Rajsamand,Total,80-89,2767,1168,1599,518,230,288,304,133,171,9,4,5,1082,457,625,14,6,8,11,4,7,80,30,50,749,304,445
18704,C4920,8,123,District-Rajsamand,Total,90+,731,261,470,111,39,72,64,18,46,6,4,2,271,102,169,1,1,0,1,0,1,20,9,11,257,88,169
18705,C4920,8,123,District-Rajsamand,Total,Age Not Stated,20,10,10,3,0,3,3,2,1,1,1,0,4,3,1,1,1,0,0,0,0,5,2,3,3,1,2
18706,C4920,8,123,District-Rajsamand,Rural,Total,25466,13215,12251,4727,2266,2461,2620,1254,1366,815,493,322,9212,4896,4316,1448,920,528,680,386,294,2163,1190,973,3801,1810,1991
18707,C4920,8,123,District-Rajsamand,Rural,0-4,449,265,184,93,53,40,65,37,28,10,6,4,94,60,34,13,10,3,1,1,0,127,70,57,46,28,18
18708,C4920,8,123,District-Rajsamand,Rural,5-9,1049,598,451,176,96,80,86,46,40,141,87,54,174,97,77,115,67,48,42,24,18,149,83,66,166,98,68
18709,C4920,8,123,District-Rajsamand,Rural,10-19,2556,1500,1056,360,198,162,220,121,99,204,128,76,595,350,245,431,282,149,93,54,39,314,165,149,339,202,137
18710,C4920,8,123,District-Rajsamand,Rural,20-29,2262,1423,839,225,135,90,181,104,77,108,59,49,881,577,304,263,180,83,128,77,51,263,147,116,213,144,69
18711,C4920,8,123,District-Rajsamand,Rural,30-39,2184,1332,852,221,125,96,172,95,77,105,59,46,867,548,319,262,166,96,138,88,50,256,159,97,163,92,71
18712,C4920,8,123,District-Rajsamand,Rural,40-49,2085,1263,822,311,167,144,191,107,84,73,48,25,771,505,266,167,98,69,122,63,59,267,157,110,183,118,65
18713,C4920,8,123,District-Rajsamand,Rural,50-59,2455,1320,1135,506,242,264,285,145,140,72,42,30,948,536,412,92,58,34,76,41,35,251,143,108,225,113,112
18714,C4920,8,123,District-Rajsamand,Rural,60-69,4530,2111,2419,1180,537,643,545,219,326,51,31,20,1797,864,933,70,39,31,48,23,25,237,126,111,602,272,330
18715,C4920,8,123,District-Rajsamand,Rural,70-79,4809,2141,2668,1100,471,629,561,254,307,39,26,13,1893,870,1023,21,13,8,21,12,9,207,106,101,967,389,578
18716,C4920,8,123,District-Rajsamand,Rural,80-89,2421,1027,1394,449,206,243,255,110,145,7,4,3,953,400,553,12,5,7,10,3,7,72,26,46,663,273,390
18717,C4920,8,123,District-Rajsamand,Rural,90+,650,228,422,103,36,67,56,14,42,4,2,2,236,87,149,1,1,0,1,0,1,18,8,10,231,80,151
18718,C4920,8,123,District-Rajsamand,Rural,Age Not Stated,16,7,9,3,0,3,3,2,1,1,1,0,3,2,1,1,1,0,0,0,0,2,0,2,3,1,2
18719,C4920,8,123,District-Rajsamand,Urban,Total,4548,2424,2124,1180,545,635,518,272,246,225,130,95,1210,671,539,278,177,101,137,90,47,457,256,201,543,283,260
18720,C4920,8,123,District-Rajsamand,Urban,0-4,174,96,78,60,35,25,21,8,13,6,3,3,18,11,7,16,9,7,0,0,0,37,20,17,16,10,6
18721,C4920,8,123,District-Rajsamand,Urban,5-9,235,140,95,87,49,38,18,10,8,27,18,9,18,12,6,19,13,6,1,0,1,37,18,19,28,20,8
18722,C4920,8,123,District-Rajsamand,Urban,10-19,626,389,237,170,97,73,74,46,28,48,32,16,97,66,31,63,40,23,19,10,9,77,45,32,78,53,25
18723,C4920,8,123,District-Rajsamand,Urban,20-29,567,311,256,144,63,81,52,27,25,30,18,12,138,79,59,58,35,23,20,16,4,85,46,39,40,27,13
18724,C4920,8,123,District-Rajsamand,Urban,30-39,534,323,211,112,54,58,54,36,18,28,17,11,147,93,54,56,36,20,33,25,8,59,35,24,45,27,18
18725,C4920,8,123,District-Rajsamand,Urban,40-49,437,267,170,92,44,48,48,27,21,30,16,14,123,81,42,33,22,11,28,17,11,53,37,16,30,23,7
18726,C4920,8,123,District-Rajsamand,Urban,50-59,445,231,214,145,64,81,53,29,24,16,6,10,123,66,57,18,13,5,23,14,9,39,21,18,28,18,10
18727,C4920,8,123,District-Rajsamand,Urban,60-69,551,253,298,169,61,108,62,26,36,20,10,10,205,103,102,10,8,2,8,5,3,26,15,11,51,25,26
18728,C4920,8,123,District-Rajsamand,Urban,70-79,548,237,311,124,51,73,79,36,43,16,8,8,176,87,89,3,0,3,4,2,2,31,12,19,115,41,74
18729,C4920,8,123,District-Rajsamand,Urban,80-89,346,141,205,69,24,45,49,23,26,2,0,2,129,57,72,2,1,1,1,1,0,8,4,4,86,31,55
18730,C4920,8,123,District-Rajsamand,Urban,90+,81,33,48,8,3,5,8,4,4,2,2,0,35,15,20,0,0,0,0,0,0,2,1,1,26,8,18
18731,C4920,8,123,District-Rajsamand,Urban,Age Not Stated,4,3,1,0,0,0,0,0,0,0,0,0,1,1,0,0,0,0,0,0,0,3,2,1,0,0,0
18732,C4920,8,124,District-Dungarpur,Total,Total,33774,17636,16138,7483,3645,3838,4951,2481,2470,1260,747,513,9347,5012,4335,1756,1102,654,980,602,378,3813,2003,1810,4184,2044,2140
18733,C4920,8,124,District-Dungarpur,Total,0-4,1340,737,603,430,234,196,213,109,104,34,14,20,171,106,65,55,35,20,7,5,2,335,173,162,95,61,34
18734,C4920,8,124,District-Dungarpur,Total,5-9,2142,1212,930,591,317,274,324,185,139,198,135,63,234,131,103,135,86,49,37,19,18,378,196,182,245,143,102
18735,C4920,8,124,District-Dungarpur,Total,10-19,4881,2744,2137,1032,524,508,660,362,298,346,213,133,943,563,380,454,282,172,158,84,74,701,378,323,587,338,249
18736,C4920,8,124,District-Dungarpur,Total,20-29,3865,2247,1618,703,381,322,435,232,203,206,122,84,1203,771,432,292,175,117,201,135,66,485,237,248,340,194,146
18737,C4920,8,124,District-Dungarpur,Total,30-39,3553,2146,1407,609,328,281,417,236,181,157,92,65,1047,653,394,319,220,99,217,156,61,507,285,222,280,176,104
18738,C4920,8,124,District-Dungarpur,Total,40-49,3018,1781,1237,598,319,279,369,206,163,106,62,44,913,577,336,202,133,69,180,109,71,441,248,193,209,127,82
18739,C4920,8,124,District-Dungarpur,Total,50-59,2818,1486,1332,683,340,343,411,189,222,79,37,42,909,501,408,151,96,55,89,41,48,294,164,130,202,118,84
18740,C4920,8,124,District-Dungarpur,Total,60-69,5140,2186,2954,1348,587,761,989,418,571,77,47,30,1672,691,981,85,45,40,47,27,20,333,153,180,589,218,371
18741,C4920,8,124,District-Dungarpur,Total,70-79,4595,2048,2547,1047,452,595,761,366,395,38,18,20,1545,705,840,34,14,20,27,15,12,210,104,106,933,374,559
18742,C4920,8,124,District-Dungarpur,Total,80-89,1682,749,933,319,124,195,266,136,130,10,3,7,523,230,293,9,3,6,6,5,1,72,36,36,477,212,265
18743,C4920,8,124,District-Dungarpur,Total,90+,514,201,313,80,25,55,80,36,44,2,1,1,130,57,73,5,1,4,6,4,2,16,7,9,195,70,125
18744,C4920,8,124,District-Dungarpur,Total,Age Not Stated,226,99,127,43,14,29,26,6,20,7,3,4,57,27,30,15,12,3,5,2,3,41,22,19,32,13,19
18745,C4920,8,124,District-Dungarpur,Rural,Total,31434,16373,15061,6691,3251,3440,4632,2309,2323,1144,685,459,8969,4799,4170,1598,998,600,911,563,348,3538,1851,1687,3951,1917,2034
18746,C4920,8,124,District-Dungarpur,Rural,0-4,1221,668,553,365,193,172,200,101,99,33,13,20,164,103,61,45,29,16,7,5,2,317,166,151,90,58,32
18747,C4920,8,124,District-Dungarpur,Rural,5-9,1949,1111,838,515,278,237,300,174,126,181,125,56,226,127,99,124,76,48,34,18,16,352,184,168,217,129,88
18748,C4920,8,124,District-Dungarpur,Rural,10-19,4436,2503,1933,889,461,428,603,326,277,325,203,122,896,536,360,413,257,156,149,80,69,655,348,307,506,292,214
18749,C4920,8,124,District-Dungarpur,Rural,20-29,3487,2051,1436,569,315,254,392,208,184,184,111,73,1145,739,406,261,153,108,183,123,60,446,220,226,307,182,125
18750,C4920,8,124,District-Dungarpur,Rural,30-39,3213,1959,1254,510,286,224,375,211,164,139,84,55,983,614,369,293,202,91,201,146,55,465,262,203,247,154,93
18751,C4920,8,124,District-Dungarpur,Rural,40-49,2749,1621,1128,504,272,232,337,186,151,93,53,40,863,544,319,187,125,62,167,102,65,398,218,180,200,121,79
18752,C4920,8,124,District-Dungarpur,Rural,50-59,2596,1344,1252,616,295,321,376,169,207,65,30,35,854,463,391,136,85,51,87,40,47,270,151,119,192,111,81
18753,C4920,8,124,District-Dungarpur,Rural,60-69,4984,2111,2873,1297,561,736,952,403,549,72,43,29,1640,678,962,80,43,37,44,26,18,314,141,173,585,216,369
18754,C4920,8,124,District-Dungarpur,Rural,70-79,4462,1991,2471,1002,434,568,743,358,385,36,16,20,1510,691,819,33,14,19,24,14,10,199,98,101,915,366,549
18755,C4920,8,124,District-Dungarpur,Rural,80-89,1638,735,903,314,123,191,253,132,121,7,3,4,512,227,285,8,3,5,5,4,1,69,35,34,470,208,262
18756,C4920,8,124,District-Dungarpur,Rural,90+,493,190,303,73,21,52,77,35,42,2,1,1,124,54,70,5,1,4,5,3,2,15,7,8,192,68,124
18757,C4920,8,124,District-Dungarpur,Rural,Age Not Stated,206,89,117,37,12,25,24,6,18,7,3,4,52,23,29,13,10,3,5,2,3,38,21,17,30,12,18
18758,C4920,8,124,District-Dungarpur,Urban,Total,2340,1263,1077,792,394,398,319,172,147,116,62,54,378,213,165,158,104,54,69,39,30,275,152,123,233,127,106
18759,C4920,8,124,District-Dungarpur,Urban,0-4,119,69,50,65,41,24,13,8,5,1,1,0,7,3,4,10,6,4,0,0,0,18,7,11,5,3,2
18760,C4920,8,124,District-Dungarpur,Urban,5-9,193,101,92,76,39,37,24,11,13,17,10,7,8,4,4,11,10,1,3,1,2,26,12,14,28,14,14
18761,C4920,8,124,District-Dungarpur,Urban,10-19,445,241,204,143,63,80,57,36,21,21,10,11,47,27,20,41,25,16,9,4,5,46,30,16,81,46,35
18762,C4920,8,124,District-Dungarpur,Urban,20-29,378,196,182,134,66,68,43,24,19,22,11,11,58,32,26,31,22,9,18,12,6,39,17,22,33,12,21
18763,C4920,8,124,District-Dungarpur,Urban,30-39,340,187,153,99,42,57,42,25,17,18,8,10,64,39,25,26,18,8,16,10,6,42,23,19,33,22,11
18764,C4920,8,124,District-Dungarpur,Urban,40-49,269,160,109,94,47,47,32,20,12,13,9,4,50,33,17,15,8,7,13,7,6,43,30,13,9,6,3
18765,C4920,8,124,District-Dungarpur,Urban,50-59,222,142,80,67,45,22,35,20,15,14,7,7,55,38,17,15,11,4,2,1,1,24,13,11,10,7,3
18766,C4920,8,124,District-Dungarpur,Urban,60-69,156,75,81,51,26,25,37,15,22,5,4,1,32,13,19,5,2,3,3,1,2,19,12,7,4,2,2
18767,C4920,8,124,District-Dungarpur,Urban,70-79,133,57,76,45,18,27,18,8,10,2,2,0,35,14,21,1,0,1,3,1,2,11,6,5,18,8,10
18768,C4920,8,124,District-Dungarpur,Urban,80-89,44,14,30,5,1,4,13,4,9,3,0,3,11,3,8,1,0,1,1,1,0,3,1,2,7,4,3
18769,C4920,8,124,District-Dungarpur,Urban,90+,21,11,10,7,4,3,3,1,2,0,0,0,6,3,3,0,0,0,1,1,0,1,0,1,3,2,1
18770,C4920,8,124,District-Dungarpur,Urban,Age Not Stated,20,10,10,6,2,4,2,0,2,0,0,0,5,4,1,2,2,0,0,0,0,3,1,2,2,1,1
18771,C4920,8,125,District-Banswara,Total,Total,38497,20105,18392,8233,3995,4238,5908,2969,2939,1268,758,510,11220,6092,5128,1807,1112,695,909,517,392,4593,2481,2112,4559,2181,2378
18772,C4920,8,125,District-Banswara,Total,0-4,1802,979,823,549,288,261,319,165,154,25,18,7,294,166,128,50,31,19,13,9,4,440,244,196,112,58,54
18773,C4920,8,125,District-Banswara,Total,5-9,2628,1421,1207,628,306,322,474,257,217,209,130,79,411,256,155,147,80,67,27,16,11,445,218,227,287,158,129
18774,C4920,8,125,District-Banswara,Total,10-19,6463,3596,2867,1214,646,568,937,499,438,362,224,138,1728,970,758,472,269,203,130,73,57,959,524,435,661,391,270
18775,C4920,8,125,District-Banswara,Total,20-29,5129,2984,2145,878,466,412,681,349,332,200,120,80,1860,1162,698,309,195,114,179,100,79,644,359,285,378,233,145
18776,C4920,8,125,District-Banswara,Total,30-39,4188,2487,1701,713,397,316,549,305,244,157,90,67,1379,840,539,305,210,95,202,116,86,588,349,239,295,180,115
18777,C4920,8,125,District-Banswara,Total,40-49,3453,2016,1437,710,356,354,529,280,249,121,70,51,938,601,337,261,182,79,162,100,62,482,283,199,250,144,106
18778,C4920,8,125,District-Banswara,Total,50-59,3002,1612,1390,744,375,369,475,258,217,67,39,28,945,522,423,107,61,46,89,46,43,322,187,135,253,124,129
18779,C4920,8,125,District-Banswara,Total,60-69,5021,2177,2844,1291,518,773,869,368,501,56,30,26,1578,727,851,81,45,36,71,38,33,338,148,190,737,303,434
18780,C4920,8,125,District-Banswara,Total,70-79,3986,1645,2341,926,369,557,711,331,380,43,20,23,1246,508,738,41,20,21,20,10,10,203,79,124,796,308,488
18781,C4920,8,125,District-Banswara,Total,80-89,1704,689,1015,358,168,190,244,102,142,9,6,3,508,195,313,4,3,1,4,1,3,66,32,34,511,182,329
18782,C4920,8,125,District-Banswara,Total,90+,603,237,366,104,44,60,52,22,30,1,0,1,194,79,115,1,0,1,2,1,1,25,12,13,224,79,145
18783,C4920,8,125,District-Banswara,Total,Age Not Stated,518,262,256,118,62,56,68,33,35,18,11,7,139,66,73,29,16,13,10,7,3,81,46,35,55,21,34
18784,C4920,8,125,District-Banswara,Rural,Total,34452,17928,16524,6949,3329,3620,5078,2534,2544,1111,667,444,10590,5734,4856,1632,1007,625,816,470,346,3924,2125,1799,4352,2062,2290
18785,C4920,8,125,District-Banswara,Rural,0-4,1561,854,707,456,244,212,269,138,131,22,16,6,279,158,121,43,26,17,12,8,4,372,209,163,108,55,53
18786,C4920,8,125,District-Banswara,Rural,5-9,2329,1253,1076,542,264,278,415,220,195,185,117,68,385,238,147,133,69,64,26,15,11,378,185,193,265,145,120
18787,C4920,8,125,District-Banswara,Rural,10-19,5803,3257,2546,1021,547,474,791,427,364,330,202,128,1653,928,725,436,256,180,120,70,50,828,456,372,624,371,253
18788,C4920,8,125,District-Banswara,Rural,20-29,4367,2576,1791,634,340,294,524,272,252,171,103,68,1737,1088,649,278,176,102,155,88,67,521,297,224,347,212,135
18789,C4920,8,125,District-Banswara,Rural,30-39,3582,2134,1448,516,282,234,427,238,189,136,79,57,1274,774,500,271,190,81,185,108,77,498,295,203,275,168,107
18790,C4920,8,125,District-Banswara,Rural,40-49,2968,1752,1216,538,263,275,431,239,192,102,58,44,869,556,313,238,165,73,144,91,53,410,243,167,236,137,99
18791,C4920,8,125,District-Banswara,Rural,50-59,2605,1384,1221,603,302,301,399,208,191,53,33,20,872,479,393,93,52,41,77,39,38,270,158,112,238,113,125
18792,C4920,8,125,District-Banswara,Rural,60-69,4754,2055,2699,1211,480,731,816,341,475,47,26,21,1516,704,812,73,41,32,64,35,29,308,133,175,719,295,424
18793,C4920,8,125,District-Banswara,Rural,70-79,3809,1547,2262,887,352,535,668,306,362,39,17,22,1203,483,720,38,17,21,19,9,10,182,69,113,773,294,479
18794,C4920,8,125,District-Banswara,Rural,80-89,1631,658,973,341,160,181,230,96,134,8,5,3,484,187,297,3,2,1,4,1,3,62,29,33,499,178,321
18795,C4920,8,125,District-Banswara,Rural,90+,572,225,347,96,41,55,48,21,27,1,0,1,185,76,109,1,0,1,2,1,1,25,12,13,214,74,140
18796,C4920,8,125,District-Banswara,Rural,Age Not Stated,471,233,238,104,54,50,60,28,32,17,11,6,133,63,70,25,13,12,8,5,3,70,39,31,54,20,34
18797,C4920,8,125,District-Banswara,Urban,Total,4045,2177,1868,1284,666,618,830,435,395,157,91,66,630,358,272,175,105,70,93,47,46,669,356,313,207,119,88
18798,C4920,8,125,District-Banswara,Urban,0-4,241,125,116,93,44,49,50,27,23,3,2,1,15,8,7,7,5,2,1,1,0,68,35,33,4,3,1
18799,C4920,8,125,District-Banswara,Urban,5-9,299,168,131,86,42,44,59,37,22,24,13,11,26,18,8,14,11,3,1,1,0,67,33,34,22,13,9
18800,C4920,8,125,District-Banswara,Urban,10-19,660,339,321,193,99,94,146,72,74,32,22,10,75,42,33,36,13,23,10,3,7,131,68,63,37,20,17
18801,C4920,8,125,District-Banswara,Urban,20-29,762,408,354,244,126,118,157,77,80,29,17,12,123,74,49,31,19,12,24,12,12,123,62,61,31,21,10
18802,C4920,8,125,District-Banswara,Urban,30-39,606,353,253,197,115,82,122,67,55,21,11,10,105,66,39,34,20,14,17,8,9,90,54,36,20,12,8
18803,C4920,8,125,District-Banswara,Urban,40-49,485,264,221,172,93,79,98,41,57,19,12,7,69,45,24,23,17,6,18,9,9,72,40,32,14,7,7
18804,C4920,8,125,District-Banswara,Urban,50-59,397,228,169,141,73,68,76,50,26,14,6,8,73,43,30,14,9,5,12,7,5,52,29,23,15,11,4
18805,C4920,8,125,District-Banswara,Urban,60-69,267,122,145,80,38,42,53,27,26,9,4,5,62,23,39,8,4,4,7,3,4,30,15,15,18,8,10
18806,C4920,8,125,District-Banswara,Urban,70-79,177,98,79,39,17,22,43,25,18,4,3,1,43,25,18,3,3,0,1,1,0,21,10,11,23,14,9
18807,C4920,8,125,District-Banswara,Urban,80-89,73,31,42,17,8,9,14,6,8,1,1,0,24,8,16,1,1,0,0,0,0,4,3,1,12,4,8
18808,C4920,8,125,District-Banswara,Urban,90+,31,12,19,8,3,5,4,1,3,0,0,0,9,3,6,0,0,0,0,0,0,0,0,0,10,5,5
18809,C4920,8,125,District-Banswara,Urban,Age Not Stated,47,29,18,14,8,6,8,5,3,1,0,1,6,3,3,4,3,1,2,2,0,11,7,4,1,1,0
18810,C4920,8,126,District-Chittaurgarh,Total,Total,42600,21727,20873,8718,4077,4641,4927,2413,2514,1291,774,517,13561,6993,6568,2439,1528,911,992,593,399,4718,2595,2123,5954,2754,3200
18811,C4920,8,126,District-Chittaurgarh,Total,0-4,978,542,436,271,157,114,123,62,61,34,25,9,133,73,60,42,26,16,6,5,1,277,145,132,92,49,43
18812,C4920,8,126,District-Chittaurgarh,Total,5-9,1865,1115,750,336,185,151,192,109,83,194,111,83,267,171,96,233,145,88,44,31,13,314,179,135,285,184,101
18813,C4920,8,126,District-Chittaurgarh,Total,10-19,4485,2661,1824,634,339,295,441,248,193,309,208,101,798,471,327,801,529,272,175,108,67,696,397,299,631,361,270
18814,C4920,8,126,District-Chittaurgarh,Total,20-29,4393,2629,1764,582,328,254,384,220,164,205,119,86,1628,999,629,454,294,160,164,98,66,647,365,282,329,206,123
18815,C4920,8,126,District-Chittaurgarh,Total,30-39,3972,2426,1546,541,303,238,344,198,146,158,91,67,1490,960,530,340,218,122,230,144,86,646,378,268,223,134,89
18816,C4920,8,126,District-Chittaurgarh,Total,40-49,3510,2065,1445,652,347,305,381,221,160,138,78,60,1133,687,446,260,160,100,159,104,55,576,333,243,211,135,76
18817,C4920,8,126,District-Chittaurgarh,Total,50-59,3906,2125,1781,1023,497,526,512,266,246,81,45,36,1241,723,518,143,82,61,77,42,35,489,294,195,340,176,164
18818,C4920,8,126,District-Chittaurgarh,Total,60-69,7080,3097,3983,1950,818,1132,1007,423,584,102,55,47,2340,1056,1284,95,43,52,85,36,49,545,267,278,956,399,557
18819,C4920,8,126,District-Chittaurgarh,Total,70-79,7637,3236,4401,1861,770,1091,979,425,554,52,30,22,2835,1199,1636,48,21,27,38,20,18,335,144,191,1489,627,862
18820,C4920,8,126,District-Chittaurgarh,Total,80-89,3584,1387,2197,700,268,432,431,186,245,9,4,5,1316,516,800,8,5,3,9,2,7,131,58,73,980,348,632
18821,C4920,8,126,District-Chittaurgarh,Total,90+,978,331,647,128,46,82,108,38,70,4,3,1,326,110,216,4,1,3,1,0,1,30,13,17,377,120,257
18822,C4920,8,126,District-Chittaurgarh,Total,Age Not Stated,212,113,99,40,19,21,25,17,8,5,5,0,54,28,26,11,4,7,4,3,1,32,22,10,41,15,26
18823,C4920,8,126,District-Chittaurgarh,Rural,Total,35253,17917,17336,7287,3407,3880,3985,1940,2045,1049,653,396,11388,5844,5544,2047,1267,780,812,477,335,3725,2055,1670,4960,2274,2686
18824,C4920,8,126,District-Chittaurgarh,Rural,0-4,758,432,326,221,129,92,83,48,35,28,21,7,109,60,49,36,23,13,4,3,1,203,109,94,74,39,35
18825,C4920,8,126,District-Chittaurgarh,Rural,5-9,1534,924,610,278,164,114,151,80,71,156,92,64,223,141,82,209,129,80,38,27,11,254,145,109,225,146,79
18826,C4920,8,126,District-Chittaurgarh,Rural,10-19,3702,2208,1494,514,274,240,348,204,144,260,179,81,671,394,277,702,465,237,140,83,57,558,323,235,509,286,223
18827,C4920,8,126,District-Chittaurgarh,Rural,20-29,3479,2116,1363,434,260,174,271,159,112,160,102,58,1362,828,534,358,232,126,130,78,52,495,285,210,269,172,97
18828,C4920,8,126,District-Chittaurgarh,Rural,30-39,3123,1912,1211,411,225,186,262,152,110,118,74,44,1210,783,427,260,156,104,184,116,68,501,300,201,177,106,71
18829,C4920,8,126,District-Chittaurgarh,Rural,40-49,2803,1659,1144,504,273,231,298,173,125,117,68,49,923,561,362,217,131,86,134,85,49,435,256,179,175,112,63
18830,C4920,8,126,District-Chittaurgarh,Rural,50-59,3168,1709,1459,823,395,428,415,212,203,68,37,31,1012,592,420,121,69,52,62,31,31,388,230,158,279,143,136
18831,C4920,8,126,District-Chittaurgarh,Rural,60-69,6016,2613,3403,1682,706,976,858,348,510,86,48,38,1987,895,1092,82,35,47,75,32,43,442,210,232,804,339,465
18832,C4920,8,126,District-Chittaurgarh,Rural,70-79,6610,2795,3815,1659,685,974,834,361,473,42,23,19,2442,1038,1404,44,19,25,34,17,17,286,121,165,1269,531,738
18833,C4920,8,126,District-Chittaurgarh,Rural,80-89,3055,1176,1879,617,239,378,354,157,197,8,4,4,1120,433,687,7,4,3,7,2,5,112,49,63,830,288,542
18834,C4920,8,126,District-Chittaurgarh,Rural,90+,824,277,547,109,40,69,89,32,57,3,2,1,282,95,187,2,1,1,1,0,1,23,8,15,315,99,216
18835,C4920,8,126,District-Chittaurgarh,Rural,Age Not Stated,181,96,85,35,17,18,22,14,8,3,3,0,47,24,23,9,3,6,3,3,0,28,19,9,34,13,21
18836,C4920,8,126,District-Chittaurgarh,Urban,Total,7347,3810,3537,1431,670,761,942,473,469,242,121,121,2173,1149,1024,392,261,131,180,116,64,993,540,453,994,480,514
18837,C4920,8,126,District-Chittaurgarh,Urban,0-4,220,110,110,50,28,22,40,14,26,6,4,2,24,13,11,6,3,3,2,2,0,74,36,38,18,10,8
18838,C4920,8,126,District-Chittaurgarh,Urban,5-9,331,191,140,58,21,37,41,29,12,38,19,19,44,30,14,24,16,8,6,4,2,60,34,26,60,38,22
18839,C4920,8,126,District-Chittaurgarh,Urban,10-19,783,453,330,120,65,55,93,44,49,49,29,20,127,77,50,99,64,35,35,25,10,138,74,64,122,75,47
18840,C4920,8,126,District-Chittaurgarh,Urban,20-29,914,513,401,148,68,80,113,61,52,45,17,28,266,171,95,96,62,34,34,20,14,152,80,72,60,34,26
18841,C4920,8,126,District-Chittaurgarh,Urban,30-39,849,514,335,130,78,52,82,46,36,40,17,23,280,177,103,80,62,18,46,28,18,145,78,67,46,28,18
18842,C4920,8,126,District-Chittaurgarh,Urban,40-49,707,406,301,148,74,74,83,48,35,21,10,11,210,126,84,43,29,14,25,19,6,141,77,64,36,23,13
18843,C4920,8,126,District-Chittaurgarh,Urban,50-59,738,416,322,200,102,98,97,54,43,13,8,5,229,131,98,22,13,9,15,11,4,101,64,37,61,33,28
18844,C4920,8,126,District-Chittaurgarh,Urban,60-69,1064,484,580,268,112,156,149,75,74,16,7,9,353,161,192,13,8,5,10,4,6,103,57,46,152,60,92
18845,C4920,8,126,District-Chittaurgarh,Urban,70-79,1027,441,586,202,85,117,145,64,81,10,7,3,393,161,232,4,2,2,4,3,1,49,23,26,220,96,124
18846,C4920,8,126,District-Chittaurgarh,Urban,80-89,529,211,318,83,29,54,77,29,48,1,0,1,196,83,113,1,1,0,2,0,2,19,9,10,150,60,90
18847,C4920,8,126,District-Chittaurgarh,Urban,90+,154,54,100,19,6,13,19,6,13,1,1,0,44,15,29,2,0,2,0,0,0,7,5,2,62,21,41
18848,C4920,8,126,District-Chittaurgarh,Urban,Age Not Stated,31,17,14,5,2,3,3,3,0,2,2,0,7,4,3,2,1,1,1,0,1,4,3,1,7,2,5
18849,C4920,8,127,District-Kota,Total,Total,44859,25069,19790,8421,4301,4120,8381,4435,3946,2469,1453,1016,10013,5998,4015,2534,1584,950,1196,723,473,7464,4230,3234,4381,2345,2036
18850,C4920,8,127,District-Kota,Total,0-4,1908,996,912,430,218,212,491,245,246,37,16,21,123,71,52,61,37,24,21,12,9,608,322,286,137,75,62
18851,C4920,8,127,District-Kota,Total,5-9,2702,1565,1137,490,269,221,568,283,285,262,155,107,247,168,79,209,126,83,45,26,19,568,332,236,313,206,107
18852,C4920,8,127,District-Kota,Total,10-19,7193,4154,3039,1201,628,573,1303,731,572,630,394,236,987,588,399,723,432,291,210,119,91,1355,746,609,784,516,268
18853,C4920,8,127,District-Kota,Total,20-29,7302,4349,2953,1020,566,454,1309,728,581,462,264,198,1920,1221,699,576,403,173,220,142,78,1331,733,598,464,292,172
18854,C4920,8,127,District-Kota,Total,30-39,6343,3827,2516,841,469,372,1132,618,514,335,198,137,1854,1199,655,397,248,149,255,171,84,1191,702,489,338,222,116
18855,C4920,8,127,District-Kota,Total,40-49,4954,2993,1961,909,507,402,828,468,360,332,186,146,1178,783,395,302,194,108,217,135,82,963,600,363,225,120,105
18856,C4920,8,127,District-Kota,Total,50-59,3946,2263,1683,925,471,454,726,407,319,191,116,75,927,601,326,131,76,55,107,65,42,645,367,278,294,160,134
18857,C4920,8,127,District-Kota,Total,60-69,4633,2235,2398,1290,584,706,861,393,468,132,74,58,1197,620,577,71,34,37,81,33,48,464,263,201,537,234,303
18858,C4920,8,127,District-Kota,Total,70-79,3766,1817,1949,919,421,498,757,373,384,60,33,27,1034,534,500,35,18,17,32,17,15,227,121,106,702,300,402
18859,C4920,8,127,District-Kota,Total,80-89,1602,663,939,311,132,179,300,143,157,22,15,7,429,168,261,10,6,4,7,2,5,74,25,49,449,172,277
18860,C4920,8,127,District-Kota,Total,90+,399,146,253,64,23,41,68,29,39,2,1,1,109,39,70,3,0,3,0,0,0,18,8,10,135,46,89
18861,C4920,8,127,District-Kota,Total,Age Not Stated,111,61,50,21,13,8,38,17,21,4,1,3,8,6,2,16,10,6,1,1,0,20,11,9,3,2,1
18862,C4920,8,127,District-Kota,Rural,Total,20203,11023,9180,4046,2021,2025,3260,1691,1569,869,535,334,5107,2971,2136,1131,715,416,525,310,215,2737,1530,1207,2528,1250,1278
18863,C4920,8,127,District-Kota,Rural,0-4,675,353,322,156,85,71,158,79,79,7,3,4,60,37,23,21,11,10,7,3,4,212,107,105,54,28,26
18864,C4920,8,127,District-Kota,Rural,5-9,1115,663,452,209,124,85,209,104,105,103,67,36,125,86,39,103,65,38,17,12,5,200,111,89,149,94,55
18865,C4920,8,127,District-Kota,Rural,10-19,3034,1716,1318,459,228,231,438,241,197,258,160,98,520,305,215,374,226,148,109,56,53,522,283,239,354,217,137
18866,C4920,8,127,District-Kota,Rural,20-29,2685,1676,1009,329,187,142,393,225,168,123,81,42,880,578,302,235,171,64,76,49,27,454,257,197,195,128,67
18867,C4920,8,127,District-Kota,Rural,30-39,2474,1538,936,291,167,124,364,206,158,115,73,42,867,561,306,162,101,61,109,74,35,412,251,161,154,105,49
18868,C4920,8,127,District-Kota,Rural,40-49,2016,1237,779,388,220,168,286,174,112,114,66,48,538,353,185,130,86,44,103,65,38,342,209,133,115,64,51
18869,C4920,8,127,District-Kota,Rural,50-59,1776,972,804,456,227,229,297,154,143,63,37,26,435,266,169,62,34,28,46,30,16,228,129,99,189,95,94
18870,C4920,8,127,District-Kota,Rural,60-69,2630,1173,1457,835,363,472,442,188,254,50,23,27,658,310,348,26,14,12,40,13,27,197,105,92,382,157,225
18871,C4920,8,127,District-Kota,Rural,70-79,2517,1173,1344,662,307,355,463,211,252,27,17,10,678,340,338,13,5,8,16,8,8,118,63,55,540,222,318
18872,C4920,8,127,District-Kota,Rural,80-89,1035,429,606,221,99,122,177,92,85,8,7,1,274,109,165,4,2,2,2,0,2,38,9,29,311,111,200
18873,C4920,8,127,District-Kota,Rural,90+,226,82,144,32,10,22,29,15,14,0,0,0,70,25,45,1,0,1,0,0,0,10,4,6,84,28,56
18874,C4920,8,127,District-Kota,Rural,Age Not Stated,20,11,9,8,4,4,4,2,2,1,1,0,2,1,1,0,0,0,0,0,0,4,2,2,1,1,0
18875,C4920,8,127,District-Kota,Urban,Total,24656,14046,10610,4375,2280,2095,5121,2744,2377,1600,918,682,4906,3027,1879,1403,869,534,671,413,258,4727,2700,2027,1853,1095,758
18876,C4920,8,127,District-Kota,Urban,0-4,1233,643,590,274,133,141,333,166,167,30,13,17,63,34,29,40,26,14,14,9,5,396,215,181,83,47,36
18877,C4920,8,127,District-Kota,Urban,5-9,1587,902,685,281,145,136,359,179,180,159,88,71,122,82,40,106,61,45,28,14,14,368,221,147,164,112,52
18878,C4920,8,127,District-Kota,Urban,10-19,4159,2438,1721,742,400,342,865,490,375,372,234,138,467,283,184,349,206,143,101,63,38,833,463,370,430,299,131
18879,C4920,8,127,District-Kota,Urban,20-29,4617,2673,1944,691,379,312,916,503,413,339,183,156,1040,643,397,341,232,109,144,93,51,877,476,401,269,164,105
18880,C4920,8,127,District-Kota,Urban,30-39,3869,2289,1580,550,302,248,768,412,356,220,125,95,987,638,349,235,147,88,146,97,49,779,451,328,184,117,67
18881,C4920,8,127,District-Kota,Urban,40-49,2938,1756,1182,521,287,234,542,294,248,218,120,98,640,430,210,172,108,64,114,70,44,621,391,230,110,56,54
18882,C4920,8,127,District-Kota,Urban,50-59,2170,1291,879,469,244,225,429,253,176,128,79,49,492,335,157,69,42,27,61,35,26,417,238,179,105,65,40
18883,C4920,8,127,District-Kota,Urban,60-69,2003,1062,941,455,221,234,419,205,214,82,51,31,539,310,229,45,20,25,41,20,21,267,158,109,155,77,78
18884,C4920,8,127,District-Kota,Urban,70-79,1249,644,605,257,114,143,294,162,132,33,16,17,356,194,162,22,13,9,16,9,7,109,58,51,162,78,84
18885,C4920,8,127,District-Kota,Urban,80-89,567,234,333,90,33,57,123,51,72,14,8,6,155,59,96,6,4,2,5,2,3,36,16,20,138,61,77
18886,C4920,8,127,District-Kota,Urban,90+,173,64,109,32,13,19,39,14,25,2,1,1,39,14,25,2,0,2,0,0,0,8,4,4,51,18,33
18887,C4920,8,127,District-Kota,Urban,Age Not Stated,91,50,41,13,9,4,34,15,19,3,0,3,6,5,1,16,10,6,1,1,0,16,9,7,2,1,1
18888,C4920,8,128,District-Baran,Total,Total,32017,17562,14455,6132,3149,2983,4284,2248,2036,1159,734,425,9453,5475,3978,1769,1073,696,986,572,414,3981,2174,1807,4253,2137,2116
18889,C4920,8,128,District-Baran,Total,0-4,1087,589,498,277,146,131,166,86,80,29,19,10,156,90,66,55,26,29,11,6,5,293,154,139,100,62,38
18890,C4920,8,128,District-Baran,Total,5-9,1808,1049,759,354,201,153,252,130,122,171,118,53,274,163,111,181,105,76,38,16,22,317,179,138,221,137,84
18891,C4920,8,128,District-Baran,Total,10-19,4669,2687,1982,788,418,370,659,355,304,342,232,110,863,531,332,559,334,225,168,103,65,767,413,354,523,301,222
18892,C4920,8,128,District-Baran,Total,20-29,4042,2453,1589,569,323,246,483,270,213,185,109,76,1337,868,469,322,200,122,180,117,63,658,376,282,308,190,118
18893,C4920,8,128,District-Baran,Total,30-39,3648,2269,1379,493,302,191,438,254,184,144,89,55,1405,924,481,233,149,84,196,121,75,511,291,220,228,139,89
18894,C4920,8,128,District-Baran,Total,40-49,3080,1944,1136,534,302,232,368,217,151,115,70,45,1006,684,322,212,143,69,185,117,68,420,258,162,240,153,87
18895,C4920,8,128,District-Baran,Total,50-59,2565,1489,1076,583,311,272,358,202,156,64,36,28,808,494,314,105,70,35,92,45,47,325,191,134,230,140,90
18896,C4920,8,128,District-Baran,Total,60-69,4297,2018,2279,1098,506,592,590,281,309,65,36,29,1425,708,717,70,35,35,74,30,44,360,169,191,615,253,362
18897,C4920,8,128,District-Baran,Total,70-79,4474,2077,2397,1013,467,546,663,306,357,33,19,14,1427,689,738,23,10,13,27,13,14,242,111,131,1046,462,584
18898,C4920,8,128,District-Baran,Total,80-89,1891,817,1074,365,157,208,250,122,128,8,4,4,626,274,352,5,1,4,13,4,9,57,22,35,567,233,334
18899,C4920,8,128,District-Baran,Total,90+,424,158,266,51,15,36,53,22,31,1,1,0,123,49,74,3,0,3,1,0,1,21,6,15,171,65,106
18900,C4920,8,128,District-Baran,Total,Age Not Stated,32,12,20,7,1,6,4,3,1,2,1,1,3,1,2,1,0,1,1,0,1,10,4,6,4,2,2
18901,C4920,8,128,District-Baran,Rural,Total,25828,14139,11689,4837,2535,2302,3426,1787,1639,882,572,310,7621,4381,3240,1384,835,549,763,434,329,3269,1764,1505,3646,1831,1815
18902,C4920,8,128,District-Baran,Rural,0-4,827,452,375,190,104,86,131,67,64,22,15,7,118,70,48,38,17,21,10,5,5,243,124,119,75,50,25
18903,C4920,8,128,District-Baran,Rural,5-9,1433,839,594,263,155,108,190,96,94,132,92,40,228,142,86,145,87,58,31,10,21,266,146,120,178,111,67
18904,C4920,8,128,District-Baran,Rural,10-19,3654,2121,1533,557,305,252,516,284,232,260,179,81,705,429,276,457,267,190,121,77,44,610,334,276,428,246,182
18905,C4920,8,128,District-Baran,Rural,20-29,3065,1904,1161,405,246,159,359,202,157,138,87,51,1016,671,345,236,146,90,145,93,52,523,302,221,243,157,86
18906,C4920,8,128,District-Baran,Rural,30-39,2820,1768,1052,363,231,132,336,201,135,112,68,44,1086,719,367,182,116,66,151,92,59,407,228,179,183,113,70
18907,C4920,8,128,District-Baran,Rural,40-49,2395,1504,891,412,235,177,280,165,115,86,53,33,767,514,253,165,112,53,136,85,51,356,217,139,193,123,70
18908,C4920,8,128,District-Baran,Rural,50-59,2093,1204,889,480,259,221,304,171,133,50,29,21,648,397,251,81,52,29,75,34,41,265,145,120,190,117,73
18909,C4920,8,128,District-Baran,Rural,60-69,3690,1723,1967,952,445,507,494,234,260,53,33,20,1220,590,630,58,29,29,55,22,33,318,148,170,540,222,318
18910,C4920,8,128,District-Baran,Rural,70-79,3845,1786,2059,858,408,450,557,244,313,22,13,9,1213,589,624,14,8,6,25,12,13,204,91,113,952,421,531
18911,C4920,8,128,District-Baran,Rural,80-89,1622,697,925,310,134,176,211,103,108,5,1,4,522,224,298,5,1,4,13,4,9,48,20,28,508,210,298
18912,C4920,8,128,District-Baran,Rural,90+,356,130,226,42,13,29,44,17,27,1,1,0,95,35,60,2,0,2,0,0,0,19,5,14,153,59,94
18913,C4920,8,128,District-Baran,Rural,Age Not Stated,28,11,17,5,0,5,4,3,1,1,1,0,3,1,2,1,0,1,1,0,1,10,4,6,3,2,1
18914,C4920,8,128,District-Baran,Urban,Total,6189,3423,2766,1295,614,681,858,461,397,277,162,115,1832,1094,738,385,238,147,223,138,85,712,410,302,607,306,301
18915,C4920,8,128,District-Baran,Urban,0-4,260,137,123,87,42,45,35,19,16,7,4,3,38,20,18,17,9,8,1,1,0,50,30,20,25,12,13
18916,C4920,8,128,District-Baran,Urban,5-9,375,210,165,91,46,45,62,34,28,39,26,13,46,21,25,36,18,18,7,6,1,51,33,18,43,26,17
18917,C4920,8,128,District-Baran,Urban,10-19,1015,566,449,231,113,118,143,71,72,82,53,29,158,102,56,102,67,35,47,26,21,157,79,78,95,55,40
18918,C4920,8,128,District-Baran,Urban,20-29,977,549,428,164,77,87,124,68,56,47,22,25,321,197,124,86,54,32,35,24,11,135,74,61,65,33,32
18919,C4920,8,128,District-Baran,Urban,30-39,828,501,327,130,71,59,102,53,49,32,21,11,319,205,114,51,33,18,45,29,16,104,63,41,45,26,19
18920,C4920,8,128,District-Baran,Urban,40-49,685,440,245,122,67,55,88,52,36,29,17,12,239,170,69,47,31,16,49,32,17,64,41,23,47,30,17
18921,C4920,8,128,District-Baran,Urban,50-59,472,285,187,103,52,51,54,31,23,14,7,7,160,97,63,24,18,6,17,11,6,60,46,14,40,23,17
18922,C4920,8,128,District-Baran,Urban,60-69,607,295,312,146,61,85,96,47,49,12,3,9,205,118,87,12,6,6,19,8,11,42,21,21,75,31,44
18923,C4920,8,128,District-Baran,Urban,70-79,629,291,338,155,59,96,106,62,44,11,6,5,214,100,114,9,2,7,2,1,1,38,20,18,94,41,53
18924,C4920,8,128,District-Baran,Urban,80-89,269,120,149,55,23,32,39,19,20,3,3,0,104,50,54,0,0,0,0,0,0,9,2,7,59,23,36
18925,C4920,8,128,District-Baran,Urban,90+,68,28,40,9,2,7,9,5,4,0,0,0,28,14,14,1,0,1,1,0,1,2,1,1,18,6,12
18926,C4920,8,128,District-Baran,Urban,Age Not Stated,4,1,3,2,1,1,0,0,0,1,0,1,0,0,0,0,0,0,0,0,0,0,0,0,1,0,1
18927,C4920,8,129,District-Jhalawar,Total,Total,31516,17201,14315,5674,2748,2926,4460,2253,2207,936,590,346,10893,6252,4641,1625,1039,586,971,590,381,2824,1645,1179,4133,2084,2049
18928,C4920,8,129,District-Jhalawar,Total,0-4,807,458,349,100,59,41,130,69,61,26,18,8,159,98,61,32,14,18,12,9,3,243,129,114,105,62,43
18929,C4920,8,129,District-Jhalawar,Total,5-9,1367,790,577,138,76,62,182,81,101,156,101,55,317,198,119,141,87,54,25,18,7,173,82,91,235,147,88
18930,C4920,8,129,District-Jhalawar,Total,10-19,3593,2219,1374,409,242,167,421,221,200,243,173,70,899,571,328,495,323,172,143,97,46,438,253,185,545,339,206
18931,C4920,8,129,District-Jhalawar,Total,20-29,3498,2268,1230,279,165,114,332,200,132,129,81,48,1582,1049,533,292,209,83,186,121,65,395,253,142,303,190,113
18932,C4920,8,129,District-Jhalawar,Total,30-39,3471,2153,1318,273,159,114,370,221,149,107,56,51,1679,1067,612,266,165,101,198,116,82,376,248,128,202,121,81
18933,C4920,8,129,District-Jhalawar,Total,40-49,2838,1778,1060,408,225,183,357,214,143,101,58,43,1023,685,338,202,128,74,229,133,96,303,193,110,215,142,73
18934,C4920,8,129,District-Jhalawar,Total,50-59,2557,1398,1159,621,309,312,498,223,275,57,35,22,811,488,323,94,59,35,88,54,34,223,149,74,165,81,84
18935,C4920,8,129,District-Jhalawar,Total,60-69,4933,2306,2627,1432,637,795,871,391,480,51,29,22,1606,786,820,70,35,35,56,29,27,328,165,163,519,234,285
18936,C4920,8,129,District-Jhalawar,Total,70-79,5336,2440,2896,1413,623,790,875,418,457,51,31,20,1776,836,940,25,16,9,27,8,19,236,114,122,933,394,539
18937,C4920,8,129,District-Jhalawar,Total,80-89,2414,1089,1325,504,210,294,350,177,173,11,6,5,795,374,421,7,3,4,6,4,2,86,49,37,655,266,389
18938,C4920,8,129,District-Jhalawar,Total,90+,689,295,394,96,43,53,74,38,36,4,2,2,241,97,144,1,0,1,0,0,0,20,9,11,253,106,147
18939,C4920,8,129,District-Jhalawar,Total,Age Not Stated,13,7,6,1,0,1,0,0,0,0,0,0,5,3,2,0,0,0,1,1,0,3,1,2,3,2,1
18940,C4920,8,129,District-Jhalawar,Rural,Total,27129,14730,12399,4972,2398,2574,3882,1938,1944,789,506,283,9359,5359,4000,1364,865,499,805,477,328,2368,1381,987,3590,1806,1784
18941,C4920,8,129,District-Jhalawar,Rural,0-4,694,397,297,81,49,32,115,62,53,24,16,8,139,87,52,29,14,15,11,8,3,210,110,100,85,51,34
18942,C4920,8,129,District-Jhalawar,Rural,5-9,1164,675,489,113,63,50,157,66,91,136,89,47,263,165,98,127,78,49,20,15,5,143,71,72,205,128,77
18943,C4920,8,129,District-Jhalawar,Rural,10-19,3030,1858,1172,343,204,139,361,181,180,209,155,54,765,485,280,429,278,151,117,77,40,363,205,158,443,273,170
18944,C4920,8,129,District-Jhalawar,Rural,20-29,2935,1919,1016,224,134,90,274,163,111,104,68,36,1371,910,461,234,170,64,151,93,58,330,220,110,247,161,86
18945,C4920,8,129,District-Jhalawar,Rural,30-39,2888,1792,1096,230,138,92,313,181,132,89,46,43,1413,898,515,218,132,86,163,94,69,302,205,97,160,98,62
18946,C4920,8,129,District-Jhalawar,Rural,40-49,2363,1467,896,340,186,154,308,186,122,85,47,38,858,564,294,164,100,64,186,109,77,244,158,86,178,117,61
18947,C4920,8,129,District-Jhalawar,Rural,50-59,2192,1175,1017,545,267,278,458,202,256,47,29,18,667,395,272,75,47,28,80,48,32,177,118,59,143,69,74
18948,C4920,8,129,District-Jhalawar,Rural,60-69,4381,2046,2335,1285,579,706,779,351,428,39,21,18,1420,698,722,59,30,29,46,22,24,287,141,146,466,204,262
18949,C4920,8,129,District-Jhalawar,Rural,70-79,4720,2173,2547,1268,552,716,773,374,399,41,27,14,1534,735,799,22,14,8,25,7,18,213,98,115,844,366,478
18950,C4920,8,129,District-Jhalawar,Rural,80-89,2151,962,1189,457,188,269,286,142,144,11,6,5,711,330,381,6,2,4,6,4,2,78,46,32,596,244,352
18951,C4920,8,129,District-Jhalawar,Rural,90+,599,260,339,85,38,47,58,30,28,4,2,2,213,89,124,1,0,1,0,0,0,18,8,10,220,93,127
18952,C4920,8,129,District-Jhalawar,Rural,Age Not Stated,12,6,6,1,0,1,0,0,0,0,0,0,5,3,2,0,0,0,0,0,0,3,1,2,3,2,1
18953,C4920,8,129,District-Jhalawar,Urban,Total,4387,2471,1916,702,350,352,578,315,263,147,84,63,1534,893,641,261,174,87,166,113,53,456,264,192,543,278,265
18954,C4920,8,129,District-Jhalawar,Urban,0-4,113,61,52,19,10,9,15,7,8,2,2,0,20,11,9,3,0,3,1,1,0,33,19,14,20,11,9
18955,C4920,8,129,District-Jhalawar,Urban,5-9,203,115,88,25,13,12,25,15,10,20,12,8,54,33,21,14,9,5,5,3,2,30,11,19,30,19,11
18956,C4920,8,129,District-Jhalawar,Urban,10-19,563,361,202,66,38,28,60,40,20,34,18,16,134,86,48,66,45,21,26,20,6,75,48,27,102,66,36
18957,C4920,8,129,District-Jhalawar,Urban,20-29,563,349,214,55,31,24,58,37,21,25,13,12,211,139,72,58,39,19,35,28,7,65,33,32,56,29,27
18958,C4920,8,129,District-Jhalawar,Urban,30-39,583,361,222,43,21,22,57,40,17,18,10,8,266,169,97,48,33,15,35,22,13,74,43,31,42,23,19
18959,C4920,8,129,District-Jhalawar,Urban,40-49,475,311,164,68,39,29,49,28,21,16,11,5,165,121,44,38,28,10,43,24,19,59,35,24,37,25,12
18960,C4920,8,129,District-Jhalawar,Urban,50-59,365,223,142,76,42,34,40,21,19,10,6,4,144,93,51,19,12,7,8,6,2,46,31,15,22,12,10
18961,C4920,8,129,District-Jhalawar,Urban,60-69,552,260,292,147,58,89,92,40,52,12,8,4,186,88,98,11,5,6,10,7,3,41,24,17,53,30,23
18962,C4920,8,129,District-Jhalawar,Urban,70-79,616,267,349,145,71,74,102,44,58,10,4,6,242,101,141,3,2,1,2,1,1,23,16,7,89,28,61
18963,C4920,8,129,District-Jhalawar,Urban,80-89,263,127,136,47,22,25,64,35,29,0,0,0,84,44,40,1,1,0,0,0,0,8,3,5,59,22,37
18964,C4920,8,129,District-Jhalawar,Urban,90+,90,35,55,11,5,6,16,8,8,0,0,0,28,8,20,0,0,0,0,0,0,2,1,1,33,13,20
18965,C4920,8,129,District-Jhalawar,Urban,Age Not Stated,1,1,0,0,0,0,0,0,0,0,0,0,0,0,0,0,0,0,1,1,0,0,0,0,0,0,0
18966,C4920,8,130,District-Udaipur,Total,Total,82270,42659,39611,15433,7500,7933,11603,5753,5850,2680,1586,1094,24383,12875,11508,4171,2601,1570,2252,1323,929,9079,5041,4038,12669,5980,6689
18967,C4920,8,130,District-Udaipur,Total,0-4,2128,1147,981,363,182,181,485,249,236,54,34,20,281,163,118,78,37,41,23,9,14,660,366,294,184,107,77
18968,C4920,8,130,District-Udaipur,Total,5-9,3808,2147,1661,558,297,261,690,369,321,378,234,144,513,300,213,364,208,156,86,53,33,747,388,359,472,298,174
18969,C4920,8,130,District-Udaipur,Total,10-19,8624,4943,3681,1128,605,523,1247,682,565,630,401,229,1659,975,684,1170,702,468,311,182,129,1472,807,665,1007,589,418
18970,C4920,8,130,District-Udaipur,Total,20-29,7393,4469,2924,765,444,321,1068,552,516,396,229,167,2216,1444,772,691,458,233,401,249,152,1167,690,477,689,403,286
18971,C4920,8,130,District-Udaipur,Total,30-39,7605,4599,3006,844,495,349,1010,558,452,361,203,158,2357,1480,877,691,468,223,485,301,184,1261,725,536,596,369,227
18972,C4920,8,130,District-Udaipur,Total,40-49,7444,4431,3013,1273,725,548,1020,539,481,295,167,128,2124,1308,816,576,389,187,448,277,171,1046,635,411,662,391,271
18973,C4920,8,130,District-Udaipur,Total,50-59,8182,4257,3925,1997,968,1029,1161,555,606,222,123,99,2555,1400,1155,325,199,126,236,124,112,815,483,332,871,405,466
18974,C4920,8,130,District-Udaipur,Total,60-69,15227,6870,8357,3976,1757,2219,2213,983,1230,192,114,78,5015,2288,2727,169,87,82,169,80,89,1016,506,510,2477,1055,1422
18975,C4920,8,130,District-Udaipur,Total,70-79,13930,6301,7629,3130,1409,1721,1826,846,980,114,60,54,5017,2304,2713,79,37,42,70,34,36,608,316,292,3086,1295,1791
18976,C4920,8,130,District-Udaipur,Total,80-89,6086,2680,3406,1140,493,647,674,315,359,30,17,13,2104,975,1129,18,9,9,20,12,8,219,92,127,1881,767,1114
18977,C4920,8,130,District-Udaipur,Total,90+,1766,776,990,247,123,124,196,98,98,7,3,4,522,226,296,9,6,3,2,1,1,48,20,28,735,299,436
18978,C4920,8,130,District-Udaipur,Total,Age Not Stated,77,39,38,12,2,10,13,7,6,1,1,0,20,12,8,1,1,0,1,1,0,20,13,7,9,2,7
18979,C4920,8,130,District-Udaipur,Rural,Total,69546,35850,33696,13175,6398,6777,9308,4577,4731,1988,1191,797,21320,11188,10132,3363,2094,1269,1725,1021,704,7418,4156,3262,11249,5225,6024
18980,C4920,8,130,District-Udaipur,Rural,0-4,1741,921,820,300,151,149,388,197,191,45,28,17,251,143,108,57,24,33,18,7,11,537,289,248,145,82,63
18981,C4920,8,130,District-Udaipur,Rural,5-9,3259,1823,1436,472,250,222,575,304,271,297,181,116,460,269,191,335,189,146,78,47,31,639,334,305,403,249,154
18982,C4920,8,130,District-Udaipur,Rural,10-19,7164,4110,3054,918,503,415,985,532,453,498,321,177,1460,846,614,974,585,389,259,148,111,1223,676,547,847,499,348
18983,C4920,8,130,District-Udaipur,Rural,20-29,5774,3578,2196,580,345,235,750,391,359,260,160,100,1890,1243,647,528,357,171,306,198,108,897,553,344,563,331,232
18984,C4920,8,130,District-Udaipur,Rural,30-39,5906,3606,2300,632,378,254,712,396,316,244,141,103,1941,1227,714,536,362,174,371,229,142,990,578,412,480,295,185
18985,C4920,8,130,District-Udaipur,Rural,40-49,6042,3605,2437,1046,600,446,762,407,355,211,116,95,1854,1136,718,448,302,146,333,206,127,825,510,315,563,328,235
18986,C4920,8,130,District-Udaipur,Rural,50-59,6862,3527,3335,1693,808,885,910,426,484,156,89,67,2225,1190,1035,257,160,97,182,103,79,648,388,260,791,363,428
18987,C4920,8,130,District-Udaipur,Rural,60-69,13611,6066,7545,3518,1546,1972,1958,849,1109,149,88,61,4524,2049,2475,143,71,72,117,52,65,906,451,455,2296,960,1336
18988,C4920,8,130,District-Udaipur,Rural,70-79,12400,5613,6787,2797,1265,1532,1585,739,846,96,49,47,4467,2049,2418,62,31,31,44,22,22,519,272,247,2830,1186,1644
18989,C4920,8,130,District-Udaipur,Rural,80-89,5251,2310,2941,997,441,556,536,259,277,26,16,10,1795,830,965,15,8,7,14,7,7,183,77,106,1685,672,1013
18990,C4920,8,130,District-Udaipur,Rural,90+,1465,654,811,213,110,103,135,70,65,5,1,4,433,194,239,7,4,3,2,1,1,33,16,17,637,258,379
18991,C4920,8,130,District-Udaipur,Rural,Age Not Stated,71,37,34,9,1,8,12,7,5,1,1,0,20,12,8,1,1,0,1,1,0,18,12,6,9,2,7
18992,C4920,8,130,District-Udaipur,Urban,Total,12724,6809,5915,2258,1102,1156,2295,1176,1119,692,395,297,3063,1687,1376,808,507,301,527,302,225,1661,885,776,1420,755,665
18993,C4920,8,130,District-Udaipur,Urban,0-4,387,226,161,63,31,32,97,52,45,9,6,3,30,20,10,21,13,8,5,2,3,123,77,46,39,25,14
18994,C4920,8,130,District-Udaipur,Urban,5-9,549,324,225,86,47,39,115,65,50,81,53,28,53,31,22,29,19,10,8,6,2,108,54,54,69,49,20
18995,C4920,8,130,District-Udaipur,Urban,10-19,1460,833,627,210,102,108,262,150,112,132,80,52,199,129,70,196,117,79,52,34,18,249,131,118,160,90,70
18996,C4920,8,130,District-Udaipur,Urban,20-29,1619,891,728,185,99,86,318,161,157,136,69,67,326,201,125,163,101,62,95,51,44,270,137,133,126,72,54
18997,C4920,8,130,District-Udaipur,Urban,30-39,1699,993,706,212,117,95,298,162,136,117,62,55,416,253,163,155,106,49,114,72,42,271,147,124,116,74,42
18998,C4920,8,130,District-Udaipur,Urban,40-49,1402,826,576,227,125,102,258,132,126,84,51,33,270,172,98,128,87,41,115,71,44,221,125,96,99,63,36
18999,C4920,8,130,District-Udaipur,Urban,50-59,1320,730,590,304,160,144,251,129,122,66,34,32,330,210,120,68,39,29,54,21,33,167,95,72,80,42,38
19000,C4920,8,130,District-Udaipur,Urban,60-69,1616,804,812,458,211,247,255,134,121,43,26,17,491,239,252,26,16,10,52,28,24,110,55,55,181,95,86
19001,C4920,8,130,District-Udaipur,Urban,70-79,1530,688,842,333,144,189,241,107,134,18,11,7,550,255,295,17,6,11,26,12,14,89,44,45,256,109,147
19002,C4920,8,130,District-Udaipur,Urban,80-89,835,370,465,143,52,91,138,56,82,4,1,3,309,145,164,3,1,2,6,5,1,36,15,21,196,95,101
19003,C4920,8,130,District-Udaipur,Urban,90+,301,122,179,34,13,21,61,28,33,2,2,0,89,32,57,2,2,0,0,0,0,15,4,11,98,41,57
19004,C4920,8,130,District-Udaipur,Urban,Age Not Stated,6,2,4,3,1,2,1,0,1,0,0,0,0,0,0,0,0,0,0,0,0,2,1,1,0,0,0
19005,C4920,8,131,District-Pratapgarh,Total,Total,21018,10918,10100,4073,2038,2035,3259,1590,1669,598,341,257,6518,3473,3045,1050,638,412,470,260,210,2322,1250,1072,2728,1328,1400
19006,C4920,8,131,District-Pratapgarh,Total,0-4,813,434,379,142,82,60,161,79,82,4,1,3,126,72,54,31,21,10,7,4,3,277,138,139,65,37,28
19007,C4920,8,131,District-Pratapgarh,Total,5-9,1258,679,579,184,100,84,214,104,110,92,52,40,173,106,67,96,54,42,20,8,12,339,177,162,140,78,62
19008,C4920,8,131,District-Pratapgarh,Total,10-19,2783,1584,1199,357,191,166,417,228,189,160,96,64,710,422,288,298,162,136,82,46,36,478,274,204,281,165,116
19009,C4920,8,131,District-Pratapgarh,Total,20-29,2407,1451,956,263,156,107,299,178,121,89,53,36,971,605,366,186,114,72,88,51,37,304,163,141,207,131,76
19010,C4920,8,131,District-Pratapgarh,Total,30-39,2027,1250,777,252,154,98,302,182,120,70,40,30,778,486,292,185,120,65,100,63,37,212,130,82,128,75,53
19011,C4920,8,131,District-Pratapgarh,Total,40-49,1739,1016,723,330,179,151,298,147,151,55,33,22,519,319,200,137,94,43,78,43,35,196,121,75,126,80,46
19012,C4920,8,131,District-Pratapgarh,Total,50-59,1852,962,890,520,270,250,334,152,182,50,27,23,541,293,248,57,33,24,49,24,25,140,71,69,161,92,69
19013,C4920,8,131,District-Pratapgarh,Total,60-69,3258,1466,1792,907,420,487,557,241,316,44,20,24,1028,448,580,43,29,14,24,9,15,193,105,88,462,194,268
19014,C4920,8,131,District-Pratapgarh,Total,70-79,3023,1322,1701,733,332,401,446,176,270,21,13,8,1045,463,582,13,10,3,15,10,5,116,45,71,634,273,361
19015,C4920,8,131,District-Pratapgarh,Total,80-89,1348,570,778,297,123,174,180,84,96,8,4,4,458,200,258,2,1,1,6,2,4,41,16,25,356,140,216
19016,C4920,8,131,District-Pratapgarh,Total,90+,489,180,309,87,31,56,49,17,32,3,1,2,160,59,101,2,0,2,0,0,0,22,10,12,166,62,104
19017,C4920,8,131,District-Pratapgarh,Total,Age Not Stated,21,4,17,1,0,1,2,2,0,2,1,1,9,0,9,0,0,0,1,0,1,4,0,4,2,1,1
19018,C4920,8,131,District-Pratapgarh,Rural,Total,19090,9894,9196,3740,1875,1865,2902,1413,1489,525,302,223,6058,3210,2848,826,530,296,426,235,191,2097,1115,982,2516,1214,1302
19019,C4920,8,131,District-Pratapgarh,Rural,0-4,712,382,330,123,74,49,143,70,73,4,1,3,119,69,50,18,16,2,7,4,3,242,115,127,56,33,23
19020,C4920,8,131,District-Pratapgarh,Rural,5-9,1139,610,529,163,86,77,193,93,100,85,49,36,166,102,64,72,40,32,17,8,9,312,160,152,131,72,59
19021,C4920,8,131,District-Pratapgarh,Rural,10-19,2486,1435,1051,297,163,134,353,197,156,150,91,59,679,404,275,250,142,108,77,44,33,428,245,183,252,149,103
19022,C4920,8,131,District-Pratapgarh,Rural,20-29,2107,1290,817,215,133,82,238,140,98,80,49,31,890,558,332,147,99,48,83,49,34,272,148,124,182,114,68
19023,C4920,8,131,District-Pratapgarh,Rural,30-39,1756,1089,667,221,137,84,248,154,94,52,29,23,702,439,263,143,99,44,91,56,35,187,109,78,112,66,46
19024,C4920,8,131,District-Pratapgarh,Rural,40-49,1557,908,649,297,167,130,273,132,141,46,29,17,468,285,183,109,75,34,70,36,34,179,108,71,115,76,39
19025,C4920,8,131,District-Pratapgarh,Rural,50-59,1680,871,809,493,256,237,296,136,160,42,21,21,494,265,229,39,25,14,42,20,22,126,63,63,148,85,63
19026,C4920,8,131,District-Pratapgarh,Rural,60-69,3073,1367,1706,876,402,474,526,231,295,38,16,22,964,410,554,32,24,8,21,8,13,181,99,82,435,177,258
19027,C4920,8,131,District-Pratapgarh,Rural,70-79,2860,1248,1612,696,315,381,421,166,255,18,11,7,984,438,546,12,9,3,13,9,4,112,43,69,604,257,347
19028,C4920,8,131,District-Pratapgarh,Rural,80-89,1259,530,729,279,113,166,168,78,90,6,4,2,431,183,248,2,1,1,4,1,3,35,16,19,334,134,200
19029,C4920,8,131,District-Pratapgarh,Rural,90+,442,160,282,79,29,50,41,14,27,2,1,1,153,57,96,2,0,2,0,0,0,20,9,11,145,50,95
19030,C4920,8,131,District-Pratapgarh,Rural,Age Not Stated,19,4,15,1,0,1,2,2,0,2,1,1,8,0,8,0,0,0,1,0,1,3,0,3,2,1,1
19031,C4920,8,131,District-Pratapgarh,Urban,Total,1928,1024,904,333,163,170,357,177,180,73,39,34,460,263,197,224,108,116,44,25,19,225,135,90,212,114,98
19032,C4920,8,131,District-Pratapgarh,Urban,0-4,101,52,49,19,8,11,18,9,9,0,0,0,7,3,4,13,5,8,0,0,0,35,23,12,9,4,5
19033,C4920,8,131,District-Pratapgarh,Urban,5-9,119,69,50,21,14,7,21,11,10,7,3,4,7,4,3,24,14,10,3,0,3,27,17,10,9,6,3
19034,C4920,8,131,District-Pratapgarh,Urban,10-19,297,149,148,60,28,32,64,31,33,10,5,5,31,18,13,48,20,28,5,2,3,50,29,21,29,16,13
19035,C4920,8,131,District-Pratapgarh,Urban,20-29,300,161,139,48,23,25,61,38,23,9,4,5,81,47,34,39,15,24,5,2,3,32,15,17,25,17,8
19036,C4920,8,131,District-Pratapgarh,Urban,30-39,271,161,110,31,17,14,54,28,26,18,11,7,76,47,29,42,21,21,9,7,2,25,21,4,16,9,7
19037,C4920,8,131,District-Pratapgarh,Urban,40-49,182,108,74,33,12,21,25,15,10,9,4,5,51,34,17,28,19,9,8,7,1,17,13,4,11,4,7
19038,C4920,8,131,District-Pratapgarh,Urban,50-59,172,91,81,27,14,13,38,16,22,8,6,2,47,28,19,18,8,10,7,4,3,14,8,6,13,7,6
19039,C4920,8,131,District-Pratapgarh,Urban,60-69,185,99,86,31,18,13,31,10,21,6,4,2,64,38,26,11,5,6,3,1,2,12,6,6,27,17,10
19040,C4920,8,131,District-Pratapgarh,Urban,70-79,163,74,89,37,17,20,25,10,15,3,2,1,61,25,36,1,1,0,2,1,1,4,2,2,30,16,14
19041,C4920,8,131,District-Pratapgarh,Urban,80-89,89,40,49,18,10,8,12,6,6,2,0,2,27,17,10,0,0,0,2,1,1,6,0,6,22,6,16
19042,C4920,8,131,District-Pratapgarh,Urban,90+,47,20,27,8,2,6,8,3,5,1,0,1,7,2,5,0,0,0,0,0,0,2,1,1,21,12,9
19043,C4920,8,131,District-Pratapgarh,Urban,Age Not Stated,2,0,2,0,0,0,0,0,0,0,0,0,1,0,1,0,0,0,0,0,0,1,0,1,0,0,0
19044,C4920,11,0,State-SIKKIM,Total,0-4,368,206,162,45,22,23,108,63,45,17,9,8,43,25,18,14,9,5,6,3,3,83,46,37,52,29,23
19045,C4920,11,0,State-SIKKIM,Total,5-9,716,367,349,92,55,37,209,105,104,88,46,42,71,40,31,28,17,11,15,8,7,110,50,60,103,46,57
19046,C4920,11,0,State-SIKKIM,Total,10-19,2014,1073,941,300,158,142,524,288,236,217,111,106,229,131,98,98,60,38,64,27,37,360,181,179,222,117,105
19047,C4920,11,0,State-SIKKIM,Total,20-29,2674,1441,1233,316,159,157,775,428,347,290,142,148,265,169,96,100,54,46,98,58,40,421,214,207,409,217,192
19048,C4920,11,0,State-SIKKIM,Total,30-39,2813,1486,1327,274,135,139,874,502,372,345,179,166,238,140,98,91,44,47,98,44,54,378,203,175,515,239,276
19049,C4920,11,0,State-SIKKIM,Total,40-49,2684,1424,1260,343,167,176,763,419,344,291,152,139,286,161,125,74,38,36,109,47,62,311,181,130,507,259,248
19050,C4920,11,0,State-SIKKIM,Total,50-59,2354,1285,1069,397,211,186,669,378,291,181,91,90,302,182,120,58,32,26,64,29,35,291,144,147,392,218,174
19051,C4920,11,0,State-SIKKIM,Total,60-69,1955,1039,916,427,213,214,608,335,273,84,50,34,291,158,133,27,9,18,31,19,12,212,114,98,275,141,134
19052,C4920,11,0,State-SIKKIM,Total,70-79,1619,922,697,350,188,162,512,300,212,43,27,16,212,131,81,12,6,6,21,15,6,188,94,94,281,161,120
19053,C4920,11,0,State-SIKKIM,Total,80-89,789,446,343,191,100,91,233,139,94,14,7,7,110,71,39,6,3,3,7,5,2,85,46,39,143,75,68
19054,C4920,11,0,State-SIKKIM,Total,90+,164,68,96,28,10,18,55,21,34,4,2,2,18,8,10,4,0,4,0,0,0,14,5,9,41,22,19
19055,C4920,11,0,State-SIKKIM,Total,Age Not Stated,37,22,15,9,3,6,13,9,4,3,2,1,2,2,0,4,2,2,0,0,0,6,4,2,0,0,0
19056,C4920,11,0,State-SIKKIM,Rural,Total,15859,8548,7311,2484,1271,1213,4703,2638,2065,1339,699,640,1792,1064,728,416,221,195,443,209,234,2023,1063,960,2659,1383,1276
19057,C4920,11,0,State-SIKKIM,Rural,0-4,301,173,128,38,17,21,84,51,33,16,9,7,37,20,17,13,9,4,5,3,2,63,38,25,45,26,19
19058,C4920,11,0,State-SIKKIM,Rural,5-9,619,312,307,77,48,29,176,84,92,78,42,36,66,38,28,22,12,10,12,5,7,95,43,52,93,40,53
19059,C4920,11,0,State-SIKKIM,Rural,10-19,1731,928,803,273,144,129,444,246,198,182,94,88,197,116,81,74,48,26,54,22,32,309,155,154,198,103,95
19060,C4920,11,0,State-SIKKIM,Rural,20-29,2275,1227,1048,271,132,139,674,378,296,240,116,124,229,145,84,81,42,39,84,47,37,329,171,158,367,196,171
19061,C4920,11,0,State-SIKKIM,Rural,30-39,2425,1296,1129,232,115,117,766,453,313,305,158,147,207,122,85,72,33,39,84,36,48,297,163,134,462,216,246
19062,C4920,11,0,State-SIKKIM,Rural,40-49,2315,1225,1090,304,147,157,653,356,297,239,125,114,234,140,94,61,31,30,95,38,57,258,148,110,471,240,231
19063,C4920,11,0,State-SIKKIM,Rural,50-59,2039,1111,928,355,189,166,594,334,260,155,80,75,246,145,101,50,28,22,58,25,33,235,118,117,346,192,154
19064,C4920,11,0,State-SIKKIM,Rural,60-69,1769,935,834,392,195,197,562,307,255,68,42,26,257,138,119,21,7,14,28,16,12,186,100,86,255,130,125
19065,C4920,11,0,State-SIKKIM,Rural,70-79,1484,850,634,327,176,151,475,277,198,40,25,15,200,123,77,10,6,4,16,12,4,162,81,81,254,150,104
19066,C4920,11,0,State-SIKKIM,Rural,80-89,722,410,312,182,95,87,212,125,87,10,5,5,102,68,34,5,3,2,7,5,2,74,38,36,130,71,59
19067,C4920,11,0,State-SIKKIM,Rural,90+,147,61,86,26,10,16,50,18,32,4,2,2,15,7,8,3,0,3,0,0,0,11,5,6,38,19,19
19068,C4920,11,0,State-SIKKIM,Rural,Age Not Stated,32,20,12,7,3,4,13,9,4,2,1,1,2,2,0,4,2,2,0,0,0,4,3,1,0,0,0
19069,C4920,11,0,State-SIKKIM,Urban,Total,2328,1231,1097,288,150,138,640,349,291,238,119,119,275,154,121,100,53,47,70,46,24,436,219,217,281,141,140
19070,C4920,11,0,State-SIKKIM,Urban,0-4,67,33,34,7,5,2,24,12,12,1,0,1,6,5,1,1,0,1,1,0,1,20,8,12,7,3,4
19071,C4920,11,0,State-SIKKIM,Urban,5-9,97,55,42,15,7,8,33,21,12,10,4,6,5,2,3,6,5,1,3,3,0,15,7,8,10,6,4
19072,C4920,11,0,State-SIKKIM,Urban,10-19,283,145,138,27,14,13,80,42,38,35,17,18,32,15,17,24,12,12,10,5,5,51,26,25,24,14,10
19073,C4920,11,0,State-SIKKIM,Urban,20-29,399,214,185,45,27,18,101,50,51,50,26,24,36,24,12,19,12,7,14,11,3,92,43,49,42,21,21
19074,C4920,11,0,State-SIKKIM,Urban,30-39,388,190,198,42,20,22,108,49,59,40,21,19,31,18,13,19,11,8,14,8,6,81,40,41,53,23,30
19075,C4920,11,0,State-SIKKIM,Urban,40-49,369,199,170,39,20,19,110,63,47,52,27,25,52,21,31,13,7,6,14,9,5,53,33,20,36,19,17
19076,C4920,11,0,State-SIKKIM,Urban,50-59,315,174,141,42,22,20,75,44,31,26,11,15,56,37,19,8,4,4,6,4,2,56,26,30,46,26,20
19077,C4920,11,0,State-SIKKIM,Urban,60-69,186,104,82,35,18,17,46,28,18,16,8,8,34,20,14,6,2,4,3,3,0,26,14,12,20,11,9
19078,C4920,11,0,State-SIKKIM,Urban,70-79,135,72,63,23,12,11,37,23,14,3,2,1,12,8,4,2,0,2,5,3,2,26,13,13,27,11,16
19079,C4920,11,0,State-SIKKIM,Urban,80-89,67,36,31,9,5,4,21,14,7,4,2,2,8,3,5,1,0,1,0,0,0,11,8,3,13,4,9
19080,C4920,11,0,State-SIKKIM,Urban,90+,17,7,10,2,0,2,5,3,2,0,0,0,3,1,2,1,0,1,0,0,0,3,0,3,3,3,0
19081,C4920,11,0,State-SIKKIM,Urban,Age Not Stated,5,2,3,2,0,2,0,0,0,1,1,0,0,0,0,0,0,0,0,0,0,2,1,1,0,0,0
19082,C4920,11,241,District-North  District,Total,Total,1343,822,521,150,83,67,719,466,253,91,48,43,114,75,39,19,9,10,27,15,12,119,68,51,104,58,46
19083,C4920,11,241,District-North  District,Total,0-4,34,17,17,2,0,2,22,12,10,1,1,0,2,1,1,0,0,0,0,0,0,4,1,3,3,2,1
19084,C4920,11,241,District-North  District,Total,5-9,71,36,35,6,6,0,34,15,19,7,3,4,4,3,1,2,1,1,1,1,0,10,4,6,7,3,4
19085,C4920,11,241,District-North  District,Total,10-19,187,113,74,22,17,5,86,54,32,17,9,8,20,12,8,4,3,1,3,2,1,23,12,11,12,4,8
19086,C4920,11,241,District-North  District,Total,20-29,321,197,124,9,5,4,210,131,79,23,9,14,19,15,4,3,2,1,8,2,6,20,13,7,29,20,9
19087,C4920,11,241,District-North  District,Total,30-39,275,188,87,17,9,8,191,142,49,19,11,8,11,7,4,4,2,2,3,2,1,17,7,10,13,8,5
19088,C4920,11,241,District-North  District,Total,40-49,156,102,54,18,9,9,66,47,19,14,9,5,14,11,3,2,1,1,7,4,3,21,16,5,14,5,9
19089,C4920,11,241,District-North  District,Total,50-59,101,58,43,23,13,10,35,19,16,6,4,2,18,10,8,2,0,2,1,1,0,10,6,4,6,5,1
19090,C4920,11,241,District-North  District,Total,60-69,79,48,31,23,12,11,29,19,10,1,1,0,14,10,4,0,0,0,0,0,0,6,3,3,6,3,3
19091,C4920,11,241,District-North  District,Total,70-79,69,28,41,21,7,14,24,10,14,3,1,2,6,1,5,0,0,0,3,3,0,2,1,1,10,5,5
19092,C4920,11,241,District-North  District,Total,80-89,31,22,9,7,5,2,9,7,2,0,0,0,5,4,1,1,0,1,1,0,1,5,4,1,3,2,1
19093,C4920,11,241,District-North  District,Total,90+,15,10,5,2,0,2,10,7,3,0,0,0,1,1,0,0,0,0,0,0,0,1,1,0,1,1,0
19094,C4920,11,241,District-North  District,Total,Age Not Stated,4,3,1,0,0,0,3,3,0,0,0,0,0,0,0,1,0,1,0,0,0,0,0,0,0,0,0
19095,C4920,11,241,District-North  District,Rural,Total,1313,800,513,146,80,66,711,461,250,89,46,43,106,70,36,19,9,10,25,13,12,117,66,51,100,55,45
19096,C4920,11,241,District-North  District,Rural,0-4,34,17,17,2,0,2,22,12,10,1,1,0,2,1,1,0,0,0,0,0,0,4,1,3,3,2,1
19097,C4920,11,241,District-North  District,Rural,5-9,70,35,35,6,6,0,34,15,19,7,3,4,4,3,1,2,1,1,1,1,0,10,4,6,6,2,4
19098,C4920,11,241,District-North  District,Rural,10-19,183,111,72,22,17,5,85,53,32,17,9,8,18,11,7,4,3,1,3,2,1,23,12,11,11,4,7
19099,C4920,11,241,District-North  District,Rural,20-29,316,193,123,9,5,4,207,129,78,22,8,14,19,15,4,3,2,1,8,2,6,20,13,7,28,19,9
19100,C4920,11,241,District-North  District,Rural,30-39,272,186,86,15,7,8,191,142,49,19,11,8,10,7,3,4,2,2,3,2,1,17,7,10,13,8,5
19101,C4920,11,241,District-North  District,Rural,40-49,152,99,53,17,9,8,64,45,19,14,9,5,14,11,3,2,1,1,6,3,3,21,16,5,14,5,9
19102,C4920,11,241,District-North  District,Rural,50-59,97,55,42,23,13,10,34,19,15,5,3,2,16,8,8,2,0,2,1,1,0,10,6,4,6,5,1
19103,C4920,11,241,District-North  District,Rural,60-69,76,45,31,22,11,11,29,19,10,1,1,0,13,9,4,0,0,0,0,0,0,5,2,3,6,3,3
19104,C4920,11,241,District-North  District,Rural,70-79,65,26,39,21,7,14,23,10,13,3,1,2,5,1,4,0,0,0,2,2,0,2,1,1,9,4,5
19105,C4920,11,241,District-North  District,Rural,80-89,30,21,9,7,5,2,9,7,2,0,0,0,5,4,1,1,0,1,1,0,1,4,3,1,3,2,1
19106,C4920,11,241,District-North  District,Rural,90+,14,9,5,2,0,2,10,7,3,0,0,0,0,0,0,0,0,0,0,0,0,1,1,0,1,1,0
19107,C4920,11,241,District-North  District,Rural,Age Not Stated,4,3,1,0,0,0,3,3,0,0,0,0,0,0,0,1,0,1,0,0,0,0,0,0,0,0,0
19108,C4920,11,241,District-North  District,Urban,Total,30,22,8,4,3,1,8,5,3,2,2,0,8,5,3,0,0,0,2,2,0,2,2,0,4,3,1
19109,C4920,11,241,District-North  District,Urban,0-4,0,0,0,0,0,0,0,0,0,0,0,0,0,0,0,0,0,0,0,0,0,0,0,0,0,0,0
19110,C4920,11,241,District-North  District,Urban,5-9,1,1,0,0,0,0,0,0,0,0,0,0,0,0,0,0,0,0,0,0,0,0,0,0,1,1,0
19111,C4920,11,241,District-North  District,Urban,10-19,4,2,2,0,0,0,1,1,0,0,0,0,2,1,1,0,0,0,0,0,0,0,0,0,1,0,1
19112,C4920,11,241,District-North  District,Urban,20-29,5,4,1,0,0,0,3,2,1,1,1,0,0,0,0,0,0,0,0,0,0,0,0,0,1,1,0
19113,C4920,11,241,District-North  District,Urban,30-39,3,2,1,2,2,0,0,0,0,0,0,0,1,0,1,0,0,0,0,0,0,0,0,0,0,0,0
19114,C4920,11,241,District-North  District,Urban,40-49,4,3,1,1,0,1,2,2,0,0,0,0,0,0,0,0,0,0,1,1,0,0,0,0,0,0,0
19115,C4920,11,241,District-North  District,Urban,50-59,4,3,1,0,0,0,1,0,1,1,1,0,2,2,0,0,0,0,0,0,0,0,0,0,0,0,0
19116,C4920,11,241,District-North  District,Urban,60-69,3,3,0,1,1,0,0,0,0,0,0,0,1,1,0,0,0,0,0,0,0,1,1,0,0,0,0
19117,C4920,11,241,District-North  District,Urban,70-79,4,2,2,0,0,0,1,0,1,0,0,0,1,0,1,0,0,0,1,1,0,0,0,0,1,1,0
19118,C4920,11,241,District-North  District,Urban,80-89,1,1,0,0,0,0,0,0,0,0,0,0,0,0,0,0,0,0,0,0,0,1,1,0,0,0,0
19119,C4920,11,241,District-North  District,Urban,90+,1,1,0,0,0,0,0,0,0,0,0,0,1,1,0,0,0,0,0,0,0,0,0,0,0,0,0
19120,C4920,11,241,District-North  District,Urban,Age Not Stated,0,0,0,0,0,0,0,0,0,0,0,0,0,0,0,0,0,0,0,0,0,0,0,0,0,0,0
19121,C4920,11,242,District-West District,Total,Total,3905,2075,1830,567,286,281,1122,620,502,363,187,176,464,275,189,149,82,67,103,51,52,466,234,232,671,340,331
19122,C4920,11,242,District-West District,Total,0-4,64,39,25,7,4,3,13,6,7,4,3,1,10,5,5,6,5,1,2,1,1,14,10,4,8,5,3
19123,C4920,11,242,District-West District,Total,5-9,171,96,75,22,14,8,40,22,18,26,14,12,22,16,6,8,5,3,3,1,2,21,13,8,29,11,18
19124,C4920,11,242,District-West District,Total,10-19,462,237,225,54,22,32,111,56,55,51,26,25,64,35,29,23,13,10,13,6,7,88,43,45,58,36,22
19125,C4920,11,242,District-West District,Total,20-29,501,244,257,53,24,29,116,56,60,54,27,27,61,33,28,28,15,13,17,8,9,72,36,36,100,45,55
19126,C4920,11,242,District-West District,Total,30-39,606,309,297,65,34,31,158,78,80,82,44,38,56,34,22,30,17,13,24,12,12,65,36,29,126,54,72
19127,C4920,11,242,District-West District,Total,40-49,543,289,254,52,27,25,165,90,75,75,38,37,55,35,20,21,11,10,20,7,13,48,23,25,107,58,49
19128,C4920,11,242,District-West District,Total,50-59,497,275,222,70,34,36,162,100,62,38,17,21,55,32,23,14,9,5,17,10,7,53,23,30,88,50,38
19129,C4920,11,242,District-West District,Total,60-69,457,241,216,101,45,56,170,100,70,13,7,6,61,31,30,10,4,6,3,2,1,44,24,20,55,28,27
19130,C4920,11,242,District-West District,Total,70-79,367,218,149,90,54,36,115,72,43,10,5,5,54,36,18,6,2,4,2,2,0,37,17,20,53,30,23
19131,C4920,11,242,District-West District,Total,80-89,185,108,77,41,25,16,58,35,23,5,3,2,21,16,5,2,1,1,2,2,0,19,8,11,37,18,19
19132,C4920,11,242,District-West District,Total,90+,44,17,27,9,3,6,13,5,8,3,2,1,4,1,3,1,0,1,0,0,0,4,1,3,10,5,5
19133,C4920,11,242,District-West District,Total,Age Not Stated,8,2,6,3,0,3,1,0,1,2,1,1,1,1,0,0,0,0,0,0,0,1,0,1,0,0,0
19134,C4920,11,242,District-West District,Rural,Total,3839,2043,1796,563,284,279,1110,616,494,356,182,174,452,269,183,147,82,65,101,50,51,453,228,225,657,332,325
19135,C4920,11,242,District-West District,Rural,0-4,63,38,25,6,3,3,13,6,7,4,3,1,10,5,5,6,5,1,2,1,1,14,10,4,8,5,3
19136,C4920,11,242,District-West District,Rural,5-9,171,96,75,22,14,8,40,22,18,26,14,12,22,16,6,8,5,3,3,1,2,21,13,8,29,11,18
19137,C4920,11,242,District-West District,Rural,10-19,456,236,220,54,22,32,108,56,52,51,26,25,62,35,27,23,13,10,13,6,7,88,43,45,57,35,22
19138,C4920,11,242,District-West District,Rural,20-29,490,239,251,53,24,29,115,56,59,53,26,27,59,33,26,28,15,13,16,7,9,68,34,34,98,44,54
19139,C4920,11,242,District-West District,Rural,30-39,593,305,288,65,34,31,155,78,77,80,43,37,55,33,22,30,17,13,23,12,11,63,35,28,122,53,69
19140,C4920,11,242,District-West District,Rural,40-49,533,281,252,52,27,25,163,88,75,73,37,36,53,33,20,21,11,10,20,7,13,48,23,25,103,55,48
19141,C4920,11,242,District-West District,Rural,50-59,489,270,219,69,34,35,162,100,62,38,17,21,54,31,23,13,9,4,17,10,7,50,21,29,86,48,38
19142,C4920,11,242,District-West District,Rural,60-69,451,238,213,101,45,56,168,98,70,13,7,6,58,30,28,10,4,6,3,2,1,43,24,19,55,28,27
19143,C4920,11,242,District-West District,Rural,70-79,364,217,147,90,54,36,115,72,43,10,5,5,53,35,18,5,2,3,2,2,0,37,17,20,52,30,22
19144,C4920,11,242,District-West District,Rural,80-89,180,105,75,40,24,16,57,35,22,4,2,2,21,16,5,2,1,1,2,2,0,17,7,10,37,18,19
19145,C4920,11,242,District-West District,Rural,90+,43,17,26,9,3,6,13,5,8,3,2,1,4,1,3,1,0,1,0,0,0,3,1,2,10,5,5
19146,C4920,11,242,District-West District,Rural,Age Not Stated,6,1,5,2,0,2,1,0,1,1,0,1,1,1,0,0,0,0,0,0,0,1,0,1,0,0,0
19147,C4920,11,242,District-West District,Urban,Total,66,32,34,4,2,2,12,4,8,7,5,2,12,6,6,2,0,2,2,1,1,13,6,7,14,8,6
19148,C4920,11,242,District-West District,Urban,0-4,1,1,0,1,1,0,0,0,0,0,0,0,0,0,0,0,0,0,0,0,0,0,0,0,0,0,0
19149,C4920,11,242,District-West District,Urban,5-9,0,0,0,0,0,0,0,0,0,0,0,0,0,0,0,0,0,0,0,0,0,0,0,0,0,0,0
19150,C4920,11,242,District-West District,Urban,10-19,6,1,5,0,0,0,3,0,3,0,0,0,2,0,2,0,0,0,0,0,0,0,0,0,1,1,0
19151,C4920,11,242,District-West District,Urban,20-29,11,5,6,0,0,0,1,0,1,1,1,0,2,0,2,0,0,0,1,1,0,4,2,2,2,1,1
19152,C4920,11,242,District-West District,Urban,30-39,13,4,9,0,0,0,3,0,3,2,1,1,1,1,0,0,0,0,1,0,1,2,1,1,4,1,3
19153,C4920,11,242,District-West District,Urban,40-49,10,8,2,0,0,0,2,2,0,2,1,1,2,2,0,0,0,0,0,0,0,0,0,0,4,3,1
19154,C4920,11,242,District-West District,Urban,50-59,8,5,3,1,0,1,0,0,0,0,0,0,1,1,0,1,0,1,0,0,0,3,2,1,2,2,0
19155,C4920,11,242,District-West District,Urban,60-69,6,3,3,0,0,0,2,2,0,0,0,0,3,1,2,0,0,0,0,0,0,1,0,1,0,0,0
19156,C4920,11,242,District-West District,Urban,70-79,3,1,2,0,0,0,0,0,0,0,0,0,1,1,0,1,0,1,0,0,0,0,0,0,1,0,1
19157,C4920,11,242,District-West District,Urban,80-89,5,3,2,1,1,0,1,0,1,1,1,0,0,0,0,0,0,0,0,0,0,2,1,1,0,0,0
19158,C4920,11,242,District-West District,Urban,90+,1,0,1,0,0,0,0,0,0,0,0,0,0,0,0,0,0,0,0,0,0,1,0,1,0,0,0
19159,C4920,11,242,District-West District,Urban,Age Not Stated,2,1,1,1,0,1,0,0,0,1,1,0,0,0,0,0,0,0,0,0,0,0,0,0,0,0,0
19160,C4920,11,243,District-South District,Total,Total,5375,2868,2507,933,481,452,1456,779,677,464,244,220,586,354,232,136,76,60,148,65,83,708,370,338,944,499,445
19161,C4920,11,243,District-South District,Total,0-4,96,55,41,19,10,9,18,13,5,4,1,3,11,7,4,3,2,1,3,2,1,23,11,12,15,9,6
19162,C4920,11,243,District-South District,Total,5-9,181,89,92,34,17,17,40,20,20,25,13,12,22,9,13,4,2,2,5,1,4,27,13,14,24,14,10
19163,C4920,11,243,District-South District,Total,10-19,551,288,263,109,57,52,119,62,57,57,25,32,61,36,25,26,18,8,18,9,9,92,43,49,69,38,31
19164,C4920,11,243,District-South District,Total,20-29,657,361,296,112,55,57,135,75,60,75,38,37,73,52,21,32,16,16,27,15,12,111,55,56,92,55,37
19165,C4920,11,243,District-South District,Total,30-39,799,390,409,100,56,44,200,89,111,108,54,54,56,29,27,23,7,16,31,12,19,104,54,50,177,89,88
19166,C4920,11,243,District-South District,Total,40-49,878,479,399,127,68,59,236,137,99,89,50,39,87,49,38,17,12,5,35,13,22,107,59,48,180,91,89
19167,C4920,11,243,District-South District,Total,50-59,736,423,313,115,66,49,228,127,101,63,32,31,74,50,24,18,11,7,14,7,7,86,51,35,138,79,59
19168,C4920,11,243,District-South District,Total,60-69,618,328,290,132,67,65,196,100,96,25,16,9,93,55,38,5,2,3,7,3,4,64,40,24,96,45,51
19169,C4920,11,243,District-South District,Total,70-79,536,291,245,105,52,53,182,101,81,14,12,2,67,40,27,2,2,0,5,1,4,58,29,29,103,54,49
19170,C4920,11,243,District-South District,Total,80-89,261,139,122,70,30,40,77,47,30,3,2,1,39,25,14,2,2,0,3,2,1,28,11,17,39,20,19
19171,C4920,11,243,District-South District,Total,90+,42,11,31,6,1,5,17,2,15,0,0,0,2,1,1,1,0,1,0,0,0,5,2,3,11,5,6
19172,C4920,11,243,District-South District,Total,Age Not Stated,20,14,6,4,2,2,8,6,2,1,1,0,1,1,0,3,2,1,0,0,0,3,2,1,0,0,0
19173,C4920,11,243,District-South District,Rural,Total,4997,2676,2321,880,448,432,1367,736,631,438,235,203,556,334,222,128,74,54,141,62,79,627,333,294,860,454,406
19174,C4920,11,243,District-South District,Rural,0-4,83,48,35,15,7,8,17,13,4,4,1,3,10,7,3,3,2,1,2,2,0,18,8,10,14,8,6
19175,C4920,11,243,District-South District,Rural,5-9,165,82,83,29,15,14,37,18,19,23,12,11,20,9,11,4,2,2,5,1,4,25,13,12,22,12,10
19176,C4920,11,243,District-South District,Rural,10-19,498,270,228,104,55,49,105,55,50,52,25,27,56,33,23,22,18,4,15,8,7,82,41,41,62,35,27
19177,C4920,11,243,District-South District,Rural,20-29,606,327,279,108,52,56,125,69,56,73,37,36,68,47,21,31,15,16,25,13,12,93,46,47,83,48,35
19178,C4920,11,243,District-South District,Rural,30-39,723,357,366,86,47,39,186,86,100,103,53,50,51,26,25,22,7,15,30,12,18,88,47,41,157,79,78
19179,C4920,11,243,District-South District,Rural,40-49,813,439,374,114,59,55,218,127,91,83,46,37,82,46,36,16,11,5,35,13,22,94,51,43,171,86,85
19180,C4920,11,243,District-South District,Rural,50-59,696,403,293,112,64,48,219,122,97,60,32,28,71,48,23,18,11,7,14,7,7,79,47,32,123,72,51
19181,C4920,11,243,District-South District,Rural,60-69,587,312,275,131,67,64,185,94,91,23,15,8,90,52,38,4,2,2,7,3,4,59,37,22,88,42,46
19182,C4920,11,243,District-South District,Rural,70-79,515,279,236,103,50,53,177,98,79,13,11,2,66,39,27,2,2,0,5,1,4,54,28,26,95,50,45
19183,C4920,11,243,District-South District,Rural,80-89,253,135,118,69,29,40,74,46,28,3,2,1,39,25,14,2,2,0,3,2,1,28,11,17,35,18,17
19184,C4920,11,243,District-South District,Rural,90+,40,10,30,6,1,5,16,2,14,0,0,0,2,1,1,1,0,1,0,0,0,5,2,3,10,4,6
19185,C4920,11,243,District-South District,Rural,Age Not Stated,18,14,4,3,2,1,8,6,2,1,1,0,1,1,0,3,2,1,0,0,0,2,2,0,0,0,0
19186,C4920,11,243,District-South District,Urban,Total,378,192,186,53,33,20,89,43,46,26,9,17,30,20,10,8,2,6,7,3,4,81,37,44,84,45,39
19187,C4920,11,243,District-South District,Urban,0-4,13,7,6,4,3,1,1,0,1,0,0,0,1,0,1,0,0,0,1,0,1,5,3,2,1,1,0
19188,C4920,11,243,District-South District,Urban,5-9,16,7,9,5,2,3,3,2,1,2,1,1,2,0,2,0,0,0,0,0,0,2,0,2,2,2,0
19189,C4920,11,243,District-South District,Urban,10-19,53,18,35,5,2,3,14,7,7,5,0,5,5,3,2,4,0,4,3,1,2,10,2,8,7,3,4
19190,C4920,11,243,District-South District,Urban,20-29,51,34,17,4,3,1,10,6,4,2,1,1,5,5,0,1,1,0,2,2,0,18,9,9,9,7,2
19191,C4920,11,243,District-South District,Urban,30-39,76,33,43,14,9,5,14,3,11,5,1,4,5,3,2,1,0,1,1,0,1,16,7,9,20,10,10
19192,C4920,11,243,District-South District,Urban,40-49,65,40,25,13,9,4,18,10,8,6,4,2,5,3,2,1,1,0,0,0,0,13,8,5,9,5,4
19193,C4920,11,243,District-South District,Urban,50-59,40,20,20,3,2,1,9,5,4,3,0,3,3,2,1,0,0,0,0,0,0,7,4,3,15,7,8
19194,C4920,11,243,District-South District,Urban,60-69,31,16,15,1,0,1,11,6,5,2,1,1,3,3,0,1,0,1,0,0,0,5,3,2,8,3,5
19195,C4920,11,243,District-South District,Urban,70-79,21,12,9,2,2,0,5,3,2,1,1,0,1,1,0,0,0,0,0,0,0,4,1,3,8,4,4
19196,C4920,11,243,District-South District,Urban,80-89,8,4,4,1,1,0,3,1,2,0,0,0,0,0,0,0,0,0,0,0,0,0,0,0,4,2,2
19197,C4920,11,243,District-South District,Urban,90+,2,1,1,0,0,0,1,0,1,0,0,0,0,0,0,0,0,0,0,0,0,0,0,0,1,1,0
19198,C4920,11,243,District-South District,Urban,Age Not Stated,2,0,2,1,0,1,0,0,0,0,0,0,0,0,0,0,0,0,0,0,0,1,0,1,0,0,0
19199,C4920,11,244,District-East District,Total,Total,7564,4014,3550,1122,571,551,2046,1122,924,659,339,320,903,514,389,212,107,105,235,124,111,1166,610,556,1221,627,594
19200,C4920,11,244,District-East District,Total,0-4,174,95,79,17,8,9,55,32,23,8,4,4,20,12,8,5,2,3,1,0,1,42,24,18,26,13,13
19201,C4920,11,244,District-East District,Total,5-9,293,146,147,30,18,12,95,48,47,30,16,14,23,12,11,14,9,5,6,5,1,52,20,32,43,18,25
19202,C4920,11,244,District-East District,Total,10-19,814,435,379,115,62,53,208,116,92,92,51,41,84,48,36,45,26,19,30,10,20,157,83,74,83,39,44
19203,C4920,11,244,District-East District,Total,20-29,1195,639,556,142,75,67,314,166,148,138,68,70,112,69,43,37,21,16,46,33,13,218,110,108,188,97,91
19204,C4920,11,244,District-East District,Total,30-39,1133,599,534,92,36,56,325,193,132,136,70,66,115,70,45,34,18,16,40,18,22,192,106,86,199,88,111
19205,C4920,11,244,District-East District,Total,40-49,1107,554,553,146,63,83,296,145,151,113,55,58,130,66,64,34,14,20,47,23,24,135,83,52,206,105,101
19206,C4920,11,244,District-East District,Total,50-59,1020,529,491,189,98,91,244,132,112,74,38,36,155,90,65,24,12,12,32,11,21,142,64,78,160,84,76
19207,C4920,11,244,District-East District,Total,60-69,801,422,379,171,89,82,213,116,97,45,26,19,123,62,61,12,3,9,21,14,7,98,47,51,118,65,53
19208,C4920,11,244,District-East District,Total,70-79,647,385,262,134,75,59,191,117,74,16,9,7,85,54,31,4,2,2,11,9,2,91,47,44,115,72,43
19209,C4920,11,244,District-East District,Total,80-89,312,177,135,73,40,33,89,50,39,6,2,4,45,26,19,1,0,1,1,1,0,33,23,10,64,35,29
19210,C4920,11,244,District-East District,Total,90+,63,30,33,11,6,5,15,7,8,1,0,1,11,5,6,2,0,2,0,0,0,4,1,3,19,11,8
19211,C4920,11,244,District-East District,Total,Age Not Stated,5,3,2,2,1,1,1,0,1,0,0,0,0,0,0,0,0,0,0,0,0,2,2,0,0,0,0
19212,C4920,11,244,District-East District,Rural,Total,5710,3029,2681,895,459,436,1515,825,690,456,236,220,678,391,287,122,56,66,176,84,92,826,436,390,1042,542,500
19213,C4920,11,244,District-East District,Rural,0-4,121,70,51,15,7,8,32,20,12,7,4,3,15,7,8,4,2,2,1,0,1,27,19,8,20,11,9
19214,C4920,11,244,District-East District,Rural,5-9,213,99,114,20,13,7,65,29,36,22,13,9,20,10,10,8,4,4,3,2,1,39,13,26,36,15,21
19215,C4920,11,244,District-East District,Rural,10-19,594,311,283,93,50,43,146,82,64,62,34,28,61,37,24,25,14,11,23,6,17,116,59,57,68,29,39
19216,C4920,11,244,District-East District,Rural,20-29,863,468,395,101,51,50,227,124,103,92,45,47,83,50,33,19,10,9,35,25,10,148,78,70,158,85,73
19217,C4920,11,244,District-East District,Rural,30-39,837,448,389,66,27,39,234,147,87,103,51,52,91,56,35,16,7,9,28,10,18,129,74,55,170,76,94
19218,C4920,11,244,District-East District,Rural,40-49,817,406,411,121,52,69,208,96,112,69,33,36,85,50,35,22,8,14,34,15,19,95,58,37,183,94,89
19219,C4920,11,244,District-East District,Rural,50-59,757,383,374,151,78,73,179,93,86,52,28,24,105,58,47,17,8,9,26,7,19,96,44,52,131,67,64
19220,C4920,11,244,District-East District,Rural,60-69,655,340,315,138,72,66,180,96,84,31,19,12,96,47,49,7,1,6,18,11,7,79,37,42,106,57,49
19221,C4920,11,244,District-East District,Rural,70-79,540,328,212,113,65,48,160,97,63,14,8,6,76,48,28,3,2,1,7,7,0,69,35,34,98,66,32
19222,C4920,11,244,District-East District,Rural,80-89,259,149,110,66,37,29,72,37,35,3,1,2,37,23,14,0,0,0,1,1,0,25,17,8,55,33,22
19223,C4920,11,244,District-East District,Rural,90+,50,25,25,9,6,3,11,4,7,1,0,1,9,5,4,1,0,1,0,0,0,2,1,1,17,9,8
19224,C4920,11,244,District-East District,Rural,Age Not Stated,4,2,2,2,1,1,1,0,1,0,0,0,0,0,0,0,0,0,0,0,0,1,1,0,0,0,0
19225,C4920,11,244,District-East District,Urban,Total,1854,985,869,227,112,115,531,297,234,203,103,100,225,123,102,90,51,39,59,40,19,340,174,166,179,85,94
19226,C4920,11,244,District-East District,Urban,0-4,53,25,28,2,1,1,23,12,11,1,0,1,5,5,0,1,0,1,0,0,0,15,5,10,6,2,4
19227,C4920,11,244,District-East District,Urban,5-9,80,47,33,10,5,5,30,19,11,8,3,5,3,2,1,6,5,1,3,3,0,13,7,6,7,3,4
19228,C4920,11,244,District-East District,Urban,10-19,220,124,96,22,12,10,62,34,28,30,17,13,23,11,12,20,12,8,7,4,3,41,24,17,15,10,5
19229,C4920,11,244,District-East District,Urban,20-29,332,171,161,41,24,17,87,42,45,46,23,23,29,19,10,18,11,7,11,8,3,70,32,38,30,12,18
19230,C4920,11,244,District-East District,Urban,30-39,296,151,145,26,9,17,91,46,45,33,19,14,24,14,10,18,11,7,12,8,4,63,32,31,29,12,17
19231,C4920,11,244,District-East District,Urban,40-49,290,148,142,25,11,14,88,49,39,44,22,22,45,16,29,12,6,6,13,8,5,40,25,15,23,11,12
19232,C4920,11,244,District-East District,Urban,50-59,263,146,117,38,20,18,65,39,26,22,10,12,50,32,18,7,4,3,6,4,2,46,20,26,29,17,12
19233,C4920,11,244,District-East District,Urban,60-69,146,82,64,33,17,16,33,20,13,14,7,7,27,15,12,5,2,3,3,3,0,19,10,9,12,8,4
19234,C4920,11,244,District-East District,Urban,70-79,107,57,50,21,10,11,31,20,11,2,1,1,9,6,3,1,0,1,4,2,2,22,12,10,17,6,11
19235,C4920,11,244,District-East District,Urban,80-89,53,28,25,7,3,4,17,13,4,3,1,2,8,3,5,1,0,1,0,0,0,8,6,2,9,2,7
19236,C4920,11,244,District-East District,Urban,90+,13,5,8,2,0,2,4,3,1,0,0,0,2,0,2,1,0,1,0,0,0,2,0,2,2,2,0
19237,C4920,11,244,District-East District,Urban,Age Not Stated,1,1,0,0,0,0,0,0,0,0,0,0,0,0,0,0,0,0,0,0,0,1,1,0,0,0,0
19238,C4920,27,0,State-MAHARASHTRA,Total,0-4,141926,76954,64972,32197,17223,14974,24678,12993,11685,5718,3099,2619,12463,7459,5004,5845,3276,2569,719,386,333,53173,28301,24872,7133,4217,2916
19239,C4920,27,0,State-MAHARASHTRA,Total,5-9,199445,110981,88464,40075,21613,18462,30891,16718,14173,34038,18599,15439,20946,12845,8101,16617,9709,6908,1586,912,674,38482,20694,17788,16810,9891,6919
19240,C4920,27,0,State-MAHARASHTRA,Total,10-19,484883,275083,209800,93353,51658,41695,74733,41352,33381,77534,42534,35000,60708,38423,22285,51319,29884,21435,5838,3322,2516,84448,46074,38374,36950,21836,15114
19241,C4920,27,0,State-MAHARASHTRA,Total,20-29,492115,283598,208517,85904,48930,36974,74317,42360,31957,85942,46561,39381,90219,58295,31924,34547,19419,15128,9577,5588,3989,85849,47331,38518,25760,15114,10646
19242,C4920,27,0,State-MAHARASHTRA,Total,30-39,447379,262291,185088,72682,41588,31094,67073,38993,28080,84255,46208,38047,93685,62845,30840,22468,12218,10250,12848,7489,5359,76516,42439,34077,17852,10511,7341
19243,C4920,27,0,State-MAHARASHTRA,Total,40-49,378502,228610,149892,65928,38283,27645,58401,35103,23298,72602,40831,31771,78239,55315,22924,14408,7967,6441,12218,6999,5219,62806,35508,27298,13900,8604,5296
19244,C4920,27,0,State-MAHARASHTRA,Total,50-59,285267,171870,113397,54401,30642,23759,44413,26298,18115,50499,28696,21803,65794,46254,19540,7332,4061,3271,7750,4298,3452,44439,24929,19510,10639,6692,3947
19245,C4920,27,0,State-MAHARASHTRA,Total,60-69,268581,145211,123370,62021,29709,32312,45274,23622,21652,35886,19395,16491,67633,42314,25319,4345,2193,2152,4897,2357,2540,35428,18256,17172,13097,7365,5732
19246,C4920,27,0,State-MAHARASHTRA,Total,70-79,168107,89186,78921,44058,20989,23069,33750,17581,16169,16044,8912,7132,40491,24272,16219,1783,900,883,2222,1050,1172,17266,9071,8195,12493,6411,6082
19247,C4920,27,0,State-MAHARASHTRA,Total,80-89,58140,28650,29490,15182,7134,8048,12835,6415,6420,4408,2348,2060,13085,6780,6305,542,233,309,587,261,326,5196,2584,2612,6305,2895,3410
19248,C4920,27,0,State-MAHARASHTRA,Total,90+,18928,8421,10507,4621,1973,2648,3823,1771,2052,1789,927,862,3516,1524,1992,304,158,146,202,81,121,2041,984,1057,2632,1003,1629
19249,C4920,27,0,State-MAHARASHTRA,Total,Age Not Stated,20119,11430,8689,3630,2093,1537,3083,1750,1333,4895,2682,2213,1639,1022,617,699,390,309,309,164,145,5092,2877,2215,772,452,320
19250,C4920,27,0,State-MAHARASHTRA,Rural,Total,1666135,950781,715354,321266,171367,149899,237739,132348,105391,240835,131871,108964,363353,237783,125570,92318,51165,41153,33972,18658,15314,270742,146452,124290,105910,61137,44773
19251,C4920,27,0,State-MAHARASHTRA,Rural,0-4,77630,42493,35137,16794,9005,7789,11325,6101,5224,3044,1647,1397,8931,5355,3576,3238,1797,1441,336,183,153,29234,15615,13619,4728,2790,1938
19252,C4920,27,0,State-MAHARASHTRA,Rural,5-9,115839,65184,50655,22612,12241,10371,15078,8317,6761,19236,10650,8586,14674,9002,5672,10682,6208,4474,790,459,331,21888,11778,10110,10879,6529,4350
19253,C4920,27,0,State-MAHARASHTRA,Rural,10-19,280310,160258,120052,52215,28997,23218,37678,21238,16440,43516,24122,19394,41142,26098,15044,31816,18245,13571,3153,1773,1380,47266,25802,21464,23524,13983,9541
19254,C4920,27,0,State-MAHARASHTRA,Rural,20-29,251522,146098,105424,39528,22428,17100,31201,17857,13344,41003,22229,18774,58580,38365,20215,18618,10133,8485,5406,3077,2329,41655,22910,18745,15531,9099,6432
19255,C4920,27,0,State-MAHARASHTRA,Rural,30-39,229939,135724,94215,34154,19556,14598,29009,16871,12138,39540,21322,18218,60184,40977,19207,11934,6288,5646,7539,4218,3321,37038,20224,16814,10541,6268,4273
19256,C4920,27,0,State-MAHARASHTRA,Rural,40-49,199982,121697,78285,33265,19323,13942,27100,16245,10855,35065,19461,15604,49735,35456,14279,7822,4234,3588,7261,4171,3090,31338,17534,13804,8396,5273,3123
19257,C4920,27,0,State-MAHARASHTRA,Rural,50-59,156113,93506,62607,29916,16518,13398,22351,12977,9374,24347,13591,10756,41867,29335,12532,3867,2115,1752,4452,2438,2014,22931,12516,10415,6382,4016,2366
19258,C4920,27,0,State-MAHARASHTRA,Rural,60-69,173569,91511,82058,42693,19610,23083,28281,14327,13954,20094,10534,9560,46497,28815,17682,2490,1212,1278,3083,1431,1652,21330,10589,10741,9101,4993,4108
19259,C4920,27,0,State-MAHARASHTRA,Rural,70-79,118115,62772,55343,33367,15767,17600,23274,12111,11163,9399,5301,4098,28997,17646,11351,1041,532,509,1369,642,727,11060,5859,5201,9608,4914,4694
19260,C4920,27,0,State-MAHARASHTRA,Rural,80-89,40245,20199,20046,11511,5447,6064,8533,4328,4205,2452,1352,1100,9138,4966,4172,293,132,161,329,146,183,3181,1582,1599,4808,2246,2562
19261,C4920,27,0,State-MAHARASHTRA,Rural,90+,12806,5677,7129,3352,1420,1932,2489,1168,1321,959,492,467,2556,1116,1440,164,86,78,121,44,77,1166,569,597,1999,782,1217
19262,C4920,27,0,State-MAHARASHTRA,Rural,Age Not Stated,10065,5662,4403,1859,1055,804,1420,808,612,2180,1170,1010,1052,652,400,353,183,170,133,76,57,2655,1474,1181,413,244,169
19263,C4920,27,0,State-MAHARASHTRA,Urban,Total,1297257,741504,555753,252786,140468,112318,235532,132608,102924,232775,128921,103854,185065,119565,65500,67891,39243,28648,24781,14249,10532,239994,132596,107398,58433,33854,24579
19264,C4920,27,0,State-MAHARASHTRA,Urban,0-4,64296,34461,29835,15403,8218,7185,13353,6892,6461,2674,1452,1222,3532,2104,1428,2607,1479,1128,383,203,180,23939,12686,11253,2405,1427,978
19265,C4920,27,0,State-MAHARASHTRA,Urban,5-9,83606,45797,37809,17463,9372,8091,15813,8401,7412,14802,7949,6853,6272,3843,2429,5935,3501,2434,796,453,343,16594,8916,7678,5931,3362,2569
19266,C4920,27,0,State-MAHARASHTRA,Urban,10-19,204573,114825,89748,41138,22661,18477,37055,20114,16941,34018,18412,15606,19566,12325,7241,19503,11639,7864,2685,1549,1136,37182,20272,16910,13426,7853,5573
19267,C4920,27,0,State-MAHARASHTRA,Urban,20-29,240593,137500,103093,46376,26502,19874,43116,24503,18613,44939,24332,20607,31639,19930,11709,15929,9286,6643,4171,2511,1660,44194,24421,19773,10229,6015,4214
19268,C4920,27,0,State-MAHARASHTRA,Urban,30-39,217440,126567,90873,38528,22032,16496,38064,22122,15942,44715,24886,19829,33501,21868,11633,10534,5930,4604,5309,3271,2038,39478,22215,17263,7311,4243,3068
19269,C4920,27,0,State-MAHARASHTRA,Urban,40-49,178520,106913,71607,32663,18960,13703,31301,18858,12443,37537,21370,16167,28504,19859,8645,6586,3733,2853,4957,2828,2129,31468,17974,13494,5504,3331,2173
19270,C4920,27,0,State-MAHARASHTRA,Urban,50-59,129154,78364,50790,24485,14124,10361,22062,13321,8741,26152,15105,11047,23927,16919,7008,3465,1946,1519,3298,1860,1438,21508,12413,9095,4257,2676,1581
19271,C4920,27,0,State-MAHARASHTRA,Urban,60-69,95012,53700,41312,19328,10099,9229,16993,9295,7698,15792,8861,6931,21136,13499,7637,1855,981,874,1814,926,888,14098,7667,6431,3996,2372,1624
19272,C4920,27,0,State-MAHARASHTRA,Urban,70-79,49992,26414,23578,10691,5222,5469,10476,5470,5006,6645,3611,3034,11494,6626,4868,742,368,374,853,408,445,6206,3212,2994,2885,1497,1388
19273,C4920,27,0,State-MAHARASHTRA,Urban,80-89,17895,8451,9444,3671,1687,1984,4302,2087,2215,1956,996,960,3947,1814,2133,249,101,148,258,115,143,2015,1002,1013,1497,649,848
19274,C4920,27,0,State-MAHARASHTRA,Urban,90+,6122,2744,3378,1269,553,716,1334,603,731,830,435,395,960,408,552,140,72,68,81,37,44,875,415,460,633,221,412
19275,C4920,27,0,State-MAHARASHTRA,Urban,Age Not Stated,10054,5768,4286,1771,1038,733,1663,942,721,2715,1512,1203,587,370,217,346,207,139,176,88,88,2437,1403,1034,359,208,151
19276,C4920,27,497,District-Nandurbar,Total,Total,27765,15737,12028,4726,2538,2188,4773,2681,2092,2834,1563,1271,6134,3997,2137,1763,969,794,602,312,290,5462,2868,2594,1471,809,662
19277,C4920,27,497,District-Nandurbar,Total,0-4,1752,941,811,349,188,161,299,162,137,43,23,20,178,103,75,85,52,33,6,2,4,728,371,357,64,40,24
19278,C4920,27,497,District-Nandurbar,Total,5-9,2594,1439,1155,503,262,241,412,212,200,359,222,137,265,163,102,252,158,94,19,12,7,599,316,283,185,94,91
19279,C4920,27,497,District-Nandurbar,Total,10-19,5589,3183,2406,969,531,438,899,517,382,721,416,305,875,541,334,585,348,237,53,24,29,1116,609,507,371,197,174
19280,C4920,27,497,District-Nandurbar,Total,20-29,4310,2456,1854,574,322,252,674,385,289,429,228,201,1149,770,379,334,151,183,105,55,50,816,420,396,229,125,104
19281,C4920,27,497,District-Nandurbar,Total,30-39,3708,2154,1554,523,288,235,553,323,230,415,209,206,992,679,313,219,118,101,142,84,58,705,370,335,159,83,76
19282,C4920,27,497,District-Nandurbar,Total,40-49,3102,1862,1240,475,283,192,515,314,201,336,189,147,809,559,250,146,71,75,139,69,70,539,287,252,143,90,53
19283,C4920,27,497,District-Nandurbar,Total,50-59,2388,1477,911,360,203,157,441,258,183,222,128,94,713,520,193,86,45,41,73,44,29,402,212,190,91,67,24
19284,C4920,27,497,District-Nandurbar,Total,60-69,2279,1225,1054,494,238,256,472,249,223,183,89,94,647,395,252,34,19,15,40,12,28,318,169,149,91,54,37
19285,C4920,27,497,District-Nandurbar,Total,70-79,1396,706,690,340,161,179,355,189,166,75,35,40,363,199,164,13,4,9,15,9,6,150,67,83,85,42,43
19286,C4920,27,497,District-Nandurbar,Total,80-89,404,179,225,99,44,55,106,50,56,21,8,13,94,45,49,5,2,3,7,1,6,31,17,14,41,12,29
19287,C4920,27,497,District-Nandurbar,Total,90+,127,52,75,27,11,16,28,12,16,9,6,3,35,12,23,2,1,1,2,0,2,14,7,7,10,3,7
19288,C4920,27,497,District-Nandurbar,Total,Age Not Stated,116,63,53,13,7,6,19,10,9,21,10,11,14,11,3,2,0,2,1,0,1,44,23,21,2,2,0
19289,C4920,27,497,District-Nandurbar,Rural,Total,22337,12511,9826,3793,2015,1778,4022,2241,1781,2286,1267,1019,4610,2983,1627,1302,714,588,496,246,250,4672,2424,2248,1156,621,535
19290,C4920,27,497,District-Nandurbar,Rural,0-4,1470,776,694,292,153,139,255,140,115,34,18,16,131,78,53,66,38,28,5,2,3,639,318,321,48,29,19
19291,C4920,27,497,District-Nandurbar,Rural,5-9,2196,1204,992,414,214,200,351,174,177,305,192,113,213,129,84,199,123,76,13,9,4,544,286,258,157,77,80
19292,C4920,27,497,District-Nandurbar,Rural,10-19,4600,2587,2013,813,440,373,738,424,314,598,351,247,697,418,279,447,261,186,42,17,25,965,519,446,300,157,143
19293,C4920,27,497,District-Nandurbar,Rural,20-29,3361,1897,1464,451,250,201,552,306,246,318,172,146,864,577,287,227,102,125,89,46,43,685,347,338,175,97,78
19294,C4920,27,497,District-Nandurbar,Rural,30-39,2868,1667,1201,381,210,171,461,277,184,325,165,160,731,496,235,148,85,63,121,67,54,578,304,274,123,63,60
19295,C4920,27,497,District-Nandurbar,Rural,40-49,2440,1438,1002,358,207,151,449,274,175,274,150,124,591,404,187,102,48,54,106,47,59,454,240,214,106,68,38
19296,C4920,27,497,District-Nandurbar,Rural,50-59,1878,1148,730,285,161,124,364,211,153,164,91,73,523,389,134,70,36,34,66,39,27,343,178,165,63,43,20
19297,C4920,27,497,District-Nandurbar,Rural,60-69,1838,984,854,401,195,206,408,215,193,157,78,79,483,296,187,25,15,10,35,11,24,258,135,123,71,39,32
19298,C4920,27,497,District-Nandurbar,Rural,70-79,1161,571,590,288,136,152,313,159,154,65,27,38,275,149,126,11,3,8,12,7,5,127,54,73,70,36,34
19299,C4920,27,497,District-Nandurbar,Rural,80-89,315,137,178,79,36,43,90,39,51,16,7,9,62,28,34,4,2,2,6,1,5,25,16,9,33,8,25
19300,C4920,27,497,District-Nandurbar,Rural,90+,102,44,58,20,7,13,22,12,10,9,6,3,27,9,18,1,1,0,1,0,1,14,7,7,8,2,6
19301,C4920,27,497,District-Nandurbar,Rural,Age Not Stated,108,58,50,11,6,5,19,10,9,21,10,11,13,10,3,2,0,2,0,0,0,40,20,20,2,2,0
19302,C4920,27,497,District-Nandurbar,Urban,Total,5428,3226,2202,933,523,410,751,440,311,548,296,252,1524,1014,510,461,255,206,106,66,40,790,444,346,315,188,127
19303,C4920,27,497,District-Nandurbar,Urban,0-4,282,165,117,57,35,22,44,22,22,9,5,4,47,25,22,19,14,5,1,0,1,89,53,36,16,11,5
19304,C4920,27,497,District-Nandurbar,Urban,5-9,398,235,163,89,48,41,61,38,23,54,30,24,52,34,18,53,35,18,6,3,3,55,30,25,28,17,11
19305,C4920,27,497,District-Nandurbar,Urban,10-19,989,596,393,156,91,65,161,93,68,123,65,58,178,123,55,138,87,51,11,7,4,151,90,61,71,40,31
19306,C4920,27,497,District-Nandurbar,Urban,20-29,949,559,390,123,72,51,122,79,43,111,56,55,285,193,92,107,49,58,16,9,7,131,73,58,54,28,26
19307,C4920,27,497,District-Nandurbar,Urban,30-39,840,487,353,142,78,64,92,46,46,90,44,46,261,183,78,71,33,38,21,17,4,127,66,61,36,20,16
19308,C4920,27,497,District-Nandurbar,Urban,40-49,662,424,238,117,76,41,66,40,26,62,39,23,218,155,63,44,23,21,33,22,11,85,47,38,37,22,15
19309,C4920,27,497,District-Nandurbar,Urban,50-59,510,329,181,75,42,33,77,47,30,58,37,21,190,131,59,16,9,7,7,5,2,59,34,25,28,24,4
19310,C4920,27,497,District-Nandurbar,Urban,60-69,441,241,200,93,43,50,64,34,30,26,11,15,164,99,65,9,4,5,5,1,4,60,34,26,20,15,5
19311,C4920,27,497,District-Nandurbar,Urban,70-79,235,135,100,52,25,27,42,30,12,10,8,2,88,50,38,2,1,1,3,2,1,23,13,10,15,6,9
19312,C4920,27,497,District-Nandurbar,Urban,80-89,89,42,47,20,8,12,16,11,5,5,1,4,32,17,15,1,0,1,1,0,1,6,1,5,8,4,4
19313,C4920,27,497,District-Nandurbar,Urban,90+,25,8,17,7,4,3,6,0,6,0,0,0,8,3,5,1,0,1,1,0,1,0,0,0,2,1,1
19314,C4920,27,497,District-Nandurbar,Urban,Age Not Stated,8,5,3,2,1,1,0,0,0,0,0,0,1,1,0,0,0,0,1,0,1,4,3,1,0,0,0
19315,C4920,27,498,District-Dhule,Total,Total,57238,32326,24912,8995,4966,4029,8797,4884,3913,12123,6613,5510,9384,6119,3265,2547,1451,1096,735,423,312,12212,6455,5757,2445,1415,1030
19316,C4920,27,498,District-Dhule,Total,0-4,3398,1843,1555,656,350,306,514,271,243,163,101,62,194,123,71,114,63,51,16,9,7,1629,870,759,112,56,56
19317,C4920,27,498,District-Dhule,Total,5-9,4461,2515,1946,757,412,345,615,345,270,885,504,381,426,261,165,303,180,123,28,20,8,1133,604,529,314,189,125
19318,C4920,27,498,District-Dhule,Total,10-19,9832,5555,4277,1581,912,669,1518,840,678,1944,999,945,1129,709,420,846,521,325,70,40,30,2109,1160,949,635,374,261
19319,C4920,27,498,District-Dhule,Total,20-29,9298,5311,3987,1202,724,478,1274,727,547,2024,1105,919,1879,1171,708,498,278,220,116,67,49,1940,1031,909,365,208,157
19320,C4920,27,498,District-Dhule,Total,30-39,8271,4736,3535,1012,561,451,1135,651,484,2082,1139,943,1706,1150,556,327,179,148,167,101,66,1586,806,780,256,149,107
19321,C4920,27,498,District-Dhule,Total,40-49,7028,4225,2803,971,571,400,970,591,379,1844,1025,819,1321,942,379,203,105,98,141,93,48,1377,776,601,201,122,79
19322,C4920,27,498,District-Dhule,Total,50-59,5384,3196,2188,812,480,332,894,537,357,1307,716,591,1046,737,309,116,53,63,103,58,45,942,505,437,164,110,54
19323,C4920,27,498,District-Dhule,Total,60-69,4659,2426,2233,949,456,493,859,403,456,990,536,454,866,550,316,69,33,36,63,25,38,715,334,381,148,89,59
19324,C4920,27,498,District-Dhule,Total,70-79,2874,1451,1423,663,304,359,647,328,319,480,268,212,544,317,227,35,16,19,19,5,14,356,154,202,130,59,71
19325,C4920,27,498,District-Dhule,Total,80-89,839,424,415,185,86,99,199,97,102,131,75,56,155,89,66,10,4,6,4,2,2,87,37,50,68,34,34
19326,C4920,27,498,District-Dhule,Total,90+,284,119,165,51,20,31,59,26,33,40,14,26,44,20,24,7,4,3,3,0,3,52,26,26,28,9,19
19327,C4920,27,498,District-Dhule,Total,Age Not Stated,910,525,385,156,90,66,113,68,45,233,131,102,74,50,24,19,15,4,5,3,2,286,152,134,24,16,8
19328,C4920,27,498,District-Dhule,Rural,Total,40018,22418,17600,6649,3568,3081,6346,3456,2890,8010,4388,3622,6383,4161,2222,1655,951,704,503,284,219,8893,4677,4216,1579,933,646
19329,C4920,27,498,District-Dhule,Rural,0-4,2561,1385,1176,519,275,244,388,207,181,114,68,46,145,92,53,88,46,42,11,7,4,1219,649,570,77,41,36
19330,C4920,27,498,District-Dhule,Rural,5-9,3300,1862,1438,588,316,272,455,255,200,614,355,259,320,195,125,224,139,85,22,17,5,880,462,418,197,123,74
19331,C4920,27,498,District-Dhule,Rural,10-19,6895,3883,3012,1105,617,488,1128,637,491,1317,667,650,801,500,301,556,349,207,53,30,23,1546,850,696,389,233,156
19332,C4920,27,498,District-Dhule,Rural,20-29,6364,3638,2726,859,514,345,880,490,390,1342,739,603,1306,818,488,312,178,134,81,45,36,1357,715,642,227,139,88
19333,C4920,27,498,District-Dhule,Rural,30-39,5547,3202,2345,737,399,338,767,428,339,1333,747,586,1130,780,350,184,101,83,106,59,47,1123,588,535,167,100,67
19334,C4920,27,498,District-Dhule,Rural,40-49,4658,2779,1879,664,386,278,665,406,259,1182,649,533,842,602,240,128,61,67,93,63,30,955,536,419,129,76,53
19335,C4920,27,498,District-Dhule,Rural,50-59,3642,2133,1509,599,336,263,632,369,263,816,455,361,653,463,190,74,35,39,72,41,31,688,364,324,108,70,38
19336,C4920,27,498,District-Dhule,Rural,60-69,3440,1720,1720,763,352,411,661,279,382,663,361,302,596,373,223,47,21,26,47,16,31,556,251,305,107,67,40
19337,C4920,27,498,District-Dhule,Rural,70-79,2179,1087,1092,512,225,287,504,252,252,343,193,150,401,232,169,20,11,9,14,5,9,286,125,161,99,44,55
19338,C4920,27,498,District-Dhule,Rural,80-89,607,302,305,141,67,74,148,70,78,92,51,41,111,63,48,8,3,5,2,1,1,60,24,36,45,23,22
19339,C4920,27,498,District-Dhule,Rural,90+,198,80,118,39,13,26,44,20,24,21,7,14,31,13,18,5,2,3,2,0,2,35,17,18,21,8,13
19340,C4920,27,498,District-Dhule,Rural,Age Not Stated,627,347,280,123,68,55,74,43,31,173,96,77,47,30,17,9,5,4,0,0,0,188,96,92,13,9,4
19341,C4920,27,498,District-Dhule,Urban,Total,17220,9908,7312,2346,1398,948,2451,1428,1023,4113,2225,1888,3001,1958,1043,892,500,392,232,139,93,3319,1778,1541,866,482,384
19342,C4920,27,498,District-Dhule,Urban,0-4,837,458,379,137,75,62,126,64,62,49,33,16,49,31,18,26,17,9,5,2,3,410,221,189,35,15,20
19343,C4920,27,498,District-Dhule,Urban,5-9,1161,653,508,169,96,73,160,90,70,271,149,122,106,66,40,79,41,38,6,3,3,253,142,111,117,66,51
19344,C4920,27,498,District-Dhule,Urban,10-19,2937,1672,1265,476,295,181,390,203,187,627,332,295,328,209,119,290,172,118,17,10,7,563,310,253,246,141,105
19345,C4920,27,498,District-Dhule,Urban,20-29,2934,1673,1261,343,210,133,394,237,157,682,366,316,573,353,220,186,100,86,35,22,13,583,316,267,138,69,69
19346,C4920,27,498,District-Dhule,Urban,30-39,2724,1534,1190,275,162,113,368,223,145,749,392,357,576,370,206,143,78,65,61,42,19,463,218,245,89,49,40
19347,C4920,27,498,District-Dhule,Urban,40-49,2370,1446,924,307,185,122,305,185,120,662,376,286,479,340,139,75,44,31,48,30,18,422,240,182,72,46,26
19348,C4920,27,498,District-Dhule,Urban,50-59,1742,1063,679,213,144,69,262,168,94,491,261,230,393,274,119,42,18,24,31,17,14,254,141,113,56,40,16
19349,C4920,27,498,District-Dhule,Urban,60-69,1219,706,513,186,104,82,198,124,74,327,175,152,270,177,93,22,12,10,16,9,7,159,83,76,41,22,19
19350,C4920,27,498,District-Dhule,Urban,70-79,695,364,331,151,79,72,143,76,67,137,75,62,143,85,58,15,5,10,5,0,5,70,29,41,31,15,16
19351,C4920,27,498,District-Dhule,Urban,80-89,232,122,110,44,19,25,51,27,24,39,24,15,44,26,18,2,1,1,2,1,1,27,13,14,23,11,12
19352,C4920,27,498,District-Dhule,Urban,90+,86,39,47,12,7,5,15,6,9,19,7,12,13,7,6,2,2,0,1,0,1,17,9,8,7,1,6
19353,C4920,27,498,District-Dhule,Urban,Age Not Stated,283,178,105,33,22,11,39,25,14,60,35,25,27,20,7,10,10,0,5,3,2,98,56,42,11,7,4
19354,C4920,27,499,District-Jalgaon,Total,Total,137726,78202,59524,25890,14231,11659,21766,12044,9722,25133,13585,11548,24313,15728,8585,6353,3709,2644,1714,973,741,25553,13843,11710,7004,4089,2915
19355,C4920,27,499,District-Jalgaon,Total,0-4,7304,4016,3288,1719,961,758,1246,662,584,290,155,135,516,301,215,331,182,149,29,13,16,2889,1571,1318,284,171,113
19356,C4920,27,499,District-Jalgaon,Total,5-9,9415,5403,4012,1912,1067,845,1427,793,634,1731,938,793,791,499,292,635,404,231,54,36,18,2164,1225,939,701,441,260
19357,C4920,27,499,District-Jalgaon,Total,10-19,22231,12856,9375,4337,2443,1894,3352,1867,1485,4034,2223,1811,2569,1672,897,1920,1178,742,183,107,76,4447,2506,1941,1389,860,529
19358,C4920,27,499,District-Jalgaon,Total,20-29,22646,12937,9709,3543,1989,1554,3110,1749,1361,4329,2265,2064,4803,3086,1717,1296,749,547,264,165,99,4155,2273,1882,1146,661,485
19359,C4920,27,499,District-Jalgaon,Total,30-39,20096,11724,8372,3047,1766,1281,2929,1681,1248,4382,2315,2067,4327,2910,1417,859,471,388,387,231,156,3422,1896,1526,743,454,289
19360,C4920,27,499,District-Jalgaon,Total,40-49,17004,10226,6778,2903,1749,1154,2575,1578,997,3809,2128,1681,3220,2279,941,572,336,236,335,195,140,3005,1606,1399,585,355,230
19361,C4920,27,499,District-Jalgaon,Total,50-59,13264,7972,5292,2527,1451,1076,2059,1234,825,2747,1576,1171,2837,1989,848,320,172,148,213,116,97,2104,1138,966,457,296,161
19362,C4920,27,499,District-Jalgaon,Total,60-69,12547,6413,6134,2878,1370,1508,2262,1099,1163,2036,1014,1022,2721,1621,1100,230,114,116,142,64,78,1659,798,861,619,333,286
19363,C4920,27,499,District-Jalgaon,Total,70-79,8237,4159,4078,1987,941,1046,1799,855,944,961,537,424,1760,974,786,85,50,35,67,26,41,922,444,478,656,332,324
19364,C4920,27,499,District-Jalgaon,Total,80-89,2358,1110,1248,533,230,303,599,309,290,216,109,107,477,226,251,22,8,14,14,7,7,241,100,141,256,121,135
19365,C4920,27,499,District-Jalgaon,Total,90+,757,299,458,143,53,90,140,57,83,121,58,63,122,56,66,22,7,15,7,3,4,99,37,62,103,28,75
19366,C4920,27,499,District-Jalgaon,Total,Age Not Stated,1867,1087,780,361,211,150,268,160,108,477,267,210,170,115,55,61,38,23,19,10,9,446,249,197,65,37,28
19367,C4920,27,499,District-Jalgaon,Rural,Total,93785,53175,40610,18842,10359,8483,15676,8552,7124,14805,8034,6771,17527,11363,6164,4191,2407,1784,1199,691,508,16687,8951,7736,4858,2818,2040
19368,C4920,27,499,District-Jalgaon,Rural,0-4,5154,2819,2335,1327,735,592,886,468,418,170,82,88,384,231,153,240,129,111,22,11,11,1914,1035,879,211,128,83
19369,C4920,27,499,District-Jalgaon,Rural,5-9,6605,3756,2849,1472,816,656,1043,577,466,1093,598,495,560,345,215,455,283,172,28,15,13,1505,838,667,449,284,165
19370,C4920,27,499,District-Jalgaon,Rural,10-19,15156,8735,6421,3248,1840,1408,2426,1330,1096,2438,1360,1078,1859,1228,631,1274,762,512,114,70,44,2894,1586,1308,903,559,344
19371,C4920,27,499,District-Jalgaon,Rural,20-29,15221,8865,6356,2553,1435,1118,2162,1235,927,2555,1381,1174,3486,2288,1198,832,479,353,203,121,82,2674,1484,1190,756,442,314
19372,C4920,27,499,District-Jalgaon,Rural,30-39,13507,7925,5582,2186,1260,926,2088,1200,888,2620,1391,1229,3111,2113,998,547,293,254,250,161,89,2205,1207,998,500,300,200
19373,C4920,27,499,District-Jalgaon,Rural,40-49,11141,6682,4459,1987,1191,796,1816,1084,732,2160,1216,944,2245,1566,679,357,207,150,245,146,99,1919,1022,897,412,250,162
19374,C4920,27,499,District-Jalgaon,Rural,50-59,8591,5185,3406,1657,958,699,1439,859,580,1492,843,649,2007,1415,592,190,102,88,152,87,65,1339,714,625,315,207,108
19375,C4920,27,499,District-Jalgaon,Rural,60-69,8908,4503,4405,2118,1036,1082,1713,795,918,1235,601,634,1984,1174,810,158,76,82,113,53,60,1109,518,591,478,250,228
19376,C4920,27,499,District-Jalgaon,Rural,70-79,6183,3054,3129,1543,724,819,1392,645,747,625,349,276,1333,716,617,66,40,26,48,15,33,658,312,346,518,253,265
19377,C4920,27,499,District-Jalgaon,Rural,80-89,1664,784,880,404,179,225,418,208,210,119,55,64,354,171,183,15,6,9,10,4,6,148,62,86,196,99,97
19378,C4920,27,499,District-Jalgaon,Rural,90+,518,207,311,104,41,63,102,40,62,56,28,28,90,43,47,16,5,11,4,2,2,74,30,44,72,18,54
19379,C4920,27,499,District-Jalgaon,Rural,Age Not Stated,1137,660,477,243,144,99,191,111,80,242,130,112,114,73,41,41,25,16,10,6,4,248,143,105,48,28,20
19380,C4920,27,499,District-Jalgaon,Urban,Total,43941,25027,18914,7048,3872,3176,6090,3492,2598,10328,5551,4777,6786,4365,2421,2162,1302,860,515,282,233,8866,4892,3974,2146,1271,875
19381,C4920,27,499,District-Jalgaon,Urban,0-4,2150,1197,953,392,226,166,360,194,166,120,73,47,132,70,62,91,53,38,7,2,5,975,536,439,73,43,30
19382,C4920,27,499,District-Jalgaon,Urban,5-9,2810,1647,1163,440,251,189,384,216,168,638,340,298,231,154,77,180,121,59,26,21,5,659,387,272,252,157,95
19383,C4920,27,499,District-Jalgaon,Urban,10-19,7075,4121,2954,1089,603,486,926,537,389,1596,863,733,710,444,266,646,416,230,69,37,32,1553,920,633,486,301,185
19384,C4920,27,499,District-Jalgaon,Urban,20-29,7425,4072,3353,990,554,436,948,514,434,1774,884,890,1317,798,519,464,270,194,61,44,17,1481,789,692,390,219,171
19385,C4920,27,499,District-Jalgaon,Urban,30-39,6589,3799,2790,861,506,355,841,481,360,1762,924,838,1216,797,419,312,178,134,137,70,67,1217,689,528,243,154,89
19386,C4920,27,499,District-Jalgaon,Urban,40-49,5863,3544,2319,916,558,358,759,494,265,1649,912,737,975,713,262,215,129,86,90,49,41,1086,584,502,173,105,68
19387,C4920,27,499,District-Jalgaon,Urban,50-59,4673,2787,1886,870,493,377,620,375,245,1255,733,522,830,574,256,130,70,60,61,29,32,765,424,341,142,89,53
19388,C4920,27,499,District-Jalgaon,Urban,60-69,3639,1910,1729,760,334,426,549,304,245,801,413,388,737,447,290,72,38,34,29,11,18,550,280,270,141,83,58
19389,C4920,27,499,District-Jalgaon,Urban,70-79,2054,1105,949,444,217,227,407,210,197,336,188,148,427,258,169,19,10,9,19,11,8,264,132,132,138,79,59
19390,C4920,27,499,District-Jalgaon,Urban,80-89,694,326,368,129,51,78,181,101,80,97,54,43,123,55,68,7,2,5,4,3,1,93,38,55,60,22,38
19391,C4920,27,499,District-Jalgaon,Urban,90+,239,92,147,39,12,27,38,17,21,65,30,35,32,13,19,6,2,4,3,1,2,25,7,18,31,10,21
19392,C4920,27,499,District-Jalgaon,Urban,Age Not Stated,730,427,303,118,67,51,77,49,28,235,137,98,56,42,14,20,13,7,9,4,5,198,106,92,17,9,8
19393,C4920,27,500,District-Buldana,Total,Total,73368,43883,29485,13074,7199,5875,8836,5110,3726,7647,4385,3262,21248,14327,6921,4454,2526,1928,1725,987,738,10927,6129,4798,5457,3220,2237
19394,C4920,27,500,District-Buldana,Total,0-4,2810,1571,1239,527,275,252,317,169,148,107,68,39,540,335,205,168,91,77,12,7,5,919,500,419,220,126,94
19395,C4920,27,500,District-Buldana,Total,5-9,4864,2842,2022,860,464,396,493,272,221,685,384,301,876,565,311,531,318,213,41,25,16,774,449,325,604,365,239
19396,C4920,27,500,District-Buldana,Total,10-19,12655,7499,5156,2253,1270,983,1328,757,571,1658,975,683,2556,1673,883,1541,882,659,171,104,67,1855,1022,833,1293,816,477
19397,C4920,27,500,District-Buldana,Total,20-29,11394,6979,4415,1548,948,600,1200,728,472,1293,720,573,3594,2439,1155,930,523,407,276,159,117,1741,992,749,812,470,342
19398,C4920,27,500,District-Buldana,Total,30-39,10080,6369,3711,1254,783,471,1093,651,442,1243,697,546,3469,2461,1008,578,323,255,359,214,145,1560,915,645,524,325,199
19399,C4920,27,500,District-Buldana,Total,40-49,8821,5755,3066,1265,780,485,998,654,344,1039,636,403,2969,2181,788,346,197,149,386,225,161,1368,804,564,450,278,172
19400,C4920,27,500,District-Buldana,Total,50-59,7275,4670,2605,1349,800,549,888,551,337,694,411,283,2553,1833,720,175,94,81,241,136,105,1029,609,420,346,236,110
19401,C4920,27,500,District-Buldana,Total,60-69,8024,4381,3643,1934,928,1006,1183,624,559,549,282,267,2650,1672,978,113,64,49,155,72,83,982,488,494,458,251,207
19402,C4920,27,500,District-Buldana,Total,70-79,5179,2732,2447,1478,671,807,942,491,451,247,143,104,1487,914,573,52,25,27,63,34,29,467,245,222,443,209,234
19403,C4920,27,500,District-Buldana,Total,80-89,1625,781,844,463,214,249,309,170,139,57,31,26,435,203,232,10,2,8,12,5,7,137,61,76,202,95,107
19404,C4920,27,500,District-Buldana,Total,90+,441,192,249,117,51,66,70,32,38,18,9,9,93,36,57,2,0,2,6,3,3,38,18,20,97,43,54
19405,C4920,27,500,District-Buldana,Total,Age Not Stated,200,112,88,26,15,11,15,11,4,57,29,28,26,15,11,8,7,1,3,3,0,57,26,31,8,6,2
19406,C4920,27,500,District-Buldana,Rural,Total,59899,35792,24107,11112,6127,4985,7299,4196,3103,6212,3595,2617,17120,11549,5571,3564,1977,1587,1419,819,600,8915,5006,3909,4258,2523,1735
19407,C4920,27,500,District-Buldana,Rural,0-4,2366,1327,1039,439,236,203,271,148,123,82,53,29,471,286,185,141,74,67,10,6,4,763,414,349,189,110,79
19408,C4920,27,500,District-Buldana,Rural,5-9,4014,2346,1668,740,398,342,417,234,183,580,328,252,708,459,249,460,268,192,31,20,11,649,374,275,429,265,164
19409,C4920,27,500,District-Buldana,Rural,10-19,10225,5987,4238,1921,1071,850,1107,628,479,1386,817,569,2000,1307,693,1208,666,542,142,88,54,1547,844,703,914,566,348
19410,C4920,27,500,District-Buldana,Rural,20-29,9153,5636,3517,1265,774,491,961,584,377,1044,588,456,2873,1961,912,751,412,339,226,133,93,1373,799,574,660,385,275
19411,C4920,27,500,District-Buldana,Rural,30-39,8040,5137,2903,1036,659,377,861,517,344,989,568,421,2768,1969,799,445,249,196,291,173,118,1229,734,495,421,268,153
19412,C4920,27,500,District-Buldana,Rural,40-49,7072,4613,2459,1057,647,410,805,519,286,821,504,317,2338,1718,620,270,155,115,321,194,127,1098,642,456,362,234,128
19413,C4920,27,500,District-Buldana,Rural,50-59,5951,3811,2140,1148,684,464,728,444,284,555,333,222,2067,1476,591,139,74,65,193,110,83,846,506,340,275,184,91
19414,C4920,27,500,District-Buldana,Rural,60-69,6797,3685,3112,1706,820,886,1011,522,489,443,224,219,2199,1389,810,94,54,40,135,60,75,821,403,418,388,213,175
19415,C4920,27,500,District-Buldana,Rural,70-79,4371,2324,2047,1286,596,690,803,417,386,210,123,87,1230,766,464,40,18,22,51,26,25,388,203,185,363,175,188
19416,C4920,27,500,District-Buldana,Rural,80-89,1367,665,702,392,186,206,260,146,114,45,25,20,367,173,194,8,1,7,11,4,7,113,48,65,171,82,89
19417,C4920,27,500,District-Buldana,Rural,90+,371,163,208,101,45,56,61,27,34,13,8,5,77,30,47,1,0,1,6,3,3,34,15,19,78,35,43
19418,C4920,27,500,District-Buldana,Rural,Age Not Stated,172,98,74,21,11,10,14,10,4,44,24,20,22,15,7,7,6,1,2,2,0,54,24,30,8,6,2
19419,C4920,27,500,District-Buldana,Urban,Total,13469,8091,5378,1962,1072,890,1537,914,623,1435,790,645,4128,2778,1350,890,549,341,306,168,138,2012,1123,889,1199,697,502
19420,C4920,27,500,District-Buldana,Urban,0-4,444,244,200,88,39,49,46,21,25,25,15,10,69,49,20,27,17,10,2,1,1,156,86,70,31,16,15
19421,C4920,27,500,District-Buldana,Urban,5-9,850,496,354,120,66,54,76,38,38,105,56,49,168,106,62,71,50,21,10,5,5,125,75,50,175,100,75
19422,C4920,27,500,District-Buldana,Urban,10-19,2430,1512,918,332,199,133,221,129,92,272,158,114,556,366,190,333,216,117,29,16,13,308,178,130,379,250,129
19423,C4920,27,500,District-Buldana,Urban,20-29,2241,1343,898,283,174,109,239,144,95,249,132,117,721,478,243,179,111,68,50,26,24,368,193,175,152,85,67
19424,C4920,27,500,District-Buldana,Urban,30-39,2040,1232,808,218,124,94,232,134,98,254,129,125,701,492,209,133,74,59,68,41,27,331,181,150,103,57,46
19425,C4920,27,500,District-Buldana,Urban,40-49,1749,1142,607,208,133,75,193,135,58,218,132,86,631,463,168,76,42,34,65,31,34,270,162,108,88,44,44
19426,C4920,27,500,District-Buldana,Urban,50-59,1324,859,465,201,116,85,160,107,53,139,78,61,486,357,129,36,20,16,48,26,22,183,103,80,71,52,19
19427,C4920,27,500,District-Buldana,Urban,60-69,1227,696,531,228,108,120,172,102,70,106,58,48,451,283,168,19,10,9,20,12,8,161,85,76,70,38,32
19428,C4920,27,500,District-Buldana,Urban,70-79,808,408,400,192,75,117,139,74,65,37,20,17,257,148,109,12,7,5,12,8,4,79,42,37,80,34,46
19429,C4920,27,500,District-Buldana,Urban,80-89,258,116,142,71,28,43,49,24,25,12,6,6,68,30,38,2,1,1,1,1,0,24,13,11,31,13,18
19430,C4920,27,500,District-Buldana,Urban,90+,70,29,41,16,6,10,9,5,4,5,1,4,16,6,10,1,0,1,0,0,0,4,3,1,19,8,11
19431,C4920,27,500,District-Buldana,Urban,Age Not Stated,28,14,14,5,4,1,1,1,0,13,5,8,4,0,4,1,1,0,1,1,0,3,2,1,0,0,0
19432,C4920,27,501,District-Akola,Total,Total,46535,27164,19371,8127,4431,3696,6883,3994,2889,5283,2898,2385,11532,7643,3889,2803,1546,1257,1274,736,538,7508,4109,3399,3125,1807,1318
19433,C4920,27,501,District-Akola,Total,0-4,1882,1003,879,284,145,139,340,182,158,54,23,31,262,153,109,100,57,43,15,12,3,709,360,349,118,71,47
19434,C4920,27,501,District-Akola,Total,5-9,2744,1573,1171,437,259,178,365,197,168,423,245,178,392,242,150,254,148,106,32,19,13,556,298,258,285,165,120
19435,C4920,27,501,District-Akola,Total,10-19,7688,4369,3319,1258,707,551,1067,604,463,1068,579,489,1346,864,482,885,504,381,113,72,41,1276,669,607,675,370,305
19436,C4920,27,501,District-Akola,Total,20-29,7364,4423,2941,977,569,408,955,598,357,907,495,412,2080,1372,708,622,342,280,204,116,88,1147,641,506,472,290,182
19437,C4920,27,501,District-Akola,Total,30-39,6769,4144,2625,840,509,331,851,519,332,887,464,423,2001,1377,624,429,228,201,285,163,122,1115,655,460,361,229,132
19438,C4920,27,501,District-Akola,Total,40-49,5858,3704,2154,826,509,317,813,520,293,830,472,358,1651,1172,479,262,144,118,283,172,111,926,545,381,267,170,97
19439,C4920,27,501,District-Akola,Total,50-59,4794,3007,1787,893,515,378,696,429,267,517,297,220,1466,1059,407,133,70,63,177,106,71,705,395,310,207,136,71
19440,C4920,27,501,District-Akola,Total,60-69,4871,2634,2237,1269,572,697,809,442,367,365,207,158,1318,833,485,74,33,41,103,48,55,653,348,305,280,151,129
19441,C4920,27,501,District-Akola,Total,70-79,3106,1595,1511,962,467,495,637,318,319,140,68,72,736,429,307,33,14,19,50,21,29,271,132,139,277,146,131
19442,C4920,27,501,District-Akola,Total,80-89,1035,530,505,290,145,145,258,147,111,43,23,20,211,107,104,6,2,4,6,3,3,87,42,45,134,61,73
19443,C4920,27,501,District-Akola,Total,90+,259,102,157,77,28,49,53,22,31,10,5,5,49,22,27,2,2,0,4,3,1,24,5,19,40,15,25
19444,C4920,27,501,District-Akola,Total,Age Not Stated,165,80,85,14,6,8,39,16,23,39,20,19,20,13,7,3,2,1,2,1,1,39,19,20,9,3,6
19445,C4920,27,501,District-Akola,Rural,Total,30630,17843,12787,5883,3225,2658,4267,2485,1782,3408,1889,1519,7269,4814,2455,1702,945,757,751,428,323,5307,2874,2433,2043,1183,860
19446,C4920,27,501,District-Akola,Rural,0-4,1262,690,572,199,105,94,171,90,81,37,17,20,190,112,78,65,39,26,4,4,0,512,269,243,84,54,30
19447,C4920,27,501,District-Akola,Rural,5-9,1848,1044,804,311,177,134,224,125,99,280,161,119,257,160,97,171,95,76,14,10,4,403,206,197,188,110,78
19448,C4920,27,501,District-Akola,Rural,10-19,5211,2967,2244,909,514,395,686,383,303,705,393,312,863,546,317,593,339,254,59,39,20,944,494,450,452,259,193
19449,C4920,27,501,District-Akola,Rural,20-29,4597,2781,1816,665,401,264,533,344,189,595,330,265,1283,853,430,330,187,143,121,66,55,768,416,352,302,184,118
19450,C4920,27,501,District-Akola,Rural,30-39,4287,2627,1660,568,352,216,493,294,199,575,300,275,1263,873,390,248,128,120,174,102,72,748,444,304,218,134,84
19451,C4920,27,501,District-Akola,Rural,40-49,3723,2386,1337,557,356,201,490,328,162,525,305,220,1015,727,288,155,87,68,175,104,71,638,371,267,168,108,60
19452,C4920,27,501,District-Akola,Rural,50-59,3118,1931,1187,641,370,271,440,265,175,302,174,128,927,666,261,72,39,33,108,62,46,508,278,230,120,77,43
19453,C4920,27,501,District-Akola,Rural,60-69,3320,1771,1549,973,436,537,537,296,241,234,133,101,817,511,306,41,17,24,61,26,35,473,256,217,184,96,88
19454,C4920,27,501,District-Akola,Rural,70-79,2260,1139,1121,768,372,396,466,229,237,89,42,47,480,280,200,19,9,10,31,12,19,208,97,111,199,98,101
19455,C4920,27,501,District-Akola,Rural,80-89,723,386,337,229,119,110,176,108,68,27,15,12,125,61,64,4,2,2,2,1,1,67,32,35,93,48,45
19456,C4920,27,501,District-Akola,Rural,90+,167,66,101,53,20,33,25,11,14,8,4,4,36,15,21,1,1,0,1,1,0,14,2,12,29,12,17
19457,C4920,27,501,District-Akola,Rural,Age Not Stated,114,55,59,10,3,7,26,12,14,31,15,16,13,10,3,3,2,1,1,1,0,24,9,15,6,3,3
19458,C4920,27,501,District-Akola,Urban,Total,15905,9321,6584,2244,1206,1038,2616,1509,1107,1875,1009,866,4263,2829,1434,1101,601,500,523,308,215,2201,1235,966,1082,624,458
19459,C4920,27,501,District-Akola,Urban,0-4,620,313,307,85,40,45,169,92,77,17,6,11,72,41,31,35,18,17,11,8,3,197,91,106,34,17,17
19460,C4920,27,501,District-Akola,Urban,5-9,896,529,367,126,82,44,141,72,69,143,84,59,135,82,53,83,53,30,18,9,9,153,92,61,97,55,42
19461,C4920,27,501,District-Akola,Urban,10-19,2477,1402,1075,349,193,156,381,221,160,363,186,177,483,318,165,292,165,127,54,33,21,332,175,157,223,111,112
19462,C4920,27,501,District-Akola,Urban,20-29,2767,1642,1125,312,168,144,422,254,168,312,165,147,797,519,278,292,155,137,83,50,33,379,225,154,170,106,64
19463,C4920,27,501,District-Akola,Urban,30-39,2482,1517,965,272,157,115,358,225,133,312,164,148,738,504,234,181,100,81,111,61,50,367,211,156,143,95,48
19464,C4920,27,501,District-Akola,Urban,40-49,2135,1318,817,269,153,116,323,192,131,305,167,138,636,445,191,107,57,50,108,68,40,288,174,114,99,62,37
19465,C4920,27,501,District-Akola,Urban,50-59,1676,1076,600,252,145,107,256,164,92,215,123,92,539,393,146,61,31,30,69,44,25,197,117,80,87,59,28
19466,C4920,27,501,District-Akola,Urban,60-69,1551,863,688,296,136,160,272,146,126,131,74,57,501,322,179,33,16,17,42,22,20,180,92,88,96,55,41
19467,C4920,27,501,District-Akola,Urban,70-79,846,456,390,194,95,99,171,89,82,51,26,25,256,149,107,14,5,9,19,9,10,63,35,28,78,48,30
19468,C4920,27,501,District-Akola,Urban,80-89,312,144,168,61,26,35,82,39,43,16,8,8,86,46,40,2,0,2,4,2,2,20,10,10,41,13,28
19469,C4920,27,501,District-Akola,Urban,90+,92,36,56,24,8,16,28,11,17,2,1,1,13,7,6,1,1,0,3,2,1,10,3,7,11,3,8
19470,C4920,27,501,District-Akola,Urban,Age Not Stated,51,25,26,4,3,1,13,4,9,8,5,3,7,3,4,0,0,0,1,0,1,15,10,5,3,0,3
19471,C4920,27,502,District-Washim,Total,Total,32255,19243,13012,6535,3587,2948,4329,2498,1831,2888,1682,1206,8542,5756,2786,1785,1018,767,755,436,319,4925,2810,2115,2496,1456,1040
19472,C4920,27,502,District-Washim,Total,0-4,1364,728,636,323,167,156,152,75,77,39,15,24,210,125,85,84,44,40,11,5,6,453,253,200,92,44,48
19473,C4920,27,502,District-Washim,Total,5-9,2401,1387,1014,512,271,241,283,162,121,336,207,129,375,231,144,224,148,76,22,16,6,399,209,190,250,143,107
19474,C4920,27,502,District-Washim,Total,10-19,5980,3511,2469,1160,694,466,816,465,351,708,408,300,1129,697,432,594,343,251,80,47,33,922,526,396,571,331,240
19475,C4920,27,502,District-Washim,Total,20-29,4836,3083,1753,729,471,258,547,355,192,483,287,196,1490,1033,457,338,183,155,129,77,52,748,449,299,372,228,144
19476,C4920,27,502,District-Washim,Total,30-39,4378,2714,1664,594,334,260,545,313,232,438,252,186,1462,1037,425,227,130,97,156,95,61,673,386,287,283,167,116
19477,C4920,27,502,District-Washim,Total,40-49,3874,2544,1330,630,401,229,525,329,196,334,208,126,1276,926,350,152,80,72,177,106,71,576,357,219,204,137,67
19478,C4920,27,502,District-Washim,Total,50-59,2874,1790,1084,594,333,261,374,219,155,239,141,98,903,648,255,63,38,25,100,56,44,442,252,190,159,103,56
19479,C4920,27,502,District-Washim,Total,60-69,3341,1805,1536,931,419,512,481,238,243,175,84,91,998,637,361,59,31,28,49,23,26,417,220,197,231,153,78
19480,C4920,27,502,District-Washim,Total,70-79,2150,1128,1022,719,336,383,405,225,180,79,42,37,494,303,191,33,15,18,23,7,16,191,102,89,206,98,108
19481,C4920,27,502,District-Washim,Total,80-89,780,414,366,262,127,135,166,98,68,25,18,7,158,96,62,7,2,5,7,4,3,65,31,34,90,38,52
19482,C4920,27,502,District-Washim,Total,90+,223,105,118,75,30,45,28,14,14,13,10,3,41,21,20,1,1,0,0,0,0,29,16,13,36,13,23
19483,C4920,27,502,District-Washim,Total,Age Not Stated,54,34,20,6,4,2,7,5,2,19,10,9,6,2,4,3,3,0,1,0,1,10,9,1,2,1,1
19484,C4920,27,502,District-Washim,Rural,Total,27344,16267,11077,5810,3192,2618,3638,2098,1540,2333,1380,953,7093,4761,2332,1502,843,659,627,354,273,4145,2364,1781,2196,1275,921
19485,C4920,27,502,District-Washim,Rural,0-4,1156,623,533,288,153,135,127,66,61,28,10,18,181,111,70,68,32,36,10,5,5,375,207,168,79,39,40
19486,C4920,27,502,District-Washim,Rural,5-9,2088,1214,874,464,251,213,243,142,101,277,174,103,320,191,129,192,129,63,17,12,5,340,180,160,235,135,100
19487,C4920,27,502,District-Washim,Rural,10-19,5082,2967,2115,1056,627,429,672,383,289,582,344,238,940,573,367,510,286,224,61,36,25,759,428,331,502,290,212
19488,C4920,27,502,District-Washim,Rural,20-29,4040,2567,1473,639,416,223,447,284,163,378,233,145,1231,846,385,275,148,127,108,63,45,640,382,258,322,195,127
19489,C4920,27,502,District-Washim,Rural,30-39,3623,2246,1377,516,289,227,448,253,195,345,196,149,1205,860,345,192,110,82,129,77,52,548,319,229,240,142,98
19490,C4920,27,502,District-Washim,Rural,40-49,3243,2113,1130,544,344,200,444,277,167,270,169,101,1046,758,288,126,66,60,150,89,61,493,299,194,170,111,59
19491,C4920,27,502,District-Washim,Rural,50-59,2407,1498,909,506,285,221,319,189,130,196,115,81,749,534,215,48,28,20,82,43,39,375,218,157,132,86,46
19492,C4920,27,502,District-Washim,Rural,60-69,2902,1567,1335,841,375,466,418,206,212,147,74,73,832,534,298,53,27,26,43,19,24,363,196,167,205,136,69
19493,C4920,27,502,District-Washim,Rural,70-79,1875,983,892,651,309,342,348,196,152,62,33,29,410,251,159,29,12,17,21,7,14,164,85,79,190,90,100
19494,C4920,27,502,District-Washim,Rural,80-89,682,363,319,231,110,121,144,87,57,24,17,7,134,81,53,5,1,4,5,3,2,54,27,27,85,37,48
19495,C4920,27,502,District-Washim,Rural,90+,202,96,106,69,29,40,23,11,12,10,7,3,39,20,19,1,1,0,0,0,0,26,15,11,34,13,21
19496,C4920,27,502,District-Washim,Rural,Age Not Stated,44,30,14,5,4,1,5,4,1,14,8,6,6,2,4,3,3,0,1,0,1,8,8,0,2,1,1
19497,C4920,27,502,District-Washim,Urban,Total,4911,2976,1935,725,395,330,691,400,291,555,302,253,1449,995,454,283,175,108,128,82,46,780,446,334,300,181,119
19498,C4920,27,502,District-Washim,Urban,0-4,208,105,103,35,14,21,25,9,16,11,5,6,29,14,15,16,12,4,1,0,1,78,46,32,13,5,8
19499,C4920,27,502,District-Washim,Urban,5-9,313,173,140,48,20,28,40,20,20,59,33,26,55,40,15,32,19,13,5,4,1,59,29,30,15,8,7
19500,C4920,27,502,District-Washim,Urban,10-19,898,544,354,104,67,37,144,82,62,126,64,62,189,124,65,84,57,27,19,11,8,163,98,65,69,41,28
19501,C4920,27,502,District-Washim,Urban,20-29,796,516,280,90,55,35,100,71,29,105,54,51,259,187,72,63,35,28,21,14,7,108,67,41,50,33,17
19502,C4920,27,502,District-Washim,Urban,30-39,755,468,287,78,45,33,97,60,37,93,56,37,257,177,80,35,20,15,27,18,9,125,67,58,43,25,18
19503,C4920,27,502,District-Washim,Urban,40-49,631,431,200,86,57,29,81,52,29,64,39,25,230,168,62,26,14,12,27,17,10,83,58,25,34,26,8
19504,C4920,27,502,District-Washim,Urban,50-59,467,292,175,88,48,40,55,30,25,43,26,17,154,114,40,15,10,5,18,13,5,67,34,33,27,17,10
19505,C4920,27,502,District-Washim,Urban,60-69,439,238,201,90,44,46,63,32,31,28,10,18,166,103,63,6,4,2,6,4,2,54,24,30,26,17,9
19506,C4920,27,502,District-Washim,Urban,70-79,275,145,130,68,27,41,57,29,28,17,9,8,84,52,32,4,3,1,2,0,2,27,17,10,16,8,8
19507,C4920,27,502,District-Washim,Urban,80-89,98,51,47,31,17,14,22,11,11,1,1,0,24,15,9,2,1,1,2,1,1,11,4,7,5,1,4
19508,C4920,27,502,District-Washim,Urban,90+,21,9,12,6,1,5,5,3,2,3,3,0,2,1,1,0,0,0,0,0,0,3,1,2,2,0,2
19509,C4920,27,502,District-Washim,Urban,Age Not Stated,10,4,6,1,0,1,2,1,1,5,2,3,0,0,0,0,0,0,0,0,0,2,1,1,0,0,0
19510,C4920,27,503,District-Amravati,Total,Total,76630,44311,32319,20113,10720,9393,10239,5755,4484,3819,2179,1640,18668,12277,6391,4504,2485,2019,2512,1431,1081,11183,6248,4935,5592,3216,2376
19511,C4920,27,503,District-Amravati,Total,0-4,2938,1609,1329,909,498,411,376,206,170,51,34,17,392,232,160,147,83,64,10,7,3,830,441,389,223,108,115
19512,C4920,27,503,District-Amravati,Total,5-9,4466,2506,1960,1190,623,567,532,306,226,399,243,156,624,389,235,449,248,201,57,31,26,692,365,327,523,301,222
19513,C4920,27,503,District-Amravati,Total,10-19,12186,6851,5335,3272,1722,1550,1562,857,705,893,492,401,1986,1279,707,1422,805,617,204,109,95,1674,886,788,1173,701,472
19514,C4920,27,503,District-Amravati,Total,20-29,11294,6652,4642,2570,1464,1106,1295,738,557,684,374,310,2951,1913,1038,989,542,447,391,234,157,1701,971,730,713,416,297
19515,C4920,27,503,District-Amravati,Total,30-39,10302,6098,4204,2230,1270,960,1217,670,547,565,333,232,2835,1908,927,598,318,280,537,321,216,1751,957,794,569,321,248
19516,C4920,27,503,District-Amravati,Total,40-49,9673,6222,3451,2242,1335,907,1243,791,452,451,254,197,2738,1999,739,447,265,182,578,346,232,1514,925,589,460,307,153
19517,C4920,27,503,District-Amravati,Total,50-59,7630,4869,2761,1865,1074,791,979,629,350,322,205,117,2383,1722,661,224,126,98,347,197,150,1152,684,468,358,232,126
19518,C4920,27,503,District-Amravati,Total,60-69,8389,4395,3994,2531,1132,1399,1205,595,610,257,137,120,2508,1547,961,123,48,75,238,117,121,1001,520,481,526,299,227
19519,C4920,27,503,District-Amravati,Total,70-79,6595,3475,3120,2264,1094,1170,1265,659,606,132,74,58,1637,945,692,63,32,31,111,52,59,528,311,217,595,308,287
19520,C4920,27,503,District-Amravati,Total,80-89,2198,1161,1037,757,373,384,434,245,189,30,14,16,465,261,204,13,5,8,24,9,15,153,83,70,322,171,151
19521,C4920,27,503,District-Amravati,Total,90+,511,226,285,168,69,99,83,36,47,13,8,5,96,52,44,12,5,7,7,2,5,35,16,19,97,38,59
19522,C4920,27,503,District-Amravati,Total,Age Not Stated,448,247,201,115,66,49,48,23,25,22,11,11,53,30,23,17,8,9,8,6,2,152,89,63,33,14,19
19523,C4920,27,503,District-Amravati,Rural,Total,53345,30582,22763,14567,7655,6912,7231,4017,3214,2424,1395,1029,12702,8363,4339,2914,1569,1345,1805,1024,781,7663,4243,3420,4039,2316,1723
19524,C4920,27,503,District-Amravati,Rural,0-4,2041,1100,941,614,339,275,248,134,114,29,18,11,288,165,123,94,51,43,7,4,3,590,306,284,171,83,88
19525,C4920,27,503,District-Amravati,Rural,5-9,3080,1755,1325,814,418,396,374,224,150,279,180,99,449,288,161,297,164,133,34,20,14,485,257,228,348,204,144
19526,C4920,27,503,District-Amravati,Rural,10-19,8521,4757,3764,2373,1236,1137,1108,606,502,613,348,265,1350,874,476,984,540,444,143,81,62,1184,618,566,766,454,312
19527,C4920,27,503,District-Amravati,Rural,20-29,7351,4368,2983,1697,988,709,823,467,356,408,234,174,1949,1281,668,596,311,285,271,169,102,1113,632,481,494,286,208
19528,C4920,27,503,District-Amravati,Rural,30-39,6665,3934,2731,1439,809,630,774,436,338,333,192,141,1828,1254,574,355,180,175,404,231,173,1150,619,531,382,213,169
19529,C4920,27,503,District-Amravati,Rural,40-49,6462,4151,2311,1535,906,629,813,512,301,271,143,128,1815,1320,495,296,183,113,407,247,160,1003,622,381,322,218,104
19530,C4920,27,503,District-Amravati,Rural,50-59,5241,3314,1927,1333,751,582,685,430,255,200,128,72,1597,1154,443,135,80,55,248,135,113,769,452,317,274,184,90
19531,C4920,27,503,District-Amravati,Rural,60-69,6222,3156,3066,2001,871,1130,930,445,485,160,81,79,1741,1061,680,84,25,59,176,85,91,705,355,350,425,233,192
19532,C4920,27,503,District-Amravati,Rural,70-79,5268,2737,2531,1899,909,990,1021,515,506,87,47,40,1220,702,518,42,23,19,86,40,46,419,248,171,494,253,241
19533,C4920,27,503,District-Amravati,Rural,80-89,1785,964,821,643,325,318,352,205,147,24,11,13,358,203,155,9,3,6,16,6,10,114,62,52,269,149,120
19534,C4920,27,503,District-Amravati,Rural,90+,385,169,216,132,55,77,63,26,37,9,6,3,67,36,31,12,5,7,6,1,5,19,9,10,77,31,46
19535,C4920,27,503,District-Amravati,Rural,Age Not Stated,324,177,147,87,48,39,40,17,23,11,7,4,40,25,15,10,4,6,7,5,2,112,63,49,17,8,9
19536,C4920,27,503,District-Amravati,Urban,Total,23285,13729,9556,5546,3065,2481,3008,1738,1270,1395,784,611,5966,3914,2052,1590,916,674,707,407,300,3520,2005,1515,1553,900,653
19537,C4920,27,503,District-Amravati,Urban,0-4,897,509,388,295,159,136,128,72,56,22,16,6,104,67,37,53,32,21,3,3,0,240,135,105,52,25,27
19538,C4920,27,503,District-Amravati,Urban,5-9,1386,751,635,376,205,171,158,82,76,120,63,57,175,101,74,152,84,68,23,11,12,207,108,99,175,97,78
19539,C4920,27,503,District-Amravati,Urban,10-19,3665,2094,1571,899,486,413,454,251,203,280,144,136,636,405,231,438,265,173,61,28,33,490,268,222,407,247,160
19540,C4920,27,503,District-Amravati,Urban,20-29,3943,2284,1659,873,476,397,472,271,201,276,140,136,1002,632,370,393,231,162,120,65,55,588,339,249,219,130,89
19541,C4920,27,503,District-Amravati,Urban,30-39,3637,2164,1473,791,461,330,443,234,209,232,141,91,1007,654,353,243,138,105,133,90,43,601,338,263,187,108,79
19542,C4920,27,503,District-Amravati,Urban,40-49,3211,2071,1140,707,429,278,430,279,151,180,111,69,923,679,244,151,82,69,171,99,72,511,303,208,138,89,49
19543,C4920,27,503,District-Amravati,Urban,50-59,2389,1555,834,532,323,209,294,199,95,122,77,45,786,568,218,89,46,43,99,62,37,383,232,151,84,48,36
19544,C4920,27,503,District-Amravati,Urban,60-69,2167,1239,928,530,261,269,275,150,125,97,56,41,767,486,281,39,23,16,62,32,30,296,165,131,101,66,35
19545,C4920,27,503,District-Amravati,Urban,70-79,1327,738,589,365,185,180,244,144,100,45,27,18,417,243,174,21,9,12,25,12,13,109,63,46,101,55,46
19546,C4920,27,503,District-Amravati,Urban,80-89,413,197,216,114,48,66,82,40,42,6,3,3,107,58,49,4,2,2,8,3,5,39,21,18,53,22,31
19547,C4920,27,503,District-Amravati,Urban,90+,126,57,69,36,14,22,20,10,10,4,2,2,29,16,13,0,0,0,1,1,0,16,7,9,20,7,13
19548,C4920,27,503,District-Amravati,Urban,Age Not Stated,124,70,54,28,18,10,8,6,2,11,4,7,13,5,8,7,4,3,1,1,0,40,26,14,16,6,10
19549,C4920,27,504,District-Wardha,Total,Total,29241,16889,12352,6682,3451,3231,4079,2222,1857,1401,820,581,8118,5318,2800,2025,1110,915,1318,740,578,2809,1569,1240,2809,1659,1150
19550,C4920,27,504,District-Wardha,Total,0-4,692,394,298,141,80,61,98,44,54,20,16,4,155,90,65,35,25,10,4,2,2,149,81,68,90,56,34
19551,C4920,27,504,District-Wardha,Total,5-9,1355,801,554,215,124,91,168,91,77,155,95,60,214,141,73,180,94,86,7,4,3,183,95,88,233,157,76
19552,C4920,27,504,District-Wardha,Total,10-19,3965,2344,1621,695,393,302,444,264,180,345,205,140,664,426,238,752,448,304,81,45,36,445,231,214,539,332,207
19553,C4920,27,504,District-Wardha,Total,20-29,3714,2273,1441,603,350,253,387,215,172,228,130,98,1130,776,354,395,220,175,181,109,72,446,269,177,344,204,140
19554,C4920,27,504,District-Wardha,Total,30-39,3787,2266,1521,552,331,221,444,256,188,185,107,78,1344,881,463,268,121,147,329,185,144,426,250,176,239,135,104
19555,C4920,27,504,District-Wardha,Total,40-49,3712,2343,1369,711,409,302,445,275,170,177,103,74,1221,874,347,230,118,112,330,192,138,383,225,158,215,147,68
19556,C4920,27,504,District-Wardha,Total,50-59,3149,1891,1258,762,423,339,461,240,221,125,69,56,1054,736,318,94,47,47,194,107,87,283,155,128,176,114,62
19557,C4920,27,504,District-Wardha,Total,60-69,3959,2011,1948,1273,515,758,649,317,332,108,61,47,1165,718,447,47,23,24,121,58,63,262,132,130,334,187,147
19558,C4920,27,504,District-Wardha,Total,70-79,3387,1787,1600,1243,594,649,634,341,293,48,30,18,830,492,338,19,9,10,54,29,25,165,90,75,394,202,192
19559,C4920,27,504,District-Wardha,Total,80-89,1214,636,578,392,188,204,281,146,135,8,2,6,271,156,115,3,3,0,11,6,5,48,28,20,200,107,93
19560,C4920,27,504,District-Wardha,Total,90+,273,122,151,89,39,50,60,30,30,1,1,0,62,24,38,2,2,0,4,2,2,11,7,4,44,17,27
19561,C4920,27,504,District-Wardha,Total,Age Not Stated,34,21,13,6,5,1,8,3,5,1,1,0,8,4,4,0,0,0,2,1,1,8,6,2,1,1,0
19562,C4920,27,504,District-Wardha,Rural,Total,21377,12277,9100,5008,2574,2434,3094,1656,1438,999,590,409,5737,3757,1980,1307,705,602,1000,559,441,2029,1142,887,2203,1294,909
19563,C4920,27,504,District-Wardha,Rural,0-4,513,287,226,96,53,43,75,34,41,14,12,2,112,63,49,26,18,8,4,2,2,117,64,53,69,41,28
19564,C4920,27,504,District-Wardha,Rural,5-9,1005,591,414,156,91,65,122,62,60,112,69,43,168,109,59,121,66,55,6,3,3,135,71,64,185,120,65
19565,C4920,27,504,District-Wardha,Rural,10-19,2827,1668,1159,513,293,220,334,198,136,215,129,86,470,304,166,484,282,202,65,36,29,338,171,167,408,255,153
19566,C4920,27,504,District-Wardha,Rural,20-29,2541,1576,965,399,238,161,284,153,131,165,95,70,751,528,223,246,133,113,128,78,50,321,205,116,247,146,101
19567,C4920,27,504,District-Wardha,Rural,30-39,2553,1545,1008,345,219,126,306,180,126,135,76,59,893,591,302,164,69,95,246,137,109,285,171,114,179,102,77
19568,C4920,27,504,District-Wardha,Rural,40-49,2603,1646,957,478,281,197,318,181,137,130,82,48,848,616,232,152,78,74,257,147,110,264,151,113,156,110,46
19569,C4920,27,504,District-Wardha,Rural,50-59,2287,1359,928,550,308,242,337,172,165,103,55,48,756,527,229,69,34,35,149,81,68,192,104,88,131,78,53
19570,C4920,27,504,District-Wardha,Rural,60-69,3047,1496,1551,1026,397,629,520,247,273,82,44,38,828,491,337,28,16,12,94,45,49,188,97,91,281,159,122
19571,C4920,27,504,District-Wardha,Rural,70-79,2791,1482,1309,1047,505,542,520,279,241,35,24,11,658,395,263,13,5,8,41,23,18,139,78,61,338,173,165
19572,C4920,27,504,District-Wardha,Rural,80-89,975,514,461,321,155,166,228,123,105,6,2,4,200,111,89,2,2,0,6,4,2,36,21,15,176,96,80
19573,C4920,27,504,District-Wardha,Rural,90+,210,98,112,72,29,43,44,26,18,1,1,0,48,20,28,2,2,0,3,2,1,8,5,3,32,13,19
19574,C4920,27,504,District-Wardha,Rural,Age Not Stated,25,15,10,5,5,0,6,1,5,1,1,0,5,2,3,0,0,0,1,1,0,6,4,2,1,1,0
19575,C4920,27,504,District-Wardha,Urban,Total,7864,4612,3252,1674,877,797,985,566,419,402,230,172,2381,1561,820,718,405,313,318,181,137,780,427,353,606,365,241
19576,C4920,27,504,District-Wardha,Urban,0-4,179,107,72,45,27,18,23,10,13,6,4,2,43,27,16,9,7,2,0,0,0,32,17,15,21,15,6
19577,C4920,27,504,District-Wardha,Urban,5-9,350,210,140,59,33,26,46,29,17,43,26,17,46,32,14,59,28,31,1,1,0,48,24,24,48,37,11
19578,C4920,27,504,District-Wardha,Urban,10-19,1138,676,462,182,100,82,110,66,44,130,76,54,194,122,72,268,166,102,16,9,7,107,60,47,131,77,54
19579,C4920,27,504,District-Wardha,Urban,20-29,1173,697,476,204,112,92,103,62,41,63,35,28,379,248,131,149,87,62,53,31,22,125,64,61,97,58,39
19580,C4920,27,504,District-Wardha,Urban,30-39,1234,721,513,207,112,95,138,76,62,50,31,19,451,290,161,104,52,52,83,48,35,141,79,62,60,33,27
19581,C4920,27,504,District-Wardha,Urban,40-49,1109,697,412,233,128,105,127,94,33,47,21,26,373,258,115,78,40,38,73,45,28,119,74,45,59,37,22
19582,C4920,27,504,District-Wardha,Urban,50-59,862,532,330,212,115,97,124,68,56,22,14,8,298,209,89,25,13,12,45,26,19,91,51,40,45,36,9
19583,C4920,27,504,District-Wardha,Urban,60-69,912,515,397,247,118,129,129,70,59,26,17,9,337,227,110,19,7,12,27,13,14,74,35,39,53,28,25
19584,C4920,27,504,District-Wardha,Urban,70-79,596,305,291,196,89,107,114,62,52,13,6,7,172,97,75,6,4,2,13,6,7,26,12,14,56,29,27
19585,C4920,27,504,District-Wardha,Urban,80-89,239,122,117,71,33,38,53,23,30,2,0,2,71,45,26,1,1,0,5,2,3,12,7,5,24,11,13
19586,C4920,27,504,District-Wardha,Urban,90+,63,24,39,17,10,7,16,4,12,0,0,0,14,4,10,0,0,0,1,0,1,3,2,1,12,4,8
19587,C4920,27,504,District-Wardha,Urban,Age Not Stated,9,6,3,1,0,1,2,2,0,0,0,0,3,2,1,0,0,0,1,0,1,2,2,0,0,0,0
19588,C4920,27,505,District-Nagpur,Total,Total,113941,63957,49984,22386,11753,10633,18651,10362,8289,16235,8874,7361,17727,11471,6256,7367,4157,3210,3036,1748,1288,22015,11990,10025,6524,3602,2922
19589,C4920,27,505,District-Nagpur,Total,0-4,4836,2519,2317,1113,553,560,960,481,479,174,82,92,317,202,115,162,89,73,28,13,15,1840,947,893,242,152,90
19590,C4920,27,505,District-Nagpur,Total,5-9,6636,3635,3001,1328,712,616,1060,581,479,1003,530,473,558,346,212,661,373,288,56,28,28,1400,748,652,570,317,253
19591,C4920,27,505,District-Nagpur,Total,10-19,17228,9521,7707,3061,1634,1427,2674,1401,1273,2436,1278,1158,1699,1071,628,2435,1475,960,227,128,99,3378,1777,1601,1318,757,561
19592,C4920,27,505,District-Nagpur,Total,20-29,18322,10100,8222,3204,1694,1510,2792,1492,1300,2790,1462,1328,2789,1750,1039,1570,893,677,460,260,200,3799,2026,1773,918,523,395
19593,C4920,27,505,District-Nagpur,Total,30-39,18237,10482,7755,3017,1639,1378,2834,1628,1206,3050,1681,1369,3195,2091,1104,1038,542,496,650,397,253,3763,2106,1657,690,398,292
19594,C4920,27,505,District-Nagpur,Total,40-49,16124,9743,6381,2925,1664,1261,2538,1579,959,2785,1591,1194,2643,1917,726,774,410,364,731,424,307,3144,1794,1350,584,364,220
19595,C4920,27,505,District-Nagpur,Total,50-59,11759,7216,4543,2475,1448,1027,1812,1103,709,1827,1039,788,2221,1588,633,410,237,173,455,271,184,2077,1232,845,482,298,184
19596,C4920,27,505,District-Nagpur,Total,60-69,10281,5517,4764,2492,1189,1303,1779,955,824,1285,725,560,2225,1374,851,191,84,107,251,138,113,1500,779,721,558,273,285
19597,C4920,27,505,District-Nagpur,Total,70-79,6941,3424,3517,1900,793,1107,1451,754,697,561,307,254,1429,799,630,73,31,42,138,68,70,733,371,362,656,301,355
19598,C4920,27,505,District-Nagpur,Total,80-89,2436,1250,1186,632,312,320,527,271,256,144,84,60,499,267,232,26,9,17,26,14,12,227,124,103,355,169,186
19599,C4920,27,505,District-Nagpur,Total,90+,668,288,380,149,65,84,134,62,72,54,27,27,114,46,68,8,3,5,10,4,6,68,41,27,131,40,91
19600,C4920,27,505,District-Nagpur,Total,Age Not Stated,473,262,211,90,50,40,90,55,35,126,68,58,38,20,18,19,11,8,4,3,1,86,45,41,20,10,10
19601,C4920,27,505,District-Nagpur,Rural,Total,35528,19767,15761,6396,3177,3219,4983,2714,2269,5242,2856,2386,7257,4673,2584,2197,1229,968,1009,520,489,5929,3263,2666,2515,1335,1180
19602,C4920,27,505,District-Nagpur,Rural,0-4,1379,706,673,203,89,114,214,100,114,62,30,32,150,94,56,36,24,12,6,2,4,619,314,305,89,53,36
19603,C4920,27,505,District-Nagpur,Rural,5-9,2022,1120,902,325,173,152,249,138,111,356,184,172,225,139,86,243,135,108,15,7,8,410,225,185,199,119,80
19604,C4920,27,505,District-Nagpur,Rural,10-19,5292,2918,2374,696,386,310,693,365,328,898,457,441,669,412,257,867,504,363,69,39,30,990,528,462,410,227,183
19605,C4920,27,505,District-Nagpur,Rural,20-29,4980,2911,2069,659,352,307,582,329,253,971,544,427,1015,673,342,435,242,193,136,74,62,883,522,361,299,175,124
19606,C4920,27,505,District-Nagpur,Rural,30-39,5100,3046,2054,630,358,272,639,381,258,957,542,415,1245,862,383,268,147,121,227,126,101,898,490,408,236,140,96
19607,C4920,27,505,District-Nagpur,Rural,40-49,4322,2639,1683,655,361,294,567,350,217,775,428,347,970,713,257,180,97,83,239,131,108,746,433,313,190,126,64
19608,C4920,27,505,District-Nagpur,Rural,50-59,3390,2005,1385,627,337,290,438,244,194,519,274,245,868,610,258,89,44,45,169,89,80,529,320,209,151,87,64
19609,C4920,27,505,District-Nagpur,Rural,60-69,4085,1984,2101,1087,451,636,631,303,328,427,241,186,1060,600,460,50,21,29,94,35,59,458,213,245,278,120,158
19610,C4920,27,505,District-Nagpur,Rural,70-79,3403,1642,1761,1087,458,629,668,337,331,188,107,81,741,409,332,20,9,11,40,12,28,270,146,124,389,164,225
19611,C4920,27,505,District-Nagpur,Rural,80-89,1154,623,531,338,174,164,232,135,97,41,25,16,254,138,116,5,3,2,9,4,5,77,43,34,198,101,97
19612,C4920,27,505,District-Nagpur,Rural,90+,309,128,181,77,33,44,63,30,33,22,11,11,49,17,32,3,2,1,5,1,4,23,14,9,67,20,47
19613,C4920,27,505,District-Nagpur,Rural,Age Not Stated,92,45,47,12,5,7,7,2,5,26,13,13,11,6,5,1,1,0,0,0,0,26,15,11,9,3,6
19614,C4920,27,505,District-Nagpur,Urban,Total,78413,44190,34223,15990,8576,7414,13668,7648,6020,10993,6018,4975,10470,6798,3672,5170,2928,2242,2027,1228,799,16086,8727,7359,4009,2267,1742
19615,C4920,27,505,District-Nagpur,Urban,0-4,3457,1813,1644,910,464,446,746,381,365,112,52,60,167,108,59,126,65,61,22,11,11,1221,633,588,153,99,54
19616,C4920,27,505,District-Nagpur,Urban,5-9,4614,2515,2099,1003,539,464,811,443,368,647,346,301,333,207,126,418,238,180,41,21,20,990,523,467,371,198,173
19617,C4920,27,505,District-Nagpur,Urban,10-19,11936,6603,5333,2365,1248,1117,1981,1036,945,1538,821,717,1030,659,371,1568,971,597,158,89,69,2388,1249,1139,908,530,378
19618,C4920,27,505,District-Nagpur,Urban,20-29,13342,7189,6153,2545,1342,1203,2210,1163,1047,1819,918,901,1774,1077,697,1135,651,484,324,186,138,2916,1504,1412,619,348,271
19619,C4920,27,505,District-Nagpur,Urban,30-39,13137,7436,5701,2387,1281,1106,2195,1247,948,2093,1139,954,1950,1229,721,770,395,375,423,271,152,2865,1616,1249,454,258,196
19620,C4920,27,505,District-Nagpur,Urban,40-49,11802,7104,4698,2270,1303,967,1971,1229,742,2010,1163,847,1673,1204,469,594,313,281,492,293,199,2398,1361,1037,394,238,156
19621,C4920,27,505,District-Nagpur,Urban,50-59,8369,5211,3158,1848,1111,737,1374,859,515,1308,765,543,1353,978,375,321,193,128,286,182,104,1548,912,636,331,211,120
19622,C4920,27,505,District-Nagpur,Urban,60-69,6196,3533,2663,1405,738,667,1148,652,496,858,484,374,1165,774,391,141,63,78,157,103,54,1042,566,476,280,153,127
19623,C4920,27,505,District-Nagpur,Urban,70-79,3538,1782,1756,813,335,478,783,417,366,373,200,173,688,390,298,53,22,31,98,56,42,463,225,238,267,137,130
19624,C4920,27,505,District-Nagpur,Urban,80-89,1282,627,655,294,138,156,295,136,159,103,59,44,245,129,116,21,6,15,17,10,7,150,81,69,157,68,89
19625,C4920,27,505,District-Nagpur,Urban,90+,359,160,199,72,32,40,71,32,39,32,16,16,65,29,36,5,1,4,5,3,2,45,27,18,64,20,44
19626,C4920,27,505,District-Nagpur,Urban,Age Not Stated,381,217,164,78,45,33,83,53,30,100,55,45,27,14,13,18,10,8,4,3,1,60,30,30,11,7,4
19627,C4920,27,506,District-Bhandara,Total,Total,44699,24736,19963,9566,5047,4519,6462,3525,2937,8684,4605,4079,7164,4648,2516,2695,1420,1275,718,402,316,7310,3894,3416,2100,1195,905
19628,C4920,27,506,District-Bhandara,Total,0-4,2071,1062,1009,556,292,264,338,170,168,92,46,46,140,69,71,79,43,36,8,4,4,767,390,377,91,48,43
19629,C4920,27,506,District-Bhandara,Total,5-9,2710,1490,1220,619,320,299,396,209,187,488,268,220,249,141,108,288,166,122,18,13,5,476,260,216,176,113,63
19630,C4920,27,506,District-Bhandara,Total,10-19,7184,3931,3253,1577,834,743,1007,545,462,1321,692,629,783,506,277,873,477,396,64,43,21,1140,595,545,419,239,180
19631,C4920,27,506,District-Bhandara,Total,20-29,7167,4016,3151,1422,786,636,956,530,426,1502,773,729,1143,748,395,511,271,240,101,60,41,1189,646,543,343,202,141
19632,C4920,27,506,District-Bhandara,Total,30-39,6651,3787,2864,1221,709,512,918,537,381,1562,828,734,1098,740,358,366,180,186,171,81,90,1109,599,510,206,113,93
19633,C4920,27,506,District-Bhandara,Total,40-49,6258,3637,2621,1195,696,499,847,486,361,1522,816,706,1076,758,318,289,140,149,174,104,70,955,514,441,200,123,77
19634,C4920,27,506,District-Bhandara,Total,50-59,4989,2904,2085,1030,574,456,742,425,317,1050,569,481,1044,715,329,147,74,73,97,56,41,709,392,317,170,99,71
19635,C4920,27,506,District-Bhandara,Total,60-69,4264,2182,2082,1040,439,601,663,328,335,722,372,350,939,569,370,77,39,38,55,24,31,547,278,269,221,133,88
19636,C4920,27,506,District-Bhandara,Total,70-79,2288,1154,1134,635,263,372,397,193,204,253,147,106,518,313,205,24,9,15,18,9,9,261,136,125,182,84,98
19637,C4920,27,506,District-Bhandara,Total,80-89,524,259,265,141,67,74,94,46,48,51,26,25,115,54,61,6,5,1,6,4,2,53,31,22,58,26,32
19638,C4920,27,506,District-Bhandara,Total,90+,173,77,96,49,21,28,32,14,18,18,10,8,21,8,13,11,7,4,1,1,0,22,10,12,19,6,13
19639,C4920,27,506,District-Bhandara,Total,Age Not Stated,420,237,183,81,46,35,72,42,30,103,58,45,38,27,11,24,9,15,5,3,2,82,43,39,15,9,6
19640,C4920,27,506,District-Bhandara,Rural,Total,36893,20314,16579,8409,4379,4030,5291,2875,2416,7195,3826,3369,5755,3735,2020,2063,1048,1015,588,330,258,5856,3136,2720,1736,985,751
19641,C4920,27,506,District-Bhandara,Rural,0-4,1780,936,844,492,262,230,283,155,128,78,38,40,124,60,64,62,33,29,6,3,3,657,342,315,78,43,35
19642,C4920,27,506,District-Bhandara,Rural,5-9,2286,1254,1032,551,283,268,333,172,161,408,232,176,198,110,88,240,142,98,17,12,5,391,212,179,148,91,57
19643,C4920,27,506,District-Bhandara,Rural,10-19,5893,3190,2703,1370,708,662,820,440,380,1094,566,528,633,411,222,657,354,303,51,36,15,924,483,441,344,192,152
19644,C4920,27,506,District-Bhandara,Rural,20-29,5817,3268,2549,1226,670,556,788,441,347,1258,660,598,879,592,287,380,181,199,86,49,37,933,520,413,267,155,112
19645,C4920,27,506,District-Bhandara,Rural,30-39,5405,3094,2311,1048,617,431,737,430,307,1297,696,601,864,578,286,275,130,145,137,66,71,873,481,392,174,96,78
19646,C4920,27,506,District-Bhandara,Rural,40-49,5067,2941,2126,1042,605,437,670,380,290,1236,663,573,857,608,249,218,100,118,145,88,57,730,390,340,169,107,62
19647,C4920,27,506,District-Bhandara,Rural,50-59,4069,2323,1746,897,491,406,595,335,260,863,457,406,836,563,273,115,54,61,78,44,34,544,297,247,141,82,59
19648,C4920,27,506,District-Bhandara,Rural,60-69,3639,1829,1810,958,396,562,554,272,282,603,303,300,772,474,298,62,29,33,45,20,25,457,223,234,188,112,76
19649,C4920,27,506,District-Bhandara,Rural,70-79,1980,982,998,577,228,349,343,161,182,209,124,85,445,264,181,19,7,12,16,8,8,215,115,100,156,75,81
19650,C4920,27,506,District-Bhandara,Rural,80-89,440,215,225,129,59,70,76,40,36,43,23,20,97,45,52,6,5,1,3,1,2,42,24,18,44,18,26
19651,C4920,27,506,District-Bhandara,Rural,90+,141,66,75,42,17,25,28,12,16,14,9,5,17,7,10,9,6,3,1,1,0,14,8,6,16,6,10
19652,C4920,27,506,District-Bhandara,Rural,Age Not Stated,376,216,160,77,43,34,64,37,27,92,55,37,33,23,10,20,7,13,3,2,1,76,41,35,11,8,3
19653,C4920,27,506,District-Bhandara,Urban,Total,7806,4422,3384,1157,668,489,1171,650,521,1489,779,710,1409,913,496,632,372,260,130,72,58,1454,758,696,364,210,154
19654,C4920,27,506,District-Bhandara,Urban,0-4,291,126,165,64,30,34,55,15,40,14,8,6,16,9,7,17,10,7,2,1,1,110,48,62,13,5,8
19655,C4920,27,506,District-Bhandara,Urban,5-9,424,236,188,68,37,31,63,37,26,80,36,44,51,31,20,48,24,24,1,1,0,85,48,37,28,22,6
19656,C4920,27,506,District-Bhandara,Urban,10-19,1291,741,550,207,126,81,187,105,82,227,126,101,150,95,55,216,123,93,13,7,6,216,112,104,75,47,28
19657,C4920,27,506,District-Bhandara,Urban,20-29,1350,748,602,196,116,80,168,89,79,244,113,131,264,156,108,131,90,41,15,11,4,256,126,130,76,47,29
19658,C4920,27,506,District-Bhandara,Urban,30-39,1246,693,553,173,92,81,181,107,74,265,132,133,234,162,72,91,50,41,34,15,19,236,118,118,32,17,15
19659,C4920,27,506,District-Bhandara,Urban,40-49,1191,696,495,153,91,62,177,106,71,286,153,133,219,150,69,71,40,31,29,16,13,225,124,101,31,16,15
19660,C4920,27,506,District-Bhandara,Urban,50-59,920,581,339,133,83,50,147,90,57,187,112,75,208,152,56,32,20,12,19,12,7,165,95,70,29,17,12
19661,C4920,27,506,District-Bhandara,Urban,60-69,625,353,272,82,43,39,109,56,53,119,69,50,167,95,72,15,10,5,10,4,6,90,55,35,33,21,12
19662,C4920,27,506,District-Bhandara,Urban,70-79,308,172,136,58,35,23,54,32,22,44,23,21,73,49,24,5,2,3,2,1,1,46,21,25,26,9,17
19663,C4920,27,506,District-Bhandara,Urban,80-89,84,44,40,12,8,4,18,6,12,8,3,5,18,9,9,0,0,0,3,3,0,11,7,4,14,8,6
19664,C4920,27,506,District-Bhandara,Urban,90+,32,11,21,7,4,3,4,2,2,4,1,3,4,1,3,2,1,1,0,0,0,8,2,6,3,0,3
19665,C4920,27,506,District-Bhandara,Urban,Age Not Stated,44,21,23,4,3,1,8,5,3,11,3,8,5,4,1,4,2,2,2,1,1,6,2,4,4,1,3
19666,C4920,27,507,District-Gondiya,Total,Total,26572,15123,11449,3159,1657,1502,3264,1768,1496,4336,2364,1972,6844,4451,2393,2000,1025,975,634,339,295,4454,2377,2077,1881,1142,739
19667,C4920,27,507,District-Gondiya,Total,0-4,973,538,435,112,62,50,122,66,56,57,30,27,156,89,67,52,26,26,8,4,4,369,207,162,97,54,43
19668,C4920,27,507,District-Gondiya,Total,5-9,1694,994,700,209,121,88,160,95,65,300,164,136,275,181,94,199,118,81,11,4,7,310,169,141,230,142,88
19669,C4920,27,507,District-Gondiya,Total,10-19,4715,2624,2091,589,321,268,527,285,242,727,397,330,862,545,317,716,375,341,62,36,26,769,374,395,463,291,172
19670,C4920,27,507,District-Gondiya,Total,20-29,4142,2332,1810,371,209,162,443,242,201,788,422,366,1096,682,414,374,189,185,91,49,42,696,373,323,283,166,117
19671,C4920,27,507,District-Gondiya,Total,30-39,3821,2222,1599,341,191,150,417,236,181,715,410,305,1061,695,366,306,139,167,141,78,63,634,354,280,206,119,87
19672,C4920,27,507,District-Gondiya,Total,40-49,3749,2216,1533,365,208,157,421,247,174,760,399,361,1032,710,322,213,104,109,155,81,74,662,384,278,141,83,58
19673,C4920,27,507,District-Gondiya,Total,50-59,2957,1791,1166,358,199,159,381,219,162,522,280,242,946,683,263,80,43,37,97,50,47,440,228,212,133,89,44
19674,C4920,27,507,District-Gondiya,Total,60-69,2610,1446,1164,429,180,249,403,192,211,284,163,121,910,582,328,38,20,18,46,25,21,338,175,163,162,109,53
19675,C4920,27,507,District-Gondiya,Total,70-79,1353,686,667,278,118,160,280,140,140,118,61,57,379,219,160,11,5,6,18,10,8,155,68,87,114,65,49
19676,C4920,27,507,District-Gondiya,Total,80-89,350,172,178,75,32,43,74,28,46,29,21,8,96,49,47,4,2,2,4,1,3,32,21,11,36,18,18
19677,C4920,27,507,District-Gondiya,Total,90+,107,49,58,14,3,11,30,16,14,15,8,7,21,9,12,2,1,1,0,0,0,16,9,7,9,3,6
19678,C4920,27,507,District-Gondiya,Total,Age Not Stated,101,53,48,18,13,5,6,2,4,21,9,12,10,7,3,5,3,2,1,1,0,33,15,18,7,3,4
19679,C4920,27,507,District-Gondiya,Rural,Total,22083,12582,9501,2723,1436,1287,2777,1501,1276,3541,1944,1597,5619,3663,1956,1676,847,829,527,278,249,3691,1976,1715,1529,937,592
19680,C4920,27,507,District-Gondiya,Rural,0-4,807,442,365,98,53,45,107,59,48,42,23,19,127,72,55,40,19,21,8,4,4,298,164,134,87,48,39
19681,C4920,27,507,District-Gondiya,Rural,5-9,1420,841,579,187,111,76,141,84,57,248,137,111,237,159,78,173,102,71,7,1,6,251,136,115,176,111,65
19682,C4920,27,507,District-Gondiya,Rural,10-19,4031,2250,1781,509,279,230,466,256,210,609,337,272,712,457,255,631,327,304,54,32,22,680,331,349,370,231,139
19683,C4920,27,507,District-Gondiya,Rural,20-29,3422,1928,1494,321,181,140,371,202,169,643,345,298,912,570,342,297,147,150,74,38,36,565,308,257,239,137,102
19684,C4920,27,507,District-Gondiya,Rural,30-39,3113,1822,1291,283,160,123,326,183,143,576,338,238,890,586,304,254,111,143,116,64,52,513,291,222,155,89,66
19685,C4920,27,507,District-Gondiya,Rural,40-49,3036,1777,1259,317,182,135,342,197,145,613,314,299,806,554,252,168,82,86,132,69,63,540,313,227,118,66,52
19686,C4920,27,507,District-Gondiya,Rural,50-59,2485,1498,987,304,167,137,333,192,141,439,238,201,784,558,226,69,37,32,80,38,42,363,190,173,113,78,35
19687,C4920,27,507,District-Gondiya,Rural,60-69,2178,1219,959,374,157,217,367,176,191,232,137,95,742,476,266,24,12,12,35,21,14,275,144,131,129,96,33
19688,C4920,27,507,District-Gondiya,Rural,70-79,1120,567,553,236,102,134,234,114,120,90,48,42,303,173,130,9,4,5,17,9,8,137,60,77,94,57,37
19689,C4920,27,507,District-Gondiya,Rural,80-89,288,147,141,63,28,35,58,23,35,17,12,5,81,45,36,4,2,2,3,1,2,28,18,10,34,18,16
19690,C4920,27,507,District-Gondiya,Rural,90+,89,41,48,13,3,10,26,13,13,13,7,6,16,7,9,2,1,1,0,0,0,12,7,5,7,3,4
19691,C4920,27,507,District-Gondiya,Rural,Age Not Stated,94,50,44,18,13,5,6,2,4,19,8,11,9,6,3,5,3,2,1,1,0,29,14,15,7,3,4
19692,C4920,27,507,District-Gondiya,Urban,Total,4489,2541,1948,436,221,215,487,267,220,795,420,375,1225,788,437,324,178,146,107,61,46,763,401,362,352,205,147
19693,C4920,27,507,District-Gondiya,Urban,0-4,166,96,70,14,9,5,15,7,8,15,7,8,29,17,12,12,7,5,0,0,0,71,43,28,10,6,4
19694,C4920,27,507,District-Gondiya,Urban,5-9,274,153,121,22,10,12,19,11,8,52,27,25,38,22,16,26,16,10,4,3,1,59,33,26,54,31,23
19695,C4920,27,507,District-Gondiya,Urban,10-19,684,374,310,80,42,38,61,29,32,118,60,58,150,88,62,85,48,37,8,4,4,89,43,46,93,60,33
19696,C4920,27,507,District-Gondiya,Urban,20-29,720,404,316,50,28,22,72,40,32,145,77,68,184,112,72,77,42,35,17,11,6,131,65,66,44,29,15
19697,C4920,27,507,District-Gondiya,Urban,30-39,708,400,308,58,31,27,91,53,38,139,72,67,171,109,62,52,28,24,25,14,11,121,63,58,51,30,21
19698,C4920,27,507,District-Gondiya,Urban,40-49,713,439,274,48,26,22,79,50,29,147,85,62,226,156,70,45,22,23,23,12,11,122,71,51,23,17,6
19699,C4920,27,507,District-Gondiya,Urban,50-59,472,293,179,54,32,22,48,27,21,83,42,41,162,125,37,11,6,5,17,12,5,77,38,39,20,11,9
19700,C4920,27,507,District-Gondiya,Urban,60-69,432,227,205,55,23,32,36,16,20,52,26,26,168,106,62,14,8,6,11,4,7,63,31,32,33,13,20
19701,C4920,27,507,District-Gondiya,Urban,70-79,233,119,114,42,16,26,46,26,20,28,13,15,76,46,30,2,1,1,1,1,0,18,8,10,20,8,12
19702,C4920,27,507,District-Gondiya,Urban,80-89,62,25,37,12,4,8,16,5,11,12,9,3,15,4,11,0,0,0,1,0,1,4,3,1,2,0,2
19703,C4920,27,507,District-Gondiya,Urban,90+,18,8,10,1,0,1,4,3,1,2,1,1,5,2,3,0,0,0,0,0,0,4,2,2,2,0,2
19704,C4920,27,507,District-Gondiya,Urban,Age Not Stated,7,3,4,0,0,0,0,0,0,2,1,1,1,1,0,0,0,0,0,0,0,4,1,3,0,0,0
19705,C4920,27,508,District-Gadchiroli,Total,Total,23986,13512,10474,4470,2350,2120,3472,1962,1510,1911,1032,879,5890,3746,2144,1349,698,651,693,356,337,4197,2234,1963,2004,1134,870
19706,C4920,27,508,District-Gadchiroli,Total,0-4,938,497,441,133,74,59,114,55,59,31,22,9,152,91,61,34,14,20,5,4,1,398,195,203,71,42,29
19707,C4920,27,508,District-Gadchiroli,Total,5-9,1609,906,703,226,121,105,202,104,98,181,93,88,245,155,90,147,83,64,22,13,9,372,210,162,214,127,87
19708,C4920,27,508,District-Gadchiroli,Total,10-19,4338,2372,1966,729,417,312,629,352,277,422,230,192,705,425,280,554,292,262,69,27,42,738,358,380,492,271,221
19709,C4920,27,508,District-Gadchiroli,Total,20-29,3795,2253,1542,540,314,226,476,299,177,381,209,172,944,605,339,269,141,128,127,78,49,730,408,322,328,199,129
19710,C4920,27,508,District-Gadchiroli,Total,30-39,3195,1879,1316,466,274,192,443,252,191,288,162,126,905,603,302,165,78,87,153,72,81,582,322,260,193,116,77
19711,C4920,27,508,District-Gadchiroli,Total,40-49,2985,1781,1204,506,291,215,472,291,181,248,123,125,873,585,288,95,49,46,150,81,69,478,265,213,163,96,67
19712,C4920,27,508,District-Gadchiroli,Total,50-59,2372,1425,947,515,280,235,352,205,147,158,94,64,721,491,230,42,29,13,75,37,38,377,204,173,132,85,47
19713,C4920,27,508,District-Gadchiroli,Total,60-69,2500,1268,1232,687,277,410,397,207,190,125,61,64,754,455,299,23,4,19,52,24,28,294,151,143,168,89,79
19714,C4920,27,508,District-Gadchiroli,Total,70-79,1556,786,770,470,207,263,259,128,131,46,21,25,443,266,177,11,2,9,23,12,11,147,80,67,157,70,87
19715,C4920,27,508,District-Gadchiroli,Total,80-89,445,217,228,134,60,74,83,42,41,10,6,4,112,57,55,6,4,2,12,6,6,33,14,19,55,28,27
19716,C4920,27,508,District-Gadchiroli,Total,90+,129,64,65,43,26,17,20,14,6,7,4,3,28,10,18,0,0,0,3,1,2,6,2,4,22,7,15
19717,C4920,27,508,District-Gadchiroli,Total,Age Not Stated,124,64,60,21,9,12,25,13,12,14,7,7,8,3,5,3,2,1,2,1,1,42,25,17,9,4,5
19718,C4920,27,508,District-Gadchiroli,Rural,Total,21702,12207,9495,4174,2192,1982,3183,1792,1391,1725,943,782,5165,3278,1887,1178,613,565,625,326,299,3829,2029,1800,1823,1034,789
19719,C4920,27,508,District-Gadchiroli,Rural,0-4,869,463,406,126,72,54,109,52,57,28,20,8,141,85,56,29,12,17,3,3,0,372,183,189,61,36,25
19720,C4920,27,508,District-Gadchiroli,Rural,5-9,1483,839,644,214,113,101,185,94,91,160,86,74,224,143,81,129,71,58,20,13,7,353,200,153,198,119,79
19721,C4920,27,508,District-Gadchiroli,Rural,10-19,3939,2179,1760,670,386,284,585,335,250,379,214,165,625,375,250,491,261,230,63,25,38,670,326,344,456,257,199
19722,C4920,27,508,District-Gadchiroli,Rural,20-29,3444,2035,1409,499,288,211,441,273,168,346,194,152,850,542,308,239,125,114,117,71,46,663,365,298,289,177,112
19723,C4920,27,508,District-Gadchiroli,Rural,30-39,2797,1663,1134,413,249,164,386,219,167,262,145,117,773,519,254,134,68,66,133,66,67,527,295,232,169,102,67
19724,C4920,27,508,District-Gadchiroli,Rural,40-49,2651,1568,1083,467,268,199,429,263,166,220,109,111,750,500,250,82,42,40,139,73,66,415,226,189,149,87,62
19725,C4920,27,508,District-Gadchiroli,Rural,50-59,2144,1272,872,490,268,222,320,183,137,149,87,62,622,421,201,34,22,12,67,33,34,343,183,160,119,75,44
19726,C4920,27,508,District-Gadchiroli,Rural,60-69,2310,1157,1153,661,260,401,372,193,179,112,54,58,671,405,266,21,4,17,47,22,25,268,137,131,158,82,76
19727,C4920,27,508,District-Gadchiroli,Rural,70-79,1425,714,711,450,199,251,244,120,124,42,20,22,375,225,150,11,2,9,21,12,9,139,75,64,143,61,82
19728,C4920,27,508,District-Gadchiroli,Rural,80-89,407,202,205,125,58,67,70,35,35,10,6,4,100,51,49,5,4,1,11,6,5,33,14,19,53,28,25
19729,C4920,27,508,District-Gadchiroli,Rural,90+,117,57,60,39,23,16,18,13,5,7,4,3,26,9,17,0,0,0,3,1,2,5,1,4,19,6,13
19730,C4920,27,508,District-Gadchiroli,Rural,Age Not Stated,116,58,58,20,8,12,24,12,12,10,4,6,8,3,5,3,2,1,1,1,0,41,24,17,9,4,5
19731,C4920,27,508,District-Gadchiroli,Urban,Total,2284,1305,979,296,158,138,289,170,119,186,89,97,725,468,257,171,85,86,68,30,38,368,205,163,181,100,81
19732,C4920,27,508,District-Gadchiroli,Urban,0-4,69,34,35,7,2,5,5,3,2,3,2,1,11,6,5,5,2,3,2,1,1,26,12,14,10,6,4
19733,C4920,27,508,District-Gadchiroli,Urban,5-9,126,67,59,12,8,4,17,10,7,21,7,14,21,12,9,18,12,6,2,0,2,19,10,9,16,8,8
19734,C4920,27,508,District-Gadchiroli,Urban,10-19,399,193,206,59,31,28,44,17,27,43,16,27,80,50,30,63,31,32,6,2,4,68,32,36,36,14,22
19735,C4920,27,508,District-Gadchiroli,Urban,20-29,351,218,133,41,26,15,35,26,9,35,15,20,94,63,31,30,16,14,10,7,3,67,43,24,39,22,17
19736,C4920,27,508,District-Gadchiroli,Urban,30-39,398,216,182,53,25,28,57,33,24,26,17,9,132,84,48,31,10,21,20,6,14,55,27,28,24,14,10
19737,C4920,27,508,District-Gadchiroli,Urban,40-49,334,213,121,39,23,16,43,28,15,28,14,14,123,85,38,13,7,6,11,8,3,63,39,24,14,9,5
19738,C4920,27,508,District-Gadchiroli,Urban,50-59,228,153,75,25,12,13,32,22,10,9,7,2,99,70,29,8,7,1,8,4,4,34,21,13,13,10,3
19739,C4920,27,508,District-Gadchiroli,Urban,60-69,190,111,79,26,17,9,25,14,11,13,7,6,83,50,33,2,0,2,5,2,3,26,14,12,10,7,3
19740,C4920,27,508,District-Gadchiroli,Urban,70-79,131,72,59,20,8,12,15,8,7,4,1,3,68,41,27,0,0,0,2,0,2,8,5,3,14,9,5
19741,C4920,27,508,District-Gadchiroli,Urban,80-89,38,15,23,9,2,7,13,7,6,0,0,0,12,6,6,1,0,1,1,0,1,0,0,0,2,0,2
19742,C4920,27,508,District-Gadchiroli,Urban,90+,12,7,5,4,3,1,2,1,1,0,0,0,2,1,1,0,0,0,0,0,0,1,1,0,3,1,2
19743,C4920,27,508,District-Gadchiroli,Urban,Age Not Stated,8,6,2,1,1,0,1,1,0,4,3,1,0,0,0,0,0,0,1,0,1,1,1,0,0,0,0
19744,C4920,27,509,District-Chandrapur,Total,Total,78403,43718,34685,19855,10538,9317,13755,7537,6218,9321,5129,4192,13156,8475,4681,3898,2141,1757,1676,880,796,12701,6737,5964,4041,2281,1760
19745,C4920,27,509,District-Chandrapur,Total,0-4,3661,1973,1688,1059,566,493,726,396,330,114,65,49,299,177,122,157,90,67,19,9,10,1095,560,535,192,110,82
19746,C4920,27,509,District-Chandrapur,Total,5-9,4886,2628,2258,1270,658,612,855,453,402,629,336,293,455,275,180,386,214,172,40,21,19,870,448,422,381,223,158
19747,C4920,27,509,District-Chandrapur,Total,10-19,12427,6680,5747,3344,1747,1597,2237,1170,1067,1447,772,675,1284,839,445,1197,641,556,126,73,53,2003,1002,1001,789,436,353
19748,C4920,27,509,District-Chandrapur,Total,20-29,12354,6878,5476,2829,1575,1254,2019,1081,938,1688,887,801,2068,1332,736,790,427,363,272,142,130,2097,1085,1012,591,349,242
19749,C4920,27,509,District-Chandrapur,Total,30-39,11955,6945,5010,2611,1514,1097,1980,1136,844,1753,959,794,2163,1447,716,585,321,264,411,220,191,2024,1105,919,428,243,185
19750,C4920,27,509,District-Chandrapur,Total,40-49,10698,6411,4287,2465,1479,986,1897,1121,776,1558,872,686,1951,1338,613,396,224,172,376,207,169,1737,974,763,318,196,122
19751,C4920,27,509,District-Chandrapur,Total,50-59,7822,4726,3096,1816,1005,811,1393,852,541,1053,623,430,1676,1158,518,191,108,83,206,111,95,1225,704,521,262,165,97
19752,C4920,27,509,District-Chandrapur,Total,60-69,7561,3877,3684,2225,956,1269,1248,616,632,657,368,289,1842,1122,720,122,70,52,138,57,81,921,470,451,408,218,190
19753,C4920,27,509,District-Chandrapur,Total,70-79,4815,2460,2355,1548,710,838,979,495,484,282,167,115,1027,586,441,42,26,16,59,28,31,454,240,214,424,208,216
19754,C4920,27,509,District-Chandrapur,Total,80-89,1383,699,684,450,213,237,263,138,125,59,28,31,291,148,143,9,4,5,12,4,8,128,67,61,171,97,74
19755,C4920,27,509,District-Chandrapur,Total,90+,387,180,207,110,47,63,90,40,50,22,13,9,63,29,34,6,4,2,4,0,4,32,20,12,60,27,33
19756,C4920,27,509,District-Chandrapur,Total,Age Not Stated,454,261,193,128,68,60,68,39,29,59,39,20,37,24,13,17,12,5,13,8,5,115,62,53,17,9,8
19757,C4920,27,509,District-Chandrapur,Rural,Total,52738,29113,23625,14128,7362,6766,8563,4650,3913,5464,3066,2398,9548,6068,3480,2435,1296,1139,1230,642,588,8373,4381,3992,2997,1648,1349
19758,C4920,27,509,District-Chandrapur,Rural,0-4,2440,1300,1140,737,382,355,440,240,200,57,33,24,230,137,93,91,53,38,12,6,6,728,369,359,145,80,65
19759,C4920,27,509,District-Chandrapur,Rural,5-9,3353,1816,1537,924,489,435,534,296,238,392,211,181,333,198,135,262,142,120,24,15,9,606,300,306,278,165,113
19760,C4920,27,509,District-Chandrapur,Rural,10-19,8228,4382,3846,2343,1217,1126,1318,683,635,855,461,394,901,582,319,794,414,380,92,52,40,1350,663,687,575,310,265
19761,C4920,27,509,District-Chandrapur,Rural,20-29,7701,4306,3395,1778,976,802,1181,643,538,964,525,439,1414,905,509,453,229,224,195,101,94,1297,681,616,419,246,173
19762,C4920,27,509,District-Chandrapur,Rural,30-39,7559,4427,3132,1742,1013,729,1139,657,482,997,561,436,1469,998,471,351,182,169,310,163,147,1253,686,567,298,167,131
19763,C4920,27,509,District-Chandrapur,Rural,40-49,6864,4076,2788,1672,983,689,1087,624,463,898,515,383,1387,935,452,239,136,103,277,153,124,1085,598,487,219,132,87
19764,C4920,27,509,District-Chandrapur,Rural,50-59,5236,3073,2163,1286,701,585,863,489,374,602,357,245,1250,840,410,112,63,49,141,78,63,792,437,355,190,108,82
19765,C4920,27,509,District-Chandrapur,Rural,60-69,5759,2873,2886,1767,738,1029,925,457,468,440,248,192,1419,835,584,79,45,34,112,41,71,704,351,353,313,158,155
19766,C4920,27,509,District-Chandrapur,Rural,70-79,3916,1997,1919,1326,608,718,771,397,374,178,109,69,842,476,366,35,21,14,45,22,23,366,193,173,353,171,182
19767,C4920,27,509,District-Chandrapur,Rural,80-89,1070,539,531,366,166,200,194,105,89,33,15,18,221,119,102,7,2,5,10,4,6,89,44,45,150,84,66
19768,C4920,27,509,District-Chandrapur,Rural,90+,279,134,145,86,38,48,61,29,32,11,5,6,48,21,27,3,3,0,2,0,2,21,15,6,47,23,24
19769,C4920,27,509,District-Chandrapur,Rural,Age Not Stated,333,190,143,101,51,50,50,30,20,37,26,11,34,22,12,9,6,3,10,7,3,82,44,38,10,4,6
19770,C4920,27,509,District-Chandrapur,Urban,Total,25665,14605,11060,5727,3176,2551,5192,2887,2305,3857,2063,1794,3608,2407,1201,1463,845,618,446,238,208,4328,2356,1972,1044,633,411
19771,C4920,27,509,District-Chandrapur,Urban,0-4,1221,673,548,322,184,138,286,156,130,57,32,25,69,40,29,66,37,29,7,3,4,367,191,176,47,30,17
19772,C4920,27,509,District-Chandrapur,Urban,5-9,1533,812,721,346,169,177,321,157,164,237,125,112,122,77,45,124,72,52,16,6,10,264,148,116,103,58,45
19773,C4920,27,509,District-Chandrapur,Urban,10-19,4199,2298,1901,1001,530,471,919,487,432,592,311,281,383,257,126,403,227,176,34,21,13,653,339,314,214,126,88
19774,C4920,27,509,District-Chandrapur,Urban,20-29,4653,2572,2081,1051,599,452,838,438,400,724,362,362,654,427,227,337,198,139,77,41,36,800,404,396,172,103,69
19775,C4920,27,509,District-Chandrapur,Urban,30-39,4396,2518,1878,869,501,368,841,479,362,756,398,358,694,449,245,234,139,95,101,57,44,771,419,352,130,76,54
19776,C4920,27,509,District-Chandrapur,Urban,40-49,3834,2335,1499,793,496,297,810,497,313,660,357,303,564,403,161,157,88,69,99,54,45,652,376,276,99,64,35
19777,C4920,27,509,District-Chandrapur,Urban,50-59,2586,1653,933,530,304,226,530,363,167,451,266,185,426,318,108,79,45,34,65,33,32,433,267,166,72,57,15
19778,C4920,27,509,District-Chandrapur,Urban,60-69,1802,1004,798,458,218,240,323,159,164,217,120,97,423,287,136,43,25,18,26,16,10,217,119,98,95,60,35
19779,C4920,27,509,District-Chandrapur,Urban,70-79,899,463,436,222,102,120,208,98,110,104,58,46,185,110,75,7,5,2,14,6,8,88,47,41,71,37,34
19780,C4920,27,509,District-Chandrapur,Urban,80-89,313,160,153,84,47,37,69,33,36,26,13,13,70,29,41,2,2,0,2,0,2,39,23,16,21,13,8
19781,C4920,27,509,District-Chandrapur,Urban,90+,108,46,62,24,9,15,29,11,18,11,8,3,15,8,7,3,1,2,2,0,2,11,5,6,13,4,9
19782,C4920,27,509,District-Chandrapur,Urban,Age Not Stated,121,71,50,27,17,10,18,9,9,22,13,9,3,2,1,8,6,2,3,1,2,33,18,15,7,5,2
19783,C4920,27,510,District-Yavatmal,Total,Total,67438,39184,28254,12557,6814,5743,8950,5115,3835,6316,3562,2754,18211,11919,6292,3811,2046,1765,1950,1079,871,10604,5766,4838,5039,2883,2156
19784,C4920,27,510,District-Yavatmal,Total,0-4,2592,1451,1141,438,235,203,314,156,158,96,63,33,480,289,191,119,66,53,12,6,6,896,484,412,237,152,85
19785,C4920,27,510,District-Yavatmal,Total,5-9,4477,2489,1988,808,431,377,445,257,188,589,336,253,751,443,308,435,247,188,44,29,15,856,444,412,549,302,247
19786,C4920,27,510,District-Yavatmal,Total,10-19,12069,6907,5162,2075,1157,918,1477,832,645,1362,766,596,2381,1498,883,1393,758,635,182,105,77,1977,1074,903,1222,717,505
19787,C4920,27,510,District-Yavatmal,Total,20-29,10365,6231,4134,1431,878,553,1168,713,455,1137,638,499,3156,2060,1096,731,389,342,351,194,157,1672,939,733,719,420,299
19788,C4920,27,510,District-Yavatmal,Total,30-39,9373,5765,3608,1233,742,491,1165,728,437,1043,598,445,2946,1998,948,483,246,237,474,273,201,1518,873,645,511,307,204
19789,C4920,27,510,District-Yavatmal,Total,40-49,8011,5058,2953,1183,759,424,1049,641,408,829,453,376,2519,1822,697,339,184,155,431,250,181,1237,680,557,424,269,155
19790,C4920,27,510,District-Yavatmal,Total,50-59,6151,3836,2315,1199,698,501,797,476,321,541,318,223,2089,1490,599,157,86,71,220,126,94,876,472,404,272,170,102
19791,C4920,27,510,District-Yavatmal,Total,60-69,7109,3768,3341,1917,882,1035,1105,576,529,390,219,171,2233,1382,851,91,34,57,155,62,93,858,421,437,360,192,168
19792,C4920,27,510,District-Yavatmal,Total,70-79,4984,2534,2450,1546,686,860,957,498,459,207,99,108,1222,713,509,36,18,18,62,26,36,479,253,226,475,241,234
19793,C4920,27,510,District-Yavatmal,Total,80-89,1597,802,795,551,263,288,342,172,170,48,29,19,326,178,148,10,8,2,13,5,8,121,63,58,186,84,102
19794,C4920,27,510,District-Yavatmal,Total,90+,444,205,239,140,65,75,79,39,40,13,8,5,82,37,45,6,5,1,2,1,1,44,24,20,78,26,52
19795,C4920,27,510,District-Yavatmal,Total,Age Not Stated,266,138,128,36,18,18,52,27,25,61,35,26,26,9,17,11,5,6,4,2,2,70,39,31,6,3,3
19796,C4920,27,510,District-Yavatmal,Rural,Total,55444,31993,23451,10650,5690,4960,7150,4055,3095,5319,2992,2327,14859,9693,5166,2980,1594,1386,1606,888,718,8666,4695,3971,4214,2386,1828
19797,C4920,27,510,District-Yavatmal,Rural,0-4,2180,1215,965,376,202,174,253,122,131,81,52,29,402,245,157,96,54,42,8,4,4,757,403,354,207,133,74
19798,C4920,27,510,District-Yavatmal,Rural,5-9,3816,2127,1689,699,375,324,352,207,145,510,293,217,647,369,278,378,215,163,36,25,11,742,391,351,452,252,200
19799,C4920,27,510,District-Yavatmal,Rural,10-19,10103,5768,4335,1777,986,791,1211,676,535,1177,660,517,2013,1267,746,1119,613,506,146,79,67,1653,893,760,1007,594,413
19800,C4920,27,510,District-Yavatmal,Rural,20-29,8251,4957,3294,1152,699,453,893,551,342,941,528,413,2538,1662,876,526,275,251,293,165,128,1328,742,586,580,335,245
19801,C4920,27,510,District-Yavatmal,Rural,30-39,7354,4527,2827,944,584,360,876,545,331,867,496,371,2325,1585,740,363,178,185,397,224,173,1178,678,500,404,237,167
19802,C4920,27,510,District-Yavatmal,Rural,40-49,6396,4024,2372,923,587,336,781,473,308,693,378,315,2043,1471,572,259,140,119,354,210,144,989,545,444,354,220,134
19803,C4920,27,510,District-Yavatmal,Rural,50-59,4924,3018,1906,991,563,428,622,363,259,440,258,182,1657,1170,487,116,62,54,172,102,70,702,364,338,224,136,88
19804,C4920,27,510,District-Yavatmal,Rural,60-69,6054,3169,2885,1698,761,937,935,482,453,332,186,146,1859,1138,721,73,30,43,132,51,81,707,355,352,318,166,152
19805,C4920,27,510,District-Yavatmal,Rural,70-79,4365,2185,2180,1421,617,804,822,425,397,177,81,96,1020,598,422,28,13,15,53,21,32,407,214,193,437,216,221
19806,C4920,27,510,District-Yavatmal,Rural,80-89,1385,701,684,509,236,273,290,152,138,38,24,14,265,151,114,7,5,2,10,5,5,108,57,51,158,71,87
19807,C4920,27,510,District-Yavatmal,Rural,90+,385,184,201,127,63,64,69,36,33,10,7,3,68,29,39,6,5,1,1,0,1,37,21,16,67,23,44
19808,C4920,27,510,District-Yavatmal,Rural,Age Not Stated,231,118,113,33,17,16,46,23,23,53,29,24,22,8,14,9,4,5,4,2,2,58,32,26,6,3,3
19809,C4920,27,510,District-Yavatmal,Urban,Total,11994,7191,4803,1907,1124,783,1800,1060,740,997,570,427,3352,2226,1126,831,452,379,344,191,153,1938,1071,867,825,497,328
19810,C4920,27,510,District-Yavatmal,Urban,0-4,412,236,176,62,33,29,61,34,27,15,11,4,78,44,34,23,12,11,4,2,2,139,81,58,30,19,11
19811,C4920,27,510,District-Yavatmal,Urban,5-9,661,362,299,109,56,53,93,50,43,79,43,36,104,74,30,57,32,25,8,4,4,114,53,61,97,50,47
19812,C4920,27,510,District-Yavatmal,Urban,10-19,1966,1139,827,298,171,127,266,156,110,185,106,79,368,231,137,274,145,129,36,26,10,324,181,143,215,123,92
19813,C4920,27,510,District-Yavatmal,Urban,20-29,2114,1274,840,279,179,100,275,162,113,196,110,86,618,398,220,205,114,91,58,29,29,344,197,147,139,85,54
19814,C4920,27,510,District-Yavatmal,Urban,30-39,2019,1238,781,289,158,131,289,183,106,176,102,74,621,413,208,120,68,52,77,49,28,340,195,145,107,70,37
19815,C4920,27,510,District-Yavatmal,Urban,40-49,1615,1034,581,260,172,88,268,168,100,136,75,61,476,351,125,80,44,36,77,40,37,248,135,113,70,49,21
19816,C4920,27,510,District-Yavatmal,Urban,50-59,1227,818,409,208,135,73,175,113,62,101,60,41,432,320,112,41,24,17,48,24,24,174,108,66,48,34,14
19817,C4920,27,510,District-Yavatmal,Urban,60-69,1055,599,456,219,121,98,170,94,76,58,33,25,374,244,130,18,4,14,23,11,12,151,66,85,42,26,16
19818,C4920,27,510,District-Yavatmal,Urban,70-79,619,349,270,125,69,56,135,73,62,30,18,12,202,115,87,8,5,3,9,5,4,72,39,33,38,25,13
19819,C4920,27,510,District-Yavatmal,Urban,80-89,212,101,111,42,27,15,52,20,32,10,5,5,61,27,34,3,3,0,3,0,3,13,6,7,28,13,15
19820,C4920,27,510,District-Yavatmal,Urban,90+,59,21,38,13,2,11,10,3,7,3,1,2,14,8,6,0,0,0,1,1,0,7,3,4,11,3,8
19821,C4920,27,510,District-Yavatmal,Urban,Age Not Stated,35,20,15,3,1,2,6,4,2,8,6,2,4,1,3,2,1,1,0,0,0,12,7,5,0,0,0
19822,C4920,27,511,District-Nanded,Total,Total,92293,52689,39604,16628,8848,7780,14031,7908,6123,14149,7883,6266,18543,12020,6523,4734,2636,2098,1307,708,599,17414,9513,7901,5487,3173,2314
19823,C4920,27,511,District-Nanded,Total,0-4,5201,2786,2415,988,508,480,876,480,396,207,103,104,685,393,292,208,111,97,12,4,8,1902,995,907,323,192,131
19824,C4920,27,511,District-Nanded,Total,5-9,8037,4420,3617,1518,782,736,1169,621,548,1309,709,600,1137,699,438,620,348,272,49,30,19,1545,832,713,690,399,291
19825,C4920,27,511,District-Nanded,Total,10-19,18783,10817,7966,3554,1967,1587,2804,1574,1230,2919,1697,1222,2994,1853,1141,1652,957,695,198,99,99,3197,1813,1384,1465,857,608
19826,C4920,27,511,District-Nanded,Total,20-29,15478,8949,6529,2253,1281,972,2179,1237,942,2536,1396,1140,3477,2276,1201,973,531,442,254,141,113,2933,1581,1352,873,506,367
19827,C4920,27,511,District-Nanded,Total,30-39,13112,7830,5282,1900,1108,792,1905,1128,777,2397,1309,1088,3014,2095,919,567,310,257,298,169,129,2525,1402,1123,506,309,197
19828,C4920,27,511,District-Nanded,Total,40-49,9782,6003,3779,1428,830,598,1473,905,568,1872,1078,794,2195,1559,636,308,178,130,210,124,86,1936,1096,840,360,233,127
19829,C4920,27,511,District-Nanded,Total,50-59,6922,4115,2807,1214,689,525,1006,576,430,1206,693,513,1650,1126,524,185,92,93,118,64,54,1252,690,562,291,185,106
19830,C4920,27,511,District-Nanded,Total,60-69,8074,4300,3774,1858,854,1004,1323,704,619,1045,550,495,1972,1212,760,133,65,68,109,56,53,1243,646,597,391,213,178
19831,C4920,27,511,District-Nanded,Total,70-79,4269,2265,2004,1164,529,635,801,434,367,397,220,177,983,604,379,48,21,27,36,11,25,526,279,247,314,167,147
19832,C4920,27,511,District-Nanded,Total,80-89,1634,749,885,525,213,312,333,163,170,115,56,59,296,142,154,15,8,7,11,6,5,179,93,86,160,68,92
19833,C4920,27,511,District-Nanded,Total,90+,585,217,368,167,57,110,116,53,63,41,17,24,101,36,65,7,6,1,7,1,6,55,16,39,91,31,60
19834,C4920,27,511,District-Nanded,Total,Age Not Stated,416,238,178,59,30,29,46,33,13,105,55,50,39,25,14,18,9,9,5,3,2,121,70,51,23,13,10
19835,C4920,27,511,District-Nanded,Rural,Total,67809,38563,29246,12567,6696,5871,9950,5644,4306,10699,5900,4799,13782,8894,4888,3404,1848,1556,942,496,446,12326,6729,5597,4139,2356,1783
19836,C4920,27,511,District-Nanded,Rural,0-4,3875,2068,1807,758,391,367,619,346,273,148,76,72,533,301,232,148,79,69,6,2,4,1414,732,682,249,141,108
19837,C4920,27,511,District-Nanded,Rural,5-9,5896,3222,2674,1124,592,532,793,423,370,989,524,465,852,514,338,471,261,210,36,20,16,1115,590,525,516,298,218
19838,C4920,27,511,District-Nanded,Rural,10-19,13787,7881,5906,2693,1503,1190,1950,1097,853,2235,1290,945,2195,1340,855,1208,673,535,141,67,74,2273,1289,984,1092,622,470
19839,C4920,27,511,District-Nanded,Rural,20-29,11040,6417,4623,1614,940,674,1521,880,641,1881,1023,858,2553,1669,884,664,359,305,193,105,88,1985,1077,908,629,364,265
19840,C4920,27,511,District-Nanded,Rural,30-39,9400,5614,3786,1340,782,558,1307,776,531,1804,981,823,2199,1535,664,403,215,188,221,123,98,1758,979,779,368,223,145
19841,C4920,27,511,District-Nanded,Rural,40-49,7030,4320,2710,1045,601,444,996,612,384,1418,817,601,1624,1144,480,217,119,98,141,83,58,1317,769,548,272,175,97
19842,C4920,27,511,District-Nanded,Rural,50-59,4963,2935,2028,871,495,376,713,410,303,876,484,392,1199,820,379,134,66,68,84,44,40,863,471,392,223,145,78
19843,C4920,27,511,District-Nanded,Rural,60-69,6361,3356,3005,1539,708,831,1024,556,468,834,432,402,1535,932,603,99,46,53,78,38,40,946,482,464,306,162,144
19844,C4920,27,511,District-Nanded,Rural,70-79,3367,1800,1567,970,442,528,642,347,295,296,167,129,750,471,279,30,13,17,28,7,21,402,219,183,249,134,115
19845,C4920,27,511,District-Nanded,Rural,80-89,1325,619,706,435,176,259,263,133,130,100,51,49,238,123,115,12,6,6,5,4,1,132,66,66,140,60,80
19846,C4920,27,511,District-Nanded,Rural,90+,484,174,310,146,51,95,93,42,51,35,13,22,76,28,48,5,4,1,6,1,5,42,10,32,81,25,56
19847,C4920,27,511,District-Nanded,Rural,Age Not Stated,281,157,124,32,15,17,29,22,7,83,42,41,28,17,11,13,7,6,3,2,1,79,45,34,14,7,7
19848,C4920,27,511,District-Nanded,Urban,Total,24484,14126,10358,4061,2152,1909,4081,2264,1817,3450,1983,1467,4761,3126,1635,1330,788,542,365,212,153,5088,2784,2304,1348,817,531
19849,C4920,27,511,District-Nanded,Urban,0-4,1326,718,608,230,117,113,257,134,123,59,27,32,152,92,60,60,32,28,6,2,4,488,263,225,74,51,23
19850,C4920,27,511,District-Nanded,Urban,5-9,2141,1198,943,394,190,204,376,198,178,320,185,135,285,185,100,149,87,62,13,10,3,430,242,188,174,101,73
19851,C4920,27,511,District-Nanded,Urban,10-19,4996,2936,2060,861,464,397,854,477,377,684,407,277,799,513,286,444,284,160,57,32,25,924,524,400,373,235,138
19852,C4920,27,511,District-Nanded,Urban,20-29,4438,2532,1906,639,341,298,658,357,301,655,373,282,924,607,317,309,172,137,61,36,25,948,504,444,244,142,102
19853,C4920,27,511,District-Nanded,Urban,30-39,3712,2216,1496,560,326,234,598,352,246,593,328,265,815,560,255,164,95,69,77,46,31,767,423,344,138,86,52
19854,C4920,27,511,District-Nanded,Urban,40-49,2752,1683,1069,383,229,154,477,293,184,454,261,193,571,415,156,91,59,32,69,41,28,619,327,292,88,58,30
19855,C4920,27,511,District-Nanded,Urban,50-59,1959,1180,779,343,194,149,293,166,127,330,209,121,451,306,145,51,26,25,34,20,14,389,219,170,68,40,28
19856,C4920,27,511,District-Nanded,Urban,60-69,1713,944,769,319,146,173,299,148,151,211,118,93,437,280,157,34,19,15,31,18,13,297,164,133,85,51,34
19857,C4920,27,511,District-Nanded,Urban,70-79,902,465,437,194,87,107,159,87,72,101,53,48,233,133,100,18,8,10,8,4,4,124,60,64,65,33,32
19858,C4920,27,511,District-Nanded,Urban,80-89,309,130,179,90,37,53,70,30,40,15,5,10,58,19,39,3,2,1,6,2,4,47,27,20,20,8,12
19859,C4920,27,511,District-Nanded,Urban,90+,101,43,58,21,6,15,23,11,12,6,4,2,25,8,17,2,2,0,1,0,1,13,6,7,10,6,4
19860,C4920,27,511,District-Nanded,Urban,Age Not Stated,135,81,54,27,15,12,17,11,6,22,13,9,11,8,3,5,2,3,2,1,1,42,25,17,9,6,3
19861,C4920,27,512,District-Hingoli,Total,Total,30579,18166,12413,5455,3031,2424,3342,1978,1364,4038,2268,1770,8707,5819,2888,1791,1044,747,582,304,278,4439,2412,2027,2225,1310,915
19862,C4920,27,512,District-Hingoli,Total,0-4,1413,791,622,247,139,108,139,81,58,60,33,27,282,157,125,71,44,27,6,4,2,468,250,218,140,83,57
19863,C4920,27,512,District-Hingoli,Total,5-9,2657,1503,1154,531,290,241,234,115,119,389,218,171,528,319,209,273,176,97,20,13,7,381,203,178,301,169,132
19864,C4920,27,512,District-Hingoli,Total,10-19,5935,3512,2423,1024,581,443,650,406,244,891,498,393,1291,828,463,648,385,263,79,32,47,777,424,353,575,358,217
19865,C4920,27,512,District-Hingoli,Total,20-29,4561,2755,1806,563,338,225,426,260,166,688,391,297,1441,982,459,316,167,149,100,50,50,686,382,304,341,185,156
19866,C4920,27,512,District-Hingoli,Total,30-39,4072,2546,1526,493,307,186,365,236,129,688,366,322,1432,1020,412,213,110,103,146,80,66,534,297,237,201,130,71
19867,C4920,27,512,District-Hingoli,Total,40-49,3311,2156,1155,453,286,167,354,224,130,527,289,238,1103,836,267,132,83,49,97,55,42,484,287,197,161,96,65
19868,C4920,27,512,District-Hingoli,Total,50-59,2568,1597,971,482,279,203,312,188,124,343,215,128,833,584,249,66,37,29,57,32,25,362,193,169,113,69,44
19869,C4920,27,512,District-Hingoli,Total,60-69,3105,1754,1351,741,381,360,406,218,188,283,164,119,1010,639,371,38,26,12,50,25,25,419,202,217,158,99,59
19870,C4920,27,512,District-Hingoli,Total,70-79,1962,1071,891,609,289,320,314,189,125,106,58,48,540,316,224,20,10,10,21,9,12,227,126,101,125,74,51
19871,C4920,27,512,District-Hingoli,Total,80-89,709,347,362,217,99,118,109,49,60,30,20,10,187,105,82,7,3,4,6,4,2,76,36,40,77,31,46
19872,C4920,27,512,District-Hingoli,Total,90+,231,104,127,86,36,50,31,11,20,7,3,4,57,31,26,2,1,1,0,0,0,16,7,9,32,15,17
19873,C4920,27,512,District-Hingoli,Total,Age Not Stated,55,30,25,9,6,3,2,1,1,26,13,13,3,2,1,5,2,3,0,0,0,9,5,4,1,1,0
19874,C4920,27,512,District-Hingoli,Rural,Total,26380,15618,10762,4875,2707,2168,2887,1715,1172,3535,1977,1558,7320,4919,2401,1556,896,660,508,265,243,3765,2020,1745,1934,1119,815
19875,C4920,27,512,District-Hingoli,Rural,0-4,1261,699,562,228,128,100,122,72,50,54,32,22,254,140,114,62,39,23,6,4,2,410,211,199,125,73,52
19876,C4920,27,512,District-Hingoli,Rural,5-9,2347,1334,1013,499,272,227,212,105,107,346,200,146,433,271,162,242,155,87,18,11,7,333,175,158,264,145,119
19877,C4920,27,512,District-Hingoli,Rural,10-19,5142,3018,2124,915,519,396,580,359,221,782,425,357,1080,701,379,575,335,240,69,27,42,660,361,299,481,291,190
19878,C4920,27,512,District-Hingoli,Rural,20-29,3877,2349,1528,508,304,204,357,225,132,590,339,251,1205,827,378,265,137,128,88,43,45,572,318,254,292,156,136
19879,C4920,27,512,District-Hingoli,Rural,30-39,3493,2183,1310,409,257,152,316,201,115,616,327,289,1212,869,343,178,94,84,130,70,60,459,253,206,173,112,61
19880,C4920,27,512,District-Hingoli,Rural,40-49,2743,1789,954,394,250,144,301,194,107,441,236,205,879,675,204,113,71,42,84,47,37,384,230,154,147,86,61
19881,C4920,27,512,District-Hingoli,Rural,50-59,2191,1345,846,417,243,174,264,156,108,309,191,118,704,488,216,58,31,27,46,29,17,298,151,147,95,56,39
19882,C4920,27,512,District-Hingoli,Rural,60-69,2721,1534,1187,668,346,322,343,182,161,258,146,112,876,557,319,33,22,11,42,21,21,359,171,188,142,89,53
19883,C4920,27,512,District-Hingoli,Rural,70-79,1730,932,798,559,260,299,270,166,104,93,51,42,459,264,195,17,7,10,20,9,11,200,110,90,112,65,47
19884,C4920,27,512,District-Hingoli,Rural,80-89,630,317,313,193,90,103,95,43,52,27,19,8,164,98,66,7,3,4,5,4,1,67,29,38,72,31,41
19885,C4920,27,512,District-Hingoli,Rural,90+,208,95,113,79,34,45,25,11,14,6,3,3,52,27,25,1,0,1,0,0,0,15,6,9,30,14,16
19886,C4920,27,512,District-Hingoli,Rural,Age Not Stated,37,23,14,6,4,2,2,1,1,13,8,5,2,2,0,5,2,3,0,0,0,8,5,3,1,1,0
19887,C4920,27,512,District-Hingoli,Urban,Total,4199,2548,1651,580,324,256,455,263,192,503,291,212,1387,900,487,235,148,87,74,39,35,674,392,282,291,191,100
19888,C4920,27,512,District-Hingoli,Urban,0-4,152,92,60,19,11,8,17,9,8,6,1,5,28,17,11,9,5,4,0,0,0,58,39,19,15,10,5
19889,C4920,27,512,District-Hingoli,Urban,5-9,310,169,141,32,18,14,22,10,12,43,18,25,95,48,47,31,21,10,2,2,0,48,28,20,37,24,13
19890,C4920,27,512,District-Hingoli,Urban,10-19,793,494,299,109,62,47,70,47,23,109,73,36,211,127,84,73,50,23,10,5,5,117,63,54,94,67,27
19891,C4920,27,512,District-Hingoli,Urban,20-29,684,406,278,55,34,21,69,35,34,98,52,46,236,155,81,51,30,21,12,7,5,114,64,50,49,29,20
19892,C4920,27,512,District-Hingoli,Urban,30-39,579,363,216,84,50,34,49,35,14,72,39,33,220,151,69,35,16,19,16,10,6,75,44,31,28,18,10
19893,C4920,27,512,District-Hingoli,Urban,40-49,568,367,201,59,36,23,53,30,23,86,53,33,224,161,63,19,12,7,13,8,5,100,57,43,14,10,4
19894,C4920,27,512,District-Hingoli,Urban,50-59,377,252,125,65,36,29,48,32,16,34,24,10,129,96,33,8,6,2,11,3,8,64,42,22,18,13,5
19895,C4920,27,512,District-Hingoli,Urban,60-69,384,220,164,73,35,38,63,36,27,25,18,7,134,82,52,5,4,1,8,4,4,60,31,29,16,10,6
19896,C4920,27,512,District-Hingoli,Urban,70-79,232,139,93,50,29,21,44,23,21,13,7,6,81,52,29,3,3,0,1,0,1,27,16,11,13,9,4
19897,C4920,27,512,District-Hingoli,Urban,80-89,79,30,49,24,9,15,14,6,8,3,1,2,23,7,16,0,0,0,1,0,1,9,7,2,5,0,5
19898,C4920,27,512,District-Hingoli,Urban,90+,23,9,14,7,2,5,6,0,6,1,0,1,5,4,1,1,1,0,0,0,0,1,1,0,2,1,1
19899,C4920,27,512,District-Hingoli,Urban,Age Not Stated,18,7,11,3,2,1,0,0,0,13,5,8,1,0,1,0,0,0,0,0,0,1,0,1,0,0,0
19900,C4920,27,513,District-Parbhani,Total,Total,62298,35516,26782,13635,7319,6316,9574,5379,4195,10278,5608,4670,12130,7976,4154,2791,1523,1268,819,474,345,9849,5355,4494,3222,1882,1340
19901,C4920,27,513,District-Parbhani,Total,0-4,3732,2015,1717,944,498,446,636,324,312,136,86,50,448,262,186,131,73,58,12,6,6,1229,647,582,196,119,77
19902,C4920,27,513,District-Parbhani,Total,5-9,5485,3001,2484,1373,723,650,830,437,393,967,516,451,690,424,266,344,192,152,25,13,12,835,449,386,421,247,174
19903,C4920,27,513,District-Parbhani,Total,10-19,11974,6776,5198,2575,1387,1188,1823,1026,797,2074,1131,943,1756,1092,664,989,549,440,116,67,49,1811,1020,791,830,504,326
19904,C4920,27,513,District-Parbhani,Total,20-29,9824,5671,4153,1796,991,805,1456,834,622,1776,938,838,2012,1346,666,536,298,238,156,93,63,1609,889,720,483,282,201
19905,C4920,27,513,District-Parbhani,Total,30-39,8470,5020,3450,1426,798,628,1254,742,512,1692,934,758,1968,1367,601,331,168,163,174,113,61,1313,713,600,312,185,127
19906,C4920,27,513,District-Parbhani,Total,40-49,6840,4162,2678,1310,750,560,1038,614,424,1394,776,618,1497,1086,411,197,115,82,147,95,52,1052,591,461,205,135,70
19907,C4920,27,513,District-Parbhani,Total,50-59,4982,2999,1983,1095,634,461,775,466,309,888,502,386,1166,805,361,108,55,53,74,43,31,715,404,311,161,90,71
19908,C4920,27,513,District-Parbhani,Total,60-69,5863,3204,2659,1578,793,785,913,504,409,787,413,374,1466,931,535,85,43,42,80,34,46,700,339,361,254,147,107
19909,C4920,27,513,District-Parbhani,Total,70-79,3174,1711,1463,967,482,485,517,261,256,330,187,143,761,463,298,38,18,20,22,6,16,345,185,160,194,109,85
19910,C4920,27,513,District-Parbhani,Total,80-89,1065,500,565,353,155,198,179,83,96,82,43,39,255,143,112,8,3,5,5,1,4,81,33,48,102,39,63
19911,C4920,27,513,District-Parbhani,Total,90+,438,199,239,117,50,67,81,41,40,52,31,21,72,35,37,6,1,5,6,1,5,52,21,31,52,19,33
19912,C4920,27,513,District-Parbhani,Total,Age Not Stated,451,258,193,101,58,43,72,47,25,100,51,49,39,22,17,18,8,10,2,2,0,107,64,43,12,6,6
19913,C4920,27,513,District-Parbhani,Rural,Total,41596,23880,17716,9516,5126,4390,5702,3253,2449,6480,3566,2914,8725,5726,2999,1851,1009,842,536,313,223,6437,3520,2917,2349,1367,982
19914,C4920,27,513,District-Parbhani,Rural,0-4,2489,1340,1149,645,334,311,368,183,185,80,47,33,337,191,146,90,53,37,7,4,3,817,439,378,145,89,56
19915,C4920,27,513,District-Parbhani,Rural,5-9,3832,2140,1692,994,540,454,506,270,236,640,347,293,528,325,203,242,140,102,19,11,8,557,304,253,346,203,143
19916,C4920,27,513,District-Parbhani,Rural,10-19,8138,4675,3463,1797,983,814,1108,648,460,1343,751,592,1279,796,483,719,391,328,70,44,26,1206,687,519,616,375,241
19917,C4920,27,513,District-Parbhani,Rural,20-29,6249,3687,2562,1136,629,507,793,491,302,1129,607,522,1410,955,455,310,172,138,106,64,42,1037,575,462,328,194,134
19918,C4920,27,513,District-Parbhani,Rural,30-39,5383,3190,2193,942,518,424,682,398,284,1021,576,445,1385,956,429,199,102,97,104,63,41,840,449,391,210,128,82
19919,C4920,27,513,District-Parbhani,Rural,40-49,4423,2686,1737,888,511,377,602,351,251,848,465,383,1044,745,299,125,72,53,101,67,34,663,381,282,152,94,58
19920,C4920,27,513,District-Parbhani,Rural,50-59,3212,1910,1302,741,422,319,449,266,183,541,297,244,812,549,263,69,36,33,52,31,21,441,252,189,107,57,50
19921,C4920,27,513,District-Parbhani,Rural,60-69,4145,2289,1856,1195,605,590,595,341,254,509,268,241,1075,692,383,54,26,28,56,25,31,483,233,250,178,99,79
19922,C4920,27,513,District-Parbhani,Rural,70-79,2375,1300,1075,747,384,363,386,199,187,229,129,100,590,366,224,25,11,14,12,2,10,247,132,115,139,77,62
19923,C4920,27,513,District-Parbhani,Rural,80-89,799,370,429,285,123,162,130,59,71,59,31,28,184,106,78,3,1,2,3,0,3,52,20,32,83,30,53
19924,C4920,27,513,District-Parbhani,Rural,90+,317,145,172,88,38,50,58,27,31,33,22,11,55,28,27,5,1,4,5,1,4,36,13,23,37,15,22
19925,C4920,27,513,District-Parbhani,Rural,Age Not Stated,234,148,86,58,39,19,25,20,5,48,26,22,26,17,9,10,4,6,1,1,0,58,35,23,8,6,2
19926,C4920,27,513,District-Parbhani,Urban,Total,20702,11636,9066,4119,2193,1926,3872,2126,1746,3798,2042,1756,3405,2250,1155,940,514,426,283,161,122,3412,1835,1577,873,515,358
19927,C4920,27,513,District-Parbhani,Urban,0-4,1243,675,568,299,164,135,268,141,127,56,39,17,111,71,40,41,20,21,5,2,3,412,208,204,51,30,21
19928,C4920,27,513,District-Parbhani,Urban,5-9,1653,861,792,379,183,196,324,167,157,327,169,158,162,99,63,102,52,50,6,2,4,278,145,133,75,44,31
19929,C4920,27,513,District-Parbhani,Urban,10-19,3836,2101,1735,778,404,374,715,378,337,731,380,351,477,296,181,270,158,112,46,23,23,605,333,272,214,129,85
19930,C4920,27,513,District-Parbhani,Urban,20-29,3575,1984,1591,660,362,298,663,343,320,647,331,316,602,391,211,226,126,100,50,29,21,572,314,258,155,88,67
19931,C4920,27,513,District-Parbhani,Urban,30-39,3087,1830,1257,484,280,204,572,344,228,671,358,313,583,411,172,132,66,66,70,50,20,473,264,209,102,57,45
19932,C4920,27,513,District-Parbhani,Urban,40-49,2417,1476,941,422,239,183,436,263,173,546,311,235,453,341,112,72,43,29,46,28,18,389,210,179,53,41,12
19933,C4920,27,513,District-Parbhani,Urban,50-59,1770,1089,681,354,212,142,326,200,126,347,205,142,354,256,98,39,19,20,22,12,10,274,152,122,54,33,21
19934,C4920,27,513,District-Parbhani,Urban,60-69,1718,915,803,383,188,195,318,163,155,278,145,133,391,239,152,31,17,14,24,9,15,217,106,111,76,48,28
19935,C4920,27,513,District-Parbhani,Urban,70-79,799,411,388,220,98,122,131,62,69,101,58,43,171,97,74,13,7,6,10,4,6,98,53,45,55,32,23
19936,C4920,27,513,District-Parbhani,Urban,80-89,266,130,136,68,32,36,49,24,25,23,12,11,71,37,34,5,2,3,2,1,1,29,13,16,19,9,10
19937,C4920,27,513,District-Parbhani,Urban,90+,121,54,67,29,12,17,23,14,9,19,9,10,17,7,10,1,0,1,1,0,1,16,8,8,15,4,11
19938,C4920,27,513,District-Parbhani,Urban,Age Not Stated,217,110,107,43,19,24,47,27,20,52,25,27,13,5,8,8,4,4,1,1,0,49,29,20,4,0,4
19939,C4920,27,514,District-Jalna,Total,Total,66721,37680,29041,10043,5380,4663,7754,4421,3333,16651,8956,7695,12565,8271,4294,2861,1579,1282,950,523,427,12441,6549,5892,3456,2001,1455
19940,C4920,27,514,District-Jalna,Total,0-4,3734,2055,1679,498,274,224,389,211,178,244,126,118,383,241,142,127,72,55,12,4,8,1895,1018,877,186,109,77
19941,C4920,27,514,District-Jalna,Total,5-9,5119,2832,2287,718,386,332,499,286,213,1418,759,659,661,396,265,378,216,162,36,16,20,1016,538,478,393,235,158
19942,C4920,27,514,District-Jalna,Total,10-19,11435,6534,4901,1527,870,657,1253,727,526,2982,1635,1347,1626,1047,579,1019,575,444,128,71,57,2163,1172,991,737,437,300
19943,C4920,27,514,District-Jalna,Total,20-29,10478,6117,4361,1182,677,505,1041,628,413,2995,1613,1382,2214,1487,727,545,296,249,163,91,72,1839,1013,826,499,312,187
19944,C4920,27,514,District-Jalna,Total,30-39,9507,5584,3923,958,574,384,997,591,406,2982,1618,1364,2097,1472,625,302,160,142,201,112,89,1637,859,778,333,198,135
19945,C4920,27,514,District-Jalna,Total,40-49,7427,4427,3000,999,599,400,841,528,313,2200,1181,1019,1528,1100,428,221,130,91,166,96,70,1214,636,578,258,157,101
19946,C4920,27,514,District-Jalna,Total,50-59,5449,3179,2270,896,534,362,648,384,264,1432,766,666,1183,815,368,115,66,49,104,69,35,889,431,458,182,114,68
19947,C4920,27,514,District-Jalna,Total,60-69,6565,3407,3158,1414,648,766,921,475,446,1343,684,659,1500,914,586,83,32,51,80,36,44,925,441,484,299,177,122
19948,C4920,27,514,District-Jalna,Total,70-79,4169,2152,2017,1205,539,666,736,373,363,565,316,249,893,534,359,43,21,22,34,16,18,423,217,206,270,136,134
19949,C4920,27,514,District-Jalna,Total,80-89,1462,668,794,394,163,231,275,124,151,165,88,77,289,154,135,13,4,9,9,1,8,142,65,77,175,69,106
19950,C4920,27,514,District-Jalna,Total,90+,606,278,328,163,66,97,81,42,39,96,44,52,100,50,50,6,2,4,3,2,1,59,30,29,98,42,56
19951,C4920,27,514,District-Jalna,Total,Age Not Stated,770,447,323,89,50,39,73,52,21,229,126,103,91,61,30,9,5,4,14,9,5,239,129,110,26,15,11
19952,C4920,27,514,District-Jalna,Rural,Total,53994,30461,23533,7998,4253,3745,5968,3390,2578,13477,7278,6199,10437,6877,3560,2286,1232,1054,762,412,350,10200,5349,4851,2866,1670,1196
19953,C4920,27,514,District-Jalna,Rural,0-4,2966,1646,1320,371,205,166,273,158,115,194,106,88,321,203,118,99,52,47,12,4,8,1538,824,714,158,94,64
19954,C4920,27,514,District-Jalna,Rural,5-9,4175,2322,1853,550,295,255,385,219,166,1161,626,535,573,348,225,331,190,141,24,10,14,834,445,389,317,189,128
19955,C4920,27,514,District-Jalna,Rural,10-19,9142,5251,3891,1132,647,485,955,548,407,2410,1323,1087,1352,886,466,831,464,367,93,51,42,1780,976,804,589,356,233
19956,C4920,27,514,District-Jalna,Rural,20-29,8240,4839,3401,851,499,352,738,450,288,2359,1282,1077,1838,1235,603,425,220,205,136,73,63,1484,817,667,409,263,146
19957,C4920,27,514,District-Jalna,Rural,30-39,7497,4443,3054,719,431,288,740,439,301,2371,1316,1055,1698,1199,499,223,113,110,160,87,73,1317,693,624,269,165,104
19958,C4920,27,514,District-Jalna,Rural,40-49,5862,3477,2385,778,465,313,617,389,228,1755,938,817,1238,891,347,159,91,68,136,80,56,982,502,480,197,121,76
19959,C4920,27,514,District-Jalna,Rural,50-59,4383,2526,1857,717,425,292,483,287,196,1195,623,572,942,643,299,94,54,40,85,55,30,722,347,375,145,92,53
19960,C4920,27,514,District-Jalna,Rural,60-69,5599,2857,2742,1237,560,677,763,389,374,1134,570,564,1274,767,507,68,24,44,71,32,39,793,361,432,259,154,105
19961,C4920,27,514,District-Jalna,Rural,70-79,3677,1911,1766,1078,487,591,642,328,314,496,278,218,778,471,307,37,17,20,29,14,15,367,193,174,250,123,127
19962,C4920,27,514,District-Jalna,Rural,80-89,1334,614,720,357,146,211,251,112,139,144,81,63,264,143,121,8,2,6,8,1,7,135,63,72,167,66,101
19963,C4920,27,514,District-Jalna,Rural,90+,553,253,300,154,62,92,72,37,35,88,42,46,92,46,46,6,2,4,2,1,1,53,28,25,86,35,51
19964,C4920,27,514,District-Jalna,Rural,Age Not Stated,566,322,244,54,31,23,49,34,15,170,93,77,67,45,22,5,3,2,6,4,2,195,100,95,20,12,8
19965,C4920,27,514,District-Jalna,Urban,Total,12727,7219,5508,2045,1127,918,1786,1031,755,3174,1678,1496,2128,1394,734,575,347,228,188,111,77,2241,1200,1041,590,331,259
19966,C4920,27,514,District-Jalna,Urban,0-4,768,409,359,127,69,58,116,53,63,50,20,30,62,38,24,28,20,8,0,0,0,357,194,163,28,15,13
19967,C4920,27,514,District-Jalna,Urban,5-9,944,510,434,168,91,77,114,67,47,257,133,124,88,48,40,47,26,21,12,6,6,182,93,89,76,46,30
19968,C4920,27,514,District-Jalna,Urban,10-19,2293,1283,1010,395,223,172,298,179,119,572,312,260,274,161,113,188,111,77,35,20,15,383,196,187,148,81,67
19969,C4920,27,514,District-Jalna,Urban,20-29,2238,1278,960,331,178,153,303,178,125,636,331,305,376,252,124,120,76,44,27,18,9,355,196,159,90,49,41
19970,C4920,27,514,District-Jalna,Urban,30-39,2010,1141,869,239,143,96,257,152,105,611,302,309,399,273,126,79,47,32,41,25,16,320,166,154,64,33,31
19971,C4920,27,514,District-Jalna,Urban,40-49,1565,950,615,221,134,87,224,139,85,445,243,202,290,209,81,62,39,23,30,16,14,232,134,98,61,36,25
19972,C4920,27,514,District-Jalna,Urban,50-59,1066,653,413,179,109,70,165,97,68,237,143,94,241,172,69,21,12,9,19,14,5,167,84,83,37,22,15
19973,C4920,27,514,District-Jalna,Urban,60-69,966,550,416,177,88,89,158,86,72,209,114,95,226,147,79,15,8,7,9,4,5,132,80,52,40,23,17
19974,C4920,27,514,District-Jalna,Urban,70-79,492,241,251,127,52,75,94,45,49,69,38,31,115,63,52,6,4,2,5,2,3,56,24,32,20,13,7
19975,C4920,27,514,District-Jalna,Urban,80-89,128,54,74,37,17,20,24,12,12,21,7,14,25,11,14,5,2,3,1,0,1,7,2,5,8,3,5
19976,C4920,27,514,District-Jalna,Urban,90+,53,25,28,9,4,5,9,5,4,8,2,6,8,4,4,0,0,0,1,1,0,6,2,4,12,7,5
19977,C4920,27,514,District-Jalna,Urban,Age Not Stated,204,125,79,35,19,16,24,18,6,59,33,26,24,16,8,4,2,2,8,5,3,44,29,15,6,3,3
19978,C4920,27,515,District-Aurangabad,Total,Total,99199,56869,42330,30953,16688,14265,13623,7601,6022,7548,4398,3150,18618,12171,6447,5882,3407,2475,1557,923,634,15079,8301,6778,5939,3380,2559
19979,C4920,27,515,District-Aurangabad,Total,0-4,6491,3545,2946,2613,1400,1213,905,481,424,106,56,50,601,362,239,306,176,130,26,13,13,1594,859,735,340,198,142
19980,C4920,27,515,District-Aurangabad,Total,5-9,8447,4750,3697,2869,1602,1267,1058,588,470,861,475,386,925,541,384,754,437,317,57,26,31,1228,695,533,695,386,309
19981,C4920,27,515,District-Aurangabad,Total,10-19,18342,10620,7722,5753,3174,2579,2358,1327,1031,1707,1029,678,2450,1565,885,1897,1143,754,189,104,85,2593,1417,1176,1395,861,534
19982,C4920,27,515,District-Aurangabad,Total,20-29,17018,9694,7324,4997,2666,2331,2129,1196,933,1459,809,650,3424,2237,1187,1204,666,538,282,172,110,2578,1401,1177,945,547,398
19983,C4920,27,515,District-Aurangabad,Total,30-39,14244,8458,5786,4059,2227,1832,1864,1101,763,1170,698,472,3242,2176,1066,746,436,310,336,225,111,2283,1295,988,544,300,244
19984,C4920,27,515,District-Aurangabad,Total,40-49,10976,6813,4163,3182,1832,1350,1498,909,589,862,518,344,2411,1782,629,476,282,194,307,181,126,1810,1037,773,430,272,158
19985,C4920,27,515,District-Aurangabad,Total,50-59,7619,4698,2921,2266,1310,956,1096,647,449,551,341,210,1886,1339,547,209,125,84,151,102,49,1130,630,500,330,204,126
19986,C4920,27,515,District-Aurangabad,Total,60-69,7765,4106,3659,2436,1155,1281,1224,612,612,483,270,213,1931,1205,726,168,78,90,132,63,69,974,501,473,417,222,195
19987,C4920,27,515,District-Aurangabad,Total,70-79,5058,2612,2446,1692,805,887,903,456,447,238,137,101,1211,703,508,71,44,27,50,24,26,462,236,226,431,207,224
19988,C4920,27,515,District-Aurangabad,Total,80-89,1765,802,963,568,249,319,347,156,191,63,34,29,374,192,182,25,8,17,22,10,12,141,62,79,225,91,134
19989,C4920,27,515,District-Aurangabad,Total,90+,827,358,469,269,111,158,167,80,87,23,16,7,136,51,85,12,5,7,2,1,1,68,32,36,150,62,88
19990,C4920,27,515,District-Aurangabad,Total,Age Not Stated,647,413,234,249,157,92,74,48,26,25,15,10,27,18,9,14,7,7,3,2,1,218,136,82,37,30,7
19991,C4920,27,515,District-Aurangabad,Rural,Total,52722,30396,22326,15344,8245,7099,6710,3764,2946,4269,2492,1777,11581,7599,3982,3052,1743,1309,936,532,404,7132,3936,3196,3698,2085,1613
19992,C4920,27,515,District-Aurangabad,Rural,0-4,3242,1820,1422,1193,654,539,414,229,185,66,36,30,400,248,152,136,86,50,12,2,10,818,450,368,203,115,88
19993,C4920,27,515,District-Aurangabad,Rural,5-9,4462,2509,1953,1382,759,623,467,260,207,545,304,241,579,338,241,403,226,177,34,12,22,615,364,251,437,246,191
19994,C4920,27,515,District-Aurangabad,Rural,10-19,9806,5818,3988,2814,1567,1247,1132,681,451,1017,638,379,1543,983,560,1133,679,454,112,61,51,1240,704,536,815,505,310
19995,C4920,27,515,District-Aurangabad,Rural,20-29,8266,4913,3353,2190,1223,967,908,545,363,748,416,332,2061,1380,681,553,308,245,159,97,62,1114,630,484,533,314,219
19996,C4920,27,515,District-Aurangabad,Rural,30-39,6830,4108,2722,1682,942,740,786,467,319,615,357,258,1898,1298,600,372,202,170,203,134,69,966,533,433,308,175,133
19997,C4920,27,515,District-Aurangabad,Rural,40-49,5449,3375,2074,1415,808,607,670,395,275,449,261,188,1453,1077,376,219,122,97,183,102,81,803,443,360,257,167,90
19998,C4920,27,515,District-Aurangabad,Rural,50-59,4018,2447,1571,1121,630,491,546,307,239,303,187,116,1125,805,320,94,54,40,94,59,35,532,278,254,203,127,76
19999,C4920,27,515,District-Aurangabad,Rural,60-69,4849,2484,2365,1564,720,844,747,363,384,304,167,137,1265,771,494,89,36,53,85,39,46,516,252,264,279,136,143
20000,C4920,27,515,District-Aurangabad,Rural,70-79,3505,1794,1711,1216,567,649,617,308,309,154,90,64,852,494,358,29,20,9,35,17,18,269,138,131,333,160,173
20001,C4920,27,515,District-Aurangabad,Rural,80-89,1284,590,694,424,195,229,256,117,139,38,17,21,280,146,134,10,3,7,17,8,9,77,34,43,182,70,112
20002,C4920,27,515,District-Aurangabad,Rural,90+,588,259,329,182,75,107,119,58,61,12,7,5,102,43,59,6,4,2,1,0,1,39,19,20,127,53,74
20003,C4920,27,515,District-Aurangabad,Rural,Age Not Stated,423,279,144,161,105,56,48,34,14,18,12,6,23,16,7,8,3,5,1,1,0,143,91,52,21,17,4
20004,C4920,27,515,District-Aurangabad,Urban,Total,46477,26473,20004,15609,8443,7166,6913,3837,3076,3279,1906,1373,7037,4572,2465,2830,1664,1166,621,391,230,7947,4365,3582,2241,1295,946
20005,C4920,27,515,District-Aurangabad,Urban,0-4,3249,1725,1524,1420,746,674,491,252,239,40,20,20,201,114,87,170,90,80,14,11,3,776,409,367,137,83,54
20006,C4920,27,515,District-Aurangabad,Urban,5-9,3985,2241,1744,1487,843,644,591,328,263,316,171,145,346,203,143,351,211,140,23,14,9,613,331,282,258,140,118
20007,C4920,27,515,District-Aurangabad,Urban,10-19,8536,4802,3734,2939,1607,1332,1226,646,580,690,391,299,907,582,325,764,464,300,77,43,34,1353,713,640,580,356,224
20008,C4920,27,515,District-Aurangabad,Urban,20-29,8752,4781,3971,2807,1443,1364,1221,651,570,711,393,318,1363,857,506,651,358,293,123,75,48,1464,771,693,412,233,179
20009,C4920,27,515,District-Aurangabad,Urban,30-39,7414,4350,3064,2377,1285,1092,1078,634,444,555,341,214,1344,878,466,374,234,140,133,91,42,1317,762,555,236,125,111
20010,C4920,27,515,District-Aurangabad,Urban,40-49,5527,3438,2089,1767,1024,743,828,514,314,413,257,156,958,705,253,257,160,97,124,79,45,1007,594,413,173,105,68
20011,C4920,27,515,District-Aurangabad,Urban,50-59,3601,2251,1350,1145,680,465,550,340,210,248,154,94,761,534,227,115,71,44,57,43,14,598,352,246,127,77,50
20012,C4920,27,515,District-Aurangabad,Urban,60-69,2916,1622,1294,872,435,437,477,249,228,179,103,76,666,434,232,79,42,37,47,24,23,458,249,209,138,86,52
20013,C4920,27,515,District-Aurangabad,Urban,70-79,1553,818,735,476,238,238,286,148,138,84,47,37,359,209,150,42,24,18,15,7,8,193,98,95,98,47,51
20014,C4920,27,515,District-Aurangabad,Urban,80-89,481,212,269,144,54,90,91,39,52,25,17,8,94,46,48,15,5,10,5,2,3,64,28,36,43,21,22
20015,C4920,27,515,District-Aurangabad,Urban,90+,239,99,140,87,36,51,48,22,26,11,9,2,34,8,26,6,1,5,1,1,0,29,13,16,23,9,14
20016,C4920,27,515,District-Aurangabad,Urban,Age Not Stated,224,134,90,88,52,36,26,14,12,7,3,4,4,2,2,6,4,2,2,1,1,75,45,30,16,13,3
20017,C4920,27,516,District-Nashik,Total,Total,115668,66921,48747,20014,10840,9174,17691,9980,7711,12269,6816,5453,28828,18834,9994,7100,3971,3129,2482,1445,1037,19695,10707,8988,7589,4328,3261
20018,C4920,27,516,District-Nashik,Total,0-4,5316,2964,2352,979,551,428,823,449,374,171,91,80,722,422,300,291,169,122,27,15,12,1921,1021,900,382,246,136
20019,C4920,27,516,District-Nashik,Total,5-9,8076,4571,3505,1349,712,637,1182,665,517,1050,594,456,1106,692,414,822,473,349,86,52,34,1715,920,795,766,463,303
20020,C4920,27,516,District-Nashik,Total,10-19,20129,11461,8668,3281,1822,1459,2882,1666,1216,2331,1285,1046,3394,2081,1313,2330,1316,1014,312,188,124,3924,2129,1795,1675,974,701
20021,C4920,27,516,District-Nashik,Total,20-29,19732,11481,8251,2746,1565,1181,2595,1453,1142,2351,1277,1074,5445,3482,1963,1628,898,730,405,258,147,3384,1870,1514,1178,678,500
20022,C4920,27,516,District-Nashik,Total,30-39,17347,10513,6834,2324,1358,966,2343,1426,917,2118,1159,959,5323,3575,1748,989,559,430,552,317,235,2829,1591,1238,869,528,341
20023,C4920,27,516,District-Nashik,Total,40-49,13876,8680,5196,2227,1350,877,2017,1252,765,1708,988,720,4057,2888,1169,551,301,250,526,311,215,2171,1210,961,619,380,239
20024,C4920,27,516,District-Nashik,Total,50-59,10574,6528,4046,1978,1095,883,1613,972,641,1207,702,505,3207,2321,886,241,138,103,282,155,127,1570,867,703,476,278,198
20025,C4920,27,516,District-Nashik,Total,60-69,10534,5599,4935,2550,1165,1385,1883,928,955,796,423,373,3161,1998,1163,156,77,79,182,93,89,1199,591,608,607,324,283
20026,C4920,27,516,District-Nashik,Total,70-79,6880,3577,3303,1806,859,947,1556,769,787,366,211,155,1737,1032,705,54,23,31,83,47,36,644,328,316,634,308,326
20027,C4920,27,516,District-Nashik,Total,80-89,2162,1035,1127,528,246,282,568,284,284,90,45,45,506,258,248,17,5,12,16,4,12,165,83,82,272,110,162
20028,C4920,27,516,District-Nashik,Total,90+,599,262,337,158,72,86,137,58,79,31,18,13,111,49,62,5,1,4,6,3,3,61,34,27,90,27,63
20029,C4920,27,516,District-Nashik,Total,Age Not Stated,443,250,193,88,45,43,92,58,34,50,23,27,59,36,23,16,11,5,5,2,3,112,63,49,21,12,9
20030,C4920,27,516,District-Nashik,Rural,Total,70122,40088,30034,13807,7316,6491,10986,6063,4923,6648,3681,2967,17101,11241,5860,4078,2248,1830,1228,692,536,11475,6135,5340,4799,2712,2087
20031,C4920,27,516,District-Nashik,Rural,0-4,3369,1874,1495,713,397,316,524,282,242,89,41,48,444,259,185,173,94,79,4,3,1,1173,636,537,249,162,87
20032,C4920,27,516,District-Nashik,Rural,5-9,5183,2879,2304,1001,508,493,741,412,329,616,344,272,688,428,260,535,298,237,32,19,13,1103,592,511,467,278,189
20033,C4920,27,516,District-Nashik,Rural,10-19,12692,7224,5468,2284,1259,1025,1809,1040,769,1350,753,597,1999,1230,769,1460,839,621,120,75,45,2642,1425,1217,1028,603,425
20034,C4920,27,516,District-Nashik,Rural,20-29,10967,6379,4588,1720,979,741,1420,771,649,1232,674,558,3114,2030,1084,848,453,395,186,117,69,1759,957,802,688,398,290
20035,C4920,27,516,District-Nashik,Rural,30-39,9712,5906,3806,1470,860,610,1351,806,545,1048,575,473,3154,2158,996,485,272,213,274,147,127,1443,783,660,487,305,182
20036,C4920,27,516,District-Nashik,Rural,40-49,7776,4824,2952,1392,836,556,1181,713,468,854,482,372,2302,1644,658,286,151,135,285,157,128,1128,622,506,348,219,129
20037,C4920,27,516,District-Nashik,Rural,50-59,6207,3717,2490,1307,702,605,999,579,420,669,381,288,1816,1302,514,136,73,63,148,81,67,842,440,402,290,159,131
20038,C4920,27,516,District-Nashik,Rural,60-69,7079,3645,3434,1895,826,1069,1339,640,699,472,250,222,1985,1255,730,100,48,52,114,59,55,731,341,390,443,226,217
20039,C4920,27,516,District-Nashik,Rural,70-79,4921,2549,2372,1422,663,759,1100,548,552,218,128,90,1145,699,446,33,14,19,51,29,22,431,219,212,521,249,272
20040,C4920,27,516,District-Nashik,Rural,80-89,1489,724,765,412,191,221,355,185,170,53,28,25,342,182,160,10,0,10,8,2,6,108,56,52,201,80,121
20041,C4920,27,516,District-Nashik,Rural,90+,409,187,222,118,58,60,90,39,51,26,15,11,71,29,42,2,0,2,2,1,1,36,20,16,64,25,39
20042,C4920,27,516,District-Nashik,Rural,Age Not Stated,318,180,138,73,37,36,77,48,29,21,10,11,41,25,16,10,6,4,4,2,2,79,44,35,13,8,5
20043,C4920,27,516,District-Nashik,Urban,Total,45546,26833,18713,6207,3524,2683,6705,3917,2788,5621,3135,2486,11727,7593,4134,3022,1723,1299,1254,753,501,8220,4572,3648,2790,1616,1174
20044,C4920,27,516,District-Nashik,Urban,0-4,1947,1090,857,266,154,112,299,167,132,82,50,32,278,163,115,118,75,43,23,12,11,748,385,363,133,84,49
20045,C4920,27,516,District-Nashik,Urban,5-9,2893,1692,1201,348,204,144,441,253,188,434,250,184,418,264,154,287,175,112,54,33,21,612,328,284,299,185,114
20046,C4920,27,516,District-Nashik,Urban,10-19,7437,4237,3200,997,563,434,1073,626,447,981,532,449,1395,851,544,870,477,393,192,113,79,1282,704,578,647,371,276
20047,C4920,27,516,District-Nashik,Urban,20-29,8765,5102,3663,1026,586,440,1175,682,493,1119,603,516,2331,1452,879,780,445,335,219,141,78,1625,913,712,490,280,210
20048,C4920,27,516,District-Nashik,Urban,30-39,7635,4607,3028,854,498,356,992,620,372,1070,584,486,2169,1417,752,504,287,217,278,170,108,1386,808,578,382,223,159
20049,C4920,27,516,District-Nashik,Urban,40-49,6100,3856,2244,835,514,321,836,539,297,854,506,348,1755,1244,511,265,150,115,241,154,87,1043,588,455,271,161,110
20050,C4920,27,516,District-Nashik,Urban,50-59,4367,2811,1556,671,393,278,614,393,221,538,321,217,1391,1019,372,105,65,40,134,74,60,728,427,301,186,119,67
20051,C4920,27,516,District-Nashik,Urban,60-69,3455,1954,1501,655,339,316,544,288,256,324,173,151,1176,743,433,56,29,27,68,34,34,468,250,218,164,98,66
20052,C4920,27,516,District-Nashik,Urban,70-79,1959,1028,931,384,196,188,456,221,235,148,83,65,592,333,259,21,9,12,32,18,14,213,109,104,113,59,54
20053,C4920,27,516,District-Nashik,Urban,80-89,673,311,362,116,55,61,213,99,114,37,17,20,164,76,88,7,5,2,8,2,6,57,27,30,71,30,41
20054,C4920,27,516,District-Nashik,Urban,90+,190,75,115,40,14,26,47,19,28,5,3,2,40,20,20,3,1,2,4,2,2,25,14,11,26,2,24
20055,C4920,27,516,District-Nashik,Urban,Age Not Stated,125,70,55,15,8,7,15,10,5,29,13,16,18,11,7,6,5,1,1,0,1,33,19,14,8,4,4
20056,C4920,27,517,District-Thane,Total,Total,251757,142840,108917,34361,19126,15235,42378,23591,18787,63634,35633,28001,29852,19140,10712,11368,6571,4797,5140,2698,2442,54755,30272,24483,10269,5809,4460
20057,C4920,27,517,District-Thane,Total,0-4,13669,7222,6447,2208,1160,1048,2575,1294,1281,736,408,328,670,386,284,486,266,220,83,44,39,6404,3375,3029,507,289,218
20058,C4920,27,517,District-Thane,Total,5-9,17486,9419,8067,2547,1361,1186,3194,1622,1572,4070,2201,1869,1092,638,454,1134,681,453,188,96,92,4142,2205,1937,1119,615,504
20059,C4920,27,517,District-Thane,Total,10-19,38792,21413,17379,5281,2864,2417,6761,3615,3146,8880,4855,4025,3090,1876,1214,3228,1853,1375,536,349,187,8500,4595,3905,2516,1406,1110
20060,C4920,27,517,District-Thane,Total,20-29,47724,26932,20792,6491,3683,2808,7680,4295,3385,12653,6888,5765,5410,3393,2017,2611,1539,1072,866,465,401,10216,5629,4587,1797,1040,757
20061,C4920,27,517,District-Thane,Total,30-39,44313,25816,18497,5433,3141,2292,7120,4172,2948,13020,7387,5633,5503,3615,1888,1713,978,735,1102,612,490,9152,5197,3955,1270,714,556
20062,C4920,27,517,District-Thane,Total,40-49,35343,20877,14466,4558,2662,1896,5560,3319,2241,10670,6096,4574,4563,3132,1431,1087,624,463,1044,520,524,6887,3935,2952,974,589,385
20063,C4920,27,517,District-Thane,Total,50-59,24909,15056,9853,3343,1930,1413,3944,2383,1561,7028,4128,2900,3981,2784,1197,584,358,226,696,324,372,4628,2719,1909,705,430,275
20064,C4920,27,517,District-Thane,Total,60-69,16134,9246,6888,2550,1367,1183,2851,1558,1293,3651,2084,1567,3201,2057,1144,271,153,118,383,180,203,2570,1469,1101,657,378,279
20065,C4920,27,517,District-Thane,Total,70-79,7598,4011,3587,1207,601,606,1565,799,766,1435,791,644,1633,942,691,111,51,60,156,68,88,1072,542,530,419,217,202
20066,C4920,27,517,District-Thane,Total,80-89,2442,1124,1318,377,173,204,595,280,315,425,221,204,456,187,269,41,17,24,40,22,18,331,154,177,177,70,107
20067,C4920,27,517,District-Thane,Total,90+,1051,482,569,143,61,82,195,82,113,255,135,120,134,55,79,29,14,15,21,7,14,206,100,106,68,28,40
20068,C4920,27,517,District-Thane,Total,Age Not Stated,2296,1242,1054,223,123,100,338,172,166,811,439,372,119,75,44,73,37,36,25,11,14,647,352,295,60,33,27
20069,C4920,27,517,District-Thane,Rural,Total,45652,25719,19933,8125,4307,3818,8024,4304,3720,4564,2537,2027,9630,6158,3472,2819,1618,1201,1349,721,628,8120,4410,3710,3021,1664,1357
20070,C4920,27,517,District-Thane,Rural,0-4,2445,1306,1139,517,266,251,459,209,250,54,29,25,254,141,113,114,66,48,22,15,7,856,483,373,169,97,72
20071,C4920,27,517,District-Thane,Rural,5-9,3852,2099,1753,737,394,343,722,372,350,399,224,175,426,244,182,350,199,151,34,15,19,838,448,390,346,203,143
20072,C4920,27,517,District-Thane,Rural,10-19,8074,4444,3630,1377,734,643,1387,772,615,829,452,377,1043,613,430,895,495,400,108,72,36,1607,856,751,828,450,378
20073,C4920,27,517,District-Thane,Rural,20-29,7936,4508,3428,1264,697,567,1181,664,517,919,512,407,1871,1137,734,592,338,254,251,136,115,1415,778,637,443,246,197
20074,C4920,27,517,District-Thane,Rural,30-39,6819,4048,2771,1029,574,455,1062,618,444,854,473,381,1755,1187,568,397,233,164,298,164,134,1111,617,494,313,182,131
20075,C4920,27,517,District-Thane,Rural,40-49,5610,3431,2179,919,545,374,926,547,379,687,380,307,1402,996,406,241,152,89,285,153,132,920,511,409,230,147,83
20076,C4920,27,517,District-Thane,Rural,50-59,4270,2532,1738,814,434,380,761,413,348,423,250,173,1153,814,339,142,92,50,188,90,98,596,328,268,193,111,82
20077,C4920,27,517,District-Thane,Rural,60-69,3659,1921,1738,796,367,429,805,377,428,246,136,110,1014,631,383,44,23,21,104,51,53,430,231,199,220,105,115
20078,C4920,27,517,District-Thane,Rural,70-79,1977,950,1027,444,194,250,485,223,262,102,56,46,522,296,226,20,7,13,37,15,22,190,81,109,177,78,99
20079,C4920,27,517,District-Thane,Rural,80-89,587,266,321,144,60,84,152,73,79,27,15,12,123,59,64,3,2,1,9,3,6,56,23,33,73,31,42
20080,C4920,27,517,District-Thane,Rural,90+,185,79,106,46,16,30,41,15,26,10,4,6,34,14,20,3,3,0,6,4,2,24,13,11,21,10,11
20081,C4920,27,517,District-Thane,Rural,Age Not Stated,238,135,103,38,26,12,43,21,22,14,6,8,33,26,7,18,8,10,7,3,4,77,41,36,8,4,4
20082,C4920,27,517,District-Thane,Urban,Total,206105,117121,88984,26236,14819,11417,34354,19287,15067,59070,33096,25974,20222,12982,7240,8549,4953,3596,3791,1977,1814,46635,25862,20773,7248,4145,3103
20083,C4920,27,517,District-Thane,Urban,0-4,11224,5916,5308,1691,894,797,2116,1085,1031,682,379,303,416,245,171,372,200,172,61,29,32,5548,2892,2656,338,192,146
20084,C4920,27,517,District-Thane,Urban,5-9,13634,7320,6314,1810,967,843,2472,1250,1222,3671,1977,1694,666,394,272,784,482,302,154,81,73,3304,1757,1547,773,412,361
20085,C4920,27,517,District-Thane,Urban,10-19,30718,16969,13749,3904,2130,1774,5374,2843,2531,8051,4403,3648,2047,1263,784,2333,1358,975,428,277,151,6893,3739,3154,1688,956,732
20086,C4920,27,517,District-Thane,Urban,20-29,39788,22424,17364,5227,2986,2241,6499,3631,2868,11734,6376,5358,3539,2256,1283,2019,1201,818,615,329,286,8801,4851,3950,1354,794,560
20087,C4920,27,517,District-Thane,Urban,30-39,37494,21768,15726,4404,2567,1837,6058,3554,2504,12166,6914,5252,3748,2428,1320,1316,745,571,804,448,356,8041,4580,3461,957,532,425
20088,C4920,27,517,District-Thane,Urban,40-49,29733,17446,12287,3639,2117,1522,4634,2772,1862,9983,5716,4267,3161,2136,1025,846,472,374,759,367,392,5967,3424,2543,744,442,302
20089,C4920,27,517,District-Thane,Urban,50-59,20639,12524,8115,2529,1496,1033,3183,1970,1213,6605,3878,2727,2828,1970,858,442,266,176,508,234,274,4032,2391,1641,512,319,193
20090,C4920,27,517,District-Thane,Urban,60-69,12475,7325,5150,1754,1000,754,2046,1181,865,3405,1948,1457,2187,1426,761,227,130,97,279,129,150,2140,1238,902,437,273,164
20091,C4920,27,517,District-Thane,Urban,70-79,5621,3061,2560,763,407,356,1080,576,504,1333,735,598,1111,646,465,91,44,47,119,53,66,882,461,421,242,139,103
20092,C4920,27,517,District-Thane,Urban,80-89,1855,858,997,233,113,120,443,207,236,398,206,192,333,128,205,38,15,23,31,19,12,275,131,144,104,39,65
20093,C4920,27,517,District-Thane,Urban,90+,866,403,463,97,45,52,154,67,87,245,131,114,100,41,59,26,11,15,15,3,12,182,87,95,47,18,29
20094,C4920,27,517,District-Thane,Urban,Age Not Stated,2058,1107,951,185,97,88,295,151,144,797,433,364,86,49,37,55,29,26,18,8,10,570,311,259,52,29,23
20095,C4920,27,518,District-Mumbai Suburban,Total,Total,242343,138652,103691,61269,34558,26711,57586,32253,25333,34992,19808,15184,23117,14731,8386,10460,6200,4260,3741,2102,1639,42271,23796,18475,8907,5204,3703
20096,C4920,27,518,District-Mumbai Suburban,Total,0-4,12443,6664,5779,3821,2073,1748,3331,1715,1616,342,183,159,385,214,171,418,245,173,84,46,38,3671,1958,1713,391,230,161
20097,C4920,27,518,District-Mumbai Suburban,Total,5-9,15536,8288,7248,4186,2221,1965,3955,2078,1877,2029,1058,971,648,381,267,825,475,350,174,104,70,2906,1512,1394,813,459,354
20098,C4920,27,518,District-Mumbai Suburban,Total,10-19,37754,20971,16783,9943,5479,4464,9204,4876,4328,4606,2514,2092,2117,1320,797,2785,1676,1109,523,293,230,6682,3723,2959,1894,1090,804
20099,C4920,27,518,District-Mumbai Suburban,Total,20-29,47159,27750,19409,12404,7275,5129,11358,6602,4756,6780,3868,2912,3753,2406,1347,2531,1528,1003,680,422,258,7968,4622,3346,1685,1027,658
20100,C4920,27,518,District-Mumbai Suburban,Total,30-39,40659,23818,16841,9870,5690,4180,9517,5542,3975,6552,3790,2762,4064,2610,1454,1721,1043,678,702,418,284,7025,4004,3021,1208,721,487
20101,C4920,27,518,District-Mumbai Suburban,Total,40-49,33620,19839,13781,8230,4780,3450,7896,4603,3293,5756,3343,2413,3632,2451,1181,1032,602,430,604,325,279,5617,3221,2396,853,514,339
20102,C4920,27,518,District-Mumbai Suburban,Total,50-59,24306,14521,9785,5749,3322,2427,5387,3151,2236,4315,2492,1823,3141,2196,945,582,333,249,462,255,207,3948,2321,1627,722,451,271
20103,C4920,27,518,District-Mumbai Suburban,Total,60-69,16442,9309,7133,3860,2099,1761,3495,1878,1617,2648,1529,1119,2805,1819,986,325,175,150,270,131,139,2469,1332,1137,570,346,224
20104,C4920,27,518,District-Mumbai Suburban,Total,70-79,8425,4443,3982,1927,960,967,2006,1068,938,1094,569,525,1622,911,711,133,64,69,155,77,78,1106,610,496,382,184,198
20105,C4920,27,518,District-Mumbai Suburban,Total,80-89,3211,1521,1690,627,295,332,801,402,399,347,164,183,726,326,400,35,11,24,63,19,44,363,192,171,249,112,137
20106,C4920,27,518,District-Mumbai Suburban,Total,90+,1028,478,550,235,109,126,263,128,135,102,53,49,156,56,100,20,10,10,10,5,5,162,89,73,80,28,52
20107,C4920,27,518,District-Mumbai Suburban,Total,Age Not Stated,1760,1050,710,417,255,162,373,210,163,421,245,176,68,41,27,53,38,15,14,7,7,354,212,142,60,42,18
20108,C4920,27,518,District-Mumbai Suburban,Rural,Total,0,0,0,0,0,0,0,0,0,0,0,0,0,0,0,0,0,0,0,0,0,0,0,0,0,0,0
20109,C4920,27,518,District-Mumbai Suburban,Rural,0-4,0,0,0,0,0,0,0,0,0,0,0,0,0,0,0,0,0,0,0,0,0,0,0,0,0,0,0
20110,C4920,27,518,District-Mumbai Suburban,Rural,5-9,0,0,0,0,0,0,0,0,0,0,0,0,0,0,0,0,0,0,0,0,0,0,0,0,0,0,0
20111,C4920,27,518,District-Mumbai Suburban,Rural,10-19,0,0,0,0,0,0,0,0,0,0,0,0,0,0,0,0,0,0,0,0,0,0,0,0,0,0,0
20112,C4920,27,518,District-Mumbai Suburban,Rural,20-29,0,0,0,0,0,0,0,0,0,0,0,0,0,0,0,0,0,0,0,0,0,0,0,0,0,0,0
20113,C4920,27,518,District-Mumbai Suburban,Rural,30-39,0,0,0,0,0,0,0,0,0,0,0,0,0,0,0,0,0,0,0,0,0,0,0,0,0,0,0
20114,C4920,27,518,District-Mumbai Suburban,Rural,40-49,0,0,0,0,0,0,0,0,0,0,0,0,0,0,0,0,0,0,0,0,0,0,0,0,0,0,0
20115,C4920,27,518,District-Mumbai Suburban,Rural,50-59,0,0,0,0,0,0,0,0,0,0,0,0,0,0,0,0,0,0,0,0,0,0,0,0,0,0,0
20116,C4920,27,518,District-Mumbai Suburban,Rural,60-69,0,0,0,0,0,0,0,0,0,0,0,0,0,0,0,0,0,0,0,0,0,0,0,0,0,0,0
20117,C4920,27,518,District-Mumbai Suburban,Rural,70-79,0,0,0,0,0,0,0,0,0,0,0,0,0,0,0,0,0,0,0,0,0,0,0,0,0,0,0
20118,C4920,27,518,District-Mumbai Suburban,Rural,80-89,0,0,0,0,0,0,0,0,0,0,0,0,0,0,0,0,0,0,0,0,0,0,0,0,0,0,0
20119,C4920,27,518,District-Mumbai Suburban,Rural,90+,0,0,0,0,0,0,0,0,0,0,0,0,0,0,0,0,0,0,0,0,0,0,0,0,0,0,0
20120,C4920,27,518,District-Mumbai Suburban,Rural,Age Not Stated,0,0,0,0,0,0,0,0,0,0,0,0,0,0,0,0,0,0,0,0,0,0,0,0,0,0,0
20121,C4920,27,518,District-Mumbai Suburban,Urban,Total,242343,138652,103691,61269,34558,26711,57586,32253,25333,34992,19808,15184,23117,14731,8386,10460,6200,4260,3741,2102,1639,42271,23796,18475,8907,5204,3703
20122,C4920,27,518,District-Mumbai Suburban,Urban,0-4,12443,6664,5779,3821,2073,1748,3331,1715,1616,342,183,159,385,214,171,418,245,173,84,46,38,3671,1958,1713,391,230,161
20123,C4920,27,518,District-Mumbai Suburban,Urban,5-9,15536,8288,7248,4186,2221,1965,3955,2078,1877,2029,1058,971,648,381,267,825,475,350,174,104,70,2906,1512,1394,813,459,354
20124,C4920,27,518,District-Mumbai Suburban,Urban,10-19,37754,20971,16783,9943,5479,4464,9204,4876,4328,4606,2514,2092,2117,1320,797,2785,1676,1109,523,293,230,6682,3723,2959,1894,1090,804
20125,C4920,27,518,District-Mumbai Suburban,Urban,20-29,47159,27750,19409,12404,7275,5129,11358,6602,4756,6780,3868,2912,3753,2406,1347,2531,1528,1003,680,422,258,7968,4622,3346,1685,1027,658
20126,C4920,27,518,District-Mumbai Suburban,Urban,30-39,40659,23818,16841,9870,5690,4180,9517,5542,3975,6552,3790,2762,4064,2610,1454,1721,1043,678,702,418,284,7025,4004,3021,1208,721,487
20127,C4920,27,518,District-Mumbai Suburban,Urban,40-49,33620,19839,13781,8230,4780,3450,7896,4603,3293,5756,3343,2413,3632,2451,1181,1032,602,430,604,325,279,5617,3221,2396,853,514,339
20128,C4920,27,518,District-Mumbai Suburban,Urban,50-59,24306,14521,9785,5749,3322,2427,5387,3151,2236,4315,2492,1823,3141,2196,945,582,333,249,462,255,207,3948,2321,1627,722,451,271
20129,C4920,27,518,District-Mumbai Suburban,Urban,60-69,16442,9309,7133,3860,2099,1761,3495,1878,1617,2648,1529,1119,2805,1819,986,325,175,150,270,131,139,2469,1332,1137,570,346,224
20130,C4920,27,518,District-Mumbai Suburban,Urban,70-79,8425,4443,3982,1927,960,967,2006,1068,938,1094,569,525,1622,911,711,133,64,69,155,77,78,1106,610,496,382,184,198
20131,C4920,27,518,District-Mumbai Suburban,Urban,80-89,3211,1521,1690,627,295,332,801,402,399,347,164,183,726,326,400,35,11,24,63,19,44,363,192,171,249,112,137
20132,C4920,27,518,District-Mumbai Suburban,Urban,90+,1028,478,550,235,109,126,263,128,135,102,53,49,156,56,100,20,10,10,10,5,5,162,89,73,80,28,52
20133,C4920,27,518,District-Mumbai Suburban,Urban,Age Not Stated,1760,1050,710,417,255,162,373,210,163,421,245,176,68,41,27,53,38,15,14,7,7,354,212,142,60,42,18
20134,C4920,27,519,District-Mumbai,Total,Total,98077,56573,41504,27551,15956,11595,21378,12363,9015,14941,8413,6528,8746,5368,3378,4781,2773,2008,1559,879,680,15493,8780,6713,3628,2041,1587
20135,C4920,27,519,District-Mumbai,Total,0-4,4278,2260,2018,1442,765,677,1046,524,522,138,76,62,105,60,45,157,82,75,24,14,10,1260,680,580,106,59,47
20136,C4920,27,519,District-Mumbai,Total,5-9,5368,2860,2508,1643,865,778,1267,660,607,710,372,338,196,103,93,330,193,137,43,26,17,926,510,416,253,131,122
20137,C4920,27,519,District-Mumbai,Total,10-19,13940,7935,6005,4234,2446,1788,3084,1750,1334,1866,1024,842,637,390,247,1189,686,503,200,106,94,2152,1194,958,578,339,239
20138,C4920,27,519,District-Mumbai,Total,20-29,19337,12101,7236,5987,3889,2098,4397,2766,1631,2782,1625,1157,1153,761,392,1162,716,446,255,158,97,2952,1773,1179,649,413,236
20139,C4920,27,519,District-Mumbai,Total,30-39,15970,9531,6439,4439,2666,1773,3511,2081,1430,2661,1557,1104,1417,915,502,764,455,309,266,158,108,2432,1421,1011,480,278,202
20140,C4920,27,519,District-Mumbai,Total,40-49,13784,8054,5730,3648,2077,1571,2923,1739,1184,2447,1404,1043,1453,941,512,524,293,231,279,167,112,2069,1190,879,441,243,198
20141,C4920,27,519,District-Mumbai,Total,50-59,10546,6164,4382,2690,1467,1223,2084,1255,829,1930,1120,810,1321,896,425,314,168,146,222,124,98,1618,928,690,367,206,161
20142,C4920,27,519,District-Mumbai,Total,60-69,7379,3990,3389,1775,923,852,1512,825,687,1246,661,585,1198,715,483,178,86,92,131,68,63,1035,546,489,304,166,138
20143,C4920,27,519,District-Mumbai,Total,70-79,4206,2041,2165,949,461,488,842,390,452,671,315,356,787,398,389,77,41,36,79,31,48,568,289,279,233,116,117
20144,C4920,27,519,District-Mumbai,Total,80-89,1817,796,1021,383,177,206,410,190,220,242,121,121,367,137,230,30,10,20,41,16,25,213,99,114,131,46,85
20145,C4920,27,519,District-Mumbai,Total,90+,563,262,301,130,64,66,137,73,64,72,34,38,78,27,51,11,8,3,7,3,4,73,28,45,55,25,30
20146,C4920,27,519,District-Mumbai,Total,Age Not Stated,889,579,310,231,156,75,165,110,55,176,104,72,34,25,9,45,35,10,12,8,4,195,122,73,31,19,12
20147,C4920,27,519,District-Mumbai,Rural,Total,0,0,0,0,0,0,0,0,0,0,0,0,0,0,0,0,0,0,0,0,0,0,0,0,0,0,0
20148,C4920,27,519,District-Mumbai,Rural,0-4,0,0,0,0,0,0,0,0,0,0,0,0,0,0,0,0,0,0,0,0,0,0,0,0,0,0,0
20149,C4920,27,519,District-Mumbai,Rural,5-9,0,0,0,0,0,0,0,0,0,0,0,0,0,0,0,0,0,0,0,0,0,0,0,0,0,0,0
20150,C4920,27,519,District-Mumbai,Rural,10-19,0,0,0,0,0,0,0,0,0,0,0,0,0,0,0,0,0,0,0,0,0,0,0,0,0,0,0
20151,C4920,27,519,District-Mumbai,Rural,20-29,0,0,0,0,0,0,0,0,0,0,0,0,0,0,0,0,0,0,0,0,0,0,0,0,0,0,0
20152,C4920,27,519,District-Mumbai,Rural,30-39,0,0,0,0,0,0,0,0,0,0,0,0,0,0,0,0,0,0,0,0,0,0,0,0,0,0,0
20153,C4920,27,519,District-Mumbai,Rural,40-49,0,0,0,0,0,0,0,0,0,0,0,0,0,0,0,0,0,0,0,0,0,0,0,0,0,0,0
20154,C4920,27,519,District-Mumbai,Rural,50-59,0,0,0,0,0,0,0,0,0,0,0,0,0,0,0,0,0,0,0,0,0,0,0,0,0,0,0
20155,C4920,27,519,District-Mumbai,Rural,60-69,0,0,0,0,0,0,0,0,0,0,0,0,0,0,0,0,0,0,0,0,0,0,0,0,0,0,0
20156,C4920,27,519,District-Mumbai,Rural,70-79,0,0,0,0,0,0,0,0,0,0,0,0,0,0,0,0,0,0,0,0,0,0,0,0,0,0,0
20157,C4920,27,519,District-Mumbai,Rural,80-89,0,0,0,0,0,0,0,0,0,0,0,0,0,0,0,0,0,0,0,0,0,0,0,0,0,0,0
20158,C4920,27,519,District-Mumbai,Rural,90+,0,0,0,0,0,0,0,0,0,0,0,0,0,0,0,0,0,0,0,0,0,0,0,0,0,0,0
20159,C4920,27,519,District-Mumbai,Rural,Age Not Stated,0,0,0,0,0,0,0,0,0,0,0,0,0,0,0,0,0,0,0,0,0,0,0,0,0,0,0
20160,C4920,27,519,District-Mumbai,Urban,Total,98077,56573,41504,27551,15956,11595,21378,12363,9015,14941,8413,6528,8746,5368,3378,4781,2773,2008,1559,879,680,15493,8780,6713,3628,2041,1587
20161,C4920,27,519,District-Mumbai,Urban,0-4,4278,2260,2018,1442,765,677,1046,524,522,138,76,62,105,60,45,157,82,75,24,14,10,1260,680,580,106,59,47
20162,C4920,27,519,District-Mumbai,Urban,5-9,5368,2860,2508,1643,865,778,1267,660,607,710,372,338,196,103,93,330,193,137,43,26,17,926,510,416,253,131,122
20163,C4920,27,519,District-Mumbai,Urban,10-19,13940,7935,6005,4234,2446,1788,3084,1750,1334,1866,1024,842,637,390,247,1189,686,503,200,106,94,2152,1194,958,578,339,239
20164,C4920,27,519,District-Mumbai,Urban,20-29,19337,12101,7236,5987,3889,2098,4397,2766,1631,2782,1625,1157,1153,761,392,1162,716,446,255,158,97,2952,1773,1179,649,413,236
20165,C4920,27,519,District-Mumbai,Urban,30-39,15970,9531,6439,4439,2666,1773,3511,2081,1430,2661,1557,1104,1417,915,502,764,455,309,266,158,108,2432,1421,1011,480,278,202
20166,C4920,27,519,District-Mumbai,Urban,40-49,13784,8054,5730,3648,2077,1571,2923,1739,1184,2447,1404,1043,1453,941,512,524,293,231,279,167,112,2069,1190,879,441,243,198
20167,C4920,27,519,District-Mumbai,Urban,50-59,10546,6164,4382,2690,1467,1223,2084,1255,829,1930,1120,810,1321,896,425,314,168,146,222,124,98,1618,928,690,367,206,161
20168,C4920,27,519,District-Mumbai,Urban,60-69,7379,3990,3389,1775,923,852,1512,825,687,1246,661,585,1198,715,483,178,86,92,131,68,63,1035,546,489,304,166,138
20169,C4920,27,519,District-Mumbai,Urban,70-79,4206,2041,2165,949,461,488,842,390,452,671,315,356,787,398,389,77,41,36,79,31,48,568,289,279,233,116,117
20170,C4920,27,519,District-Mumbai,Urban,80-89,1817,796,1021,383,177,206,410,190,220,242,121,121,367,137,230,30,10,20,41,16,25,213,99,114,131,46,85
20171,C4920,27,519,District-Mumbai,Urban,90+,563,262,301,130,64,66,137,73,64,72,34,38,78,27,51,11,8,3,7,3,4,73,28,45,55,25,30
20172,C4920,27,519,District-Mumbai,Urban,Age Not Stated,889,579,310,231,156,75,165,110,55,176,104,72,34,25,9,45,35,10,12,8,4,195,122,73,31,19,12
20173,C4920,27,520,District-Raigarh,Total,Total,59301,33475,25826,9633,5131,4502,9843,5429,4414,10569,5723,4846,11184,7240,3944,3287,1830,1457,1220,668,552,10156,5535,4621,3409,1919,1490
20174,C4920,27,520,District-Raigarh,Total,0-4,2719,1471,1248,505,262,243,491,274,217,129,62,67,222,130,92,87,44,43,20,12,8,1113,594,519,152,93,59
20175,C4920,27,520,District-Raigarh,Total,5-9,3753,2058,1695,565,317,248,632,321,311,735,398,337,373,225,148,344,196,148,21,15,6,743,384,359,340,202,138
20176,C4920,27,520,District-Raigarh,Total,10-19,8990,4965,4025,1388,745,643,1374,755,619,1600,840,760,1000,632,368,1183,664,519,114,55,59,1633,893,740,698,381,317
20177,C4920,27,520,District-Raigarh,Total,20-29,9838,5625,4213,1346,774,572,1450,814,636,2026,1102,924,1792,1101,691,718,403,315,194,120,74,1750,982,768,562,329,233
20178,C4920,27,520,District-Raigarh,Total,30-39,9313,5392,3921,1163,685,478,1345,806,539,2031,1091,940,2049,1304,745,458,232,226,290,160,130,1597,888,709,380,226,154
20179,C4920,27,520,District-Raigarh,Total,40-49,7809,4700,3109,1176,682,494,1214,731,483,1640,912,728,1705,1182,523,240,144,96,252,143,109,1273,717,556,309,189,120
20180,C4920,27,520,District-Raigarh,Total,50-59,6038,3583,2455,1061,578,483,959,556,403,1175,644,531,1445,1034,411,117,68,49,168,88,80,868,480,388,245,135,110
20181,C4920,27,520,District-Raigarh,Total,60-69,5312,2861,2451,1129,497,632,1054,520,534,708,380,328,1345,892,453,73,44,29,89,39,50,636,338,298,278,151,127
20182,C4920,27,520,District-Raigarh,Total,70-79,3486,1803,1683,846,388,458,823,408,415,317,173,144,851,524,327,32,16,16,44,20,24,330,157,173,243,117,126
20183,C4920,27,520,District-Raigarh,Total,80-89,1350,683,667,340,156,184,336,169,167,97,59,38,304,168,136,15,9,6,15,9,6,110,52,58,133,61,72
20184,C4920,27,520,District-Raigarh,Total,90+,394,190,204,80,31,49,103,49,54,37,21,16,69,34,35,10,6,4,7,6,1,34,16,18,54,27,27
20185,C4920,27,520,District-Raigarh,Total,Age Not Stated,299,144,155,34,16,18,62,26,36,74,41,33,29,14,15,10,4,6,6,1,5,69,34,35,15,8,7
20186,C4920,27,520,District-Raigarh,Rural,Total,41116,23047,18069,6911,3598,3313,6561,3526,3035,6966,3767,3199,8341,5377,2964,2193,1231,962,989,546,443,6570,3549,3021,2585,1453,1132
20187,C4920,27,520,District-Raigarh,Rural,0-4,1731,950,781,316,168,148,291,165,126,82,40,42,161,93,68,40,21,19,12,9,3,721,392,329,108,62,46
20188,C4920,27,520,District-Raigarh,Rural,5-9,2534,1396,1138,367,213,154,396,203,193,500,268,232,276,156,120,231,134,97,15,11,4,494,255,239,255,156,99
20189,C4920,27,520,District-Raigarh,Rural,10-19,6089,3380,2709,930,503,427,895,498,397,1094,568,526,698,443,255,812,471,341,80,35,45,1064,577,487,516,285,231
20190,C4920,27,520,District-Raigarh,Rural,20-29,6448,3695,2753,835,475,360,858,484,374,1258,686,572,1349,831,518,486,265,221,167,105,62,1082,607,475,413,242,171
20191,C4920,27,520,District-Raigarh,Rural,30-39,5976,3462,2514,720,414,306,746,437,309,1255,688,567,1471,929,542,291,145,146,239,135,104,973,542,431,281,172,109
20192,C4920,27,520,District-Raigarh,Rural,40-49,5239,3123,2116,822,465,357,764,442,322,1043,577,466,1231,855,376,147,87,60,208,116,92,793,440,353,231,141,90
20193,C4920,27,520,District-Raigarh,Rural,50-59,4306,2486,1820,805,416,389,646,342,304,788,432,356,1089,764,325,76,48,28,137,72,65,576,311,265,189,101,88
20194,C4920,27,520,District-Raigarh,Rural,60-69,4226,2221,2005,972,417,555,845,400,445,544,287,257,1048,697,351,57,34,23,70,31,39,468,239,229,222,116,106
20195,C4920,27,520,District-Raigarh,Rural,70-79,2918,1509,1409,749,351,398,721,357,364,248,132,116,682,424,258,26,12,14,36,18,18,249,115,134,207,100,107
20196,C4920,27,520,District-Raigarh,Rural,80-89,1116,568,548,298,139,159,267,132,135,76,47,29,254,145,109,11,7,4,14,8,6,87,39,48,109,51,58
20197,C4920,27,520,District-Raigarh,Rural,90+,314,152,162,69,25,44,86,45,41,24,13,11,57,29,28,8,4,4,6,5,1,22,11,11,42,20,22
20198,C4920,27,520,District-Raigarh,Rural,Age Not Stated,219,105,114,28,12,16,46,21,25,54,29,25,25,11,14,8,3,5,5,1,4,41,21,20,12,7,5
20199,C4920,27,520,District-Raigarh,Urban,Total,18185,10428,7757,2722,1533,1189,3282,1903,1379,3603,1956,1647,2843,1863,980,1094,599,495,231,122,109,3586,1986,1600,824,466,358
20200,C4920,27,520,District-Raigarh,Urban,0-4,988,521,467,189,94,95,200,109,91,47,22,25,61,37,24,47,23,24,8,3,5,392,202,190,44,31,13
20201,C4920,27,520,District-Raigarh,Urban,5-9,1219,662,557,198,104,94,236,118,118,235,130,105,97,69,28,113,62,51,6,4,2,249,129,120,85,46,39
20202,C4920,27,520,District-Raigarh,Urban,10-19,2901,1585,1316,458,242,216,479,257,222,506,272,234,302,189,113,371,193,178,34,20,14,569,316,253,182,96,86
20203,C4920,27,520,District-Raigarh,Urban,20-29,3390,1930,1460,511,299,212,592,330,262,768,416,352,443,270,173,232,138,94,27,15,12,668,375,293,149,87,62
20204,C4920,27,520,District-Raigarh,Urban,30-39,3337,1930,1407,443,271,172,599,369,230,776,403,373,578,375,203,167,87,80,51,25,26,624,346,278,99,54,45
20205,C4920,27,520,District-Raigarh,Urban,40-49,2570,1577,993,354,217,137,450,289,161,597,335,262,474,327,147,93,57,36,44,27,17,480,277,203,78,48,30
20206,C4920,27,520,District-Raigarh,Urban,50-59,1732,1097,635,256,162,94,313,214,99,387,212,175,356,270,86,41,20,21,31,16,15,292,169,123,56,34,22
20207,C4920,27,520,District-Raigarh,Urban,60-69,1086,640,446,157,80,77,209,120,89,164,93,71,297,195,102,16,10,6,19,8,11,168,99,69,56,35,21
20208,C4920,27,520,District-Raigarh,Urban,70-79,568,294,274,97,37,60,102,51,51,69,41,28,169,100,69,6,4,2,8,2,6,81,42,39,36,17,19
20209,C4920,27,520,District-Raigarh,Urban,80-89,234,115,119,42,17,25,69,37,32,21,12,9,50,23,27,4,2,2,1,1,0,23,13,10,24,10,14
20210,C4920,27,520,District-Raigarh,Urban,90+,80,38,42,11,6,5,17,4,13,13,8,5,12,5,7,2,2,0,1,1,0,12,5,7,12,7,5
20211,C4920,27,520,District-Raigarh,Urban,Age Not Stated,80,39,41,6,4,2,16,5,11,20,12,8,4,3,1,2,1,1,1,0,1,28,13,15,3,1,2
20212,C4920,27,521,District-Pune,Total,Total,229882,131820,98062,38181,20649,17532,40013,22306,17707,44372,24415,19957,39441,26172,13269,11128,6284,4844,5524,3304,2220,41022,22630,18392,10201,6060,4141
20213,C4920,27,521,District-Pune,Total,0-4,11344,6109,5235,2263,1204,1059,2369,1217,1152,523,284,239,658,398,260,465,247,218,62,38,24,4571,2469,2102,433,252,181
20214,C4920,27,521,District-Pune,Total,5-9,13973,7766,6207,2557,1368,1189,2526,1405,1121,2736,1477,1259,1225,757,468,1027,598,429,120,69,51,2793,1477,1316,989,615,374
20215,C4920,27,521,District-Pune,Total,10-19,33070,18523,14547,5520,2987,2533,5717,3115,2602,6139,3227,2912,3555,2257,1298,3311,1989,1322,431,239,192,6214,3386,2828,2183,1323,860
20216,C4920,27,521,District-Pune,Total,20-29,41893,23665,18228,6557,3471,3086,7282,4055,3227,9299,5030,4269,5846,3827,2019,2525,1456,1069,943,606,337,7690,4204,3486,1751,1016,735
20217,C4920,27,521,District-Pune,Total,30-39,39166,23169,15997,5652,3236,2416,6359,3646,2713,8826,4950,3876,7286,4939,2347,1745,943,802,1309,864,445,6687,3804,2883,1302,787,515
20218,C4920,27,521,District-Pune,Total,40-49,30900,18543,12357,4618,2597,2021,4876,2887,1989,6704,3773,2931,6261,4421,1840,1052,561,491,1219,724,495,5210,2982,2228,960,598,362
20219,C4920,27,521,District-Pune,Total,50-59,23047,13767,9280,3832,2090,1742,3638,2103,1535,4710,2639,2071,5359,3813,1546,511,251,260,809,457,352,3442,1951,1491,746,463,283
20220,C4920,27,521,District-Pune,Total,60-69,18941,10817,8124,3589,1906,1683,3381,1868,1513,3140,1741,1399,4911,3167,1744,269,136,133,410,199,211,2479,1333,1146,762,467,295
20221,C4920,27,521,District-Pune,Total,70-79,10853,6035,4818,2263,1144,1119,2324,1248,1076,1342,767,575,2991,1872,1119,105,48,57,154,76,78,1105,576,529,569,304,265
20222,C4920,27,521,District-Pune,Total,80-89,3840,1911,1929,800,379,421,943,452,491,375,198,177,978,529,449,36,19,17,34,20,14,356,177,179,318,137,181
20223,C4920,27,521,District-Pune,Total,90+,1332,636,696,291,132,159,329,154,175,140,79,61,264,123,141,21,12,9,16,7,9,147,73,74,124,56,68
20224,C4920,27,521,District-Pune,Total,Age Not Stated,1523,879,644,239,135,104,269,156,113,438,250,188,107,69,38,61,24,37,17,5,12,328,198,130,64,42,22
20225,C4920,27,521,District-Pune,Rural,Total,86056,50282,35774,14158,7666,6492,12101,6838,5263,12949,7153,5796,21750,14627,7123,4865,2688,2177,1726,927,799,13667,7454,6213,4840,2929,1911
20226,C4920,27,521,District-Pune,Rural,0-4,3808,2085,1723,714,385,329,617,326,291,181,99,82,407,249,158,188,85,103,11,6,5,1472,813,659,218,122,96
20227,C4920,27,521,District-Pune,Rural,5-9,5299,3013,2286,905,497,408,699,411,288,956,534,422,717,446,271,497,283,214,45,29,16,1009,515,494,471,298,173
20228,C4920,27,521,District-Pune,Rural,10-19,12993,7488,5505,2048,1140,908,1703,947,756,2114,1133,981,2025,1285,740,1561,927,634,173,88,85,2270,1278,992,1099,690,409
20229,C4920,27,521,District-Pune,Rural,20-29,13649,7966,5683,2043,1131,912,1774,1014,760,2408,1332,1076,3048,2066,982,1057,603,454,260,136,124,2305,1240,1065,754,444,310
20230,C4920,27,521,District-Pune,Rural,30-39,12917,7761,5156,1757,1018,739,1599,933,666,2219,1218,1001,3816,2623,1193,698,366,332,366,214,152,1941,1062,879,521,327,194
20231,C4920,27,521,District-Pune,Rural,40-49,11344,6979,4365,1584,905,679,1430,854,576,1957,1102,855,3401,2464,937,454,226,228,395,221,174,1696,938,758,427,269,158
20232,C4920,27,521,District-Pune,Rural,50-59,8817,5401,3416,1457,796,661,1190,692,498,1330,748,582,2875,2054,821,214,105,109,230,116,114,1199,681,518,322,209,113
20233,C4920,27,521,District-Pune,Rural,60-69,8541,4806,3735,1701,831,870,1310,727,583,1045,552,493,2827,1810,1017,112,56,56,164,72,92,1004,516,488,378,242,136
20234,C4920,27,521,District-Pune,Rural,70-79,5696,3263,2433,1289,645,644,1136,624,512,482,284,198,1844,1197,647,48,22,26,56,34,22,495,266,229,346,191,155
20235,C4920,27,521,District-Pune,Rural,80-89,1988,1018,970,452,219,233,436,211,225,124,75,49,582,333,249,14,6,8,14,7,7,162,84,78,204,83,121
20236,C4920,27,521,District-Pune,Rural,90+,704,323,381,170,78,92,166,74,92,46,24,22,175,79,96,7,3,4,8,3,5,54,27,27,78,35,43
20237,C4920,27,521,District-Pune,Rural,Age Not Stated,300,179,121,38,21,17,41,25,16,87,52,35,33,21,12,15,6,9,4,1,3,60,34,26,22,19,3
20238,C4920,27,521,District-Pune,Urban,Total,143826,81538,62288,24023,12983,11040,27912,15468,12444,31423,17262,14161,17691,11545,6146,6263,3596,2667,3798,2377,1421,27355,15176,12179,5361,3131,2230
20239,C4920,27,521,District-Pune,Urban,0-4,7536,4024,3512,1549,819,730,1752,891,861,342,185,157,251,149,102,277,162,115,51,32,19,3099,1656,1443,215,130,85
20240,C4920,27,521,District-Pune,Urban,5-9,8674,4753,3921,1652,871,781,1827,994,833,1780,943,837,508,311,197,530,315,215,75,40,35,1784,962,822,518,317,201
20241,C4920,27,521,District-Pune,Urban,10-19,20077,11035,9042,3472,1847,1625,4014,2168,1846,4025,2094,1931,1530,972,558,1750,1062,688,258,151,107,3944,2108,1836,1084,633,451
20242,C4920,27,521,District-Pune,Urban,20-29,28244,15699,12545,4514,2340,2174,5508,3041,2467,6891,3698,3193,2798,1761,1037,1468,853,615,683,470,213,5385,2964,2421,997,572,425
20243,C4920,27,521,District-Pune,Urban,30-39,26249,15408,10841,3895,2218,1677,4760,2713,2047,6607,3732,2875,3470,2316,1154,1047,577,470,943,650,293,4746,2742,2004,781,460,321
20244,C4920,27,521,District-Pune,Urban,40-49,19556,11564,7992,3034,1692,1342,3446,2033,1413,4747,2671,2076,2860,1957,903,598,335,263,824,503,321,3514,2044,1470,533,329,204
20245,C4920,27,521,District-Pune,Urban,50-59,14230,8366,5864,2375,1294,1081,2448,1411,1037,3380,1891,1489,2484,1759,725,297,146,151,579,341,238,2243,1270,973,424,254,170
20246,C4920,27,521,District-Pune,Urban,60-69,10400,6011,4389,1888,1075,813,2071,1141,930,2095,1189,906,2084,1357,727,157,80,77,246,127,119,1475,817,658,384,225,159
20247,C4920,27,521,District-Pune,Urban,70-79,5157,2772,2385,974,499,475,1188,624,564,860,483,377,1147,675,472,57,26,31,98,42,56,610,310,300,223,113,110
20248,C4920,27,521,District-Pune,Urban,80-89,1852,893,959,348,160,188,507,241,266,251,123,128,396,196,200,22,13,9,20,13,7,194,93,101,114,54,60
20249,C4920,27,521,District-Pune,Urban,90+,628,313,315,121,54,67,163,80,83,94,55,39,89,44,45,14,9,5,8,4,4,93,46,47,46,21,25
20250,C4920,27,521,District-Pune,Urban,Age Not Stated,1223,700,523,201,114,87,228,131,97,351,198,153,74,48,26,46,18,28,13,4,9,268,164,104,42,23,19
20251,C4920,27,522,District-Ahmadnagar,Total,Total,120448,69254,51194,20198,11068,9130,17888,10017,7871,20310,11100,9210,25579,16534,9045,7099,4052,3047,2346,1333,1013,19311,10625,8686,7717,4525,3192
20252,C4920,27,522,District-Ahmadnagar,Total,0-4,5522,3138,2384,1101,589,512,907,500,407,267,157,110,540,355,185,254,154,100,23,12,11,2097,1163,934,333,208,125
20253,C4920,27,522,District-Ahmadnagar,Total,5-9,8438,4801,3637,1443,783,660,1222,677,545,1591,885,706,929,562,367,833,500,333,54,29,25,1538,855,683,828,510,318
20254,C4920,27,522,District-Ahmadnagar,Total,10-19,20004,11597,8407,3377,1945,1432,2888,1638,1250,3394,1826,1568,2653,1706,947,2423,1444,979,193,115,78,3343,1880,1463,1733,1043,690
20255,C4920,27,522,District-Ahmadnagar,Total,20-29,17985,10309,7676,2581,1455,1126,2375,1358,1017,3392,1814,1578,3741,2365,1376,1486,818,668,372,218,154,2923,1606,1317,1115,675,440
20256,C4920,27,522,District-Ahmadnagar,Total,30-39,17642,10247,7395,2358,1323,1035,2201,1266,935,3408,1802,1606,4664,3085,1579,932,511,421,528,298,230,2707,1451,1256,844,511,333
20257,C4920,27,522,District-Ahmadnagar,Total,40-49,15049,9196,5853,2162,1283,879,2066,1261,805,3050,1729,1321,3669,2582,1087,601,335,266,550,329,221,2309,1284,1025,642,393,249
20258,C4920,27,522,District-Ahmadnagar,Total,50-59,11235,6796,4439,1774,992,782,1601,948,653,2158,1213,945,2982,2081,901,268,151,117,292,159,133,1708,963,745,452,289,163
20259,C4920,27,522,District-Ahmadnagar,Total,60-69,11933,6423,5510,2486,1246,1240,1947,988,959,1749,913,836,3277,2004,1273,160,68,92,207,107,100,1494,777,717,613,320,293
20260,C4920,27,522,District-Ahmadnagar,Total,70-79,8065,4473,3592,1932,980,952,1708,913,795,811,494,317,2104,1277,827,71,33,38,80,40,40,713,381,332,646,355,291
20261,C4920,27,522,District-Ahmadnagar,Total,80-89,2819,1407,1412,684,341,343,656,320,336,201,108,93,689,351,338,24,13,11,23,15,8,204,110,94,338,149,189
20262,C4920,27,522,District-Ahmadnagar,Total,90+,988,426,562,200,77,123,190,81,109,101,51,50,248,116,132,17,7,10,12,7,5,71,31,40,149,56,93
20263,C4920,27,522,District-Ahmadnagar,Total,Age Not Stated,768,441,327,100,54,46,127,67,60,188,108,80,83,50,33,30,18,12,12,4,8,204,124,80,24,16,8
20264,C4920,27,522,District-Ahmadnagar,Rural,Total,98779,56841,41938,17052,9262,7790,14009,7956,6053,16893,9286,7607,21184,13696,7488,5728,3236,2492,1903,1038,865,15634,8632,7002,6376,3735,2641
20265,C4920,27,522,District-Ahmadnagar,Rural,0-4,4595,2629,1966,927,493,434,689,393,296,227,134,93,479,306,173,211,125,86,17,8,9,1756,989,767,289,181,108
20266,C4920,27,522,District-Ahmadnagar,Rural,5-9,6891,3943,2948,1219,653,566,914,508,406,1357,760,597,795,481,314,684,406,278,45,25,20,1237,703,534,640,407,233
20267,C4920,27,522,District-Ahmadnagar,Rural,10-19,16387,9528,6859,2832,1631,1201,2232,1282,950,2847,1557,1290,2245,1434,811,1977,1170,807,157,92,65,2710,1527,1183,1387,835,552
20268,C4920,27,522,District-Ahmadnagar,Rural,20-29,14405,8254,6151,2125,1181,944,1763,1025,738,2771,1501,1270,3053,1939,1114,1178,638,540,292,159,133,2325,1277,1048,898,534,364
20269,C4920,27,522,District-Ahmadnagar,Rural,30-39,14203,8305,5898,1923,1066,857,1639,957,682,2762,1461,1301,3846,2592,1254,738,399,339,427,227,200,2162,1170,992,706,433,273
20270,C4920,27,522,District-Ahmadnagar,Rural,40-49,12154,7449,4705,1783,1052,731,1592,994,598,2511,1432,1079,2993,2105,888,482,267,215,449,269,180,1821,1011,810,523,319,204
20271,C4920,27,522,District-Ahmadnagar,Rural,50-59,9014,5423,3591,1466,805,661,1264,756,508,1771,1002,769,2334,1632,702,207,117,90,240,120,120,1356,751,605,376,240,136
20272,C4920,27,522,District-Ahmadnagar,Rural,60-69,10142,5407,4735,2171,1086,1085,1622,822,800,1513,786,727,2758,1662,1096,136,58,78,167,81,86,1242,636,606,533,276,257
20273,C4920,27,522,District-Ahmadnagar,Rural,70-79,7033,3938,3095,1722,865,857,1469,810,659,709,428,281,1808,1110,698,63,30,33,67,36,31,614,340,274,581,319,262
20274,C4920,27,522,District-Ahmadnagar,Rural,80-89,2440,1224,1216,619,318,301,566,278,288,173,91,82,576,292,284,19,10,9,22,14,8,175,95,80,290,126,164
20275,C4920,27,522,District-Ahmadnagar,Rural,90+,884,378,506,180,69,111,169,75,94,89,41,48,228,104,124,14,5,9,8,3,5,62,29,33,134,52,82
20276,C4920,27,522,District-Ahmadnagar,Rural,Age Not Stated,631,363,268,85,43,42,90,56,34,163,93,70,69,39,30,19,11,8,12,4,8,174,104,70,19,13,6
20277,C4920,27,522,District-Ahmadnagar,Urban,Total,21669,12413,9256,3146,1806,1340,3879,2061,1818,3417,1814,1603,4395,2838,1557,1371,816,555,443,295,148,3677,1993,1684,1341,790,551
20278,C4920,27,522,District-Ahmadnagar,Urban,0-4,927,509,418,174,96,78,218,107,111,40,23,17,61,49,12,43,29,14,6,4,2,341,174,167,44,27,17
20279,C4920,27,522,District-Ahmadnagar,Urban,5-9,1547,858,689,224,130,94,308,169,139,234,125,109,134,81,53,149,94,55,9,4,5,301,152,149,188,103,85
20280,C4920,27,522,District-Ahmadnagar,Urban,10-19,3617,2069,1548,545,314,231,656,356,300,547,269,278,408,272,136,446,274,172,36,23,13,633,353,280,346,208,138
20281,C4920,27,522,District-Ahmadnagar,Urban,20-29,3580,2055,1525,456,274,182,612,333,279,621,313,308,688,426,262,308,180,128,80,59,21,598,329,269,217,141,76
20282,C4920,27,522,District-Ahmadnagar,Urban,30-39,3439,1942,1497,435,257,178,562,309,253,646,341,305,818,493,325,194,112,82,101,71,30,545,281,264,138,78,60
20283,C4920,27,522,District-Ahmadnagar,Urban,40-49,2895,1747,1148,379,231,148,474,267,207,539,297,242,676,477,199,119,68,51,101,60,41,488,273,215,119,74,45
20284,C4920,27,522,District-Ahmadnagar,Urban,50-59,2221,1373,848,308,187,121,337,192,145,387,211,176,648,449,199,61,34,27,52,39,13,352,212,140,76,49,27
20285,C4920,27,522,District-Ahmadnagar,Urban,60-69,1791,1016,775,315,160,155,325,166,159,236,127,109,519,342,177,24,10,14,40,26,14,252,141,111,80,44,36
20286,C4920,27,522,District-Ahmadnagar,Urban,70-79,1032,535,497,210,115,95,239,103,136,102,66,36,296,167,129,8,3,5,13,4,9,99,41,58,65,36,29
20287,C4920,27,522,District-Ahmadnagar,Urban,80-89,379,183,196,65,23,42,90,42,48,28,17,11,113,59,54,5,3,2,1,1,0,29,15,14,48,23,25
20288,C4920,27,522,District-Ahmadnagar,Urban,90+,104,48,56,20,8,12,21,6,15,12,10,2,20,12,8,3,2,1,4,4,0,9,2,7,15,4,11
20289,C4920,27,522,District-Ahmadnagar,Urban,Age Not Stated,137,78,59,15,11,4,37,11,26,25,15,10,14,11,3,11,7,4,0,0,0,30,20,10,5,3,2
20290,C4920,27,523,District-Bid,Total,Total,59868,35769,24099,10848,5955,4893,7513,4333,3180,4781,2771,2010,18398,12152,6246,4178,2523,1655,1333,768,565,8109,4522,3587,4708,2745,1963
20291,C4920,27,523,District-Bid,Total,0-4,2427,1395,1032,434,237,197,301,167,134,88,44,44,529,337,192,178,100,78,15,7,8,686,381,305,196,122,74
20292,C4920,27,523,District-Bid,Total,5-9,4359,2616,1743,680,385,295,468,275,193,540,327,213,768,495,273,612,383,229,34,22,12,661,356,305,596,373,223
20293,C4920,27,523,District-Bid,Total,10-19,10527,6338,4189,1615,931,684,1137,682,455,1181,682,499,2245,1458,787,1440,892,548,155,88,67,1550,865,685,1204,740,464
20294,C4920,27,523,District-Bid,Total,20-29,9106,5617,3489,1228,742,486,974,593,381,809,484,325,3018,2024,994,823,493,330,235,140,95,1285,715,570,734,426,308
20295,C4920,27,523,District-Bid,Total,30-39,8026,5044,2982,1094,659,435,859,513,346,648,362,286,3079,2148,931,502,284,218,285,170,115,1112,649,463,447,259,188
20296,C4920,27,523,District-Bid,Total,40-49,6624,4275,2349,1038,634,404,796,506,290,587,347,240,2423,1741,682,294,159,135,221,130,91,933,547,386,332,211,121
20297,C4920,27,523,District-Bid,Total,50-59,4962,3124,1838,983,558,425,621,389,232,341,194,147,1844,1264,580,145,98,47,159,92,67,651,389,262,218,140,78
20298,C4920,27,523,District-Bid,Total,60-69,6678,3637,3041,1627,797,830,1006,517,489,361,203,158,2395,1448,947,127,83,44,143,74,69,684,330,354,335,185,150
20299,C4920,27,523,District-Bid,Total,70-79,4592,2531,2061,1350,663,687,843,443,400,145,83,62,1453,914,539,37,25,12,65,34,31,359,198,161,340,171,169
20300,C4920,27,523,District-Bid,Total,80-89,1827,874,953,593,271,322,366,181,185,41,23,18,496,259,237,11,3,8,13,5,8,115,55,60,192,77,115
20301,C4920,27,523,District-Bid,Total,90+,632,263,369,193,71,122,125,59,66,15,8,7,139,60,79,4,2,2,4,2,2,44,20,24,108,41,67
20302,C4920,27,523,District-Bid,Total,Age Not Stated,108,55,53,13,7,6,17,8,9,25,14,11,9,4,5,5,1,4,4,4,0,29,17,12,6,0,6
20303,C4920,27,523,District-Bid,Rural,Total,47367,28272,19095,8856,4840,4016,5611,3221,2390,3855,2246,1609,14681,9729,4952,3230,1945,1285,1107,635,472,6237,3468,2769,3790,2188,1602
20304,C4920,27,523,District-Bid,Rural,0-4,1856,1099,757,334,188,146,186,106,80,71,36,35,441,289,152,134,75,59,11,5,6,533,307,226,146,93,53
20305,C4920,27,523,District-Bid,Rural,5-9,3493,2134,1359,550,313,237,337,201,136,432,262,170,614,401,213,512,329,183,23,19,4,528,287,241,497,322,175
20306,C4920,27,523,District-Bid,Rural,10-19,8225,4951,3274,1282,747,535,812,496,316,949,561,388,1734,1115,619,1142,697,445,120,67,53,1211,678,533,975,590,385
20307,C4920,27,523,District-Bid,Rural,20-29,6890,4284,2606,934,574,360,638,399,239,641,378,263,2355,1605,750,608,363,245,197,120,77,935,517,418,582,328,254
20308,C4920,27,523,District-Bid,Rural,30-39,6083,3853,2230,835,508,327,578,349,229,509,294,215,2406,1697,709,374,207,167,235,137,98,828,474,354,318,187,131
20309,C4920,27,523,District-Bid,Rural,40-49,5030,3206,1824,793,477,316,558,344,214,480,277,203,1873,1337,536,215,111,104,183,107,76,683,398,285,245,155,90
20310,C4920,27,523,District-Bid,Rural,50-59,3873,2432,1441,781,445,336,469,293,176,280,162,118,1449,1000,449,100,70,30,131,73,58,496,286,210,167,103,64
20311,C4920,27,523,District-Bid,Rural,60-69,5603,3031,2572,1393,668,725,844,430,414,308,169,139,1981,1205,776,98,63,35,130,69,61,572,279,293,277,148,129
20312,C4920,27,523,District-Bid,Rural,70-79,4038,2228,1810,1224,602,622,739,386,353,120,70,50,1252,789,463,35,25,10,59,30,29,303,170,133,306,156,150
20313,C4920,27,523,District-Bid,Rural,80-89,1636,781,855,543,251,292,332,159,173,35,20,15,441,234,207,5,2,3,12,4,8,90,41,49,178,70,108
20314,C4920,27,523,District-Bid,Rural,90+,563,234,329,178,64,114,112,55,57,13,7,6,126,53,73,2,2,0,2,0,2,35,17,18,95,36,59
20315,C4920,27,523,District-Bid,Rural,Age Not Stated,77,39,38,9,3,6,6,3,3,17,10,7,9,4,5,5,1,4,4,4,0,23,14,9,4,0,4
20316,C4920,27,523,District-Bid,Urban,Total,12501,7497,5004,1992,1115,877,1902,1112,790,926,525,401,3717,2423,1294,948,578,370,226,133,93,1872,1054,818,918,557,361
20317,C4920,27,523,District-Bid,Urban,0-4,571,296,275,100,49,51,115,61,54,17,8,9,88,48,40,44,25,19,4,2,2,153,74,79,50,29,21
20318,C4920,27,523,District-Bid,Urban,5-9,866,482,384,130,72,58,131,74,57,108,65,43,154,94,60,100,54,46,11,3,8,133,69,64,99,51,48
20319,C4920,27,523,District-Bid,Urban,10-19,2302,1387,915,333,184,149,325,186,139,232,121,111,511,343,168,298,195,103,35,21,14,339,187,152,229,150,79
20320,C4920,27,523,District-Bid,Urban,20-29,2216,1333,883,294,168,126,336,194,142,168,106,62,663,419,244,215,130,85,38,20,18,350,198,152,152,98,54
20321,C4920,27,523,District-Bid,Urban,30-39,1943,1191,752,259,151,108,281,164,117,139,68,71,673,451,222,128,77,51,50,33,17,284,175,109,129,72,57
20322,C4920,27,523,District-Bid,Urban,40-49,1594,1069,525,245,157,88,238,162,76,107,70,37,550,404,146,79,48,31,38,23,15,250,149,101,87,56,31
20323,C4920,27,523,District-Bid,Urban,50-59,1089,692,397,202,113,89,152,96,56,61,32,29,395,264,131,45,28,17,28,19,9,155,103,52,51,37,14
20324,C4920,27,523,District-Bid,Urban,60-69,1075,606,469,234,129,105,162,87,75,53,34,19,414,243,171,29,20,9,13,5,8,112,51,61,58,37,21
20325,C4920,27,523,District-Bid,Urban,70-79,554,303,251,126,61,65,104,57,47,25,13,12,201,125,76,2,0,2,6,4,2,56,28,28,34,15,19
20326,C4920,27,523,District-Bid,Urban,80-89,191,93,98,50,20,30,34,22,12,6,3,3,55,25,30,6,1,5,1,1,0,25,14,11,14,7,7
20327,C4920,27,523,District-Bid,Urban,90+,69,29,40,15,7,8,13,4,9,2,1,1,13,7,6,2,0,2,2,2,0,9,3,6,13,5,8
20328,C4920,27,523,District-Bid,Urban,Age Not Stated,31,16,15,4,4,0,11,5,6,8,4,4,0,0,0,0,0,0,0,0,0,6,3,3,2,0,2
20329,C4920,27,524,District-Latur,Total,Total,75927,43477,32450,9888,5494,4394,9329,5398,3931,18052,9898,8154,13936,9131,4805,3483,1932,1551,831,475,356,16476,8890,7586,3932,2259,1673
20330,C4920,27,524,District-Latur,Total,0-4,3945,2098,1847,501,258,243,461,242,219,251,136,115,389,223,166,133,74,59,14,8,6,2038,1064,974,158,93,65
20331,C4920,27,524,District-Latur,Total,5-9,5913,3314,2599,798,430,368,614,332,282,1505,831,674,731,464,267,433,238,195,31,17,14,1344,725,619,457,277,180
20332,C4920,27,524,District-Latur,Total,10-19,14225,8035,6190,1871,1065,806,1674,944,730,3500,1958,1542,1935,1232,703,1207,688,519,116,62,54,2871,1530,1341,1051,556,495
20333,C4920,27,524,District-Latur,Total,20-29,12548,7198,5350,1302,782,520,1415,812,603,3146,1672,1474,2493,1610,883,749,403,346,150,84,66,2636,1449,1187,657,386,271
20334,C4920,27,524,District-Latur,Total,30-39,10680,6194,4486,1056,611,445,1207,750,457,2953,1553,1400,2217,1492,725,419,228,191,188,119,69,2256,1198,1058,384,243,141
20335,C4920,27,524,District-Latur,Total,40-49,8659,5324,3335,978,595,383,1055,664,391,2511,1431,1080,1694,1215,479,257,139,118,124,69,55,1760,1033,727,280,178,102
20336,C4920,27,524,District-Latur,Total,50-59,5817,3480,2337,714,415,299,766,470,296,1503,845,658,1304,917,387,97,56,41,75,49,26,1185,617,568,173,111,62
20337,C4920,27,524,District-Latur,Total,60-69,7359,4010,3349,1243,603,640,1020,564,456,1553,822,731,1745,1097,648,109,59,50,74,39,35,1315,670,645,300,156,144
20338,C4920,27,524,District-Latur,Total,70-79,4141,2460,1681,893,472,421,672,409,263,655,403,252,970,632,338,53,30,23,45,21,24,603,338,265,250,155,95
20339,C4920,27,524,District-Latur,Total,80-89,1495,779,716,349,167,182,288,150,138,202,108,94,316,173,143,8,4,4,5,1,4,188,105,83,139,71,68
20340,C4920,27,524,District-Latur,Total,90+,548,240,308,125,53,72,91,30,61,81,39,42,87,39,48,5,5,0,3,2,1,92,51,41,64,21,43
20341,C4920,27,524,District-Latur,Total,Age Not Stated,597,345,252,58,43,15,66,31,35,192,100,92,55,37,18,13,8,5,6,4,2,188,110,78,19,12,7
20342,C4920,27,524,District-Latur,Rural,Total,57473,33038,24435,7705,4277,3428,6811,3939,2872,13495,7353,6142,10860,7192,3668,2625,1436,1189,663,376,287,12265,6640,5625,3049,1825,1224
20343,C4920,27,524,District-Latur,Rural,0-4,2928,1544,1384,374,182,192,323,170,153,184,97,87,303,172,131,88,50,38,11,7,4,1517,790,727,128,76,52
20344,C4920,27,524,District-Latur,Rural,5-9,4494,2503,1991,607,323,284,447,238,209,1121,610,511,568,356,212,352,189,163,26,13,13,1002,537,465,371,237,134
20345,C4920,27,524,District-Latur,Rural,10-19,10563,6043,4520,1423,808,615,1206,680,526,2601,1455,1146,1496,956,540,923,534,389,86,47,39,2085,1125,960,743,438,305
20346,C4920,27,524,District-Latur,Rural,20-29,9257,5391,3866,955,584,371,990,579,411,2309,1226,1083,1917,1265,652,556,295,261,119,67,52,1904,1072,832,507,303,204
20347,C4920,27,524,District-Latur,Rural,30-39,7875,4605,3270,792,468,324,850,538,312,2143,1132,1011,1684,1148,536,305,159,146,148,88,60,1664,888,776,289,184,105
20348,C4920,27,524,District-Latur,Rural,40-49,6378,3915,2463,738,456,282,722,449,273,1844,1048,796,1300,945,355,183,89,94,101,56,45,1277,738,539,213,134,79
20349,C4920,27,524,District-Latur,Rural,50-59,4363,2612,1751,561,326,235,555,337,218,1129,626,503,995,702,293,61,32,29,54,38,16,873,462,411,135,89,46
20350,C4920,27,524,District-Latur,Rural,60-69,5979,3218,2761,1026,496,530,804,434,370,1251,645,606,1413,893,520,95,50,45,65,34,31,1075,535,540,250,131,119
20351,C4920,27,524,District-Latur,Rural,70-79,3494,2090,1404,769,408,361,567,349,218,532,318,214,806,540,266,41,23,18,41,19,22,513,290,223,225,143,82
20352,C4920,27,524,District-Latur,Rural,80-89,1266,672,594,308,145,163,239,124,115,171,96,75,268,154,114,8,4,4,4,1,3,152,87,65,116,61,55
20353,C4920,27,524,District-Latur,Rural,90+,430,189,241,107,46,61,65,22,43,56,24,32,70,33,37,3,3,0,3,2,1,69,39,30,57,20,37
20354,C4920,27,524,District-Latur,Rural,Age Not Stated,446,256,190,45,35,10,43,19,24,154,76,78,40,28,12,10,8,2,5,4,1,134,77,57,15,9,6
20355,C4920,27,524,District-Latur,Urban,Total,18454,10439,8015,2183,1217,966,2518,1459,1059,4557,2545,2012,3076,1939,1137,858,496,362,168,99,69,4211,2250,1961,883,434,449
20356,C4920,27,524,District-Latur,Urban,0-4,1017,554,463,127,76,51,138,72,66,67,39,28,86,51,35,45,24,21,3,1,2,521,274,247,30,17,13
20357,C4920,27,524,District-Latur,Urban,5-9,1419,811,608,191,107,84,167,94,73,384,221,163,163,108,55,81,49,32,5,4,1,342,188,154,86,40,46
20358,C4920,27,524,District-Latur,Urban,10-19,3662,1992,1670,448,257,191,468,264,204,899,503,396,439,276,163,284,154,130,30,15,15,786,405,381,308,118,190
20359,C4920,27,524,District-Latur,Urban,20-29,3291,1807,1484,347,198,149,425,233,192,837,446,391,576,345,231,193,108,85,31,17,14,732,377,355,150,83,67
20360,C4920,27,524,District-Latur,Urban,30-39,2805,1589,1216,264,143,121,357,212,145,810,421,389,533,344,189,114,69,45,40,31,9,592,310,282,95,59,36
20361,C4920,27,524,District-Latur,Urban,40-49,2281,1409,872,240,139,101,333,215,118,667,383,284,394,270,124,74,50,24,23,13,10,483,295,188,67,44,23
20362,C4920,27,524,District-Latur,Urban,50-59,1454,868,586,153,89,64,211,133,78,374,219,155,309,215,94,36,24,12,21,11,10,312,155,157,38,22,16
20363,C4920,27,524,District-Latur,Urban,60-69,1380,792,588,217,107,110,216,130,86,302,177,125,332,204,128,14,9,5,9,5,4,240,135,105,50,25,25
20364,C4920,27,524,District-Latur,Urban,70-79,647,370,277,124,64,60,105,60,45,123,85,38,164,92,72,12,7,5,4,2,2,90,48,42,25,12,13
20365,C4920,27,524,District-Latur,Urban,80-89,229,107,122,41,22,19,49,26,23,31,12,19,48,19,29,0,0,0,1,0,1,36,18,18,23,10,13
20366,C4920,27,524,District-Latur,Urban,90+,118,51,67,18,7,11,26,8,18,25,15,10,17,6,11,2,2,0,0,0,0,23,12,11,7,1,6
20367,C4920,27,524,District-Latur,Urban,Age Not Stated,151,89,62,13,8,5,23,12,11,38,24,14,15,9,6,3,0,3,1,0,1,54,33,21,4,3,1
20368,C4920,27,525,District-Osmanabad,Total,Total,50492,29869,20623,9176,5054,4122,7530,4423,3107,4281,2388,1893,14091,9365,4726,2849,1585,1264,839,490,349,8382,4602,3780,3344,1962,1382
20369,C4920,27,525,District-Osmanabad,Total,0-4,2225,1183,1042,357,187,170,354,201,153,73,35,38,277,166,111,107,61,46,5,5,0,905,449,456,147,79,68
20370,C4920,27,525,District-Osmanabad,Total,5-9,3253,1812,1441,529,283,246,442,247,195,394,212,182,484,300,184,320,179,141,18,8,10,799,427,372,267,156,111
20371,C4920,27,525,District-Osmanabad,Total,10-19,8425,5010,3415,1342,778,564,1201,738,463,976,566,410,1538,1017,521,997,573,424,86,45,41,1585,880,705,700,413,287
20372,C4920,27,525,District-Osmanabad,Total,20-29,7569,4600,2969,1041,621,420,1043,617,426,729,395,334,2216,1520,696,596,324,272,136,83,53,1302,740,562,506,300,206
20373,C4920,27,525,District-Osmanabad,Total,30-39,6416,3985,2431,941,542,399,850,520,330,606,359,247,2195,1546,649,342,179,163,185,102,83,971,545,426,326,192,134
20374,C4920,27,525,District-Osmanabad,Total,40-49,5624,3593,2031,971,589,382,860,531,329,540,305,235,1830,1329,501,221,128,93,167,112,55,802,449,353,233,150,83
20375,C4920,27,525,District-Osmanabad,Total,50-59,4438,2763,1675,825,473,352,686,404,282,334,183,151,1548,1051,497,113,61,52,94,63,31,624,373,251,214,155,59
20376,C4920,27,525,District-Osmanabad,Total,60-69,6043,3210,2833,1429,666,763,975,517,458,395,202,193,1992,1182,810,93,45,48,76,37,39,744,376,368,339,185,154
20377,C4920,27,525,District-Osmanabad,Total,70-79,4246,2575,1671,1139,633,506,711,424,287,159,93,66,1411,931,480,35,24,11,43,23,20,426,247,179,322,200,122
20378,C4920,27,525,District-Osmanabad,Total,80-89,1616,815,801,450,206,244,300,165,135,45,21,24,457,247,210,14,4,10,19,8,11,141,73,68,190,91,99
20379,C4920,27,525,District-Osmanabad,Total,90+,536,268,268,138,66,72,90,50,40,18,9,9,129,68,61,5,4,1,7,2,5,54,29,25,95,40,55
20380,C4920,27,525,District-Osmanabad,Total,Age Not Stated,101,55,46,14,10,4,18,9,9,12,8,4,14,8,6,6,3,3,3,2,1,29,14,15,5,1,4
20381,C4920,27,525,District-Osmanabad,Rural,Total,42522,25205,17317,7695,4267,3428,6264,3654,2610,3585,1994,1591,12143,8073,4070,2272,1255,1017,705,414,291,6961,3842,3119,2897,1706,1191
20382,C4920,27,525,District-Osmanabad,Rural,0-4,1853,975,878,280,142,138,303,170,133,60,29,31,245,147,98,83,46,37,4,4,0,756,370,386,122,67,55
20383,C4920,27,525,District-Osmanabad,Rural,5-9,2658,1489,1169,391,217,174,360,201,159,317,164,153,412,257,155,271,149,122,13,5,8,658,356,302,236,140,96
20384,C4920,27,525,District-Osmanabad,Rural,10-19,6880,4088,2792,1041,621,420,964,592,372,814,472,342,1297,850,447,791,450,341,69,36,33,1314,725,589,590,342,248
20385,C4920,27,525,District-Osmanabad,Rural,20-29,6217,3837,2380,824,503,321,855,502,353,608,332,276,1870,1300,570,479,257,222,112,70,42,1041,612,429,428,261,167
20386,C4920,27,525,District-Osmanabad,Rural,30-39,5277,3296,1981,771,451,320,693,413,280,489,289,200,1856,1314,542,259,135,124,156,87,69,784,448,336,269,159,110
20387,C4920,27,525,District-Osmanabad,Rural,40-49,4659,2981,1678,806,499,307,692,416,276,454,259,195,1542,1117,425,171,99,72,138,95,43,664,371,293,192,125,67
20388,C4920,27,525,District-Osmanabad,Rural,50-59,3756,2323,1433,696,388,308,569,332,237,289,157,132,1324,894,430,89,48,41,84,56,28,518,309,209,187,139,48
20389,C4920,27,525,District-Osmanabad,Rural,60-69,5327,2830,2497,1290,604,686,834,442,392,347,179,168,1759,1042,717,76,39,37,69,33,36,649,327,322,303,164,139
20390,C4920,27,525,District-Osmanabad,Rural,70-79,3850,2340,1510,1036,570,466,641,389,252,139,80,59,1295,856,439,31,23,8,38,19,19,375,218,157,295,185,110
20391,C4920,27,525,District-Osmanabad,Rural,80-89,1475,757,718,423,201,222,263,148,115,39,17,22,412,227,185,13,4,9,16,7,9,130,69,61,179,84,95
20392,C4920,27,525,District-Osmanabad,Rural,90+,484,243,241,126,63,63,76,43,33,18,9,9,118,61,57,3,2,1,4,1,3,48,25,23,91,39,52
20393,C4920,27,525,District-Osmanabad,Rural,Age Not Stated,86,46,40,11,8,3,14,6,8,11,7,4,13,8,5,6,3,3,2,1,1,24,12,12,5,1,4
20394,C4920,27,525,District-Osmanabad,Urban,Total,7970,4664,3306,1481,787,694,1266,769,497,696,394,302,1948,1292,656,577,330,247,134,76,58,1421,760,661,447,256,191
20395,C4920,27,525,District-Osmanabad,Urban,0-4,372,208,164,77,45,32,51,31,20,13,6,7,32,19,13,24,15,9,1,1,0,149,79,70,25,12,13
20396,C4920,27,525,District-Osmanabad,Urban,5-9,595,323,272,138,66,72,82,46,36,77,48,29,72,43,29,49,30,19,5,3,2,141,71,70,31,16,15
20397,C4920,27,525,District-Osmanabad,Urban,10-19,1545,922,623,301,157,144,237,146,91,162,94,68,241,167,74,206,123,83,17,9,8,271,155,116,110,71,39
20398,C4920,27,525,District-Osmanabad,Urban,20-29,1352,763,589,217,118,99,188,115,73,121,63,58,346,220,126,117,67,50,24,13,11,261,128,133,78,39,39
20399,C4920,27,525,District-Osmanabad,Urban,30-39,1139,689,450,170,91,79,157,107,50,117,70,47,339,232,107,83,44,39,29,15,14,187,97,90,57,33,24
20400,C4920,27,525,District-Osmanabad,Urban,40-49,965,612,353,165,90,75,168,115,53,86,46,40,288,212,76,50,29,21,29,17,12,138,78,60,41,25,16
20401,C4920,27,525,District-Osmanabad,Urban,50-59,682,440,242,129,85,44,117,72,45,45,26,19,224,157,67,24,13,11,10,7,3,106,64,42,27,16,11
20402,C4920,27,525,District-Osmanabad,Urban,60-69,716,380,336,139,62,77,141,75,66,48,23,25,233,140,93,17,6,11,7,4,3,95,49,46,36,21,15
20403,C4920,27,525,District-Osmanabad,Urban,70-79,396,235,161,103,63,40,70,35,35,20,13,7,116,75,41,4,1,3,5,4,1,51,29,22,27,15,12
20404,C4920,27,525,District-Osmanabad,Urban,80-89,141,58,83,27,5,22,37,17,20,6,4,2,45,20,25,1,0,1,3,1,2,11,4,7,11,7,4
20405,C4920,27,525,District-Osmanabad,Urban,90+,52,25,27,12,3,9,14,7,7,0,0,0,11,7,4,2,2,0,3,1,2,6,4,2,4,1,3
20406,C4920,27,525,District-Osmanabad,Urban,Age Not Stated,15,9,6,3,2,1,4,3,1,1,1,0,1,0,1,0,0,0,1,1,0,5,2,3,0,0,0
20407,C4920,27,526,District-Solapur,Total,Total,115755,66569,49186,32920,17770,15150,16148,9048,7100,7805,4411,3394,24172,15819,8353,8216,4604,3612,1852,1060,792,17264,9565,7699,7378,4292,3086
20408,C4920,27,526,District-Solapur,Total,0-4,5884,3325,2559,2329,1284,1045,835,461,374,146,83,63,560,352,208,311,174,137,21,13,8,1358,762,596,324,196,128
20409,C4920,27,526,District-Solapur,Total,5-9,8515,4810,3705,2602,1428,1174,1146,619,527,844,460,384,961,617,344,876,503,373,34,23,11,1292,706,586,760,454,306
20410,C4920,27,526,District-Solapur,Total,10-19,21051,12040,9011,6133,3325,2808,2794,1576,1218,1749,986,763,2726,1738,988,2636,1532,1104,202,116,86,2980,1673,1307,1831,1094,737
20411,C4920,27,526,District-Solapur,Total,20-29,18819,10838,7981,4911,2680,2231,2367,1332,1035,1423,806,617,4042,2609,1433,1770,996,774,311,173,138,2780,1534,1246,1215,708,507
20412,C4920,27,526,District-Solapur,Total,30-39,16149,9399,6750,4084,2208,1876,2107,1175,932,1076,605,471,4109,2740,1369,1096,595,501,375,221,154,2533,1402,1131,769,453,316
20413,C4920,27,526,District-Solapur,Total,40-49,13761,8336,5425,3554,1961,1593,1913,1149,764,1000,580,420,3371,2394,977,712,396,316,373,226,147,2198,1241,957,640,389,251
20414,C4920,27,526,District-Solapur,Total,50-59,10456,6231,4225,2828,1591,1237,1492,838,654,668,375,293,2805,1944,861,389,201,188,275,149,126,1593,890,703,406,243,163
20415,C4920,27,526,District-Solapur,Total,60-69,10481,5803,4678,3129,1560,1569,1656,915,741,514,307,207,2904,1810,1094,234,118,116,171,95,76,1387,720,667,486,278,208
20416,C4920,27,526,District-Solapur,Total,70-79,6649,3628,3021,2084,1042,1042,1150,610,540,273,149,124,1811,1120,691,110,47,63,58,29,29,662,363,299,501,268,233
20417,C4920,27,526,District-Solapur,Total,80-89,2458,1356,1102,750,410,340,451,241,210,64,35,29,639,373,266,31,16,15,21,12,9,217,127,90,285,142,143
20418,C4920,27,526,District-Solapur,Total,90+,867,409,458,274,136,138,147,75,72,16,8,8,172,77,95,22,13,9,3,1,2,100,51,49,133,48,85
20419,C4920,27,526,District-Solapur,Total,Age Not Stated,665,394,271,242,145,97,90,57,33,32,17,15,72,45,27,29,13,16,8,2,6,164,96,68,28,19,9
20420,C4920,27,526,District-Solapur,Rural,Total,79064,46242,32822,21467,11730,9737,10734,6122,4612,5467,3096,2371,17631,11730,5901,5421,3104,2317,1278,739,539,11799,6624,5175,5267,3097,2170
20421,C4920,27,526,District-Solapur,Rural,0-4,4040,2330,1710,1517,870,647,526,292,234,101,60,41,459,287,172,177,102,75,17,11,6,979,543,436,264,165,99
20422,C4920,27,526,District-Solapur,Rural,5-9,5894,3347,2547,1710,937,773,751,407,344,615,336,279,747,482,265,621,364,257,28,17,11,897,489,408,525,315,210
20423,C4920,27,526,District-Solapur,Rural,10-19,14365,8350,6015,3898,2140,1758,1809,1057,752,1251,706,545,2025,1302,723,1886,1102,784,155,91,64,2078,1195,883,1263,757,506
20424,C4920,27,526,District-Solapur,Rural,20-29,12296,7292,5004,2961,1656,1305,1488,863,625,986,564,422,2851,1892,959,1119,654,465,208,117,91,1823,1035,788,860,511,349
20425,C4920,27,526,District-Solapur,Rural,30-39,10636,6299,4337,2503,1369,1134,1329,747,582,726,401,325,2911,1987,924,662,369,293,265,154,111,1696,951,745,544,321,223
20426,C4920,27,526,District-Solapur,Rural,40-49,9158,5684,3474,2216,1245,971,1248,744,504,690,403,287,2402,1747,655,454,255,199,259,163,96,1457,848,609,432,279,153
20427,C4920,27,526,District-Solapur,Rural,50-59,6922,4207,2715,1817,1044,773,983,580,403,443,248,195,1961,1372,589,241,132,109,163,84,79,1040,581,459,274,166,108
20428,C4920,27,526,District-Solapur,Rural,60-69,7594,4190,3404,2268,1113,1155,1204,671,533,352,212,140,2175,1348,827,147,70,77,117,69,48,992,514,478,339,193,146
20429,C4920,27,526,District-Solapur,Rural,70-79,5098,2841,2257,1623,820,803,880,476,404,211,116,95,1399,899,500,63,27,36,42,23,19,486,267,219,394,213,181
20430,C4920,27,526,District-Solapur,Rural,80-89,1954,1097,857,601,335,266,344,185,159,57,31,26,507,310,197,20,11,9,17,9,8,165,95,70,243,121,122
20431,C4920,27,526,District-Solapur,Rural,90+,668,336,332,204,108,96,113,60,53,15,8,7,142,70,72,11,7,4,2,1,1,72,40,32,109,42,67
20432,C4920,27,526,District-Solapur,Rural,Age Not Stated,439,269,170,149,93,56,59,40,19,20,11,9,52,34,18,20,11,9,5,0,5,114,66,48,20,14,6
20433,C4920,27,526,District-Solapur,Urban,Total,36691,20327,16364,11453,6040,5413,5414,2926,2488,2338,1315,1023,6541,4089,2452,2795,1500,1295,574,321,253,5465,2941,2524,2111,1195,916
20434,C4920,27,526,District-Solapur,Urban,0-4,1844,995,849,812,414,398,309,169,140,45,23,22,101,65,36,134,72,62,4,2,2,379,219,160,60,31,29
20435,C4920,27,526,District-Solapur,Urban,5-9,2621,1463,1158,892,491,401,395,212,183,229,124,105,214,135,79,255,139,116,6,6,0,395,217,178,235,139,96
20436,C4920,27,526,District-Solapur,Urban,10-19,6686,3690,2996,2235,1185,1050,985,519,466,498,280,218,701,436,265,750,430,320,47,25,22,902,478,424,568,337,231
20437,C4920,27,526,District-Solapur,Urban,20-29,6523,3546,2977,1950,1024,926,879,469,410,437,242,195,1191,717,474,651,342,309,103,56,47,957,499,458,355,197,158
20438,C4920,27,526,District-Solapur,Urban,30-39,5513,3100,2413,1581,839,742,778,428,350,350,204,146,1198,753,445,434,226,208,110,67,43,837,451,386,225,132,93
20439,C4920,27,526,District-Solapur,Urban,40-49,4603,2652,1951,1338,716,622,665,405,260,310,177,133,969,647,322,258,141,117,114,63,51,741,393,348,208,110,98
20440,C4920,27,526,District-Solapur,Urban,50-59,3534,2024,1510,1011,547,464,509,258,251,225,127,98,844,572,272,148,69,79,112,65,47,553,309,244,132,77,55
20441,C4920,27,526,District-Solapur,Urban,60-69,2887,1613,1274,861,447,414,452,244,208,162,95,67,729,462,267,87,48,39,54,26,28,395,206,189,147,85,62
20442,C4920,27,526,District-Solapur,Urban,70-79,1551,787,764,461,222,239,270,134,136,62,33,29,412,221,191,47,20,27,16,6,10,176,96,80,107,55,52
20443,C4920,27,526,District-Solapur,Urban,80-89,504,259,245,149,75,74,107,56,51,7,4,3,132,63,69,11,5,6,4,3,1,52,32,20,42,21,21
20444,C4920,27,526,District-Solapur,Urban,90+,199,73,126,70,28,42,34,15,19,1,0,1,30,7,23,11,6,5,1,0,1,28,11,17,24,6,18
20445,C4920,27,526,District-Solapur,Urban,Age Not Stated,226,125,101,93,52,41,31,17,14,12,6,6,20,11,9,9,2,7,3,2,1,50,30,20,8,5,3
20446,C4920,27,527,District-Satara,Total,Total,97087,54324,42763,12706,6786,5920,14055,7728,6327,24643,12995,11648,17483,11414,6069,5401,2986,2415,1715,914,801,16014,8468,7546,5070,3033,2037
20447,C4920,27,527,District-Satara,Total,0-4,3928,2091,1837,561,287,274,617,316,301,240,116,124,246,151,95,137,76,61,13,8,5,1947,1037,910,167,100,67
20448,C4920,27,527,District-Satara,Total,5-9,5667,3126,2541,761,425,336,796,431,365,1547,812,735,519,302,217,471,282,189,28,19,9,1075,571,504,470,284,186
20449,C4920,27,527,District-Satara,Total,10-19,14300,8112,6188,1931,1074,857,1961,1062,899,3591,1952,1639,1570,1027,543,1654,949,705,134,80,54,2334,1283,1051,1125,685,440
20450,C4920,27,527,District-Satara,Total,20-29,14163,7775,6388,1578,846,732,1826,1011,815,3912,1991,1921,2270,1411,859,1235,670,565,249,128,121,2360,1270,1090,733,448,285
20451,C4920,27,527,District-Satara,Total,30-39,14241,7882,6359,1488,805,683,1814,1017,797,3959,2022,1937,2966,1940,1026,817,410,407,384,209,175,2198,1124,1074,615,355,260
20452,C4920,27,527,District-Satara,Total,40-49,13309,7729,5580,1502,820,682,1806,1046,760,3968,2132,1836,2673,1892,781,548,277,271,375,200,175,1994,1090,904,443,272,171
20453,C4920,27,527,District-Satara,Total,50-59,10782,6295,4487,1360,766,594,1496,859,637,3089,1672,1417,2326,1601,725,280,178,102,271,137,134,1583,820,763,377,262,115
20454,C4920,27,527,District-Satara,Total,60-69,10142,5578,4564,1600,799,801,1646,878,768,2377,1233,1144,2506,1629,877,136,75,61,145,75,70,1337,647,690,395,242,153
20455,C4920,27,527,District-Satara,Total,70-79,6734,3758,2976,1220,614,606,1322,721,601,1271,678,593,1632,1055,577,56,34,22,82,45,37,713,386,327,438,225,213
20456,C4920,27,527,District-Satara,Total,80-89,2313,1238,1075,484,253,231,534,273,261,326,193,133,540,297,243,23,14,9,16,5,11,204,102,102,186,101,85
20457,C4920,27,527,District-Satara,Total,90+,726,313,413,134,51,83,141,63,78,123,65,58,150,59,91,18,8,10,8,1,7,67,32,35,85,34,51
20458,C4920,27,527,District-Satara,Total,Age Not Stated,782,427,355,87,46,41,96,51,45,240,129,111,85,50,35,26,13,13,10,7,3,202,106,96,36,25,11
20459,C4920,27,527,District-Satara,Rural,Total,80586,44843,35743,10493,5543,4950,11139,6111,5028,20719,10880,9839,14755,9631,5124,4380,2358,2022,1442,763,679,13364,7015,6349,4294,2542,1752
20460,C4920,27,527,District-Satara,Rural,0-4,3268,1705,1563,458,228,230,482,242,240,202,98,104,202,123,79,111,63,48,10,6,4,1668,868,800,135,77,58
20461,C4920,27,527,District-Satara,Rural,5-9,4698,2586,2112,616,342,274,605,328,277,1314,686,628,446,262,184,387,230,157,23,17,6,921,490,431,386,231,155
20462,C4920,27,527,District-Satara,Rural,10-19,11770,6663,5107,1563,871,692,1513,821,692,3018,1647,1371,1315,864,451,1333,740,593,112,66,46,1951,1061,890,965,593,372
20463,C4920,27,527,District-Satara,Rural,20-29,11482,6279,5203,1246,658,588,1382,774,608,3214,1622,1592,1901,1190,711,1002,516,486,203,106,97,1929,1048,881,605,365,240
20464,C4920,27,527,District-Satara,Rural,30-39,11525,6353,5172,1160,623,537,1379,771,608,3266,1666,1600,2455,1605,850,652,319,333,327,176,151,1775,900,875,511,293,218
20465,C4920,27,527,District-Satara,Rural,40-49,10855,6265,4590,1204,650,554,1376,796,580,3321,1785,1536,2199,1555,644,453,228,225,307,162,145,1626,871,755,369,218,151
20466,C4920,27,527,District-Satara,Rural,50-59,8936,5167,3769,1131,614,517,1203,690,513,2570,1385,1185,1938,1319,619,226,147,79,234,115,119,1325,688,637,309,209,100
20467,C4920,27,527,District-Satara,Rural,60-69,8736,4769,3967,1407,704,703,1389,745,644,2061,1039,1022,2147,1406,741,113,63,50,123,62,61,1149,540,609,347,210,137
20468,C4920,27,527,District-Satara,Rural,70-79,6001,3354,2647,1089,551,538,1146,618,528,1155,615,540,1462,947,515,48,26,22,73,41,32,631,351,280,397,205,192
20469,C4920,27,527,District-Satara,Rural,80-89,2071,1106,965,433,226,207,469,235,234,301,177,124,481,268,213,21,12,9,14,5,9,180,89,91,172,94,78
20470,C4920,27,527,District-Satara,Rural,90+,645,271,374,123,43,80,124,55,69,113,61,52,135,49,86,14,6,8,7,1,6,54,26,28,75,30,45
20471,C4920,27,527,District-Satara,Rural,Age Not Stated,599,325,274,63,33,30,71,36,35,184,99,85,74,43,31,20,8,12,9,6,3,155,83,72,23,17,6
20472,C4920,27,527,District-Satara,Urban,Total,16501,9481,7020,2213,1243,970,2916,1617,1299,3924,2115,1809,2728,1783,945,1021,628,393,273,151,122,2650,1453,1197,776,491,285
20473,C4920,27,527,District-Satara,Urban,0-4,660,386,274,103,59,44,135,74,61,38,18,20,44,28,16,26,13,13,3,2,1,279,169,110,32,23,9
20474,C4920,27,527,District-Satara,Urban,5-9,969,540,429,145,83,62,191,103,88,233,126,107,73,40,33,84,52,32,5,2,3,154,81,73,84,53,31
20475,C4920,27,527,District-Satara,Urban,10-19,2530,1449,1081,368,203,165,448,241,207,573,305,268,255,163,92,321,209,112,22,14,8,383,222,161,160,92,68
20476,C4920,27,527,District-Satara,Urban,20-29,2681,1496,1185,332,188,144,444,237,207,698,369,329,369,221,148,233,154,79,46,22,24,431,222,209,128,83,45
20477,C4920,27,527,District-Satara,Urban,30-39,2716,1529,1187,328,182,146,435,246,189,693,356,337,511,335,176,165,91,74,57,33,24,423,224,199,104,62,42
20478,C4920,27,527,District-Satara,Urban,40-49,2454,1464,990,298,170,128,430,250,180,647,347,300,474,337,137,95,49,46,68,38,30,368,219,149,74,54,20
20479,C4920,27,527,District-Satara,Urban,50-59,1846,1128,718,229,152,77,293,169,124,519,287,232,388,282,106,54,31,23,37,22,15,258,132,126,68,53,15
20480,C4920,27,527,District-Satara,Urban,60-69,1406,809,597,193,95,98,257,133,124,316,194,122,359,223,136,23,12,11,22,13,9,188,107,81,48,32,16
20481,C4920,27,527,District-Satara,Urban,70-79,733,404,329,131,63,68,176,103,73,116,63,53,170,108,62,8,8,0,9,4,5,82,35,47,41,20,21
20482,C4920,27,527,District-Satara,Urban,80-89,242,132,110,51,27,24,65,38,27,25,16,9,59,29,30,2,2,0,2,0,2,24,13,11,14,7,7
20483,C4920,27,527,District-Satara,Urban,90+,81,42,39,11,8,3,17,8,9,10,4,6,15,10,5,4,2,2,1,0,1,13,6,7,10,4,6
20484,C4920,27,527,District-Satara,Urban,Age Not Stated,183,102,81,24,13,11,25,15,10,56,30,26,11,7,4,6,5,1,1,1,0,47,23,24,13,8,5
20485,C4920,27,528,District-Ratnagiri,Total,Total,34042,18420,15622,6926,3145,3781,4807,2345,2462,2365,1270,1095,9509,5962,3547,2748,1554,1194,1311,686,625,3139,1689,1450,3237,1769,1468
20486,C4920,27,528,District-Ratnagiri,Total,0-4,693,369,324,113,51,62,98,54,44,19,12,7,120,71,49,33,18,15,12,6,6,224,118,106,74,39,35
20487,C4920,27,528,District-Ratnagiri,Total,5-9,1463,827,636,198,111,87,173,92,81,178,96,82,246,140,106,236,144,92,14,5,9,211,114,97,207,125,82
20488,C4920,27,528,District-Ratnagiri,Total,10-19,4225,2409,1816,529,308,221,540,286,254,386,221,165,736,413,323,975,575,400,69,43,26,478,264,214,512,299,213
20489,C4920,27,528,District-Ratnagiri,Total,20-29,3823,2123,1700,406,224,182,361,176,185,411,207,204,1086,637,449,604,341,263,149,82,67,415,235,180,391,221,170
20490,C4920,27,528,District-Ratnagiri,Total,30-39,4310,2430,1880,491,255,236,451,222,229,427,221,206,1474,937,537,417,218,199,263,140,123,434,238,196,353,199,154
20491,C4920,27,528,District-Ratnagiri,Total,40-49,4264,2503,1761,758,381,377,497,247,250,355,203,152,1415,970,445,237,136,101,281,164,117,414,224,190,307,178,129
20492,C4920,27,528,District-Ratnagiri,Total,50-59,3758,2144,1614,842,370,472,471,242,229,257,138,119,1293,900,393,125,55,70,195,109,86,334,178,156,241,152,89
20493,C4920,27,528,District-Ratnagiri,Total,60-69,4992,2559,2433,1544,603,941,816,393,423,179,99,80,1533,979,554,81,45,36,155,70,85,327,172,155,357,198,159
20494,C4920,27,528,District-Ratnagiri,Total,70-79,4256,2059,2197,1411,584,827,903,410,493,108,53,55,1102,661,441,23,16,7,85,26,59,205,102,103,419,207,212
20495,C4920,27,528,District-Ratnagiri,Total,80-89,1704,748,956,527,211,316,378,161,217,32,15,17,405,212,193,11,3,8,18,6,12,72,34,38,261,106,155
20496,C4920,27,528,District-Ratnagiri,Total,90+,429,181,248,100,44,56,107,53,54,5,3,2,90,34,56,3,1,2,5,2,3,10,1,9,109,43,66
20497,C4920,27,528,District-Ratnagiri,Total,Age Not Stated,125,68,57,7,3,4,12,9,3,8,2,6,9,8,1,3,2,1,65,33,32,15,9,6,6,2,4
20498,C4920,27,528,District-Ratnagiri,Rural,Total,29676,15929,13747,6480,2900,3580,4212,2022,2190,1668,917,751,8401,5253,3148,2380,1336,1044,1145,595,550,2513,1342,1171,2877,1564,1313
20499,C4920,27,528,District-Ratnagiri,Rural,0-4,537,281,256,95,42,53,71,40,31,13,9,4,107,64,43,27,14,13,12,6,6,153,79,74,59,27,32
20500,C4920,27,528,District-Ratnagiri,Rural,5-9,1229,699,530,179,101,78,139,76,63,127,71,56,218,125,93,209,126,83,11,3,8,169,86,83,177,111,66
20501,C4920,27,528,District-Ratnagiri,Rural,10-19,3564,2037,1527,459,268,191,453,242,211,287,169,118,644,369,275,844,491,353,59,36,23,385,214,171,433,248,185
20502,C4920,27,528,District-Ratnagiri,Rural,20-29,3183,1782,1401,349,195,154,291,132,159,297,160,137,938,543,395,513,293,220,141,77,64,312,187,125,342,195,147
20503,C4920,27,528,District-Ratnagiri,Rural,30-39,3598,2030,1568,414,211,203,354,178,176,289,147,142,1286,812,474,365,193,172,238,126,112,346,191,155,306,172,134
20504,C4920,27,528,District-Ratnagiri,Rural,40-49,3627,2101,1526,696,334,362,417,206,211,236,136,100,1215,829,386,208,118,90,257,148,109,317,164,153,281,166,115
20505,C4920,27,528,District-Ratnagiri,Rural,50-59,3280,1850,1430,802,348,454,410,204,206,178,100,78,1134,788,346,104,41,63,175,98,77,278,144,134,199,127,72
20506,C4920,27,528,District-Ratnagiri,Rural,60-69,4593,2318,2275,1490,581,909,762,358,404,128,69,59,1385,879,506,71,39,32,145,68,77,292,150,142,320,174,146
20507,C4920,27,528,District-Ratnagiri,Rural,70-79,4035,1940,2095,1380,571,809,853,383,470,86,44,42,1022,612,410,22,15,7,82,25,57,183,90,93,407,200,207
20508,C4920,27,528,District-Ratnagiri,Rural,80-89,1578,689,889,513,202,311,351,145,206,23,10,13,361,195,166,11,3,8,17,5,12,60,30,30,242,99,143
20509,C4920,27,528,District-Ratnagiri,Rural,90+,408,174,234,99,44,55,103,52,51,1,1,0,83,30,53,3,1,2,5,2,3,9,1,8,105,43,62
20510,C4920,27,528,District-Ratnagiri,Rural,Age Not Stated,44,28,16,4,3,1,8,6,2,3,1,2,8,7,1,3,2,1,3,1,2,9,6,3,6,2,4
20511,C4920,27,528,District-Ratnagiri,Urban,Total,4366,2491,1875,446,245,201,595,323,272,697,353,344,1108,709,399,368,218,150,166,91,75,626,347,279,360,205,155
20512,C4920,27,528,District-Ratnagiri,Urban,0-4,156,88,68,18,9,9,27,14,13,6,3,3,13,7,6,6,4,2,0,0,0,71,39,32,15,12,3
20513,C4920,27,528,District-Ratnagiri,Urban,5-9,234,128,106,19,10,9,34,16,18,51,25,26,28,15,13,27,18,9,3,2,1,42,28,14,30,14,16
20514,C4920,27,528,District-Ratnagiri,Urban,10-19,661,372,289,70,40,30,87,44,43,99,52,47,92,44,48,131,84,47,10,7,3,93,50,43,79,51,28
20515,C4920,27,528,District-Ratnagiri,Urban,20-29,640,341,299,57,29,28,70,44,26,114,47,67,148,94,54,91,48,43,8,5,3,103,48,55,49,26,23
20516,C4920,27,528,District-Ratnagiri,Urban,30-39,712,400,312,77,44,33,97,44,53,138,74,64,188,125,63,52,25,27,25,14,11,88,47,41,47,27,20
20517,C4920,27,528,District-Ratnagiri,Urban,40-49,637,402,235,62,47,15,80,41,39,119,67,52,200,141,59,29,18,11,24,16,8,97,60,37,26,12,14
20518,C4920,27,528,District-Ratnagiri,Urban,50-59,478,294,184,40,22,18,61,38,23,79,38,41,159,112,47,21,14,7,20,11,9,56,34,22,42,25,17
20519,C4920,27,528,District-Ratnagiri,Urban,60-69,399,241,158,54,22,32,54,35,19,51,30,21,148,100,48,10,6,4,10,2,8,35,22,13,37,24,13
20520,C4920,27,528,District-Ratnagiri,Urban,70-79,221,119,102,31,13,18,50,27,23,22,9,13,80,49,31,1,1,0,3,1,2,22,12,10,12,7,5
20521,C4920,27,528,District-Ratnagiri,Urban,80-89,126,59,67,14,9,5,27,16,11,9,5,4,44,17,27,0,0,0,1,1,0,12,4,8,19,7,12
20522,C4920,27,528,District-Ratnagiri,Urban,90+,21,7,14,1,0,1,4,1,3,4,2,2,7,4,3,0,0,0,0,0,0,1,0,1,4,0,4
20523,C4920,27,528,District-Ratnagiri,Urban,Age Not Stated,81,40,41,3,0,3,4,3,1,5,1,4,1,1,0,0,0,0,62,32,30,6,3,3,0,0,0
20524,C4920,27,529,District-Sindhudurg,Total,Total,23465,12905,10560,3155,1629,1526,3032,1576,1456,4571,2418,2153,5282,3212,2070,1709,967,742,866,440,426,3045,1611,1434,1805,1052,753
20525,C4920,27,529,District-Sindhudurg,Total,0-4,551,314,237,55,30,25,64,42,22,38,23,15,65,44,21,21,14,7,4,2,2,260,137,123,44,22,22
20526,C4920,27,529,District-Sindhudurg,Total,5-9,1033,560,473,118,74,44,125,63,62,210,107,103,145,80,65,125,68,57,8,6,2,177,95,82,125,67,58
20527,C4920,27,529,District-Sindhudurg,Total,10-19,2981,1693,1288,312,181,131,316,159,157,599,322,277,356,220,136,603,352,251,38,26,12,438,230,208,319,203,116
20528,C4920,27,529,District-Sindhudurg,Total,20-29,2674,1510,1164,263,153,110,255,146,109,598,317,281,454,271,183,391,228,163,91,48,43,370,188,182,252,159,93
20529,C4920,27,529,District-Sindhudurg,Total,30-39,3220,1805,1415,318,189,129,304,165,139,730,386,344,789,500,289,261,144,117,185,87,98,429,219,210,204,115,89
20530,C4920,27,529,District-Sindhudurg,Total,40-49,3371,1952,1419,400,219,181,353,198,155,803,434,369,795,521,274,166,88,78,206,103,103,441,253,188,207,136,71
20531,C4920,27,529,District-Sindhudurg,Total,50-59,2822,1678,1144,387,207,180,343,214,129,606,327,279,760,530,230,82,42,40,172,93,79,333,189,144,139,76,63
20532,C4920,27,529,District-Sindhudurg,Total,60-69,3102,1585,1517,563,250,313,460,223,237,538,262,276,926,540,386,33,18,15,90,40,50,332,162,170,160,90,70
20533,C4920,27,529,District-Sindhudurg,Total,70-79,2408,1212,1196,516,230,286,511,237,274,303,162,141,635,344,291,16,9,7,51,26,25,176,90,86,200,114,86
20534,C4920,27,529,District-Sindhudurg,Total,80-89,910,431,479,170,72,98,231,102,129,82,46,36,263,133,130,6,3,3,11,5,6,44,19,25,103,51,52
20535,C4920,27,529,District-Sindhudurg,Total,90+,246,84,162,34,12,22,54,19,35,18,8,10,74,22,52,1,0,1,5,1,4,14,7,7,46,15,31
20536,C4920,27,529,District-Sindhudurg,Total,Age Not Stated,147,81,66,19,12,7,16,8,8,46,24,22,20,7,13,4,1,3,5,3,2,31,22,9,6,4,2
20537,C4920,27,529,District-Sindhudurg,Rural,Total,21208,11651,9557,2911,1493,1418,2739,1418,1321,4097,2167,1930,4793,2932,1861,1550,873,677,780,399,381,2703,1416,1287,1635,953,682
20538,C4920,27,529,District-Sindhudurg,Rural,0-4,490,279,211,50,28,22,61,41,20,35,21,14,60,41,19,21,14,7,4,2,2,222,113,109,37,19,18
20539,C4920,27,529,District-Sindhudurg,Rural,5-9,918,495,423,109,68,41,112,54,58,185,95,90,129,71,58,114,64,50,8,6,2,148,76,72,113,61,52
20540,C4920,27,529,District-Sindhudurg,Rural,10-19,2702,1502,1200,270,151,119,287,136,151,541,285,256,320,194,126,557,321,236,34,24,10,401,210,191,292,181,111
20541,C4920,27,529,District-Sindhudurg,Rural,20-29,2366,1336,1030,241,139,102,218,121,97,522,282,240,413,247,166,339,195,144,79,43,36,321,162,159,233,147,86
20542,C4920,27,529,District-Sindhudurg,Rural,30-39,2880,1615,1265,293,175,118,279,156,123,635,339,296,725,455,270,232,128,104,163,74,89,372,187,185,181,101,80
20543,C4920,27,529,District-Sindhudurg,Rural,40-49,3036,1767,1269,358,194,164,319,182,137,713,390,323,727,476,251,156,84,72,191,96,95,387,222,165,185,123,62
20544,C4920,27,529,District-Sindhudurg,Rural,50-59,2542,1515,1027,358,194,164,307,190,117,544,291,253,673,473,200,74,38,36,157,86,71,304,172,132,125,71,54
20545,C4920,27,529,District-Sindhudurg,Rural,60-69,2863,1461,1402,538,236,302,418,203,215,506,244,262,846,503,343,32,17,15,81,37,44,301,142,159,141,79,62
20546,C4920,27,529,District-Sindhudurg,Rural,70-79,2220,1127,1093,489,220,269,467,217,250,282,150,132,581,320,261,15,8,7,45,23,22,159,84,75,182,105,77
20547,C4920,27,529,District-Sindhudurg,Rural,80-89,825,395,430,156,65,91,208,92,116,74,40,34,233,125,108,6,3,3,9,4,5,43,19,24,96,47,49
20548,C4920,27,529,District-Sindhudurg,Rural,90+,225,80,145,31,11,20,48,18,30,18,8,10,66,20,46,0,0,0,4,1,3,14,7,7,44,15,29
20549,C4920,27,529,District-Sindhudurg,Rural,Age Not Stated,141,79,62,18,12,6,15,8,7,42,22,20,20,7,13,4,1,3,5,3,2,31,22,9,6,4,2
20550,C4920,27,529,District-Sindhudurg,Urban,Total,2257,1254,1003,244,136,108,293,158,135,474,251,223,489,280,209,159,94,65,86,41,45,342,195,147,170,99,71
20551,C4920,27,529,District-Sindhudurg,Urban,0-4,61,35,26,5,2,3,3,1,2,3,2,1,5,3,2,0,0,0,0,0,0,38,24,14,7,3,4
20552,C4920,27,529,District-Sindhudurg,Urban,5-9,115,65,50,9,6,3,13,9,4,25,12,13,16,9,7,11,4,7,0,0,0,29,19,10,12,6,6
20553,C4920,27,529,District-Sindhudurg,Urban,10-19,279,191,88,42,30,12,29,23,6,58,37,21,36,26,10,46,31,15,4,2,2,37,20,17,27,22,5
20554,C4920,27,529,District-Sindhudurg,Urban,20-29,308,174,134,22,14,8,37,25,12,76,35,41,41,24,17,52,33,19,12,5,7,49,26,23,19,12,7
20555,C4920,27,529,District-Sindhudurg,Urban,30-39,340,190,150,25,14,11,25,9,16,95,47,48,64,45,19,29,16,13,22,13,9,57,32,25,23,14,9
20556,C4920,27,529,District-Sindhudurg,Urban,40-49,335,185,150,42,25,17,34,16,18,90,44,46,68,45,23,10,4,6,15,7,8,54,31,23,22,13,9
20557,C4920,27,529,District-Sindhudurg,Urban,50-59,280,163,117,29,13,16,36,24,12,62,36,26,87,57,30,8,4,4,15,7,8,29,17,12,14,5,9
20558,C4920,27,529,District-Sindhudurg,Urban,60-69,239,124,115,25,14,11,42,20,22,32,18,14,80,37,43,1,1,0,9,3,6,31,20,11,19,11,8
20559,C4920,27,529,District-Sindhudurg,Urban,70-79,188,85,103,27,10,17,44,20,24,21,12,9,54,24,30,1,1,0,6,3,3,17,6,11,18,9,9
20560,C4920,27,529,District-Sindhudurg,Urban,80-89,85,36,49,14,7,7,23,10,13,8,6,2,30,8,22,0,0,0,2,1,1,1,0,1,7,4,3
20561,C4920,27,529,District-Sindhudurg,Urban,90+,21,4,17,3,1,2,6,1,5,0,0,0,8,2,6,1,0,1,1,0,1,0,0,0,2,0,2
20562,C4920,27,529,District-Sindhudurg,Urban,Age Not Stated,6,2,4,1,0,1,1,0,1,4,2,2,0,0,0,0,0,0,0,0,0,0,0,0,0,0,0
20563,C4920,27,530,District-Kolhapur,Total,Total,109927,61174,48753,16850,8876,7974,15422,8549,6873,28260,15091,13169,17151,11135,6016,5721,3113,2608,1726,964,762,19270,10219,9051,5527,3227,2300
20564,C4920,27,530,District-Kolhapur,Total,0-4,4810,2611,2199,885,486,399,704,391,313,305,149,156,274,171,103,129,70,59,35,16,19,2293,1211,1082,185,117,68
20565,C4920,27,530,District-Kolhapur,Total,5-9,6569,3667,2902,1018,544,474,916,520,396,1643,883,760,595,366,229,488,275,213,52,31,21,1258,689,569,599,359,240
20566,C4920,27,530,District-Kolhapur,Total,10-19,17027,9686,7341,2452,1399,1053,2302,1297,1005,4344,2384,1960,1659,1030,629,1869,1098,771,173,101,72,2905,1573,1332,1323,804,519
20567,C4920,27,530,District-Kolhapur,Total,20-29,17104,9251,7853,2236,1205,1031,2049,1083,966,4632,2428,2204,2690,1607,1083,1358,728,630,263,149,114,2991,1540,1451,885,511,374
20568,C4920,27,530,District-Kolhapur,Total,30-39,16747,9219,7528,2024,1142,882,2071,1162,909,4873,2458,2415,3076,2001,1075,853,412,441,361,212,149,2888,1490,1398,601,342,259
20569,C4920,27,530,District-Kolhapur,Total,40-49,15315,8842,6473,2094,1125,969,2015,1184,831,4712,2571,2141,2657,1855,802,518,261,257,324,177,147,2516,1380,1136,479,289,190
20570,C4920,27,530,District-Kolhapur,Total,50-59,11780,6924,4856,1808,952,856,1621,958,663,3446,1915,1531,2258,1635,623,248,131,117,231,131,100,1816,968,848,352,234,118
20571,C4920,27,530,District-Kolhapur,Total,60-69,10770,5773,4997,2115,984,1131,1749,900,849,2509,1337,1172,2192,1404,788,139,73,66,171,86,85,1474,755,719,421,234,187
20572,C4920,27,530,District-Kolhapur,Total,70-79,6207,3439,2768,1447,683,764,1261,700,561,1129,636,493,1193,773,420,61,38,23,78,46,32,651,365,286,387,198,189
20573,C4920,27,530,District-Kolhapur,Total,80-89,2049,1022,1027,512,237,275,480,228,252,287,150,137,349,193,156,13,6,7,18,7,11,189,100,89,201,101,100
20574,C4920,27,530,District-Kolhapur,Total,90+,715,323,392,156,72,84,136,64,72,113,55,58,130,57,73,10,4,6,10,3,7,88,42,46,72,26,46
20575,C4920,27,530,District-Kolhapur,Total,Age Not Stated,834,417,417,103,47,56,118,62,56,267,125,142,78,43,35,35,17,18,10,5,5,201,106,95,22,12,10
20576,C4920,27,530,District-Kolhapur,Rural,Total,83013,45932,37081,13812,7169,6643,12151,6654,5497,21055,11205,9850,12308,8042,4266,3959,2133,1826,1282,714,568,14257,7575,6682,4189,2440,1749
20577,C4920,27,530,District-Kolhapur,Rural,0-4,3685,1986,1699,706,384,322,566,312,254,219,111,108,201,119,82,93,47,46,28,13,15,1719,903,816,153,97,56
20578,C4920,27,530,District-Kolhapur,Rural,5-9,5003,2787,2216,859,464,395,714,405,309,1217,654,563,415,251,164,353,197,156,37,21,16,941,510,431,467,285,182
20579,C4920,27,530,District-Kolhapur,Rural,10-19,12938,7354,5584,2004,1133,871,1823,1011,812,3294,1802,1492,1187,753,434,1338,781,557,125,74,51,2185,1197,988,982,603,379
20580,C4920,27,530,District-Kolhapur,Rural,20-29,12552,6770,5782,1769,930,839,1541,794,747,3404,1783,1621,1949,1198,751,912,489,423,199,117,82,2133,1092,1041,645,367,278
20581,C4920,27,530,District-Kolhapur,Rural,30-39,12182,6713,5469,1570,871,699,1587,897,690,3485,1753,1732,2195,1446,749,552,265,287,267,154,113,2090,1074,1016,436,253,183
20582,C4920,27,530,District-Kolhapur,Rural,40-49,11302,6510,4792,1723,922,801,1550,902,648,3454,1868,1586,1801,1283,518,351,168,183,236,127,109,1838,1031,807,349,209,140
20583,C4920,27,530,District-Kolhapur,Rural,50-59,8850,5127,3723,1469,748,721,1265,727,538,2575,1421,1154,1585,1146,439,169,85,84,175,101,74,1357,730,627,255,169,86
20584,C4920,27,530,District-Kolhapur,Rural,60-69,8496,4489,4007,1771,812,959,1459,737,722,1993,1059,934,1605,1031,574,101,50,51,123,61,62,1122,565,557,322,174,148
20585,C4920,27,530,District-Kolhapur,Rural,70-79,5119,2793,2326,1285,601,684,1051,583,468,914,507,407,923,583,340,48,31,17,62,35,27,501,285,216,335,168,167
20586,C4920,27,530,District-Kolhapur,Rural,80-89,1684,842,842,447,209,238,390,183,207,230,124,106,282,157,125,9,5,4,14,5,9,137,72,65,175,87,88
20587,C4920,27,530,District-Kolhapur,Rural,90+,586,270,316,129,59,70,118,59,59,86,43,43,105,45,60,5,2,3,9,2,7,80,40,40,54,20,34
20588,C4920,27,530,District-Kolhapur,Rural,Age Not Stated,616,291,325,80,36,44,87,44,43,184,80,104,60,30,30,28,13,15,7,4,3,154,76,78,16,8,8
20589,C4920,27,530,District-Kolhapur,Urban,Total,26914,15242,11672,3038,1707,1331,3271,1895,1376,7205,3886,3319,4843,3093,1750,1762,980,782,444,250,194,5013,2644,2369,1338,787,551
20590,C4920,27,530,District-Kolhapur,Urban,0-4,1125,625,500,179,102,77,138,79,59,86,38,48,73,52,21,36,23,13,7,3,4,574,308,266,32,20,12
20591,C4920,27,530,District-Kolhapur,Urban,5-9,1566,880,686,159,80,79,202,115,87,426,229,197,180,115,65,135,78,57,15,10,5,317,179,138,132,74,58
20592,C4920,27,530,District-Kolhapur,Urban,10-19,4089,2332,1757,448,266,182,479,286,193,1050,582,468,472,277,195,531,317,214,48,27,21,720,376,344,341,201,140
20593,C4920,27,530,District-Kolhapur,Urban,20-29,4552,2481,2071,467,275,192,508,289,219,1228,645,583,741,409,332,446,239,207,64,32,32,858,448,410,240,144,96
20594,C4920,27,530,District-Kolhapur,Urban,30-39,4565,2506,2059,454,271,183,484,265,219,1388,705,683,881,555,326,301,147,154,94,58,36,798,416,382,165,89,76
20595,C4920,27,530,District-Kolhapur,Urban,40-49,4013,2332,1681,371,203,168,465,282,183,1258,703,555,856,572,284,167,93,74,88,50,38,678,349,329,130,80,50
20596,C4920,27,530,District-Kolhapur,Urban,50-59,2930,1797,1133,339,204,135,356,231,125,871,494,377,673,489,184,79,46,33,56,30,26,459,238,221,97,65,32
20597,C4920,27,530,District-Kolhapur,Urban,60-69,2274,1284,990,344,172,172,290,163,127,516,278,238,587,373,214,38,23,15,48,25,23,352,190,162,99,60,39
20598,C4920,27,530,District-Kolhapur,Urban,70-79,1088,646,442,162,82,80,210,117,93,215,129,86,270,190,80,13,7,6,16,11,5,150,80,70,52,30,22
20599,C4920,27,530,District-Kolhapur,Urban,80-89,365,180,185,65,28,37,90,45,45,57,26,31,67,36,31,4,1,3,4,2,2,52,28,24,26,14,12
20600,C4920,27,530,District-Kolhapur,Urban,90+,129,53,76,27,13,14,18,5,13,27,12,15,25,12,13,5,2,3,1,1,0,8,2,6,18,6,12
20601,C4920,27,530,District-Kolhapur,Urban,Age Not Stated,218,126,92,23,11,12,31,18,13,83,45,38,18,13,5,7,4,3,3,1,2,47,30,17,6,4,2
20602,C4920,27,531,District-Sangli,Total,Total,92466,51338,41128,17527,9250,8277,16078,8873,7205,17170,9238,7932,14155,9007,5148,5268,2973,2295,1711,907,804,15252,7978,7274,5305,3112,2193
20603,C4920,27,531,District-Sangli,Total,0-4,4390,2403,1987,1034,534,500,841,474,367,168,93,75,311,185,126,128,81,47,26,12,14,1666,883,783,216,141,75
20604,C4920,27,531,District-Sangli,Total,5-9,5986,3372,2614,1226,678,548,1030,587,443,1149,644,505,491,312,179,428,253,175,43,21,22,1113,591,522,506,286,220
20605,C4920,27,531,District-Sangli,Total,10-19,14887,8433,6454,2811,1548,1263,2473,1377,1096,2733,1470,1263,1412,896,516,1571,941,630,161,83,78,2469,1341,1128,1257,777,480
20606,C4920,27,531,District-Sangli,Total,20-29,14281,7713,6568,2493,1319,1174,2363,1240,1123,2882,1515,1367,1970,1206,764,1139,622,517,255,142,113,2305,1185,1120,874,484,390
20607,C4920,27,531,District-Sangli,Total,30-39,13152,7124,6028,2170,1153,1017,2105,1151,954,2830,1427,1403,2217,1391,826,832,449,383,356,188,168,2106,1058,1048,536,307,229
20608,C4920,27,531,District-Sangli,Total,40-49,11961,6879,5082,1980,1097,883,2042,1189,853,2774,1472,1302,2008,1376,632,570,308,262,360,203,157,1815,969,846,412,265,147
20609,C4920,27,531,District-Sangli,Total,50-59,9449,5458,3991,1719,907,812,1585,918,667,1988,1126,862,1850,1249,601,315,175,140,245,132,113,1427,746,681,320,205,115
20610,C4920,27,531,District-Sangli,Total,60-69,8573,4692,3881,1756,860,896,1521,796,725,1455,800,655,1887,1215,672,163,78,85,141,61,80,1220,626,594,430,256,174
20611,C4920,27,531,District-Sangli,Total,70-79,5868,3253,2615,1398,686,712,1275,705,570,700,418,282,1302,797,505,59,31,28,81,39,42,671,363,308,382,214,168
20612,C4920,27,531,District-Sangli,Total,80-89,2304,1210,1094,587,307,280,520,283,237,225,126,99,488,265,223,22,10,12,23,14,9,222,94,128,217,111,106
20613,C4920,27,531,District-Sangli,Total,90+,804,368,436,176,74,102,196,92,104,89,49,40,148,63,85,7,6,1,7,4,3,78,36,42,103,44,59
20614,C4920,27,531,District-Sangli,Total,Age Not Stated,811,433,378,177,87,90,127,61,66,177,98,79,71,52,19,34,19,15,13,8,5,160,86,74,52,22,30
20615,C4920,27,531,District-Sangli,Rural,Total,67877,37933,29944,13350,7021,6329,11660,6466,5194,11451,6211,5240,11286,7226,4060,4003,2238,1765,1306,692,614,10662,5635,5027,4159,2444,1715
20616,C4920,27,531,District-Sangli,Rural,0-4,3214,1808,1406,792,411,381,604,350,254,128,72,56,247,151,96,101,64,37,14,9,5,1152,636,516,176,115,61
20617,C4920,27,531,District-Sangli,Rural,5-9,4465,2518,1947,954,528,426,755,440,315,785,441,344,399,252,147,333,194,139,35,16,19,795,418,377,409,229,180
20618,C4920,27,531,District-Sangli,Rural,10-19,11050,6325,4725,2150,1172,978,1768,987,781,1874,1031,843,1132,730,402,1216,727,489,116,60,56,1760,983,777,1034,635,399
20619,C4920,27,531,District-Sangli,Rural,20-29,9959,5387,4572,1800,949,851,1587,842,745,1799,942,857,1533,960,573,813,429,384,182,106,76,1579,791,788,666,368,298
20620,C4920,27,531,District-Sangli,Rural,30-39,9235,5078,4157,1557,840,717,1431,790,641,1822,916,906,1737,1103,634,621,341,280,277,142,135,1405,723,682,385,223,162
20621,C4920,27,531,District-Sangli,Rural,40-49,8629,4982,3647,1455,804,651,1463,847,616,1842,980,862,1556,1079,477,456,242,214,282,161,121,1253,656,597,322,213,109
20622,C4920,27,531,District-Sangli,Rural,50-59,6847,3983,2864,1271,663,608,1160,671,489,1294,741,553,1463,984,479,247,136,111,198,108,90,982,529,453,232,151,81
20623,C4920,27,531,District-Sangli,Rural,60-69,6557,3572,2985,1398,685,713,1192,622,570,1022,559,463,1526,977,549,126,56,70,110,44,66,864,441,423,319,188,131
20624,C4920,27,531,District-Sangli,Rural,70-79,4764,2649,2115,1185,578,607,1013,554,459,533,331,202,1094,672,422,48,24,24,60,27,33,522,286,236,309,177,132
20625,C4920,27,531,District-Sangli,Rural,80-89,1902,1008,894,498,258,240,430,238,192,166,94,72,417,229,188,14,7,7,17,10,7,179,79,100,181,93,88
20626,C4920,27,531,District-Sangli,Rural,90+,678,302,376,149,60,89,162,75,87,66,37,29,130,52,78,4,3,1,6,3,3,66,32,34,95,40,55
20627,C4920,27,531,District-Sangli,Rural,Age Not Stated,577,321,256,141,73,68,95,50,45,120,67,53,52,37,15,24,15,9,9,6,3,105,61,44,31,12,19
20628,C4920,27,531,District-Sangli,Urban,Total,24589,13405,11184,4177,2229,1948,4418,2407,2011,5719,3027,2692,2869,1781,1088,1265,735,530,405,215,190,4590,2343,2247,1146,668,478
20629,C4920,27,531,District-Sangli,Urban,0-4,1176,595,581,242,123,119,237,124,113,40,21,19,64,34,30,27,17,10,12,3,9,514,247,267,40,26,14
20630,C4920,27,531,District-Sangli,Urban,5-9,1521,854,667,272,150,122,275,147,128,364,203,161,92,60,32,95,59,36,8,5,3,318,173,145,97,57,40
20631,C4920,27,531,District-Sangli,Urban,10-19,3837,2108,1729,661,376,285,705,390,315,859,439,420,280,166,114,355,214,141,45,23,22,709,358,351,223,142,81
20632,C4920,27,531,District-Sangli,Urban,20-29,4322,2326,1996,693,370,323,776,398,378,1083,573,510,437,246,191,326,193,133,73,36,37,726,394,332,208,116,92
20633,C4920,27,531,District-Sangli,Urban,30-39,3917,2046,1871,613,313,300,674,361,313,1008,511,497,480,288,192,211,108,103,79,46,33,701,335,366,151,84,67
20634,C4920,27,531,District-Sangli,Urban,40-49,3332,1897,1435,525,293,232,579,342,237,932,492,440,452,297,155,114,66,48,78,42,36,562,313,249,90,52,38
20635,C4920,27,531,District-Sangli,Urban,50-59,2602,1475,1127,448,244,204,425,247,178,694,385,309,387,265,122,68,39,29,47,24,23,445,217,228,88,54,34
20636,C4920,27,531,District-Sangli,Urban,60-69,2016,1120,896,358,175,183,329,174,155,433,241,192,361,238,123,37,22,15,31,17,14,356,185,171,111,68,43
20637,C4920,27,531,District-Sangli,Urban,70-79,1104,604,500,213,108,105,262,151,111,167,87,80,208,125,83,11,7,4,21,12,9,149,77,72,73,37,36
20638,C4920,27,531,District-Sangli,Urban,80-89,402,202,200,89,49,40,90,45,45,59,32,27,71,36,35,8,3,5,6,4,2,43,15,28,36,18,18
20639,C4920,27,531,District-Sangli,Urban,90+,126,66,60,27,14,13,34,17,17,23,12,11,18,11,7,3,3,0,1,1,0,12,4,8,8,4,4
20640,C4920,27,531,District-Sangli,Urban,Age Not Stated,234,112,122,36,14,22,32,11,21,57,31,26,19,15,4,10,4,6,4,2,2,55,25,30,21,10,11
20641,C4920,16,0,State-TRIPURA,Total,0-4,2631,1382,1249,326,164,162,504,259,245,89,41,48,300,172,128,141,83,58,20,10,10,1027,516,511,224,137,87
20642,C4920,16,0,State-TRIPURA,Total,5-9,4114,2311,1803,480,263,217,600,324,276,493,288,205,534,316,218,218,126,92,76,37,39,1159,631,528,554,326,228
20643,C4920,16,0,State-TRIPURA,Total,10-19,9764,5412,4352,1289,704,585,1517,804,713,1068,608,460,1490,845,645,805,453,352,342,202,140,1997,1048,949,1256,748,508
20644,C4920,16,0,State-TRIPURA,Total,20-29,10410,5899,4511,1211,659,552,1834,1054,780,1010,552,458,1887,1153,734,885,459,426,503,307,196,2111,1177,934,969,538,431
20645,C4920,16,0,State-TRIPURA,Total,30-39,9070,5351,3719,1202,689,513,1773,1087,686,718,379,339,1622,1082,540,795,447,348,587,347,240,1723,969,754,650,351,299
20646,C4920,16,0,State-TRIPURA,Total,40-49,8413,4942,3471,1392,799,593,1615,929,686,539,299,240,1586,1074,512,692,385,307,596,306,290,1448,845,603,545,305,240
20647,C4920,16,0,State-TRIPURA,Total,50-59,6573,3821,2752,1296,677,619,1188,641,547,332,195,137,1432,996,436,416,237,179,376,177,199,1075,629,446,458,269,189
20648,C4920,16,0,State-TRIPURA,Total,60-69,5750,2954,2796,1498,640,858,1149,569,580,194,116,78,1257,739,518,252,127,125,213,113,100,688,393,295,499,257,242
20649,C4920,16,0,State-TRIPURA,Total,70-79,4369,2068,2301,1259,542,717,907,448,459,84,47,37,933,475,458,57,27,30,116,51,65,391,201,190,622,277,345
20650,C4920,16,0,State-TRIPURA,Total,80-89,2211,958,1253,630,277,353,419,188,231,25,7,18,463,202,261,29,9,20,52,28,24,143,72,71,450,175,275
20651,C4920,16,0,State-TRIPURA,Total,90+,994,360,634,237,91,146,181,72,109,13,6,7,198,70,128,11,3,8,24,4,20,54,21,33,276,93,183
20652,C4920,16,0,State-TRIPURA,Total,Age Not Stated,47,24,23,8,7,1,8,7,1,2,0,2,5,2,3,6,2,4,4,1,3,9,3,6,5,2,3
20653,C4920,16,0,State-TRIPURA,Rural,Total,44942,24636,20306,7675,3913,3762,8585,4652,3933,3039,1702,1337,8015,4846,3169,3027,1640,1387,1865,993,872,8449,4611,3838,4287,2279,2008
20654,C4920,16,0,State-TRIPURA,Rural,0-4,2067,1087,980,281,141,140,423,218,205,69,35,34,229,133,96,116,71,45,18,9,9,765,375,390,166,105,61
20655,C4920,16,0,State-TRIPURA,Rural,5-9,3111,1743,1368,384,207,177,474,248,226,372,217,155,393,238,155,171,99,72,57,28,29,869,479,390,391,227,164
20656,C4920,16,0,State-TRIPURA,Rural,10-19,7190,3939,3251,927,494,433,1217,635,582,754,422,332,1137,642,495,576,321,255,234,131,103,1518,798,720,827,496,331
20657,C4920,16,0,State-TRIPURA,Rural,20-29,7374,4116,3258,869,463,406,1336,752,584,684,373,311,1356,829,527,633,325,308,333,193,140,1498,817,681,665,364,301
20658,C4920,16,0,State-TRIPURA,Rural,30-39,6244,3679,2565,853,494,359,1289,795,494,459,249,210,1078,716,362,545,301,244,379,227,152,1228,676,552,413,221,192
20659,C4920,16,0,State-TRIPURA,Rural,40-49,5531,3268,2263,925,550,375,1096,635,461,326,189,137,1027,692,335,464,257,207,375,186,189,978,576,402,340,183,157
20660,C4920,16,0,State-TRIPURA,Rural,50-59,4176,2405,1771,873,452,421,837,453,384,168,98,70,861,603,258,277,155,122,203,93,110,673,388,285,284,163,121
20661,C4920,16,0,State-TRIPURA,Rural,60-69,3884,1957,1927,1016,431,585,830,408,422,123,74,49,816,457,359,178,83,95,127,66,61,482,279,203,312,159,153
20662,C4920,16,0,State-TRIPURA,Rural,70-79,3036,1442,1594,897,389,508,644,310,334,56,34,22,658,341,317,37,18,19,78,34,44,280,145,135,386,171,215
20663,C4920,16,0,State-TRIPURA,Rural,80-89,1562,701,861,463,213,250,295,138,157,17,5,12,315,140,175,19,7,12,41,22,19,110,57,53,302,119,183
20664,C4920,16,0,State-TRIPURA,Rural,90+,738,281,457,180,73,107,138,55,83,11,6,5,143,54,89,8,2,6,18,3,15,42,19,23,198,69,129
20665,C4920,16,0,State-TRIPURA,Rural,Age Not Stated,29,18,11,7,6,1,6,5,1,0,0,0,2,1,1,3,1,2,2,1,1,6,2,4,3,2,1
20666,C4920,16,0,State-TRIPURA,Urban,Total,19404,10846,8558,3153,1599,1554,3110,1730,1380,1528,836,692,3692,2280,1412,1280,718,562,1044,590,454,3376,1894,1482,2221,1199,1022
20667,C4920,16,0,State-TRIPURA,Urban,0-4,564,295,269,45,23,22,81,41,40,20,6,14,71,39,32,25,12,13,2,1,1,262,141,121,58,32,26
20668,C4920,16,0,State-TRIPURA,Urban,5-9,1003,568,435,96,56,40,126,76,50,121,71,50,141,78,63,47,27,20,19,9,10,290,152,138,163,99,64
20669,C4920,16,0,State-TRIPURA,Urban,10-19,2574,1473,1101,362,210,152,300,169,131,314,186,128,353,203,150,229,132,97,108,71,37,479,250,229,429,252,177
20670,C4920,16,0,State-TRIPURA,Urban,20-29,3036,1783,1253,342,196,146,498,302,196,326,179,147,531,324,207,252,134,118,170,114,56,613,360,253,304,174,130
20671,C4920,16,0,State-TRIPURA,Urban,30-39,2826,1672,1154,349,195,154,484,292,192,259,130,129,544,366,178,250,146,104,208,120,88,495,293,202,237,130,107
20672,C4920,16,0,State-TRIPURA,Urban,40-49,2882,1674,1208,467,249,218,519,294,225,213,110,103,559,382,177,228,128,100,221,120,101,470,269,201,205,122,83
20673,C4920,16,0,State-TRIPURA,Urban,50-59,2397,1416,981,423,225,198,351,188,163,164,97,67,571,393,178,139,82,57,173,84,89,402,241,161,174,106,68
20674,C4920,16,0,State-TRIPURA,Urban,60-69,1866,997,869,482,209,273,319,161,158,71,42,29,441,282,159,74,44,30,86,47,39,206,114,92,187,98,89
20675,C4920,16,0,State-TRIPURA,Urban,70-79,1333,626,707,362,153,209,263,138,125,28,13,15,275,134,141,20,9,11,38,17,21,111,56,55,236,106,130
20676,C4920,16,0,State-TRIPURA,Urban,80-89,649,257,392,167,64,103,124,50,74,8,2,6,148,62,86,10,2,8,11,6,5,33,15,18,148,56,92
20677,C4920,16,0,State-TRIPURA,Urban,90+,256,79,177,57,18,39,43,17,26,2,0,2,55,16,39,3,1,2,6,1,5,12,2,10,78,24,54
20678,C4920,16,0,State-TRIPURA,Urban,Age Not Stated,18,6,12,1,1,0,2,2,0,2,0,2,3,1,2,3,1,2,2,0,2,3,1,2,2,0,2
20679,C4920,16,289,District-West Tripura ,Total,Total,32438,17875,14563,5756,2893,2863,5643,3041,2602,2381,1301,1080,5590,3458,2132,2087,1127,960,1466,808,658,6307,3534,2773,3208,1713,1495
20680,C4920,16,289,District-West Tripura ,Total,0-4,1202,638,564,125,62,63,222,117,105,46,20,26,139,84,55,54,31,23,7,5,2,504,255,249,105,64,41
20681,C4920,16,289,District-West Tripura ,Total,5-9,1868,1036,832,206,113,93,247,137,110,226,128,98,237,136,101,92,48,44,29,16,13,576,311,265,255,147,108
20682,C4920,16,289,District-West Tripura ,Total,10-19,4674,2592,2082,643,352,291,719,395,324,546,311,235,641,368,273,372,206,166,156,87,69,1012,530,482,585,343,242
20683,C4920,16,289,District-West Tripura ,Total,20-29,5118,2928,2190,619,364,255,827,455,372,524,289,235,835,516,319,443,222,221,263,163,100,1143,660,483,464,259,205
20684,C4920,16,289,District-West Tripura ,Total,30-39,4585,2695,1890,656,364,292,792,458,334,372,191,181,805,551,254,389,217,172,299,185,114,958,549,409,314,180,134
20685,C4920,16,289,District-West Tripura ,Total,40-49,4463,2606,1857,760,431,329,822,462,360,308,164,144,809,557,252,349,190,159,295,153,142,822,481,341,298,168,130
20686,C4920,16,289,District-West Tripura ,Total,50-59,3551,2076,1475,725,364,361,632,343,289,210,123,87,736,510,226,209,121,88,204,96,108,596,377,219,239,142,97
20687,C4920,16,289,District-West Tripura ,Total,60-69,2922,1508,1414,825,351,474,565,287,278,95,51,44,590,353,237,125,70,55,112,61,51,355,198,157,255,137,118
20688,C4920,16,289,District-West Tripura ,Total,70-79,2313,1078,1235,720,292,428,477,234,243,40,21,19,451,239,212,27,13,14,60,28,32,228,116,112,310,135,175
20689,C4920,16,289,District-West Tripura ,Total,80-89,1173,515,658,332,143,189,235,111,124,10,3,7,245,108,137,19,6,13,23,10,13,74,41,33,235,93,142
20690,C4920,16,289,District-West Tripura ,Total,90+,542,185,357,139,51,88,98,36,62,3,0,3,100,35,65,5,2,3,17,3,14,35,15,20,145,43,102
20691,C4920,16,289,District-West Tripura ,Total,Age Not Stated,27,18,9,6,6,0,7,6,1,1,0,1,2,1,1,3,1,2,1,1,0,4,1,3,3,2,1
20692,C4920,16,289,District-West Tripura ,Rural,Total,18527,10107,8420,3542,1751,1791,3409,1841,1568,1228,684,544,3035,1872,1163,1144,607,537,736,395,341,3745,2066,1679,1688,891,797
20693,C4920,16,289,District-West Tripura ,Rural,0-4,783,418,365,102,51,51,152,80,72,28,15,13,89,55,34,32,22,10,5,4,1,309,146,163,66,45,21
20694,C4920,16,289,District-West Tripura ,Rural,5-9,1137,612,525,144,76,68,156,80,76,143,77,66,132,80,52,54,26,28,16,9,7,355,193,162,137,71,66
20695,C4920,16,289,District-West Tripura ,Rural,10-19,2798,1509,1289,363,188,175,481,258,223,306,174,132,409,239,170,200,106,94,82,41,41,653,328,325,304,175,129
20696,C4920,16,289,District-West Tripura ,Rural,20-29,2954,1676,1278,374,219,155,502,284,218,283,153,130,482,293,189,249,123,126,137,79,58,676,384,292,251,141,110
20697,C4920,16,289,District-West Tripura ,Rural,30-39,2542,1496,1046,406,218,188,457,266,191,175,100,75,417,289,128,209,111,98,148,97,51,580,329,251,150,86,64
20698,C4920,16,289,District-West Tripura ,Rural,40-49,2367,1409,958,446,259,187,451,262,189,138,78,60,397,281,116,183,101,82,141,73,68,463,278,185,148,77,71
20699,C4920,16,289,District-West Tripura ,Rural,50-59,1824,1047,777,436,209,227,374,205,169,82,48,34,338,235,103,111,65,46,81,37,44,288,180,108,114,68,46
20700,C4920,16,289,District-West Tripura ,Rural,60-69,1617,819,798,490,208,282,334,174,160,49,25,24,294,166,128,75,39,36,55,27,28,200,114,86,120,66,54
20701,C4920,16,289,District-West Tripura ,Rural,70-79,1379,642,737,459,184,275,286,133,153,19,12,7,267,145,122,15,9,6,35,16,19,144,72,72,154,71,83
20702,C4920,16,289,District-West Tripura ,Rural,80-89,730,332,398,221,98,123,141,70,71,4,2,2,141,64,77,12,4,8,20,8,12,49,29,20,142,57,85
20703,C4920,16,289,District-West Tripura ,Rural,90+,379,134,245,96,36,60,70,25,45,1,0,1,68,24,44,3,1,2,15,3,12,26,13,13,100,32,68
20704,C4920,16,289,District-West Tripura ,Rural,Age Not Stated,17,13,4,5,5,0,5,4,1,0,0,0,1,1,0,1,0,1,1,1,0,2,0,2,2,2,0
20705,C4920,16,289,District-West Tripura ,Urban,Total,13911,7768,6143,2214,1142,1072,2234,1200,1034,1153,617,536,2555,1586,969,943,520,423,730,413,317,2562,1468,1094,1520,822,698
20706,C4920,16,289,District-West Tripura ,Urban,0-4,419,220,199,23,11,12,70,37,33,18,5,13,50,29,21,22,9,13,2,1,1,195,109,86,39,19,20
20707,C4920,16,289,District-West Tripura ,Urban,5-9,731,424,307,62,37,25,91,57,34,83,51,32,105,56,49,38,22,16,13,7,6,221,118,103,118,76,42
20708,C4920,16,289,District-West Tripura ,Urban,10-19,1876,1083,793,280,164,116,238,137,101,240,137,103,232,129,103,172,100,72,74,46,28,359,202,157,281,168,113
20709,C4920,16,289,District-West Tripura ,Urban,20-29,2164,1252,912,245,145,100,325,171,154,241,136,105,353,223,130,194,99,95,126,84,42,467,276,191,213,118,95
20710,C4920,16,289,District-West Tripura ,Urban,30-39,2043,1199,844,250,146,104,335,192,143,197,91,106,388,262,126,180,106,74,151,88,63,378,220,158,164,94,70
20711,C4920,16,289,District-West Tripura ,Urban,40-49,2096,1197,899,314,172,142,371,200,171,170,86,84,412,276,136,166,89,77,154,80,74,359,203,156,150,91,59
20712,C4920,16,289,District-West Tripura ,Urban,50-59,1727,1029,698,289,155,134,258,138,120,128,75,53,398,275,123,98,56,42,123,59,64,308,197,111,125,74,51
20713,C4920,16,289,District-West Tripura ,Urban,60-69,1305,689,616,335,143,192,231,113,118,46,26,20,296,187,109,50,31,19,57,34,23,155,84,71,135,71,64
20714,C4920,16,289,District-West Tripura ,Urban,70-79,934,436,498,261,108,153,191,101,90,21,9,12,184,94,90,12,4,8,25,12,13,84,44,40,156,64,92
20715,C4920,16,289,District-West Tripura ,Urban,80-89,443,183,260,111,45,66,94,41,53,6,1,5,104,44,60,7,2,5,3,2,1,25,12,13,93,36,57
20716,C4920,16,289,District-West Tripura ,Urban,90+,163,51,112,43,15,28,28,11,17,2,0,2,32,11,21,2,1,1,2,0,2,9,2,7,45,11,34
20717,C4920,16,289,District-West Tripura ,Urban,Age Not Stated,10,5,5,1,1,0,2,2,0,1,0,1,1,0,1,2,1,1,0,0,0,2,1,1,1,0,1
20718,C4920,16,290,District-South Tripura ,Total,Total,13275,7478,5797,1996,1067,929,2530,1408,1122,964,554,410,2629,1625,1004,1033,578,455,615,315,300,2026,1113,913,1482,818,664
20719,C4920,16,290,District-South Tripura ,Total,0-4,523,263,260,56,28,28,109,49,60,25,12,13,61,32,29,39,22,17,4,1,3,172,84,88,57,35,22
20720,C4920,16,290,District-South Tripura ,Total,5-9,857,514,343,103,58,45,129,71,58,110,66,44,100,65,35,56,37,19,23,10,13,196,120,76,140,87,53
20721,C4920,16,290,District-South Tripura ,Total,10-19,2029,1133,896,263,132,131,304,155,149,203,113,90,369,219,150,192,110,82,81,53,28,329,175,154,288,176,112
20722,C4920,16,290,District-South Tripura ,Total,20-29,2289,1275,1014,246,125,121,387,213,174,220,133,87,500,289,211,207,110,97,108,62,46,371,199,172,250,144,106
20723,C4920,16,290,District-South Tripura ,Total,30-39,2060,1209,851,224,141,83,452,287,165,167,90,77,420,271,149,198,106,92,122,58,64,302,165,137,175,91,84
20724,C4920,16,290,District-South Tripura ,Total,40-49,1749,1075,674,271,167,104,391,249,142,108,63,45,358,245,113,158,87,71,120,54,66,245,152,93,98,58,40
20725,C4920,16,290,District-South Tripura ,Total,50-59,1336,807,529,240,144,96,245,134,111,47,26,21,321,230,91,102,68,34,72,36,36,198,101,97,111,68,43
20726,C4920,16,290,District-South Tripura ,Total,60-69,1105,586,519,260,117,143,228,121,107,47,29,18,237,144,93,65,31,34,38,22,16,117,69,48,113,53,60
20727,C4920,16,290,District-South Tripura ,Total,70-79,728,376,352,173,85,88,174,87,87,25,17,8,153,80,73,6,4,2,26,12,14,57,30,27,114,61,53
20728,C4920,16,290,District-South Tripura ,Total,80-89,412,175,237,120,55,65,73,26,47,7,2,5,69,39,30,4,2,2,13,6,7,29,15,14,97,30,67
20729,C4920,16,290,District-South Tripura ,Total,90+,173,62,111,39,15,24,38,16,22,4,3,1,38,10,28,3,0,3,5,1,4,8,2,6,38,15,23
20730,C4920,16,290,District-South Tripura ,Total,Age Not Stated,14,3,11,1,0,1,0,0,0,1,0,1,3,1,2,3,1,2,3,0,3,2,1,1,1,0,1
20731,C4920,16,290,District-South Tripura ,Rural,Total,10822,6069,4753,1545,838,707,2130,1171,959,797,452,345,2149,1318,831,885,489,396,477,239,238,1638,901,737,1201,661,540
20732,C4920,16,290,District-South Tripura ,Rural,0-4,468,234,234,49,25,24,103,46,57,24,11,13,56,29,27,38,21,17,4,1,3,146,73,73,48,28,20
20733,C4920,16,290,District-South Tripura ,Rural,5-9,753,451,302,92,49,43,116,65,51,91,55,36,89,58,31,49,33,16,21,9,12,172,104,68,123,78,45
20734,C4920,16,290,District-South Tripura ,Rural,10-19,1777,987,790,234,118,116,280,143,137,168,93,75,324,189,135,176,101,75,62,38,24,286,154,132,247,151,96
20735,C4920,16,290,District-South Tripura ,Rural,20-29,1905,1047,858,211,105,106,337,178,159,182,108,74,408,243,165,181,96,85,89,48,41,293,154,139,204,115,89
20736,C4920,16,290,District-South Tripura ,Rural,30-39,1682,981,701,178,115,63,376,239,137,136,69,67,343,220,123,169,87,82,101,47,54,242,129,113,137,75,62
20737,C4920,16,290,District-South Tripura ,Rural,40-49,1376,842,534,189,125,64,315,201,114,92,53,39,293,193,100,130,69,61,94,42,52,186,115,71,77,44,33
20738,C4920,16,290,District-South Tripura ,Rural,50-59,984,602,382,157,101,56,196,106,90,34,19,15,243,176,67,80,54,26,46,22,24,143,75,68,85,49,36
20739,C4920,16,290,District-South Tripura ,Rural,60-69,854,441,413,182,77,105,181,92,89,37,24,13,190,111,79,50,22,28,27,17,10,95,56,39,92,42,50
20740,C4920,16,290,District-South Tripura ,Rural,70-79,566,290,276,129,63,66,135,67,68,23,16,7,125,64,61,4,3,1,21,10,11,43,24,19,86,43,43
20741,C4920,16,290,District-South Tripura ,Rural,80-89,316,143,173,90,46,44,59,21,38,6,1,5,51,29,22,3,2,1,9,5,4,24,14,10,74,25,49
20742,C4920,16,290,District-South Tripura ,Rural,90+,135,49,86,33,14,19,32,13,19,4,3,1,26,6,20,3,0,3,2,0,2,7,2,5,28,11,17
20743,C4920,16,290,District-South Tripura ,Rural,Age Not Stated,6,2,4,1,0,1,0,0,0,0,0,0,1,0,1,2,1,1,1,0,1,1,1,0,0,0,0
20744,C4920,16,290,District-South Tripura ,Urban,Total,2453,1409,1044,451,229,222,400,237,163,167,102,65,480,307,173,148,89,59,138,76,62,388,212,176,281,157,124
20745,C4920,16,290,District-South Tripura ,Urban,0-4,55,29,26,7,3,4,6,3,3,1,1,0,5,3,2,1,1,0,0,0,0,26,11,15,9,7,2
20746,C4920,16,290,District-South Tripura ,Urban,5-9,104,63,41,11,9,2,13,6,7,19,11,8,11,7,4,7,4,3,2,1,1,24,16,8,17,9,8
20747,C4920,16,290,District-South Tripura ,Urban,10-19,252,146,106,29,14,15,24,12,12,35,20,15,45,30,15,16,9,7,19,15,4,43,21,22,41,25,16
20748,C4920,16,290,District-South Tripura ,Urban,20-29,384,228,156,35,20,15,50,35,15,38,25,13,92,46,46,26,14,12,19,14,5,78,45,33,46,29,17
20749,C4920,16,290,District-South Tripura ,Urban,30-39,378,228,150,46,26,20,76,48,28,31,21,10,77,51,26,29,19,10,21,11,10,60,36,24,38,16,22
20750,C4920,16,290,District-South Tripura ,Urban,40-49,373,233,140,82,42,40,76,48,28,16,10,6,65,52,13,28,18,10,26,12,14,59,37,22,21,14,7
20751,C4920,16,290,District-South Tripura ,Urban,50-59,352,205,147,83,43,40,49,28,21,13,7,6,78,54,24,22,14,8,26,14,12,55,26,29,26,19,7
20752,C4920,16,290,District-South Tripura ,Urban,60-69,251,145,106,78,40,38,47,29,18,10,5,5,47,33,14,15,9,6,11,5,6,22,13,9,21,11,10
20753,C4920,16,290,District-South Tripura ,Urban,70-79,162,86,76,44,22,22,39,20,19,2,1,1,28,16,12,2,1,1,5,2,3,14,6,8,28,18,10
20754,C4920,16,290,District-South Tripura ,Urban,80-89,96,32,64,30,9,21,14,5,9,1,1,0,18,10,8,1,0,1,4,1,3,5,1,4,23,5,18
20755,C4920,16,290,District-South Tripura ,Urban,90+,38,13,25,6,1,5,6,3,3,0,0,0,12,4,8,0,0,0,3,1,2,1,0,1,10,4,6
20756,C4920,16,290,District-South Tripura ,Urban,Age Not Stated,8,1,7,0,0,0,0,0,0,1,0,1,2,1,1,1,0,1,2,0,2,1,0,1,1,0,1
20757,C4920,16,291,District-Dhalai,Total,Total,7863,4151,3712,1263,618,645,1382,718,664,460,267,193,1527,861,666,484,284,200,291,147,144,1773,911,862,683,345,338
20758,C4920,16,291,District-Dhalai,Total,0-4,320,159,161,54,19,35,48,29,19,4,2,2,22,10,12,23,18,5,4,3,1,141,66,75,24,12,12
20759,C4920,16,291,District-Dhalai,Total,5-9,551,310,241,57,37,20,96,46,50,63,42,21,58,32,26,33,21,12,9,3,6,181,93,88,54,36,18
20760,C4920,16,291,District-Dhalai,Total,10-19,1211,658,553,126,68,58,193,101,92,123,68,55,189,99,90,105,62,43,35,18,17,339,176,163,101,66,35
20761,C4920,16,291,District-Dhalai,Total,20-29,1141,656,485,110,56,54,210,124,86,95,55,40,201,136,65,86,50,36,37,22,15,318,169,149,84,44,40
20762,C4920,16,291,District-Dhalai,Total,30-39,920,527,393,107,63,44,178,101,77,65,35,30,136,91,45,74,51,23,57,34,23,251,127,124,52,25,27
20763,C4920,16,291,District-Dhalai,Total,40-49,901,515,386,146,78,68,136,70,66,62,36,26,182,119,63,74,46,28,54,28,26,190,104,86,57,34,23
20764,C4920,16,291,District-Dhalai,Total,50-59,715,384,331,150,74,76,137,75,62,22,13,9,159,108,51,43,19,24,32,10,22,140,71,69,32,14,18
20765,C4920,16,291,District-Dhalai,Total,60-69,861,411,450,200,83,117,183,77,106,19,12,7,229,121,108,32,12,20,34,17,17,121,67,54,43,22,21
20766,C4920,16,291,District-Dhalai,Total,70-79,697,298,399,166,72,94,125,59,66,4,3,1,214,93,121,10,4,6,17,4,13,55,26,29,106,37,69
20767,C4920,16,291,District-Dhalai,Total,80-89,368,158,210,108,51,57,53,24,29,1,0,1,97,32,65,2,0,2,10,8,2,27,10,17,70,33,37
20768,C4920,16,291,District-Dhalai,Total,90+,173,73,100,38,16,22,23,12,11,2,1,1,40,20,20,2,1,1,2,0,2,7,1,6,59,22,37
20769,C4920,16,291,District-Dhalai,Total,Age Not Stated,5,2,3,1,1,0,0,0,0,0,0,0,0,0,0,0,0,0,0,0,0,3,1,2,1,0,1
20770,C4920,16,291,District-Dhalai,Rural,Total,6923,3650,3273,1129,555,574,1278,667,611,400,231,169,1257,706,551,433,258,175,235,119,116,1619,828,791,572,286,286
20771,C4920,16,291,District-Dhalai,Rural,0-4,291,147,144,50,17,33,48,29,19,4,2,2,18,9,9,23,18,5,4,3,1,123,58,65,21,11,10
20772,C4920,16,291,District-Dhalai,Rural,5-9,498,281,217,51,33,18,90,42,48,56,39,17,50,26,24,33,21,12,9,3,6,160,84,76,49,33,16
20773,C4920,16,291,District-Dhalai,Rural,10-19,1118,602,516,118,62,56,179,93,86,118,65,53,165,86,79,97,57,40,31,15,16,319,166,153,91,58,33
20774,C4920,16,291,District-Dhalai,Rural,20-29,1026,586,440,98,46,52,193,115,78,82,47,35,169,115,54,80,48,32,31,18,13,296,156,140,77,41,36
20775,C4920,16,291,District-Dhalai,Rural,30-39,790,453,337,91,56,35,164,93,71,54,27,27,105,70,35,64,47,17,45,29,16,226,112,114,41,19,22
20776,C4920,16,291,District-Dhalai,Rural,40-49,774,445,329,125,71,54,123,65,58,50,28,22,148,98,50,62,37,25,45,22,23,171,92,79,50,32,18
20777,C4920,16,291,District-Dhalai,Rural,50-59,606,322,284,137,67,70,126,70,56,16,10,6,116,77,39,36,16,20,22,6,16,130,66,64,23,10,13
20778,C4920,16,291,District-Dhalai,Rural,60-69,743,345,398,178,74,104,168,70,98,13,9,4,186,91,95,27,10,17,26,14,12,111,59,52,34,18,16
20779,C4920,16,291,District-Dhalai,Rural,70-79,605,263,342,147,64,83,118,56,62,4,3,1,182,84,98,9,3,6,13,3,10,48,23,25,84,27,57
20780,C4920,16,291,District-Dhalai,Rural,80-89,320,138,182,99,48,51,49,24,25,1,0,1,83,30,53,1,0,1,8,6,2,27,10,17,52,20,32
20781,C4920,16,291,District-Dhalai,Rural,90+,147,66,81,34,16,18,20,10,10,2,1,1,35,20,15,1,1,0,1,0,1,5,1,4,49,17,32
20782,C4920,16,291,District-Dhalai,Rural,Age Not Stated,5,2,3,1,1,0,0,0,0,0,0,0,0,0,0,0,0,0,0,0,0,3,1,2,1,0,1
20783,C4920,16,291,District-Dhalai,Urban,Total,940,501,439,134,63,71,104,51,53,60,36,24,270,155,115,51,26,25,56,28,28,154,83,71,111,59,52
20784,C4920,16,291,District-Dhalai,Urban,0-4,29,12,17,4,2,2,0,0,0,0,0,0,4,1,3,0,0,0,0,0,0,18,8,10,3,1,2
20785,C4920,16,291,District-Dhalai,Urban,5-9,53,29,24,6,4,2,6,4,2,7,3,4,8,6,2,0,0,0,0,0,0,21,9,12,5,3,2
20786,C4920,16,291,District-Dhalai,Urban,10-19,93,56,37,8,6,2,14,8,6,5,3,2,24,13,11,8,5,3,4,3,1,20,10,10,10,8,2
20787,C4920,16,291,District-Dhalai,Urban,20-29,115,70,45,12,10,2,17,9,8,13,8,5,32,21,11,6,2,4,6,4,2,22,13,9,7,3,4
20788,C4920,16,291,District-Dhalai,Urban,30-39,130,74,56,16,7,9,14,8,6,11,8,3,31,21,10,10,4,6,12,5,7,25,15,10,11,6,5
20789,C4920,16,291,District-Dhalai,Urban,40-49,127,70,57,21,7,14,13,5,8,12,8,4,34,21,13,12,9,3,9,6,3,19,12,7,7,2,5
20790,C4920,16,291,District-Dhalai,Urban,50-59,109,62,47,13,7,6,11,5,6,6,3,3,43,31,12,7,3,4,10,4,6,10,5,5,9,4,5
20791,C4920,16,291,District-Dhalai,Urban,60-69,118,66,52,22,9,13,15,7,8,6,3,3,43,30,13,5,2,3,8,3,5,10,8,2,9,4,5
20792,C4920,16,291,District-Dhalai,Urban,70-79,92,35,57,19,8,11,7,3,4,0,0,0,32,9,23,1,1,0,4,1,3,7,3,4,22,10,12
20793,C4920,16,291,District-Dhalai,Urban,80-89,48,20,28,9,3,6,4,0,4,0,0,0,14,2,12,1,0,1,2,2,0,0,0,0,18,13,5
20794,C4920,16,291,District-Dhalai,Urban,90+,26,7,19,4,0,4,3,2,1,0,0,0,5,0,5,1,0,1,1,0,1,2,0,2,10,5,5
20795,C4920,16,291,District-Dhalai,Urban,Age Not Stated,0,0,0,0,0,0,0,0,0,0,0,0,0,0,0,0,0,0,0,0,0,0,0,0,0,0,0
20796,C4920,16,292,District-North Tripura,Total,Total,10770,5978,4792,1813,934,879,2140,1215,925,762,416,346,1961,1182,779,703,369,334,537,313,224,1719,947,772,1135,602,533
20797,C4920,16,292,District-North Tripura,Total,0-4,586,322,264,91,55,36,125,64,61,14,7,7,78,46,32,25,12,13,5,1,4,210,111,99,38,26,12
20798,C4920,16,292,District-North Tripura,Total,5-9,838,451,387,114,55,59,128,70,58,94,52,42,139,83,56,37,20,17,15,8,7,206,107,99,105,56,49
20799,C4920,16,292,District-North Tripura,Total,10-19,1850,1029,821,257,152,105,301,153,148,196,116,80,291,159,132,136,75,61,70,44,26,317,167,150,282,163,119
20800,C4920,16,292,District-North Tripura,Total,20-29,1862,1040,822,236,114,122,410,262,148,171,75,96,351,212,139,149,77,72,95,60,35,279,149,130,171,91,80
20801,C4920,16,292,District-North Tripura,Total,30-39,1505,920,585,215,121,94,351,241,110,114,63,51,261,169,92,134,73,61,109,70,39,212,128,84,109,55,54
20802,C4920,16,292,District-North Tripura,Total,40-49,1300,746,554,215,123,92,266,148,118,61,36,25,237,153,84,111,62,49,127,71,56,191,108,83,92,45,47
20803,C4920,16,292,District-North Tripura,Total,50-59,971,554,417,181,95,86,174,89,85,53,33,20,216,148,68,62,29,33,68,35,33,141,80,61,76,45,31
20804,C4920,16,292,District-North Tripura,Total,60-69,862,449,413,213,89,124,173,84,89,33,24,9,201,121,80,30,14,16,29,13,16,95,59,36,88,45,43
20805,C4920,16,292,District-North Tripura,Total,70-79,631,316,315,200,93,107,131,68,63,15,6,9,115,63,52,14,6,8,13,7,6,51,29,22,92,44,48
20806,C4920,16,292,District-North Tripura,Total,80-89,258,110,148,70,28,42,58,27,31,7,2,5,52,23,29,4,1,3,6,4,2,13,6,7,48,19,29
20807,C4920,16,292,District-North Tripura,Total,90+,106,40,66,21,9,12,22,8,14,4,2,2,20,5,15,1,0,1,0,0,0,4,3,1,34,13,21
20808,C4920,16,292,District-North Tripura,Total,Age Not Stated,1,1,0,0,0,0,1,1,0,0,0,0,0,0,0,0,0,0,0,0,0,0,0,0,0,0,0
20809,C4920,16,292,District-North Tripura,Rural,Total,8670,4810,3860,1459,769,690,1768,973,795,614,335,279,1574,950,624,565,286,279,417,240,177,1447,816,631,826,441,385
20810,C4920,16,292,District-North Tripura,Rural,0-4,525,288,237,80,48,32,120,63,57,13,7,6,66,40,26,23,10,13,5,1,4,187,98,89,31,21,10
20811,C4920,16,292,District-North Tripura,Rural,5-9,723,399,324,97,49,48,112,61,51,82,46,36,122,74,48,35,19,16,11,7,4,182,98,84,82,45,37
20812,C4920,16,292,District-North Tripura,Rural,10-19,1497,841,656,212,126,86,277,141,136,162,90,72,239,128,111,103,57,46,59,37,22,260,150,110,185,112,73
20813,C4920,16,292,District-North Tripura,Rural,20-29,1489,807,682,186,93,93,304,175,129,137,65,72,297,178,119,123,58,65,76,48,28,233,123,110,133,67,66
20814,C4920,16,292,District-North Tripura,Rural,30-39,1230,749,481,178,105,73,292,197,95,94,53,41,213,137,76,103,56,47,85,54,31,180,106,74,85,41,44
20815,C4920,16,292,District-North Tripura,Rural,40-49,1014,572,442,165,95,70,207,107,100,46,30,16,189,120,69,89,50,39,95,49,46,158,91,67,65,30,35
20816,C4920,16,292,District-North Tripura,Rural,50-59,762,434,328,143,75,68,141,72,69,36,21,15,164,115,49,50,20,30,54,28,26,112,67,45,62,36,26
20817,C4920,16,292,District-North Tripura,Rural,60-69,670,352,318,166,72,94,147,72,75,24,16,8,146,89,57,26,12,14,19,8,11,76,50,26,66,33,33
20818,C4920,16,292,District-North Tripura,Rural,70-79,486,247,239,162,78,84,105,54,51,10,3,7,84,48,36,9,3,6,9,5,4,45,26,19,62,30,32
20819,C4920,16,292,District-North Tripura,Rural,80-89,196,88,108,53,21,32,46,23,23,6,2,4,40,17,23,3,1,2,4,3,1,10,4,6,34,17,17
20820,C4920,16,292,District-North Tripura,Rural,90+,77,32,45,17,7,10,16,7,9,4,2,2,14,4,10,1,0,1,0,0,0,4,3,1,21,9,12
20821,C4920,16,292,District-North Tripura,Rural,Age Not Stated,1,1,0,0,0,0,1,1,0,0,0,0,0,0,0,0,0,0,0,0,0,0,0,0,0,0,0
20822,C4920,16,292,District-North Tripura,Urban,Total,2100,1168,932,354,165,189,372,242,130,148,81,67,387,232,155,138,83,55,120,73,47,272,131,141,309,161,148
20823,C4920,16,292,District-North Tripura,Urban,0-4,61,34,27,11,7,4,5,1,4,1,0,1,12,6,6,2,2,0,0,0,0,23,13,10,7,5,2
20824,C4920,16,292,District-North Tripura,Urban,5-9,115,52,63,17,6,11,16,9,7,12,6,6,17,9,8,2,1,1,4,1,3,24,9,15,23,11,12
20825,C4920,16,292,District-North Tripura,Urban,10-19,353,188,165,45,26,19,24,12,12,34,26,8,52,31,21,33,18,15,11,7,4,57,17,40,97,51,46
20826,C4920,16,292,District-North Tripura,Urban,20-29,373,233,140,50,21,29,106,87,19,34,10,24,54,34,20,26,19,7,19,12,7,46,26,20,38,24,14
20827,C4920,16,292,District-North Tripura,Urban,30-39,275,171,104,37,16,21,59,44,15,20,10,10,48,32,16,31,17,14,24,16,8,32,22,10,24,14,10
20828,C4920,16,292,District-North Tripura,Urban,40-49,286,174,112,50,28,22,59,41,18,15,6,9,48,33,15,22,12,10,32,22,10,33,17,16,27,15,12
20829,C4920,16,292,District-North Tripura,Urban,50-59,209,120,89,38,20,18,33,17,16,17,12,5,52,33,19,12,9,3,14,7,7,29,13,16,14,9,5
20830,C4920,16,292,District-North Tripura,Urban,60-69,192,97,95,47,17,30,26,12,14,9,8,1,55,32,23,4,2,2,10,5,5,19,9,10,22,12,10
20831,C4920,16,292,District-North Tripura,Urban,70-79,145,69,76,38,15,23,26,14,12,5,3,2,31,15,16,5,3,2,4,2,2,6,3,3,30,14,16
20832,C4920,16,292,District-North Tripura,Urban,80-89,62,22,40,17,7,10,12,4,8,1,0,1,12,6,6,1,0,1,2,1,1,3,2,1,14,2,12
20833,C4920,16,292,District-North Tripura,Urban,90+,29,8,21,4,2,2,6,1,5,0,0,0,6,1,5,0,0,0,0,0,0,0,0,0,13,4,9
20834,C4920,16,292,District-North Tripura,Urban,Age Not Stated,0,0,0,0,0,0,0,0,0,0,0,0,0,0,0,0,0,0,0,0,0,0,0,0,0,0,0
20835,C4920,13,0,State-NAGALAND,Total,0-4,1172,622,550,129,60,69,439,235,204,25,15,10,87,54,33,34,24,10,4,4,0,367,182,185,87,48,39
20836,C4920,13,0,State-NAGALAND,Total,5-9,1937,1053,884,254,130,124,499,253,246,230,133,97,191,121,70,64,33,31,37,19,18,429,234,195,233,130,103
20837,C4920,13,0,State-NAGALAND,Total,10-19,4631,2529,2102,618,323,295,1229,663,566,475,266,209,577,342,235,231,124,107,130,67,63,958,512,446,413,232,181
20838,C4920,13,0,State-NAGALAND,Total,20-29,4291,2319,1972,482,230,252,1090,564,526,377,212,165,590,351,239,258,144,114,209,129,80,840,428,412,445,261,184
20839,C4920,13,0,State-NAGALAND,Total,30-39,3575,1980,1595,379,223,156,948,551,397,360,177,183,473,300,173,219,117,102,233,140,93,673,328,345,290,144,146
20840,C4920,13,0,State-NAGALAND,Total,40-49,3719,2125,1594,463,272,191,1073,648,425,364,196,168,430,276,154,192,103,89,174,88,86,612,323,289,411,219,192
20841,C4920,13,0,State-NAGALAND,Total,50-59,3113,1763,1350,520,284,236,974,566,408,242,138,104,426,247,179,128,68,60,99,51,48,380,216,164,344,193,151
20842,C4920,13,0,State-NAGALAND,Total,60-69,2862,1503,1359,537,255,282,1003,538,465,143,84,59,421,236,185,73,34,39,61,26,35,289,164,125,335,166,169
20843,C4920,13,0,State-NAGALAND,Total,70-79,2387,1195,1192,428,195,233,897,504,393,59,32,27,374,178,196,38,14,24,30,12,18,183,90,93,378,170,208
20844,C4920,13,0,State-NAGALAND,Total,80-89,1367,726,641,253,112,141,559,341,218,15,7,8,183,88,95,8,2,6,15,8,7,77,38,39,257,130,127
20845,C4920,13,0,State-NAGALAND,Total,90+,529,297,232,82,42,40,207,127,80,3,1,2,71,39,32,3,2,1,1,1,0,21,7,14,141,78,63
20846,C4920,13,0,State-NAGALAND,Total,Age Not Stated,48,36,12,5,4,1,22,17,5,1,0,1,5,3,2,2,1,1,2,2,0,9,7,2,2,2,0
20847,C4920,13,0,State-NAGALAND,Rural,Total,23549,12761,10788,3291,1689,1602,7237,4050,3187,1889,1033,856,2941,1689,1252,949,499,450,776,425,351,3699,1910,1789,2767,1466,1301
20848,C4920,13,0,State-NAGALAND,Rural,0-4,873,474,399,91,43,48,316,181,135,21,14,7,65,37,28,23,16,7,3,3,0,288,145,143,66,35,31
20849,C4920,13,0,State-NAGALAND,Rural,5-9,1477,806,671,206,106,100,373,194,179,181,107,74,139,91,48,46,23,23,30,15,15,321,172,149,181,98,83
20850,C4920,13,0,State-NAGALAND,Rural,10-19,3542,1937,1605,465,242,223,960,522,438,387,216,171,445,268,177,173,95,78,104,57,47,687,357,330,321,180,141
20851,C4920,13,0,State-NAGALAND,Rural,20-29,3219,1749,1470,345,165,180,819,431,388,295,166,129,432,253,179,182,100,82,157,93,64,623,325,298,366,216,150
20852,C4920,13,0,State-NAGALAND,Rural,30-39,2700,1467,1233,290,171,119,700,398,302,294,140,154,335,203,132,171,89,82,176,109,67,506,244,262,228,113,115
20853,C4920,13,0,State-NAGALAND,Rural,40-49,2997,1679,1318,361,215,146,857,497,360,317,168,149,331,210,121,148,77,71,134,66,68,487,254,233,362,192,170
20854,C4920,13,0,State-NAGALAND,Rural,50-59,2561,1425,1136,419,222,197,836,481,355,204,116,88,314,176,138,106,59,47,84,40,44,300,163,137,298,168,130
20855,C4920,13,0,State-NAGALAND,Rural,60-69,2441,1259,1182,450,212,238,898,479,419,124,70,54,327,176,151,57,23,34,49,25,24,244,131,113,292,143,149
20856,C4920,13,0,State-NAGALAND,Rural,70-79,2089,1056,1033,366,171,195,809,453,356,53,30,23,327,159,168,36,14,22,26,8,18,154,77,77,318,144,174
20857,C4920,13,0,State-NAGALAND,Rural,80-89,1165,625,540,226,102,124,476,290,186,12,6,6,157,77,80,4,2,2,11,7,4,63,31,32,216,110,106
20858,C4920,13,0,State-NAGALAND,Rural,90+,445,254,191,68,37,31,173,108,65,1,0,1,64,36,28,1,0,1,1,1,0,20,7,13,117,65,52
20859,C4920,13,0,State-NAGALAND,Rural,Age Not Stated,40,30,10,4,3,1,20,16,4,0,0,0,5,3,2,2,1,1,1,1,0,6,4,2,2,2,0
20860,C4920,13,0,State-NAGALAND,Urban,Total,6082,3387,2695,859,441,418,1703,957,746,405,228,177,887,546,341,301,167,134,219,122,97,1139,619,520,569,307,262
20861,C4920,13,0,State-NAGALAND,Urban,0-4,299,148,151,38,17,21,123,54,69,4,1,3,22,17,5,11,8,3,1,1,0,79,37,42,21,13,8
20862,C4920,13,0,State-NAGALAND,Urban,5-9,460,247,213,48,24,24,126,59,67,49,26,23,52,30,22,18,10,8,7,4,3,108,62,46,52,32,20
20863,C4920,13,0,State-NAGALAND,Urban,10-19,1089,592,497,153,81,72,269,141,128,88,50,38,132,74,58,58,29,29,26,10,16,271,155,116,92,52,40
20864,C4920,13,0,State-NAGALAND,Urban,20-29,1072,570,502,137,65,72,271,133,138,82,46,36,158,98,60,76,44,32,52,36,16,217,103,114,79,45,34
20865,C4920,13,0,State-NAGALAND,Urban,30-39,875,513,362,89,52,37,248,153,95,66,37,29,138,97,41,48,28,20,57,31,26,167,84,83,62,31,31
20866,C4920,13,0,State-NAGALAND,Urban,40-49,722,446,276,102,57,45,216,151,65,47,28,19,99,66,33,44,26,18,40,22,18,125,69,56,49,27,22
20867,C4920,13,0,State-NAGALAND,Urban,50-59,552,338,214,101,62,39,138,85,53,38,22,16,112,71,41,22,9,13,15,11,4,80,53,27,46,25,21
20868,C4920,13,0,State-NAGALAND,Urban,60-69,421,244,177,87,43,44,105,59,46,19,14,5,94,60,34,16,11,5,12,1,11,45,33,12,43,23,20
20869,C4920,13,0,State-NAGALAND,Urban,70-79,298,139,159,62,24,38,88,51,37,6,2,4,47,19,28,2,0,2,4,4,0,29,13,16,60,26,34
20870,C4920,13,0,State-NAGALAND,Urban,80-89,202,101,101,27,10,17,83,51,32,3,1,2,26,11,15,4,0,4,4,1,3,14,7,7,41,20,21
20871,C4920,13,0,State-NAGALAND,Urban,90+,84,43,41,14,5,9,34,19,15,2,1,1,7,3,4,2,2,0,0,0,0,1,0,1,24,13,11
20872,C4920,13,0,State-NAGALAND,Urban,Age Not Stated,8,6,2,1,1,0,2,1,1,1,0,1,0,0,0,0,0,0,1,1,0,3,3,0,0,0,0
20873,C4920,13,261,District-Mon,Total,Total,5915,3204,2711,834,441,393,2075,1152,923,319,178,141,477,293,184,157,82,75,94,50,44,1502,767,735,457,241,216
20874,C4920,13,261,District-Mon,Total,0-4,392,203,189,44,22,22,168,94,74,5,4,1,17,10,7,5,2,3,1,1,0,142,63,79,10,7,3
20875,C4920,13,261,District-Mon,Total,5-9,474,240,234,63,30,33,159,79,80,22,13,9,24,16,8,9,2,7,8,3,5,172,91,81,17,6,11
20876,C4920,13,261,District-Mon,Total,10-19,1163,625,538,160,83,77,413,221,192,72,39,33,64,36,28,25,19,6,15,11,4,357,188,169,57,28,29
20877,C4920,13,261,District-Mon,Total,20-29,941,497,444,110,51,59,302,164,138,53,30,23,60,37,23,35,20,15,26,11,15,278,137,141,77,47,30
20878,C4920,13,261,District-Mon,Total,30-39,611,322,289,88,54,34,187,103,84,47,24,23,62,38,24,21,9,12,14,9,5,152,68,84,40,17,23
20879,C4920,13,261,District-Mon,Total,40-49,695,378,317,88,46,42,217,135,82,56,28,28,66,40,26,28,10,18,9,6,3,169,83,86,62,30,32
20880,C4920,13,261,District-Mon,Total,50-59,541,331,210,84,45,39,194,126,68,40,22,18,54,38,16,14,11,3,9,4,5,95,55,40,51,30,21
20881,C4920,13,261,District-Mon,Total,60-69,498,285,213,100,57,43,204,104,100,19,15,4,51,35,16,10,6,4,7,3,4,67,45,22,40,20,20
20882,C4920,13,261,District-Mon,Total,70-79,378,194,184,67,35,32,153,79,74,5,3,2,46,24,22,8,2,6,3,1,2,41,20,21,55,30,25
20883,C4920,13,261,District-Mon,Total,80-89,144,80,64,22,14,8,51,29,22,0,0,0,20,11,9,1,0,1,2,1,1,18,10,8,30,15,15
20884,C4920,13,261,District-Mon,Total,90+,54,32,22,7,4,3,13,7,6,0,0,0,12,8,4,0,0,0,0,0,0,5,3,2,17,10,7
20885,C4920,13,261,District-Mon,Total,Age Not Stated,24,17,7,1,0,1,14,11,3,0,0,0,1,0,1,1,1,0,0,0,0,6,4,2,1,1,0
20886,C4920,13,261,District-Mon,Rural,Total,5262,2833,2429,722,387,335,1869,1032,837,282,156,126,417,249,168,140,69,71,83,46,37,1316,668,648,433,226,207
20887,C4920,13,261,District-Mon,Rural,0-4,348,182,166,39,19,20,151,90,61,4,3,1,14,7,7,3,0,3,1,1,0,127,55,72,9,7,2
20888,C4920,13,261,District-Mon,Rural,5-9,406,207,199,54,26,28,137,69,68,19,12,7,21,14,7,8,1,7,8,3,5,144,77,67,15,5,10
20889,C4920,13,261,District-Mon,Rural,10-19,991,532,459,128,71,57,355,187,168,60,31,29,56,32,24,23,18,5,15,11,4,299,155,144,55,27,28
20890,C4920,13,261,District-Mon,Rural,20-29,833,436,397,96,43,53,273,147,126,48,27,21,52,31,21,30,16,14,21,9,12,243,120,123,70,43,27
20891,C4920,13,261,District-Mon,Rural,30-39,536,278,258,74,47,27,163,88,75,41,21,20,54,31,23,20,9,11,11,8,3,134,58,76,39,16,23
20892,C4920,13,261,District-Mon,Rural,40-49,626,338,288,73,39,34,202,125,77,52,26,26,54,33,21,25,8,17,8,5,3,155,76,79,57,26,31
20893,C4920,13,261,District-Mon,Rural,50-59,481,287,194,73,39,34,173,110,63,38,21,17,42,27,15,12,9,3,9,4,5,84,48,36,50,29,21
20894,C4920,13,261,District-Mon,Rural,60-69,468,263,205,92,51,41,194,97,97,17,14,3,47,32,15,9,5,4,6,3,3,65,43,22,38,18,20
20895,C4920,13,261,District-Mon,Rural,70-79,365,186,179,66,35,31,146,74,72,3,1,2,45,24,21,8,2,6,3,1,2,40,20,20,54,29,25
20896,C4920,13,261,District-Mon,Rural,80-89,136,77,59,20,13,7,50,28,22,0,0,0,19,10,9,1,0,1,1,1,0,15,10,5,30,15,15
20897,C4920,13,261,District-Mon,Rural,90+,50,31,19,6,4,2,12,6,6,0,0,0,12,8,4,0,0,0,0,0,0,5,3,2,15,10,5
20898,C4920,13,261,District-Mon,Rural,Age Not Stated,22,16,6,1,0,1,13,11,2,0,0,0,1,0,1,1,1,0,0,0,0,5,3,2,1,1,0
20899,C4920,13,261,District-Mon,Urban,Total,653,371,282,112,54,58,206,120,86,37,22,15,60,44,16,17,13,4,11,4,7,186,99,87,24,15,9
20900,C4920,13,261,District-Mon,Urban,0-4,44,21,23,5,3,2,17,4,13,1,1,0,3,3,0,2,2,0,0,0,0,15,8,7,1,0,1
20901,C4920,13,261,District-Mon,Urban,5-9,68,33,35,9,4,5,22,10,12,3,1,2,3,2,1,1,1,0,0,0,0,28,14,14,2,1,1
20902,C4920,13,261,District-Mon,Urban,10-19,172,93,79,32,12,20,58,34,24,12,8,4,8,4,4,2,1,1,0,0,0,58,33,25,2,1,1
20903,C4920,13,261,District-Mon,Urban,20-29,108,61,47,14,8,6,29,17,12,5,3,2,8,6,2,5,4,1,5,2,3,35,17,18,7,4,3
20904,C4920,13,261,District-Mon,Urban,30-39,75,44,31,14,7,7,24,15,9,6,3,3,8,7,1,1,0,1,3,1,2,18,10,8,1,1,0
20905,C4920,13,261,District-Mon,Urban,40-49,69,40,29,15,7,8,15,10,5,4,2,2,12,7,5,3,2,1,1,1,0,14,7,7,5,4,1
20906,C4920,13,261,District-Mon,Urban,50-59,60,44,16,11,6,5,21,16,5,2,1,1,12,11,1,2,2,0,0,0,0,11,7,4,1,1,0
20907,C4920,13,261,District-Mon,Urban,60-69,30,22,8,8,6,2,10,7,3,2,1,1,4,3,1,1,1,0,1,0,1,2,2,0,2,2,0
20908,C4920,13,261,District-Mon,Urban,70-79,13,8,5,1,0,1,7,5,2,2,2,0,1,0,1,0,0,0,0,0,0,1,0,1,1,1,0
20909,C4920,13,261,District-Mon,Urban,80-89,8,3,5,2,1,1,1,1,0,0,0,0,1,1,0,0,0,0,1,0,1,3,0,3,0,0,0
20910,C4920,13,261,District-Mon,Urban,90+,4,1,3,1,0,1,1,1,0,0,0,0,0,0,0,0,0,0,0,0,0,0,0,0,2,0,2
20911,C4920,13,261,District-Mon,Urban,Age Not Stated,2,1,1,0,0,0,1,0,1,0,0,0,0,0,0,0,0,0,0,0,0,1,1,0,0,0,0
20912,C4920,13,262,District-Mokokchung,Total,Total,2741,1531,1210,329,166,163,830,473,357,222,145,77,443,260,183,149,75,74,155,94,61,303,159,144,310,159,151
20913,C4920,13,262,District-Mokokchung,Total,0-4,61,42,19,6,2,4,16,11,5,2,2,0,6,4,2,2,2,0,0,0,0,19,14,5,10,7,3
20914,C4920,13,262,District-Mokokchung,Total,5-9,118,69,49,8,4,4,25,13,12,23,15,8,13,7,6,6,3,3,2,1,1,17,7,10,24,19,5
20915,C4920,13,262,District-Mokokchung,Total,10-19,287,164,123,41,22,19,67,33,34,32,24,8,28,16,12,19,11,8,11,7,4,65,34,31,24,17,7
20916,C4920,13,262,District-Mokokchung,Total,20-29,310,185,125,35,13,22,51,34,17,31,26,5,51,30,21,26,12,14,35,27,8,47,23,24,34,20,14
20917,C4920,13,262,District-Mokokchung,Total,30-39,322,177,145,30,18,12,61,35,26,43,20,23,39,27,12,37,17,20,48,28,20,36,19,17,28,13,15
20918,C4920,13,262,District-Mokokchung,Total,40-49,325,193,132,29,20,9,72,36,36,34,21,13,55,42,13,31,18,13,24,14,10,39,24,15,41,18,23
20919,C4920,13,262,District-Mokokchung,Total,50-59,274,149,125,37,22,15,70,37,33,26,17,9,47,27,20,17,7,10,14,8,6,32,15,17,31,16,15
20920,C4920,13,262,District-Mokokchung,Total,60-69,253,139,114,38,19,19,85,48,37,15,8,7,58,37,21,6,2,4,8,3,5,16,9,7,27,13,14
20921,C4920,13,262,District-Mokokchung,Total,70-79,361,180,181,49,24,25,156,83,73,12,10,2,82,37,45,4,3,1,7,2,5,14,8,6,37,13,24
20922,C4920,13,262,District-Mokokchung,Total,80-89,305,168,137,40,18,22,164,106,58,3,1,2,43,23,20,1,0,1,5,3,2,16,5,11,33,12,21
20923,C4920,13,262,District-Mokokchung,Total,90+,119,60,59,15,3,12,63,37,26,1,1,0,18,8,10,0,0,0,0,0,0,1,0,1,21,11,10
20924,C4920,13,262,District-Mokokchung,Total,Age Not Stated,6,5,1,1,1,0,0,0,0,0,0,0,3,2,1,0,0,0,1,1,0,1,1,0,0,0,0
20925,C4920,13,262,District-Mokokchung,Rural,Total,2039,1152,887,236,123,113,635,372,263,174,114,60,330,188,142,107,56,51,113,65,48,212,112,100,232,122,110
20926,C4920,13,262,District-Mokokchung,Rural,0-4,42,30,12,3,2,1,12,7,5,2,2,0,2,1,1,1,1,0,0,0,0,14,12,2,8,5,3
20927,C4920,13,262,District-Mokokchung,Rural,5-9,88,54,34,7,4,3,17,9,8,17,12,5,9,4,5,3,2,1,2,1,1,11,4,7,22,18,4
20928,C4920,13,262,District-Mokokchung,Rural,10-19,206,125,81,29,17,12,50,29,21,29,21,8,15,9,6,14,9,5,9,5,4,43,22,21,17,13,4
20929,C4920,13,262,District-Mokokchung,Rural,20-29,222,134,88,28,11,17,35,26,9,24,20,4,37,21,16,18,8,10,22,16,6,32,18,14,26,14,12
20930,C4920,13,262,District-Mokokchung,Rural,30-39,228,123,105,25,15,10,41,22,19,31,13,18,25,18,7,29,12,17,34,19,15,27,16,11,16,8,8
20931,C4920,13,262,District-Mokokchung,Rural,40-49,242,142,100,21,14,7,53,28,25,28,17,11,41,29,12,19,12,7,17,9,8,27,17,10,36,16,20
20932,C4920,13,262,District-Mokokchung,Rural,50-59,196,109,87,22,13,9,56,32,24,18,13,5,33,17,16,15,7,8,12,7,5,20,8,12,20,12,8
20933,C4920,13,262,District-Mokokchung,Rural,60-69,195,104,91,25,11,14,69,38,31,11,5,6,42,27,15,5,2,3,6,3,3,14,7,7,23,11,12
20934,C4920,13,262,District-Mokokchung,Rural,70-79,283,145,138,34,20,14,126,66,60,12,10,2,68,31,37,3,3,0,7,2,5,9,5,4,24,8,16
20935,C4920,13,262,District-Mokokchung,Rural,80-89,243,136,107,30,13,17,129,85,44,2,1,1,38,21,17,0,0,0,4,3,1,14,3,11,26,10,16
20936,C4920,13,262,District-Mokokchung,Rural,90+,90,47,43,11,2,9,47,30,17,0,0,0,17,8,9,0,0,0,0,0,0,1,0,1,14,7,7
20937,C4920,13,262,District-Mokokchung,Rural,Age Not Stated,4,3,1,1,1,0,0,0,0,0,0,0,3,2,1,0,0,0,0,0,0,0,0,0,0,0,0
20938,C4920,13,262,District-Mokokchung,Urban,Total,702,379,323,93,43,50,195,101,94,48,31,17,113,72,41,42,19,23,42,29,13,91,47,44,78,37,41
20939,C4920,13,262,District-Mokokchung,Urban,0-4,19,12,7,3,0,3,4,4,0,0,0,0,4,3,1,1,1,0,0,0,0,5,2,3,2,2,0
20940,C4920,13,262,District-Mokokchung,Urban,5-9,30,15,15,1,0,1,8,4,4,6,3,3,4,3,1,3,1,2,0,0,0,6,3,3,2,1,1
20941,C4920,13,262,District-Mokokchung,Urban,10-19,81,39,42,12,5,7,17,4,13,3,3,0,13,7,6,5,2,3,2,2,0,22,12,10,7,4,3
20942,C4920,13,262,District-Mokokchung,Urban,20-29,88,51,37,7,2,5,16,8,8,7,6,1,14,9,5,8,4,4,13,11,2,15,5,10,8,6,2
20943,C4920,13,262,District-Mokokchung,Urban,30-39,94,54,40,5,3,2,20,13,7,12,7,5,14,9,5,8,5,3,14,9,5,9,3,6,12,5,7
20944,C4920,13,262,District-Mokokchung,Urban,40-49,83,51,32,8,6,2,19,8,11,6,4,2,14,13,1,12,6,6,7,5,2,12,7,5,5,2,3
20945,C4920,13,262,District-Mokokchung,Urban,50-59,78,40,38,15,9,6,14,5,9,8,4,4,14,10,4,2,0,2,2,1,1,12,7,5,11,4,7
20946,C4920,13,262,District-Mokokchung,Urban,60-69,58,35,23,13,8,5,16,10,6,4,3,1,16,10,6,1,0,1,2,0,2,2,2,0,4,2,2
20947,C4920,13,262,District-Mokokchung,Urban,70-79,78,35,43,15,4,11,30,17,13,0,0,0,14,6,8,1,0,1,0,0,0,5,3,2,13,5,8
20948,C4920,13,262,District-Mokokchung,Urban,80-89,62,32,30,10,5,5,35,21,14,1,0,1,5,2,3,1,0,1,1,0,1,2,2,0,7,2,5
20949,C4920,13,262,District-Mokokchung,Urban,90+,29,13,16,4,1,3,16,7,9,1,1,0,1,0,1,0,0,0,0,0,0,0,0,0,7,4,3
20950,C4920,13,262,District-Mokokchung,Urban,Age Not Stated,2,2,0,0,0,0,0,0,0,0,0,0,0,0,0,0,0,0,1,1,0,1,1,0,0,0,0
20951,C4920,13,263,District-Zunheboto,Total,Total,2540,1323,1217,313,158,155,842,443,399,225,119,106,303,148,155,118,64,54,107,59,48,278,140,138,354,192,162
20952,C4920,13,263,District-Zunheboto,Total,0-4,69,36,33,6,2,4,42,21,21,0,0,0,2,2,0,2,2,0,0,0,0,12,6,6,5,3,2
20953,C4920,13,263,District-Zunheboto,Total,5-9,127,70,57,20,12,8,38,20,18,18,8,10,9,5,4,5,4,1,2,2,0,22,12,10,13,7,6
20954,C4920,13,263,District-Zunheboto,Total,10-19,338,176,162,42,23,19,96,51,45,41,20,21,38,19,19,18,8,10,10,5,5,49,25,24,44,25,19
20955,C4920,13,263,District-Zunheboto,Total,20-29,338,181,157,39,20,19,102,47,55,30,15,15,58,31,27,23,15,8,15,10,5,34,20,14,37,23,14
20956,C4920,13,263,District-Zunheboto,Total,30-39,281,152,129,25,16,9,86,45,41,29,16,13,37,16,21,16,8,8,26,17,9,35,17,18,27,17,10
20957,C4920,13,263,District-Zunheboto,Total,40-49,355,209,146,30,21,9,119,73,46,41,23,18,35,21,14,20,11,9,31,12,19,32,18,14,47,30,17
20958,C4920,13,263,District-Zunheboto,Total,50-59,304,152,152,40,20,20,99,46,53,31,21,10,27,14,13,25,14,11,10,4,6,25,13,12,47,20,27
20959,C4920,13,263,District-Zunheboto,Total,60-69,335,144,191,43,14,29,132,61,71,26,12,14,39,15,24,8,2,6,9,6,3,37,16,21,41,18,23
20960,C4920,13,263,District-Zunheboto,Total,70-79,247,127,120,46,20,26,81,49,32,7,4,3,33,14,19,0,0,0,1,1,0,27,12,15,52,27,25
20961,C4920,13,263,District-Zunheboto,Total,80-89,104,55,49,14,6,8,34,23,11,2,0,2,22,9,13,1,0,1,2,1,1,4,1,3,25,15,10
20962,C4920,13,263,District-Zunheboto,Total,90+,42,21,21,8,4,4,13,7,6,0,0,0,3,2,1,0,0,0,1,1,0,1,0,1,16,7,9
20963,C4920,13,263,District-Zunheboto,Total,Age Not Stated,0,0,0,0,0,0,0,0,0,0,0,0,0,0,0,0,0,0,0,0,0,0,0,0,0,0,0
20964,C4920,13,263,District-Zunheboto,Rural,Total,2336,1197,1139,276,133,143,787,413,374,205,110,95,279,126,153,105,58,47,95,53,42,249,119,130,340,185,155
20965,C4920,13,263,District-Zunheboto,Rural,0-4,64,33,31,6,2,4,39,20,19,0,0,0,1,1,0,2,2,0,0,0,0,11,5,6,5,3,2
20966,C4920,13,263,District-Zunheboto,Rural,5-9,113,62,51,17,10,7,35,19,16,14,6,8,8,4,4,4,4,0,2,2,0,20,10,10,13,7,6
20967,C4920,13,263,District-Zunheboto,Rural,10-19,291,150,141,35,19,16,82,43,39,34,17,17,35,16,19,15,6,9,9,5,4,41,20,21,40,24,16
20968,C4920,13,263,District-Zunheboto,Rural,20-29,307,158,149,33,14,19,93,42,51,28,14,14,54,27,27,20,13,7,15,10,5,30,17,13,34,21,13
20969,C4920,13,263,District-Zunheboto,Rural,30-39,257,137,120,21,14,7,82,43,39,28,16,12,33,13,20,14,7,7,23,14,9,30,13,17,26,17,9
20970,C4920,13,263,District-Zunheboto,Rural,40-49,317,185,132,24,17,7,108,66,42,38,22,16,28,14,14,18,10,8,26,11,15,28,15,13,47,30,17
20971,C4920,13,263,District-Zunheboto,Rural,50-59,286,142,144,37,18,19,94,43,51,29,20,9,26,13,13,24,14,10,10,4,6,23,12,11,43,18,25
20972,C4920,13,263,District-Zunheboto,Rural,60-69,321,134,187,40,12,28,131,60,71,25,11,14,36,13,23,8,2,6,7,5,2,34,14,20,40,17,23
20973,C4920,13,263,District-Zunheboto,Rural,70-79,240,122,118,43,17,26,78,48,30,7,4,3,33,14,19,0,0,0,0,0,0,27,12,15,52,27,25
20974,C4920,13,263,District-Zunheboto,Rural,80-89,100,54,46,13,6,7,33,23,10,2,0,2,22,9,13,0,0,0,2,1,1,4,1,3,24,14,10
20975,C4920,13,263,District-Zunheboto,Rural,90+,40,20,20,7,4,3,12,6,6,0,0,0,3,2,1,0,0,0,1,1,0,1,0,1,16,7,9
20976,C4920,13,263,District-Zunheboto,Rural,Age Not Stated,0,0,0,0,0,0,0,0,0,0,0,0,0,0,0,0,0,0,0,0,0,0,0,0,0,0,0
20977,C4920,13,263,District-Zunheboto,Urban,Total,204,126,78,37,25,12,55,30,25,20,9,11,24,22,2,13,6,7,12,6,6,29,21,8,14,7,7
20978,C4920,13,263,District-Zunheboto,Urban,0-4,5,3,2,0,0,0,3,1,2,0,0,0,1,1,0,0,0,0,0,0,0,1,1,0,0,0,0
20979,C4920,13,263,District-Zunheboto,Urban,5-9,14,8,6,3,2,1,3,1,2,4,2,2,1,1,0,1,0,1,0,0,0,2,2,0,0,0,0
20980,C4920,13,263,District-Zunheboto,Urban,10-19,47,26,21,7,4,3,14,8,6,7,3,4,3,3,0,3,2,1,1,0,1,8,5,3,4,1,3
20981,C4920,13,263,District-Zunheboto,Urban,20-29,31,23,8,6,6,0,9,5,4,2,1,1,4,4,0,3,2,1,0,0,0,4,3,1,3,2,1
20982,C4920,13,263,District-Zunheboto,Urban,30-39,24,15,9,4,2,2,4,2,2,1,0,1,4,3,1,2,1,1,3,3,0,5,4,1,1,0,1
20983,C4920,13,263,District-Zunheboto,Urban,40-49,38,24,14,6,4,2,11,7,4,3,1,2,7,7,0,2,1,1,5,1,4,4,3,1,0,0,0
20984,C4920,13,263,District-Zunheboto,Urban,50-59,18,10,8,3,2,1,5,3,2,2,1,1,1,1,0,1,0,1,0,0,0,2,1,1,4,2,2
20985,C4920,13,263,District-Zunheboto,Urban,60-69,14,10,4,3,2,1,1,1,0,1,1,0,3,2,1,0,0,0,2,1,1,3,2,1,1,1,0
20986,C4920,13,263,District-Zunheboto,Urban,70-79,7,5,2,3,3,0,3,1,2,0,0,0,0,0,0,0,0,0,1,1,0,0,0,0,0,0,0
20987,C4920,13,263,District-Zunheboto,Urban,80-89,4,1,3,1,0,1,1,0,1,0,0,0,0,0,0,1,0,1,0,0,0,0,0,0,1,1,0
20988,C4920,13,263,District-Zunheboto,Urban,90+,2,1,1,1,0,1,1,1,0,0,0,0,0,0,0,0,0,0,0,0,0,0,0,0,0,0,0
20989,C4920,13,263,District-Zunheboto,Urban,Age Not Stated,0,0,0,0,0,0,0,0,0,0,0,0,0,0,0,0,0,0,0,0,0,0,0,0,0,0,0
20990,C4920,13,264,District-Wokha,Total,Total,2158,1172,986,253,127,126,723,393,330,151,79,72,329,194,135,91,46,45,67,38,29,287,162,125,257,133,124
20991,C4920,13,264,District-Wokha,Total,0-4,53,22,31,2,1,1,21,6,15,2,2,0,4,2,2,3,2,1,1,1,0,15,8,7,5,0,5
20992,C4920,13,264,District-Wokha,Total,5-9,139,83,56,9,4,5,48,22,26,21,13,8,7,6,1,6,4,2,2,2,0,31,24,7,15,8,7
20993,C4920,13,264,District-Wokha,Total,10-19,355,195,160,26,14,12,100,57,43,36,18,18,69,43,26,23,9,14,12,5,7,55,27,28,34,22,12
20994,C4920,13,264,District-Wokha,Total,20-29,349,180,169,36,16,20,92,46,46,27,12,15,64,36,28,21,10,11,14,8,6,50,27,23,45,25,20
20995,C4920,13,264,District-Wokha,Total,30-39,256,145,111,17,9,8,79,52,27,32,15,17,38,23,15,13,7,6,17,11,6,39,21,18,21,7,14
20996,C4920,13,264,District-Wokha,Total,40-49,240,146,94,26,15,11,93,56,37,15,7,8,35,25,10,12,9,3,14,7,7,35,22,13,10,5,5
20997,C4920,13,264,District-Wokha,Total,50-59,190,89,101,26,13,13,70,30,40,6,3,3,34,20,14,7,2,5,2,2,0,28,11,17,17,8,9
20998,C4920,13,264,District-Wokha,Total,60-69,219,116,103,42,22,20,80,43,37,8,6,2,36,14,22,4,1,3,4,1,3,21,12,9,24,17,7
20999,C4920,13,264,District-Wokha,Total,70-79,188,98,90,41,21,20,77,40,37,3,2,1,24,14,10,2,2,0,1,1,0,9,6,3,31,12,19
21000,C4920,13,264,District-Wokha,Total,80-89,129,70,59,25,10,15,51,32,19,1,1,0,14,8,6,0,0,0,0,0,0,2,2,0,36,17,19
21001,C4920,13,264,District-Wokha,Total,90+,39,27,12,3,2,1,12,9,3,0,0,0,3,2,1,0,0,0,0,0,0,2,2,0,19,12,7
21002,C4920,13,264,District-Wokha,Total,Age Not Stated,1,1,0,0,0,0,0,0,0,0,0,0,1,1,0,0,0,0,0,0,0,0,0,0,0,0,0
21003,C4920,13,264,District-Wokha,Rural,Total,1796,955,841,228,114,114,542,280,262,134,69,65,295,173,122,74,39,35,51,29,22,245,139,106,227,112,115
21004,C4920,13,264,District-Wokha,Rural,0-4,34,14,20,2,1,1,7,0,7,2,2,0,3,1,2,1,1,0,1,1,0,14,8,6,4,0,4
21005,C4920,13,264,District-Wokha,Rural,5-9,110,69,41,6,3,3,31,15,16,19,11,8,7,6,1,4,3,1,1,1,0,29,22,7,13,8,5
21006,C4920,13,264,District-Wokha,Rural,10-19,305,174,131,25,13,12,81,50,31,32,17,15,62,40,22,21,9,12,10,3,7,46,25,21,28,17,11
21007,C4920,13,264,District-Wokha,Rural,20-29,270,135,135,32,16,16,56,25,31,21,9,12,57,31,26,14,6,8,12,8,4,36,17,19,42,23,19
21008,C4920,13,264,District-Wokha,Rural,30-39,191,95,96,15,7,8,43,25,18,28,11,17,35,20,15,12,7,5,13,8,5,29,14,15,16,3,13
21009,C4920,13,264,District-Wokha,Rural,40-49,200,117,83,24,14,10,68,34,34,15,7,8,33,24,9,10,8,2,10,5,5,31,21,10,9,4,5
21010,C4920,13,264,District-Wokha,Rural,50-59,167,74,93,22,10,12,59,23,36,5,3,2,28,15,13,7,2,5,2,2,0,27,11,16,17,8,9
21011,C4920,13,264,District-Wokha,Rural,60-69,196,102,94,38,19,19,72,38,34,8,6,2,31,11,20,3,1,2,2,1,1,20,11,9,22,15,7
21012,C4920,13,264,District-Wokha,Rural,70-79,173,88,85,38,19,19,70,34,36,3,2,1,23,14,9,2,2,0,0,0,0,9,6,3,28,11,17
21013,C4920,13,264,District-Wokha,Rural,80-89,114,61,53,23,10,13,44,27,17,1,1,0,12,8,4,0,0,0,0,0,0,2,2,0,32,13,19
21014,C4920,13,264,District-Wokha,Rural,90+,35,25,10,3,2,1,11,9,2,0,0,0,3,2,1,0,0,0,0,0,0,2,2,0,16,10,6
21015,C4920,13,264,District-Wokha,Rural,Age Not Stated,1,1,0,0,0,0,0,0,0,0,0,0,1,1,0,0,0,0,0,0,0,0,0,0,0,0,0
21016,C4920,13,264,District-Wokha,Urban,Total,362,217,145,25,13,12,181,113,68,17,10,7,34,21,13,17,7,10,16,9,7,42,23,19,30,21,9
21017,C4920,13,264,District-Wokha,Urban,0-4,19,8,11,0,0,0,14,6,8,0,0,0,1,1,0,2,1,1,0,0,0,1,0,1,1,0,1
21018,C4920,13,264,District-Wokha,Urban,5-9,29,14,15,3,1,2,17,7,10,2,2,0,0,0,0,2,1,1,1,1,0,2,2,0,2,0,2
21019,C4920,13,264,District-Wokha,Urban,10-19,50,21,29,1,1,0,19,7,12,4,1,3,7,3,4,2,0,2,2,2,0,9,2,7,6,5,1
21020,C4920,13,264,District-Wokha,Urban,20-29,79,45,34,4,0,4,36,21,15,6,3,3,7,5,2,7,4,3,2,0,2,14,10,4,3,2,1
21021,C4920,13,264,District-Wokha,Urban,30-39,65,50,15,2,2,0,36,27,9,4,4,0,3,3,0,1,0,1,4,3,1,10,7,3,5,4,1
21022,C4920,13,264,District-Wokha,Urban,40-49,40,29,11,2,1,1,25,22,3,0,0,0,2,1,1,2,1,1,4,2,2,4,1,3,1,1,0
21023,C4920,13,264,District-Wokha,Urban,50-59,23,15,8,4,3,1,11,7,4,1,0,1,6,5,1,0,0,0,0,0,0,1,0,1,0,0,0
21024,C4920,13,264,District-Wokha,Urban,60-69,23,14,9,4,3,1,8,5,3,0,0,0,5,3,2,1,0,1,2,0,2,1,1,0,2,2,0
21025,C4920,13,264,District-Wokha,Urban,70-79,15,10,5,3,2,1,7,6,1,0,0,0,1,0,1,0,0,0,1,1,0,0,0,0,3,1,2
21026,C4920,13,264,District-Wokha,Urban,80-89,15,9,6,2,0,2,7,5,2,0,0,0,2,0,2,0,0,0,0,0,0,0,0,0,4,4,0
21027,C4920,13,264,District-Wokha,Urban,90+,4,2,2,0,0,0,1,0,1,0,0,0,0,0,0,0,0,0,0,0,0,0,0,0,3,2,1
21028,C4920,13,264,District-Wokha,Urban,Age Not Stated,0,0,0,0,0,0,0,0,0,0,0,0,0,0,0,0,0,0,0,0,0,0,0,0,0,0,0
21029,C4920,13,265,District-Dimapur ,Total,Total,4178,2300,1878,780,402,378,955,539,416,279,146,133,648,398,250,244,139,105,148,79,69,711,373,338,413,224,189
21030,C4920,13,265,District-Dimapur ,Total,0-4,202,109,93,30,15,15,45,27,18,5,2,3,19,10,9,13,10,3,1,1,0,67,31,36,22,13,9
21031,C4920,13,265,District-Dimapur ,Total,5-9,320,167,153,51,30,21,63,32,31,32,18,14,41,23,18,17,9,8,11,6,5,60,26,34,45,23,22
21032,C4920,13,265,District-Dimapur ,Total,10-19,670,360,310,113,65,48,122,58,64,68,31,37,93,51,42,52,27,25,16,5,11,133,79,54,73,44,29
21033,C4920,13,265,District-Dimapur ,Total,20-29,730,372,358,107,49,58,154,79,75,68,31,37,132,77,55,52,27,25,35,21,14,127,58,69,55,30,25
21034,C4920,13,265,District-Dimapur ,Total,30-39,522,302,220,75,43,32,97,58,39,47,24,23,79,63,16,41,24,17,30,17,13,121,54,67,32,19,13
21035,C4920,13,265,District-Dimapur ,Total,40-49,505,306,199,89,49,40,138,92,46,27,19,8,76,50,26,35,23,12,27,15,12,86,47,39,27,11,16
21036,C4920,13,265,District-Dimapur ,Total,50-59,409,249,160,122,66,56,92,58,34,18,13,5,74,43,31,12,7,5,14,7,7,54,39,15,23,16,7
21037,C4920,13,265,District-Dimapur ,Total,60-69,348,193,155,88,41,47,94,45,49,7,6,1,71,47,24,14,8,6,7,3,4,32,26,6,35,17,18
21038,C4920,13,265,District-Dimapur ,Total,70-79,261,129,132,61,23,38,78,47,31,5,1,4,37,20,17,4,2,2,6,4,2,21,9,12,49,23,26
21039,C4920,13,265,District-Dimapur ,Total,80-89,152,82,70,34,16,18,51,32,19,2,1,1,21,12,9,2,0,2,1,0,1,6,3,3,35,18,17
21040,C4920,13,265,District-Dimapur ,Total,90+,54,28,26,9,4,5,18,10,8,0,0,0,5,2,3,2,2,0,0,0,0,3,0,3,17,10,7
21041,C4920,13,265,District-Dimapur ,Total,Age Not Stated,5,3,2,1,1,0,3,1,2,0,0,0,0,0,0,0,0,0,0,0,0,1,1,0,0,0,0
21042,C4920,13,265,District-Dimapur ,Rural,Total,2133,1153,980,398,200,198,519,288,231,157,83,74,351,211,140,119,64,55,88,43,45,252,129,123,249,135,114
21043,C4920,13,265,District-Dimapur ,Rural,0-4,85,49,36,7,4,3,16,12,4,5,2,3,12,6,6,8,6,2,0,0,0,28,13,15,9,6,3
21044,C4920,13,265,District-Dimapur ,Rural,5-9,178,89,89,30,18,12,32,15,17,22,13,9,29,16,13,8,3,5,8,4,4,19,5,14,30,15,15
21045,C4920,13,265,District-Dimapur ,Rural,10-19,350,190,160,63,33,30,57,29,28,47,24,23,54,33,21,25,12,13,7,3,4,54,31,23,43,25,18
21046,C4920,13,265,District-Dimapur ,Rural,20-29,325,166,159,40,17,23,67,35,32,33,15,18,72,39,33,22,10,12,17,9,8,36,20,16,38,21,17
21047,C4920,13,265,District-Dimapur ,Rural,30-39,213,123,90,28,14,14,39,24,15,24,11,13,28,24,4,22,13,9,18,10,8,38,18,20,16,9,7
21048,C4920,13,265,District-Dimapur ,Rural,40-49,240,140,100,40,23,17,62,35,27,11,9,2,44,30,14,18,11,7,19,9,10,31,15,16,15,8,7
21049,C4920,13,265,District-Dimapur ,Rural,50-59,229,134,95,70,36,34,63,40,23,10,6,4,40,23,17,5,4,1,8,3,5,17,11,6,16,11,5
21050,C4920,13,265,District-Dimapur ,Rural,60-69,198,106,92,47,26,21,69,33,36,3,2,1,31,18,13,6,3,3,6,3,3,13,11,2,23,10,13
21051,C4920,13,265,District-Dimapur ,Rural,70-79,165,81,84,36,12,24,59,36,23,2,1,1,24,14,10,4,2,2,4,2,2,9,3,6,27,11,16
21052,C4920,13,265,District-Dimapur ,Rural,80-89,109,57,52,30,14,16,39,22,17,0,0,0,13,7,6,1,0,1,1,0,1,4,2,2,21,12,9
21053,C4920,13,265,District-Dimapur ,Rural,90+,38,17,21,7,3,4,13,6,7,0,0,0,4,1,3,0,0,0,0,0,0,3,0,3,11,7,4
21054,C4920,13,265,District-Dimapur ,Rural,Age Not Stated,3,1,2,0,0,0,3,1,2,0,0,0,0,0,0,0,0,0,0,0,0,0,0,0,0,0,0
21055,C4920,13,265,District-Dimapur ,Urban,Total,2045,1147,898,382,202,180,436,251,185,122,63,59,297,187,110,125,75,50,60,36,24,459,244,215,164,89,75
21056,C4920,13,265,District-Dimapur ,Urban,0-4,117,60,57,23,11,12,29,15,14,0,0,0,7,4,3,5,4,1,1,1,0,39,18,21,13,7,6
21057,C4920,13,265,District-Dimapur ,Urban,5-9,142,78,64,21,12,9,31,17,14,10,5,5,12,7,5,9,6,3,3,2,1,41,21,20,15,8,7
21058,C4920,13,265,District-Dimapur ,Urban,10-19,320,170,150,50,32,18,65,29,36,21,7,14,39,18,21,27,15,12,9,2,7,79,48,31,30,19,11
21059,C4920,13,265,District-Dimapur ,Urban,20-29,405,206,199,67,32,35,87,44,43,35,16,19,60,38,22,30,17,13,18,12,6,91,38,53,17,9,8
21060,C4920,13,265,District-Dimapur ,Urban,30-39,309,179,130,47,29,18,58,34,24,23,13,10,51,39,12,19,11,8,12,7,5,83,36,47,16,10,6
21061,C4920,13,265,District-Dimapur ,Urban,40-49,265,166,99,49,26,23,76,57,19,16,10,6,32,20,12,17,12,5,8,6,2,55,32,23,12,3,9
21062,C4920,13,265,District-Dimapur ,Urban,50-59,180,115,65,52,30,22,29,18,11,8,7,1,34,20,14,7,3,4,6,4,2,37,28,9,7,5,2
21063,C4920,13,265,District-Dimapur ,Urban,60-69,150,87,63,41,15,26,25,12,13,4,4,0,40,29,11,8,5,3,1,0,1,19,15,4,12,7,5
21064,C4920,13,265,District-Dimapur ,Urban,70-79,96,48,48,25,11,14,19,11,8,3,0,3,13,6,7,0,0,0,2,2,0,12,6,6,22,12,10
21065,C4920,13,265,District-Dimapur ,Urban,80-89,43,25,18,4,2,2,12,10,2,2,1,1,8,5,3,1,0,1,0,0,0,2,1,1,14,6,8
21066,C4920,13,265,District-Dimapur ,Urban,90+,16,11,5,2,1,1,5,4,1,0,0,0,1,1,0,2,2,0,0,0,0,0,0,0,6,3,3
21067,C4920,13,265,District-Dimapur ,Urban,Age Not Stated,2,2,0,1,1,0,0,0,0,0,0,0,0,0,0,0,0,0,0,0,0,1,1,0,0,0,0
21068,C4920,13,266,District-Phek,Total,Total,2353,1308,1045,315,154,161,579,343,236,217,119,98,342,214,128,113,62,51,131,73,58,264,138,126,392,205,187
21069,C4920,13,266,District-Phek,Total,0-4,46,29,17,6,2,4,10,6,4,2,1,1,4,3,1,1,1,0,1,1,0,12,10,2,10,5,5
21070,C4920,13,266,District-Phek,Total,5-9,152,85,67,19,8,11,23,14,9,23,14,9,16,9,7,5,3,2,3,1,2,19,13,6,44,23,21
21071,C4920,13,266,District-Phek,Total,10-19,305,165,140,41,22,19,50,28,22,43,22,21,43,33,10,12,6,6,22,11,11,43,21,22,51,22,29
21072,C4920,13,266,District-Phek,Total,20-29,287,165,122,25,16,9,52,28,24,27,17,10,37,27,10,30,14,16,24,11,13,43,20,23,49,32,17
21073,C4920,13,266,District-Phek,Total,30-39,284,171,113,26,16,10,60,39,21,27,12,15,54,33,21,21,10,11,31,25,6,29,16,13,36,20,16
21074,C4920,13,266,District-Phek,Total,40-49,295,167,128,39,21,18,59,36,23,37,19,18,26,17,9,21,13,8,25,15,10,38,19,19,50,27,23
21075,C4920,13,266,District-Phek,Total,50-59,272,158,114,34,21,13,73,42,31,33,21,12,49,26,23,10,9,1,15,7,8,27,19,8,31,13,18
21076,C4920,13,266,District-Phek,Total,60-69,285,150,135,44,20,24,96,58,38,16,9,7,43,23,20,9,5,4,5,1,4,25,7,18,47,27,20
21077,C4920,13,266,District-Phek,Total,70-79,257,128,129,39,13,26,100,55,45,7,3,4,50,32,18,4,1,3,3,0,3,18,10,8,36,14,22
21078,C4920,13,266,District-Phek,Total,80-89,121,60,61,33,12,21,39,25,14,2,1,1,16,8,8,0,0,0,1,0,1,8,3,5,22,11,11
21079,C4920,13,266,District-Phek,Total,90+,48,29,19,9,3,6,17,12,5,0,0,0,4,3,1,0,0,0,0,0,0,2,0,2,16,11,5
21080,C4920,13,266,District-Phek,Total,Age Not Stated,1,1,0,0,0,0,0,0,0,0,0,0,0,0,0,0,0,0,1,1,0,0,0,0,0,0,0
21081,C4920,13,266,District-Phek,Rural,Total,2142,1201,941,291,145,146,546,328,218,194,103,91,307,196,111,100,57,43,121,67,54,223,117,106,360,188,172
21082,C4920,13,266,District-Phek,Rural,0-4,42,27,15,6,2,4,8,5,3,1,1,0,4,3,1,1,1,0,1,1,0,11,9,2,10,5,5
21083,C4920,13,266,District-Phek,Rural,5-9,127,68,59,17,8,9,18,12,6,21,12,9,13,7,6,4,2,2,2,1,1,13,8,5,39,18,21
21084,C4920,13,266,District-Phek,Rural,10-19,258,142,116,33,18,15,41,24,17,37,17,20,38,29,9,11,6,5,21,11,10,32,16,16,45,21,24
21085,C4920,13,266,District-Phek,Rural,20-29,259,152,107,22,14,8,52,28,24,23,16,7,33,24,9,26,13,13,22,9,13,38,19,19,43,29,14
21086,C4920,13,266,District-Phek,Rural,30-39,257,155,102,25,15,10,55,36,19,25,11,14,48,29,19,17,8,9,29,23,6,24,14,10,34,19,15
21087,C4920,13,266,District-Phek,Rural,40-49,277,156,121,37,20,17,56,35,21,35,17,18,26,17,9,19,12,7,23,14,9,33,16,17,48,25,23
21088,C4920,13,266,District-Phek,Rural,50-59,250,146,104,32,20,12,71,41,30,28,17,11,41,23,18,10,9,1,14,6,8,24,17,7,30,13,17
21089,C4920,13,266,District-Phek,Rural,60-69,267,145,122,43,20,23,91,56,35,15,8,7,40,23,17,9,5,4,4,1,3,24,7,17,41,25,16
21090,C4920,13,266,District-Phek,Rural,70-79,245,123,122,37,13,24,99,54,45,7,3,4,46,31,15,3,1,2,3,0,3,15,8,7,35,13,22
21091,C4920,13,266,District-Phek,Rural,80-89,116,60,56,31,12,19,38,25,13,2,1,1,15,8,7,0,0,0,1,0,1,7,3,4,22,11,11
21092,C4920,13,266,District-Phek,Rural,90+,43,26,17,8,3,5,17,12,5,0,0,0,3,2,1,0,0,0,0,0,0,2,0,2,13,9,4
21093,C4920,13,266,District-Phek,Rural,Age Not Stated,1,1,0,0,0,0,0,0,0,0,0,0,0,0,0,0,0,0,1,1,0,0,0,0,0,0,0
21094,C4920,13,266,District-Phek,Urban,Total,211,107,104,24,9,15,33,15,18,23,16,7,35,18,17,13,5,8,10,6,4,41,21,20,32,17,15
21095,C4920,13,266,District-Phek,Urban,0-4,4,2,2,0,0,0,2,1,1,1,0,1,0,0,0,0,0,0,0,0,0,1,1,0,0,0,0
21096,C4920,13,266,District-Phek,Urban,5-9,25,17,8,2,0,2,5,2,3,2,2,0,3,2,1,1,1,0,1,0,1,6,5,1,5,5,0
21097,C4920,13,266,District-Phek,Urban,10-19,47,23,24,8,4,4,9,4,5,6,5,1,5,4,1,1,0,1,1,0,1,11,5,6,6,1,5
21098,C4920,13,266,District-Phek,Urban,20-29,28,13,15,3,2,1,0,0,0,4,1,3,4,3,1,4,1,3,2,2,0,5,1,4,6,3,3
21099,C4920,13,266,District-Phek,Urban,30-39,27,16,11,1,1,0,5,3,2,2,1,1,6,4,2,4,2,2,2,2,0,5,2,3,2,1,1
21100,C4920,13,266,District-Phek,Urban,40-49,18,11,7,2,1,1,3,1,2,2,2,0,0,0,0,2,1,1,2,1,1,5,3,2,2,2,0
21101,C4920,13,266,District-Phek,Urban,50-59,22,12,10,2,1,1,2,1,1,5,4,1,8,3,5,0,0,0,1,1,0,3,2,1,1,0,1
21102,C4920,13,266,District-Phek,Urban,60-69,18,5,13,1,0,1,5,2,3,1,1,0,3,0,3,0,0,0,1,0,1,1,0,1,6,2,4
21103,C4920,13,266,District-Phek,Urban,70-79,12,5,7,2,0,2,1,1,0,0,0,0,4,1,3,1,0,1,0,0,0,3,2,1,1,1,0
21104,C4920,13,266,District-Phek,Urban,80-89,5,0,5,2,0,2,1,0,1,0,0,0,1,0,1,0,0,0,0,0,0,1,0,1,0,0,0
21105,C4920,13,266,District-Phek,Urban,90+,5,3,2,1,0,1,0,0,0,0,0,0,1,1,0,0,0,0,0,0,0,0,0,0,3,2,1
21106,C4920,13,266,District-Phek,Urban,Age Not Stated,0,0,0,0,0,0,0,0,0,0,0,0,0,0,0,0,0,0,0,0,0,0,0,0,0,0,0
21107,C4920,13,267,District-Tuensang,Total,Total,3526,1953,1573,363,187,176,1314,744,570,425,221,204,420,251,169,89,45,44,75,40,35,381,202,179,459,263,196
21108,C4920,13,267,District-Tuensang,Total,0-4,152,76,76,10,5,5,75,35,40,3,0,3,13,9,4,2,1,1,0,0,0,41,21,20,8,5,3
21109,C4920,13,267,District-Tuensang,Total,5-9,195,108,87,28,14,14,60,31,29,36,19,17,24,16,8,5,2,3,2,2,0,26,14,12,14,10,4
21110,C4920,13,267,District-Tuensang,Total,10-19,490,295,195,52,29,23,141,83,58,75,48,27,84,54,30,21,12,9,9,7,2,68,38,30,40,24,16
21111,C4920,13,267,District-Tuensang,Total,20-29,459,242,217,37,16,21,158,68,90,62,37,25,59,42,17,17,12,5,13,7,6,63,29,34,50,31,19
21112,C4920,13,267,District-Tuensang,Total,30-39,456,242,214,29,16,13,192,107,85,67,30,37,43,25,18,12,7,5,14,6,8,55,26,29,44,25,19
21113,C4920,13,267,District-Tuensang,Total,40-49,526,297,229,40,25,15,182,117,65,89,42,47,49,32,17,11,3,8,14,5,9,51,24,27,90,49,41
21114,C4920,13,267,District-Tuensang,Total,50-59,417,239,178,39,18,21,170,103,67,50,23,27,42,25,17,11,5,6,12,5,7,26,18,8,67,42,25
21115,C4920,13,267,District-Tuensang,Total,60-69,349,175,174,52,20,32,133,72,61,28,13,15,44,21,23,6,2,4,5,5,0,23,15,8,58,27,31
21116,C4920,13,267,District-Tuensang,Total,70-79,267,145,122,43,21,22,107,66,41,11,6,5,30,13,17,4,1,3,4,2,2,19,12,7,49,24,25
21117,C4920,13,267,District-Tuensang,Total,80-89,147,85,62,22,12,10,70,43,27,4,3,1,21,7,14,0,0,0,2,1,1,5,3,2,23,16,7
21118,C4920,13,267,District-Tuensang,Total,90+,67,48,19,11,11,0,25,18,7,0,0,0,11,7,4,0,0,0,0,0,0,4,2,2,16,10,6
21119,C4920,13,267,District-Tuensang,Total,Age Not Stated,1,1,0,0,0,0,1,1,0,0,0,0,0,0,0,0,0,0,0,0,0,0,0,0,0,0,0
21120,C4920,13,267,District-Tuensang,Rural,Total,2969,1667,1302,332,173,159,994,585,409,395,205,190,357,217,140,84,43,41,65,37,28,329,174,155,413,233,180
21121,C4920,13,267,District-Tuensang,Rural,0-4,101,53,48,10,5,5,30,16,14,3,0,3,10,6,4,2,1,1,0,0,0,38,20,18,8,5,3
21122,C4920,13,267,District-Tuensang,Rural,5-9,147,82,65,25,12,13,28,17,11,35,18,17,20,14,6,5,2,3,2,2,0,21,10,11,11,7,4
21123,C4920,13,267,District-Tuensang,Rural,10-19,403,241,162,42,22,20,111,64,47,66,41,25,70,47,23,19,12,7,8,7,1,52,29,23,35,19,16
21124,C4920,13,267,District-Tuensang,Rural,20-29,359,205,154,32,15,17,95,51,44,58,35,23,48,35,13,16,11,5,10,5,5,53,25,28,47,28,19
21125,C4920,13,267,District-Tuensang,Rural,30-39,344,179,165,28,15,13,112,61,51,63,29,34,33,19,14,11,6,5,11,6,5,50,22,28,36,21,15
21126,C4920,13,267,District-Tuensang,Rural,40-49,462,259,203,37,25,12,150,95,55,84,39,45,42,28,14,10,3,7,12,4,8,46,22,24,81,43,38
21127,C4920,13,267,District-Tuensang,Rural,50-59,376,219,157,37,17,20,152,94,58,46,21,25,35,22,13,11,5,6,12,5,7,23,16,7,60,39,21
21128,C4920,13,267,District-Tuensang,Rural,60-69,325,168,157,47,20,27,127,68,59,26,13,13,39,20,19,6,2,4,5,5,0,22,15,7,53,25,28
21129,C4920,13,267,District-Tuensang,Rural,70-79,253,139,114,43,21,22,101,63,38,10,6,4,30,13,17,4,1,3,4,2,2,16,11,5,45,22,23
21130,C4920,13,267,District-Tuensang,Rural,80-89,138,79,59,22,12,10,64,39,25,4,3,1,21,7,14,0,0,0,1,1,0,4,2,2,22,15,7
21131,C4920,13,267,District-Tuensang,Rural,90+,61,43,18,9,9,0,24,17,7,0,0,0,9,6,3,0,0,0,0,0,0,4,2,2,15,9,6
21132,C4920,13,267,District-Tuensang,Rural,Age Not Stated,0,0,0,0,0,0,0,0,0,0,0,0,0,0,0,0,0,0,0,0,0,0,0,0,0,0,0
21133,C4920,13,267,District-Tuensang,Urban,Total,557,286,271,31,14,17,320,159,161,30,16,14,63,34,29,5,2,3,10,3,7,52,28,24,46,30,16
21134,C4920,13,267,District-Tuensang,Urban,0-4,51,23,28,0,0,0,45,19,26,0,0,0,3,3,0,0,0,0,0,0,0,3,1,2,0,0,0
21135,C4920,13,267,District-Tuensang,Urban,5-9,48,26,22,3,2,1,32,14,18,1,1,0,4,2,2,0,0,0,0,0,0,5,4,1,3,3,0
21136,C4920,13,267,District-Tuensang,Urban,10-19,87,54,33,10,7,3,30,19,11,9,7,2,14,7,7,2,0,2,1,0,1,16,9,7,5,5,0
21137,C4920,13,267,District-Tuensang,Urban,20-29,100,37,63,5,1,4,63,17,46,4,2,2,11,7,4,1,1,0,3,2,1,10,4,6,3,3,0
21138,C4920,13,267,District-Tuensang,Urban,30-39,112,63,49,1,1,0,80,46,34,4,1,3,10,6,4,1,1,0,3,0,3,5,4,1,8,4,4
21139,C4920,13,267,District-Tuensang,Urban,40-49,64,38,26,3,0,3,32,22,10,5,3,2,7,4,3,1,0,1,2,1,1,5,2,3,9,6,3
21140,C4920,13,267,District-Tuensang,Urban,50-59,41,20,21,2,1,1,18,9,9,4,2,2,7,3,4,0,0,0,0,0,0,3,2,1,7,3,4
21141,C4920,13,267,District-Tuensang,Urban,60-69,24,7,17,5,0,5,6,4,2,2,0,2,5,1,4,0,0,0,0,0,0,1,0,1,5,2,3
21142,C4920,13,267,District-Tuensang,Urban,70-79,14,6,8,0,0,0,6,3,3,1,0,1,0,0,0,0,0,0,0,0,0,3,1,2,4,2,2
21143,C4920,13,267,District-Tuensang,Urban,80-89,9,6,3,0,0,0,6,4,2,0,0,0,0,0,0,0,0,0,1,0,1,1,1,0,1,1,0
21144,C4920,13,267,District-Tuensang,Urban,90+,6,5,1,2,2,0,1,1,0,0,0,0,2,1,1,0,0,0,0,0,0,0,0,0,1,1,0
21145,C4920,13,267,District-Tuensang,Urban,Age Not Stated,1,1,0,0,0,0,1,1,0,0,0,0,0,0,0,0,0,0,0,0,0,0,0,0,0,0,0
21146,C4920,13,268,District-Longleng,Total,Total,1013,572,441,151,78,73,378,219,159,54,34,20,104,67,37,37,19,18,28,15,13,156,85,71,105,55,50
21147,C4920,13,268,District-Longleng,Total,0-4,38,27,11,5,2,3,14,11,3,1,1,0,4,4,0,1,1,0,0,0,0,11,8,3,2,0,2
21148,C4920,13,268,District-Longleng,Total,5-9,78,48,30,9,5,4,21,9,12,9,7,2,6,4,2,3,1,2,2,1,1,22,15,7,6,6,0
21149,C4920,13,268,District-Longleng,Total,10-19,142,80,62,27,15,12,36,20,16,15,9,6,21,14,7,8,4,4,5,2,3,25,12,13,5,4,1
21150,C4920,13,268,District-Longleng,Total,20-29,119,71,48,9,5,4,29,15,14,10,8,2,26,16,10,4,2,2,4,4,0,22,13,9,15,8,7
21151,C4920,13,268,District-Longleng,Total,30-39,101,58,43,7,4,3,44,24,20,9,4,5,6,4,2,8,7,1,3,2,1,16,7,9,8,6,2
21152,C4920,13,268,District-Longleng,Total,40-49,107,50,57,22,11,11,39,16,23,2,2,0,9,4,5,3,0,3,6,4,2,16,9,7,10,4,6
21153,C4920,13,268,District-Longleng,Total,50-59,121,71,50,15,9,6,61,38,23,3,1,2,11,8,3,4,3,1,3,2,1,11,2,9,13,8,5
21154,C4920,13,268,District-Longleng,Total,60-69,125,68,57,20,9,11,62,40,22,4,2,2,6,5,1,1,0,1,3,0,3,15,8,7,14,4,10
21155,C4920,13,268,District-Longleng,Total,70-79,98,45,53,18,6,12,39,22,17,1,0,1,11,5,6,3,0,3,2,0,2,9,5,4,15,7,8
21156,C4920,13,268,District-Longleng,Total,80-89,58,35,23,13,8,5,21,13,8,0,0,0,2,1,1,1,1,0,0,0,0,8,6,2,13,6,7
21157,C4920,13,268,District-Longleng,Total,90+,26,19,7,6,4,2,12,11,1,0,0,0,2,2,0,1,0,1,0,0,0,1,0,1,4,2,2
21158,C4920,13,268,District-Longleng,Total,Age Not Stated,0,0,0,0,0,0,0,0,0,0,0,0,0,0,0,0,0,0,0,0,0,0,0,0,0,0,0
21159,C4920,13,268,District-Longleng,Rural,Total,896,506,390,133,69,64,340,200,140,43,27,16,84,53,31,33,17,16,27,15,12,144,78,66,92,47,45
21160,C4920,13,268,District-Longleng,Rural,0-4,34,24,10,4,1,3,13,11,2,1,1,0,3,3,0,1,1,0,0,0,0,10,7,3,2,0,2
21161,C4920,13,268,District-Longleng,Rural,5-9,71,44,27,9,5,4,20,9,11,6,5,1,5,4,1,3,1,2,2,1,1,22,15,7,4,4,0
21162,C4920,13,268,District-Longleng,Rural,10-19,121,67,54,23,12,11,32,18,14,12,7,5,17,10,7,6,3,3,4,2,2,22,11,11,5,4,1
21163,C4920,13,268,District-Longleng,Rural,20-29,104,63,41,8,5,3,29,15,14,9,7,2,18,12,6,2,1,1,4,4,0,20,11,9,14,8,6
21164,C4920,13,268,District-Longleng,Rural,30-39,96,56,40,6,4,2,43,24,19,7,3,4,5,3,2,8,7,1,3,2,1,16,7,9,8,6,2
21165,C4920,13,268,District-Longleng,Rural,40-49,99,47,52,19,10,9,35,14,21,2,2,0,8,4,4,3,0,3,6,4,2,16,9,7,10,4,6
21166,C4920,13,268,District-Longleng,Rural,50-59,107,65,42,14,8,6,52,35,17,3,1,2,10,7,3,4,3,1,3,2,1,10,2,8,11,7,4
21167,C4920,13,268,District-Longleng,Rural,60-69,104,55,49,18,8,10,51,32,19,2,1,1,5,4,1,1,0,1,3,0,3,13,7,6,11,3,8
21168,C4920,13,268,District-Longleng,Rural,70-79,83,37,46,14,5,9,35,20,15,1,0,1,9,3,6,3,0,3,2,0,2,8,5,3,11,4,7
21169,C4920,13,268,District-Longleng,Rural,80-89,52,30,22,12,7,5,19,12,7,0,0,0,2,1,1,1,1,0,0,0,0,6,4,2,12,5,7
21170,C4920,13,268,District-Longleng,Rural,90+,25,18,7,6,4,2,11,10,1,0,0,0,2,2,0,1,0,1,0,0,0,1,0,1,4,2,2
21171,C4920,13,268,District-Longleng,Rural,Age Not Stated,0,0,0,0,0,0,0,0,0,0,0,0,0,0,0,0,0,0,0,0,0,0,0,0,0,0,0
21172,C4920,13,268,District-Longleng,Urban,Total,117,66,51,18,9,9,38,19,19,11,7,4,20,14,6,4,2,2,1,0,1,12,7,5,13,8,5
21173,C4920,13,268,District-Longleng,Urban,0-4,4,3,1,1,1,0,1,0,1,0,0,0,1,1,0,0,0,0,0,0,0,1,1,0,0,0,0
21174,C4920,13,268,District-Longleng,Urban,5-9,7,4,3,0,0,0,1,0,1,3,2,1,1,0,1,0,0,0,0,0,0,0,0,0,2,2,0
21175,C4920,13,268,District-Longleng,Urban,10-19,21,13,8,4,3,1,4,2,2,3,2,1,4,4,0,2,1,1,1,0,1,3,1,2,0,0,0
21176,C4920,13,268,District-Longleng,Urban,20-29,15,8,7,1,0,1,0,0,0,1,1,0,8,4,4,2,1,1,0,0,0,2,2,0,1,0,1
21177,C4920,13,268,District-Longleng,Urban,30-39,5,2,3,1,0,1,1,0,1,2,1,1,1,1,0,0,0,0,0,0,0,0,0,0,0,0,0
21178,C4920,13,268,District-Longleng,Urban,40-49,8,3,5,3,1,2,4,2,2,0,0,0,1,0,1,0,0,0,0,0,0,0,0,0,0,0,0
21179,C4920,13,268,District-Longleng,Urban,50-59,14,6,8,1,1,0,9,3,6,0,0,0,1,1,0,0,0,0,0,0,0,1,0,1,2,1,1
21180,C4920,13,268,District-Longleng,Urban,60-69,21,13,8,2,1,1,11,8,3,2,1,1,1,1,0,0,0,0,0,0,0,2,1,1,3,1,2
21181,C4920,13,268,District-Longleng,Urban,70-79,15,8,7,4,1,3,4,2,2,0,0,0,2,2,0,0,0,0,0,0,0,1,0,1,4,3,1
21182,C4920,13,268,District-Longleng,Urban,80-89,6,5,1,1,1,0,2,1,1,0,0,0,0,0,0,0,0,0,0,0,0,2,2,0,1,1,0
21183,C4920,13,268,District-Longleng,Urban,90+,1,1,0,0,0,0,1,1,0,0,0,0,0,0,0,0,0,0,0,0,0,0,0,0,0,0,0
21184,C4920,13,268,District-Longleng,Urban,Age Not Stated,0,0,0,0,0,0,0,0,0,0,0,0,0,0,0,0,0,0,0,0,0,0,0,0,0,0,0
21185,C4920,13,269,District-Kiphire,Total,Total,1018,533,485,136,76,60,226,124,102,107,50,57,140,80,60,33,12,21,29,14,15,247,128,119,100,49,51
21186,C4920,13,269,District-Kiphire,Total,0-4,29,18,11,7,5,2,8,5,3,0,0,0,4,3,1,0,0,0,0,0,0,7,4,3,3,1,2
21187,C4920,13,269,District-Kiphire,Total,5-9,48,25,23,7,4,3,7,2,5,7,3,4,10,10,0,0,0,0,1,0,1,9,3,6,7,3,4
21188,C4920,13,269,District-Kiphire,Total,10-19,153,79,74,21,8,13,31,19,12,19,7,12,30,14,16,7,2,5,6,3,3,26,17,9,13,9,4
21189,C4920,13,269,District-Kiphire,Total,20-29,144,75,69,8,3,5,29,15,14,15,9,6,17,12,5,5,2,3,5,4,1,49,22,27,16,8,8
21190,C4920,13,269,District-Kiphire,Total,30-39,147,73,74,7,3,4,16,12,4,17,6,11,11,7,4,6,3,3,9,2,7,71,38,33,10,2,8
21191,C4920,13,269,District-Kiphire,Total,40-49,187,101,86,17,10,7,42,26,16,36,17,19,19,12,7,6,3,3,7,4,3,38,18,20,22,11,11
21192,C4920,13,269,District-Kiphire,Total,50-59,136,78,58,25,18,7,37,18,19,10,6,4,21,11,10,6,2,4,1,1,0,26,15,11,10,7,3
21193,C4920,13,269,District-Kiphire,Total,60-69,73,34,39,17,9,8,20,6,14,3,2,1,13,5,8,1,0,1,0,0,0,14,9,5,5,3,2
21194,C4920,13,269,District-Kiphire,Total,70-79,62,25,37,15,9,6,20,11,9,0,0,0,12,3,9,2,0,2,0,0,0,4,0,4,9,2,7
21195,C4920,13,269,District-Kiphire,Total,80-89,27,17,10,9,5,4,10,6,4,0,0,0,1,1,0,0,0,0,0,0,0,3,2,1,4,3,1
21196,C4920,13,269,District-Kiphire,Total,90+,12,8,4,3,2,1,6,4,2,0,0,0,2,2,0,0,0,0,0,0,0,0,0,0,1,0,1
21197,C4920,13,269,District-Kiphire,Total,Age Not Stated,0,0,0,0,0,0,0,0,0,0,0,0,0,0,0,0,0,0,0,0,0,0,0,0,0,0,0
21198,C4920,13,269,District-Kiphire,Rural,Total,865,450,415,114,65,49,192,103,89,89,41,48,120,72,48,31,12,19,21,10,11,216,108,108,82,39,43
21199,C4920,13,269,District-Kiphire,Rural,0-4,23,16,7,5,4,1,5,4,1,0,0,0,4,3,1,0,0,0,0,0,0,6,4,2,3,1,2
21200,C4920,13,269,District-Kiphire,Rural,5-9,38,19,19,5,3,2,7,2,5,4,1,3,10,10,0,0,0,0,1,0,1,6,2,4,5,1,4
21201,C4920,13,269,District-Kiphire,Rural,10-19,122,62,60,16,6,10,23,13,10,15,5,10,27,14,13,6,2,4,5,3,2,18,11,7,12,8,4
21202,C4920,13,269,District-Kiphire,Rural,20-29,119,59,60,8,3,5,24,12,12,14,8,6,12,9,3,5,2,3,5,4,1,41,16,25,10,5,5
21203,C4920,13,269,District-Kiphire,Rural,30-39,132,66,66,6,3,3,13,10,3,15,5,10,7,6,1,6,3,3,6,1,5,69,36,33,10,2,8
21204,C4920,13,269,District-Kiphire,Rural,40-49,163,88,75,16,9,7,39,23,16,31,15,16,14,10,4,6,3,3,4,2,2,33,16,17,20,10,10
21205,C4920,13,269,District-Kiphire,Rural,50-59,116,65,51,20,15,5,31,14,17,8,6,2,19,9,10,5,2,3,0,0,0,24,13,11,9,6,3
21206,C4920,13,269,District-Kiphire,Rural,60-69,61,28,33,15,7,8,16,5,11,2,1,1,12,5,7,1,0,1,0,0,0,12,8,4,3,2,1
21207,C4920,13,269,District-Kiphire,Rural,70-79,55,24,31,12,8,4,19,11,8,0,0,0,12,3,9,2,0,2,0,0,0,4,0,4,6,2,4
21208,C4920,13,269,District-Kiphire,Rural,80-89,25,16,9,8,5,3,10,6,4,0,0,0,1,1,0,0,0,0,0,0,0,3,2,1,3,2,1
21209,C4920,13,269,District-Kiphire,Rural,90+,11,7,4,3,2,1,5,3,2,0,0,0,2,2,0,0,0,0,0,0,0,0,0,0,1,0,1
21210,C4920,13,269,District-Kiphire,Rural,Age Not Stated,0,0,0,0,0,0,0,0,0,0,0,0,0,0,0,0,0,0,0,0,0,0,0,0,0,0,0
21211,C4920,13,269,District-Kiphire,Urban,Total,153,83,70,22,11,11,34,21,13,18,9,9,20,8,12,2,0,2,8,4,4,31,20,11,18,10,8
21212,C4920,13,269,District-Kiphire,Urban,0-4,6,2,4,2,1,1,3,1,2,0,0,0,0,0,0,0,0,0,0,0,0,1,0,1,0,0,0
21213,C4920,13,269,District-Kiphire,Urban,5-9,10,6,4,2,1,1,0,0,0,3,2,1,0,0,0,0,0,0,0,0,0,3,1,2,2,2,0
21214,C4920,13,269,District-Kiphire,Urban,10-19,31,17,14,5,2,3,8,6,2,4,2,2,3,0,3,1,0,1,1,0,1,8,6,2,1,1,0
21215,C4920,13,269,District-Kiphire,Urban,20-29,25,16,9,0,0,0,5,3,2,1,1,0,5,3,2,0,0,0,0,0,0,8,6,2,6,3,3
21216,C4920,13,269,District-Kiphire,Urban,30-39,15,7,8,1,0,1,3,2,1,2,1,1,4,1,3,0,0,0,3,1,2,2,2,0,0,0,0
21217,C4920,13,269,District-Kiphire,Urban,40-49,24,13,11,1,1,0,3,3,0,5,2,3,5,2,3,0,0,0,3,2,1,5,2,3,2,1,1
21218,C4920,13,269,District-Kiphire,Urban,50-59,20,13,7,5,3,2,6,4,2,2,0,2,2,2,0,1,0,1,1,1,0,2,2,0,1,1,0
21219,C4920,13,269,District-Kiphire,Urban,60-69,12,6,6,2,2,0,4,1,3,1,1,0,1,0,1,0,0,0,0,0,0,2,1,1,2,1,1
21220,C4920,13,269,District-Kiphire,Urban,70-79,7,1,6,3,1,2,1,0,1,0,0,0,0,0,0,0,0,0,0,0,0,0,0,0,3,0,3
21221,C4920,13,269,District-Kiphire,Urban,80-89,2,1,1,1,0,1,0,0,0,0,0,0,0,0,0,0,0,0,0,0,0,0,0,0,1,1,0
21222,C4920,13,269,District-Kiphire,Urban,90+,1,1,0,0,0,0,1,1,0,0,0,0,0,0,0,0,0,0,0,0,0,0,0,0,0,0,0
21223,C4920,13,269,District-Kiphire,Urban,Age Not Stated,0,0,0,0,0,0,0,0,0,0,0,0,0,0,0,0,0,0,0,0,0,0,0,0,0,0,0
21224,C4920,13,270,District-Kohima,Total,Total,2697,1464,1233,378,189,189,648,377,271,202,115,87,455,247,208,128,67,61,114,58,56,458,252,206,314,159,155
21225,C4920,13,270,District-Kohima,Total,0-4,83,36,47,9,2,7,19,11,8,3,1,2,9,5,4,3,1,2,0,0,0,31,11,20,9,5,4
21226,C4920,13,270,District-Kohima,Total,5-9,183,97,86,21,9,12,28,12,16,27,13,14,28,15,13,4,3,1,2,1,1,33,22,11,40,22,18
21227,C4920,13,270,District-Kohima,Total,10-19,462,252,210,53,25,28,102,57,45,44,29,15,74,48,26,23,11,12,15,6,9,100,51,49,51,25,26
21228,C4920,13,270,District-Kohima,Total,20-29,409,236,173,49,27,22,71,42,29,34,18,16,68,34,34,28,16,12,26,20,6,85,52,33,48,27,21
21229,C4920,13,270,District-Kohima,Total,30-39,378,228,150,33,22,11,82,54,28,28,18,10,80,51,29,23,13,10,33,19,14,68,41,27,31,10,21
21230,C4920,13,270,District-Kohima,Total,40-49,306,172,134,44,29,15,75,40,35,23,16,7,46,24,22,19,9,10,12,2,10,56,34,22,31,18,13
21231,C4920,13,270,District-Kohima,Total,50-59,279,163,116,41,23,18,73,50,23,22,10,12,51,29,22,13,6,7,14,6,8,32,17,15,33,22,11
21232,C4920,13,270,District-Kohima,Total,60-69,231,124,107,56,23,33,57,37,20,10,7,3,41,25,16,9,6,3,8,1,7,30,14,16,20,11,9
21233,C4920,13,270,District-Kohima,Total,70-79,180,79,101,37,18,19,62,34,28,7,3,4,33,10,23,3,1,2,2,1,1,14,6,8,22,6,16
21234,C4920,13,270,District-Kohima,Total,80-89,131,54,77,26,6,20,54,27,27,1,0,1,17,5,12,2,1,1,2,2,0,6,3,3,23,10,13
21235,C4920,13,270,District-Kohima,Total,90+,46,16,30,8,4,4,21,9,12,2,0,2,8,1,7,0,0,0,0,0,0,2,0,2,5,2,3
21236,C4920,13,270,District-Kohima,Total,Age Not Stated,9,7,2,1,1,0,4,4,0,1,0,1,0,0,0,1,0,1,0,0,0,1,1,0,1,1,0
21237,C4920,13,270,District-Kohima,Rural,Total,1729,921,808,275,133,142,464,260,204,137,78,59,247,129,118,73,35,38,73,39,34,278,152,126,182,95,87
21238,C4920,13,270,District-Kohima,Rural,0-4,55,24,31,5,1,4,15,9,6,1,1,0,7,4,3,2,1,1,0,0,0,20,7,13,5,1,4
21239,C4920,13,270,District-Kohima,Rural,5-9,104,55,49,17,7,10,22,9,13,14,8,6,5,3,2,3,3,0,1,0,1,19,12,7,23,13,10
21240,C4920,13,270,District-Kohima,Rural,10-19,258,133,125,32,15,17,63,33,30,29,20,9,41,26,15,11,4,7,9,3,6,47,19,28,26,13,13
21241,C4920,13,270,District-Kohima,Rural,20-29,234,132,102,21,13,8,46,24,22,23,9,14,33,15,18,14,7,7,18,14,4,55,36,19,24,14,10
21242,C4920,13,270,District-Kohima,Rural,30-39,243,154,89,23,16,7,66,43,23,20,13,7,44,28,16,14,8,6,21,15,6,40,27,13,15,4,11
21243,C4920,13,270,District-Kohima,Rural,40-49,202,107,95,32,20,12,50,23,27,17,12,5,28,13,15,14,6,8,5,0,5,38,23,15,18,10,8
21244,C4920,13,270,District-Kohima,Rural,50-59,191,106,85,35,17,18,50,31,19,16,7,9,26,15,11,5,2,3,11,4,7,25,14,11,23,16,7
21245,C4920,13,270,District-Kohima,Rural,60-69,172,87,85,51,19,32,42,30,12,8,5,3,27,15,12,5,2,3,5,1,4,19,6,13,15,9,6
21246,C4920,13,270,District-Kohima,Rural,70-79,140,67,73,31,16,15,52,29,23,7,3,4,22,7,15,3,1,2,2,1,1,10,5,5,13,5,8
21247,C4920,13,270,District-Kohima,Rural,80-89,90,37,53,22,5,17,40,19,21,1,0,1,8,2,6,1,1,0,1,1,0,3,2,1,14,7,7
21248,C4920,13,270,District-Kohima,Rural,90+,32,12,20,5,3,2,14,6,8,1,0,1,6,1,5,0,0,0,0,0,0,1,0,1,5,2,3
21249,C4920,13,270,District-Kohima,Rural,Age Not Stated,8,7,1,1,1,0,4,4,0,0,0,0,0,0,0,1,0,1,0,0,0,1,1,0,1,1,0
21250,C4920,13,270,District-Kohima,Urban,Total,968,543,425,103,56,47,184,117,67,65,37,28,208,118,90,55,32,23,41,19,22,180,100,80,132,64,68
21251,C4920,13,270,District-Kohima,Urban,0-4,28,12,16,4,1,3,4,2,2,2,0,2,2,1,1,1,0,1,0,0,0,11,4,7,4,4,0
21252,C4920,13,270,District-Kohima,Urban,5-9,79,42,37,4,2,2,6,3,3,13,5,8,23,12,11,1,0,1,1,1,0,14,10,4,17,9,8
21253,C4920,13,270,District-Kohima,Urban,10-19,204,119,85,21,10,11,39,24,15,15,9,6,33,22,11,12,7,5,6,3,3,53,32,21,25,12,13
21254,C4920,13,270,District-Kohima,Urban,20-29,175,104,71,28,14,14,25,18,7,11,9,2,35,19,16,14,9,5,8,6,2,30,16,14,24,13,11
21255,C4920,13,270,District-Kohima,Urban,30-39,135,74,61,10,6,4,16,11,5,8,5,3,36,23,13,9,5,4,12,4,8,28,14,14,16,6,10
21256,C4920,13,270,District-Kohima,Urban,40-49,104,65,39,12,9,3,25,17,8,6,4,2,18,11,7,5,3,2,7,2,5,18,11,7,13,8,5
21257,C4920,13,270,District-Kohima,Urban,50-59,88,57,31,6,6,0,23,19,4,6,3,3,25,14,11,8,4,4,3,2,1,7,3,4,10,6,4
21258,C4920,13,270,District-Kohima,Urban,60-69,59,37,22,5,4,1,15,7,8,2,2,0,14,10,4,4,4,0,3,0,3,11,8,3,5,2,3
21259,C4920,13,270,District-Kohima,Urban,70-79,40,12,28,6,2,4,10,5,5,0,0,0,11,3,8,0,0,0,0,0,0,4,1,3,9,1,8
21260,C4920,13,270,District-Kohima,Urban,80-89,41,17,24,4,1,3,14,8,6,0,0,0,9,3,6,1,0,1,1,1,0,3,1,2,9,3,6
21261,C4920,13,270,District-Kohima,Urban,90+,14,4,10,3,1,2,7,3,4,1,0,1,2,0,2,0,0,0,0,0,0,1,0,1,0,0,0
21262,C4920,13,270,District-Kohima,Urban,Age Not Stated,1,0,1,0,0,0,0,0,0,1,0,1,0,0,0,0,0,0,0,0,0,0,0,0,0,0,0
21263,C4920,13,271,District-Peren,Total,Total,1492,788,704,298,152,146,370,200,170,93,55,38,167,83,84,91,55,36,47,27,20,251,123,128,175,93,82
21264,C4920,13,271,District-Peren,Total,0-4,47,24,23,4,2,2,21,8,13,2,2,0,5,2,3,2,2,0,0,0,0,10,6,4,3,2,1
21265,C4920,13,271,District-Peren,Total,5-9,103,61,42,19,10,9,27,19,8,12,10,2,13,10,3,4,2,2,2,0,2,18,7,11,8,3,5
21266,C4920,13,271,District-Peren,Total,10-19,266,138,128,42,17,25,71,36,35,30,19,11,33,14,19,23,15,8,9,5,4,37,20,17,21,12,9
21267,C4920,13,271,District-Peren,Total,20-29,205,115,90,27,14,13,50,26,24,20,9,11,18,9,9,17,14,3,12,6,6,42,27,15,19,10,9
21268,C4920,13,271,District-Peren,Total,30-39,217,110,107,42,22,20,44,22,22,14,8,6,24,13,11,21,12,9,8,4,4,51,21,30,13,8,5
21269,C4920,13,271,District-Peren,Total,40-49,178,106,72,39,25,14,37,21,16,4,2,2,14,9,5,6,4,2,5,4,1,52,25,27,21,16,5
21270,C4920,13,271,District-Peren,Total,50-59,170,84,86,57,29,28,35,18,17,3,1,2,16,6,10,9,2,7,5,5,0,24,12,12,21,11,10
21271,C4920,13,271,District-Peren,Total,60-69,146,75,71,37,21,16,40,24,16,7,4,3,19,9,10,5,2,3,5,3,2,9,3,6,24,9,15
21272,C4920,13,271,District-Peren,Total,70-79,88,45,43,12,5,7,24,18,6,1,0,1,16,6,10,4,2,2,1,0,1,7,2,5,23,12,11
21273,C4920,13,271,District-Peren,Total,80-89,49,20,29,15,5,10,14,5,9,0,0,0,6,3,3,0,0,0,0,0,0,1,0,1,13,7,6
21274,C4920,13,271,District-Peren,Total,90+,22,9,13,3,1,2,7,3,4,0,0,0,3,2,1,0,0,0,0,0,0,0,0,0,9,3,6
21275,C4920,13,271,District-Peren,Total,Age Not Stated,1,1,0,1,1,0,0,0,0,0,0,0,0,0,0,0,0,0,0,0,0,0,0,0,0,0,0
21276,C4920,13,271,District-Peren,Rural,Total,1382,726,656,286,147,139,349,189,160,79,47,32,154,75,79,83,49,34,39,21,18,235,114,121,157,84,73
21277,C4920,13,271,District-Peren,Rural,0-4,45,22,23,4,2,2,20,7,13,2,2,0,5,2,3,2,2,0,0,0,0,9,5,4,3,2,1
21278,C4920,13,271,District-Peren,Rural,5-9,95,57,38,19,10,9,26,18,8,10,9,1,12,9,3,4,2,2,1,0,1,17,7,10,6,2,4
21279,C4920,13,271,District-Peren,Rural,10-19,237,121,116,39,16,23,65,32,33,26,16,10,30,12,18,22,14,8,7,4,3,33,18,15,15,9,6
21280,C4920,13,271,District-Peren,Rural,20-29,187,109,78,25,14,11,49,26,23,14,6,8,16,9,7,15,13,2,11,5,6,39,26,13,18,10,8
21281,C4920,13,271,District-Peren,Rural,30-39,203,101,102,39,21,18,43,22,21,12,7,5,23,12,11,18,9,9,7,3,4,49,19,30,12,8,4
21282,C4920,13,271,District-Peren,Rural,40-49,169,100,69,38,24,14,34,19,15,4,2,2,13,8,5,6,4,2,4,3,1,49,24,25,21,16,5
21283,C4920,13,271,District-Peren,Rural,50-59,162,78,84,57,29,28,35,18,17,3,1,2,14,5,9,8,2,6,3,3,0,23,11,12,19,9,10
21284,C4920,13,271,District-Peren,Rural,60-69,134,67,67,34,19,15,36,22,14,7,4,3,17,8,9,4,1,3,5,3,2,8,2,6,23,8,15
21285,C4920,13,271,District-Peren,Rural,70-79,87,44,43,12,5,7,24,18,6,1,0,1,15,5,10,4,2,2,1,0,1,7,2,5,23,12,11
21286,C4920,13,271,District-Peren,Rural,80-89,42,18,24,15,5,10,10,4,6,0,0,0,6,3,3,0,0,0,0,0,0,1,0,1,10,6,4
21287,C4920,13,271,District-Peren,Rural,90+,20,8,12,3,1,2,7,3,4,0,0,0,3,2,1,0,0,0,0,0,0,0,0,0,7,2,5
21288,C4920,13,271,District-Peren,Rural,Age Not Stated,1,1,0,1,1,0,0,0,0,0,0,0,0,0,0,0,0,0,0,0,0,0,0,0,0,0,0
21289,C4920,13,271,District-Peren,Urban,Total,110,62,48,12,5,7,21,11,10,14,8,6,13,8,5,8,6,2,8,6,2,16,9,7,18,9,9
21290,C4920,13,271,District-Peren,Urban,0-4,2,2,0,0,0,0,1,1,0,0,0,0,0,0,0,0,0,0,0,0,0,1,1,0,0,0,0
21291,C4920,13,271,District-Peren,Urban,5-9,8,4,4,0,0,0,1,1,0,2,1,1,1,1,0,0,0,0,1,0,1,1,0,1,2,1,1
21292,C4920,13,271,District-Peren,Urban,10-19,29,17,12,3,1,2,6,4,2,4,3,1,3,2,1,1,1,0,2,1,1,4,2,2,6,3,3
21293,C4920,13,271,District-Peren,Urban,20-29,18,6,12,2,0,2,1,0,1,6,3,3,2,0,2,2,1,1,1,1,0,3,1,2,1,0,1
21294,C4920,13,271,District-Peren,Urban,30-39,14,9,5,3,1,2,1,0,1,2,1,1,1,1,0,3,3,0,1,1,0,2,2,0,1,0,1
21295,C4920,13,271,District-Peren,Urban,40-49,9,6,3,1,1,0,3,2,1,0,0,0,1,1,0,0,0,0,1,1,0,3,1,2,0,0,0
21296,C4920,13,271,District-Peren,Urban,50-59,8,6,2,0,0,0,0,0,0,0,0,0,2,1,1,1,0,1,2,2,0,1,1,0,2,2,0
21297,C4920,13,271,District-Peren,Urban,60-69,12,8,4,3,2,1,4,2,2,0,0,0,2,1,1,1,1,0,0,0,0,1,1,0,1,1,0
21298,C4920,13,271,District-Peren,Urban,70-79,1,1,0,0,0,0,0,0,0,0,0,0,1,1,0,0,0,0,0,0,0,0,0,0,0,0,0
21299,C4920,13,271,District-Peren,Urban,80-89,7,2,5,0,0,0,4,1,3,0,0,0,0,0,0,0,0,0,0,0,0,0,0,0,3,1,2
21300,C4920,13,271,District-Peren,Urban,90+,2,1,1,0,0,0,0,0,0,0,0,0,0,0,0,0,0,0,0,0,0,0,0,0,2,1,1
21301,C4920,13,271,District-Peren,Urban,Age Not Stated,0,0,0,0,0,0,0,0,0,0,0,0,0,0,0,0,0,0,0,0,0,0,0,0,0,0,0
21302,C4920,33,0,State-TAMIL NADU,Total,0-4,38538,20766,17772,3680,1907,1773,9561,4873,4688,864,530,334,4183,2494,1689,3543,2004,1539,121,71,50,13231,6992,6239,3355,1895,1460
21303,C4920,33,0,State-TAMIL NADU,Total,5-9,66459,37425,29034,5463,2944,2519,11288,5860,5428,7093,4181,2912,8063,4889,3174,10356,6145,4211,410,247,163,14810,7922,6888,8976,5237,3739
21304,C4920,33,0,State-TAMIL NADU,Total,10-19,173297,97267,76030,15890,8761,7129,30464,15679,14785,16216,9227,6989,24923,15286,9637,28610,16433,12177,1786,1022,764,34825,18805,16020,20583,12054,8529
21305,C4920,33,0,State-TAMIL NADU,Total,20-29,215111,116308,98803,17129,9249,7880,33769,16478,17291,16717,8911,7806,57182,32945,24237,22990,12593,10397,4975,2769,2206,44503,23359,21144,17846,10004,7842
21306,C4920,33,0,State-TAMIL NADU,Total,30-39,198406,110061,88345,17531,9502,8029,32100,15784,16316,13692,7324,6368,56962,34825,22137,15985,8423,7562,8194,4576,3618,40649,22276,18373,13293,7351,5942
21307,C4920,33,0,State-TAMIL NADU,Total,40-49,167506,96731,70775,17878,10007,7871,31235,15855,15380,11118,6157,4961,44487,29049,15438,10365,5561,4804,8256,4495,3761,34041,19624,14417,10126,5983,4143
21308,C4920,33,0,State-TAMIL NADU,Total,50-59,128846,74231,54615,16394,8793,7601,25966,12835,13131,6982,4005,2977,37664,24679,12985,4966,2667,2299,4885,2521,2364,25070,14574,10496,6919,4157,2762
21309,C4920,33,0,State-TAMIL NADU,Total,60-69,105818,59434,46384,16603,8376,8227,23199,11203,11996,4724,2736,1988,31707,20459,11248,2546,1321,1225,2628,1243,1385,18704,10738,7966,5707,3358,2349
21310,C4920,33,0,State-TAMIL NADU,Total,70-79,58214,31622,26592,11168,5594,5574,15142,7670,7472,1889,1037,852,15519,9458,6061,947,469,478,1160,514,646,8821,4941,3880,3568,1939,1629
21311,C4920,33,0,State-TAMIL NADU,Total,80-89,21689,10786,10903,4578,2140,2438,6108,2988,3120,588,300,288,5302,2822,2480,286,107,179,349,152,197,2728,1431,1297,1750,846,904
21312,C4920,33,0,State-TAMIL NADU,Total,90+,4533,1998,2535,966,406,560,1141,532,609,110,55,55,1074,475,599,72,39,33,67,29,38,520,239,281,583,223,360
21313,C4920,33,0,State-TAMIL NADU,Total,Age Not Stated,1546,789,757,125,65,60,268,122,146,84,49,35,175,95,80,181,92,89,133,68,65,490,249,241,90,49,41
21314,C4920,33,0,State-TAMIL NADU,Rural,Total,621745,346846,274899,71650,37833,33817,107621,53739,53882,47160,26156,21004,158624,98242,60382,52522,28518,24004,17344,9009,8335,113844,63088,50756,52980,30261,22719
21315,C4920,33,0,State-TAMIL NADU,Rural,0-4,19945,10812,9133,1843,942,901,4262,2178,2084,521,309,212,2599,1544,1055,2032,1146,886,57,35,22,6589,3499,3090,2042,1159,883
21316,C4920,33,0,State-TAMIL NADU,Rural,5-9,36427,20531,15896,2921,1551,1370,5395,2792,2603,4257,2499,1758,4957,3013,1944,5795,3392,2403,199,117,82,7428,3975,3453,5475,3192,2283
21317,C4920,33,0,State-TAMIL NADU,Rural,10-19,94480,53284,41196,8658,4844,3814,14892,7895,6997,10007,5744,4263,14981,9163,5818,15481,8675,6806,966,545,421,17524,9464,8060,11971,6954,5017
21318,C4920,33,0,State-TAMIL NADU,Rural,20-29,112410,61495,50915,9091,4930,4161,15520,7717,7803,10139,5402,4737,31970,18612,13358,11864,6330,5534,2784,1521,1263,20844,11179,9665,10198,5804,4394
21319,C4920,33,0,State-TAMIL NADU,Rural,30-39,97506,54342,43164,9060,4954,4106,14680,7070,7610,7834,4148,3686,28777,17988,10789,7856,4011,3845,4296,2296,2000,17904,9935,7969,7099,3940,3159
21320,C4920,33,0,State-TAMIL NADU,Rural,40-49,84294,48541,35753,9492,5294,4198,14874,7448,7426,6348,3476,2872,23381,15261,8120,5025,2655,2370,4192,2201,1991,15621,9054,6567,5361,3152,2209
21321,C4920,33,0,State-TAMIL NADU,Rural,50-59,66670,37922,28748,9123,4731,4392,12921,6303,6618,3889,2214,1675,20283,13177,7106,2393,1247,1146,2506,1220,1286,11822,6826,4996,3733,2204,1529
21322,C4920,33,0,State-TAMIL NADU,Rural,60-69,59879,33281,26598,10505,5191,5314,12680,6068,6612,2700,1563,1137,18338,11672,6666,1322,696,626,1381,643,738,9632,5541,4091,3321,1907,1414
21323,C4920,33,0,State-TAMIL NADU,Rural,70-79,34014,18586,15428,7299,3651,3648,8384,4283,4101,1042,576,466,9342,5694,3648,473,238,235,635,283,352,4601,2626,1975,2238,1235,1003
21324,C4920,33,0,State-TAMIL NADU,Rural,80-89,12551,6419,6132,2978,1446,1532,3247,1625,1622,309,164,145,3226,1757,1469,119,51,68,191,83,108,1381,751,630,1100,542,558
21325,C4920,33,0,State-TAMIL NADU,Rural,90+,2739,1216,1523,618,273,345,668,307,361,62,34,28,670,308,362,39,20,19,33,16,17,262,119,143,387,139,248
21326,C4920,33,0,State-TAMIL NADU,Rural,Age Not Stated,830,417,413,62,26,36,98,53,45,52,27,25,100,53,47,123,57,66,104,49,55,236,119,117,55,33,22
21327,C4920,33,0,State-TAMIL NADU,Urban,Total,558218,310572,247646,55755,29911,25844,112620,56140,56480,32917,18356,14561,128617,79234,49383,48325,27336,20989,15620,8698,6922,124548,68062,56486,39816,22835,16981
21328,C4920,33,0,State-TAMIL NADU,Urban,0-4,18593,9954,8639,1837,965,872,5299,2695,2604,343,221,122,1584,950,634,1511,858,653,64,36,28,6642,3493,3149,1313,736,577
21329,C4920,33,0,State-TAMIL NADU,Urban,5-9,30032,16894,13138,2542,1393,1149,5893,3068,2825,2836,1682,1154,3106,1876,1230,4561,2753,1808,211,130,81,7382,3947,3435,3501,2045,1456
21330,C4920,33,0,State-TAMIL NADU,Urban,10-19,78817,43983,34834,7232,3917,3315,15572,7784,7788,6209,3483,2726,9942,6123,3819,13129,7758,5371,820,477,343,17301,9341,7960,8612,5100,3512
21331,C4920,33,0,State-TAMIL NADU,Urban,20-29,102701,54813,47888,8038,4319,3719,18249,8761,9488,6578,3509,3069,25212,14333,10879,11126,6263,4863,2191,1248,943,23659,12180,11479,7648,4200,3448
21332,C4920,33,0,State-TAMIL NADU,Urban,30-39,100900,55719,45181,8471,4548,3923,17420,8714,8706,5858,3176,2682,28185,16837,11348,8129,4412,3717,3898,2280,1618,22745,12341,10404,6194,3411,2783
21333,C4920,33,0,State-TAMIL NADU,Urban,40-49,83212,48190,35022,8386,4713,3673,16361,8407,7954,4770,2681,2089,21106,13788,7318,5340,2906,2434,4064,2294,1770,18420,10570,7850,4765,2831,1934
21334,C4920,33,0,State-TAMIL NADU,Urban,50-59,62176,36309,25867,7271,4062,3209,13045,6532,6513,3093,1791,1302,17381,11502,5879,2573,1420,1153,2379,1301,1078,13248,7748,5500,3186,1953,1233
21335,C4920,33,0,State-TAMIL NADU,Urban,60-69,45939,26153,19786,6098,3185,2913,10519,5135,5384,2024,1173,851,13369,8787,4582,1224,625,599,1247,600,647,9072,5197,3875,2386,1451,935
21336,C4920,33,0,State-TAMIL NADU,Urban,70-79,24200,13036,11164,3869,1943,1926,6758,3387,3371,847,461,386,6177,3764,2413,474,231,243,525,231,294,4220,2315,1905,1330,704,626
21337,C4920,33,0,State-TAMIL NADU,Urban,80-89,9138,4367,4771,1600,694,906,2861,1363,1498,279,136,143,2076,1065,1011,167,56,111,158,69,89,1347,680,667,650,304,346
21338,C4920,33,0,State-TAMIL NADU,Urban,90+,1794,782,1012,348,133,215,473,225,248,48,21,27,404,167,237,33,19,14,34,13,21,258,120,138,196,84,112
21339,C4920,33,0,State-TAMIL NADU,Urban,Age Not Stated,716,372,344,63,39,24,170,69,101,32,22,10,75,42,33,58,35,23,29,19,10,254,130,124,35,16,19
21340,C4920,33,602,District-Thiruvallur,Total,Total,74549,40256,34293,7296,3791,3505,18274,9027,9247,3583,1965,1618,13144,8097,5047,4961,2599,2362,1344,714,630,20978,11270,9708,4969,2793,2176
21341,C4920,33,602,District-Thiruvallur,Total,0-4,3135,1629,1506,262,149,113,1062,534,528,51,30,21,168,94,74,187,104,83,6,5,1,1181,600,581,218,113,105
21342,C4920,33,602,District-Thiruvallur,Total,5-9,4217,2257,1960,288,146,142,1075,544,531,341,191,150,297,174,123,490,310,180,30,19,11,1286,651,635,410,222,188
21343,C4920,33,602,District-Thiruvallur,Total,10-19,10484,5672,4812,908,493,415,2521,1250,1271,699,384,315,931,541,390,1315,773,542,91,62,29,3016,1583,1433,1003,586,417
21344,C4920,33,602,District-Thiruvallur,Total,20-29,13935,7207,6728,1045,561,484,3148,1482,1666,691,368,323,2651,1512,1139,1067,547,520,216,115,101,4167,2106,2061,950,516,434
21345,C4920,33,602,District-Thiruvallur,Total,30-39,13850,7473,6377,1111,574,537,3180,1567,1613,638,346,292,3004,1839,1165,840,400,440,344,171,173,3936,2124,1812,797,452,345
21346,C4920,33,602,District-Thiruvallur,Total,40-49,10844,6086,4758,1068,597,471,2583,1290,1293,519,283,236,2219,1438,781,564,244,320,344,182,162,2965,1708,1257,582,344,238
21347,C4920,33,602,District-Thiruvallur,Total,50-59,8233,4707,3526,1045,563,482,2014,1009,1005,321,183,138,1796,1194,602,271,122,149,171,100,71,2183,1272,911,432,264,168
21348,C4920,33,602,District-Thiruvallur,Total,60-69,5775,3222,2553,864,414,450,1482,779,703,214,125,89,1317,852,465,134,60,74,85,40,45,1382,782,600,297,170,127
21349,C4920,33,602,District-Thiruvallur,Total,70-79,2832,1492,1340,458,211,247,838,412,426,79,41,38,564,355,209,61,32,29,42,17,25,609,332,277,181,92,89
21350,C4920,33,602,District-Thiruvallur,Total,80-89,955,394,561,190,63,127,287,133,154,25,11,14,161,79,82,22,2,20,9,1,8,179,76,103,82,29,53
21351,C4920,33,602,District-Thiruvallur,Total,90+,211,84,127,51,17,34,54,18,36,3,2,1,29,14,15,3,2,1,6,2,4,49,24,25,16,5,11
21352,C4920,33,602,District-Thiruvallur,Total,Age Not Stated,78,33,45,6,3,3,30,9,21,2,1,1,7,5,2,7,3,4,0,0,0,25,12,13,1,0,1
21353,C4920,33,602,District-Thiruvallur,Rural,Total,26495,14170,12325,3070,1531,1539,5626,2581,3045,1596,875,721,5458,3359,2099,1742,922,820,498,262,236,6626,3610,3016,1879,1030,849
21354,C4920,33,602,District-Thiruvallur,Rural,0-4,960,493,467,83,47,36,260,121,139,25,15,10,77,48,29,59,33,26,1,1,0,371,184,187,84,44,40
21355,C4920,33,602,District-Thiruvallur,Rural,5-9,1518,801,717,121,58,63,329,154,175,156,84,72,132,85,47,195,116,79,4,4,0,406,209,197,175,91,84
21356,C4920,33,602,District-Thiruvallur,Rural,10-19,3979,2087,1892,427,224,203,805,372,433,341,190,151,421,241,180,523,298,225,36,24,12,1024,513,511,402,225,177
21357,C4920,33,602,District-Thiruvallur,Rural,20-29,4990,2602,2388,355,203,152,917,399,518,333,176,157,1167,668,499,388,187,201,87,49,38,1379,720,659,364,200,164
21358,C4920,33,602,District-Thiruvallur,Rural,30-39,4490,2452,2038,425,228,197,910,406,504,263,136,127,1087,680,407,273,136,137,125,53,72,1137,654,483,270,159,111
21359,C4920,33,602,District-Thiruvallur,Rural,40-49,3725,2110,1615,429,228,201,805,385,420,210,115,95,907,596,311,158,76,82,121,63,58,907,542,365,188,105,83
21360,C4920,33,602,District-Thiruvallur,Rural,50-59,2996,1678,1318,443,224,219,672,305,367,138,85,53,765,492,273,81,38,43,64,37,27,695,417,278,138,80,58
21361,C4920,33,602,District-Thiruvallur,Rural,60-69,2266,1199,1067,446,190,256,517,252,265,92,56,36,579,363,216,38,19,19,30,16,14,446,239,207,118,64,54
21362,C4920,33,602,District-Thiruvallur,Rural,70-79,1105,564,541,227,95,132,297,142,155,26,12,14,244,143,101,21,15,6,28,14,14,177,96,81,85,47,38
21363,C4920,33,602,District-Thiruvallur,Rural,80-89,361,140,221,90,26,64,91,40,51,10,4,6,66,33,33,2,1,1,1,0,1,55,23,32,46,13,33
21364,C4920,33,602,District-Thiruvallur,Rural,90+,79,31,48,21,7,14,19,4,15,1,1,0,9,7,2,1,1,0,1,1,0,18,8,10,9,2,7
21365,C4920,33,602,District-Thiruvallur,Rural,Age Not Stated,26,13,13,3,1,2,4,1,3,1,1,0,4,3,1,3,2,1,0,0,0,11,5,6,0,0,0
21366,C4920,33,602,District-Thiruvallur,Urban,Total,48054,26086,21968,4226,2260,1966,12648,6446,6202,1987,1090,897,7686,4738,2948,3219,1677,1542,846,452,394,14352,7660,6692,3090,1763,1327
21367,C4920,33,602,District-Thiruvallur,Urban,0-4,2175,1136,1039,179,102,77,802,413,389,26,15,11,91,46,45,128,71,57,5,4,1,810,416,394,134,69,65
21368,C4920,33,602,District-Thiruvallur,Urban,5-9,2699,1456,1243,167,88,79,746,390,356,185,107,78,165,89,76,295,194,101,26,15,11,880,442,438,235,131,104
21369,C4920,33,602,District-Thiruvallur,Urban,10-19,6505,3585,2920,481,269,212,1716,878,838,358,194,164,510,300,210,792,475,317,55,38,17,1992,1070,922,601,361,240
21370,C4920,33,602,District-Thiruvallur,Urban,20-29,8945,4605,4340,690,358,332,2231,1083,1148,358,192,166,1484,844,640,679,360,319,129,66,63,2788,1386,1402,586,316,270
21371,C4920,33,602,District-Thiruvallur,Urban,30-39,9360,5021,4339,686,346,340,2270,1161,1109,375,210,165,1917,1159,758,567,264,303,219,118,101,2799,1470,1329,527,293,234
21372,C4920,33,602,District-Thiruvallur,Urban,40-49,7119,3976,3143,639,369,270,1778,905,873,309,168,141,1312,842,470,406,168,238,223,119,104,2058,1166,892,394,239,155
21373,C4920,33,602,District-Thiruvallur,Urban,50-59,5237,3029,2208,602,339,263,1342,704,638,183,98,85,1031,702,329,190,84,106,107,63,44,1488,855,633,294,184,110
21374,C4920,33,602,District-Thiruvallur,Urban,60-69,3509,2023,1486,418,224,194,965,527,438,122,69,53,738,489,249,96,41,55,55,24,31,936,543,393,179,106,73
21375,C4920,33,602,District-Thiruvallur,Urban,70-79,1727,928,799,231,116,115,541,270,271,53,29,24,320,212,108,40,17,23,14,3,11,432,236,196,96,45,51
21376,C4920,33,602,District-Thiruvallur,Urban,80-89,594,254,340,100,37,63,196,93,103,15,7,8,95,46,49,20,1,19,8,1,7,124,53,71,36,16,20
21377,C4920,33,602,District-Thiruvallur,Urban,90+,132,53,79,30,10,20,35,14,21,2,1,1,20,7,13,2,1,1,5,1,4,31,16,15,7,3,4
21378,C4920,33,602,District-Thiruvallur,Urban,Age Not Stated,52,20,32,3,2,1,26,8,18,1,0,1,3,2,1,4,1,3,0,0,0,14,7,7,1,0,1
21379,C4920,33,603,District-Chennai,Total,Total,90064,49888,40176,10506,5616,4890,23298,12078,11220,3975,2281,1694,14146,8657,5489,5495,3213,2282,2716,1596,1120,25148,13759,11389,4780,2688,2092
21380,C4920,33,603,District-Chennai,Total,0-4,3720,1966,1754,481,235,246,1275,654,621,65,36,29,148,77,71,192,109,83,10,4,6,1400,770,630,149,81,68
21381,C4920,33,603,District-Chennai,Total,5-9,4858,2665,2193,595,321,274,1300,674,626,323,198,125,239,149,90,528,322,206,33,24,9,1499,790,709,341,187,154
21382,C4920,33,603,District-Chennai,Total,10-19,11865,6461,5404,1448,759,689,3136,1595,1541,694,434,260,815,472,343,1344,811,533,123,74,49,3448,1854,1594,857,462,395
21383,C4920,33,603,District-Chennai,Total,20-29,17052,9017,8035,1886,1017,869,4239,2102,2137,797,409,388,2548,1436,1112,1246,725,521,381,230,151,5000,2561,2439,955,537,418
21384,C4920,33,603,District-Chennai,Total,30-39,17032,9525,7507,1726,931,795,4041,2171,1870,754,428,326,3499,2106,1393,925,532,393,703,406,297,4600,2517,2083,784,434,350
21385,C4920,33,603,District-Chennai,Total,40-49,13637,7961,5676,1489,842,647,3355,1826,1529,590,319,271,2455,1609,846,682,403,279,725,446,279,3696,2154,1542,645,362,283
21386,C4920,33,603,District-Chennai,Total,50-59,9877,5781,4096,1184,636,548,2510,1336,1174,386,241,145,2033,1363,670,328,179,149,431,251,180,2575,1508,1067,430,267,163
21387,C4920,33,603,District-Chennai,Total,60-69,6734,3776,2958,875,462,413,1818,915,903,224,129,95,1492,948,544,158,91,67,209,110,99,1633,922,711,325,199,126
21388,C4920,33,603,District-Chennai,Total,70-79,3553,1890,1663,518,265,253,1091,555,536,96,66,30,646,360,286,55,27,28,69,35,34,890,477,413,188,105,83
21389,C4920,33,603,District-Chennai,Total,80-89,1316,640,676,232,108,124,428,204,224,31,16,15,214,106,108,29,9,20,24,13,11,281,145,136,77,39,38
21390,C4920,33,603,District-Chennai,Total,90+,266,123,143,52,26,26,69,27,42,8,3,5,47,25,22,4,3,1,4,2,2,55,23,32,27,14,13
21391,C4920,33,603,District-Chennai,Total,Age Not Stated,154,83,71,20,14,6,36,19,17,7,2,5,10,6,4,4,2,2,4,1,3,71,38,33,2,1,1
21392,C4920,33,603,District-Chennai,Rural,Total,0,0,0,0,0,0,0,0,0,0,0,0,0,0,0,0,0,0,0,0,0,0,0,0,0,0,0
21393,C4920,33,603,District-Chennai,Rural,0-4,0,0,0,0,0,0,0,0,0,0,0,0,0,0,0,0,0,0,0,0,0,0,0,0,0,0,0
21394,C4920,33,603,District-Chennai,Rural,5-9,0,0,0,0,0,0,0,0,0,0,0,0,0,0,0,0,0,0,0,0,0,0,0,0,0,0,0
21395,C4920,33,603,District-Chennai,Rural,10-19,0,0,0,0,0,0,0,0,0,0,0,0,0,0,0,0,0,0,0,0,0,0,0,0,0,0,0
21396,C4920,33,603,District-Chennai,Rural,20-29,0,0,0,0,0,0,0,0,0,0,0,0,0,0,0,0,0,0,0,0,0,0,0,0,0,0,0
21397,C4920,33,603,District-Chennai,Rural,30-39,0,0,0,0,0,0,0,0,0,0,0,0,0,0,0,0,0,0,0,0,0,0,0,0,0,0,0
21398,C4920,33,603,District-Chennai,Rural,40-49,0,0,0,0,0,0,0,0,0,0,0,0,0,0,0,0,0,0,0,0,0,0,0,0,0,0,0
21399,C4920,33,603,District-Chennai,Rural,50-59,0,0,0,0,0,0,0,0,0,0,0,0,0,0,0,0,0,0,0,0,0,0,0,0,0,0,0
21400,C4920,33,603,District-Chennai,Rural,60-69,0,0,0,0,0,0,0,0,0,0,0,0,0,0,0,0,0,0,0,0,0,0,0,0,0,0,0
21401,C4920,33,603,District-Chennai,Rural,70-79,0,0,0,0,0,0,0,0,0,0,0,0,0,0,0,0,0,0,0,0,0,0,0,0,0,0,0
21402,C4920,33,603,District-Chennai,Rural,80-89,0,0,0,0,0,0,0,0,0,0,0,0,0,0,0,0,0,0,0,0,0,0,0,0,0,0,0
21403,C4920,33,603,District-Chennai,Rural,90+,0,0,0,0,0,0,0,0,0,0,0,0,0,0,0,0,0,0,0,0,0,0,0,0,0,0,0
21404,C4920,33,603,District-Chennai,Rural,Age Not Stated,0,0,0,0,0,0,0,0,0,0,0,0,0,0,0,0,0,0,0,0,0,0,0,0,0,0,0
21405,C4920,33,603,District-Chennai,Urban,Total,90064,49888,40176,10506,5616,4890,23298,12078,11220,3975,2281,1694,14146,8657,5489,5495,3213,2282,2716,1596,1120,25148,13759,11389,4780,2688,2092
21406,C4920,33,603,District-Chennai,Urban,0-4,3720,1966,1754,481,235,246,1275,654,621,65,36,29,148,77,71,192,109,83,10,4,6,1400,770,630,149,81,68
21407,C4920,33,603,District-Chennai,Urban,5-9,4858,2665,2193,595,321,274,1300,674,626,323,198,125,239,149,90,528,322,206,33,24,9,1499,790,709,341,187,154
21408,C4920,33,603,District-Chennai,Urban,10-19,11865,6461,5404,1448,759,689,3136,1595,1541,694,434,260,815,472,343,1344,811,533,123,74,49,3448,1854,1594,857,462,395
21409,C4920,33,603,District-Chennai,Urban,20-29,17052,9017,8035,1886,1017,869,4239,2102,2137,797,409,388,2548,1436,1112,1246,725,521,381,230,151,5000,2561,2439,955,537,418
21410,C4920,33,603,District-Chennai,Urban,30-39,17032,9525,7507,1726,931,795,4041,2171,1870,754,428,326,3499,2106,1393,925,532,393,703,406,297,4600,2517,2083,784,434,350
21411,C4920,33,603,District-Chennai,Urban,40-49,13637,7961,5676,1489,842,647,3355,1826,1529,590,319,271,2455,1609,846,682,403,279,725,446,279,3696,2154,1542,645,362,283
21412,C4920,33,603,District-Chennai,Urban,50-59,9877,5781,4096,1184,636,548,2510,1336,1174,386,241,145,2033,1363,670,328,179,149,431,251,180,2575,1508,1067,430,267,163
21413,C4920,33,603,District-Chennai,Urban,60-69,6734,3776,2958,875,462,413,1818,915,903,224,129,95,1492,948,544,158,91,67,209,110,99,1633,922,711,325,199,126
21414,C4920,33,603,District-Chennai,Urban,70-79,3553,1890,1663,518,265,253,1091,555,536,96,66,30,646,360,286,55,27,28,69,35,34,890,477,413,188,105,83
21415,C4920,33,603,District-Chennai,Urban,80-89,1316,640,676,232,108,124,428,204,224,31,16,15,214,106,108,29,9,20,24,13,11,281,145,136,77,39,38
21416,C4920,33,603,District-Chennai,Urban,90+,266,123,143,52,26,26,69,27,42,8,3,5,47,25,22,4,3,1,4,2,2,55,23,32,27,14,13
21417,C4920,33,603,District-Chennai,Urban,Age Not Stated,154,83,71,20,14,6,36,19,17,7,2,5,10,6,4,4,2,2,4,1,3,71,38,33,2,1,1
21418,C4920,33,604,District-Kancheepuram,Total,Total,69061,38265,30796,7242,3962,3280,13351,6512,6839,3695,2015,1680,15082,9406,5676,5619,3125,2494,1739,928,811,17626,9672,7954,4707,2645,2062
21419,C4920,33,604,District-Kancheepuram,Total,0-4,2633,1433,1200,258,140,118,646,323,323,46,32,14,208,131,77,265,160,105,10,7,3,1009,535,474,191,105,86
21420,C4920,33,604,District-Kancheepuram,Total,5-9,3791,2129,1662,343,178,165,638,340,298,359,206,153,330,202,128,601,352,249,30,18,12,1072,578,494,418,255,163
21421,C4920,33,604,District-Kancheepuram,Total,10-19,9839,5352,4487,996,588,408,1857,852,1005,704,396,308,1131,690,441,1526,879,647,124,78,46,2523,1336,1187,978,533,445
21422,C4920,33,604,District-Kancheepuram,Total,20-29,13050,6882,6168,1076,583,493,2191,985,1206,811,422,389,2983,1709,1274,1281,695,586,258,128,130,3543,1873,1670,907,487,420
21423,C4920,33,604,District-Kancheepuram,Total,30-39,12206,6823,5383,1048,562,486,1980,996,984,692,354,338,3319,2034,1285,894,479,415,432,247,185,3176,1779,1397,665,372,293
21424,C4920,33,604,District-Kancheepuram,Total,40-49,9733,5675,4058,1001,586,415,1838,991,847,479,274,205,2419,1581,838,545,289,256,456,244,212,2486,1411,1075,509,299,210
21425,C4920,33,604,District-Kancheepuram,Total,50-59,7553,4310,3243,863,475,388,1601,760,841,299,161,138,2083,1397,686,275,148,127,243,121,122,1753,998,755,436,250,186
21426,C4920,33,604,District-Kancheepuram,Total,60-69,5505,3144,2361,795,412,383,1275,607,668,176,98,78,1532,1029,503,135,76,59,114,53,61,1183,686,497,295,183,112
21427,C4920,33,604,District-Kancheepuram,Total,70-79,3133,1727,1406,536,280,256,874,438,436,88,50,38,743,463,280,66,34,32,53,27,26,588,328,260,185,107,78
21428,C4920,33,604,District-Kancheepuram,Total,80-89,1226,604,622,256,127,129,354,173,181,30,15,15,276,140,136,18,3,15,15,3,12,196,105,91,81,38,43
21429,C4920,33,604,District-Kancheepuram,Total,90+,223,102,121,54,22,32,65,34,31,2,1,1,39,20,19,3,3,0,2,1,1,39,15,24,19,6,13
21430,C4920,33,604,District-Kancheepuram,Total,Age Not Stated,169,84,85,16,9,7,32,13,19,9,6,3,19,10,9,10,7,3,2,1,1,58,28,30,23,10,13
21431,C4920,33,604,District-Kancheepuram,Rural,Total,27955,15542,12413,3448,1888,1560,4490,2202,2288,1722,922,800,6481,4040,2441,2109,1137,972,701,351,350,6829,3793,3036,2175,1209,966
21432,C4920,33,604,District-Kancheepuram,Rural,0-4,992,549,443,109,60,49,172,89,83,22,13,9,98,59,39,128,73,55,3,2,1,366,203,163,94,50,44
21433,C4920,33,604,District-Kancheepuram,Rural,5-9,1523,863,660,149,76,73,185,91,94,157,96,61,173,107,66,239,139,100,9,6,3,391,212,179,220,136,84
21434,C4920,33,604,District-Kancheepuram,Rural,10-19,4155,2312,1843,527,324,203,558,306,252,348,195,153,527,319,208,611,335,276,49,32,17,1046,544,502,489,257,232
21435,C4920,33,604,District-Kancheepuram,Rural,20-29,5243,2888,2355,539,299,240,625,319,306,395,208,187,1367,781,586,485,254,231,99,48,51,1332,758,574,401,221,180
21436,C4920,33,604,District-Kancheepuram,Rural,30-39,4617,2607,2010,449,243,206,583,295,288,323,155,168,1305,820,485,315,164,151,170,86,84,1181,681,500,291,163,128
21437,C4920,33,604,District-Kancheepuram,Rural,40-49,3748,2132,1616,424,246,178,636,306,330,218,120,98,986,631,355,176,98,78,198,96,102,895,512,383,215,123,92
21438,C4920,33,604,District-Kancheepuram,Rural,50-59,3036,1703,1333,356,189,167,640,298,342,140,72,68,844,572,272,81,39,42,97,51,46,687,380,307,191,102,89
21439,C4920,33,604,District-Kancheepuram,Rural,60-69,2398,1304,1094,416,203,213,520,222,298,63,32,31,667,453,214,45,22,23,51,20,31,513,281,232,123,71,52
21440,C4920,33,604,District-Kancheepuram,Rural,70-79,1481,789,692,307,156,151,401,189,212,36,19,17,346,203,143,22,11,11,16,9,7,261,143,118,92,59,33
21441,C4920,33,604,District-Kancheepuram,Rural,80-89,569,303,266,140,77,63,134,71,63,12,7,5,137,77,60,4,0,4,8,1,7,102,55,47,32,15,17
21442,C4920,33,604,District-Kancheepuram,Rural,90+,108,52,56,27,13,14,30,14,16,0,0,0,21,13,8,0,0,0,1,0,1,17,7,10,12,5,7
21443,C4920,33,604,District-Kancheepuram,Rural,Age Not Stated,85,40,45,5,2,3,6,2,4,8,5,3,10,5,5,3,2,1,0,0,0,38,17,21,15,7,8
21444,C4920,33,604,District-Kancheepuram,Urban,Total,41106,22723,18383,3794,2074,1720,8861,4310,4551,1973,1093,880,8601,5366,3235,3510,1988,1522,1038,577,461,10797,5879,4918,2532,1436,1096
21445,C4920,33,604,District-Kancheepuram,Urban,0-4,1641,884,757,149,80,69,474,234,240,24,19,5,110,72,38,137,87,50,7,5,2,643,332,311,97,55,42
21446,C4920,33,604,District-Kancheepuram,Urban,5-9,2268,1266,1002,194,102,92,453,249,204,202,110,92,157,95,62,362,213,149,21,12,9,681,366,315,198,119,79
21447,C4920,33,604,District-Kancheepuram,Urban,10-19,5684,3040,2644,469,264,205,1299,546,753,356,201,155,604,371,233,915,544,371,75,46,29,1477,792,685,489,276,213
21448,C4920,33,604,District-Kancheepuram,Urban,20-29,7807,3994,3813,537,284,253,1566,666,900,416,214,202,1616,928,688,796,441,355,159,80,79,2211,1115,1096,506,266,240
21449,C4920,33,604,District-Kancheepuram,Urban,30-39,7589,4216,3373,599,319,280,1397,701,696,369,199,170,2014,1214,800,579,315,264,262,161,101,1995,1098,897,374,209,165
21450,C4920,33,604,District-Kancheepuram,Urban,40-49,5985,3543,2442,577,340,237,1202,685,517,261,154,107,1433,950,483,369,191,178,258,148,110,1591,899,692,294,176,118
21451,C4920,33,604,District-Kancheepuram,Urban,50-59,4517,2607,1910,507,286,221,961,462,499,159,89,70,1239,825,414,194,109,85,146,70,76,1066,618,448,245,148,97
21452,C4920,33,604,District-Kancheepuram,Urban,60-69,3107,1840,1267,379,209,170,755,385,370,113,66,47,865,576,289,90,54,36,63,33,30,670,405,265,172,112,60
21453,C4920,33,604,District-Kancheepuram,Urban,70-79,1652,938,714,229,124,105,473,249,224,52,31,21,397,260,137,44,23,21,37,18,19,327,185,142,93,48,45
21454,C4920,33,604,District-Kancheepuram,Urban,80-89,657,301,356,116,50,66,220,102,118,18,8,10,139,63,76,14,3,11,7,2,5,94,50,44,49,23,26
21455,C4920,33,604,District-Kancheepuram,Urban,90+,115,50,65,27,9,18,35,20,15,2,1,1,18,7,11,3,3,0,1,1,0,22,8,14,7,1,6
21456,C4920,33,604,District-Kancheepuram,Urban,Age Not Stated,84,44,40,11,7,4,26,11,15,1,1,0,9,5,4,7,5,2,2,1,1,20,11,9,8,3,5
21457,C4920,33,605,District-Vellore,Total,Total,61158,34411,26747,6408,3440,2968,10081,5012,5069,4564,2537,2027,15586,9748,5838,5535,2983,2552,1603,879,724,12019,6758,5261,5362,3054,2308
21458,C4920,33,605,District-Vellore,Total,0-4,1938,1040,898,190,107,83,423,177,246,68,44,24,260,154,106,210,134,76,5,4,1,577,297,280,205,123,82
21459,C4920,33,605,District-Vellore,Total,5-9,3631,2005,1626,288,168,120,523,250,273,442,248,194,439,257,182,587,338,249,29,19,10,737,394,343,586,331,255
21460,C4920,33,605,District-Vellore,Total,10-19,9218,5144,4074,803,453,350,1309,678,631,934,532,402,1363,841,522,1599,858,741,111,66,45,1868,1011,857,1231,705,526
21461,C4920,33,605,District-Vellore,Total,20-29,11327,6138,5189,832,447,385,1585,745,840,939,493,446,3093,1830,1263,1324,704,620,269,137,132,2237,1207,1030,1048,575,473
21462,C4920,33,605,District-Vellore,Total,30-39,9938,5578,4360,920,490,430,1468,723,745,734,414,320,2956,1827,1129,817,421,396,391,218,173,1931,1079,852,721,406,315
21463,C4920,33,605,District-Vellore,Total,40-49,8687,5084,3603,979,551,428,1479,785,694,630,338,292,2387,1537,850,525,284,241,373,221,152,1741,1007,734,573,361,212
21464,C4920,33,605,District-Vellore,Total,50-59,6749,4064,2685,818,483,335,1189,603,586,387,216,171,2171,1452,719,263,141,122,227,128,99,1308,805,503,386,236,150
21465,C4920,33,605,District-Vellore,Total,60-69,5463,3157,2306,792,408,384,1088,536,552,279,173,106,1769,1156,613,126,68,58,124,51,73,972,591,381,313,174,139
21466,C4920,33,605,District-Vellore,Total,70-79,2850,1564,1286,506,225,281,690,364,326,108,55,53,824,528,296,55,22,33,46,19,27,444,261,183,177,90,87
21467,C4920,33,605,District-Vellore,Total,80-89,1059,502,557,230,94,136,264,124,140,30,13,17,259,139,120,14,4,10,23,12,11,147,76,71,92,40,52
21468,C4920,33,605,District-Vellore,Total,90+,219,91,128,43,11,32,54,24,30,6,4,2,56,24,32,5,3,2,1,1,0,30,16,14,24,8,16
21469,C4920,33,605,District-Vellore,Total,Age Not Stated,79,44,35,7,3,4,9,3,6,7,7,0,9,3,6,10,6,4,4,3,1,27,14,13,6,5,1
21470,C4920,33,605,District-Vellore,Rural,Total,37299,21051,16248,4193,2228,1965,6008,3063,2945,3013,1662,1351,9407,5902,3505,3092,1656,1436,963,518,445,7219,4083,3136,3404,1939,1465
21471,C4920,33,605,District-Vellore,Rural,0-4,1209,642,567,119,67,52,254,104,150,44,28,16,177,99,78,130,80,50,2,2,0,340,175,165,143,87,56
21472,C4920,33,605,District-Vellore,Rural,5-9,2242,1244,998,181,102,79,323,162,161,287,162,125,277,161,116,350,209,141,19,12,7,433,232,201,372,204,168
21473,C4920,33,605,District-Vellore,Rural,10-19,5582,3129,2453,489,282,207,754,407,347,636,363,273,845,520,325,881,471,410,67,45,22,1139,610,529,771,431,340
21474,C4920,33,605,District-Vellore,Rural,20-29,6715,3663,3052,540,285,255,871,427,444,614,312,302,1818,1087,731,731,377,354,177,87,90,1301,714,587,663,374,289
21475,C4920,33,605,District-Vellore,Rural,30-39,5833,3315,2518,579,300,279,843,425,418,495,273,222,1683,1068,615,450,237,213,224,121,103,1115,639,476,444,252,192
21476,C4920,33,605,District-Vellore,Rural,40-49,5254,3085,2169,639,362,277,884,479,405,409,223,186,1391,907,484,299,151,148,220,130,90,1054,606,448,358,227,131
21477,C4920,33,605,District-Vellore,Rural,50-59,4118,2482,1636,533,316,217,700,367,333,252,136,116,1314,874,440,143,82,61,130,68,62,811,496,315,235,143,92
21478,C4920,33,605,District-Vellore,Rural,60-69,3527,2033,1494,554,282,272,703,355,348,184,114,70,1141,731,410,61,32,29,78,32,46,598,368,230,208,119,89
21479,C4920,33,605,District-Vellore,Rural,70-79,1893,1012,881,347,149,198,457,231,226,67,36,31,541,337,204,30,9,21,26,10,16,300,178,122,125,62,63
21480,C4920,33,605,District-Vellore,Rural,80-89,731,357,374,171,71,100,178,88,90,19,9,10,180,99,81,8,3,5,18,9,9,93,49,44,64,29,35
21481,C4920,33,605,District-Vellore,Rural,90+,150,68,82,35,10,25,37,18,19,2,2,0,35,18,17,4,2,2,1,1,0,20,10,10,16,7,9
21482,C4920,33,605,District-Vellore,Rural,Age Not Stated,45,21,24,6,2,4,4,0,4,4,4,0,5,1,4,5,3,2,1,1,0,15,6,9,5,4,1
21483,C4920,33,605,District-Vellore,Urban,Total,23859,13360,10499,2215,1212,1003,4073,1949,2124,1551,875,676,6179,3846,2333,2443,1327,1116,640,361,279,4800,2675,2125,1958,1115,843
21484,C4920,33,605,District-Vellore,Urban,0-4,729,398,331,71,40,31,169,73,96,24,16,8,83,55,28,80,54,26,3,2,1,237,122,115,62,36,26
21485,C4920,33,605,District-Vellore,Urban,5-9,1389,761,628,107,66,41,200,88,112,155,86,69,162,96,66,237,129,108,10,7,3,304,162,142,214,127,87
21486,C4920,33,605,District-Vellore,Urban,10-19,3636,2015,1621,314,171,143,555,271,284,298,169,129,518,321,197,718,387,331,44,21,23,729,401,328,460,274,186
21487,C4920,33,605,District-Vellore,Urban,20-29,4612,2475,2137,292,162,130,714,318,396,325,181,144,1275,743,532,593,327,266,92,50,42,936,493,443,385,201,184
21488,C4920,33,605,District-Vellore,Urban,30-39,4105,2263,1842,341,190,151,625,298,327,239,141,98,1273,759,514,367,184,183,167,97,70,816,440,376,277,154,123
21489,C4920,33,605,District-Vellore,Urban,40-49,3433,1999,1434,340,189,151,595,306,289,221,115,106,996,630,366,226,133,93,153,91,62,687,401,286,215,134,81
21490,C4920,33,605,District-Vellore,Urban,50-59,2631,1582,1049,285,167,118,489,236,253,135,80,55,857,578,279,120,59,61,97,60,37,497,309,188,151,93,58
21491,C4920,33,605,District-Vellore,Urban,60-69,1936,1124,812,238,126,112,385,181,204,95,59,36,628,425,203,65,36,29,46,19,27,374,223,151,105,55,50
21492,C4920,33,605,District-Vellore,Urban,70-79,957,552,405,159,76,83,233,133,100,41,19,22,283,191,92,25,13,12,20,9,11,144,83,61,52,28,24
21493,C4920,33,605,District-Vellore,Urban,80-89,328,145,183,59,23,36,86,36,50,11,4,7,79,40,39,6,1,5,5,3,2,54,27,27,28,11,17
21494,C4920,33,605,District-Vellore,Urban,90+,69,23,46,8,1,7,17,6,11,4,2,2,21,6,15,1,1,0,0,0,0,10,6,4,8,1,7
21495,C4920,33,605,District-Vellore,Urban,Age Not Stated,34,23,11,1,1,0,5,3,2,3,3,0,4,2,2,5,3,2,3,2,1,12,8,4,1,1,0
21496,C4920,33,606,District-Tiruvannamalai,Total,Total,38172,21400,16772,4524,2482,2042,6080,3006,3074,3373,1858,1515,9790,6056,3734,3374,1818,1556,860,455,405,6838,3843,2995,3333,1882,1451
21497,C4920,33,606,District-Tiruvannamalai,Total,0-4,1333,697,636,109,58,51,244,107,137,26,16,10,149,91,58,146,88,58,5,4,1,512,267,245,142,66,76
21498,C4920,33,606,District-Tiruvannamalai,Total,5-9,2273,1306,967,183,100,83,310,161,149,320,190,130,287,174,113,359,206,153,6,4,2,431,254,177,377,217,160
21499,C4920,33,606,District-Tiruvannamalai,Total,10-19,5584,3119,2465,554,304,250,733,368,365,712,390,322,870,539,331,954,538,416,58,29,29,968,523,445,735,428,307
21500,C4920,33,606,District-Tiruvannamalai,Total,20-29,7295,4004,3291,608,366,242,836,425,411,736,394,342,2112,1201,911,807,422,385,156,96,60,1307,697,610,733,403,330
21501,C4920,33,606,District-Tiruvannamalai,Total,30-39,5973,3300,2673,632,368,264,779,344,435,545,270,275,1758,1093,665,528,255,273,221,103,118,1059,616,443,451,251,200
21502,C4920,33,606,District-Tiruvannamalai,Total,40-49,5008,2912,2096,644,380,264,818,418,400,466,278,188,1369,860,509,324,176,148,197,118,79,882,512,370,308,170,138
21503,C4920,33,606,District-Tiruvannamalai,Total,50-59,4072,2361,1711,573,305,268,782,396,386,270,147,123,1299,846,453,131,75,56,125,58,67,689,404,285,203,130,73
21504,C4920,33,606,District-Tiruvannamalai,Total,60-69,3603,2005,1598,566,283,283,776,356,420,178,101,77,1158,747,411,84,35,49,51,24,27,597,350,247,193,109,84
21505,C4920,33,606,District-Tiruvannamalai,Total,70-79,2099,1178,921,431,206,225,549,294,255,85,49,36,569,371,198,25,14,11,34,14,20,280,156,124,126,74,52
21506,C4920,33,606,District-Tiruvannamalai,Total,80-89,766,434,332,183,93,90,221,120,101,32,22,10,183,114,69,10,5,5,4,3,1,82,50,32,51,27,24
21507,C4920,33,606,District-Tiruvannamalai,Total,90+,134,66,68,36,17,19,27,15,12,2,0,2,35,19,16,1,0,1,2,2,0,18,7,11,13,6,7
21508,C4920,33,606,District-Tiruvannamalai,Total,Age Not Stated,32,18,14,5,2,3,5,2,3,1,1,0,1,1,0,5,4,1,1,0,1,13,7,6,1,1,0
21509,C4920,33,606,District-Tiruvannamalai,Rural,Total,30576,17185,13391,3787,2065,1722,4783,2366,2417,2806,1558,1248,7723,4797,2926,2664,1442,1222,667,340,327,5388,3046,2342,2758,1571,1187
21510,C4920,33,606,District-Tiruvannamalai,Rural,0-4,1054,556,498,87,43,44,193,79,114,18,11,7,120,78,42,122,75,47,3,2,1,392,210,182,119,58,61
21511,C4920,33,606,District-Tiruvannamalai,Rural,5-9,1896,1081,815,151,80,71,243,119,124,270,159,111,242,143,99,305,179,126,3,1,2,358,212,146,324,188,136
21512,C4920,33,606,District-Tiruvannamalai,Rural,10-19,4528,2545,1983,447,248,199,574,287,287,573,321,252,720,440,280,767,431,336,48,25,23,780,427,353,619,366,253
21513,C4920,33,606,District-Tiruvannamalai,Rural,20-29,5728,3134,2594,491,295,196,633,329,304,624,330,294,1617,910,707,638,332,306,114,69,45,1014,547,467,597,322,275
21514,C4920,33,606,District-Tiruvannamalai,Rural,30-39,4695,2598,2097,512,303,209,619,269,350,471,239,232,1341,852,489,390,189,201,177,75,102,829,474,355,356,197,159
21515,C4920,33,606,District-Tiruvannamalai,Rural,40-49,3915,2274,1641,535,314,221,626,321,305,385,230,155,1054,664,390,232,125,107,146,87,59,685,393,292,252,140,112
21516,C4920,33,606,District-Tiruvannamalai,Rural,50-59,3249,1899,1350,485,249,236,609,314,295,226,127,99,1027,675,352,107,63,44,92,43,49,546,324,222,157,104,53
21517,C4920,33,606,District-Tiruvannamalai,Rural,60-69,2967,1660,1307,493,246,247,633,294,339,140,81,59,946,615,331,68,26,42,49,23,26,471,276,195,167,99,68
21518,C4920,33,606,District-Tiruvannamalai,Rural,70-79,1773,1003,770,383,185,198,461,247,214,74,43,31,472,305,167,23,14,9,29,11,18,222,130,92,109,68,41
21519,C4920,33,606,District-Tiruvannamalai,Rural,80-89,630,362,268,166,85,81,168,94,74,24,17,7,151,97,54,7,4,3,3,2,1,67,41,26,44,22,22
21520,C4920,33,606,District-Tiruvannamalai,Rural,90+,116,59,57,33,16,17,21,11,10,1,0,1,32,17,15,0,0,0,2,2,0,14,7,7,13,6,7
21521,C4920,33,606,District-Tiruvannamalai,Rural,Age Not Stated,25,14,11,4,1,3,3,2,1,0,0,0,1,1,0,5,4,1,1,0,1,10,5,5,1,1,0
21522,C4920,33,606,District-Tiruvannamalai,Urban,Total,7596,4215,3381,737,417,320,1297,640,657,567,300,267,2067,1259,808,710,376,334,193,115,78,1450,797,653,575,311,264
21523,C4920,33,606,District-Tiruvannamalai,Urban,0-4,279,141,138,22,15,7,51,28,23,8,5,3,29,13,16,24,13,11,2,2,0,120,57,63,23,8,15
21524,C4920,33,606,District-Tiruvannamalai,Urban,5-9,377,225,152,32,20,12,67,42,25,50,31,19,45,31,14,54,27,27,3,3,0,73,42,31,53,29,24
21525,C4920,33,606,District-Tiruvannamalai,Urban,10-19,1056,574,482,107,56,51,159,81,78,139,69,70,150,99,51,187,107,80,10,4,6,188,96,92,116,62,54
21526,C4920,33,606,District-Tiruvannamalai,Urban,20-29,1567,870,697,117,71,46,203,96,107,112,64,48,495,291,204,169,90,79,42,27,15,293,150,143,136,81,55
21527,C4920,33,606,District-Tiruvannamalai,Urban,30-39,1278,702,576,120,65,55,160,75,85,74,31,43,417,241,176,138,66,72,44,28,16,230,142,88,95,54,41
21528,C4920,33,606,District-Tiruvannamalai,Urban,40-49,1093,638,455,109,66,43,192,97,95,81,48,33,315,196,119,92,51,41,51,31,20,197,119,78,56,30,26
21529,C4920,33,606,District-Tiruvannamalai,Urban,50-59,823,462,361,88,56,32,173,82,91,44,20,24,272,171,101,24,12,12,33,15,18,143,80,63,46,26,20
21530,C4920,33,606,District-Tiruvannamalai,Urban,60-69,636,345,291,73,37,36,143,62,81,38,20,18,212,132,80,16,9,7,2,1,1,126,74,52,26,10,16
21531,C4920,33,606,District-Tiruvannamalai,Urban,70-79,326,175,151,48,21,27,88,47,41,11,6,5,97,66,31,2,0,2,5,3,2,58,26,32,17,6,11
21532,C4920,33,606,District-Tiruvannamalai,Urban,80-89,136,72,64,17,8,9,53,26,27,8,5,3,32,17,15,3,1,2,1,1,0,15,9,6,7,5,2
21533,C4920,33,606,District-Tiruvannamalai,Urban,90+,18,7,11,3,1,2,6,4,2,1,0,1,3,2,1,1,0,1,0,0,0,4,0,4,0,0,0
21534,C4920,33,606,District-Tiruvannamalai,Urban,Age Not Stated,7,4,3,1,1,0,2,0,2,1,1,0,0,0,0,0,0,0,0,0,0,3,2,1,0,0,0
21535,C4920,33,607,District-Viluppuram,Total,Total,58533,33066,25467,6324,3452,2872,10497,5357,5140,4197,2362,1835,15994,10046,5948,4256,2259,1997,1175,599,576,11507,6330,5177,4583,2661,1922
21536,C4920,33,607,District-Viluppuram,Total,0-4,2125,1162,963,170,87,83,466,252,214,55,30,25,247,139,108,238,133,105,11,5,6,718,390,328,220,126,94
21537,C4920,33,607,District-Viluppuram,Total,5-9,3675,2059,1616,264,155,109,606,301,305,431,254,177,492,309,183,493,274,219,18,12,6,824,435,389,547,319,228
21538,C4920,33,607,District-Viluppuram,Total,10-19,8909,4902,4007,819,443,376,1441,745,696,982,561,421,1446,857,589,1219,660,559,85,51,34,1863,969,894,1054,616,438
21539,C4920,33,607,District-Viluppuram,Total,20-29,11433,6287,5146,904,492,412,1723,882,841,973,542,431,3527,2097,1430,961,504,457,220,119,101,2166,1129,1037,959,522,437
21540,C4920,33,607,District-Viluppuram,Total,30-39,8973,5087,3886,876,483,393,1451,733,718,636,347,289,2774,1786,988,635,318,317,301,172,129,1716,922,794,584,326,258
21541,C4920,33,607,District-Viluppuram,Total,40-49,7784,4567,3217,847,480,367,1465,737,728,491,268,223,2340,1541,799,402,213,189,254,118,136,1562,951,611,423,259,164
21542,C4920,33,607,District-Viluppuram,Total,50-59,6116,3513,2603,795,435,360,1214,600,614,284,158,126,2070,1344,726,181,94,87,160,66,94,1121,624,497,291,192,99
21543,C4920,33,607,District-Viluppuram,Total,60-69,5411,3104,2307,854,464,390,1101,523,578,231,137,94,1864,1199,665,88,43,45,87,40,47,926,534,392,260,164,96
21544,C4920,33,607,District-Viluppuram,Total,70-79,2891,1706,1185,532,283,249,707,398,309,72,45,27,911,590,321,31,17,14,33,11,22,447,273,174,158,89,69
21545,C4920,33,607,District-Viluppuram,Total,80-89,963,544,419,215,107,108,251,147,104,30,16,14,265,154,111,5,2,3,5,4,1,126,78,48,66,36,30
21546,C4920,33,607,District-Viluppuram,Total,90+,190,99,91,39,17,22,60,34,26,4,1,3,43,21,22,0,0,0,1,1,0,23,14,9,20,11,9
21547,C4920,33,607,District-Viluppuram,Total,Age Not Stated,63,36,27,9,6,3,12,5,7,8,3,5,15,9,6,3,1,2,0,0,0,15,11,4,1,1,0
21548,C4920,33,607,District-Viluppuram,Rural,Total,50474,28533,21941,5645,3055,2590,8896,4588,4308,3664,2068,1596,13697,8627,5070,3569,1874,1695,1029,519,510,10000,5493,4507,3974,2309,1665
21549,C4920,33,607,District-Viluppuram,Rural,0-4,1863,1025,838,149,77,72,396,217,179,49,26,23,220,122,98,214,122,92,11,5,6,624,341,283,200,115,85
21550,C4920,33,607,District-Viluppuram,Rural,5-9,3214,1805,1409,240,143,97,512,253,259,387,232,155,430,269,161,428,235,193,14,9,5,718,380,338,485,284,201
21551,C4920,33,607,District-Viluppuram,Rural,10-19,7846,4292,3554,737,392,345,1220,625,595,873,504,369,1299,758,541,1044,567,477,74,45,29,1662,855,807,937,546,391
21552,C4920,33,607,District-Viluppuram,Rural,20-29,9800,5413,4387,791,422,369,1445,758,687,852,473,379,3016,1798,1218,791,406,385,191,106,85,1894,996,898,820,454,366
21553,C4920,33,607,District-Viluppuram,Rural,30-39,7544,4294,3250,767,425,342,1225,630,595,541,296,245,2295,1499,796,501,244,257,265,147,118,1442,772,670,508,281,227
21554,C4920,33,607,District-Viluppuram,Rural,40-49,6589,3851,2738,746,421,325,1229,618,611,427,235,192,1944,1287,657,338,175,163,220,99,121,1346,811,535,339,205,134
21555,C4920,33,607,District-Viluppuram,Rural,50-59,5287,3020,2267,710,385,325,1038,510,528,240,129,111,1772,1148,624,149,74,75,144,58,86,978,545,433,256,171,85
21556,C4920,33,607,District-Viluppuram,Rural,60-69,4720,2710,2010,773,411,362,944,461,483,201,118,83,1638,1055,583,72,36,36,73,34,39,796,458,338,223,137,86
21557,C4920,33,607,District-Viluppuram,Rural,70-79,2568,1520,1048,495,261,234,618,355,263,63,39,24,799,520,279,25,13,12,31,11,20,396,243,153,141,78,63
21558,C4920,33,607,District-Viluppuram,Rural,80-89,821,482,339,192,97,95,209,128,81,22,13,9,234,143,91,4,1,3,5,4,1,109,69,40,46,27,19
21559,C4920,33,607,District-Viluppuram,Rural,90+,165,89,76,37,16,21,50,28,22,2,1,1,36,20,16,0,0,0,1,1,0,21,13,8,18,10,8
21560,C4920,33,607,District-Viluppuram,Rural,Age Not Stated,57,32,25,8,5,3,10,5,5,7,2,5,14,8,6,3,1,2,0,0,0,14,10,4,1,1,0
21561,C4920,33,607,District-Viluppuram,Urban,Total,8059,4533,3526,679,397,282,1601,769,832,533,294,239,2297,1419,878,687,385,302,146,80,66,1507,837,670,609,352,257
21562,C4920,33,607,District-Viluppuram,Urban,0-4,262,137,125,21,10,11,70,35,35,6,4,2,27,17,10,24,11,13,0,0,0,94,49,45,20,11,9
21563,C4920,33,607,District-Viluppuram,Urban,5-9,461,254,207,24,12,12,94,48,46,44,22,22,62,40,22,65,39,26,4,3,1,106,55,51,62,35,27
21564,C4920,33,607,District-Viluppuram,Urban,10-19,1063,610,453,82,51,31,221,120,101,109,57,52,147,99,48,175,93,82,11,6,5,201,114,87,117,70,47
21565,C4920,33,607,District-Viluppuram,Urban,20-29,1633,874,759,113,70,43,278,124,154,121,69,52,511,299,212,170,98,72,29,13,16,272,133,139,139,68,71
21566,C4920,33,607,District-Viluppuram,Urban,30-39,1429,793,636,109,58,51,226,103,123,95,51,44,479,287,192,134,74,60,36,25,11,274,150,124,76,45,31
21567,C4920,33,607,District-Viluppuram,Urban,40-49,1195,716,479,101,59,42,236,119,117,64,33,31,396,254,142,64,38,26,34,19,15,216,140,76,84,54,30
21568,C4920,33,607,District-Viluppuram,Urban,50-59,829,493,336,85,50,35,176,90,86,44,29,15,298,196,102,32,20,12,16,8,8,143,79,64,35,21,14
21569,C4920,33,607,District-Viluppuram,Urban,60-69,691,394,297,81,53,28,157,62,95,30,19,11,226,144,82,16,7,9,14,6,8,130,76,54,37,27,10
21570,C4920,33,607,District-Viluppuram,Urban,70-79,323,186,137,37,22,15,89,43,46,9,6,3,112,70,42,6,4,2,2,0,2,51,30,21,17,11,6
21571,C4920,33,607,District-Viluppuram,Urban,80-89,142,62,80,23,10,13,42,19,23,8,3,5,31,11,20,1,1,0,0,0,0,17,9,8,20,9,11
21572,C4920,33,607,District-Viluppuram,Urban,90+,25,10,15,2,1,1,10,6,4,2,0,2,7,1,6,0,0,0,0,0,0,2,1,1,2,1,1
21573,C4920,33,607,District-Viluppuram,Urban,Age Not Stated,6,4,2,1,1,0,2,0,2,1,1,0,1,1,0,0,0,0,0,0,0,1,1,0,0,0,0
21574,C4920,33,608,District-Salem,Total,Total,43668,25481,18187,4822,2653,2169,6343,3278,3065,3359,1958,1401,13639,8601,5038,4019,2274,1745,1140,656,484,6595,3851,2744,3751,2210,1541
21575,C4920,33,608,District-Salem,Total,0-4,1042,603,439,112,59,53,214,119,95,30,24,6,170,104,66,105,64,41,3,2,1,297,166,131,111,65,46
21576,C4920,33,608,District-Salem,Total,5-9,2391,1390,1001,201,121,80,272,144,128,296,182,114,378,218,160,407,250,157,22,15,7,413,216,197,402,244,158
21577,C4920,33,608,District-Salem,Total,10-19,6457,3916,2541,584,324,260,797,416,381,693,425,268,1292,871,421,1192,711,481,64,40,24,972,596,376,863,533,330
21578,C4920,33,608,District-Salem,Total,20-29,7818,4503,3315,590,327,263,869,459,410,698,403,295,2716,1609,1107,869,472,397,166,94,72,1202,713,489,708,426,282
21579,C4920,33,608,District-Salem,Total,30-39,7103,4072,3031,611,361,250,833,419,414,582,313,269,2527,1581,946,623,329,294,277,152,125,1085,607,478,565,310,255
21580,C4920,33,608,District-Salem,Total,40-49,6373,3823,2550,705,404,301,960,522,438,477,267,210,2170,1419,751,433,254,179,289,178,111,949,559,390,390,220,170
21581,C4920,33,608,District-Salem,Total,50-59,4860,2849,2011,660,357,303,763,393,370,298,178,120,1767,1140,627,211,102,109,175,105,70,723,419,304,263,155,108
21582,C4920,33,608,District-Salem,Total,60-69,4160,2453,1707,682,365,317,789,389,400,184,105,79,1506,998,508,112,61,51,94,46,48,564,343,221,229,146,83
21583,C4920,33,608,District-Salem,Total,70-79,2333,1293,1040,451,238,213,537,260,277,80,47,33,777,481,296,50,21,29,36,17,19,274,162,112,128,67,61
21584,C4920,33,608,District-Salem,Total,80-89,906,467,439,178,75,103,264,136,128,21,14,7,262,142,120,12,6,6,11,5,6,92,54,38,66,35,31
21585,C4920,33,608,District-Salem,Total,90+,201,96,105,47,21,26,44,21,23,0,0,0,64,32,32,4,3,1,2,1,1,15,10,5,25,8,17
21586,C4920,33,608,District-Salem,Total,Age Not Stated,24,16,8,1,1,0,1,0,1,0,0,0,10,6,4,1,1,0,1,1,0,9,6,3,1,1,0
21587,C4920,33,608,District-Salem,Rural,Total,21980,13064,8916,2515,1415,1100,2960,1596,1364,1848,1097,751,6916,4436,2480,1912,1084,828,586,319,267,3229,1922,1307,2014,1195,819
21588,C4920,33,608,District-Salem,Rural,0-4,515,300,215,56,25,31,98,61,37,19,15,4,91,51,40,53,29,24,2,2,0,135,78,57,61,39,22
21589,C4920,33,608,District-Salem,Rural,5-9,1226,702,524,99,55,44,116,65,51,170,100,70,207,120,87,204,125,79,8,5,3,204,106,98,218,126,92
21590,C4920,33,608,District-Salem,Rural,10-19,3339,2073,1266,289,170,119,363,193,170,393,253,140,730,495,235,582,349,233,35,22,13,505,324,181,442,267,175
21591,C4920,33,608,District-Salem,Rural,20-29,3840,2267,1573,264,150,114,420,236,184,389,226,163,1333,809,524,410,218,192,104,56,48,548,340,208,372,232,140
21592,C4920,33,608,District-Salem,Rural,30-39,3413,1998,1415,324,199,125,370,186,184,309,164,145,1168,762,406,281,147,134,152,78,74,507,289,218,302,173,129
21593,C4920,33,608,District-Salem,Rural,40-49,3107,1885,1222,335,195,140,418,227,191,265,153,112,1077,705,372,191,106,85,132,81,51,472,290,182,217,128,89
21594,C4920,33,608,District-Salem,Rural,50-59,2376,1413,963,351,190,161,343,194,149,143,88,55,869,576,293,91,47,44,82,43,39,352,191,161,145,84,61
21595,C4920,33,608,District-Salem,Rural,60-69,2270,1366,904,404,227,177,407,224,183,106,61,45,819,539,280,66,42,24,49,20,29,291,177,114,128,76,52
21596,C4920,33,608,District-Salem,Rural,70-79,1283,734,549,261,143,118,277,133,144,44,30,14,434,273,161,26,14,12,16,9,7,152,90,62,73,42,31
21597,C4920,33,608,District-Salem,Rural,80-89,487,265,222,106,48,58,123,66,57,10,7,3,147,83,64,5,4,1,4,2,2,53,32,21,39,23,16
21598,C4920,33,608,District-Salem,Rural,90+,115,55,60,25,12,13,25,11,14,0,0,0,37,20,17,2,2,0,2,1,1,8,5,3,16,4,12
21599,C4920,33,608,District-Salem,Rural,Age Not Stated,9,6,3,1,1,0,0,0,0,0,0,0,4,3,1,1,1,0,0,0,0,2,0,2,1,1,0
21600,C4920,33,608,District-Salem,Urban,Total,21688,12417,9271,2307,1238,1069,3383,1682,1701,1511,861,650,6723,4165,2558,2107,1190,917,554,337,217,3366,1929,1437,1737,1015,722
21601,C4920,33,608,District-Salem,Urban,0-4,527,303,224,56,34,22,116,58,58,11,9,2,79,53,26,52,35,17,1,0,1,162,88,74,50,26,24
21602,C4920,33,608,District-Salem,Urban,5-9,1165,688,477,102,66,36,156,79,77,126,82,44,171,98,73,203,125,78,14,10,4,209,110,99,184,118,66
21603,C4920,33,608,District-Salem,Urban,10-19,3118,1843,1275,295,154,141,434,223,211,300,172,128,562,376,186,610,362,248,29,18,11,467,272,195,421,266,155
21604,C4920,33,608,District-Salem,Urban,20-29,3978,2236,1742,326,177,149,449,223,226,309,177,132,1383,800,583,459,254,205,62,38,24,654,373,281,336,194,142
21605,C4920,33,608,District-Salem,Urban,30-39,3690,2074,1616,287,162,125,463,233,230,273,149,124,1359,819,540,342,182,160,125,74,51,578,318,260,263,137,126
21606,C4920,33,608,District-Salem,Urban,40-49,3266,1938,1328,370,209,161,542,295,247,212,114,98,1093,714,379,242,148,94,157,97,60,477,269,208,173,92,81
21607,C4920,33,608,District-Salem,Urban,50-59,2484,1436,1048,309,167,142,420,199,221,155,90,65,898,564,334,120,55,65,93,62,31,371,228,143,118,71,47
21608,C4920,33,608,District-Salem,Urban,60-69,1890,1087,803,278,138,140,382,165,217,78,44,34,687,459,228,46,19,27,45,26,19,273,166,107,101,70,31
21609,C4920,33,608,District-Salem,Urban,70-79,1050,559,491,190,95,95,260,127,133,36,17,19,343,208,135,24,7,17,20,8,12,122,72,50,55,25,30
21610,C4920,33,608,District-Salem,Urban,80-89,419,202,217,72,27,45,141,70,71,11,7,4,115,59,56,7,2,5,7,3,4,39,22,17,27,12,15
21611,C4920,33,608,District-Salem,Urban,90+,86,41,45,22,9,13,19,10,9,0,0,0,27,12,15,2,1,1,0,0,0,7,5,2,9,4,5
21612,C4920,33,608,District-Salem,Urban,Age Not Stated,15,10,5,0,0,0,1,0,1,0,0,0,6,3,3,0,0,0,1,1,0,7,6,1,0,0,0
21613,C4920,33,609,District-Namakkal   ,Total,Total,26345,14556,11789,3177,1643,1534,4560,2205,2355,1762,970,792,8033,4832,3201,2231,1288,943,596,300,296,3994,2174,1820,1992,1144,848
21614,C4920,33,609,District-Namakkal   ,Total,0-4,575,286,289,80,44,36,123,58,65,9,6,3,84,42,42,53,23,30,2,2,0,165,79,86,59,32,27
21615,C4920,33,609,District-Namakkal   ,Total,5-9,1138,635,503,125,57,68,176,89,87,118,76,42,162,90,72,181,106,75,6,3,3,225,131,94,145,83,62
21616,C4920,33,609,District-Namakkal   ,Total,10-19,3555,2111,1444,394,213,181,631,401,230,318,177,141,589,379,210,619,371,248,33,22,11,596,317,279,375,231,144
21617,C4920,33,609,District-Namakkal   ,Total,20-29,4200,2322,1878,327,174,153,582,284,298,342,190,152,1363,783,580,506,303,203,87,47,40,639,338,301,354,203,151
21618,C4920,33,609,District-Namakkal   ,Total,30-39,4143,2252,1891,395,225,170,576,246,330,322,175,147,1434,833,601,376,217,159,138,71,67,623,334,289,279,151,128
21619,C4920,33,609,District-Namakkal   ,Total,40-49,3723,2106,1617,421,237,184,675,303,372,246,127,119,1193,765,428,234,133,101,134,73,61,566,320,246,254,148,106
21620,C4920,33,609,District-Namakkal   ,Total,50-59,3149,1752,1397,443,238,205,581,244,337,187,98,89,1085,716,369,123,58,65,90,40,50,465,258,207,175,100,75
21621,C4920,33,609,District-Namakkal   ,Total,60-69,3022,1617,1405,466,212,254,591,264,327,131,74,57,1097,653,444,82,45,37,69,31,38,415,236,179,171,102,69
21622,C4920,33,609,District-Namakkal   ,Total,70-79,1919,1042,877,352,167,185,405,213,192,64,34,30,725,425,300,33,21,12,23,8,15,210,116,94,107,58,49
21623,C4920,33,609,District-Namakkal   ,Total,80-89,750,363,387,144,61,83,176,84,92,21,11,10,261,131,130,13,7,6,11,2,9,71,41,30,53,26,27
21624,C4920,33,609,District-Namakkal   ,Total,90+,150,64,86,30,15,15,42,18,24,3,2,1,39,14,25,8,3,5,2,1,1,9,3,6,17,8,9
21625,C4920,33,609,District-Namakkal   ,Total,Age Not Stated,21,6,15,0,0,0,2,1,1,1,0,1,1,1,0,3,1,2,1,0,1,10,1,9,3,2,1
21626,C4920,33,609,District-Namakkal   ,Rural,Total,16273,9070,7203,2202,1139,1063,2514,1337,1177,1142,637,505,4782,2843,1939,1387,782,605,369,190,179,2608,1422,1186,1269,720,549
21627,C4920,33,609,District-Namakkal   ,Rural,0-4,366,181,185,61,35,26,61,30,31,6,4,2,54,28,26,31,16,15,1,1,0,114,48,66,38,19,19
21628,C4920,33,609,District-Namakkal   ,Rural,5-9,736,415,321,87,40,47,84,51,33,81,53,28,109,62,47,121,67,54,3,1,2,160,89,71,91,52,39
21629,C4920,33,609,District-Namakkal   ,Rural,10-19,2326,1401,925,299,155,144,423,291,132,203,116,87,332,206,126,406,251,155,17,12,5,406,221,185,240,149,91
21630,C4920,33,609,District-Namakkal   ,Rural,20-29,2414,1352,1062,233,127,106,301,167,134,209,117,92,715,407,308,295,171,124,58,33,25,395,207,188,208,123,85
21631,C4920,33,609,District-Namakkal   ,Rural,30-39,2439,1319,1120,269,144,125,301,142,159,220,120,100,779,454,325,228,119,109,79,45,34,391,204,187,172,91,81
21632,C4920,33,609,District-Namakkal   ,Rural,40-49,2189,1265,924,258,143,115,350,171,179,161,83,78,689,450,239,140,77,63,88,44,44,352,208,144,151,89,62
21633,C4920,33,609,District-Namakkal   ,Rural,50-59,1911,1071,840,304,169,135,298,130,168,120,67,53,649,426,223,66,27,39,52,24,28,305,166,139,117,62,55
21634,C4920,33,609,District-Namakkal   ,Rural,60-69,1965,1058,907,331,153,178,336,161,175,85,48,37,711,411,300,62,36,26,43,20,23,277,159,118,120,70,50
21635,C4920,33,609,District-Namakkal   ,Rural,70-79,1303,722,581,242,119,123,238,138,100,43,22,21,513,292,221,22,11,11,19,8,11,150,90,60,76,42,34
21636,C4920,33,609,District-Namakkal   ,Rural,80-89,505,239,266,97,42,55,96,46,50,11,5,6,200,96,104,8,5,3,7,1,6,44,27,17,42,17,25
21637,C4920,33,609,District-Namakkal   ,Rural,90+,105,44,61,21,12,9,25,10,15,3,2,1,30,10,20,6,2,4,1,1,0,7,2,5,12,5,7
21638,C4920,33,609,District-Namakkal   ,Rural,Age Not Stated,14,3,11,0,0,0,1,0,1,0,0,0,1,1,0,2,0,2,1,0,1,7,1,6,2,1,1
21639,C4920,33,609,District-Namakkal   ,Urban,Total,10072,5486,4586,975,504,471,2046,868,1178,620,333,287,3251,1989,1262,844,506,338,227,110,117,1386,752,634,723,424,299
21640,C4920,33,609,District-Namakkal   ,Urban,0-4,209,105,104,19,9,10,62,28,34,3,2,1,30,14,16,22,7,15,1,1,0,51,31,20,21,13,8
21641,C4920,33,609,District-Namakkal   ,Urban,5-9,402,220,182,38,17,21,92,38,54,37,23,14,53,28,25,60,39,21,3,2,1,65,42,23,54,31,23
21642,C4920,33,609,District-Namakkal   ,Urban,10-19,1229,710,519,95,58,37,208,110,98,115,61,54,257,173,84,213,120,93,16,10,6,190,96,94,135,82,53
21643,C4920,33,609,District-Namakkal   ,Urban,20-29,1786,970,816,94,47,47,281,117,164,133,73,60,648,376,272,211,132,79,29,14,15,244,131,113,146,80,66
21644,C4920,33,609,District-Namakkal   ,Urban,30-39,1704,933,771,126,81,45,275,104,171,102,55,47,655,379,276,148,98,50,59,26,33,232,130,102,107,60,47
21645,C4920,33,609,District-Namakkal   ,Urban,40-49,1534,841,693,163,94,69,325,132,193,85,44,41,504,315,189,94,56,38,46,29,17,214,112,102,103,59,44
21646,C4920,33,609,District-Namakkal   ,Urban,50-59,1238,681,557,139,69,70,283,114,169,67,31,36,436,290,146,57,31,26,38,16,22,160,92,68,58,38,20
21647,C4920,33,609,District-Namakkal   ,Urban,60-69,1057,559,498,135,59,76,255,103,152,46,26,20,386,242,144,20,9,11,26,11,15,138,77,61,51,32,19
21648,C4920,33,609,District-Namakkal   ,Urban,70-79,616,320,296,110,48,62,167,75,92,21,12,9,212,133,79,11,10,1,4,0,4,60,26,34,31,16,15
21649,C4920,33,609,District-Namakkal   ,Urban,80-89,245,124,121,47,19,28,80,38,42,10,6,4,61,35,26,5,2,3,4,1,3,27,14,13,11,9,2
21650,C4920,33,609,District-Namakkal   ,Urban,90+,45,20,25,9,3,6,17,8,9,0,0,0,9,4,5,2,1,1,1,0,1,2,1,1,5,3,2
21651,C4920,33,609,District-Namakkal   ,Urban,Age Not Stated,7,3,4,0,0,0,1,1,0,1,0,1,0,0,0,1,1,0,0,0,0,3,0,3,1,1,0
21652,C4920,33,610,District-Erode,Total,Total,35361,19774,15587,3930,2026,1904,5886,2942,2944,2531,1411,1120,9793,6058,3735,2874,1617,1257,1185,635,550,6007,3327,2680,3155,1758,1397
21653,C4920,33,610,District-Erode,Total,0-4,780,434,346,77,39,38,123,65,58,23,18,5,101,67,34,86,49,37,3,1,2,279,147,132,88,48,40
21654,C4920,33,610,District-Erode,Total,5-9,1507,887,620,112,64,48,193,103,90,171,106,65,211,125,86,270,176,94,11,8,3,301,153,148,238,152,86
21655,C4920,33,610,District-Erode,Total,10-19,4475,2602,1873,360,191,169,843,507,336,394,220,174,743,459,284,759,444,315,40,24,16,713,408,305,623,349,274
21656,C4920,33,610,District-Erode,Total,20-29,5382,2909,2473,428,237,191,654,336,318,481,270,211,1513,845,668,619,347,272,176,96,80,981,505,476,530,273,257
21657,C4920,33,610,District-Erode,Total,30-39,5389,3017,2372,459,261,198,710,320,390,422,216,206,1654,1013,641,470,261,209,277,183,94,957,532,425,440,231,209
21658,C4920,33,610,District-Erode,Total,40-49,5063,2898,2165,521,277,244,768,381,387,397,222,175,1511,992,519,346,174,172,257,127,130,879,492,387,384,233,151
21659,C4920,33,610,District-Erode,Total,50-59,4478,2541,1937,525,258,267,778,362,416,286,169,117,1469,982,487,174,84,90,212,105,107,771,440,331,263,141,122
21660,C4920,33,610,District-Erode,Total,60-69,4115,2314,1801,667,320,347,807,395,412,216,111,105,1275,829,446,101,57,44,126,56,70,650,381,269,273,165,108
21661,C4920,33,610,District-Erode,Total,70-79,2705,1461,1244,501,249,252,633,301,332,100,57,43,855,510,345,32,17,15,63,25,38,335,195,140,186,107,79
21662,C4920,33,610,District-Erode,Total,80-89,1120,556,564,231,109,122,298,137,161,25,14,11,347,184,163,12,7,5,17,10,7,111,57,54,79,38,41
21663,C4920,33,610,District-Erode,Total,90+,319,139,180,46,20,26,73,32,41,10,4,6,109,50,59,4,0,4,2,0,2,24,12,12,51,21,30
21664,C4920,33,610,District-Erode,Total,Age Not Stated,28,16,12,3,1,2,6,3,3,6,4,2,5,2,3,1,1,0,1,0,1,6,5,1,0,0,0
21665,C4920,33,610,District-Erode,Rural,Total,17818,9980,7838,2165,1104,1061,3205,1665,1540,1308,729,579,4579,2820,1759,1286,746,540,647,344,303,3004,1676,1328,1624,896,728
21666,C4920,33,610,District-Erode,Rural,0-4,333,199,134,30,19,11,55,34,21,11,8,3,47,27,20,36,19,17,1,1,0,116,69,47,37,22,15
21667,C4920,33,610,District-Erode,Rural,5-9,744,450,294,56,30,26,92,52,40,93,61,32,108,72,36,119,79,40,8,6,2,147,74,73,121,76,45
21668,C4920,33,610,District-Erode,Rural,10-19,2298,1366,932,194,101,93,574,368,206,205,111,94,329,204,125,344,211,133,23,15,8,328,184,144,301,172,129
21669,C4920,33,610,District-Erode,Rural,20-29,2556,1393,1163,228,124,104,354,189,165,262,142,120,630,365,265,271,156,115,96,50,46,456,241,215,259,126,133
21670,C4920,33,610,District-Erode,Rural,30-39,2473,1414,1059,220,127,93,371,183,188,207,104,103,673,423,250,204,121,83,147,98,49,431,248,183,220,110,110
21671,C4920,33,610,District-Erode,Rural,40-49,2406,1360,1046,265,139,126,364,177,187,198,108,90,654,430,224,155,77,78,141,70,71,434,240,194,195,119,76
21672,C4920,33,610,District-Erode,Rural,50-59,2242,1242,1000,261,125,136,381,175,206,144,89,55,717,466,251,77,37,40,116,53,63,397,220,177,149,77,72
21673,C4920,33,610,District-Erode,Rural,60-69,2220,1232,988,375,171,204,422,201,221,119,65,54,643,411,232,57,36,21,68,30,38,388,226,162,148,92,56
21674,C4920,33,610,District-Erode,Rural,70-79,1618,871,747,332,170,162,367,178,189,50,32,18,501,285,216,14,7,7,35,13,22,214,127,87,105,59,46
21675,C4920,33,610,District-Erode,Rural,80-89,702,356,346,169,84,85,178,87,91,9,5,4,202,105,97,6,3,3,12,8,4,75,36,39,51,28,23
21676,C4920,33,610,District-Erode,Rural,90+,211,87,124,33,13,20,45,19,26,4,0,4,73,32,41,3,0,3,0,0,0,15,8,7,38,15,23
21677,C4920,33,610,District-Erode,Rural,Age Not Stated,15,10,5,2,1,1,2,2,0,6,4,2,2,0,2,0,0,0,0,0,0,3,3,0,0,0,0
21678,C4920,33,610,District-Erode,Urban,Total,17543,9794,7749,1765,922,843,2681,1277,1404,1223,682,541,5214,3238,1976,1588,871,717,538,291,247,3003,1651,1352,1531,862,669
21679,C4920,33,610,District-Erode,Urban,0-4,447,235,212,47,20,27,68,31,37,12,10,2,54,40,14,50,30,20,2,0,2,163,78,85,51,26,25
21680,C4920,33,610,District-Erode,Urban,5-9,763,437,326,56,34,22,101,51,50,78,45,33,103,53,50,151,97,54,3,2,1,154,79,75,117,76,41
21681,C4920,33,610,District-Erode,Urban,10-19,2177,1236,941,166,90,76,269,139,130,189,109,80,414,255,159,415,233,182,17,9,8,385,224,161,322,177,145
21682,C4920,33,610,District-Erode,Urban,20-29,2826,1516,1310,200,113,87,300,147,153,219,128,91,883,480,403,348,191,157,80,46,34,525,264,261,271,147,124
21683,C4920,33,610,District-Erode,Urban,30-39,2916,1603,1313,239,134,105,339,137,202,215,112,103,981,590,391,266,140,126,130,85,45,526,284,242,220,121,99
21684,C4920,33,610,District-Erode,Urban,40-49,2657,1538,1119,256,138,118,404,204,200,199,114,85,857,562,295,191,97,94,116,57,59,445,252,193,189,114,75
21685,C4920,33,610,District-Erode,Urban,50-59,2236,1299,937,264,133,131,397,187,210,142,80,62,752,516,236,97,47,50,96,52,44,374,220,154,114,64,50
21686,C4920,33,610,District-Erode,Urban,60-69,1895,1082,813,292,149,143,385,194,191,97,46,51,632,418,214,44,21,23,58,26,32,262,155,107,125,73,52
21687,C4920,33,610,District-Erode,Urban,70-79,1087,590,497,169,79,90,266,123,143,50,25,25,354,225,129,18,10,8,28,12,16,121,68,53,81,48,33
21688,C4920,33,610,District-Erode,Urban,80-89,418,200,218,62,25,37,120,50,70,16,9,7,145,79,66,6,4,2,5,2,3,36,21,15,28,10,18
21689,C4920,33,610,District-Erode,Urban,90+,108,52,56,13,7,6,28,13,15,6,4,2,36,18,18,1,0,1,2,0,2,9,4,5,13,6,7
21690,C4920,33,610,District-Erode,Urban,Age Not Stated,13,6,7,1,0,1,4,1,3,0,0,0,3,2,1,1,1,0,1,0,1,3,2,1,0,0,0
21691,C4920,33,611,District-The Nilgiris,Total,Total,10020,5497,4523,1115,555,560,1530,757,773,631,362,269,2566,1550,1016,1016,525,491,317,148,169,1985,1123,862,860,477,383
21692,C4920,33,611,District-The Nilgiris,Total,0-4,269,139,130,31,12,19,59,34,25,11,9,2,32,17,15,25,12,13,0,0,0,82,41,41,29,14,15
21693,C4920,33,611,District-The Nilgiris,Total,5-9,462,251,211,39,14,25,67,38,29,42,21,21,73,40,33,82,50,32,4,2,2,89,47,42,66,39,27
21694,C4920,33,611,District-The Nilgiris,Total,10-19,1291,725,566,108,59,49,163,85,78,110,69,41,171,98,73,284,156,128,15,7,8,291,163,128,149,88,61
21695,C4920,33,611,District-The Nilgiris,Total,20-29,1520,817,703,130,72,58,211,96,115,110,62,48,317,177,140,237,124,113,40,18,22,334,193,141,141,75,66
21696,C4920,33,611,District-The Nilgiris,Total,30-39,1661,909,752,166,92,74,207,103,104,102,52,50,462,266,196,175,83,92,71,38,33,337,205,132,141,70,71
21697,C4920,33,611,District-The Nilgiris,Total,40-49,1643,932,711,176,97,79,234,114,120,129,73,56,475,312,163,106,50,56,71,33,38,319,180,139,133,73,60
21698,C4920,33,611,District-The Nilgiris,Total,50-59,1406,805,601,168,87,81,236,117,119,66,37,29,458,288,170,68,37,31,61,27,34,254,149,105,95,63,32
21699,C4920,33,611,District-The Nilgiris,Total,60-69,1082,603,479,161,72,89,195,100,95,41,28,13,382,244,138,28,10,18,32,15,17,184,99,85,59,35,24
21700,C4920,33,611,District-The Nilgiris,Total,70-79,486,235,251,86,31,55,113,53,60,18,10,8,150,84,66,6,2,4,16,5,11,70,37,33,27,13,14
21701,C4920,33,611,District-The Nilgiris,Total,80-89,159,65,94,43,16,27,36,12,24,1,0,1,38,21,17,3,0,3,6,2,4,19,9,10,13,5,8
21702,C4920,33,611,District-The Nilgiris,Total,90+,30,13,17,7,3,4,8,4,4,0,0,0,6,3,3,0,0,0,1,1,0,2,0,2,6,2,4
21703,C4920,33,611,District-The Nilgiris,Total,Age Not Stated,11,3,8,0,0,0,1,1,0,1,1,0,2,0,2,2,1,1,0,0,0,4,0,4,1,0,1
21704,C4920,33,611,District-The Nilgiris,Rural,Total,4145,2230,1915,528,256,272,567,281,286,264,147,117,1021,620,401,412,200,212,136,61,75,834,457,377,383,208,175
21705,C4920,33,611,District-The Nilgiris,Rural,0-4,98,49,49,16,4,12,21,12,9,3,2,1,12,7,5,12,7,5,0,0,0,24,11,13,10,6,4
21706,C4920,33,611,District-The Nilgiris,Rural,5-9,155,78,77,17,6,11,17,10,7,15,5,10,21,10,11,29,17,12,1,1,0,31,17,14,24,12,12
21707,C4920,33,611,District-The Nilgiris,Rural,10-19,522,295,227,44,23,21,57,33,24,44,31,13,71,43,28,109,54,55,7,3,4,125,67,58,65,41,24
21708,C4920,33,611,District-The Nilgiris,Rural,20-29,589,307,282,61,36,25,76,44,32,44,23,21,122,58,64,92,41,51,18,9,9,119,68,51,57,28,29
21709,C4920,33,611,District-The Nilgiris,Rural,30-39,698,382,316,86,51,35,62,27,35,48,26,22,181,106,75,70,38,32,33,19,14,149,84,65,69,31,38
21710,C4920,33,611,District-The Nilgiris,Rural,40-49,721,399,322,79,47,32,83,39,44,61,33,28,209,135,74,54,21,33,24,9,15,147,82,65,64,33,31
21711,C4920,33,611,District-The Nilgiris,Rural,50-59,588,335,253,80,37,43,97,46,51,25,12,13,175,116,59,26,16,10,29,14,15,118,67,51,38,27,11
21712,C4920,33,611,District-The Nilgiris,Rural,60-69,488,258,230,79,30,49,86,47,39,15,11,4,161,99,62,14,4,10,14,5,9,87,42,45,32,20,12
21713,C4920,33,611,District-The Nilgiris,Rural,70-79,203,93,110,41,12,29,53,18,35,9,4,5,55,37,18,3,1,2,7,1,6,23,14,9,12,6,6
21714,C4920,33,611,District-The Nilgiris,Rural,80-89,68,29,39,24,9,15,11,3,8,0,0,0,13,9,4,1,0,1,3,0,3,7,5,2,9,3,6
21715,C4920,33,611,District-The Nilgiris,Rural,90+,9,4,5,1,1,0,4,2,2,0,0,0,0,0,0,0,0,0,0,0,0,2,0,2,2,1,1
21716,C4920,33,611,District-The Nilgiris,Rural,Age Not Stated,6,1,5,0,0,0,0,0,0,0,0,0,1,0,1,2,1,1,0,0,0,2,0,2,1,0,1
21717,C4920,33,611,District-The Nilgiris,Urban,Total,5875,3267,2608,587,299,288,963,476,487,367,215,152,1545,930,615,604,325,279,181,87,94,1151,666,485,477,269,208
21718,C4920,33,611,District-The Nilgiris,Urban,0-4,171,90,81,15,8,7,38,22,16,8,7,1,20,10,10,13,5,8,0,0,0,58,30,28,19,8,11
21719,C4920,33,611,District-The Nilgiris,Urban,5-9,307,173,134,22,8,14,50,28,22,27,16,11,52,30,22,53,33,20,3,1,2,58,30,28,42,27,15
21720,C4920,33,611,District-The Nilgiris,Urban,10-19,769,430,339,64,36,28,106,52,54,66,38,28,100,55,45,175,102,73,8,4,4,166,96,70,84,47,37
21721,C4920,33,611,District-The Nilgiris,Urban,20-29,931,510,421,69,36,33,135,52,83,66,39,27,195,119,76,145,83,62,22,9,13,215,125,90,84,47,37
21722,C4920,33,611,District-The Nilgiris,Urban,30-39,963,527,436,80,41,39,145,76,69,54,26,28,281,160,121,105,45,60,38,19,19,188,121,67,72,39,33
21723,C4920,33,611,District-The Nilgiris,Urban,40-49,922,533,389,97,50,47,151,75,76,68,40,28,266,177,89,52,29,23,47,24,23,172,98,74,69,40,29
21724,C4920,33,611,District-The Nilgiris,Urban,50-59,818,470,348,88,50,38,139,71,68,41,25,16,283,172,111,42,21,21,32,13,19,136,82,54,57,36,21
21725,C4920,33,611,District-The Nilgiris,Urban,60-69,594,345,249,82,42,40,109,53,56,26,17,9,221,145,76,14,6,8,18,10,8,97,57,40,27,15,12
21726,C4920,33,611,District-The Nilgiris,Urban,70-79,283,142,141,45,19,26,60,35,25,9,6,3,95,47,48,3,1,2,9,4,5,47,23,24,15,7,8
21727,C4920,33,611,District-The Nilgiris,Urban,80-89,91,36,55,19,7,12,25,9,16,1,0,1,25,12,13,2,0,2,3,2,1,12,4,8,4,2,2
21728,C4920,33,611,District-The Nilgiris,Urban,90+,21,9,12,6,2,4,4,2,2,0,0,0,6,3,3,0,0,0,1,1,0,0,0,0,4,1,3
21729,C4920,33,611,District-The Nilgiris,Urban,Age Not Stated,5,2,3,0,0,0,1,1,0,1,1,0,1,0,1,0,0,0,0,0,0,2,0,2,0,0,0
21730,C4920,33,612,District-Dindigul,Total,Total,32953,18379,14574,3038,1664,1374,7100,3620,3480,2873,1605,1268,7287,4422,2865,2769,1556,1213,837,473,364,6582,3624,2958,2467,1415,1052
21731,C4920,33,612,District-Dindigul,Total,0-4,1236,682,554,69,38,31,355,190,165,34,20,14,131,81,50,96,55,41,2,2,0,455,240,215,94,56,38
21732,C4920,33,612,District-Dindigul,Total,5-9,1912,1082,830,116,64,52,375,193,182,224,134,90,233,140,93,295,169,126,7,2,5,403,225,178,259,155,104
21733,C4920,33,612,District-Dindigul,Total,10-19,5050,2844,2206,336,192,144,1019,518,501,540,318,222,760,461,299,792,472,320,57,32,25,1005,520,485,541,331,210
21734,C4920,33,612,District-Dindigul,Total,20-29,5931,3173,2758,376,191,185,1140,538,602,605,339,266,1426,808,618,665,349,316,115,78,37,1133,603,530,471,267,204
21735,C4920,33,612,District-Dindigul,Total,30-39,5460,3048,2412,448,247,201,1017,535,482,482,257,225,1355,808,547,446,258,188,206,117,89,1132,625,507,374,201,173
21736,C4920,33,612,District-Dindigul,Total,40-49,4650,2677,1973,488,290,198,968,507,461,410,217,193,1112,701,411,253,142,111,222,129,93,937,531,406,260,160,100
21737,C4920,33,612,District-Dindigul,Total,50-59,3488,1948,1540,395,217,178,815,389,426,271,151,120,927,583,344,119,62,57,118,56,62,678,383,295,165,107,58
21738,C4920,33,612,District-Dindigul,Total,60-69,3042,1741,1301,411,223,188,751,414,337,208,115,93,845,528,317,77,34,43,62,35,27,533,326,207,155,66,89
21739,C4920,33,612,District-Dindigul,Total,70-79,1537,873,664,276,149,127,455,239,216,72,40,32,354,232,122,16,10,6,39,18,21,230,136,94,95,49,46
21740,C4920,33,612,District-Dindigul,Total,80-89,528,259,269,107,48,59,171,80,91,21,10,11,121,70,51,7,3,4,7,3,4,60,29,31,34,16,18
21741,C4920,33,612,District-Dindigul,Total,90+,86,33,53,13,4,9,27,11,16,4,3,1,17,6,11,0,0,0,1,1,0,8,2,6,16,6,10
21742,C4920,33,612,District-Dindigul,Total,Age Not Stated,33,19,14,3,1,2,7,6,1,2,1,1,6,4,2,3,2,1,1,0,1,8,4,4,3,1,2
21743,C4920,33,612,District-Dindigul,Rural,Total,20758,11586,9172,2015,1111,904,4864,2482,2382,2023,1137,886,4369,2671,1698,1656,913,743,525,294,231,3698,2062,1636,1608,916,692
21744,C4920,33,612,District-Dindigul,Rural,0-4,860,473,387,50,28,22,260,133,127,25,16,9,85,52,33,61,36,25,1,1,0,308,164,144,70,43,27
21745,C4920,33,612,District-Dindigul,Rural,5-9,1231,703,528,81,47,34,270,135,135,153,96,57,146,89,57,188,105,83,5,2,3,228,135,93,160,94,66
21746,C4920,33,612,District-Dindigul,Rural,10-19,3197,1786,1411,207,120,87,715,357,358,375,221,154,481,291,190,497,289,208,38,22,16,548,278,270,336,208,128
21747,C4920,33,612,District-Dindigul,Rural,20-29,3704,1984,1720,253,130,123,780,359,421,431,241,190,840,485,355,396,200,196,67,47,20,629,345,284,308,177,131
21748,C4920,33,612,District-Dindigul,Rural,30-39,3257,1842,1415,275,152,123,706,384,322,316,167,149,780,481,299,241,139,102,117,62,55,586,329,257,236,128,108
21749,C4920,33,612,District-Dindigul,Rural,40-49,2878,1645,1233,309,191,118,644,339,305,301,159,142,652,414,238,138,77,61,145,78,67,523,288,235,166,99,67
21750,C4920,33,612,District-Dindigul,Rural,50-59,2153,1199,954,265,137,128,530,255,275,200,112,88,550,347,203,75,39,36,73,36,37,361,213,148,99,60,39
21751,C4920,33,612,District-Dindigul,Rural,60-69,2029,1149,880,295,156,139,515,286,229,147,84,63,533,320,213,46,21,25,45,27,18,327,205,122,121,50,71
21752,C4920,33,612,District-Dindigul,Rural,70-79,1020,599,421,191,108,83,309,172,137,50,28,22,213,145,68,7,4,3,28,15,13,146,85,61,76,42,34
21753,C4920,33,612,District-Dindigul,Rural,80-89,343,167,176,79,39,40,109,50,59,19,9,10,71,37,34,5,2,3,4,3,1,33,16,17,23,11,12
21754,C4920,33,612,District-Dindigul,Rural,90+,62,23,39,8,2,6,21,7,14,4,3,1,13,6,7,0,0,0,1,1,0,4,1,3,11,3,8
21755,C4920,33,612,District-Dindigul,Rural,Age Not Stated,24,16,8,2,1,1,5,5,0,2,1,1,5,4,1,2,1,1,1,0,1,5,3,2,2,1,1
21756,C4920,33,612,District-Dindigul,Urban,Total,12195,6793,5402,1023,553,470,2236,1138,1098,850,468,382,2918,1751,1167,1113,643,470,312,179,133,2884,1562,1322,859,499,360
21757,C4920,33,612,District-Dindigul,Urban,0-4,376,209,167,19,10,9,95,57,38,9,4,5,46,29,17,35,19,16,1,1,0,147,76,71,24,13,11
21758,C4920,33,612,District-Dindigul,Urban,5-9,681,379,302,35,17,18,105,58,47,71,38,33,87,51,36,107,64,43,2,0,2,175,90,85,99,61,38
21759,C4920,33,612,District-Dindigul,Urban,10-19,1853,1058,795,129,72,57,304,161,143,165,97,68,279,170,109,295,183,112,19,10,9,457,242,215,205,123,82
21760,C4920,33,612,District-Dindigul,Urban,20-29,2227,1189,1038,123,61,62,360,179,181,174,98,76,586,323,263,269,149,120,48,31,17,504,258,246,163,90,73
21761,C4920,33,612,District-Dindigul,Urban,30-39,2203,1206,997,173,95,78,311,151,160,166,90,76,575,327,248,205,119,86,89,55,34,546,296,250,138,73,65
21762,C4920,33,612,District-Dindigul,Urban,40-49,1772,1032,740,179,99,80,324,168,156,109,58,51,460,287,173,115,65,50,77,51,26,414,243,171,94,61,33
21763,C4920,33,612,District-Dindigul,Urban,50-59,1335,749,586,130,80,50,285,134,151,71,39,32,377,236,141,44,23,21,45,20,25,317,170,147,66,47,19
21764,C4920,33,612,District-Dindigul,Urban,60-69,1013,592,421,116,67,49,236,128,108,61,31,30,312,208,104,31,13,18,17,8,9,206,121,85,34,16,18
21765,C4920,33,612,District-Dindigul,Urban,70-79,517,274,243,85,41,44,146,67,79,22,12,10,141,87,54,9,6,3,11,3,8,84,51,33,19,7,12
21766,C4920,33,612,District-Dindigul,Urban,80-89,185,92,93,28,9,19,62,30,32,2,1,1,50,33,17,2,1,1,3,0,3,27,13,14,11,5,6
21767,C4920,33,612,District-Dindigul,Urban,90+,24,10,14,5,2,3,6,4,2,0,0,0,4,0,4,0,0,0,0,0,0,4,1,3,5,3,2
21768,C4920,33,612,District-Dindigul,Urban,Age Not Stated,9,3,6,1,0,1,2,1,1,0,0,0,1,0,1,1,1,0,0,0,0,3,1,2,1,0,1
21769,C4920,33,613,District-Karur ,Total,Total,14042,7860,6182,1601,817,784,1904,912,992,1195,643,552,4475,2787,1688,1342,733,609,469,253,216,1691,933,758,1365,782,583
21770,C4920,33,613,District-Karur ,Total,0-4,306,181,125,26,16,10,50,24,26,12,6,6,71,47,24,40,26,14,0,0,0,77,47,30,30,15,15
21771,C4920,33,613,District-Karur ,Total,5-9,676,394,282,49,26,23,69,27,42,101,58,43,115,82,33,145,88,57,8,6,2,82,44,38,107,63,44
21772,C4920,33,613,District-Karur ,Total,10-19,1884,1050,834,160,85,75,174,95,79,237,126,111,380,237,143,401,225,176,34,19,15,230,105,125,268,158,110
21773,C4920,33,613,District-Karur ,Total,20-29,2415,1346,1069,202,105,97,224,108,116,252,136,116,803,486,317,298,164,134,52,29,23,294,161,133,290,157,133
21774,C4920,33,613,District-Karur ,Total,30-39,2228,1204,1024,191,107,84,259,121,138,194,101,93,811,468,343,198,89,109,114,66,48,281,159,122,180,93,87
21775,C4920,33,613,District-Karur ,Total,40-49,2014,1194,820,235,125,110,257,119,138,188,104,84,673,454,219,151,85,66,111,62,49,238,145,93,161,100,61
21776,C4920,33,613,District-Karur ,Total,50-59,1612,913,699,215,106,109,248,120,128,104,49,55,590,378,212,64,35,29,74,36,38,197,109,88,120,80,40
21777,C4920,33,613,District-Karur ,Total,60-69,1620,916,704,257,125,132,307,148,159,78,49,29,620,405,215,34,17,17,39,18,21,185,105,80,100,49,51
21778,C4920,33,613,District-Karur ,Total,70-79,864,433,431,191,87,104,201,90,111,20,9,11,276,158,118,7,3,4,24,9,15,79,38,41,66,39,27
21779,C4920,33,613,District-Karur ,Total,80-89,342,189,153,60,29,31,96,50,46,8,4,4,109,59,50,3,1,2,11,6,5,24,19,5,31,21,10
21780,C4920,33,613,District-Karur ,Total,90+,75,36,39,15,6,9,19,10,9,0,0,0,25,11,14,1,0,1,2,2,0,2,1,1,11,6,5
21781,C4920,33,613,District-Karur ,Total,Age Not Stated,6,4,2,0,0,0,0,0,0,1,1,0,2,2,0,0,0,0,0,0,0,2,0,2,1,1,0
21782,C4920,33,613,District-Karur ,Rural,Total,8769,4887,3882,1112,565,547,1115,524,591,787,413,374,2853,1778,1075,809,440,369,278,161,117,903,485,418,912,521,391
21783,C4920,33,613,District-Karur ,Rural,0-4,181,108,73,12,8,4,20,9,11,6,2,4,52,35,17,22,14,8,0,0,0,49,32,17,20,8,12
21784,C4920,33,613,District-Karur ,Rural,5-9,432,253,179,31,15,16,37,16,21,66,37,29,79,57,22,86,57,29,3,2,1,54,24,30,76,45,31
21785,C4920,33,613,District-Karur ,Rural,10-19,1208,674,534,109,54,55,98,54,44,161,85,76,267,164,103,251,140,111,16,9,7,131,63,68,175,105,70
21786,C4920,33,613,District-Karur ,Rural,20-29,1494,854,640,139,76,63,114,56,58,166,92,74,535,330,205,178,96,82,25,17,8,152,84,68,185,103,82
21787,C4920,33,613,District-Karur ,Rural,30-39,1325,719,606,136,72,64,138,62,76,134,66,68,465,283,182,119,57,62,74,43,31,147,83,64,112,53,59
21788,C4920,33,613,District-Karur ,Rural,40-49,1169,699,470,152,87,65,144,63,81,123,62,61,396,274,122,79,45,34,73,45,28,103,59,44,99,64,35
21789,C4920,33,613,District-Karur ,Rural,50-59,970,530,440,143,73,70,139,64,75,69,33,36,353,215,138,45,21,24,45,25,20,91,44,47,85,55,30
21790,C4920,33,613,District-Karur ,Rural,60-69,1069,593,476,184,86,98,203,101,102,43,28,15,416,263,153,23,9,14,22,10,12,99,59,40,79,37,42
21791,C4920,33,613,District-Karur ,Rural,70-79,605,290,315,147,66,81,138,61,77,13,4,9,185,100,85,3,1,2,11,4,7,59,24,35,49,30,19
21792,C4920,33,613,District-Karur ,Rural,80-89,261,141,120,50,24,26,71,32,39,5,3,2,87,49,38,2,0,2,8,5,3,17,13,4,21,15,6
21793,C4920,33,613,District-Karur ,Rural,90+,51,23,28,9,4,5,13,6,7,0,0,0,17,7,10,1,0,1,1,1,0,0,0,0,10,5,5
21794,C4920,33,613,District-Karur ,Rural,Age Not Stated,4,3,1,0,0,0,0,0,0,1,1,0,1,1,0,0,0,0,0,0,0,1,0,1,1,1,0
21795,C4920,33,613,District-Karur ,Urban,Total,5273,2973,2300,489,252,237,789,388,401,408,230,178,1622,1009,613,533,293,240,191,92,99,788,448,340,453,261,192
21796,C4920,33,613,District-Karur ,Urban,0-4,125,73,52,14,8,6,30,15,15,6,4,2,19,12,7,18,12,6,0,0,0,28,15,13,10,7,3
21797,C4920,33,613,District-Karur ,Urban,5-9,244,141,103,18,11,7,32,11,21,35,21,14,36,25,11,59,31,28,5,4,1,28,20,8,31,18,13
21798,C4920,33,613,District-Karur ,Urban,10-19,676,376,300,51,31,20,76,41,35,76,41,35,113,73,40,150,85,65,18,10,8,99,42,57,93,53,40
21799,C4920,33,613,District-Karur ,Urban,20-29,921,492,429,63,29,34,110,52,58,86,44,42,268,156,112,120,68,52,27,12,15,142,77,65,105,54,51
21800,C4920,33,613,District-Karur ,Urban,30-39,903,485,418,55,35,20,121,59,62,60,35,25,346,185,161,79,32,47,40,23,17,134,76,58,68,40,28
21801,C4920,33,613,District-Karur ,Urban,40-49,845,495,350,83,38,45,113,56,57,65,42,23,277,180,97,72,40,32,38,17,21,135,86,49,62,36,26
21802,C4920,33,613,District-Karur ,Urban,50-59,642,383,259,72,33,39,109,56,53,35,16,19,237,163,74,19,14,5,29,11,18,106,65,41,35,25,10
21803,C4920,33,613,District-Karur ,Urban,60-69,551,323,228,73,39,34,104,47,57,35,21,14,204,142,62,11,8,3,17,8,9,86,46,40,21,12,9
21804,C4920,33,613,District-Karur ,Urban,70-79,259,143,116,44,21,23,63,29,34,7,5,2,91,58,33,4,2,2,13,5,8,20,14,6,17,9,8
21805,C4920,33,613,District-Karur ,Urban,80-89,81,48,33,10,5,5,25,18,7,3,1,2,22,10,12,1,1,0,3,1,2,7,6,1,10,6,4
21806,C4920,33,613,District-Karur ,Urban,90+,24,13,11,6,2,4,6,4,2,0,0,0,8,4,4,0,0,0,1,1,0,2,1,1,1,1,0
21807,C4920,33,613,District-Karur ,Urban,Age Not Stated,2,1,1,0,0,0,0,0,0,0,0,0,1,1,0,0,0,0,0,0,0,1,0,1,0,0,0
21808,C4920,33,614,District-Tiruchirappalli,Total,Total,40276,22368,17908,4460,2308,2152,5427,2610,2817,2949,1587,1362,11139,6791,4348,4381,2418,1963,1283,692,591,7157,3927,3230,3480,2035,1445
21809,C4920,33,614,District-Tiruchirappalli,Total,0-4,1106,579,527,96,49,47,139,75,64,35,22,13,167,96,71,134,73,61,6,4,2,399,190,209,130,70,60
21810,C4920,33,614,District-Tiruchirappalli,Total,5-9,2239,1291,948,166,95,71,218,113,105,259,150,109,340,210,130,460,270,190,17,4,13,446,236,210,333,213,120
21811,C4920,33,614,District-Tiruchirappalli,Total,10-19,6107,3441,2666,621,301,320,635,319,316,607,340,267,976,581,395,1342,800,542,68,44,24,1062,583,479,796,473,323
21812,C4920,33,614,District-Tiruchirappalli,Total,20-29,7494,4095,3399,623,329,294,699,364,335,589,307,282,2359,1333,1026,996,525,471,194,117,77,1340,725,615,694,395,299
21813,C4920,33,614,District-Tiruchirappalli,Total,30-39,6703,3679,3024,648,337,311,679,306,373,502,254,248,2227,1348,879,656,348,308,303,158,145,1213,653,560,475,275,200
21814,C4920,33,614,District-Tiruchirappalli,Total,40-49,5830,3246,2584,693,368,325,759,352,407,437,221,216,1764,1113,651,422,212,210,323,176,147,1040,579,461,392,225,167
21815,C4920,33,614,District-Tiruchirappalli,Total,50-59,4370,2562,1808,549,303,246,729,328,401,293,179,114,1389,935,454,222,122,100,188,96,92,738,437,301,262,162,100
21816,C4920,33,614,District-Tiruchirappalli,Total,60-69,3619,2014,1605,549,285,264,770,356,414,157,84,73,1165,744,421,101,45,56,128,67,61,558,322,236,191,111,80
21817,C4920,33,614,District-Tiruchirappalli,Total,70-79,1959,1049,910,336,160,176,552,278,274,54,26,28,539,325,214,34,16,18,38,18,20,278,153,125,128,73,55
21818,C4920,33,614,District-Tiruchirappalli,Total,80-89,659,325,334,135,62,73,205,100,105,12,3,9,167,86,81,9,3,6,12,6,6,62,36,26,57,29,28
21819,C4920,33,614,District-Tiruchirappalli,Total,90+,149,62,87,39,16,23,38,16,22,1,0,1,39,16,23,2,2,0,4,1,3,10,6,4,16,5,11
21820,C4920,33,614,District-Tiruchirappalli,Total,Age Not Stated,41,25,16,5,3,2,4,3,1,3,1,2,7,4,3,3,2,1,2,1,1,11,7,4,6,4,2
21821,C4920,33,614,District-Tiruchirappalli,Rural,Total,20453,11193,9260,2198,1152,1046,2785,1326,1459,1780,951,829,5769,3473,2296,1998,1051,947,691,338,353,3222,1741,1481,2010,1161,849
21822,C4920,33,614,District-Tiruchirappalli,Rural,0-4,607,302,305,42,19,23,86,44,42,20,12,8,96,57,39,68,35,33,3,1,2,211,90,121,81,44,37
21823,C4920,33,614,District-Tiruchirappalli,Rural,5-9,1226,724,502,92,57,35,112,62,50,159,90,69,209,132,77,225,131,94,10,1,9,204,107,97,215,144,71
21824,C4920,33,614,District-Tiruchirappalli,Rural,10-19,3201,1823,1378,264,161,103,307,174,133,400,229,171,581,345,236,622,340,282,24,16,8,509,277,232,494,281,213
21825,C4920,33,614,District-Tiruchirappalli,Rural,20-29,3830,2039,1791,295,150,145,330,163,167,359,176,183,1276,711,565,443,223,220,113,62,51,624,335,289,390,219,171
21826,C4920,33,614,District-Tiruchirappalli,Rural,30-39,3229,1755,1474,271,146,125,358,154,204,288,148,140,1068,654,414,297,145,152,162,80,82,531,270,261,254,158,96
21827,C4920,33,614,District-Tiruchirappalli,Rural,40-49,2758,1503,1255,300,151,149,367,160,207,254,121,133,855,529,326,176,95,81,175,91,84,421,244,177,210,112,98
21828,C4920,33,614,District-Tiruchirappalli,Rural,50-59,2167,1225,942,284,149,135,372,157,215,162,103,59,680,447,233,106,56,50,97,41,56,316,180,136,150,92,58
21829,C4920,33,614,District-Tiruchirappalli,Rural,60-69,1920,1037,883,333,171,162,437,202,235,96,52,44,597,366,231,43,21,22,75,34,41,243,142,101,96,49,47
21830,C4920,33,614,District-Tiruchirappalli,Rural,70-79,1051,569,482,207,100,107,289,150,139,33,18,15,293,177,116,15,5,10,23,9,14,119,69,50,72,41,31
21831,C4920,33,614,District-Tiruchirappalli,Rural,80-89,358,173,185,80,37,43,107,52,55,6,1,5,89,44,45,3,0,3,8,3,5,31,19,12,34,17,17
21832,C4920,33,614,District-Tiruchirappalli,Rural,90+,89,33,56,29,11,18,17,5,12,0,0,0,23,10,13,0,0,0,1,0,1,7,4,3,12,3,9
21833,C4920,33,614,District-Tiruchirappalli,Rural,Age Not Stated,17,10,7,1,0,1,3,3,0,3,1,2,2,1,1,0,0,0,0,0,0,6,4,2,2,1,1
21834,C4920,33,614,District-Tiruchirappalli,Urban,Total,19823,11175,8648,2262,1156,1106,2642,1284,1358,1169,636,533,5370,3318,2052,2383,1367,1016,592,354,238,3935,2186,1749,1470,874,596
21835,C4920,33,614,District-Tiruchirappalli,Urban,0-4,499,277,222,54,30,24,53,31,22,15,10,5,71,39,32,66,38,28,3,3,0,188,100,88,49,26,23
21836,C4920,33,614,District-Tiruchirappalli,Urban,5-9,1013,567,446,74,38,36,106,51,55,100,60,40,131,78,53,235,139,96,7,3,4,242,129,113,118,69,49
21837,C4920,33,614,District-Tiruchirappalli,Urban,10-19,2906,1618,1288,357,140,217,328,145,183,207,111,96,395,236,159,720,460,260,44,28,16,553,306,247,302,192,110
21838,C4920,33,614,District-Tiruchirappalli,Urban,20-29,3664,2056,1608,328,179,149,369,201,168,230,131,99,1083,622,461,553,302,251,81,55,26,716,390,326,304,176,128
21839,C4920,33,614,District-Tiruchirappalli,Urban,30-39,3474,1924,1550,377,191,186,321,152,169,214,106,108,1159,694,465,359,203,156,141,78,63,682,383,299,221,117,104
21840,C4920,33,614,District-Tiruchirappalli,Urban,40-49,3072,1743,1329,393,217,176,392,192,200,183,100,83,909,584,325,246,117,129,148,85,63,619,335,284,182,113,69
21841,C4920,33,614,District-Tiruchirappalli,Urban,50-59,2203,1337,866,265,154,111,357,171,186,131,76,55,709,488,221,116,66,50,91,55,36,422,257,165,112,70,42
21842,C4920,33,614,District-Tiruchirappalli,Urban,60-69,1699,977,722,216,114,102,333,154,179,61,32,29,568,378,190,58,24,34,53,33,20,315,180,135,95,62,33
21843,C4920,33,614,District-Tiruchirappalli,Urban,70-79,908,480,428,129,60,69,263,128,135,21,8,13,246,148,98,19,11,8,15,9,6,159,84,75,56,32,24
21844,C4920,33,614,District-Tiruchirappalli,Urban,80-89,301,152,149,55,25,30,98,48,50,6,2,4,78,42,36,6,3,3,4,3,1,31,17,14,23,12,11
21845,C4920,33,614,District-Tiruchirappalli,Urban,90+,60,29,31,10,5,5,21,11,10,1,0,1,16,6,10,2,2,0,3,1,2,3,2,1,4,2,2
21846,C4920,33,614,District-Tiruchirappalli,Urban,Age Not Stated,24,15,9,4,3,1,1,0,1,0,0,0,5,3,2,3,2,1,2,1,1,5,3,2,4,3,1
21847,C4920,33,615,District-Perambalur  ,Total,Total,10386,5897,4489,1079,600,479,2085,1112,973,1118,633,485,2199,1367,832,833,439,394,202,119,83,2092,1168,924,778,459,319
21848,C4920,33,615,District-Perambalur  ,Total,0-4,361,197,164,35,16,19,83,50,33,11,7,4,44,22,22,38,24,14,1,1,0,124,61,63,25,16,9
21849,C4920,33,615,District-Perambalur  ,Total,5-9,744,428,316,47,27,20,133,64,69,99,66,33,103,60,43,121,73,48,5,3,2,129,66,63,107,69,38
21850,C4920,33,615,District-Perambalur  ,Total,10-19,1747,984,763,138,76,62,303,156,147,217,120,97,244,147,97,243,132,111,16,8,8,369,213,156,217,132,85
21851,C4920,33,615,District-Perambalur  ,Total,20-29,1758,972,786,135,73,62,281,167,114,229,116,113,435,259,176,170,84,86,25,17,8,357,190,167,126,66,60
21852,C4920,33,615,District-Perambalur  ,Total,30-39,1594,895,699,135,80,55,278,143,135,189,108,81,385,236,149,122,62,60,60,36,24,315,174,141,110,56,54
21853,C4920,33,615,District-Perambalur  ,Total,40-49,1365,787,578,127,65,62,304,160,144,145,86,59,308,194,114,68,35,33,44,29,15,288,163,125,81,55,26
21854,C4920,33,615,District-Perambalur  ,Total,50-59,1079,624,455,136,81,55,256,137,119,90,52,38,274,177,97,40,16,24,26,14,12,221,125,96,36,22,14
21855,C4920,33,615,District-Perambalur  ,Total,60-69,1032,599,433,161,86,75,261,134,127,87,51,36,246,164,82,17,7,10,16,10,6,200,119,81,44,28,16
21856,C4920,33,615,District-Perambalur  ,Total,70-79,515,303,212,116,66,50,141,78,63,36,17,19,125,88,37,9,3,6,5,0,5,64,43,21,19,8,11
21857,C4920,33,615,District-Perambalur  ,Total,80-89,152,89,63,40,26,14,37,18,19,12,9,3,29,17,12,2,1,1,3,1,2,20,12,8,9,5,4
21858,C4920,33,615,District-Perambalur  ,Total,90+,24,14,10,8,3,5,5,3,2,0,0,0,4,3,1,3,2,1,0,0,0,1,1,0,3,2,1
21859,C4920,33,615,District-Perambalur  ,Total,Age Not Stated,15,5,10,1,1,0,3,2,1,3,1,2,2,0,2,0,0,0,1,0,1,4,1,3,1,0,1
21860,C4920,33,615,District-Perambalur  ,Rural,Total,8946,5041,3905,977,541,436,1854,979,875,985,548,437,1865,1157,708,692,356,336,163,96,67,1803,1011,792,607,353,254
21861,C4920,33,615,District-Perambalur  ,Rural,0-4,320,174,146,33,16,17,73,44,29,9,6,3,38,19,19,35,22,13,0,0,0,110,53,57,22,14,8
21862,C4920,33,615,District-Perambalur  ,Rural,5-9,628,355,273,43,24,19,114,55,59,85,56,29,84,48,36,102,60,42,5,3,2,114,58,56,81,51,30
21863,C4920,33,615,District-Perambalur  ,Rural,10-19,1475,832,643,125,67,58,267,137,130,192,107,85,209,126,83,206,110,96,13,7,6,311,184,127,152,94,58
21864,C4920,33,615,District-Perambalur  ,Rural,20-29,1520,841,679,120,66,54,244,142,102,209,104,105,371,221,150,139,69,70,23,16,7,312,170,142,102,53,49
21865,C4920,33,615,District-Perambalur  ,Rural,30-39,1348,751,597,118,72,46,253,128,125,158,91,67,317,193,124,94,45,49,46,26,20,269,149,120,93,47,46
21866,C4920,33,615,District-Perambalur  ,Rural,40-49,1162,656,506,108,54,54,268,141,127,129,73,56,257,161,96,55,26,29,36,23,13,241,133,108,68,45,23
21867,C4920,33,615,District-Perambalur  ,Rural,50-59,931,523,408,123,73,50,226,118,108,81,45,36,226,143,83,35,13,22,21,12,9,193,105,88,26,14,12
21868,C4920,33,615,District-Perambalur  ,Rural,60-69,930,535,395,149,78,71,248,127,121,76,42,34,221,147,74,15,6,9,12,8,4,172,104,68,37,23,14
21869,C4920,33,615,District-Perambalur  ,Rural,70-79,460,272,188,113,64,49,122,67,55,31,14,17,111,79,32,7,2,5,4,0,4,58,41,17,14,5,9
21870,C4920,33,615,District-Perambalur  ,Rural,80-89,138,83,55,37,23,14,32,15,17,12,9,3,26,17,9,1,1,0,3,1,2,18,12,6,9,5,4
21871,C4920,33,615,District-Perambalur  ,Rural,90+,23,14,9,7,3,4,5,3,2,0,0,0,4,3,1,3,2,1,0,0,0,1,1,0,3,2,1
21872,C4920,33,615,District-Perambalur  ,Rural,Age Not Stated,11,5,6,1,1,0,2,2,0,3,1,2,1,0,1,0,0,0,0,0,0,4,1,3,0,0,0
21873,C4920,33,615,District-Perambalur  ,Urban,Total,1440,856,584,102,59,43,231,133,98,133,85,48,334,210,124,141,83,58,39,23,16,289,157,132,171,106,65
21874,C4920,33,615,District-Perambalur  ,Urban,0-4,41,23,18,2,0,2,10,6,4,2,1,1,6,3,3,3,2,1,1,1,0,14,8,6,3,2,1
21875,C4920,33,615,District-Perambalur  ,Urban,5-9,116,73,43,4,3,1,19,9,10,14,10,4,19,12,7,19,13,6,0,0,0,15,8,7,26,18,8
21876,C4920,33,615,District-Perambalur  ,Urban,10-19,272,152,120,13,9,4,36,19,17,25,13,12,35,21,14,37,22,15,3,1,2,58,29,29,65,38,27
21877,C4920,33,615,District-Perambalur  ,Urban,20-29,238,131,107,15,7,8,37,25,12,20,12,8,64,38,26,31,15,16,2,1,1,45,20,25,24,13,11
21878,C4920,33,615,District-Perambalur  ,Urban,30-39,246,144,102,17,8,9,25,15,10,31,17,14,68,43,25,28,17,11,14,10,4,46,25,21,17,9,8
21879,C4920,33,615,District-Perambalur  ,Urban,40-49,203,131,72,19,11,8,36,19,17,16,13,3,51,33,18,13,9,4,8,6,2,47,30,17,13,10,3
21880,C4920,33,615,District-Perambalur  ,Urban,50-59,148,101,47,13,8,5,30,19,11,9,7,2,48,34,14,5,3,2,5,2,3,28,20,8,10,8,2
21881,C4920,33,615,District-Perambalur  ,Urban,60-69,102,64,38,12,8,4,13,7,6,11,9,2,25,17,8,2,1,1,4,2,2,28,15,13,7,5,2
21882,C4920,33,615,District-Perambalur  ,Urban,70-79,55,31,24,3,2,1,19,11,8,5,3,2,14,9,5,2,1,1,1,0,1,6,2,4,5,3,2
21883,C4920,33,615,District-Perambalur  ,Urban,80-89,14,6,8,3,3,0,5,3,2,0,0,0,3,0,3,1,0,1,0,0,0,2,0,2,0,0,0
21884,C4920,33,615,District-Perambalur  ,Urban,90+,1,0,1,1,0,1,0,0,0,0,0,0,0,0,0,0,0,0,0,0,0,0,0,0,0,0,0
21885,C4920,33,615,District-Perambalur  ,Urban,Age Not Stated,4,0,4,0,0,0,1,0,1,0,0,0,1,0,1,0,0,0,1,0,1,0,0,0,1,0,1
21886,C4920,33,616,District-Ariyalur  ,Total,Total,15076,8564,6512,1790,910,880,2726,1422,1304,1436,803,633,3733,2338,1395,1116,634,482,317,172,145,2664,1518,1146,1294,767,527
21887,C4920,33,616,District-Ariyalur  ,Total,0-4,483,256,227,47,22,25,107,56,51,10,6,4,74,39,35,43,30,13,0,0,0,152,74,78,50,29,21
21888,C4920,33,616,District-Ariyalur  ,Total,5-9,949,567,382,78,44,34,138,80,58,136,84,52,119,73,46,175,106,69,2,1,1,178,103,75,123,76,47
21889,C4920,33,616,District-Ariyalur  ,Total,10-19,2444,1399,1045,192,98,94,363,201,162,304,176,128,410,260,150,365,205,160,17,12,5,455,246,209,338,201,137
21890,C4920,33,616,District-Ariyalur  ,Total,20-29,2535,1403,1132,174,86,88,379,192,187,305,166,139,694,407,287,210,117,93,62,31,31,461,255,206,250,149,101
21891,C4920,33,616,District-Ariyalur  ,Total,30-39,2218,1227,991,186,98,88,345,160,185,245,124,121,654,426,228,152,78,74,78,43,35,392,208,184,166,90,76
21892,C4920,33,616,District-Ariyalur  ,Total,40-49,2018,1168,850,216,110,106,386,199,187,171,98,73,558,352,206,96,50,46,81,46,35,393,237,156,117,76,41
21893,C4920,33,616,District-Ariyalur  ,Total,50-59,1581,886,695,253,129,124,347,170,177,120,66,54,429,277,152,42,24,18,40,18,22,270,163,107,80,39,41
21894,C4920,33,616,District-Ariyalur  ,Total,60-69,1651,944,707,344,157,187,371,184,187,92,54,38,477,310,167,23,19,4,24,13,11,233,147,86,87,60,27
21895,C4920,33,616,District-Ariyalur  ,Total,70-79,862,507,355,215,112,103,219,131,88,31,15,16,239,150,89,7,4,3,8,5,3,88,60,28,55,30,25
21896,C4920,33,616,District-Ariyalur  ,Total,80-89,265,166,99,72,46,26,60,41,19,14,8,6,66,38,28,2,1,1,3,2,1,28,16,12,20,14,6
21897,C4920,33,616,District-Ariyalur  ,Total,90+,54,29,25,11,7,4,10,7,3,6,4,2,8,3,5,1,0,1,1,0,1,10,6,4,7,2,5
21898,C4920,33,616,District-Ariyalur  ,Total,Age Not Stated,16,12,4,2,1,1,1,1,0,2,2,0,5,3,2,0,0,0,1,1,0,4,3,1,1,1,0
21899,C4920,33,616,District-Ariyalur  ,Rural,Total,13540,7668,5872,1656,836,820,2457,1273,1184,1271,715,556,3334,2084,1250,975,553,422,287,156,131,2383,1360,1023,1177,691,486
21900,C4920,33,616,District-Ariyalur  ,Rural,0-4,433,231,202,44,20,24,101,52,49,9,6,3,68,36,32,39,27,12,0,0,0,125,63,62,47,27,20
21901,C4920,33,616,District-Ariyalur  ,Rural,5-9,868,520,348,71,38,33,129,72,57,126,81,45,108,66,42,156,95,61,2,1,1,163,97,66,113,70,43
21902,C4920,33,616,District-Ariyalur  ,Rural,10-19,2203,1265,938,178,93,85,317,176,141,273,158,115,370,239,131,322,178,144,16,11,5,416,228,188,311,182,129
21903,C4920,33,616,District-Ariyalur  ,Rural,20-29,2262,1246,1016,151,74,77,338,170,168,268,144,124,627,366,261,188,106,82,56,28,28,402,220,182,232,138,94
21904,C4920,33,616,District-Ariyalur  ,Rural,30-39,1942,1073,869,167,88,79,304,141,163,215,113,102,567,369,198,123,66,57,71,39,32,351,181,170,144,76,68
21905,C4920,33,616,District-Ariyalur  ,Rural,40-49,1788,1026,762,190,98,92,350,178,172,144,81,63,486,302,184,83,40,43,72,39,33,355,219,136,108,69,39
21906,C4920,33,616,District-Ariyalur  ,Rural,50-59,1418,785,633,237,118,119,315,148,167,102,57,45,378,246,132,34,19,15,36,18,18,247,146,101,69,33,36
21907,C4920,33,616,District-Ariyalur  ,Rural,60-69,1521,867,654,334,150,184,340,170,170,87,51,36,435,281,154,21,17,4,22,13,9,208,135,73,74,50,24
21908,C4920,33,616,District-Ariyalur  ,Rural,70-79,801,469,332,205,106,99,200,122,78,29,14,15,223,139,84,6,4,2,7,4,3,79,51,28,52,29,23
21909,C4920,33,616,District-Ariyalur  ,Rural,80-89,240,149,91,66,43,23,52,36,16,13,7,6,60,34,26,2,1,1,3,2,1,24,12,12,20,14,6
21910,C4920,33,616,District-Ariyalur  ,Rural,90+,52,28,24,11,7,4,10,7,3,5,3,2,8,3,5,1,0,1,1,0,1,10,6,4,6,2,4
21911,C4920,33,616,District-Ariyalur  ,Rural,Age Not Stated,12,9,3,2,1,1,1,1,0,0,0,0,4,3,1,0,0,0,1,1,0,3,2,1,1,1,0
21912,C4920,33,616,District-Ariyalur  ,Urban,Total,1536,896,640,134,74,60,269,149,120,165,88,77,399,254,145,141,81,60,30,16,14,281,158,123,117,76,41
21913,C4920,33,616,District-Ariyalur  ,Urban,0-4,50,25,25,3,2,1,6,4,2,1,0,1,6,3,3,4,3,1,0,0,0,27,11,16,3,2,1
21914,C4920,33,616,District-Ariyalur  ,Urban,5-9,81,47,34,7,6,1,9,8,1,10,3,7,11,7,4,19,11,8,0,0,0,15,6,9,10,6,4
21915,C4920,33,616,District-Ariyalur  ,Urban,10-19,241,134,107,14,5,9,46,25,21,31,18,13,40,21,19,43,27,16,1,1,0,39,18,21,27,19,8
21916,C4920,33,616,District-Ariyalur  ,Urban,20-29,273,157,116,23,12,11,41,22,19,37,22,15,67,41,26,22,11,11,6,3,3,59,35,24,18,11,7
21917,C4920,33,616,District-Ariyalur  ,Urban,30-39,276,154,122,19,10,9,41,19,22,30,11,19,87,57,30,29,12,17,7,4,3,41,27,14,22,14,8
21918,C4920,33,616,District-Ariyalur  ,Urban,40-49,230,142,88,26,12,14,36,21,15,27,17,10,72,50,22,13,10,3,9,7,2,38,18,20,9,7,2
21919,C4920,33,616,District-Ariyalur  ,Urban,50-59,163,101,62,16,11,5,32,22,10,18,9,9,51,31,20,8,5,3,4,0,4,23,17,6,11,6,5
21920,C4920,33,616,District-Ariyalur  ,Urban,60-69,130,77,53,10,7,3,31,14,17,5,3,2,42,29,13,2,2,0,2,0,2,25,12,13,13,10,3
21921,C4920,33,616,District-Ariyalur  ,Urban,70-79,61,38,23,10,6,4,19,9,10,2,1,1,16,11,5,1,0,1,1,1,0,9,9,0,3,1,2
21922,C4920,33,616,District-Ariyalur  ,Urban,80-89,25,17,8,6,3,3,8,5,3,1,1,0,6,4,2,0,0,0,0,0,0,4,4,0,0,0,0
21923,C4920,33,616,District-Ariyalur  ,Urban,90+,2,1,1,0,0,0,0,0,0,1,1,0,0,0,0,0,0,0,0,0,0,0,0,0,1,0,1
21924,C4920,33,616,District-Ariyalur  ,Urban,Age Not Stated,4,3,1,0,0,0,0,0,0,2,2,0,1,0,1,0,0,0,0,0,0,1,1,0,0,0,0
21925,C4920,33,617,District-Cuddalore,Total,Total,42632,23974,18658,5604,2995,2609,9558,4886,4672,2644,1468,1176,9225,5862,3363,3625,2010,1615,825,463,362,8042,4474,3568,3109,1816,1293
21926,C4920,33,617,District-Cuddalore,Total,0-4,1657,902,755,236,119,117,477,258,219,24,15,9,159,88,71,173,100,73,6,4,2,476,265,211,106,53,53
21927,C4920,33,617,District-Cuddalore,Total,5-9,2703,1514,1189,317,165,152,569,302,267,273,156,117,294,175,119,356,218,138,16,9,7,534,278,256,344,211,133
21928,C4920,33,617,District-Cuddalore,Total,10-19,7233,4058,3175,902,503,399,1644,874,770,599,349,250,890,554,336,1059,590,469,66,37,29,1238,666,572,835,485,350
21929,C4920,33,617,District-Cuddalore,Total,20-29,8129,4497,3632,799,425,374,1665,867,798,581,287,294,1942,1166,776,803,445,358,143,76,67,1584,864,720,612,367,245
21930,C4920,33,617,District-Cuddalore,Total,30-39,6747,3776,2971,733,395,338,1282,609,673,449,248,201,1786,1153,633,519,270,249,214,131,83,1329,722,607,435,248,187
21931,C4920,33,617,District-Cuddalore,Total,40-49,5822,3372,2450,759,431,328,1315,645,670,340,199,141,1441,968,473,381,210,171,168,97,71,1142,660,482,276,162,114
21932,C4920,33,617,District-Cuddalore,Total,50-59,4329,2459,1870,626,335,291,1045,515,530,201,110,91,1166,747,419,175,94,81,116,59,57,817,485,332,183,114,69
21933,C4920,33,617,District-Cuddalore,Total,60-69,3378,1936,1442,642,320,322,789,391,398,107,62,45,984,669,315,81,41,40,61,33,28,560,329,231,154,91,63
21934,C4920,33,617,District-Cuddalore,Total,70-79,1777,1024,753,407,216,191,532,303,229,43,25,18,399,263,136,41,21,20,21,9,12,242,141,101,92,46,46
21935,C4920,33,617,District-Cuddalore,Total,80-89,633,334,299,142,67,75,188,105,83,18,10,8,134,67,67,6,3,3,10,6,4,78,44,34,57,32,25
21936,C4920,33,617,District-Cuddalore,Total,90+,144,62,82,34,15,19,44,14,30,3,3,0,25,11,14,7,5,2,2,0,2,18,8,10,11,6,5
21937,C4920,33,617,District-Cuddalore,Total,Age Not Stated,80,40,40,7,4,3,8,3,5,6,4,2,5,1,4,24,13,11,2,2,0,24,12,12,4,1,3
21938,C4920,33,617,District-Cuddalore,Rural,Total,29081,16256,12825,3898,2028,1870,6796,3402,3394,1949,1095,854,6396,4077,2319,2377,1313,1064,570,308,262,4873,2749,2124,2222,1284,938
21939,C4920,33,617,District-Cuddalore,Rural,0-4,1270,688,582,178,89,89,390,213,177,18,11,7,122,65,57,139,79,60,5,3,2,333,187,146,85,41,44
21940,C4920,33,617,District-Cuddalore,Rural,5-9,1970,1089,881,211,107,104,453,234,219,211,119,92,227,133,94,245,147,98,12,7,5,360,184,176,251,158,93
21941,C4920,33,617,District-Cuddalore,Rural,10-19,4850,2686,2164,535,284,251,1070,538,532,475,287,188,635,397,238,724,404,320,52,30,22,756,410,346,603,336,267
21942,C4920,33,617,District-Cuddalore,Rural,20-29,5419,2958,2461,544,275,269,1052,511,541,422,212,210,1369,810,559,523,299,224,113,56,57,966,541,425,430,254,176
21943,C4920,33,617,District-Cuddalore,Rural,30-39,4408,2470,1938,484,265,219,943,450,493,320,180,140,1173,776,397,296,143,153,143,80,63,754,415,339,295,161,134
21944,C4920,33,617,District-Cuddalore,Rural,40-49,3859,2235,1624,532,307,225,972,477,495,237,142,95,940,627,313,237,129,108,103,58,45,651,382,269,187,113,74
21945,C4920,33,617,District-Cuddalore,Rural,50-59,2968,1667,1301,461,237,224,758,363,395,141,72,69,801,521,280,115,61,54,79,38,41,487,296,191,126,79,47
21946,C4920,33,617,District-Cuddalore,Rural,60-69,2482,1424,1058,496,235,261,608,301,307,76,44,32,718,496,222,59,33,26,43,23,20,358,213,145,124,79,45
21947,C4920,33,617,District-Cuddalore,Rural,70-79,1262,735,527,324,164,160,383,232,151,31,17,14,289,191,98,24,11,13,11,7,4,137,83,54,63,30,33
21948,C4920,33,617,District-Cuddalore,Rural,80-89,449,242,207,105,51,54,128,72,56,12,7,5,103,53,50,3,1,2,6,4,2,44,25,19,48,29,19
21949,C4920,33,617,District-Cuddalore,Rural,90+,103,45,58,26,13,13,34,9,25,3,3,0,16,8,8,6,4,2,1,0,1,10,5,5,7,3,4
21950,C4920,33,617,District-Cuddalore,Rural,Age Not Stated,41,17,24,2,1,1,5,2,3,3,1,2,3,0,3,6,2,4,2,2,0,17,8,9,3,1,2
21951,C4920,33,617,District-Cuddalore,Urban,Total,13551,7718,5833,1706,967,739,2762,1484,1278,695,373,322,2829,1785,1044,1248,697,551,255,155,100,3169,1725,1444,887,532,355
21952,C4920,33,617,District-Cuddalore,Urban,0-4,387,214,173,58,30,28,87,45,42,6,4,2,37,23,14,34,21,13,1,1,0,143,78,65,21,12,9
21953,C4920,33,617,District-Cuddalore,Urban,5-9,733,425,308,106,58,48,116,68,48,62,37,25,67,42,25,111,71,40,4,2,2,174,94,80,93,53,40
21954,C4920,33,617,District-Cuddalore,Urban,10-19,2383,1372,1011,367,219,148,574,336,238,124,62,62,255,157,98,335,186,149,14,7,7,482,256,226,232,149,83
21955,C4920,33,617,District-Cuddalore,Urban,20-29,2710,1539,1171,255,150,105,613,356,257,159,75,84,573,356,217,280,146,134,30,20,10,618,323,295,182,113,69
21956,C4920,33,617,District-Cuddalore,Urban,30-39,2339,1306,1033,249,130,119,339,159,180,129,68,61,613,377,236,223,127,96,71,51,20,575,307,268,140,87,53
21957,C4920,33,617,District-Cuddalore,Urban,40-49,1963,1137,826,227,124,103,343,168,175,103,57,46,501,341,160,144,81,63,65,39,26,491,278,213,89,49,40
21958,C4920,33,617,District-Cuddalore,Urban,50-59,1361,792,569,165,98,67,287,152,135,60,38,22,365,226,139,60,33,27,37,21,16,330,189,141,57,35,22
21959,C4920,33,617,District-Cuddalore,Urban,60-69,896,512,384,146,85,61,181,90,91,31,18,13,266,173,93,22,8,14,18,10,8,202,116,86,30,12,18
21960,C4920,33,617,District-Cuddalore,Urban,70-79,515,289,226,83,52,31,149,71,78,12,8,4,110,72,38,17,10,7,10,2,8,105,58,47,29,16,13
21961,C4920,33,617,District-Cuddalore,Urban,80-89,184,92,92,37,16,21,60,33,27,6,3,3,31,14,17,3,2,1,4,2,2,34,19,15,9,3,6
21962,C4920,33,617,District-Cuddalore,Urban,90+,41,17,24,8,2,6,10,5,5,0,0,0,9,3,6,1,1,0,1,0,1,8,3,5,4,3,1
21963,C4920,33,617,District-Cuddalore,Urban,Age Not Stated,39,23,16,5,3,2,3,1,2,3,3,0,2,1,1,18,11,7,0,0,0,7,4,3,1,0,1
21964,C4920,33,618,District-Nagapattinam  ,Total,Total,28223,15951,12272,3244,1684,1560,4178,2155,2023,1846,995,851,7577,4806,2771,2974,1594,1380,1103,539,564,4575,2563,2012,2726,1615,1111
21965,C4920,33,618,District-Nagapattinam  ,Total,0-4,883,497,386,132,69,63,138,76,62,26,17,9,126,83,43,119,58,61,5,2,3,231,130,101,106,62,44
21966,C4920,33,618,District-Nagapattinam  ,Total,5-9,1693,948,745,164,83,81,186,105,81,165,90,75,252,145,107,317,192,125,25,12,13,302,166,136,282,155,127
21967,C4920,33,618,District-Nagapattinam  ,Total,10-19,4673,2650,2023,461,250,211,555,305,250,391,200,191,848,523,325,858,496,362,73,30,43,757,416,341,730,430,300
21968,C4920,33,618,District-Nagapattinam  ,Total,20-29,5112,2815,2297,459,247,212,609,321,288,410,208,202,1437,861,576,665,346,319,164,83,81,836,426,410,532,323,209
21969,C4920,33,618,District-Nagapattinam  ,Total,30-39,4317,2395,1922,424,231,193,537,270,267,317,172,145,1321,809,512,438,218,220,249,122,127,678,376,302,353,197,156
21970,C4920,33,618,District-Nagapattinam  ,Total,40-49,3973,2290,1683,409,214,195,599,306,293,233,135,98,1191,796,395,317,161,156,282,131,151,681,402,279,261,145,116
21971,C4920,33,618,District-Nagapattinam  ,Total,50-59,3082,1820,1262,368,184,184,552,281,271,173,99,74,1008,677,331,142,66,76,178,99,79,484,296,188,177,118,59
21972,C4920,33,618,District-Nagapattinam  ,Total,60-69,2442,1434,1008,364,168,196,486,235,251,82,46,36,847,577,270,66,34,32,74,36,38,385,238,147,138,100,38
21973,C4920,33,618,District-Nagapattinam  ,Total,70-79,1366,743,623,296,158,138,328,164,164,36,20,16,392,245,147,38,17,21,42,17,25,155,79,76,79,43,36
21974,C4920,33,618,District-Nagapattinam  ,Total,80-89,536,295,241,124,64,60,157,78,79,9,7,2,130,79,51,8,2,6,7,4,3,51,27,24,50,34,16
21975,C4920,33,618,District-Nagapattinam  ,Total,90+,117,46,71,39,15,24,29,13,16,3,1,2,21,7,14,0,0,0,1,0,1,9,4,5,15,6,9
21976,C4920,33,618,District-Nagapattinam  ,Total,Age Not Stated,29,18,11,4,1,3,2,1,1,1,0,1,4,4,0,6,4,2,3,3,0,6,3,3,3,2,1
21977,C4920,33,618,District-Nagapattinam  ,Rural,Total,22128,12511,9617,2658,1376,1282,3413,1755,1658,1485,791,694,5791,3744,2047,2227,1187,1040,847,399,448,3583,1988,1595,2124,1271,853
21978,C4920,33,618,District-Nagapattinam  ,Rural,0-4,700,400,300,99,53,46,113,60,53,20,13,7,102,71,31,82,41,41,2,1,1,194,111,83,88,50,38
21979,C4920,33,618,District-Nagapattinam  ,Rural,5-9,1328,754,574,134,65,69,155,88,67,135,74,61,201,122,79,248,157,91,7,4,3,238,126,112,210,118,92
21980,C4920,33,618,District-Nagapattinam  ,Rural,10-19,3553,1991,1562,371,201,170,450,248,202,324,160,164,609,382,227,655,376,279,38,13,25,576,298,278,530,313,217
21981,C4920,33,618,District-Nagapattinam  ,Rural,20-29,4055,2267,1788,387,211,176,507,275,232,333,164,169,1088,678,410,511,275,236,139,69,70,658,329,329,432,266,166
21982,C4920,33,618,District-Nagapattinam  ,Rural,30-39,3349,1841,1508,325,180,145,436,214,222,263,148,115,993,604,389,312,138,174,209,95,114,525,301,224,286,161,125
21983,C4920,33,618,District-Nagapattinam  ,Rural,40-49,3128,1780,1348,334,172,162,493,240,253,179,103,76,939,637,302,234,111,123,217,94,123,528,309,219,204,114,90
21984,C4920,33,618,District-Nagapattinam  ,Rural,50-59,2466,1474,992,307,155,152,453,237,216,139,80,59,795,543,252,105,49,56,133,77,56,390,239,151,144,94,50
21985,C4920,33,618,District-Nagapattinam  ,Rural,60-69,1930,1138,792,304,138,166,397,193,204,58,31,27,650,452,198,50,26,24,61,29,32,300,189,111,110,80,30
21986,C4920,33,618,District-Nagapattinam  ,Rural,70-79,1097,593,504,255,132,123,258,129,129,25,14,11,307,189,118,25,12,13,38,16,22,123,63,60,66,38,28
21987,C4920,33,618,District-Nagapattinam  ,Rural,80-89,412,226,186,107,55,52,125,59,66,5,3,2,92,59,33,4,2,2,2,1,1,38,18,20,39,29,10
21988,C4920,33,618,District-Nagapattinam  ,Rural,90+,93,40,53,32,14,18,25,12,13,3,1,2,13,5,8,0,0,0,1,0,1,7,2,5,12,6,6
21989,C4920,33,618,District-Nagapattinam  ,Rural,Age Not Stated,17,7,10,3,0,3,1,0,1,1,0,1,2,2,0,1,0,1,0,0,0,6,3,3,3,2,1
21990,C4920,33,618,District-Nagapattinam  ,Urban,Total,6095,3440,2655,586,308,278,765,400,365,361,204,157,1786,1062,724,747,407,340,256,140,116,992,575,417,602,344,258
21991,C4920,33,618,District-Nagapattinam  ,Urban,0-4,183,97,86,33,16,17,25,16,9,6,4,2,24,12,12,37,17,20,3,1,2,37,19,18,18,12,6
21992,C4920,33,618,District-Nagapattinam  ,Urban,5-9,365,194,171,30,18,12,31,17,14,30,16,14,51,23,28,69,35,34,18,8,10,64,40,24,72,37,35
21993,C4920,33,618,District-Nagapattinam  ,Urban,10-19,1120,659,461,90,49,41,105,57,48,67,40,27,239,141,98,203,120,83,35,17,18,181,118,63,200,117,83
21994,C4920,33,618,District-Nagapattinam  ,Urban,20-29,1057,548,509,72,36,36,102,46,56,77,44,33,349,183,166,154,71,83,25,14,11,178,97,81,100,57,43
21995,C4920,33,618,District-Nagapattinam  ,Urban,30-39,968,554,414,99,51,48,101,56,45,54,24,30,328,205,123,126,80,46,40,27,13,153,75,78,67,36,31
21996,C4920,33,618,District-Nagapattinam  ,Urban,40-49,845,510,335,75,42,33,106,66,40,54,32,22,252,159,93,83,50,33,65,37,28,153,93,60,57,31,26
21997,C4920,33,618,District-Nagapattinam  ,Urban,50-59,616,346,270,61,29,32,99,44,55,34,19,15,213,134,79,37,17,20,45,22,23,94,57,37,33,24,9
21998,C4920,33,618,District-Nagapattinam  ,Urban,60-69,512,296,216,60,30,30,89,42,47,24,15,9,197,125,72,16,8,8,13,7,6,85,49,36,28,20,8
21999,C4920,33,618,District-Nagapattinam  ,Urban,70-79,269,150,119,41,26,15,70,35,35,11,6,5,85,56,29,13,5,8,4,1,3,32,16,16,13,5,8
22000,C4920,33,618,District-Nagapattinam  ,Urban,80-89,124,69,55,17,9,8,32,19,13,4,4,0,38,20,18,4,0,4,5,3,2,13,9,4,11,5,6
22001,C4920,33,618,District-Nagapattinam  ,Urban,90+,24,6,18,7,1,6,4,1,3,0,0,0,8,2,6,0,0,0,0,0,0,2,2,0,3,0,3
22002,C4920,33,618,District-Nagapattinam  ,Urban,Age Not Stated,12,11,1,1,1,0,1,1,0,0,0,0,2,2,0,5,4,1,3,3,0,0,0,0,0,0,0
22003,C4920,33,619,District-Thiruvarur,Total,Total,26276,14707,11569,3030,1606,1424,5670,2969,2701,1892,997,895,6173,3928,2245,2041,1171,870,778,378,400,4670,2503,2167,2022,1155,867
22004,C4920,33,619,District-Thiruvarur,Total,0-4,829,436,393,52,20,32,212,100,112,17,7,10,96,57,39,68,38,30,0,0,0,325,178,147,59,36,23
22005,C4920,33,619,District-Thiruvarur,Total,5-9,1403,766,637,94,52,42,272,142,130,164,90,74,187,109,78,175,98,77,3,1,2,350,181,169,158,93,65
22006,C4920,33,619,District-Thiruvarur,Total,10-19,3930,2151,1779,349,199,150,721,363,358,413,219,194,593,352,241,604,336,268,34,19,15,782,407,375,434,256,178
22007,C4920,33,619,District-Thiruvarur,Total,20-29,4419,2437,1982,310,166,144,786,411,375,408,192,216,1184,717,467,524,325,199,117,62,55,731,362,369,359,202,157
22008,C4920,33,619,District-Thiruvarur,Total,30-39,4067,2276,1791,311,171,140,835,431,404,294,162,132,1100,693,407,325,182,143,210,105,105,701,375,326,291,157,134
22009,C4920,33,619,District-Thiruvarur,Total,40-49,3745,2200,1545,420,236,184,881,467,414,247,134,113,923,635,288,172,93,79,207,93,114,664,396,268,231,146,85
22010,C4920,33,619,District-Thiruvarur,Total,50-59,3069,1767,1302,411,206,205,750,411,339,177,94,83,856,571,285,99,61,38,121,49,72,494,283,211,161,92,69
22011,C4920,33,619,District-Thiruvarur,Total,60-69,2606,1516,1090,526,271,255,622,331,291,122,71,51,731,493,238,55,30,25,53,31,22,361,207,154,136,82,54
22012,C4920,33,619,District-Thiruvarur,Total,70-79,1460,807,653,383,193,190,388,212,176,36,23,13,331,216,115,10,5,5,24,13,11,183,88,95,105,57,48
22013,C4920,33,619,District-Thiruvarur,Total,80-89,593,290,303,149,77,72,165,85,80,10,3,7,136,75,61,5,2,3,9,5,4,53,17,36,66,26,40
22014,C4920,33,619,District-Thiruvarur,Total,90+,116,46,70,22,13,9,27,13,14,3,1,2,32,8,24,0,0,0,0,0,0,12,4,8,20,7,13
22015,C4920,33,619,District-Thiruvarur,Total,Age Not Stated,39,15,24,3,2,1,11,3,8,1,1,0,4,2,2,4,1,3,0,0,0,14,5,9,2,1,1
22016,C4920,33,619,District-Thiruvarur,Rural,Total,21643,12097,9546,2604,1372,1232,4698,2475,2223,1518,796,722,5026,3185,1841,1650,923,727,628,307,321,3841,2086,1755,1678,953,725
22017,C4920,33,619,District-Thiruvarur,Rural,0-4,657,345,312,41,16,25,174,80,94,15,7,8,77,44,33,57,31,26,0,0,0,247,140,107,46,27,19
22018,C4920,33,619,District-Thiruvarur,Rural,5-9,1146,618,528,73,42,31,224,114,110,128,71,57,153,85,68,148,84,64,3,1,2,295,151,144,122,70,52
22019,C4920,33,619,District-Thiruvarur,Rural,10-19,3277,1796,1481,288,169,119,591,306,285,355,184,171,495,288,207,501,275,226,28,15,13,652,341,311,367,218,149
22020,C4920,33,619,District-Thiruvarur,Rural,20-29,3586,1975,1611,255,135,120,642,337,305,335,155,180,951,578,373,413,248,165,94,52,42,595,304,291,301,166,135
22021,C4920,33,619,District-Thiruvarur,Rural,30-39,3279,1833,1446,242,130,112,692,356,336,230,126,104,900,562,338,255,137,118,164,84,80,556,309,247,240,129,111
22022,C4920,33,619,District-Thiruvarur,Rural,40-49,3069,1805,1264,359,199,160,722,394,328,196,108,88,754,515,239,136,70,66,170,78,92,549,327,222,183,114,69
22023,C4920,33,619,District-Thiruvarur,Rural,50-59,2551,1455,1096,362,173,189,627,340,287,135,75,60,703,468,235,86,50,36,97,38,59,406,236,170,135,75,60
22024,C4920,33,619,District-Thiruvarur,Rural,60-69,2182,1266,916,472,240,232,525,283,242,83,49,34,591,398,193,39,22,17,43,24,19,310,177,133,119,73,46
22025,C4920,33,619,District-Thiruvarur,Rural,70-79,1264,704,560,354,179,175,328,182,146,29,18,11,263,178,85,8,4,4,22,11,11,162,78,84,98,54,44
22026,C4920,33,619,District-Thiruvarur,Rural,80-89,495,246,249,135,75,60,139,69,70,8,1,7,108,60,48,3,1,2,7,4,3,45,15,30,50,21,29
22027,C4920,33,619,District-Thiruvarur,Rural,90+,100,40,60,20,12,8,24,11,13,3,1,2,27,7,20,0,0,0,0,0,0,11,4,7,15,5,10
22028,C4920,33,619,District-Thiruvarur,Rural,Age Not Stated,37,14,23,3,2,1,10,3,7,1,1,0,4,2,2,4,1,3,0,0,0,13,4,9,2,1,1
22029,C4920,33,619,District-Thiruvarur,Urban,Total,4633,2610,2023,426,234,192,972,494,478,374,201,173,1147,743,404,391,248,143,150,71,79,829,417,412,344,202,142
22030,C4920,33,619,District-Thiruvarur,Urban,0-4,172,91,81,11,4,7,38,20,18,2,0,2,19,13,6,11,7,4,0,0,0,78,38,40,13,9,4
22031,C4920,33,619,District-Thiruvarur,Urban,5-9,257,148,109,21,10,11,48,28,20,36,19,17,34,24,10,27,14,13,0,0,0,55,30,25,36,23,13
22032,C4920,33,619,District-Thiruvarur,Urban,10-19,653,355,298,61,30,31,130,57,73,58,35,23,98,64,34,103,61,42,6,4,2,130,66,64,67,38,29
22033,C4920,33,619,District-Thiruvarur,Urban,20-29,833,462,371,55,31,24,144,74,70,73,37,36,233,139,94,111,77,34,23,10,13,136,58,78,58,36,22
22034,C4920,33,619,District-Thiruvarur,Urban,30-39,788,443,345,69,41,28,143,75,68,64,36,28,200,131,69,70,45,25,46,21,25,145,66,79,51,28,23
22035,C4920,33,619,District-Thiruvarur,Urban,40-49,676,395,281,61,37,24,159,73,86,51,26,25,169,120,49,36,23,13,37,15,22,115,69,46,48,32,16
22036,C4920,33,619,District-Thiruvarur,Urban,50-59,518,312,206,49,33,16,123,71,52,42,19,23,153,103,50,13,11,2,24,11,13,88,47,41,26,17,9
22037,C4920,33,619,District-Thiruvarur,Urban,60-69,424,250,174,54,31,23,97,48,49,39,22,17,140,95,45,16,8,8,10,7,3,51,30,21,17,9,8
22038,C4920,33,619,District-Thiruvarur,Urban,70-79,196,103,93,29,14,15,60,30,30,7,5,2,68,38,30,2,1,1,2,2,0,21,10,11,7,3,4
22039,C4920,33,619,District-Thiruvarur,Urban,80-89,98,44,54,14,2,12,26,16,10,2,2,0,28,15,13,2,1,1,2,1,1,8,2,6,16,5,11
22040,C4920,33,619,District-Thiruvarur,Urban,90+,16,6,10,2,1,1,3,2,1,0,0,0,5,1,4,0,0,0,0,0,0,1,0,1,5,2,3
22041,C4920,33,619,District-Thiruvarur,Urban,Age Not Stated,2,1,1,0,0,0,1,0,1,0,0,0,0,0,0,0,0,0,0,0,0,1,1,0,0,0,0
22042,C4920,33,620,District-Thanjavur,Total,Total,36312,20288,16024,3592,1907,1685,5477,2781,2696,2571,1410,1161,9970,6155,3815,3981,2174,1807,1403,731,672,5968,3222,2746,3350,1908,1442
22043,C4920,33,620,District-Thanjavur,Total,0-4,984,565,419,83,40,43,166,103,63,24,9,15,161,103,58,127,72,55,3,2,1,304,169,135,116,67,49
22044,C4920,33,620,District-Thanjavur,Total,5-9,2013,1110,903,151,77,74,228,118,110,226,136,90,292,176,116,392,215,177,8,5,3,383,197,186,333,186,147
22045,C4920,33,620,District-Thanjavur,Total,10-19,5774,3282,2492,475,283,192,704,365,339,532,284,248,1031,641,390,1184,662,522,81,46,35,929,498,431,838,503,335
22046,C4920,33,620,District-Thanjavur,Total,20-29,6541,3543,2998,463,246,217,659,339,320,570,303,267,1958,1068,890,938,521,417,210,122,88,1098,568,530,645,376,269
22047,C4920,33,620,District-Thanjavur,Total,30-39,5894,3235,2659,417,231,186,712,336,376,460,249,211,1924,1172,752,660,346,314,333,175,158,935,492,443,453,234,219
22048,C4920,33,620,District-Thanjavur,Total,40-49,5088,2879,2209,459,253,206,789,392,397,344,188,156,1547,997,550,371,194,177,383,204,179,849,471,378,346,180,166
22049,C4920,33,620,District-Thanjavur,Total,50-59,4041,2344,1697,475,236,239,762,396,366,193,117,76,1337,879,458,187,102,85,211,104,107,662,379,283,214,131,83
22050,C4920,33,620,District-Thanjavur,Total,60-69,3253,1880,1373,470,249,221,712,351,361,152,83,69,1037,712,325,86,45,41,110,42,68,502,280,222,184,118,66
22051,C4920,33,620,District-Thanjavur,Total,70-79,1838,1017,821,390,198,192,498,260,238,47,25,22,491,313,178,25,13,12,47,24,23,208,116,92,132,68,64
22052,C4920,33,620,District-Thanjavur,Total,80-89,708,361,347,171,78,93,207,108,99,18,14,4,147,72,75,9,4,5,15,5,10,76,43,33,65,37,28
22053,C4920,33,620,District-Thanjavur,Total,90+,155,61,94,36,15,21,38,12,26,4,2,2,38,17,21,0,0,0,1,1,0,16,6,10,22,8,14
22054,C4920,33,620,District-Thanjavur,Total,Age Not Stated,23,11,12,2,1,1,2,1,1,1,0,1,7,5,2,2,0,2,1,1,0,6,3,3,2,0,2
22055,C4920,33,620,District-Thanjavur,Rural,Total,24320,13606,10714,2507,1349,1158,3760,1926,1834,1798,980,818,6428,4002,2426,2507,1344,1163,881,469,412,4230,2280,1950,2209,1256,953
22056,C4920,33,620,District-Thanjavur,Rural,0-4,715,413,302,68,30,38,110,70,40,20,7,13,116,76,40,91,51,40,3,2,1,221,126,95,86,51,35
22057,C4920,33,620,District-Thanjavur,Rural,5-9,1411,752,659,107,53,54,174,93,81,163,92,71,204,118,86,266,143,123,6,4,2,272,129,143,219,120,99
22058,C4920,33,620,District-Thanjavur,Rural,10-19,3976,2264,1712,337,203,134,534,279,255,376,208,168,720,441,279,736,414,322,46,28,18,706,382,324,521,309,212
22059,C4920,33,620,District-Thanjavur,Rural,20-29,4414,2389,2025,299,163,136,476,252,224,409,222,187,1285,713,572,603,314,289,148,84,64,757,392,365,437,249,188
22060,C4920,33,620,District-Thanjavur,Rural,30-39,3821,2119,1702,278,155,123,493,237,256,326,177,149,1209,755,454,401,212,189,211,109,102,611,321,290,292,153,139
22061,C4920,33,620,District-Thanjavur,Rural,40-49,3312,1867,1445,324,178,146,527,257,270,230,115,115,942,615,327,224,115,109,228,125,103,603,336,267,234,126,108
22062,C4920,33,620,District-Thanjavur,Rural,50-59,2649,1521,1128,331,159,172,501,263,238,123,73,50,846,555,291,107,53,54,136,67,69,464,264,200,141,87,54
22063,C4920,33,620,District-Thanjavur,Rural,60-69,2234,1296,938,349,191,158,483,233,250,108,57,51,673,467,206,55,31,24,59,27,32,388,214,174,119,76,43
22064,C4920,33,620,District-Thanjavur,Rural,70-79,1213,696,517,262,143,119,309,167,142,31,19,12,323,206,117,16,8,8,35,20,15,145,82,63,92,51,41
22065,C4920,33,620,District-Thanjavur,Rural,80-89,459,244,215,125,61,64,123,67,56,9,9,0,91,47,44,7,3,4,8,2,6,49,28,21,47,27,20
22066,C4920,33,620,District-Thanjavur,Rural,90+,99,38,61,25,12,13,30,8,22,2,1,1,15,7,8,0,0,0,0,0,0,8,3,5,19,7,12
22067,C4920,33,620,District-Thanjavur,Rural,Age Not Stated,17,7,10,2,1,1,0,0,0,1,0,1,4,2,2,1,0,1,1,1,0,6,3,3,2,0,2
22068,C4920,33,620,District-Thanjavur,Urban,Total,11992,6682,5310,1085,558,527,1717,855,862,773,430,343,3542,2153,1389,1474,830,644,522,262,260,1738,942,796,1141,652,489
22069,C4920,33,620,District-Thanjavur,Urban,0-4,269,152,117,15,10,5,56,33,23,4,2,2,45,27,18,36,21,15,0,0,0,83,43,40,30,16,14
22070,C4920,33,620,District-Thanjavur,Urban,5-9,602,358,244,44,24,20,54,25,29,63,44,19,88,58,30,126,72,54,2,1,1,111,68,43,114,66,48
22071,C4920,33,620,District-Thanjavur,Urban,10-19,1798,1018,780,138,80,58,170,86,84,156,76,80,311,200,111,448,248,200,35,18,17,223,116,107,317,194,123
22072,C4920,33,620,District-Thanjavur,Urban,20-29,2127,1154,973,164,83,81,183,87,96,161,81,80,673,355,318,335,207,128,62,38,24,341,176,165,208,127,81
22073,C4920,33,620,District-Thanjavur,Urban,30-39,2073,1116,957,139,76,63,219,99,120,134,72,62,715,417,298,259,134,125,122,66,56,324,171,153,161,81,80
22074,C4920,33,620,District-Thanjavur,Urban,40-49,1776,1012,764,135,75,60,262,135,127,114,73,41,605,382,223,147,79,68,155,79,76,246,135,111,112,54,58
22075,C4920,33,620,District-Thanjavur,Urban,50-59,1392,823,569,144,77,67,261,133,128,70,44,26,491,324,167,80,49,31,75,37,38,198,115,83,73,44,29
22076,C4920,33,620,District-Thanjavur,Urban,60-69,1019,584,435,121,58,63,229,118,111,44,26,18,364,245,119,31,14,17,51,15,36,114,66,48,65,42,23
22077,C4920,33,620,District-Thanjavur,Urban,70-79,625,321,304,128,55,73,189,93,96,16,6,10,168,107,61,9,5,4,12,4,8,63,34,29,40,17,23
22078,C4920,33,620,District-Thanjavur,Urban,80-89,249,117,132,46,17,29,84,41,43,9,5,4,56,25,31,2,1,1,7,3,4,27,15,12,18,10,8
22079,C4920,33,620,District-Thanjavur,Urban,90+,56,23,33,11,3,8,8,4,4,2,1,1,23,10,13,0,0,0,1,1,0,8,3,5,3,1,2
22080,C4920,33,620,District-Thanjavur,Urban,Age Not Stated,6,4,2,0,0,0,2,1,1,0,0,0,3,3,0,1,0,1,0,0,0,0,0,0,0,0,0
22081,C4920,33,621,District-Pudukkottai,Total,Total,24478,13595,10883,2614,1405,1209,3477,1734,1743,2008,1103,905,6128,3720,2408,2453,1352,1101,831,438,393,4443,2424,2019,2524,1419,1105
22082,C4920,33,621,District-Pudukkottai,Total,0-4,805,422,383,69,41,28,152,66,86,29,20,9,125,67,58,85,50,35,3,2,1,255,133,122,87,43,44
22083,C4920,33,621,District-Pudukkottai,Total,5-9,1629,930,699,131,69,62,182,103,79,177,108,69,242,142,100,289,164,125,13,11,2,306,166,140,289,167,122
22084,C4920,33,621,District-Pudukkottai,Total,10-19,4018,2242,1776,319,186,133,512,270,242,475,255,220,606,365,241,764,438,326,50,22,28,663,348,315,629,358,271
22085,C4920,33,621,District-Pudukkottai,Total,20-29,4592,2440,2152,309,174,135,449,216,233,430,228,202,1419,786,633,531,293,238,122,59,63,804,395,409,528,289,239
22086,C4920,33,621,District-Pudukkottai,Total,30-39,4016,2228,1788,325,166,159,439,220,219,359,197,162,1204,747,457,375,189,186,207,119,88,746,397,349,361,193,168
22087,C4920,33,621,District-Pudukkottai,Total,40-49,3251,1898,1353,353,197,156,472,229,243,265,141,124,900,602,298,238,125,113,217,116,101,575,346,229,231,142,89
22088,C4920,33,621,District-Pudukkottai,Total,50-59,2385,1361,1024,322,164,158,419,213,206,133,78,55,684,439,245,93,50,43,122,62,60,457,261,196,155,94,61
22089,C4920,33,621,District-Pudukkottai,Total,60-69,2133,1174,959,400,207,193,475,222,253,91,48,43,555,343,212,52,29,23,66,35,31,376,219,157,118,71,47
22090,C4920,33,621,District-Pudukkottai,Total,70-79,1180,652,528,266,130,136,263,137,126,39,24,15,294,179,115,24,12,12,20,7,13,199,124,75,75,39,36
22091,C4920,33,621,District-Pudukkottai,Total,80-89,363,203,160,100,62,38,86,45,41,6,3,3,81,42,39,2,2,0,8,3,5,43,23,20,37,23,14
22092,C4920,33,621,District-Pudukkottai,Total,90+,88,34,54,18,9,9,28,13,15,1,1,0,18,8,10,0,0,0,2,1,1,8,2,6,13,0,13
22093,C4920,33,621,District-Pudukkottai,Total,Age Not Stated,18,11,7,2,0,2,0,0,0,3,0,3,0,0,0,0,0,0,1,1,0,11,10,1,1,0,1
22094,C4920,33,621,District-Pudukkottai,Rural,Total,19221,10681,8540,2153,1150,1003,2453,1212,1241,1671,927,744,4951,3026,1925,1956,1054,902,687,355,332,3270,1803,1467,2080,1154,926
22095,C4920,33,621,District-Pudukkottai,Rural,0-4,611,317,294,59,33,26,85,30,55,24,17,7,104,58,46,73,42,31,1,0,1,194,102,92,71,35,36
22096,C4920,33,621,District-Pudukkottai,Rural,5-9,1302,737,565,96,47,49,110,57,53,151,91,60,203,124,79,250,137,113,12,11,1,229,127,102,251,143,108
22097,C4920,33,621,District-Pudukkottai,Rural,10-19,3185,1791,1394,262,153,109,336,180,156,404,221,183,514,311,203,617,347,270,45,19,26,476,264,212,531,296,235
22098,C4920,33,621,District-Pudukkottai,Rural,20-29,3593,1935,1658,247,140,107,301,148,153,370,200,170,1158,655,503,417,229,188,100,48,52,574,283,291,426,232,194
22099,C4920,33,621,District-Pudukkottai,Rural,30-39,3092,1712,1380,254,132,122,290,132,158,300,163,137,961,599,362,281,135,146,171,97,74,542,294,248,293,160,133
22100,C4920,33,621,District-Pudukkottai,Rural,40-49,2489,1442,1047,283,153,130,344,171,173,205,111,94,696,465,231,188,92,96,178,97,81,408,240,168,187,113,74
22101,C4920,33,621,District-Pudukkottai,Rural,50-59,1869,1061,808,264,134,130,318,165,153,107,64,43,538,344,194,66,37,29,101,47,54,350,197,153,125,73,52
22102,C4920,33,621,District-Pudukkottai,Rural,60-69,1745,958,787,345,179,166,375,173,202,71,38,33,471,291,180,43,25,18,55,26,29,294,173,121,91,53,38
22103,C4920,33,621,District-Pudukkottai,Rural,70-79,957,526,431,233,114,119,201,109,92,30,18,12,230,137,93,19,8,11,15,5,10,165,104,61,64,31,33
22104,C4920,33,621,District-Pudukkottai,Rural,80-89,294,167,127,92,56,36,66,34,32,6,3,3,64,36,28,2,2,0,6,3,3,30,15,15,28,18,10
22105,C4920,33,621,District-Pudukkottai,Rural,90+,74,30,44,16,9,7,27,13,14,1,1,0,12,6,6,0,0,0,2,1,1,4,0,4,12,0,12
22106,C4920,33,621,District-Pudukkottai,Rural,Age Not Stated,10,5,5,2,0,2,0,0,0,2,0,2,0,0,0,0,0,0,1,1,0,4,4,0,1,0,1
22107,C4920,33,621,District-Pudukkottai,Urban,Total,5257,2914,2343,461,255,206,1024,522,502,337,176,161,1177,694,483,497,298,199,144,83,61,1173,621,552,444,265,179
22108,C4920,33,621,District-Pudukkottai,Urban,0-4,194,105,89,10,8,2,67,36,31,5,3,2,21,9,12,12,8,4,2,2,0,61,31,30,16,8,8
22109,C4920,33,621,District-Pudukkottai,Urban,5-9,327,193,134,35,22,13,72,46,26,26,17,9,39,18,21,39,27,12,1,0,1,77,39,38,38,24,14
22110,C4920,33,621,District-Pudukkottai,Urban,10-19,833,451,382,57,33,24,176,90,86,71,34,37,92,54,38,147,91,56,5,3,2,187,84,103,98,62,36
22111,C4920,33,621,District-Pudukkottai,Urban,20-29,999,505,494,62,34,28,148,68,80,60,28,32,261,131,130,114,64,50,22,11,11,230,112,118,102,57,45
22112,C4920,33,621,District-Pudukkottai,Urban,30-39,924,516,408,71,34,37,149,88,61,59,34,25,243,148,95,94,54,40,36,22,14,204,103,101,68,33,35
22113,C4920,33,621,District-Pudukkottai,Urban,40-49,762,456,306,70,44,26,128,58,70,60,30,30,204,137,67,50,33,17,39,19,20,167,106,61,44,29,15
22114,C4920,33,621,District-Pudukkottai,Urban,50-59,516,300,216,58,30,28,101,48,53,26,14,12,146,95,51,27,13,14,21,15,6,107,64,43,30,21,9
22115,C4920,33,621,District-Pudukkottai,Urban,60-69,388,216,172,55,28,27,100,49,51,20,10,10,84,52,32,9,4,5,11,9,2,82,46,36,27,18,9
22116,C4920,33,621,District-Pudukkottai,Urban,70-79,223,126,97,33,16,17,62,28,34,9,6,3,64,42,22,5,4,1,5,2,3,34,20,14,11,8,3
22117,C4920,33,621,District-Pudukkottai,Urban,80-89,69,36,33,8,6,2,20,11,9,0,0,0,17,6,11,0,0,0,2,0,2,13,8,5,9,5,4
22118,C4920,33,621,District-Pudukkottai,Urban,90+,14,4,10,2,0,2,1,0,1,0,0,0,6,2,4,0,0,0,0,0,0,4,2,2,1,0,1
22119,C4920,33,621,District-Pudukkottai,Urban,Age Not Stated,8,6,2,0,0,0,0,0,0,1,0,1,0,0,0,0,0,0,0,0,0,7,6,1,0,0,0
22120,C4920,33,622,District-Sivaganga,Total,Total,24122,13417,10705,2411,1288,1123,4628,2308,2320,1599,907,692,5993,3669,2324,2235,1213,1022,692,361,331,4374,2404,1970,2190,1267,923
22121,C4920,33,622,District-Sivaganga,Total,0-4,777,402,375,57,21,36,158,80,78,23,12,11,100,59,41,83,45,38,1,1,0,273,141,132,82,43,39
22122,C4920,33,622,District-Sivaganga,Total,5-9,1395,789,606,77,43,34,257,141,116,132,68,64,190,114,76,218,130,88,13,5,8,274,156,118,234,132,102
22123,C4920,33,622,District-Sivaganga,Total,10-19,3547,1999,1548,254,149,105,747,407,340,346,215,131,508,299,209,576,307,269,30,12,18,612,333,279,474,277,197
22124,C4920,33,622,District-Sivaganga,Total,20-29,4334,2368,1966,284,158,126,597,297,300,330,185,145,1228,698,530,537,297,240,111,55,56,832,435,397,415,243,172
22125,C4920,33,622,District-Sivaganga,Total,30-39,4082,2252,1830,289,155,134,594,281,313,263,140,123,1289,776,513,394,204,190,178,101,77,741,412,329,334,183,151
22126,C4920,33,622,District-Sivaganga,Total,40-49,3180,1818,1362,305,173,132,596,280,316,189,106,83,894,578,316,229,119,110,149,84,65,588,333,255,230,145,85
22127,C4920,33,622,District-Sivaganga,Total,50-59,2618,1471,1147,300,152,148,621,297,324,152,94,58,724,456,268,110,64,46,100,51,49,470,269,201,141,88,53
22128,C4920,33,622,District-Sivaganga,Total,60-69,2367,1303,1064,415,218,197,558,274,284,101,55,46,649,415,234,54,31,23,71,33,38,372,195,177,147,82,65
22129,C4920,33,622,District-Sivaganga,Total,70-79,1241,717,524,289,153,136,335,171,164,45,24,21,294,199,95,25,13,12,24,13,11,152,97,55,77,47,30
22130,C4920,33,622,District-Sivaganga,Total,80-89,464,244,220,109,51,58,132,59,73,13,7,6,101,68,33,6,2,4,11,6,5,47,29,18,45,22,23
22131,C4920,33,622,District-Sivaganga,Total,90+,98,47,51,26,13,13,28,18,10,3,1,2,14,6,8,2,1,1,4,0,4,11,4,7,10,4,6
22132,C4920,33,622,District-Sivaganga,Total,Age Not Stated,19,7,12,6,2,4,5,3,2,2,0,2,2,1,1,1,0,1,0,0,0,2,0,2,1,1,0
22133,C4920,33,622,District-Sivaganga,Rural,Total,17056,9450,7606,1871,1007,864,2827,1393,1434,1172,650,522,4243,2606,1637,1626,858,768,513,253,260,3182,1742,1440,1622,941,681
22134,C4920,33,622,District-Sivaganga,Rural,0-4,571,284,287,45,17,28,92,39,53,21,11,10,82,45,37,60,30,30,1,1,0,214,109,105,56,32,24
22135,C4920,33,622,District-Sivaganga,Rural,5-9,1002,564,438,57,32,25,149,82,67,104,50,54,136,82,54,163,96,67,11,5,6,201,116,85,181,101,80
22136,C4920,33,622,District-Sivaganga,Rural,10-19,2449,1372,1077,196,117,79,382,209,173,247,150,97,355,209,146,441,231,210,19,6,13,448,237,211,361,213,148
22137,C4920,33,622,District-Sivaganga,Rural,20-29,3071,1691,1380,197,113,84,377,194,183,250,139,111,866,498,368,381,205,176,89,41,48,601,319,282,310,182,128
22138,C4920,33,622,District-Sivaganga,Rural,30-39,2809,1546,1263,210,112,98,353,165,188,185,96,89,872,532,340,289,143,146,134,71,63,522,293,229,244,134,110
22139,C4920,33,622,District-Sivaganga,Rural,40-49,2183,1219,964,233,132,101,352,155,197,139,76,63,614,385,229,162,78,84,101,56,45,430,241,189,152,96,56
22140,C4920,33,622,District-Sivaganga,Rural,50-59,1873,1046,827,243,119,124,396,190,206,108,70,38,546,345,201,71,42,29,72,35,37,337,186,151,100,59,41
22141,C4920,33,622,District-Sivaganga,Rural,60-69,1799,998,801,348,189,159,412,201,211,73,36,37,485,315,170,35,21,14,55,25,30,271,143,128,120,68,52
22142,C4920,33,622,District-Sivaganga,Rural,70-79,899,526,373,226,119,107,217,113,104,32,16,16,208,145,63,16,9,7,20,9,11,118,76,42,62,39,23
22143,C4920,33,622,District-Sivaganga,Rural,80-89,316,167,149,89,44,45,77,33,44,9,5,4,69,46,23,5,2,3,8,4,4,31,19,12,28,14,14
22144,C4920,33,622,District-Sivaganga,Rural,90+,68,31,37,22,11,11,16,10,6,3,1,2,8,3,5,2,1,1,3,0,3,7,3,4,7,2,5
22145,C4920,33,622,District-Sivaganga,Rural,Age Not Stated,16,6,10,5,2,3,4,2,2,1,0,1,2,1,1,1,0,1,0,0,0,2,0,2,1,1,0
22146,C4920,33,622,District-Sivaganga,Urban,Total,7066,3967,3099,540,281,259,1801,915,886,427,257,170,1750,1063,687,609,355,254,179,108,71,1192,662,530,568,326,242
22147,C4920,33,622,District-Sivaganga,Urban,0-4,206,118,88,12,4,8,66,41,25,2,1,1,18,14,4,23,15,8,0,0,0,59,32,27,26,11,15
22148,C4920,33,622,District-Sivaganga,Urban,5-9,393,225,168,20,11,9,108,59,49,28,18,10,54,32,22,55,34,21,2,0,2,73,40,33,53,31,22
22149,C4920,33,622,District-Sivaganga,Urban,10-19,1098,627,471,58,32,26,365,198,167,99,65,34,153,90,63,135,76,59,11,6,5,164,96,68,113,64,49
22150,C4920,33,622,District-Sivaganga,Urban,20-29,1263,677,586,87,45,42,220,103,117,80,46,34,362,200,162,156,92,64,22,14,8,231,116,115,105,61,44
22151,C4920,33,622,District-Sivaganga,Urban,30-39,1273,706,567,79,43,36,241,116,125,78,44,34,417,244,173,105,61,44,44,30,14,219,119,100,90,49,41
22152,C4920,33,622,District-Sivaganga,Urban,40-49,997,599,398,72,41,31,244,125,119,50,30,20,280,193,87,67,41,26,48,28,20,158,92,66,78,49,29
22153,C4920,33,622,District-Sivaganga,Urban,50-59,745,425,320,57,33,24,225,107,118,44,24,20,178,111,67,39,22,17,28,16,12,133,83,50,41,29,12
22154,C4920,33,622,District-Sivaganga,Urban,60-69,568,305,263,67,29,38,146,73,73,28,19,9,164,100,64,19,10,9,16,8,8,101,52,49,27,14,13
22155,C4920,33,622,District-Sivaganga,Urban,70-79,342,191,151,63,34,29,118,58,60,13,8,5,86,54,32,9,4,5,4,4,0,34,21,13,15,8,7
22156,C4920,33,622,District-Sivaganga,Urban,80-89,148,77,71,20,7,13,55,26,29,4,2,2,32,22,10,1,0,1,3,2,1,16,10,6,17,8,9
22157,C4920,33,622,District-Sivaganga,Urban,90+,30,16,14,4,2,2,12,8,4,0,0,0,6,3,3,0,0,0,1,0,1,4,1,3,3,2,1
22158,C4920,33,622,District-Sivaganga,Urban,Age Not Stated,3,1,2,1,0,1,1,1,0,1,0,1,0,0,0,0,0,0,0,0,0,0,0,0,0,0,0
22159,C4920,33,623,District-Madurai,Total,Total,46848,25995,20853,5462,2921,2541,8313,4005,4308,3026,1692,1334,11530,7057,4473,4384,2476,1908,1275,705,570,9587,5261,4326,3271,1878,1393
22160,C4920,33,623,District-Madurai,Total,0-4,1574,886,688,170,95,75,389,211,178,32,22,10,174,115,59,174,101,73,10,4,6,502,265,237,123,73,50
22161,C4920,33,623,District-Madurai,Total,5-9,2583,1480,1103,238,128,110,460,255,205,280,155,125,299,197,102,421,240,181,11,6,5,591,325,266,283,174,109
22162,C4920,33,623,District-Madurai,Total,10-19,7051,3975,3076,727,420,307,1230,567,663,656,387,269,1010,634,376,1233,704,529,63,36,27,1406,790,616,726,437,289
22163,C4920,33,623,District-Madurai,Total,20-29,8558,4651,3907,780,417,363,1236,617,619,643,338,305,2294,1327,967,1001,559,442,194,116,78,1757,913,844,653,364,289
22164,C4920,33,623,District-Madurai,Total,30-39,8435,4625,3810,806,428,378,1216,549,667,490,266,224,2664,1600,1064,690,389,301,357,208,149,1737,914,823,475,271,204
22165,C4920,33,623,District-Madurai,Total,40-49,6729,3855,2874,763,413,350,1164,565,599,442,250,192,1764,1135,629,466,271,195,341,185,156,1421,826,595,368,210,158
22166,C4920,33,623,District-Madurai,Total,50-59,5194,2926,2268,713,370,343,994,478,516,234,133,101,1547,976,571,232,130,102,157,83,74,1053,604,449,264,152,112
22167,C4920,33,623,District-Madurai,Total,60-69,3902,2102,1800,679,352,327,863,377,486,164,96,68,1073,671,402,110,56,54,88,41,47,734,414,320,191,95,96
22168,C4920,33,623,District-Madurai,Total,70-79,2016,1120,896,420,226,194,532,275,257,64,34,30,498,299,199,38,17,21,41,22,19,293,165,128,130,82,48
22169,C4920,33,623,District-Madurai,Total,80-89,646,302,344,131,56,75,196,97,99,15,8,7,176,87,89,14,7,7,9,2,7,64,30,34,41,15,26
22170,C4920,33,623,District-Madurai,Total,90+,119,53,66,29,12,17,23,10,13,4,1,3,27,15,12,2,0,2,2,1,1,18,9,9,14,5,9
22171,C4920,33,623,District-Madurai,Total,Age Not Stated,41,20,21,6,4,2,10,4,6,2,2,0,4,1,3,3,2,1,2,1,1,11,6,5,3,0,3
22172,C4920,33,623,District-Madurai,Rural,Total,19995,11004,8991,2525,1301,1224,3285,1588,1697,1455,837,618,4726,2855,1871,1785,971,814,581,304,277,4087,2242,1845,1551,906,645
22173,C4920,33,623,District-Madurai,Rural,0-4,726,418,308,73,40,33,149,83,66,15,10,5,87,59,28,78,41,37,1,1,0,254,141,113,69,43,26
22174,C4920,33,623,District-Madurai,Rural,5-9,1157,672,485,105,53,52,172,101,71,147,88,59,138,90,48,194,107,87,6,3,3,270,150,120,125,80,45
22175,C4920,33,623,District-Madurai,Rural,10-19,3102,1749,1353,337,185,152,460,221,239,339,208,131,446,256,190,536,290,246,29,13,16,614,363,251,341,213,128
22176,C4920,33,623,District-Madurai,Rural,20-29,3654,2005,1649,337,170,167,473,244,229,306,171,135,985,573,412,405,222,183,93,52,41,737,380,357,318,193,125
22177,C4920,33,623,District-Madurai,Rural,30-39,3340,1864,1476,362,187,175,484,225,259,244,136,108,952,596,356,261,137,124,162,94,68,671,364,307,204,125,79
22178,C4920,33,623,District-Madurai,Rural,40-49,2672,1508,1164,321,181,140,432,214,218,206,107,99,661,421,240,175,103,72,142,73,69,578,327,251,157,82,75
22179,C4920,33,623,District-Madurai,Rural,50-59,2146,1160,986,307,143,164,392,179,213,94,58,36,628,389,239,75,44,31,85,41,44,435,235,200,130,71,59
22180,C4920,33,623,District-Madurai,Rural,60-69,1860,953,907,364,180,184,409,176,233,70,40,30,489,290,199,44,18,26,41,17,24,343,188,155,100,44,56
22181,C4920,33,623,District-Madurai,Rural,70-79,966,504,462,232,117,115,219,101,118,25,14,11,243,137,106,12,7,5,16,9,7,145,76,69,74,43,31
22182,C4920,33,623,District-Madurai,Rural,80-89,305,138,167,70,36,34,83,36,47,7,4,3,82,36,46,4,1,3,5,1,4,31,15,16,23,9,14
22183,C4920,33,623,District-Madurai,Rural,90+,56,25,31,15,8,7,8,4,4,2,1,1,14,7,7,0,0,0,1,0,1,7,2,5,9,3,6
22184,C4920,33,623,District-Madurai,Rural,Age Not Stated,11,8,3,2,1,1,4,4,0,0,0,0,1,1,0,1,1,0,0,0,0,2,1,1,1,0,1
22185,C4920,33,623,District-Madurai,Urban,Total,26853,14991,11862,2937,1620,1317,5028,2417,2611,1571,855,716,6804,4202,2602,2599,1505,1094,694,401,293,5500,3019,2481,1720,972,748
22186,C4920,33,623,District-Madurai,Urban,0-4,848,468,380,97,55,42,240,128,112,17,12,5,87,56,31,96,60,36,9,3,6,248,124,124,54,30,24
22187,C4920,33,623,District-Madurai,Urban,5-9,1426,808,618,133,75,58,288,154,134,133,67,66,161,107,54,227,133,94,5,3,2,321,175,146,158,94,64
22188,C4920,33,623,District-Madurai,Urban,10-19,3949,2226,1723,390,235,155,770,346,424,317,179,138,564,378,186,697,414,283,34,23,11,792,427,365,385,224,161
22189,C4920,33,623,District-Madurai,Urban,20-29,4904,2646,2258,443,247,196,763,373,390,337,167,170,1309,754,555,596,337,259,101,64,37,1020,533,487,335,171,164
22190,C4920,33,623,District-Madurai,Urban,30-39,5095,2761,2334,444,241,203,732,324,408,246,130,116,1712,1004,708,429,252,177,195,114,81,1066,550,516,271,146,125
22191,C4920,33,623,District-Madurai,Urban,40-49,4057,2347,1710,442,232,210,732,351,381,236,143,93,1103,714,389,291,168,123,199,112,87,843,499,344,211,128,83
22192,C4920,33,623,District-Madurai,Urban,50-59,3048,1766,1282,406,227,179,602,299,303,140,75,65,919,587,332,157,86,71,72,42,30,618,369,249,134,81,53
22193,C4920,33,623,District-Madurai,Urban,60-69,2042,1149,893,315,172,143,454,201,253,94,56,38,584,381,203,66,38,28,47,24,23,391,226,165,91,51,40
22194,C4920,33,623,District-Madurai,Urban,70-79,1050,616,434,188,109,79,313,174,139,39,20,19,255,162,93,26,10,16,25,13,12,148,89,59,56,39,17
22195,C4920,33,623,District-Madurai,Urban,80-89,341,164,177,61,20,41,113,61,52,8,4,4,94,51,43,10,6,4,4,1,3,33,15,18,18,6,12
22196,C4920,33,623,District-Madurai,Urban,90+,63,28,35,14,4,10,15,6,9,2,0,2,13,8,5,2,0,2,1,1,0,11,7,4,5,2,3
22197,C4920,33,623,District-Madurai,Urban,Age Not Stated,30,12,18,4,3,1,6,0,6,2,2,0,3,0,3,2,1,1,2,1,1,9,5,4,2,0,2
22198,C4920,33,624,District-Theni  ,Total,Total,20976,11606,9370,1857,983,874,3971,1924,2047,1942,1064,878,5140,3109,2031,1811,1023,788,498,295,203,4150,2265,1885,1607,943,664
22199,C4920,33,624,District-Theni  ,Total,0-4,697,366,331,36,22,14,154,67,87,16,11,5,61,34,27,58,31,27,7,2,5,315,167,148,50,32,18
22200,C4920,33,624,District-Theni  ,Total,5-9,1173,680,493,61,35,26,191,85,106,155,97,58,133,89,44,184,104,80,7,3,4,292,169,123,150,98,52
22201,C4920,33,624,District-Theni  ,Total,10-19,3308,1866,1442,216,126,90,662,350,312,386,207,179,460,285,175,565,339,226,23,13,10,663,349,314,333,197,136
22202,C4920,33,624,District-Theni  ,Total,20-29,3762,2055,1707,235,127,108,627,322,305,413,221,192,993,562,431,398,220,178,71,45,26,744,404,340,281,154,127
22203,C4920,33,624,District-Theni  ,Total,30-39,3418,1919,1499,248,126,122,538,269,269,311,166,145,1011,606,405,280,149,131,124,74,50,663,387,276,243,142,101
22204,C4920,33,624,District-Theni  ,Total,40-49,3083,1784,1299,269,147,122,575,289,286,293,167,126,846,551,295,183,96,87,140,89,51,568,312,256,209,133,76
22205,C4920,33,624,District-Theni  ,Total,50-59,2186,1221,965,233,128,105,419,187,232,171,93,78,666,412,254,77,51,26,67,37,30,435,244,191,118,69,49
22206,C4920,33,624,District-Theni  ,Total,60-69,1878,1003,875,272,125,147,401,177,224,120,70,50,586,368,218,43,22,21,29,15,14,296,151,145,131,75,56
22207,C4920,33,624,District-Theni  ,Total,70-79,990,484,506,191,102,89,269,114,155,58,26,32,264,141,123,15,7,8,23,14,9,125,56,69,45,24,21
22208,C4920,33,624,District-Theni  ,Total,80-89,380,184,196,77,36,41,114,56,58,17,5,12,98,51,47,1,1,0,6,3,3,34,17,17,33,15,18
22209,C4920,33,624,District-Theni  ,Total,90+,77,32,45,17,8,9,20,8,12,0,0,0,20,9,11,3,1,2,1,0,1,3,3,0,13,3,10
22210,C4920,33,624,District-Theni  ,Total,Age Not Stated,24,12,12,2,1,1,1,0,1,2,1,1,2,1,1,4,2,2,0,0,0,12,6,6,1,1,0
22211,C4920,33,624,District-Theni  ,Rural,Total,10391,5820,4571,994,536,458,1875,931,944,785,444,341,2561,1561,1000,847,469,378,243,141,102,2325,1282,1043,761,456,305
22212,C4920,33,624,District-Theni  ,Rural,0-4,363,190,173,21,13,8,61,26,35,8,4,4,38,22,16,31,15,16,5,2,3,176,91,85,23,17,6
22213,C4920,33,624,District-Theni  ,Rural,5-9,584,332,252,34,20,14,80,36,44,60,41,19,66,39,27,94,49,45,6,2,4,165,96,69,79,49,30
22214,C4920,33,624,District-Theni  ,Rural,10-19,1679,961,718,120,73,47,379,209,170,145,79,66,241,154,87,246,144,102,9,3,6,394,215,179,145,84,61
22215,C4920,33,624,District-Theni  ,Rural,20-29,1842,1021,821,134,81,53,297,143,154,175,97,78,453,260,193,202,112,90,40,25,15,419,229,190,122,74,48
22216,C4920,33,624,District-Theni  ,Rural,30-39,1645,960,685,134,73,61,259,135,124,113,58,55,490,305,185,121,68,53,62,36,26,358,217,141,108,68,40
22217,C4920,33,624,District-Theni  ,Rural,40-49,1472,864,608,126,71,55,230,119,111,119,74,45,428,273,155,87,42,45,67,42,25,303,170,133,112,73,39
22218,C4920,33,624,District-Theni  ,Rural,50-59,1089,617,472,120,61,59,187,91,96,73,44,29,341,214,127,34,23,11,26,16,10,246,134,112,62,34,28
22219,C4920,33,624,District-Theni  ,Rural,60-69,986,516,470,161,73,88,186,89,97,53,30,23,309,181,128,23,12,11,16,8,8,168,83,85,70,40,30
22220,C4920,33,624,District-Theni  ,Rural,70-79,498,252,246,101,54,47,133,54,79,31,14,17,129,82,47,5,2,3,7,5,2,69,29,40,23,12,11
22221,C4920,33,624,District-Theni  ,Rural,80-89,184,88,96,34,15,19,54,25,29,6,2,4,54,28,26,0,0,0,5,2,3,18,12,6,13,4,9
22222,C4920,33,624,District-Theni  ,Rural,90+,31,9,22,8,2,6,8,4,4,0,0,0,10,2,8,1,0,1,0,0,0,1,1,0,3,0,3
22223,C4920,33,624,District-Theni  ,Rural,Age Not Stated,18,10,8,1,0,1,1,0,1,2,1,1,2,1,1,3,2,1,0,0,0,8,5,3,1,1,0
22224,C4920,33,624,District-Theni  ,Urban,Total,10585,5786,4799,863,447,416,2096,993,1103,1157,620,537,2579,1548,1031,964,554,410,255,154,101,1825,983,842,846,487,359
22225,C4920,33,624,District-Theni  ,Urban,0-4,334,176,158,15,9,6,93,41,52,8,7,1,23,12,11,27,16,11,2,0,2,139,76,63,27,15,12
22226,C4920,33,624,District-Theni  ,Urban,5-9,589,348,241,27,15,12,111,49,62,95,56,39,67,50,17,90,55,35,1,1,0,127,73,54,71,49,22
22227,C4920,33,624,District-Theni  ,Urban,10-19,1629,905,724,96,53,43,283,141,142,241,128,113,219,131,88,319,195,124,14,10,4,269,134,135,188,113,75
22228,C4920,33,624,District-Theni  ,Urban,20-29,1920,1034,886,101,46,55,330,179,151,238,124,114,540,302,238,196,108,88,31,20,11,325,175,150,159,80,79
22229,C4920,33,624,District-Theni  ,Urban,30-39,1773,959,814,114,53,61,279,134,145,198,108,90,521,301,220,159,81,78,62,38,24,305,170,135,135,74,61
22230,C4920,33,624,District-Theni  ,Urban,40-49,1611,920,691,143,76,67,345,170,175,174,93,81,418,278,140,96,54,42,73,47,26,265,142,123,97,60,37
22231,C4920,33,624,District-Theni  ,Urban,50-59,1097,604,493,113,67,46,232,96,136,98,49,49,325,198,127,43,28,15,41,21,20,189,110,79,56,35,21
22232,C4920,33,624,District-Theni  ,Urban,60-69,892,487,405,111,52,59,215,88,127,67,40,27,277,187,90,20,10,10,13,7,6,128,68,60,61,35,26
22233,C4920,33,624,District-Theni  ,Urban,70-79,492,232,260,90,48,42,136,60,76,27,12,15,135,59,76,10,5,5,16,9,7,56,27,29,22,12,10
22234,C4920,33,624,District-Theni  ,Urban,80-89,196,96,100,43,21,22,60,31,29,11,3,8,44,23,21,1,1,0,1,1,0,16,5,11,20,11,9
22235,C4920,33,624,District-Theni  ,Urban,90+,46,23,23,9,6,3,12,4,8,0,0,0,10,7,3,2,1,1,1,0,1,2,2,0,10,3,7
22236,C4920,33,624,District-Theni  ,Urban,Age Not Stated,6,2,4,1,1,0,0,0,0,0,0,0,0,0,0,1,0,1,0,0,0,4,1,3,0,0,0
22237,C4920,33,625,District-Virudhunagar,Total,Total,28814,15643,13171,2864,1496,1368,4297,1809,2488,2307,1284,1023,8276,4905,3371,2927,1601,1326,839,432,407,4559,2501,2058,2745,1615,1130
22238,C4920,33,625,District-Virudhunagar,Total,0-4,846,431,415,57,34,23,169,71,98,21,9,12,131,68,63,107,57,50,1,1,0,261,132,129,99,59,40
22239,C4920,33,625,District-Virudhunagar,Total,5-9,1804,1034,770,128,65,63,195,91,104,237,144,93,301,188,113,347,208,139,5,3,2,274,150,124,317,185,132
22240,C4920,33,625,District-Virudhunagar,Total,10-19,4732,2637,2095,358,180,178,647,247,400,519,299,220,853,521,332,893,516,377,35,17,18,685,378,307,742,479,263
22241,C4920,33,625,District-Virudhunagar,Total,20-29,5948,3152,2796,410,209,201,648,249,399,519,257,262,2069,1167,902,647,352,295,145,84,61,939,507,432,571,327,244
22242,C4920,33,625,District-Virudhunagar,Total,30-39,4814,2581,2233,435,225,210,579,246,333,379,219,160,1649,971,678,443,217,226,204,108,96,798,429,369,327,166,161
22243,C4920,33,625,District-Virudhunagar,Total,40-49,3807,2157,1650,401,231,170,619,285,334,279,162,117,1142,725,417,292,143,149,217,119,98,622,356,266,235,136,99
22244,C4920,33,625,District-Virudhunagar,Total,50-59,2641,1508,1133,367,203,164,462,196,266,176,103,73,820,539,281,115,68,47,113,56,57,423,239,184,165,104,61
22245,C4920,33,625,District-Virudhunagar,Total,60-69,2383,1255,1128,390,189,201,488,210,278,115,59,56,786,464,322,58,29,29,73,30,43,331,191,140,142,83,59
22246,C4920,33,625,District-Virudhunagar,Total,70-79,1261,628,633,224,118,106,314,136,178,45,23,22,372,198,174,17,9,8,33,11,22,165,85,80,91,48,43
22247,C4920,33,625,District-Virudhunagar,Total,80-89,462,206,256,83,37,46,142,59,83,15,8,7,125,55,70,4,1,3,10,2,8,45,24,21,38,20,18
22248,C4920,33,625,District-Virudhunagar,Total,90+,85,37,48,9,5,4,25,14,11,2,1,1,22,6,16,3,1,2,3,1,2,9,5,4,12,4,8
22249,C4920,33,625,District-Virudhunagar,Total,Age Not Stated,31,17,14,2,0,2,9,5,4,0,0,0,6,3,3,1,0,1,0,0,0,7,5,2,6,4,2
22250,C4920,33,625,District-Virudhunagar,Rural,Total,15250,8112,7138,1627,847,780,2549,967,1582,1240,682,558,4139,2455,1684,1350,729,621,445,234,211,2380,1313,1067,1520,885,635
22251,C4920,33,625,District-Virudhunagar,Rural,0-4,526,263,263,42,23,19,117,49,68,15,6,9,68,35,33,55,30,25,0,0,0,161,81,80,68,39,29
22252,C4920,33,625,District-Virudhunagar,Rural,5-9,997,568,429,77,41,36,125,61,64,119,70,49,169,106,63,173,105,68,2,1,1,158,86,72,174,98,76
22253,C4920,33,625,District-Virudhunagar,Rural,10-19,2539,1355,1184,202,100,102,432,138,294,274,154,120,459,282,177,394,227,167,18,7,11,367,198,169,393,249,144
22254,C4920,33,625,District-Virudhunagar,Rural,20-29,3283,1720,1563,250,127,123,434,138,296,307,155,152,1067,624,443,316,162,154,80,46,34,484,262,222,345,206,139
22255,C4920,33,625,District-Virudhunagar,Rural,30-39,2368,1256,1112,237,131,106,321,122,199,189,104,85,733,439,294,191,88,103,116,59,57,408,226,182,173,87,86
22256,C4920,33,625,District-Virudhunagar,Rural,40-49,1926,1081,845,213,121,92,333,137,196,148,90,58,558,353,205,139,71,68,115,63,52,303,183,120,117,63,54
22257,C4920,33,625,District-Virudhunagar,Rural,50-59,1337,734,603,186,98,88,257,101,156,100,52,48,377,246,131,51,30,21,63,33,30,220,124,96,83,50,33
22258,C4920,33,625,District-Virudhunagar,Rural,60-69,1265,645,620,235,117,118,265,107,158,61,35,26,404,220,184,23,13,10,31,17,14,171,93,78,75,43,32
22259,C4920,33,625,District-Virudhunagar,Rural,70-79,697,344,353,129,65,64,176,67,109,21,12,9,207,114,93,5,3,2,16,7,9,85,45,40,58,31,27
22260,C4920,33,625,District-Virudhunagar,Rural,80-89,246,113,133,50,22,28,68,33,35,5,3,2,79,31,48,2,0,2,3,0,3,19,12,7,20,12,8
22261,C4920,33,625,District-Virudhunagar,Rural,90+,49,23,26,4,2,2,16,10,6,1,1,0,13,3,10,0,0,0,1,1,0,3,2,1,11,4,7
22262,C4920,33,625,District-Virudhunagar,Rural,Age Not Stated,17,10,7,2,0,2,5,4,1,0,0,0,5,2,3,1,0,1,0,0,0,1,1,0,3,3,0
22263,C4920,33,625,District-Virudhunagar,Urban,Total,13564,7531,6033,1237,649,588,1748,842,906,1067,602,465,4137,2450,1687,1577,872,705,394,198,196,2179,1188,991,1225,730,495
22264,C4920,33,625,District-Virudhunagar,Urban,0-4,320,168,152,15,11,4,52,22,30,6,3,3,63,33,30,52,27,25,1,1,0,100,51,49,31,20,11
22265,C4920,33,625,District-Virudhunagar,Urban,5-9,807,466,341,51,24,27,70,30,40,118,74,44,132,82,50,174,103,71,3,2,1,116,64,52,143,87,56
22266,C4920,33,625,District-Virudhunagar,Urban,10-19,2193,1282,911,156,80,76,215,109,106,245,145,100,394,239,155,499,289,210,17,10,7,318,180,138,349,230,119
22267,C4920,33,625,District-Virudhunagar,Urban,20-29,2665,1432,1233,160,82,78,214,111,103,212,102,110,1002,543,459,331,190,141,65,38,27,455,245,210,226,121,105
22268,C4920,33,625,District-Virudhunagar,Urban,30-39,2446,1325,1121,198,94,104,258,124,134,190,115,75,916,532,384,252,129,123,88,49,39,390,203,187,154,79,75
22269,C4920,33,625,District-Virudhunagar,Urban,40-49,1881,1076,805,188,110,78,286,148,138,131,72,59,584,372,212,153,72,81,102,56,46,319,173,146,118,73,45
22270,C4920,33,625,District-Virudhunagar,Urban,50-59,1304,774,530,181,105,76,205,95,110,76,51,25,443,293,150,64,38,26,50,23,27,203,115,88,82,54,28
22271,C4920,33,625,District-Virudhunagar,Urban,60-69,1118,610,508,155,72,83,223,103,120,54,24,30,382,244,138,35,16,19,42,13,29,160,98,62,67,40,27
22272,C4920,33,625,District-Virudhunagar,Urban,70-79,564,284,280,95,53,42,138,69,69,24,11,13,165,84,81,12,6,6,17,4,13,80,40,40,33,17,16
22273,C4920,33,625,District-Virudhunagar,Urban,80-89,216,93,123,33,15,18,74,26,48,10,5,5,46,24,22,2,1,1,7,2,5,26,12,14,18,8,10
22274,C4920,33,625,District-Virudhunagar,Urban,90+,36,14,22,5,3,2,9,4,5,1,0,1,9,3,6,3,1,2,2,0,2,6,3,3,1,0,1
22275,C4920,33,625,District-Virudhunagar,Urban,Age Not Stated,14,7,7,0,0,0,4,1,3,0,0,0,1,1,0,0,0,0,0,0,0,6,4,2,3,1,2
22276,C4920,33,626,District-Ramanathapuram,Total,Total,23432,12842,10590,2462,1283,1179,4679,2283,2396,1680,946,734,5222,3168,2054,2230,1233,997,692,380,312,4645,2482,2163,1822,1067,755
22277,C4920,33,626,District-Ramanathapuram,Total,0-4,829,436,393,82,40,42,224,113,111,18,13,5,82,37,45,74,40,34,3,2,1,273,146,127,73,45,28
22278,C4920,33,626,District-Ramanathapuram,Total,5-9,1419,775,644,118,58,60,284,143,141,122,76,46,189,104,85,200,131,69,7,4,3,317,159,158,182,100,82
22279,C4920,33,626,District-Ramanathapuram,Total,10-19,3745,2070,1675,324,167,157,735,395,340,362,221,141,506,301,205,620,348,272,39,21,18,704,348,356,455,269,186
22280,C4920,33,626,District-Ramanathapuram,Total,20-29,4776,2592,2184,363,193,170,792,401,391,396,214,182,1274,736,538,533,281,252,95,52,43,907,472,435,416,243,173
22281,C4920,33,626,District-Ramanathapuram,Total,30-39,4066,2185,1881,336,170,166,694,302,392,296,153,143,1143,686,457,356,195,161,143,80,63,851,469,382,247,130,117
22282,C4920,33,626,District-Ramanathapuram,Total,40-49,3111,1763,1348,349,193,156,693,336,357,227,126,101,739,493,246,208,110,98,147,90,57,572,308,264,176,107,69
22283,C4920,33,626,District-Ramanathapuram,Total,50-59,2217,1253,964,283,146,137,491,228,263,126,69,57,584,362,222,102,63,39,83,50,33,427,258,169,121,77,44
22284,C4920,33,626,District-Ramanathapuram,Total,60-69,1879,1040,839,344,176,168,448,207,241,100,55,45,465,303,162,56,27,29,52,27,25,338,187,151,76,58,18
22285,C4920,33,626,District-Ramanathapuram,Total,70-79,825,461,364,184,96,88,217,111,106,21,13,8,177,113,64,17,8,9,22,8,14,142,84,58,45,28,17
22286,C4920,33,626,District-Ramanathapuram,Total,80-89,256,130,126,63,37,26,69,29,40,6,4,2,47,26,21,2,0,2,7,2,5,42,26,16,20,6,14
22287,C4920,33,626,District-Ramanathapuram,Total,90+,64,27,37,14,6,8,19,10,9,4,1,3,9,3,6,2,1,1,2,2,0,4,1,3,10,3,7
22288,C4920,33,626,District-Ramanathapuram,Total,Age Not Stated,245,110,135,2,1,1,13,8,5,2,1,1,7,4,3,60,29,31,92,42,50,68,24,44,1,1,0
22289,C4920,33,626,District-Ramanathapuram,Rural,Total,16874,9236,7638,1772,956,816,3720,1820,1900,1226,704,522,3680,2197,1483,1562,843,719,504,262,242,3106,1685,1421,1304,769,535
22290,C4920,33,626,District-Ramanathapuram,Rural,0-4,614,323,291,61,30,31,179,91,88,15,10,5,60,27,33,59,33,26,3,2,1,185,97,88,52,33,19
22291,C4920,33,626,District-Ramanathapuram,Rural,5-9,1048,560,488,79,40,39,232,113,119,96,60,36,134,68,66,138,91,47,6,3,3,225,109,116,138,76,62
22292,C4920,33,626,District-Ramanathapuram,Rural,10-19,2732,1521,1211,225,121,104,586,315,271,277,174,103,380,225,155,442,245,197,31,15,16,443,219,224,348,207,141
22293,C4920,33,626,District-Ramanathapuram,Rural,20-29,3401,1846,1555,271,141,130,635,322,313,280,151,129,893,511,382,359,184,175,69,36,33,608,329,279,286,172,114
22294,C4920,33,626,District-Ramanathapuram,Rural,30-39,2842,1508,1334,237,120,117,564,250,314,202,107,95,754,450,304,248,125,123,103,54,49,568,320,248,166,82,84
22295,C4920,33,626,District-Ramanathapuram,Rural,40-49,2204,1232,972,247,144,103,540,256,284,162,89,73,513,337,176,135,73,62,102,60,42,387,197,190,118,76,42
22296,C4920,33,626,District-Ramanathapuram,Rural,50-59,1608,900,708,206,111,95,394,184,210,92,54,38,428,253,175,66,38,28,45,26,19,286,178,108,91,56,35
22297,C4920,33,626,District-Ramanathapuram,Rural,60-69,1400,790,610,252,137,115,352,169,183,80,46,34,341,215,126,40,20,20,33,16,17,245,143,102,57,44,13
22298,C4920,33,626,District-Ramanathapuram,Rural,70-79,602,342,260,138,77,61,162,85,77,14,8,6,130,84,46,12,4,8,15,7,8,102,59,43,29,18,11
22299,C4920,33,626,District-Ramanathapuram,Rural,80-89,177,97,80,44,29,15,54,22,32,4,3,1,33,21,12,1,0,1,5,1,4,25,18,7,11,3,8
22300,C4920,33,626,District-Ramanathapuram,Rural,90+,53,24,29,11,5,6,16,9,7,2,1,1,8,3,5,2,1,1,2,2,0,4,1,3,8,2,6
22301,C4920,33,626,District-Ramanathapuram,Rural,Age Not Stated,193,93,100,1,1,0,6,4,2,2,1,1,6,3,3,60,29,31,90,40,50,28,15,13,0,0,0
22302,C4920,33,626,District-Ramanathapuram,Urban,Total,6558,3606,2952,690,327,363,959,463,496,454,242,212,1542,971,571,668,390,278,188,118,70,1539,797,742,518,298,220
22303,C4920,33,626,District-Ramanathapuram,Urban,0-4,215,113,102,21,10,11,45,22,23,3,3,0,22,10,12,15,7,8,0,0,0,88,49,39,21,12,9
22304,C4920,33,626,District-Ramanathapuram,Urban,5-9,371,215,156,39,18,21,52,30,22,26,16,10,55,36,19,62,40,22,1,1,0,92,50,42,44,24,20
22305,C4920,33,626,District-Ramanathapuram,Urban,10-19,1013,549,464,99,46,53,149,80,69,85,47,38,126,76,50,178,103,75,8,6,2,261,129,132,107,62,45
22306,C4920,33,626,District-Ramanathapuram,Urban,20-29,1375,746,629,92,52,40,157,79,78,116,63,53,381,225,156,174,97,77,26,16,10,299,143,156,130,71,59
22307,C4920,33,626,District-Ramanathapuram,Urban,30-39,1224,677,547,99,50,49,130,52,78,94,46,48,389,236,153,108,70,38,40,26,14,283,149,134,81,48,33
22308,C4920,33,626,District-Ramanathapuram,Urban,40-49,907,531,376,102,49,53,153,80,73,65,37,28,226,156,70,73,37,36,45,30,15,185,111,74,58,31,27
22309,C4920,33,626,District-Ramanathapuram,Urban,50-59,609,353,256,77,35,42,97,44,53,34,15,19,156,109,47,36,25,11,38,24,14,141,80,61,30,21,9
22310,C4920,33,626,District-Ramanathapuram,Urban,60-69,479,250,229,92,39,53,96,38,58,20,9,11,124,88,36,16,7,9,19,11,8,93,44,49,19,14,5
22311,C4920,33,626,District-Ramanathapuram,Urban,70-79,223,119,104,46,19,27,55,26,29,7,5,2,47,29,18,5,4,1,7,1,6,40,25,15,16,10,6
22312,C4920,33,626,District-Ramanathapuram,Urban,80-89,79,33,46,19,8,11,15,7,8,2,1,1,14,5,9,1,0,1,2,1,1,17,8,9,9,3,6
22313,C4920,33,626,District-Ramanathapuram,Urban,90+,11,3,8,3,1,2,3,1,2,2,0,2,1,0,1,0,0,0,0,0,0,0,0,0,2,1,1
22314,C4920,33,626,District-Ramanathapuram,Urban,Age Not Stated,52,17,35,1,0,1,7,4,3,0,0,0,1,1,0,0,0,0,2,2,0,40,9,31,1,1,0
22315,C4920,33,627,District-Thoothukkudi,Total,Total,31370,16925,14445,3751,1884,1867,5360,2516,2844,2006,1089,917,8903,5310,3593,2988,1639,1349,1302,631,671,4588,2507,2081,2472,1349,1123
22316,C4920,33,627,District-Thoothukkudi,Total,0-4,811,458,353,101,57,44,230,127,103,15,10,5,114,76,38,79,35,44,3,1,2,191,104,87,78,48,30
22317,C4920,33,627,District-Thoothukkudi,Total,5-9,1641,919,722,159,82,77,261,130,131,175,113,62,268,161,107,246,138,108,12,9,3,260,139,121,260,147,113
22318,C4920,33,627,District-Thoothukkudi,Total,10-19,4353,2426,1927,432,208,224,634,317,317,363,210,153,789,494,295,845,495,350,52,24,28,695,384,311,543,294,249
22319,C4920,33,627,District-Thoothukkudi,Total,20-29,5842,3080,2762,514,279,235,727,338,389,399,208,191,1991,1070,921,681,373,308,212,113,99,866,456,410,452,243,209
22320,C4920,33,627,District-Thoothukkudi,Total,30-39,5689,3073,2616,522,260,262,812,390,422,367,172,195,1967,1184,783,533,279,254,347,175,172,761,408,353,380,205,175
22321,C4920,33,627,District-Thoothukkudi,Total,40-49,4430,2465,1965,538,267,271,738,363,375,290,158,132,1255,803,452,361,195,166,322,160,162,637,357,280,289,162,127
22322,C4920,33,627,District-Thoothukkudi,Total,50-59,3216,1782,1434,490,268,222,617,278,339,209,115,94,944,610,334,126,62,64,195,83,112,478,277,201,157,89,68
22323,C4920,33,627,District-Thoothukkudi,Total,60-69,2848,1501,1347,475,228,247,610,253,357,126,70,56,909,565,344,79,46,33,98,40,58,403,221,182,148,78,70
22324,C4920,33,627,District-Thoothukkudi,Total,70-79,1738,858,880,345,158,187,490,217,273,44,26,18,484,260,224,27,11,16,48,20,28,215,121,94,85,45,40
22325,C4920,33,627,District-Thoothukkudi,Total,80-89,643,295,348,143,63,80,206,90,116,11,4,7,142,69,73,7,3,4,10,4,6,67,34,33,57,28,29
22326,C4920,33,627,District-Thoothukkudi,Total,90+,131,55,76,30,13,17,30,11,19,5,2,3,30,12,18,1,1,0,2,1,1,11,5,6,22,10,12
22327,C4920,33,627,District-Thoothukkudi,Total,Age Not Stated,28,13,15,2,1,1,5,2,3,2,1,1,10,6,4,3,1,2,1,1,0,4,1,3,1,0,1
22328,C4920,33,627,District-Thoothukkudi,Rural,Total,18095,9613,8482,2241,1096,1145,3286,1501,1785,1127,600,527,5045,3021,2024,1650,881,769,834,391,443,2474,1350,1124,1438,773,665
22329,C4920,33,627,District-Thoothukkudi,Rural,0-4,484,271,213,56,32,24,150,84,66,9,6,3,66,41,25,56,24,32,1,1,0,107,62,45,39,21,18
22330,C4920,33,627,District-Thoothukkudi,Rural,5-9,928,511,417,90,43,47,160,77,83,94,60,34,152,95,57,146,80,66,7,6,1,131,66,65,148,84,64
22331,C4920,33,627,District-Thoothukkudi,Rural,10-19,2450,1345,1105,265,132,133,376,180,196,202,121,81,459,298,161,468,250,218,30,14,16,376,209,167,274,141,133
22332,C4920,33,627,District-Thoothukkudi,Rural,20-29,3380,1779,1601,322,171,151,471,213,258,228,116,112,1093,600,493,391,217,174,144,71,73,463,244,219,268,147,121
22333,C4920,33,627,District-Thoothukkudi,Rural,30-39,3071,1662,1409,286,137,149,476,233,243,194,83,111,1040,640,400,267,139,128,225,113,112,358,193,165,225,124,101
22334,C4920,33,627,District-Thoothukkudi,Rural,40-49,2481,1362,1119,309,151,158,428,207,221,173,91,82,670,430,240,180,99,81,204,94,110,346,198,148,171,92,79
22335,C4920,33,627,District-Thoothukkudi,Rural,50-59,1785,952,833,264,139,125,345,146,199,117,64,53,518,332,186,70,32,38,125,49,76,249,134,115,97,56,41
22336,C4920,33,627,District-Thoothukkudi,Rural,60-69,1797,912,885,308,135,173,383,146,237,71,40,31,572,343,229,48,29,19,60,26,34,256,143,113,99,50,49
22337,C4920,33,627,District-Thoothukkudi,Rural,70-79,1188,583,605,235,108,127,327,141,186,31,19,12,348,186,162,16,7,9,29,12,17,144,79,65,58,31,27
22338,C4920,33,627,District-Thoothukkudi,Rural,80-89,428,190,238,89,38,51,145,64,81,5,0,5,97,43,54,5,2,3,8,4,4,38,20,18,41,19,22
22339,C4920,33,627,District-Thoothukkudi,Rural,90+,87,39,48,16,9,7,22,9,13,2,0,2,23,9,14,1,1,0,1,1,0,5,2,3,17,8,9
22340,C4920,33,627,District-Thoothukkudi,Rural,Age Not Stated,16,7,9,1,1,0,3,1,2,1,0,1,7,4,3,2,1,1,0,0,0,1,0,1,1,0,1
22341,C4920,33,627,District-Thoothukkudi,Urban,Total,13275,7312,5963,1510,788,722,2074,1015,1059,879,489,390,3858,2289,1569,1338,758,580,468,240,228,2114,1157,957,1034,576,458
22342,C4920,33,627,District-Thoothukkudi,Urban,0-4,327,187,140,45,25,20,80,43,37,6,4,2,48,35,13,23,11,12,2,0,2,84,42,42,39,27,12
22343,C4920,33,627,District-Thoothukkudi,Urban,5-9,713,408,305,69,39,30,101,53,48,81,53,28,116,66,50,100,58,42,5,3,2,129,73,56,112,63,49
22344,C4920,33,627,District-Thoothukkudi,Urban,10-19,1903,1081,822,167,76,91,258,137,121,161,89,72,330,196,134,377,245,132,22,10,12,319,175,144,269,153,116
22345,C4920,33,627,District-Thoothukkudi,Urban,20-29,2462,1301,1161,192,108,84,256,125,131,171,92,79,898,470,428,290,156,134,68,42,26,403,212,191,184,96,88
22346,C4920,33,627,District-Thoothukkudi,Urban,30-39,2618,1411,1207,236,123,113,336,157,179,173,89,84,927,544,383,266,140,126,122,62,60,403,215,188,155,81,74
22347,C4920,33,627,District-Thoothukkudi,Urban,40-49,1949,1103,846,229,116,113,310,156,154,117,67,50,585,373,212,181,96,85,118,66,52,291,159,132,118,70,48
22348,C4920,33,627,District-Thoothukkudi,Urban,50-59,1431,830,601,226,129,97,272,132,140,92,51,41,426,278,148,56,30,26,70,34,36,229,143,86,60,33,27
22349,C4920,33,627,District-Thoothukkudi,Urban,60-69,1051,589,462,167,93,74,227,107,120,55,30,25,337,222,115,31,17,14,38,14,24,147,78,69,49,28,21
22350,C4920,33,627,District-Thoothukkudi,Urban,70-79,550,275,275,110,50,60,163,76,87,13,7,6,136,74,62,11,4,7,19,8,11,71,42,29,27,14,13
22351,C4920,33,627,District-Thoothukkudi,Urban,80-89,215,105,110,54,25,29,61,26,35,6,4,2,45,26,19,2,1,1,2,0,2,29,14,15,16,9,7
22352,C4920,33,627,District-Thoothukkudi,Urban,90+,44,16,28,14,4,10,8,2,6,3,2,1,7,3,4,0,0,0,1,0,1,6,3,3,5,2,3
22353,C4920,33,627,District-Thoothukkudi,Urban,Age Not Stated,12,6,6,1,0,1,2,1,1,1,1,0,3,2,1,1,0,1,1,1,0,3,1,2,0,0,0
22354,C4920,33,628,District-Tirunelveli ,Total,Total,51547,28066,23481,5302,2700,2602,8483,4025,4458,3357,1774,1583,14600,8788,5812,5195,2909,2286,1822,960,862,8605,4592,4013,4183,2318,1865
22355,C4920,33,628,District-Tirunelveli ,Total,0-4,1322,719,603,100,56,44,286,147,139,19,12,7,192,122,70,132,71,61,3,2,1,441,222,219,149,87,62
22356,C4920,33,628,District-Tirunelveli ,Total,5-9,2761,1538,1223,174,106,68,384,196,188,276,158,118,471,257,214,519,311,208,20,16,4,516,269,247,401,225,176
22357,C4920,33,628,District-Tirunelveli ,Total,10-19,7449,4187,3262,486,285,201,1297,686,611,715,373,342,1223,723,500,1511,870,641,82,54,28,1221,654,567,914,542,372
22358,C4920,33,628,District-Tirunelveli ,Total,20-29,10015,5379,4636,667,349,318,1222,591,631,684,345,339,3407,1949,1458,1236,685,551,282,159,123,1715,870,845,802,431,371
22359,C4920,33,628,District-Tirunelveli ,Total,30-39,8992,5034,3958,736,388,348,1127,536,591,588,321,267,3140,1895,1245,864,470,394,463,262,201,1466,817,649,608,345,263
22360,C4920,33,628,District-Tirunelveli ,Total,40-49,6892,3918,2974,711,380,331,1108,513,595,461,253,208,2044,1345,699,502,283,219,476,234,242,1141,655,486,449,255,194
22361,C4920,33,628,District-Tirunelveli ,Total,50-59,5340,2919,2421,726,377,349,958,421,537,301,150,151,1687,1065,622,254,142,112,256,129,127,865,476,389,293,159,134
22362,C4920,33,628,District-Tirunelveli ,Total,60-69,4648,2422,2226,773,374,399,1037,450,587,197,107,90,1426,871,555,113,50,63,145,64,81,711,367,344,246,139,107
22363,C4920,33,628,District-Tirunelveli ,Total,70-79,2761,1362,1399,619,272,347,690,316,374,81,40,41,733,424,309,34,17,17,67,28,39,374,191,183,163,74,89
22364,C4920,33,628,District-Tirunelveli ,Total,80-89,1098,486,612,256,102,154,312,137,175,33,13,20,232,120,112,13,5,8,22,9,13,118,52,66,112,48,64
22365,C4920,33,628,District-Tirunelveli ,Total,90+,217,69,148,54,11,43,51,25,26,1,1,0,38,13,25,5,1,4,4,1,3,21,7,14,43,10,33
22366,C4920,33,628,District-Tirunelveli ,Total,Age Not Stated,52,33,19,0,0,0,11,7,4,1,1,0,7,4,3,12,4,8,2,2,0,16,12,4,3,3,0
22367,C4920,33,628,District-Tirunelveli ,Rural,Total,27215,14515,12700,3086,1525,1561,4149,1917,2232,1815,945,870,7719,4548,3171,2707,1461,1246,1004,509,495,4367,2322,2045,2368,1288,1080
22368,C4920,33,628,District-Tirunelveli ,Rural,0-4,715,385,330,61,30,31,125,66,59,14,9,5,110,68,42,81,43,38,1,1,0,229,112,117,94,56,38
22369,C4920,33,628,District-Tirunelveli ,Rural,5-9,1493,813,680,113,63,50,180,92,88,153,87,66,241,135,106,284,171,113,5,4,1,270,133,137,247,128,119
22370,C4920,33,628,District-Tirunelveli ,Rural,10-19,3748,2089,1659,258,151,107,485,263,222,372,201,171,635,363,272,805,440,365,43,27,16,634,344,290,516,300,216
22371,C4920,33,628,District-Tirunelveli ,Rural,20-29,5508,2968,2540,415,218,197,661,321,340,392,201,191,1916,1112,804,612,322,290,160,96,64,899,455,444,453,243,210
22372,C4920,33,628,District-Tirunelveli ,Rural,30-39,4606,2544,2062,403,209,194,568,270,298,324,169,155,1568,935,633,448,229,219,256,139,117,725,408,317,314,185,129
22373,C4920,33,628,District-Tirunelveli ,Rural,40-49,3460,1927,1533,367,198,169,534,244,290,247,131,116,1014,650,364,248,141,107,266,129,137,557,310,247,227,124,103
22374,C4920,33,628,District-Tirunelveli ,Rural,50-59,2797,1457,1340,421,201,220,500,206,294,150,62,88,872,528,344,130,71,59,141,64,77,425,238,187,158,87,71
22375,C4920,33,628,District-Tirunelveli ,Rural,60-69,2534,1269,1265,464,222,242,535,210,325,103,56,47,795,459,336,61,27,34,77,30,47,350,184,166,149,81,68
22376,C4920,33,628,District-Tirunelveli ,Rural,70-79,1557,732,825,390,162,228,363,156,207,44,22,22,403,218,185,19,11,8,38,14,24,197,101,96,103,48,55
22377,C4920,33,628,District-Tirunelveli ,Rural,80-89,630,272,358,165,66,99,158,70,88,14,5,9,135,69,66,6,2,4,12,3,9,59,26,33,81,31,50
22378,C4920,33,628,District-Tirunelveli ,Rural,90+,128,38,90,29,5,24,31,14,17,1,1,0,24,8,16,3,1,2,4,1,3,11,4,7,25,4,21
22379,C4920,33,628,District-Tirunelveli ,Rural,Age Not Stated,39,21,18,0,0,0,9,5,4,1,1,0,6,3,3,10,3,7,1,1,0,11,7,4,1,1,0
22380,C4920,33,628,District-Tirunelveli ,Urban,Total,24332,13551,10781,2216,1175,1041,4334,2108,2226,1542,829,713,6881,4240,2641,2488,1448,1040,818,451,367,4238,2270,1968,1815,1030,785
22381,C4920,33,628,District-Tirunelveli ,Urban,0-4,607,334,273,39,26,13,161,81,80,5,3,2,82,54,28,51,28,23,2,1,1,212,110,102,55,31,24
22382,C4920,33,628,District-Tirunelveli ,Urban,5-9,1268,725,543,61,43,18,204,104,100,123,71,52,230,122,108,235,140,95,15,12,3,246,136,110,154,97,57
22383,C4920,33,628,District-Tirunelveli ,Urban,10-19,3701,2098,1603,228,134,94,812,423,389,343,172,171,588,360,228,706,430,276,39,27,12,587,310,277,398,242,156
22384,C4920,33,628,District-Tirunelveli ,Urban,20-29,4507,2411,2096,252,131,121,561,270,291,292,144,148,1491,837,654,624,363,261,122,63,59,816,415,401,349,188,161
22385,C4920,33,628,District-Tirunelveli ,Urban,30-39,4386,2490,1896,333,179,154,559,266,293,264,152,112,1572,960,612,416,241,175,207,123,84,741,409,332,294,160,134
22386,C4920,33,628,District-Tirunelveli ,Urban,40-49,3432,1991,1441,344,182,162,574,269,305,214,122,92,1030,695,335,254,142,112,210,105,105,584,345,239,222,131,91
22387,C4920,33,628,District-Tirunelveli ,Urban,50-59,2543,1462,1081,305,176,129,458,215,243,151,88,63,815,537,278,124,71,53,115,65,50,440,238,202,135,72,63
22388,C4920,33,628,District-Tirunelveli ,Urban,60-69,2114,1153,961,309,152,157,502,240,262,94,51,43,631,412,219,52,23,29,68,34,34,361,183,178,97,58,39
22389,C4920,33,628,District-Tirunelveli ,Urban,70-79,1204,630,574,229,110,119,327,160,167,37,18,19,330,206,124,15,6,9,29,14,15,177,90,87,60,26,34
22390,C4920,33,628,District-Tirunelveli ,Urban,80-89,468,214,254,91,36,55,154,67,87,19,8,11,97,51,46,7,3,4,10,6,4,59,26,33,31,17,14
22391,C4920,33,628,District-Tirunelveli ,Urban,90+,89,31,58,25,6,19,20,11,9,0,0,0,14,5,9,2,0,2,0,0,0,10,3,7,18,6,12
22392,C4920,33,628,District-Tirunelveli ,Urban,Age Not Stated,13,12,1,0,0,0,2,2,0,0,0,0,1,1,0,2,1,1,1,1,0,5,5,0,2,2,0
22393,C4920,33,629,District-Kanniyakumari,Total,Total,35352,20059,15293,2820,1575,1245,5626,2839,2787,1971,1131,840,8720,5520,3200,3249,1816,1433,1660,893,767,8443,4682,3761,2863,1603,1260
22394,C4920,33,629,District-Kanniyakumari,Total,0-4,957,538,419,79,39,40,257,150,107,12,7,5,94,57,37,63,32,31,1,0,1,373,204,169,78,49,29
22395,C4920,33,629,District-Kanniyakumari,Total,5-9,1697,911,786,120,63,57,310,155,155,175,95,80,172,108,64,251,144,107,5,3,2,431,226,205,233,117,116
22396,C4920,33,629,District-Kanniyakumari,Total,10-19,4343,2430,1913,376,216,160,701,366,335,374,218,156,584,352,232,786,454,332,31,19,12,1002,536,466,489,269,220
22397,C4920,33,629,District-Kanniyakumari,Total,20-29,6214,3429,2785,311,173,138,835,435,400,364,194,170,1652,982,670,795,457,338,185,103,82,1536,803,733,536,282,254
22398,C4920,33,629,District-Kanniyakumari,Total,30-39,6458,3695,2763,340,201,139,864,452,412,332,180,152,1832,1121,711,574,307,267,394,227,167,1596,904,692,526,303,223
22399,C4920,33,629,District-Kanniyakumari,Total,40-49,5437,3113,2324,412,237,175,823,404,419,282,163,119,1431,949,482,393,205,188,450,219,231,1284,721,563,362,215,147
22400,C4920,33,629,District-Kanniyakumari,Total,50-59,4325,2519,1806,411,222,189,719,345,374,194,126,68,1225,813,412,195,111,84,309,174,135,1001,571,430,271,157,114
22401,C4920,33,629,District-Kanniyakumari,Total,60-69,3540,2130,1410,393,222,171,601,288,313,152,97,55,1113,771,342,132,76,56,183,94,89,757,453,304,209,129,80
22402,C4920,33,629,District-Kanniyakumari,Total,70-79,1667,942,725,261,137,124,344,168,176,63,35,28,455,288,167,37,17,20,79,41,38,335,202,133,93,54,39
22403,C4920,33,629,District-Kanniyakumari,Total,80-89,600,291,309,99,56,43,146,61,85,16,10,6,142,72,70,19,10,9,17,10,7,110,50,60,51,22,29
22404,C4920,33,629,District-Kanniyakumari,Total,90+,91,47,44,16,9,7,22,14,8,4,3,1,19,7,12,2,2,0,3,1,2,13,8,5,12,3,9
22405,C4920,33,629,District-Kanniyakumari,Total,Age Not Stated,23,14,9,2,0,2,4,1,3,3,3,0,1,0,1,2,1,1,3,2,1,5,4,1,3,3,0
22406,C4920,33,629,District-Kanniyakumari,Rural,Total,6190,3571,2619,464,265,199,890,455,435,334,201,133,1574,982,592,577,321,256,242,149,93,1637,924,713,472,274,198
22407,C4920,33,629,District-Kanniyakumari,Rural,0-4,182,110,72,17,7,10,41,28,13,4,2,2,27,18,9,8,5,3,0,0,0,75,44,31,10,6,4
22408,C4920,33,629,District-Kanniyakumari,Rural,5-9,287,165,122,15,8,7,40,22,18,13,5,8,35,23,12,50,30,20,1,1,0,94,53,41,39,23,16
22409,C4920,33,629,District-Kanniyakumari,Rural,10-19,749,411,338,56,42,14,125,63,62,62,37,25,111,60,51,150,82,68,6,2,4,170,85,85,69,40,29
22410,C4920,33,629,District-Kanniyakumari,Rural,20-29,1129,621,508,62,36,26,113,57,56,83,50,33,281,153,128,133,83,50,21,16,5,335,175,160,101,51,50
22411,C4920,33,629,District-Kanniyakumari,Rural,30-39,1158,679,479,62,34,28,148,75,73,51,31,20,334,209,125,106,49,57,67,46,21,301,179,122,89,56,33
22412,C4920,33,629,District-Kanniyakumari,Rural,40-49,906,526,380,65,35,30,124,63,61,45,28,17,243,152,91,59,32,27,62,34,28,244,145,99,64,37,27
22413,C4920,33,629,District-Kanniyakumari,Rural,50-59,746,443,303,65,32,33,116,59,57,38,25,13,232,155,77,34,19,15,40,24,16,179,102,77,42,27,15
22414,C4920,33,629,District-Kanniyakumari,Rural,60-69,636,389,247,65,38,27,106,49,57,22,14,8,199,146,53,25,15,10,32,17,15,153,93,60,34,17,17
22415,C4920,33,629,District-Kanniyakumari,Rural,70-79,276,169,107,37,22,15,50,25,25,13,7,6,82,55,27,4,1,3,12,8,4,60,37,23,18,14,4
22416,C4920,33,629,District-Kanniyakumari,Rural,80-89,99,47,52,15,9,6,23,11,12,2,1,1,25,9,16,6,4,2,1,1,0,24,11,13,3,1,2
22417,C4920,33,629,District-Kanniyakumari,Rural,90+,16,9,7,4,2,2,3,3,0,0,0,0,5,2,3,1,1,0,0,0,0,1,0,1,2,1,1
22418,C4920,33,629,District-Kanniyakumari,Rural,Age Not Stated,6,2,4,1,0,1,1,0,1,1,1,0,0,0,0,1,0,1,0,0,0,1,0,1,1,1,0
22419,C4920,33,629,District-Kanniyakumari,Urban,Total,29162,16488,12674,2356,1310,1046,4736,2384,2352,1637,930,707,7146,4538,2608,2672,1495,1177,1418,744,674,6806,3758,3048,2391,1329,1062
22420,C4920,33,629,District-Kanniyakumari,Urban,0-4,775,428,347,62,32,30,216,122,94,8,5,3,67,39,28,55,27,28,1,0,1,298,160,138,68,43,25
22421,C4920,33,629,District-Kanniyakumari,Urban,5-9,1410,746,664,105,55,50,270,133,137,162,90,72,137,85,52,201,114,87,4,2,2,337,173,164,194,94,100
22422,C4920,33,629,District-Kanniyakumari,Urban,10-19,3594,2019,1575,320,174,146,576,303,273,312,181,131,473,292,181,636,372,264,25,17,8,832,451,381,420,229,191
22423,C4920,33,629,District-Kanniyakumari,Urban,20-29,5085,2808,2277,249,137,112,722,378,344,281,144,137,1371,829,542,662,374,288,164,87,77,1201,628,573,435,231,204
22424,C4920,33,629,District-Kanniyakumari,Urban,30-39,5300,3016,2284,278,167,111,716,377,339,281,149,132,1498,912,586,468,258,210,327,181,146,1295,725,570,437,247,190
22425,C4920,33,629,District-Kanniyakumari,Urban,40-49,4531,2587,1944,347,202,145,699,341,358,237,135,102,1188,797,391,334,173,161,388,185,203,1040,576,464,298,178,120
22426,C4920,33,629,District-Kanniyakumari,Urban,50-59,3579,2076,1503,346,190,156,603,286,317,156,101,55,993,658,335,161,92,69,269,150,119,822,469,353,229,130,99
22427,C4920,33,629,District-Kanniyakumari,Urban,60-69,2904,1741,1163,328,184,144,495,239,256,130,83,47,914,625,289,107,61,46,151,77,74,604,360,244,175,112,63
22428,C4920,33,629,District-Kanniyakumari,Urban,70-79,1391,773,618,224,115,109,294,143,151,50,28,22,373,233,140,33,16,17,67,33,34,275,165,110,75,40,35
22429,C4920,33,629,District-Kanniyakumari,Urban,80-89,501,244,257,84,47,37,123,50,73,14,9,5,117,63,54,13,6,7,16,9,7,86,39,47,48,21,27
22430,C4920,33,629,District-Kanniyakumari,Urban,90+,75,38,37,12,7,5,19,11,8,4,3,1,14,5,9,1,1,0,3,1,2,12,8,4,10,2,8
22431,C4920,33,629,District-Kanniyakumari,Urban,Age Not Stated,17,12,5,1,0,1,3,1,2,2,2,0,1,0,1,1,1,0,3,2,1,4,4,0,2,2,0
22432,C4920,33,630,District-Dharmapuri,Total,Total,25283,14505,10778,2903,1508,1395,3928,2087,1841,2050,1154,896,7381,4645,2736,1953,1102,851,547,318,229,4155,2300,1855,2366,1391,975
22433,C4920,33,630,District-Dharmapuri,Total,0-4,822,476,346,50,30,20,137,80,57,21,13,8,142,94,48,68,36,32,3,2,1,300,160,140,101,61,40
22434,C4920,33,630,District-Dharmapuri,Total,5-9,1681,980,701,110,55,55,226,124,102,211,131,80,277,181,96,254,145,109,8,1,7,279,152,127,316,191,125
22435,C4920,33,630,District-Dharmapuri,Total,10-19,3952,2396,1556,317,198,119,551,302,249,477,275,202,748,489,259,583,351,232,33,26,7,640,357,283,603,398,205
22436,C4920,33,630,District-Dharmapuri,Total,20-29,4224,2487,1737,295,172,123,542,294,248,391,229,162,1374,848,526,419,236,183,85,56,29,721,409,312,397,243,154
22437,C4920,33,630,District-Dharmapuri,Total,30-39,3794,2144,1650,332,174,158,563,297,266,342,165,177,1228,795,433,289,145,144,115,71,44,677,358,319,248,139,109
22438,C4920,33,630,District-Dharmapuri,Total,40-49,3341,2027,1314,342,201,141,544,300,244,267,145,122,1143,753,390,184,100,84,144,83,61,550,346,204,167,99,68
22439,C4920,33,630,District-Dharmapuri,Total,50-59,2571,1495,1076,380,195,185,397,206,191,144,82,62,904,600,304,89,51,38,81,44,37,413,231,182,163,86,77
22440,C4920,33,630,District-Dharmapuri,Total,60-69,2511,1307,1204,509,226,283,477,241,236,134,88,46,854,500,354,40,23,17,42,17,25,334,158,176,121,54,67
22441,C4920,33,630,District-Dharmapuri,Total,70-79,1544,773,771,381,167,214,334,164,170,36,13,23,444,244,200,19,9,10,28,14,14,160,89,71,142,73,69
22442,C4920,33,630,District-Dharmapuri,Total,80-89,648,329,319,144,70,74,130,63,67,23,10,13,212,121,91,6,4,2,4,2,2,57,28,29,72,31,41
22443,C4920,33,630,District-Dharmapuri,Total,90+,182,82,100,43,20,23,26,15,11,4,3,1,55,20,35,0,0,0,2,1,1,16,7,9,36,16,20
22444,C4920,33,630,District-Dharmapuri,Total,Age Not Stated,13,9,4,0,0,0,1,1,0,0,0,0,0,0,0,2,2,0,2,1,1,8,5,3,0,0,0
22445,C4920,33,630,District-Dharmapuri,Rural,Total,20296,11606,8690,2425,1245,1180,3333,1779,1554,1580,894,686,5900,3719,2181,1592,894,698,454,259,195,3170,1776,1394,1842,1040,802
22446,C4920,33,630,District-Dharmapuri,Rural,0-4,670,383,287,32,17,15,119,70,49,17,11,6,122,77,45,60,33,27,3,2,1,234,125,109,83,48,35
22447,C4920,33,630,District-Dharmapuri,Rural,5-9,1403,813,590,91,45,46,195,108,87,171,101,70,230,148,82,228,133,95,8,1,7,229,123,106,251,154,97
22448,C4920,33,630,District-Dharmapuri,Rural,10-19,3062,1861,1201,252,155,97,470,258,212,368,222,146,586,386,200,473,290,183,27,23,4,480,281,199,406,246,160
22449,C4920,33,630,District-Dharmapuri,Rural,20-29,3386,1985,1401,248,145,103,474,255,219,315,182,133,1101,685,416,331,177,154,67,45,22,530,305,225,320,191,129
22450,C4920,33,630,District-Dharmapuri,Rural,30-39,2939,1671,1268,241,125,116,473,249,224,260,129,131,956,629,327,225,110,115,102,60,42,492,263,229,190,106,84
22451,C4920,33,630,District-Dharmapuri,Rural,40-49,2642,1609,1033,276,162,114,452,254,198,199,103,96,900,598,302,146,82,64,118,67,51,416,263,153,135,80,55
22452,C4920,33,630,District-Dharmapuri,Rural,50-59,2020,1159,861,311,152,159,322,174,148,105,59,46,700,462,238,75,39,36,62,33,29,312,173,139,133,67,66
22453,C4920,33,630,District-Dharmapuri,Rural,60-69,2110,1095,1015,465,205,260,399,200,199,99,68,31,690,405,285,34,20,14,36,15,21,278,134,144,109,48,61
22454,C4920,33,630,District-Dharmapuri,Rural,70-79,1323,663,660,341,157,184,288,143,145,26,9,17,377,203,174,15,7,8,23,9,14,130,72,58,123,63,60
22455,C4920,33,630,District-Dharmapuri,Rural,80-89,571,288,283,127,64,63,116,53,63,16,7,9,191,107,84,4,2,2,4,2,2,50,27,23,63,26,37
22456,C4920,33,630,District-Dharmapuri,Rural,90+,159,71,88,41,18,23,24,14,10,4,3,1,47,19,28,0,0,0,2,1,1,12,5,7,29,11,18
22457,C4920,33,630,District-Dharmapuri,Rural,Age Not Stated,11,8,3,0,0,0,1,1,0,0,0,0,0,0,0,1,1,0,2,1,1,7,5,2,0,0,0
22458,C4920,33,630,District-Dharmapuri,Urban,Total,4987,2899,2088,478,263,215,595,308,287,470,260,210,1481,926,555,361,208,153,93,59,34,985,524,461,524,351,173
22459,C4920,33,630,District-Dharmapuri,Urban,0-4,152,93,59,18,13,5,18,10,8,4,2,2,20,17,3,8,3,5,0,0,0,66,35,31,18,13,5
22460,C4920,33,630,District-Dharmapuri,Urban,5-9,278,167,111,19,10,9,31,16,15,40,30,10,47,33,14,26,12,14,0,0,0,50,29,21,65,37,28
22461,C4920,33,630,District-Dharmapuri,Urban,10-19,890,535,355,65,43,22,81,44,37,109,53,56,162,103,59,110,61,49,6,3,3,160,76,84,197,152,45
22462,C4920,33,630,District-Dharmapuri,Urban,20-29,838,502,336,47,27,20,68,39,29,76,47,29,273,163,110,88,59,29,18,11,7,191,104,87,77,52,25
22463,C4920,33,630,District-Dharmapuri,Urban,30-39,855,473,382,91,49,42,90,48,42,82,36,46,272,166,106,64,35,29,13,11,2,185,95,90,58,33,25
22464,C4920,33,630,District-Dharmapuri,Urban,40-49,699,418,281,66,39,27,92,46,46,68,42,26,243,155,88,38,18,20,26,16,10,134,83,51,32,19,13
22465,C4920,33,630,District-Dharmapuri,Urban,50-59,551,336,215,69,43,26,75,32,43,39,23,16,204,138,66,14,12,2,19,11,8,101,58,43,30,19,11
22466,C4920,33,630,District-Dharmapuri,Urban,60-69,401,212,189,44,21,23,78,41,37,35,20,15,164,95,69,6,3,3,6,2,4,56,24,32,12,6,6
22467,C4920,33,630,District-Dharmapuri,Urban,70-79,221,110,111,40,10,30,46,21,25,10,4,6,67,41,26,4,2,2,5,5,0,30,17,13,19,10,9
22468,C4920,33,630,District-Dharmapuri,Urban,80-89,77,41,36,17,6,11,14,10,4,7,3,4,21,14,7,2,2,0,0,0,0,7,1,6,9,5,4
22469,C4920,33,630,District-Dharmapuri,Urban,90+,23,11,12,2,2,0,2,1,1,0,0,0,8,1,7,0,0,0,0,0,0,4,2,2,7,5,2
22470,C4920,33,630,District-Dharmapuri,Urban,Age Not Stated,2,1,1,0,0,0,0,0,0,0,0,0,0,0,0,1,1,0,0,0,0,1,0,1,0,0,0
22471,C4920,33,631,District-Krishnagiri,Total,Total,28691,16526,12165,3081,1679,1402,4939,2611,2328,2385,1350,1035,7473,4757,2716,2232,1246,986,528,275,253,5845,3298,2547,2208,1310,898
22472,C4920,33,631,District-Krishnagiri,Total,0-4,1068,578,490,71,36,35,278,146,132,30,16,14,149,94,55,63,37,26,4,2,2,366,187,179,107,60,47
22473,C4920,33,631,District-Krishnagiri,Total,5-9,2035,1221,814,189,107,82,301,168,133,250,151,99,259,172,87,268,175,93,6,6,0,512,288,224,250,154,96
22474,C4920,33,631,District-Krishnagiri,Total,10-19,5230,3005,2225,521,278,243,774,413,361,569,337,232,881,550,331,759,426,333,55,27,28,1126,653,473,545,321,224
22475,C4920,33,631,District-Krishnagiri,Total,20-29,5386,2928,2458,437,241,196,861,401,460,534,296,238,1518,886,632,454,242,212,96,52,44,1076,569,507,410,241,169
22476,C4920,33,631,District-Krishnagiri,Total,30-39,4548,2560,1988,415,252,163,732,373,359,390,195,195,1348,848,500,328,154,174,120,75,45,920,496,424,295,167,128
22477,C4920,33,631,District-Krishnagiri,Total,40-49,3813,2326,1487,372,221,151,739,432,307,298,160,138,1128,765,363,190,108,82,109,53,56,741,439,302,236,148,88
22478,C4920,33,631,District-Krishnagiri,Total,50-59,2721,1674,1047,341,183,158,510,282,228,170,107,63,937,625,312,87,55,32,70,31,39,475,310,165,131,81,50
22479,C4920,33,631,District-Krishnagiri,Total,60-69,2099,1226,873,358,173,185,372,187,185,92,60,32,717,477,240,52,28,24,36,18,18,356,208,148,116,75,41
22480,C4920,33,631,District-Krishnagiri,Total,70-79,1202,706,496,247,131,116,249,138,111,34,19,15,365,243,122,23,16,7,19,6,13,193,111,82,72,42,30
22481,C4920,33,631,District-Krishnagiri,Total,80-89,467,234,233,107,48,59,99,56,43,13,6,7,135,76,59,4,2,2,12,4,8,60,24,36,37,18,19
22482,C4920,33,631,District-Krishnagiri,Total,90+,113,62,51,23,9,14,23,15,8,5,3,2,35,20,15,2,2,0,0,0,0,16,10,6,9,3,6
22483,C4920,33,631,District-Krishnagiri,Total,Age Not Stated,9,6,3,0,0,0,1,0,1,0,0,0,1,1,0,2,1,1,1,1,0,4,3,1,0,0,0
22484,C4920,33,631,District-Krishnagiri,Rural,Total,21618,12473,9145,2239,1236,1003,3557,1858,1699,1917,1090,827,5755,3704,2051,1660,922,738,408,207,201,4385,2457,1928,1697,999,698
22485,C4920,33,631,District-Krishnagiri,Rural,0-4,767,421,346,41,17,24,190,100,90,24,12,12,113,75,38,45,30,15,2,0,2,265,139,126,87,48,39
22486,C4920,33,631,District-Krishnagiri,Rural,5-9,1518,899,619,125,69,56,213,117,96,195,118,77,202,138,64,190,124,66,4,4,0,395,211,184,194,118,76
22487,C4920,33,631,District-Krishnagiri,Rural,10-19,3914,2260,1654,329,178,151,550,293,257,472,283,189,675,434,241,557,305,252,43,21,22,865,501,364,423,245,178
22488,C4920,33,631,District-Krishnagiri,Rural,20-29,4125,2269,1856,330,189,141,619,294,325,433,245,188,1166,687,479,340,178,162,82,45,37,821,434,387,334,197,137
22489,C4920,33,631,District-Krishnagiri,Rural,30-39,3346,1881,1465,297,184,113,517,260,257,296,143,153,1031,656,375,248,124,124,92,55,37,653,338,315,212,121,91
22490,C4920,33,631,District-Krishnagiri,Rural,40-49,2853,1728,1125,283,164,119,520,295,225,241,126,115,865,594,271,146,82,64,79,38,41,539,322,217,180,107,73
22491,C4920,33,631,District-Krishnagiri,Rural,50-59,2042,1251,791,260,145,115,372,195,177,139,90,49,695,466,229,66,38,28,56,23,33,350,229,121,104,65,39
22492,C4920,33,631,District-Krishnagiri,Rural,60-69,1612,945,667,269,136,133,286,144,142,78,49,29,559,366,193,43,25,18,26,12,14,276,164,112,75,49,26
22493,C4920,33,631,District-Krishnagiri,Rural,70-79,965,575,390,198,108,90,197,107,90,23,15,8,307,206,101,18,12,6,13,5,8,156,90,66,53,32,21
22494,C4920,33,631,District-Krishnagiri,Rural,80-89,374,190,184,86,38,48,76,43,33,11,6,5,109,64,45,4,2,2,11,4,7,48,18,30,29,15,14
22495,C4920,33,631,District-Krishnagiri,Rural,90+,96,50,46,21,8,13,17,10,7,5,3,2,33,18,15,1,1,0,0,0,0,13,8,5,6,2,4
22496,C4920,33,631,District-Krishnagiri,Rural,Age Not Stated,6,4,2,0,0,0,0,0,0,0,0,0,0,0,0,2,1,1,0,0,0,4,3,1,0,0,0
22497,C4920,33,631,District-Krishnagiri,Urban,Total,7073,4053,3020,842,443,399,1382,753,629,468,260,208,1718,1053,665,572,324,248,120,68,52,1460,841,619,511,311,200
22498,C4920,33,631,District-Krishnagiri,Urban,0-4,301,157,144,30,19,11,88,46,42,6,4,2,36,19,17,18,7,11,2,2,0,101,48,53,20,12,8
22499,C4920,33,631,District-Krishnagiri,Urban,5-9,517,322,195,64,38,26,88,51,37,55,33,22,57,34,23,78,51,27,2,2,0,117,77,40,56,36,20
22500,C4920,33,631,District-Krishnagiri,Urban,10-19,1316,745,571,192,100,92,224,120,104,97,54,43,206,116,90,202,121,81,12,6,6,261,152,109,122,76,46
22501,C4920,33,631,District-Krishnagiri,Urban,20-29,1261,659,602,107,52,55,242,107,135,101,51,50,352,199,153,114,64,50,14,7,7,255,135,120,76,44,32
22502,C4920,33,631,District-Krishnagiri,Urban,30-39,1202,679,523,118,68,50,215,113,102,94,52,42,317,192,125,80,30,50,28,20,8,267,158,109,83,46,37
22503,C4920,33,631,District-Krishnagiri,Urban,40-49,960,598,362,89,57,32,219,137,82,57,34,23,263,171,92,44,26,18,30,15,15,202,117,85,56,41,15
22504,C4920,33,631,District-Krishnagiri,Urban,50-59,679,423,256,81,38,43,138,87,51,31,17,14,242,159,83,21,17,4,14,8,6,125,81,44,27,16,11
22505,C4920,33,631,District-Krishnagiri,Urban,60-69,487,281,206,89,37,52,86,43,43,14,11,3,158,111,47,9,3,6,10,6,4,80,44,36,41,26,15
22506,C4920,33,631,District-Krishnagiri,Urban,70-79,237,131,106,49,23,26,52,31,21,11,4,7,58,37,21,5,4,1,6,1,5,37,21,16,19,10,9
22507,C4920,33,631,District-Krishnagiri,Urban,80-89,93,44,49,21,10,11,23,13,10,2,0,2,26,12,14,0,0,0,1,0,1,12,6,6,8,3,5
22508,C4920,33,631,District-Krishnagiri,Urban,90+,17,12,5,2,1,1,6,5,1,0,0,0,2,2,0,1,1,0,0,0,0,3,2,1,3,1,2
22509,C4920,33,631,District-Krishnagiri,Urban,Age Not Stated,3,2,1,0,0,0,1,0,1,0,0,0,1,1,0,0,0,0,1,1,0,0,0,0,0,0,0
22510,C4920,33,632,District-Coimbatore,Total,Total,52452,28773,23679,5985,3191,2794,12395,5997,6398,3210,1802,1408,10452,6426,4026,4141,2362,1779,1385,741,644,11353,6262,5091,3531,1992,1539
22511,C4920,33,632,District-Coimbatore,Total,0-4,1661,817,844,194,85,109,554,243,311,27,16,11,115,72,43,120,63,57,2,1,1,551,288,263,98,49,49
22512,C4920,33,632,District-Coimbatore,Total,5-9,2663,1501,1162,258,128,130,613,328,285,238,151,87,215,133,82,457,276,181,13,9,4,605,330,275,264,146,118
22513,C4920,33,632,District-Coimbatore,Total,10-19,6763,3674,3089,672,374,298,1597,767,830,506,276,230,695,416,279,1108,664,444,53,26,27,1447,769,678,685,382,303
22514,C4920,33,632,District-Coimbatore,Total,20-29,8562,4479,4083,779,405,374,1914,832,1082,595,326,269,1573,906,667,966,543,423,194,112,82,1902,1000,902,639,355,284
22515,C4920,33,632,District-Coimbatore,Total,30-39,9013,4918,4095,926,500,426,1913,932,981,585,309,276,1991,1192,799,666,365,301,370,219,151,2005,1087,918,557,314,243
22516,C4920,33,632,District-Coimbatore,Total,40-49,8141,4624,3517,936,530,406,1837,887,950,515,281,234,1755,1141,614,443,258,185,354,193,161,1861,1064,797,440,270,170
22517,C4920,33,632,District-Coimbatore,Total,50-59,6458,3818,2640,875,489,386,1485,773,712,359,223,136,1636,1100,536,226,120,106,218,111,107,1330,799,531,329,203,126
22518,C4920,33,632,District-Coimbatore,Total,60-69,4807,2724,2083,679,362,317,1188,587,601,231,142,89,1307,833,474,96,49,47,98,38,60,980,575,405,228,138,90
22519,C4920,33,632,District-Coimbatore,Total,70-79,2826,1495,1331,428,218,210,829,431,398,108,60,48,740,425,315,43,21,22,52,18,34,460,243,217,166,79,87
22520,C4920,33,632,District-Coimbatore,Total,80-89,1245,589,656,199,87,112,372,178,194,32,10,22,341,170,171,13,2,11,22,9,13,173,88,85,93,45,48
22521,C4920,33,632,District-Coimbatore,Total,90+,249,101,148,35,11,24,73,31,42,10,5,5,76,34,42,2,1,1,5,2,3,22,9,13,26,8,18
22522,C4920,33,632,District-Coimbatore,Total,Age Not Stated,64,33,31,4,2,2,20,8,12,4,3,1,8,4,4,1,0,1,4,3,1,17,10,7,6,3,3
22523,C4920,33,632,District-Coimbatore,Rural,Total,13127,7297,5830,1603,853,750,2389,1193,1196,884,490,394,3135,1915,1220,962,535,427,459,240,219,2573,1443,1130,1122,628,494
22524,C4920,33,632,District-Coimbatore,Rural,0-4,291,148,143,34,14,20,62,29,33,6,4,2,31,20,11,20,14,6,0,0,0,108,54,54,30,13,17
22525,C4920,33,632,District-Coimbatore,Rural,5-9,591,331,260,66,33,33,84,48,36,49,21,28,62,37,25,112,60,52,4,3,1,128,79,49,86,50,36
22526,C4920,33,632,District-Coimbatore,Rural,10-19,1591,873,718,166,95,71,248,136,112,130,77,53,224,132,92,255,140,115,20,10,10,347,181,166,201,102,99
22527,C4920,33,632,District-Coimbatore,Rural,20-29,1863,1006,857,166,90,76,285,128,157,165,89,76,394,221,173,209,119,90,58,31,27,416,226,190,170,102,68
22528,C4920,33,632,District-Coimbatore,Rural,30-39,2070,1144,926,228,129,99,321,141,180,167,89,78,541,323,218,147,83,64,114,68,46,404,224,180,148,87,61
22529,C4920,33,632,District-Coimbatore,Rural,40-49,2039,1189,850,241,133,108,361,194,167,154,83,71,494,331,163,114,70,44,110,58,52,426,234,192,139,86,53
22530,C4920,33,632,District-Coimbatore,Rural,50-59,1644,981,663,236,123,113,318,176,142,95,58,37,469,309,160,53,21,32,81,41,40,281,182,99,111,71,40
22531,C4920,33,632,District-Coimbatore,Rural,60-69,1449,804,645,219,113,106,304,142,162,75,47,28,440,273,167,31,16,15,37,16,21,255,151,104,88,46,42
22532,C4920,33,632,District-Coimbatore,Rural,70-79,1005,534,471,149,79,70,259,129,130,30,17,13,297,170,127,16,10,6,24,8,16,147,81,66,83,40,43
22533,C4920,33,632,District-Coimbatore,Rural,80-89,467,233,234,86,39,47,120,58,62,9,3,6,140,75,65,4,2,2,7,4,3,49,25,24,52,27,25
22534,C4920,33,632,District-Coimbatore,Rural,90+,101,44,57,11,4,7,23,10,13,4,2,2,41,23,18,0,0,0,2,0,2,8,3,5,12,2,10
22535,C4920,33,632,District-Coimbatore,Rural,Age Not Stated,16,10,6,1,1,0,4,2,2,0,0,0,2,1,1,1,0,1,2,1,1,4,3,1,2,2,0
22536,C4920,33,632,District-Coimbatore,Urban,Total,39325,21476,17849,4382,2338,2044,10006,4804,5202,2326,1312,1014,7317,4511,2806,3179,1827,1352,926,501,425,8780,4819,3961,2409,1364,1045
22537,C4920,33,632,District-Coimbatore,Urban,0-4,1370,669,701,160,71,89,492,214,278,21,12,9,84,52,32,100,49,51,2,1,1,443,234,209,68,36,32
22538,C4920,33,632,District-Coimbatore,Urban,5-9,2072,1170,902,192,95,97,529,280,249,189,130,59,153,96,57,345,216,129,9,6,3,477,251,226,178,96,82
22539,C4920,33,632,District-Coimbatore,Urban,10-19,5172,2801,2371,506,279,227,1349,631,718,376,199,177,471,284,187,853,524,329,33,16,17,1100,588,512,484,280,204
22540,C4920,33,632,District-Coimbatore,Urban,20-29,6699,3473,3226,613,315,298,1629,704,925,430,237,193,1179,685,494,757,424,333,136,81,55,1486,774,712,469,253,216
22541,C4920,33,632,District-Coimbatore,Urban,30-39,6943,3774,3169,698,371,327,1592,791,801,418,220,198,1450,869,581,519,282,237,256,151,105,1601,863,738,409,227,182
22542,C4920,33,632,District-Coimbatore,Urban,40-49,6102,3435,2667,695,397,298,1476,693,783,361,198,163,1261,810,451,329,188,141,244,135,109,1435,830,605,301,184,117
22543,C4920,33,632,District-Coimbatore,Urban,50-59,4814,2837,1977,639,366,273,1167,597,570,264,165,99,1167,791,376,173,99,74,137,70,67,1049,617,432,218,132,86
22544,C4920,33,632,District-Coimbatore,Urban,60-69,3358,1920,1438,460,249,211,884,445,439,156,95,61,867,560,307,65,33,32,61,22,39,725,424,301,140,92,48
22545,C4920,33,632,District-Coimbatore,Urban,70-79,1821,961,860,279,139,140,570,302,268,78,43,35,443,255,188,27,11,16,28,10,18,313,162,151,83,39,44
22546,C4920,33,632,District-Coimbatore,Urban,80-89,778,356,422,113,48,65,252,120,132,23,7,16,201,95,106,9,0,9,15,5,10,124,63,61,41,18,23
22547,C4920,33,632,District-Coimbatore,Urban,90+,148,57,91,24,7,17,50,21,29,6,3,3,35,11,24,2,1,1,3,2,1,14,6,8,14,6,8
22548,C4920,33,632,District-Coimbatore,Urban,Age Not Stated,48,23,25,3,1,2,16,6,10,4,3,1,6,3,3,0,0,0,2,2,0,13,7,6,4,1,3
22549,C4920,33,633,District-Tiruppur,Total,Total,33491,18884,14607,3111,1720,1391,6120,3100,3020,2342,1356,986,7872,4895,2977,2607,1452,1155,1001,548,453,7507,4133,3374,2931,1680,1251
22550,C4920,33,633,District-Tiruppur,Total,0-4,974,553,421,68,32,36,211,117,94,24,15,9,108,67,41,92,54,38,2,2,0,367,197,170,102,69,33
22551,C4920,33,633,District-Tiruppur,Total,5-9,1703,983,720,80,48,32,276,153,123,175,98,77,204,135,69,268,166,102,10,4,6,469,248,221,221,131,90
22552,C4920,33,633,District-Tiruppur,Total,10-19,4287,2497,1790,280,160,120,828,499,329,388,234,154,577,354,223,708,402,306,50,25,25,876,492,384,580,331,249
22553,C4920,33,633,District-Tiruppur,Total,20-29,5552,2901,2651,378,208,170,839,382,457,492,263,229,1329,724,605,606,336,270,132,68,64,1294,650,644,482,270,212
22554,C4920,33,633,District-Tiruppur,Total,30-39,5585,3076,2509,384,213,171,860,404,456,431,251,180,1546,913,633,394,214,180,250,143,107,1292,699,593,428,239,189
22555,C4920,33,633,District-Tiruppur,Total,40-49,5291,3126,2165,470,274,196,894,458,436,371,214,157,1391,945,446,284,146,138,269,163,106,1204,683,521,408,243,165
22556,C4920,33,633,District-Tiruppur,Total,50-59,3830,2278,1552,451,262,189,702,364,338,207,127,80,1099,736,363,145,78,67,147,78,69,840,498,342,239,135,104
22557,C4920,33,633,District-Tiruppur,Total,60-69,3310,1872,1438,470,228,242,690,322,368,142,93,49,923,621,302,73,37,36,89,40,49,693,402,291,230,129,101
22558,C4920,33,633,District-Tiruppur,Total,70-79,1984,1080,904,332,192,140,525,249,276,86,46,40,489,288,201,27,13,14,41,21,20,334,182,152,150,89,61
22559,C4920,33,633,District-Tiruppur,Total,80-89,781,416,365,165,85,80,239,123,116,20,12,8,165,92,73,6,3,3,9,3,6,112,72,40,65,26,39
22560,C4920,33,633,District-Tiruppur,Total,90+,156,86,70,30,17,13,40,22,18,5,2,3,35,18,17,2,2,0,2,1,1,18,7,11,24,17,7
22561,C4920,33,633,District-Tiruppur,Total,Age Not Stated,38,16,22,3,1,2,16,7,9,1,1,0,6,2,4,2,1,1,0,0,0,8,3,5,2,1,1
22562,C4920,33,633,District-Tiruppur,Rural,Total,13764,7798,5966,1472,805,667,2517,1304,1213,995,571,424,3301,2038,1263,1184,657,527,504,273,231,2615,1485,1130,1176,665,511
22563,C4920,33,633,District-Tiruppur,Rural,0-4,292,171,121,24,13,11,55,31,24,10,5,5,39,25,14,27,16,11,1,1,0,107,57,50,29,23,6
22564,C4920,33,633,District-Tiruppur,Rural,5-9,623,359,264,29,19,10,86,52,34,63,39,24,79,49,30,119,64,55,5,3,2,157,84,73,85,49,36
22565,C4920,33,633,District-Tiruppur,Rural,10-19,1765,1079,686,123,71,52,386,279,107,168,94,74,255,154,101,316,191,125,19,11,8,290,161,129,208,118,90
22566,C4920,33,633,District-Tiruppur,Rural,20-29,2016,1077,939,167,88,79,255,127,128,181,89,92,470,258,212,273,148,125,59,31,28,424,227,197,187,109,78
22567,C4920,33,633,District-Tiruppur,Rural,30-39,2060,1133,927,182,101,81,299,124,175,182,111,71,561,334,227,174,104,70,123,64,59,390,213,177,149,82,67
22568,C4920,33,633,District-Tiruppur,Rural,40-49,2190,1277,913,210,117,93,342,167,175,183,103,80,593,393,200,141,76,65,139,80,59,418,243,175,164,98,66
22569,C4920,33,633,District-Tiruppur,Rural,50-59,1638,939,699,204,115,89,305,153,152,91,59,32,475,304,171,73,29,44,86,45,41,308,185,123,96,49,47
22570,C4920,33,633,District-Tiruppur,Rural,60-69,1568,882,686,223,109,114,344,149,195,65,40,25,445,301,144,38,16,22,45,23,22,300,185,115,108,59,49
22571,C4920,33,633,District-Tiruppur,Rural,70-79,1081,601,480,197,117,80,287,140,147,38,22,16,269,158,111,19,11,8,21,13,8,160,90,70,90,50,40
22572,C4920,33,633,District-Tiruppur,Rural,80-89,431,225,206,92,43,49,133,68,65,9,6,3,91,50,41,1,0,1,6,2,4,55,38,17,44,18,26
22573,C4920,33,633,District-Tiruppur,Rural,90+,91,50,41,20,12,8,22,12,10,4,2,2,23,12,11,1,1,0,0,0,0,6,2,4,15,9,6
22574,C4920,33,633,District-Tiruppur,Rural,Age Not Stated,9,5,4,1,0,1,3,2,1,1,1,0,1,0,1,2,1,1,0,0,0,0,0,0,1,1,0
22575,C4920,33,633,District-Tiruppur,Urban,Total,19727,11086,8641,1639,915,724,3603,1796,1807,1347,785,562,4571,2857,1714,1423,795,628,497,275,222,4892,2648,2244,1755,1015,740
22576,C4920,33,633,District-Tiruppur,Urban,0-4,682,382,300,44,19,25,156,86,70,14,10,4,69,42,27,65,38,27,1,1,0,260,140,120,73,46,27
22577,C4920,33,633,District-Tiruppur,Urban,5-9,1080,624,456,51,29,22,190,101,89,112,59,53,125,86,39,149,102,47,5,1,4,312,164,148,136,82,54
22578,C4920,33,633,District-Tiruppur,Urban,10-19,2522,1418,1104,157,89,68,442,220,222,220,140,80,322,200,122,392,211,181,31,14,17,586,331,255,372,213,159
22579,C4920,33,633,District-Tiruppur,Urban,20-29,3536,1824,1712,211,120,91,584,255,329,311,174,137,859,466,393,333,188,145,73,37,36,870,423,447,295,161,134
22580,C4920,33,633,District-Tiruppur,Urban,30-39,3525,1943,1582,202,112,90,561,280,281,249,140,109,985,579,406,220,110,110,127,79,48,902,486,416,279,157,122
22581,C4920,33,633,District-Tiruppur,Urban,40-49,3101,1849,1252,260,157,103,552,291,261,188,111,77,798,552,246,143,70,73,130,83,47,786,440,346,244,145,99
22582,C4920,33,633,District-Tiruppur,Urban,50-59,2192,1339,853,247,147,100,397,211,186,116,68,48,624,432,192,72,49,23,61,33,28,532,313,219,143,86,57
22583,C4920,33,633,District-Tiruppur,Urban,60-69,1742,990,752,247,119,128,346,173,173,77,53,24,478,320,158,35,21,14,44,17,27,393,217,176,122,70,52
22584,C4920,33,633,District-Tiruppur,Urban,70-79,903,479,424,135,75,60,238,109,129,48,24,24,220,130,90,8,2,6,20,8,12,174,92,82,60,39,21
22585,C4920,33,633,District-Tiruppur,Urban,80-89,350,191,159,73,42,31,106,55,51,11,6,5,74,42,32,5,3,2,3,1,2,57,34,23,21,8,13
22586,C4920,33,633,District-Tiruppur,Urban,90+,65,36,29,10,5,5,18,10,8,1,0,1,12,6,6,1,1,0,2,1,1,12,5,7,9,8,1
22587,C4920,33,633,District-Tiruppur,Urban,Age Not Stated,29,11,18,2,1,1,13,5,8,0,0,0,5,2,3,0,0,0,0,0,0,8,3,5,1,0,1
22588,C4920,9,0,State-UTTAR PRADESH,Total,0-4,262840,139638,123202,53560,28086,25474,83397,43208,40189,5094,2823,2271,15372,8897,6475,6867,3772,3095,1340,828,512,88040,46763,41277,9170,5261,3909
22589,C4920,9,0,State-UTTAR PRADESH,Total,5-9,382914,209100,173814,70532,37324,33208,108161,56430,51731,33453,18802,14651,31060,18864,12196,16588,9826,6762,4308,2602,1706,97541,52193,45348,21271,13059,8212
22590,C4920,9,0,State-UTTAR PRADESH,Total,10-19,905394,512595,392799,142921,76688,66233,222809,118240,104569,70377,39911,30466,144136,91594,52542,52713,32185,20528,17828,10829,6999,205154,112547,92607,49456,30601,18855
22591,C4920,9,0,State-UTTAR PRADESH,Total,20-29,669835,402009,267826,97154,53356,43798,156759,84679,72080,46300,26706,19594,141110,99065,42045,35348,23460,11888,15426,10385,5041,148393,85029,63364,29345,19329,10016
22592,C4920,9,0,State-UTTAR PRADESH,Total,30-39,523705,306085,217620,82223,44809,37414,127678,67670,60008,36932,20601,16331,91140,62652,28488,28005,18407,9598,13836,9474,4362,124889,70351,54538,19002,12121,6881
22593,C4920,9,0,State-UTTAR PRADESH,Total,40-49,404929,243899,161030,72108,41050,31058,99279,54829,44450,27961,15963,11998,63682,45390,18292,19422,12852,6570,10604,7179,3425,97659,57394,40265,14214,9242,4972
22594,C4920,9,0,State-UTTAR PRADESH,Total,50-59,306141,176150,129991,66512,36104,30408,72332,38409,33923,18724,10590,8134,51623,34486,17137,10178,6370,3808,5959,3671,2288,68770,39467,29303,12043,7053,4990
22595,C4920,9,0,State-UTTAR PRADESH,Total,60-69,333428,181485,151943,87316,44736,42580,74632,38511,36121,15160,8611,6549,64880,39090,25790,6726,3833,2893,4156,2442,1714,60461,34217,26244,20097,10045,10052
22596,C4920,9,0,State-UTTAR PRADESH,Total,70-79,208609,110356,98253,55787,28054,27733,46064,24028,22036,6884,3997,2887,45036,25384,19652,2696,1512,1184,1879,1020,859,28645,16166,12479,21618,10195,11423
22597,C4920,9,0,State-UTTAR PRADESH,Total,80-89,84523,43061,41462,21252,10279,10973,18264,9575,8689,2190,1229,961,18944,10131,8813,882,479,403,524,263,261,9447,5130,4317,13020,5975,7045
22598,C4920,9,0,State-UTTAR PRADESH,Total,90+,33685,16584,17101,7275,3430,3845,7265,3670,3595,1002,554,448,6661,3418,3243,548,311,237,263,129,134,4288,2316,1972,6383,2756,3627
22599,C4920,9,0,State-UTTAR PRADESH,Total,Age Not Stated,41511,23209,18302,7348,3946,3402,11195,5930,5265,2509,1383,1126,4069,2644,1425,1369,834,535,480,299,181,13149,7391,5758,1392,782,610
22600,C4920,9,0,State-UTTAR PRADESH,Rural,Total,3166615,1803715,1362900,579182,307821,271361,753704,398665,355039,202152,114665,87487,543203,355061,188142,140097,88236,51861,57497,37021,20476,720020,402738,317282,170760,99508,71252
22601,C4920,9,0,State-UTTAR PRADESH,Rural,0-4,204864,108601,96263,41404,21568,19836,63995,33098,30897,3989,2215,1774,12494,7220,5274,5290,2889,2401,1003,628,375,69489,36838,32651,7200,4145,3055
22602,C4920,9,0,State-UTTAR PRADESH,Rural,5-9,302405,165088,137317,54748,28891,25857,83479,43558,39921,26682,15003,11679,25700,15614,10086,13446,7948,5498,3395,2056,1339,77975,41559,36416,16980,10459,6521
22603,C4920,9,0,State-UTTAR PRADESH,Rural,10-19,699178,396999,302179,107643,57544,50099,165169,87743,77426,54706,30986,23720,118691,75689,43002,41879,25607,16272,13616,8263,5353,158488,86864,71624,38986,24303,14683
22604,C4920,9,0,State-UTTAR PRADESH,Rural,20-29,487110,295888,191222,68453,37820,30633,106315,57275,49040,33760,19675,14085,112171,79627,32544,26341,17711,8630,11289,7650,3639,106964,61622,45342,21817,14508,7309
22605,C4920,9,0,State-UTTAR PRADESH,Rural,30-39,387946,228072,159874,59476,32448,27028,89443,47184,42259,27396,15253,12143,72311,49834,22477,21516,14260,7256,10423,7235,3188,93078,52683,40395,14303,9175,5128
22606,C4920,9,0,State-UTTAR PRADESH,Rural,40-49,295406,178735,116671,51685,29317,22368,69181,38046,31135,20530,11681,8849,49349,35229,14120,14541,9695,4846,7840,5383,2457,71584,42377,29207,10696,7007,3689
22607,C4920,9,0,State-UTTAR PRADESH,Rural,50-59,226654,130081,96573,49349,26551,22798,52342,27516,24826,13614,7666,5948,39456,26362,13094,7570,4731,2839,4371,2681,1690,50909,29305,21604,9043,5269,3774
22608,C4920,9,0,State-UTTAR PRADESH,Rural,60-69,266304,144187,122117,70789,36018,34771,58999,30341,28658,11730,6596,5134,51994,31232,20762,5326,3000,2326,3182,1834,1348,47903,27075,20828,16381,8091,8290
22609,C4920,9,0,State-UTTAR PRADESH,Rural,70-79,171039,90689,80350,46656,23465,23191,37381,19549,17832,5412,3151,2261,36832,20934,15898,2109,1176,933,1457,796,661,23102,13091,10011,18090,8527,9563
22610,C4920,9,0,State-UTTAR PRADESH,Rural,80-89,69520,35624,33896,17834,8610,9224,14809,7789,7020,1735,980,755,15607,8462,7145,682,383,299,394,205,189,7621,4151,3470,10838,5044,5794
22611,C4920,9,0,State-UTTAR PRADESH,Rural,90+,27052,13455,13597,5917,2805,3112,5597,2868,2729,737,423,314,5515,2844,2671,393,223,170,195,94,101,3266,1784,1482,5432,2414,3018
22612,C4920,9,0,State-UTTAR PRADESH,Rural,Age Not Stated,29137,16296,12841,5228,2784,2444,6994,3698,3296,1861,1036,825,3083,2014,1069,1004,613,391,332,196,136,9641,5389,4252,994,566,428
22613,C4920,9,0,State-UTTAR PRADESH,Urban,Total,990899,560456,430443,184806,100041,84765,274131,146514,127617,64434,36505,27929,134510,86554,47956,41245,25605,15640,19106,12100,7006,226416,126226,100190,46251,26911,19340
22614,C4920,9,0,State-UTTAR PRADESH,Urban,0-4,57976,31037,26939,12156,6518,5638,19402,10110,9292,1105,608,497,2878,1677,1201,1577,883,694,337,200,137,18551,9925,8626,1970,1116,854
22615,C4920,9,0,State-UTTAR PRADESH,Urban,5-9,80509,44012,36497,15784,8433,7351,24682,12872,11810,6771,3799,2972,5360,3250,2110,3142,1878,1264,913,546,367,19566,10634,8932,4291,2600,1691
22616,C4920,9,0,State-UTTAR PRADESH,Urban,10-19,206216,115596,90620,35278,19144,16134,57640,30497,27143,15671,8925,6746,25445,15905,9540,10834,6578,4256,4212,2566,1646,46666,25683,20983,10470,6298,4172
22617,C4920,9,0,State-UTTAR PRADESH,Urban,20-29,182725,106121,76604,28701,15536,13165,50444,27404,23040,12540,7031,5509,28939,19438,9501,9007,5749,3258,4137,2735,1402,41429,23407,18022,7528,4821,2707
22618,C4920,9,0,State-UTTAR PRADESH,Urban,30-39,135759,78013,57746,22747,12361,10386,38235,20486,17749,9536,5348,4188,18829,12818,6011,6489,4147,2342,3413,2239,1174,31811,17668,14143,4699,2946,1753
22619,C4920,9,0,State-UTTAR PRADESH,Urban,40-49,109523,65164,44359,20423,11733,8690,30098,16783,13315,7431,4282,3149,14333,10161,4172,4881,3157,1724,2764,1796,968,26075,15017,11058,3518,2235,1283
22620,C4920,9,0,State-UTTAR PRADESH,Urban,50-59,79487,46069,33418,17163,9553,7610,19990,10893,9097,5110,2924,2186,12167,8124,4043,2608,1639,969,1588,990,598,17861,10162,7699,3000,1784,1216
22621,C4920,9,0,State-UTTAR PRADESH,Urban,60-69,67124,37298,29826,16527,8718,7809,15633,8170,7463,3430,2015,1415,12886,7858,5028,1400,833,567,974,608,366,12558,7142,5416,3716,1954,1762
22622,C4920,9,0,State-UTTAR PRADESH,Urban,70-79,37570,19667,17903,9131,4589,4542,8683,4479,4204,1472,846,626,8204,4450,3754,587,336,251,422,224,198,5543,3075,2468,3528,1668,1860
22623,C4920,9,0,State-UTTAR PRADESH,Urban,80-89,15003,7437,7566,3418,1669,1749,3455,1786,1669,455,249,206,3337,1669,1668,200,96,104,130,58,72,1826,979,847,2182,931,1251
22624,C4920,9,0,State-UTTAR PRADESH,Urban,90+,6633,3129,3504,1358,625,733,1668,802,866,265,131,134,1146,574,572,155,88,67,68,35,33,1022,532,490,951,342,609
22625,C4920,9,0,State-UTTAR PRADESH,Urban,Age Not Stated,12374,6913,5461,2120,1162,958,4201,2232,1969,648,347,301,986,630,356,365,221,144,148,103,45,3508,2002,1506,398,216,182
22626,C4920,9,132,District-Saharanpur,Total,Total,61271,35207,26064,9060,4664,4396,12905,6725,6180,3881,2230,1651,12789,8185,4604,3501,2245,1256,2251,1355,896,12224,7055,5169,4660,2748,1912
22627,C4920,9,132,District-Saharanpur,Total,0-4,3238,1812,1426,431,216,215,958,527,431,70,36,34,248,150,98,110,67,43,81,50,31,1135,639,496,205,127,78
22628,C4920,9,132,District-Saharanpur,Total,5-9,4735,2703,2032,550,294,256,1131,583,548,524,309,215,473,300,173,351,213,138,136,88,48,1074,595,479,496,321,175
22629,C4920,9,132,District-Saharanpur,Total,10-19,13449,7816,5633,1351,711,640,2794,1457,1337,1078,642,436,3014,1881,1133,1166,752,414,539,312,227,2458,1356,1102,1049,705,344
22630,C4920,9,132,District-Saharanpur,Total,20-29,9993,6208,3785,891,527,364,1995,1097,898,668,383,285,2741,1882,859,723,493,230,450,288,162,1900,1141,759,625,397,228
22631,C4920,9,132,District-Saharanpur,Total,30-39,7280,4322,2958,716,396,320,1440,735,705,511,303,208,1844,1209,635,428,280,148,368,228,140,1598,935,663,375,236,139
22632,C4920,9,132,District-Saharanpur,Total,40-49,6051,3700,2351,843,457,386,1226,660,566,381,206,175,1265,909,356,339,209,130,316,194,122,1379,877,502,302,188,114
22633,C4920,9,132,District-Saharanpur,Total,50-59,4596,2530,2066,964,466,498,911,459,452,236,120,116,930,593,337,159,103,56,152,89,63,960,559,401,284,141,143
22634,C4920,9,132,District-Saharanpur,Total,60-69,5061,2643,2418,1494,732,762,923,454,469,165,94,71,1089,630,459,103,53,50,111,60,51,800,443,357,376,177,199
22635,C4920,9,132,District-Saharanpur,Total,70-79,3562,1760,1802,1073,505,568,736,344,392,101,60,41,675,354,321,47,31,16,58,20,38,405,232,173,467,214,253
22636,C4920,9,132,District-Saharanpur,Total,80-89,1635,821,814,490,239,251,293,150,143,39,16,23,308,157,151,29,13,16,19,12,7,171,93,78,286,141,145
22637,C4920,9,132,District-Saharanpur,Total,90+,665,338,327,141,61,80,150,81,69,12,6,6,114,61,53,20,11,9,12,7,5,63,31,32,153,80,73
22638,C4920,9,132,District-Saharanpur,Total,Age Not Stated,1006,554,452,116,60,56,348,178,170,96,55,41,88,59,29,26,20,6,9,7,2,281,154,127,42,21,21
22639,C4920,9,132,District-Saharanpur,Rural,Total,42833,24691,18142,6455,3325,3130,8496,4357,4139,2708,1564,1144,9217,5957,3260,2373,1507,866,1585,936,649,8677,5074,3603,3322,1971,1351
22640,C4920,9,132,District-Saharanpur,Rural,0-4,2236,1247,989,281,136,145,649,359,290,45,23,22,163,99,64,74,42,32,66,43,23,824,464,360,134,81,53
22641,C4920,9,132,District-Saharanpur,Rural,5-9,3398,1959,1439,379,197,182,765,392,373,380,228,152,359,233,126,268,164,104,98,62,36,780,440,340,369,243,126
22642,C4920,9,132,District-Saharanpur,Rural,10-19,9738,5692,4046,956,519,437,1880,958,922,769,461,308,2336,1480,856,850,549,301,385,217,168,1784,979,805,778,529,249
22643,C4920,9,132,District-Saharanpur,Rural,20-29,6791,4260,2531,591,371,220,1223,619,604,451,259,192,2042,1428,614,457,311,146,308,190,118,1305,812,493,414,270,144
22644,C4920,9,132,District-Saharanpur,Rural,30-39,5040,2989,2051,480,265,215,928,479,449,346,203,143,1347,871,476,281,180,101,263,163,100,1141,674,467,254,154,100
22645,C4920,9,132,District-Saharanpur,Rural,40-49,4089,2477,1612,566,304,262,815,418,397,263,140,123,880,631,249,203,117,86,209,126,83,958,620,338,195,121,74
22646,C4920,9,132,District-Saharanpur,Rural,50-59,3086,1680,1406,686,311,375,601,299,302,153,81,72,599,381,218,92,61,31,107,61,46,670,402,268,178,84,94
22647,C4920,9,132,District-Saharanpur,Rural,60-69,3552,1869,1683,1116,553,563,645,336,309,121,67,54,700,406,294,62,29,33,77,42,35,556,305,251,275,131,144
22648,C4920,9,132,District-Saharanpur,Rural,70-79,2560,1275,1285,826,397,429,517,245,272,72,44,28,437,236,201,34,20,14,43,13,30,283,165,118,348,155,193
22649,C4920,9,132,District-Saharanpur,Rural,80-89,1217,622,595,388,181,207,210,109,101,22,8,14,212,110,102,24,13,11,14,10,4,127,73,54,220,118,102
22650,C4920,9,132,District-Saharanpur,Rural,90+,520,269,251,117,50,67,119,62,57,12,6,6,82,44,38,13,8,5,9,5,4,41,24,17,127,70,57
22651,C4920,9,132,District-Saharanpur,Rural,Age Not Stated,606,352,254,69,41,28,144,81,63,74,44,30,60,38,22,15,13,2,6,4,2,208,116,92,30,15,15
22652,C4920,9,132,District-Saharanpur,Urban,Total,18438,10516,7922,2605,1339,1266,4409,2368,2041,1173,666,507,3572,2228,1344,1128,738,390,666,419,247,3547,1981,1566,1338,777,561
22653,C4920,9,132,District-Saharanpur,Urban,0-4,1002,565,437,150,80,70,309,168,141,25,13,12,85,51,34,36,25,11,15,7,8,311,175,136,71,46,25
22654,C4920,9,132,District-Saharanpur,Urban,5-9,1337,744,593,171,97,74,366,191,175,144,81,63,114,67,47,83,49,34,38,26,12,294,155,139,127,78,49
22655,C4920,9,132,District-Saharanpur,Urban,10-19,3711,2124,1587,395,192,203,914,499,415,309,181,128,678,401,277,316,203,113,154,95,59,674,377,297,271,176,95
22656,C4920,9,132,District-Saharanpur,Urban,20-29,3202,1948,1254,300,156,144,772,478,294,217,124,93,699,454,245,266,182,84,142,98,44,595,329,266,211,127,84
22657,C4920,9,132,District-Saharanpur,Urban,30-39,2240,1333,907,236,131,105,512,256,256,165,100,65,497,338,159,147,100,47,105,65,40,457,261,196,121,82,39
22658,C4920,9,132,District-Saharanpur,Urban,40-49,1962,1223,739,277,153,124,411,242,169,118,66,52,385,278,107,136,92,44,107,68,39,421,257,164,107,67,40
22659,C4920,9,132,District-Saharanpur,Urban,50-59,1510,850,660,278,155,123,310,160,150,83,39,44,331,212,119,67,42,25,45,28,17,290,157,133,106,57,49
22660,C4920,9,132,District-Saharanpur,Urban,60-69,1509,774,735,378,179,199,278,118,160,44,27,17,389,224,165,41,24,17,34,18,16,244,138,106,101,46,55
22661,C4920,9,132,District-Saharanpur,Urban,70-79,1002,485,517,247,108,139,219,99,120,29,16,13,238,118,120,13,11,2,15,7,8,122,67,55,119,59,60
22662,C4920,9,132,District-Saharanpur,Urban,80-89,418,199,219,102,58,44,83,41,42,17,8,9,96,47,49,5,0,5,5,2,3,44,20,24,66,23,43
22663,C4920,9,132,District-Saharanpur,Urban,90+,145,69,76,24,11,13,31,19,12,0,0,0,32,17,15,7,3,4,3,2,1,22,7,15,26,10,16
22664,C4920,9,132,District-Saharanpur,Urban,Age Not Stated,400,202,198,47,19,28,204,97,107,22,11,11,28,21,7,11,7,4,3,3,0,73,38,35,12,6,6
22665,C4920,9,133,District-Muzaffarnagar,Total,Total,65775,38545,27230,10395,5512,4883,13201,6956,6245,3944,2354,1590,15808,10330,5478,3464,2240,1224,1715,1076,639,12237,7068,5169,5011,3009,2002
22666,C4920,9,133,District-Muzaffarnagar,Total,0-4,3566,1943,1623,624,334,290,1025,520,505,56,32,24,362,211,151,107,67,40,40,26,14,1133,622,511,219,131,88
22667,C4920,9,133,District-Muzaffarnagar,Total,5-9,5671,3317,2354,790,437,353,1303,699,604,589,355,234,689,462,227,337,215,122,136,83,53,1212,674,538,615,392,223
22668,C4920,9,133,District-Muzaffarnagar,Total,10-19,15530,9140,6390,1679,910,769,2852,1486,1366,1214,719,495,4187,2666,1521,1213,772,441,470,289,181,2644,1502,1142,1271,796,475
22669,C4920,9,133,District-Muzaffarnagar,Total,20-29,10714,6808,3906,1088,607,481,1874,1031,843,699,430,269,3479,2445,1034,695,483,212,305,214,91,1913,1149,764,661,449,212
22670,C4920,9,133,District-Muzaffarnagar,Total,30-39,7575,4634,2941,884,484,400,1411,750,661,455,276,179,2191,1487,704,470,309,161,272,188,84,1533,890,643,359,250,109
22671,C4920,9,133,District-Muzaffarnagar,Total,40-49,6024,3697,2327,862,496,366,1180,658,522,382,231,151,1410,961,449,312,203,109,201,115,86,1368,828,540,309,205,104
22672,C4920,9,133,District-Muzaffarnagar,Total,50-59,4612,2652,1960,949,497,452,954,494,460,228,130,98,1013,662,351,159,101,58,132,79,53,905,538,367,272,151,121
22673,C4920,9,133,District-Muzaffarnagar,Total,60-69,5312,2809,2503,1566,770,796,1025,485,540,163,89,74,1169,714,455,110,57,53,93,48,45,796,446,350,390,200,190
22674,C4920,9,133,District-Muzaffarnagar,Total,70-79,3834,1960,1874,1170,557,613,855,423,432,80,45,35,790,443,347,32,16,16,43,21,22,437,247,190,427,208,219
22675,C4920,9,133,District-Muzaffarnagar,Total,80-89,1842,992,850,536,284,252,427,241,186,37,21,16,352,200,152,12,7,5,14,7,7,144,81,63,320,151,169
22676,C4920,9,133,District-Muzaffarnagar,Total,90+,651,323,328,165,85,80,144,82,62,16,10,6,120,51,69,9,5,4,4,3,1,44,24,20,149,63,86
22677,C4920,9,133,District-Muzaffarnagar,Total,Age Not Stated,444,270,174,82,51,31,151,87,64,25,16,9,46,28,18,8,5,3,5,3,2,108,67,41,19,13,6
22678,C4920,9,133,District-Muzaffarnagar,Rural,Total,47871,28133,19738,7627,3985,3642,9150,4855,4295,2693,1626,1067,11958,7844,4114,2477,1593,884,1197,761,436,9043,5236,3807,3726,2233,1493
22679,C4920,9,133,District-Muzaffarnagar,Rural,0-4,2609,1407,1202,445,228,217,733,367,366,37,23,14,275,161,114,76,48,28,29,20,9,863,468,395,151,92,59
22680,C4920,9,133,District-Muzaffarnagar,Rural,5-9,4159,2429,1730,576,313,263,920,501,419,445,264,181,528,351,177,245,159,86,99,60,39,908,497,411,438,284,154
22681,C4920,9,133,District-Muzaffarnagar,Rural,10-19,11461,6803,4658,1203,647,556,1956,1037,919,831,503,328,3275,2090,1185,903,570,333,330,201,129,1993,1149,844,970,606,364
22682,C4920,9,133,District-Muzaffarnagar,Rural,20-29,7559,4896,2663,741,425,316,1211,673,538,464,292,172,2647,1863,784,473,334,139,205,151,54,1357,827,530,461,331,130
22683,C4920,9,133,District-Muzaffarnagar,Rural,30-39,5394,3324,2070,648,346,302,937,502,435,301,183,118,1631,1117,514,321,212,109,182,137,45,1119,647,472,255,180,75
22684,C4920,9,133,District-Muzaffarnagar,Rural,40-49,4184,2551,1633,594,337,257,769,436,333,243,144,99,1017,694,323,215,133,82,135,76,59,992,589,403,219,142,77
22685,C4920,9,133,District-Muzaffarnagar,Rural,50-59,3190,1826,1364,635,331,304,661,335,326,141,81,60,727,477,250,111,67,44,93,51,42,633,383,250,189,101,88
22686,C4920,9,133,District-Muzaffarnagar,Rural,60-69,4002,2106,1896,1194,576,618,760,355,405,114,68,46,864,528,336,85,43,42,75,39,36,616,352,264,294,145,149
22687,C4920,9,133,District-Muzaffarnagar,Rural,70-79,3047,1549,1498,951,446,505,667,326,341,56,31,25,612,349,263,25,13,12,33,17,16,355,200,155,348,167,181
22688,C4920,9,133,District-Muzaffarnagar,Rural,80-89,1459,800,659,436,226,210,350,209,141,30,17,13,258,152,106,10,7,3,10,5,5,111,63,48,254,121,133
22689,C4920,9,133,District-Muzaffarnagar,Rural,90+,528,264,264,137,70,67,113,65,48,15,9,6,89,41,48,6,3,3,3,3,0,30,18,12,135,55,80
22690,C4920,9,133,District-Muzaffarnagar,Rural,Age Not Stated,279,178,101,67,40,27,73,49,24,16,11,5,35,21,14,7,4,3,3,1,2,66,43,23,12,9,3
22691,C4920,9,133,District-Muzaffarnagar,Urban,Total,17904,10412,7492,2768,1527,1241,4051,2101,1950,1251,728,523,3850,2486,1364,987,647,340,518,315,203,3194,1832,1362,1285,776,509
22692,C4920,9,133,District-Muzaffarnagar,Urban,0-4,957,536,421,179,106,73,292,153,139,19,9,10,87,50,37,31,19,12,11,6,5,270,154,116,68,39,29
22693,C4920,9,133,District-Muzaffarnagar,Urban,5-9,1512,888,624,214,124,90,383,198,185,144,91,53,161,111,50,92,56,36,37,23,14,304,177,127,177,108,69
22694,C4920,9,133,District-Muzaffarnagar,Urban,10-19,4069,2337,1732,476,263,213,896,449,447,383,216,167,912,576,336,310,202,108,140,88,52,651,353,298,301,190,111
22695,C4920,9,133,District-Muzaffarnagar,Urban,20-29,3155,1912,1243,347,182,165,663,358,305,235,138,97,832,582,250,222,149,73,100,63,37,556,322,234,200,118,82
22696,C4920,9,133,District-Muzaffarnagar,Urban,30-39,2181,1310,871,236,138,98,474,248,226,154,93,61,560,370,190,149,97,52,90,51,39,414,243,171,104,70,34
22697,C4920,9,133,District-Muzaffarnagar,Urban,40-49,1840,1146,694,268,159,109,411,222,189,139,87,52,393,267,126,97,70,27,66,39,27,376,239,137,90,63,27
22698,C4920,9,133,District-Muzaffarnagar,Urban,50-59,1422,826,596,314,166,148,293,159,134,87,49,38,286,185,101,48,34,14,39,28,11,272,155,117,83,50,33
22699,C4920,9,133,District-Muzaffarnagar,Urban,60-69,1310,703,607,372,194,178,265,130,135,49,21,28,305,186,119,25,14,11,18,9,9,180,94,86,96,55,41
22700,C4920,9,133,District-Muzaffarnagar,Urban,70-79,787,411,376,219,111,108,188,97,91,24,14,10,178,94,84,7,3,4,10,4,6,82,47,35,79,41,38
22701,C4920,9,133,District-Muzaffarnagar,Urban,80-89,383,192,191,100,58,42,77,32,45,7,4,3,94,48,46,2,0,2,4,2,2,33,18,15,66,30,36
22702,C4920,9,133,District-Muzaffarnagar,Urban,90+,123,59,64,28,15,13,31,17,14,1,1,0,31,10,21,3,2,1,1,0,1,14,6,8,14,8,6
22703,C4920,9,133,District-Muzaffarnagar,Urban,Age Not Stated,165,92,73,15,11,4,78,38,40,9,5,4,11,7,4,1,1,0,2,2,0,42,24,18,7,4,3
22704,C4920,9,134,District-Bijnor,Total,Total,61638,35492,26146,8953,4810,4143,12025,6329,5696,4010,2342,1668,13472,8674,4798,3367,2068,1299,1296,775,521,14457,8022,6435,4058,2472,1586
22705,C4920,9,134,District-Bijnor,Total,0-4,3514,1952,1562,476,264,212,892,490,402,82,44,38,295,186,109,119,67,52,31,21,10,1391,743,648,228,137,91
22706,C4920,9,134,District-Bijnor,Total,5-9,5382,3027,2355,664,366,298,1181,594,587,560,347,213,630,385,245,365,215,150,122,76,46,1360,722,638,500,322,178
22707,C4920,9,134,District-Bijnor,Total,10-19,15014,8575,6439,1471,780,691,2694,1396,1298,1247,738,509,3727,2291,1436,1126,679,447,376,214,162,3274,1761,1513,1099,716,383
22708,C4920,9,134,District-Bijnor,Total,20-29,10667,6570,4097,960,553,407,1746,970,776,707,428,279,3454,2326,1128,711,444,267,258,174,84,2288,1323,965,543,352,191
22709,C4920,9,134,District-Bijnor,Total,30-39,7067,4203,2864,758,435,323,1323,710,613,452,253,199,1760,1178,582,453,294,159,194,110,84,1802,1017,785,325,206,119
22710,C4920,9,134,District-Bijnor,Total,40-49,5534,3361,2173,813,477,336,1088,619,469,398,227,171,1075,759,316,293,197,96,139,79,60,1492,852,640,236,151,85
22711,C4920,9,134,District-Bijnor,Total,50-59,4176,2387,1789,879,495,384,822,398,424,216,117,99,731,495,236,144,80,64,75,47,28,1107,626,481,202,129,73
22712,C4920,9,134,District-Bijnor,Total,60-69,4523,2435,2088,1284,642,642,987,492,495,174,91,83,803,493,310,85,51,34,55,34,21,827,475,352,308,157,151
22713,C4920,9,134,District-Bijnor,Total,70-79,3008,1596,1412,938,447,491,657,345,312,87,48,39,512,301,211,30,17,13,24,13,11,464,269,195,296,156,140
22714,C4920,9,134,District-Bijnor,Total,80-89,1407,697,710,421,213,208,336,175,161,28,14,14,264,130,134,4,3,1,8,2,6,166,81,85,180,79,101
22715,C4920,9,134,District-Bijnor,Total,90+,612,282,330,155,72,83,135,56,79,15,10,5,112,53,59,9,2,7,5,2,3,65,33,32,116,54,62
22716,C4920,9,134,District-Bijnor,Total,Age Not Stated,734,407,327,134,66,68,164,84,80,44,25,19,109,77,32,28,19,9,9,3,6,221,120,101,25,13,12
22717,C4920,9,134,District-Bijnor,Rural,Total,47486,27316,20170,6943,3714,3229,8587,4504,4083,2932,1711,1221,10838,6934,3904,2632,1584,1048,950,566,384,11392,6339,5053,3212,1964,1248
22718,C4920,9,134,District-Bijnor,Rural,0-4,2688,1532,1156,340,195,145,637,362,275,60,33,27,241,152,89,95,54,41,22,15,7,1117,611,506,176,110,66
22719,C4920,9,134,District-Bijnor,Rural,5-9,4189,2360,1829,501,269,232,854,428,426,422,262,160,516,320,196,314,181,133,98,59,39,1082,585,497,402,256,146
22720,C4920,9,134,District-Bijnor,Rural,10-19,11689,6677,5012,1117,596,521,1933,995,938,956,574,382,3074,1871,1203,914,542,372,274,153,121,2554,1373,1181,867,573,294
22721,C4920,9,134,District-Bijnor,Rural,20-29,7995,4923,3072,703,406,297,1161,645,516,490,295,195,2755,1855,900,528,321,207,185,125,60,1749,1004,745,424,272,152
22722,C4920,9,134,District-Bijnor,Rural,30-39,5439,3226,2213,568,325,243,940,503,437,338,192,146,1435,949,486,331,205,126,138,82,56,1448,818,630,241,152,89
22723,C4920,9,134,District-Bijnor,Rural,40-49,4180,2534,1646,616,359,257,751,427,324,279,156,123,839,586,253,220,147,73,107,64,43,1192,678,514,176,117,59
22724,C4920,9,134,District-Bijnor,Rural,50-59,3141,1797,1344,692,388,304,579,280,299,127,66,61,569,383,186,109,61,48,48,31,17,859,487,372,158,101,57
22725,C4920,9,134,District-Bijnor,Rural,60-69,3575,1902,1673,1034,509,525,755,371,384,133,66,67,625,379,246,64,38,26,41,24,17,659,380,279,264,135,129
22726,C4920,9,134,District-Bijnor,Rural,70-79,2397,1266,1131,773,366,407,512,263,249,61,34,27,396,236,160,23,14,9,19,9,10,370,217,153,243,127,116
22727,C4920,9,134,District-Bijnor,Rural,80-89,1137,556,581,366,186,180,260,133,127,18,7,11,209,101,108,3,3,0,7,2,5,131,62,69,143,62,81
22728,C4920,9,134,District-Bijnor,Rural,90+,477,226,251,123,58,65,98,42,56,13,9,4,89,40,49,6,2,4,3,0,3,48,27,21,97,48,49
22729,C4920,9,134,District-Bijnor,Rural,Age Not Stated,579,317,262,110,57,53,107,55,52,35,17,18,90,62,28,25,16,9,8,2,6,183,97,86,21,11,10
22730,C4920,9,134,District-Bijnor,Urban,Total,14152,8176,5976,2010,1096,914,3438,1825,1613,1078,631,447,2634,1740,894,735,484,251,346,209,137,3065,1683,1382,846,508,338
22731,C4920,9,134,District-Bijnor,Urban,0-4,826,420,406,136,69,67,255,128,127,22,11,11,54,34,20,24,13,11,9,6,3,274,132,142,52,27,25
22732,C4920,9,134,District-Bijnor,Urban,5-9,1193,667,526,163,97,66,327,166,161,138,85,53,114,65,49,51,34,17,24,17,7,278,137,141,98,66,32
22733,C4920,9,134,District-Bijnor,Urban,10-19,3325,1898,1427,354,184,170,761,401,360,291,164,127,653,420,233,212,137,75,102,61,41,720,388,332,232,143,89
22734,C4920,9,134,District-Bijnor,Urban,20-29,2672,1647,1025,257,147,110,585,325,260,217,133,84,699,471,228,183,123,60,73,49,24,539,319,220,119,80,39
22735,C4920,9,134,District-Bijnor,Urban,30-39,1628,977,651,190,110,80,383,207,176,114,61,53,325,229,96,122,89,33,56,28,28,354,199,155,84,54,30
22736,C4920,9,134,District-Bijnor,Urban,40-49,1354,827,527,197,118,79,337,192,145,119,71,48,236,173,63,73,50,23,32,15,17,300,174,126,60,34,26
22737,C4920,9,134,District-Bijnor,Urban,50-59,1035,590,445,187,107,80,243,118,125,89,51,38,162,112,50,35,19,16,27,16,11,248,139,109,44,28,16
22738,C4920,9,134,District-Bijnor,Urban,60-69,948,533,415,250,133,117,232,121,111,41,25,16,178,114,64,21,13,8,14,10,4,168,95,73,44,22,22
22739,C4920,9,134,District-Bijnor,Urban,70-79,611,330,281,165,81,84,145,82,63,26,14,12,116,65,51,7,3,4,5,4,1,94,52,42,53,29,24
22740,C4920,9,134,District-Bijnor,Urban,80-89,270,141,129,55,27,28,76,42,34,10,7,3,55,29,26,1,0,1,1,0,1,35,19,16,37,17,20
22741,C4920,9,134,District-Bijnor,Urban,90+,135,56,79,32,14,18,37,14,23,2,1,1,23,13,10,3,0,3,2,2,0,17,6,11,19,6,13
22742,C4920,9,134,District-Bijnor,Urban,Age Not Stated,155,90,65,24,9,15,57,29,28,9,8,1,19,15,4,3,3,0,1,1,0,38,23,15,4,2,2
22743,C4920,9,135,District-Moradabad,Total,Total,82774,47205,35569,12265,6662,5603,22301,11775,10526,5338,3057,2281,13226,8755,4471,4238,2589,1649,1413,906,507,19550,10878,8672,4443,2583,1860
22744,C4920,9,135,District-Moradabad,Total,0-4,5883,3108,2775,893,456,437,1974,1014,960,110,66,44,380,218,162,195,102,93,46,28,18,2070,1105,965,215,119,96
22745,C4920,9,135,District-Moradabad,Total,5-9,8024,4371,3653,1016,568,448,2402,1237,1165,733,418,315,750,449,301,421,261,160,92,53,39,2078,1060,1018,532,325,207
22746,C4920,9,135,District-Moradabad,Total,10-19,20729,11845,8884,2205,1190,1015,5359,2827,2532,1558,902,656,3856,2472,1384,1358,820,538,393,255,138,4863,2679,2184,1137,700,437
22747,C4920,9,135,District-Moradabad,Total,20-29,13480,8210,5270,1391,822,569,3431,1865,1566,907,526,381,2958,2075,883,824,531,293,312,226,86,3012,1752,1260,645,413,232
22748,C4920,9,135,District-Moradabad,Total,30-39,9586,5695,3891,1199,693,506,2551,1388,1163,670,391,279,1625,1135,490,570,344,226,200,128,72,2390,1369,1021,381,247,134
22749,C4920,9,135,District-Moradabad,Total,40-49,7283,4382,2901,1136,668,468,2094,1148,946,500,294,206,1030,758,272,381,255,126,157,96,61,1702,991,711,283,172,111
22750,C4920,9,135,District-Moradabad,Total,50-59,5349,3047,2302,1173,626,547,1412,743,669,316,185,131,772,539,233,200,119,81,96,56,40,1136,645,491,244,134,110
22751,C4920,9,135,District-Moradabad,Total,60-69,5630,3055,2575,1583,822,761,1400,738,662,249,125,124,887,547,340,125,71,54,63,36,27,980,552,428,343,164,179
22752,C4920,9,135,District-Moradabad,Total,70-79,3049,1522,1527,885,411,474,720,333,387,97,50,47,473,275,198,61,28,33,30,18,12,438,245,193,345,162,183
22753,C4920,9,135,District-Moradabad,Total,80-89,1171,579,592,348,165,183,284,151,133,38,15,23,199,101,98,16,10,6,7,2,5,118,63,55,161,72,89
22754,C4920,9,135,District-Moradabad,Total,90+,581,282,299,140,64,76,141,70,71,14,9,5,90,50,40,12,8,4,3,0,3,88,50,38,93,31,62
22755,C4920,9,135,District-Moradabad,Total,Age Not Stated,2009,1109,900,296,177,119,533,261,272,146,76,70,206,136,70,75,40,35,14,8,6,675,367,308,64,44,20
22756,C4920,9,135,District-Moradabad,Rural,Total,55080,31542,23538,8396,4566,3830,14009,7302,6707,3378,1955,1423,9369,6238,3131,2726,1679,1047,878,562,316,13201,7399,5802,3123,1841,1282
22757,C4920,9,135,District-Moradabad,Rural,0-4,4200,2219,1981,662,339,323,1367,693,674,77,43,34,279,159,120,131,70,61,33,20,13,1483,802,681,168,93,75
22758,C4920,9,135,District-Moradabad,Rural,5-9,5693,3146,2547,719,402,317,1628,838,790,522,312,210,558,333,225,301,196,105,69,40,29,1506,778,728,390,247,143
22759,C4920,9,135,District-Moradabad,Rural,10-19,14397,8311,6086,1477,829,648,3481,1829,1652,1050,612,438,2986,1920,1066,911,541,370,266,176,90,3421,1901,1520,805,503,302
22760,C4920,9,135,District-Moradabad,Rural,20-29,8387,5210,3177,870,522,348,1950,1064,886,541,319,222,2072,1491,581,486,320,166,179,135,44,1869,1084,785,420,275,145
22761,C4920,9,135,District-Moradabad,Rural,30-39,6120,3627,2493,776,442,334,1548,836,712,401,233,168,1149,792,357,342,208,134,104,62,42,1555,891,664,245,163,82
22762,C4920,9,135,District-Moradabad,Rural,40-49,4474,2726,1748,726,423,303,1196,634,562,278,172,106,672,506,166,245,173,72,91,54,37,1077,646,431,189,118,71
22763,C4920,9,135,District-Moradabad,Rural,50-59,3308,1847,1461,771,411,360,840,430,410,167,89,78,478,329,149,117,69,48,60,33,27,700,396,304,175,90,85
22764,C4920,9,135,District-Moradabad,Rural,60-69,3889,2065,1824,1176,597,579,937,472,465,150,74,76,574,343,231,86,47,39,43,25,18,674,390,284,249,117,132
22765,C4920,9,135,District-Moradabad,Rural,70-79,2071,1071,1000,640,307,333,482,226,256,59,32,27,277,174,103,38,16,22,18,11,7,306,179,127,251,126,125
22766,C4920,9,135,District-Moradabad,Rural,80-89,810,398,412,270,123,147,178,94,84,20,6,14,120,66,54,13,9,4,5,2,3,81,43,38,123,55,68
22767,C4920,9,135,District-Moradabad,Rural,90+,395,211,184,105,51,54,91,52,39,8,8,0,62,32,30,8,6,2,1,0,1,55,36,19,65,26,39
22768,C4920,9,135,District-Moradabad,Rural,Age Not Stated,1336,711,625,204,120,84,311,134,177,105,55,50,142,93,49,48,24,24,9,4,5,474,253,221,43,28,15
22769,C4920,9,135,District-Moradabad,Urban,Total,27694,15663,12031,3869,2096,1773,8292,4473,3819,1960,1102,858,3857,2517,1340,1512,910,602,535,344,191,6349,3479,2870,1320,742,578
22770,C4920,9,135,District-Moradabad,Urban,0-4,1683,889,794,231,117,114,607,321,286,33,23,10,101,59,42,64,32,32,13,8,5,587,303,284,47,26,21
22771,C4920,9,135,District-Moradabad,Urban,5-9,2331,1225,1106,297,166,131,774,399,375,211,106,105,192,116,76,120,65,55,23,13,10,572,282,290,142,78,64
22772,C4920,9,135,District-Moradabad,Urban,10-19,6332,3534,2798,728,361,367,1878,998,880,508,290,218,870,552,318,447,279,168,127,79,48,1442,778,664,332,197,135
22773,C4920,9,135,District-Moradabad,Urban,20-29,5093,3000,2093,521,300,221,1481,801,680,366,207,159,886,584,302,338,211,127,133,91,42,1143,668,475,225,138,87
22774,C4920,9,135,District-Moradabad,Urban,30-39,3466,2068,1398,423,251,172,1003,552,451,269,158,111,476,343,133,228,136,92,96,66,30,835,478,357,136,84,52
22775,C4920,9,135,District-Moradabad,Urban,40-49,2809,1656,1153,410,245,165,898,514,384,222,122,100,358,252,106,136,82,54,66,42,24,625,345,280,94,54,40
22776,C4920,9,135,District-Moradabad,Urban,50-59,2041,1200,841,402,215,187,572,313,259,149,96,53,294,210,84,83,50,33,36,23,13,436,249,187,69,44,25
22777,C4920,9,135,District-Moradabad,Urban,60-69,1741,990,751,407,225,182,463,266,197,99,51,48,313,204,109,39,24,15,20,11,9,306,162,144,94,47,47
22778,C4920,9,135,District-Moradabad,Urban,70-79,978,451,527,245,104,141,238,107,131,38,18,20,196,101,95,23,12,11,12,7,5,132,66,66,94,36,58
22779,C4920,9,135,District-Moradabad,Urban,80-89,361,181,180,78,42,36,106,57,49,18,9,9,79,35,44,3,1,2,2,0,2,37,20,17,38,17,21
22780,C4920,9,135,District-Moradabad,Urban,90+,186,71,115,35,13,22,50,18,32,6,1,5,28,18,10,4,2,2,2,0,2,33,14,19,28,5,23
22781,C4920,9,135,District-Moradabad,Urban,Age Not Stated,673,398,275,92,57,35,222,127,95,41,21,20,64,43,21,27,16,11,5,4,1,201,114,87,21,16,5
22782,C4920,9,136,District-Rampur,Total,Total,38210,21766,16444,5639,2929,2710,8431,4354,4077,2677,1496,1181,7852,5151,2701,2295,1398,897,829,510,319,8117,4569,3548,2370,1359,1011
22783,C4920,9,136,District-Rampur,Total,0-4,2286,1197,1089,354,182,172,650,321,329,77,49,28,165,99,66,65,32,33,21,13,8,841,441,400,113,60,53
22784,C4920,9,136,District-Rampur,Total,5-9,3680,2053,1627,454,267,187,935,455,480,369,197,172,413,252,161,211,138,73,71,43,28,960,522,438,267,179,88
22785,C4920,9,136,District-Rampur,Total,10-19,9957,5584,4373,1055,538,517,2007,1003,1004,787,446,341,2406,1482,924,775,453,322,224,134,90,2075,1140,935,628,388,240
22786,C4920,9,136,District-Rampur,Total,20-29,6338,3981,2357,575,317,258,1258,717,541,440,251,189,1829,1298,531,482,312,170,152,103,49,1229,740,489,373,243,130
22787,C4920,9,136,District-Rampur,Total,30-39,4390,2593,1797,489,273,216,994,526,468,371,203,168,955,656,299,297,178,119,139,91,48,945,560,385,200,106,94
22788,C4920,9,136,District-Rampur,Total,40-49,3362,2057,1305,497,270,227,754,420,334,237,138,99,678,496,182,208,138,70,96,51,45,721,448,273,171,96,75
22789,C4920,9,136,District-Rampur,Total,50-59,2400,1329,1071,522,255,267,535,280,255,144,82,62,454,309,145,119,70,49,60,35,25,476,247,229,90,51,39
22790,C4920,9,136,District-Rampur,Total,60-69,2932,1568,1364,836,415,421,636,323,313,134,63,71,498,309,189,92,53,39,36,25,11,510,297,213,190,83,107
22791,C4920,9,136,District-Rampur,Total,70-79,1571,774,797,500,225,275,361,174,187,46,26,20,284,168,116,19,10,9,21,12,9,175,87,88,165,72,93
22792,C4920,9,136,District-Rampur,Total,80-89,671,310,361,215,102,113,141,67,74,19,8,11,103,48,55,12,4,8,7,1,6,64,29,35,110,51,59
22793,C4920,9,136,District-Rampur,Total,90+,297,143,154,79,42,37,65,25,40,10,6,4,46,19,27,6,4,2,1,1,0,29,17,12,61,29,32
22794,C4920,9,136,District-Rampur,Total,Age Not Stated,326,177,149,63,43,20,95,43,52,43,27,16,21,15,6,9,6,3,1,1,0,92,41,51,2,1,1
22795,C4920,9,136,District-Rampur,Rural,Total,30255,17290,12965,4390,2284,2106,6677,3422,3255,2148,1206,942,6313,4148,2165,1780,1073,707,604,381,223,6502,3713,2789,1841,1063,778
22796,C4920,9,136,District-Rampur,Rural,0-4,1911,1008,903,304,153,151,546,270,276,66,44,22,131,78,53,56,30,26,17,11,6,697,371,326,94,51,43
22797,C4920,9,136,District-Rampur,Rural,5-9,3048,1697,1351,386,237,149,762,364,398,320,173,147,326,199,127,166,110,56,59,37,22,809,429,380,220,148,72
22798,C4920,9,136,District-Rampur,Rural,10-19,8179,4610,3569,872,447,425,1645,821,824,633,364,269,2050,1269,781,618,358,260,159,100,59,1713,948,765,489,303,186
22799,C4920,9,136,District-Rampur,Rural,20-29,4911,3095,1816,441,242,199,943,525,418,335,196,139,1479,1042,437,361,232,129,115,82,33,955,591,364,282,185,97
22800,C4920,9,136,District-Rampur,Rural,30-39,3497,2062,1435,379,209,170,805,424,381,294,154,140,790,539,251,222,130,92,95,59,36,766,470,296,146,77,69
22801,C4920,9,136,District-Rampur,Rural,40-49,2538,1560,978,342,179,163,577,322,255,188,111,77,518,380,138,156,98,58,76,41,35,552,359,193,129,70,59
22802,C4920,9,136,District-Rampur,Rural,50-59,1746,953,793,372,179,193,410,209,201,112,60,52,316,213,103,95,55,40,36,21,15,338,176,162,67,40,27
22803,C4920,9,136,District-Rampur,Rural,60-69,2235,1216,1019,630,321,309,481,251,230,107,48,59,373,237,136,71,43,28,24,16,8,397,234,163,152,66,86
22804,C4920,9,136,District-Rampur,Rural,70-79,1162,578,584,381,168,213,266,128,138,31,19,12,201,124,77,13,6,7,15,11,4,132,66,66,123,56,67
22805,C4920,9,136,District-Rampur,Rural,80-89,512,240,272,164,76,88,107,52,55,15,7,8,72,38,34,10,3,7,6,1,5,51,21,30,87,42,45
22806,C4920,9,136,District-Rampur,Rural,90+,239,114,125,63,34,29,52,18,34,8,6,2,38,15,23,5,3,2,1,1,0,22,13,9,50,24,26
22807,C4920,9,136,District-Rampur,Rural,Age Not Stated,277,157,120,56,39,17,83,38,45,39,24,15,19,14,5,7,5,2,1,1,0,70,35,35,2,1,1
22808,C4920,9,136,District-Rampur,Urban,Total,7955,4476,3479,1249,645,604,1754,932,822,529,290,239,1539,1003,536,515,325,190,225,129,96,1615,856,759,529,296,233
22809,C4920,9,136,District-Rampur,Urban,0-4,375,189,186,50,29,21,104,51,53,11,5,6,34,21,13,9,2,7,4,2,2,144,70,74,19,9,10
22810,C4920,9,136,District-Rampur,Urban,5-9,632,356,276,68,30,38,173,91,82,49,24,25,87,53,34,45,28,17,12,6,6,151,93,58,47,31,16
22811,C4920,9,136,District-Rampur,Urban,10-19,1778,974,804,183,91,92,362,182,180,154,82,72,356,213,143,157,95,62,65,34,31,362,192,170,139,85,54
22812,C4920,9,136,District-Rampur,Urban,20-29,1427,886,541,134,75,59,315,192,123,105,55,50,350,256,94,121,80,41,37,21,16,274,149,125,91,58,33
22813,C4920,9,136,District-Rampur,Urban,30-39,893,531,362,110,64,46,189,102,87,77,49,28,165,117,48,75,48,27,44,32,12,179,90,89,54,29,25
22814,C4920,9,136,District-Rampur,Urban,40-49,824,497,327,155,91,64,177,98,79,49,27,22,160,116,44,52,40,12,20,10,10,169,89,80,42,26,16
22815,C4920,9,136,District-Rampur,Urban,50-59,654,376,278,150,76,74,125,71,54,32,22,10,138,96,42,24,15,9,24,14,10,138,71,67,23,11,12
22816,C4920,9,136,District-Rampur,Urban,60-69,697,352,345,206,94,112,155,72,83,27,15,12,125,72,53,21,10,11,12,9,3,113,63,50,38,17,21
22817,C4920,9,136,District-Rampur,Urban,70-79,409,196,213,119,57,62,95,46,49,15,7,8,83,44,39,6,4,2,6,1,5,43,21,22,42,16,26
22818,C4920,9,136,District-Rampur,Urban,80-89,159,70,89,51,26,25,34,15,19,4,1,3,31,10,21,2,1,1,1,0,1,13,8,5,23,9,14
22819,C4920,9,136,District-Rampur,Urban,90+,58,29,29,16,8,8,13,7,6,2,0,2,8,4,4,1,1,0,0,0,0,7,4,3,11,5,6
22820,C4920,9,136,District-Rampur,Urban,Age Not Stated,49,20,29,7,4,3,12,5,7,4,3,1,2,1,1,2,1,1,0,0,0,22,6,16,0,0,0
22821,C4920,9,137,District-Jyotiba Phule Nagar,Total,Total,25873,15134,10739,3766,1964,1802,5494,2936,2558,1914,1106,808,5896,3919,1977,1417,875,542,569,372,197,5019,2898,2121,1798,1064,734
22822,C4920,9,137,District-Jyotiba Phule Nagar,Total,0-4,1428,801,627,198,100,98,444,236,208,42,24,18,150,96,54,49,26,23,10,7,3,445,258,187,90,54,36
22823,C4920,9,137,District-Jyotiba Phule Nagar,Total,5-9,2316,1326,990,238,135,103,559,287,272,292,167,125,307,198,109,165,107,58,42,28,14,491,265,226,222,139,83
22824,C4920,9,137,District-Jyotiba Phule Nagar,Total,10-19,6339,3720,2619,555,302,253,1267,680,587,564,322,242,1591,1025,566,528,312,216,164,112,52,1163,637,526,507,330,177
22825,C4920,9,137,District-Jyotiba Phule Nagar,Total,20-29,4363,2733,1630,340,182,158,773,447,326,356,210,146,1426,992,434,266,177,89,116,78,38,830,488,342,256,159,97
22826,C4920,9,137,District-Jyotiba Phule Nagar,Total,30-39,3053,1901,1152,328,196,132,638,349,289,234,143,91,778,554,224,181,106,75,104,69,35,659,395,264,131,89,42
22827,C4920,9,137,District-Jyotiba Phule Nagar,Total,40-49,2267,1394,873,335,193,142,483,267,216,179,103,76,512,354,158,98,72,26,58,38,20,519,318,201,83,49,34
22828,C4920,9,137,District-Jyotiba Phule Nagar,Total,50-59,1742,1025,717,390,205,185,386,214,172,120,70,50,329,226,103,63,42,21,29,14,15,336,199,137,89,55,34
22829,C4920,9,137,District-Jyotiba Phule Nagar,Total,60-69,2080,1121,959,630,308,322,464,241,223,82,41,41,392,241,151,36,17,19,28,17,11,322,200,122,126,56,70
22830,C4920,9,137,District-Jyotiba Phule Nagar,Total,70-79,1288,667,621,428,213,215,267,124,143,25,16,9,238,144,94,22,11,11,10,7,3,154,90,64,144,62,82
22831,C4920,9,137,District-Jyotiba Phule Nagar,Total,80-89,638,296,342,230,95,135,126,58,68,10,5,5,106,57,49,7,4,3,6,0,6,60,29,31,93,48,45
22832,C4920,9,137,District-Jyotiba Phule Nagar,Total,90+,266,107,159,73,25,48,68,25,43,1,1,0,52,26,26,1,0,1,1,1,0,19,9,10,51,20,31
22833,C4920,9,137,District-Jyotiba Phule Nagar,Total,Age Not Stated,93,43,50,21,10,11,19,8,11,9,4,5,15,6,9,1,1,0,1,1,0,21,10,11,6,3,3
22834,C4920,9,137,District-Jyotiba Phule Nagar,Rural,Total,19228,11334,7894,2577,1353,1224,4083,2181,1902,1380,789,591,4681,3148,1533,989,612,377,378,244,134,3745,2182,1563,1395,825,570
22835,C4920,9,137,District-Jyotiba Phule Nagar,Rural,0-4,1056,607,449,123,63,60,333,186,147,33,18,15,128,81,47,38,18,20,8,6,2,325,192,133,68,43,25
22836,C4920,9,137,District-Jyotiba Phule Nagar,Rural,5-9,1754,1029,725,145,86,59,424,223,201,213,127,86,254,169,85,116,77,39,34,23,11,383,206,177,185,118,67
22837,C4920,9,137,District-Jyotiba Phule Nagar,Rural,10-19,4821,2862,1959,362,196,166,943,510,433,414,236,178,1300,843,457,377,226,151,118,77,41,887,502,385,420,272,148
22838,C4920,9,137,District-Jyotiba Phule Nagar,Rural,20-29,3148,2018,1130,196,112,84,515,303,212,253,157,96,1146,810,336,183,120,63,65,43,22,607,354,253,183,119,64
22839,C4920,9,137,District-Jyotiba Phule Nagar,Rural,30-39,2201,1365,836,208,127,81,466,244,222,167,91,76,610,440,170,125,74,51,68,44,24,473,292,181,84,53,31
22840,C4920,9,137,District-Jyotiba Phule Nagar,Rural,40-49,1581,976,605,206,121,85,342,194,148,127,72,55,377,259,118,59,44,15,37,26,11,376,227,149,57,33,24
22841,C4920,9,137,District-Jyotiba Phule Nagar,Rural,50-59,1278,739,539,269,139,130,289,148,141,81,42,39,265,183,82,43,29,14,17,7,10,248,151,97,66,40,26
22842,C4920,9,137,District-Jyotiba Phule Nagar,Rural,60-69,1566,846,720,465,231,234,380,198,182,54,23,31,288,183,105,25,12,13,20,11,9,242,151,91,92,37,55
22843,C4920,9,137,District-Jyotiba Phule Nagar,Rural,70-79,998,515,483,329,163,166,208,96,112,22,14,8,183,109,74,16,7,9,8,6,2,119,68,51,113,52,61
22844,C4920,9,137,District-Jyotiba Phule Nagar,Rural,80-89,524,250,274,197,84,113,110,54,56,9,5,4,77,44,33,6,4,2,2,0,2,49,23,26,74,36,38
22845,C4920,9,137,District-Jyotiba Phule Nagar,Rural,90+,228,92,136,64,25,39,55,17,38,1,1,0,42,21,21,0,0,0,0,0,0,17,8,9,49,20,29
22846,C4920,9,137,District-Jyotiba Phule Nagar,Rural,Age Not Stated,73,35,38,13,6,7,18,8,10,6,3,3,11,6,5,1,1,0,1,1,0,19,8,11,4,2,2
22847,C4920,9,137,District-Jyotiba Phule Nagar,Urban,Total,6645,3800,2845,1189,611,578,1411,755,656,534,317,217,1215,771,444,428,263,165,191,128,63,1274,716,558,403,239,164
22848,C4920,9,137,District-Jyotiba Phule Nagar,Urban,0-4,372,194,178,75,37,38,111,50,61,9,6,3,22,15,7,11,8,3,2,1,1,120,66,54,22,11,11
22849,C4920,9,137,District-Jyotiba Phule Nagar,Urban,5-9,562,297,265,93,49,44,135,64,71,79,40,39,53,29,24,49,30,19,8,5,3,108,59,49,37,21,16
22850,C4920,9,137,District-Jyotiba Phule Nagar,Urban,10-19,1518,858,660,193,106,87,324,170,154,150,86,64,291,182,109,151,86,65,46,35,11,276,135,141,87,58,29
22851,C4920,9,137,District-Jyotiba Phule Nagar,Urban,20-29,1215,715,500,144,70,74,258,144,114,103,53,50,280,182,98,83,57,26,51,35,16,223,134,89,73,40,33
22852,C4920,9,137,District-Jyotiba Phule Nagar,Urban,30-39,852,536,316,120,69,51,172,105,67,67,52,15,168,114,54,56,32,24,36,25,11,186,103,83,47,36,11
22853,C4920,9,137,District-Jyotiba Phule Nagar,Urban,40-49,686,418,268,129,72,57,141,73,68,52,31,21,135,95,40,39,28,11,21,12,9,143,91,52,26,16,10
22854,C4920,9,137,District-Jyotiba Phule Nagar,Urban,50-59,464,286,178,121,66,55,97,66,31,39,28,11,64,43,21,20,13,7,12,7,5,88,48,40,23,15,8
22855,C4920,9,137,District-Jyotiba Phule Nagar,Urban,60-69,514,275,239,165,77,88,84,43,41,28,18,10,104,58,46,11,5,6,8,6,2,80,49,31,34,19,15
22856,C4920,9,137,District-Jyotiba Phule Nagar,Urban,70-79,290,152,138,99,50,49,59,28,31,3,2,1,55,35,20,6,4,2,2,1,1,35,22,13,31,10,21
22857,C4920,9,137,District-Jyotiba Phule Nagar,Urban,80-89,114,46,68,33,11,22,16,4,12,1,0,1,29,13,16,1,0,1,4,0,4,11,6,5,19,12,7
22858,C4920,9,137,District-Jyotiba Phule Nagar,Urban,90+,38,15,23,9,0,9,13,8,5,0,0,0,10,5,5,1,0,1,1,1,0,2,1,1,2,0,2
22859,C4920,9,137,District-Jyotiba Phule Nagar,Urban,Age Not Stated,20,8,12,8,4,4,1,0,1,3,1,2,4,0,4,0,0,0,0,0,0,2,2,0,2,1,1
22860,C4920,9,138,District-Meerut,Total,Total,66225,37888,28337,8229,4437,3792,17544,9550,7994,4671,2605,2066,10851,6987,3864,2508,1592,916,1241,779,462,18004,10059,7945,3177,1879,1298
22861,C4920,9,138,District-Meerut,Total,0-4,4409,2412,1997,505,274,231,1390,717,673,84,44,40,254,142,112,92,55,37,28,23,5,1889,1056,833,167,101,66
22862,C4920,9,138,District-Meerut,Total,5-9,5557,3202,2355,572,332,240,1589,860,729,505,294,211,438,290,148,235,150,85,73,51,22,1818,1019,799,327,206,121
22863,C4920,9,138,District-Meerut,Total,10-19,14123,8123,6000,1355,773,582,3542,1840,1702,1226,702,524,2400,1506,894,742,466,276,317,202,115,3751,2127,1624,790,507,283
22864,C4920,9,138,District-Meerut,Total,20-29,11752,7079,4673,1099,619,480,3210,1907,1303,793,443,350,2500,1664,836,515,336,179,228,140,88,2924,1645,1279,483,325,158
22865,C4920,9,138,District-Meerut,Total,30-39,8368,4850,3518,806,436,370,2246,1260,986,632,338,294,1583,1081,502,362,243,119,192,131,61,2257,1197,1060,290,164,126
22866,C4920,9,138,District-Meerut,Total,40-49,6488,3890,2598,816,479,337,1669,960,709,522,284,238,1013,729,284,251,164,87,160,95,65,1869,1053,816,188,126,62
22867,C4920,9,138,District-Meerut,Total,50-59,4896,2823,2073,788,406,382,1201,649,552,365,195,170,845,576,269,135,83,52,120,68,52,1283,746,537,159,100,59
22868,C4920,9,138,District-Meerut,Total,60-69,4356,2327,2029,957,461,496,1067,518,549,240,139,101,783,460,323,91,52,39,66,36,30,929,545,384,223,116,107
22869,C4920,9,138,District-Meerut,Total,70-79,2879,1462,1417,690,345,345,722,360,362,117,69,48,511,260,251,43,19,24,26,14,12,525,284,241,245,111,134
22870,C4920,9,138,District-Meerut,Total,80-89,1368,643,725,291,139,152,372,181,191,36,18,18,292,136,156,9,3,6,8,4,4,177,90,87,183,72,111
22871,C4920,9,138,District-Meerut,Total,90+,561,272,289,127,55,72,134,68,66,22,10,12,102,57,45,8,6,2,5,1,4,81,43,38,82,32,50
22872,C4920,9,138,District-Meerut,Total,Age Not Stated,1468,805,663,223,118,105,402,230,172,129,69,60,130,86,44,25,15,10,18,14,4,501,254,247,40,19,21
22873,C4920,9,138,District-Meerut,Rural,Total,33534,19151,14383,3955,2135,1820,7971,4180,3791,2539,1420,1119,6468,4207,2261,1156,728,428,621,402,219,9067,5044,4023,1757,1035,722
22874,C4920,9,138,District-Meerut,Rural,0-4,2179,1154,1025,217,113,104,696,342,354,47,22,25,140,74,66,37,24,13,10,10,0,935,510,425,97,59,38
22875,C4920,9,138,District-Meerut,Rural,5-9,2832,1635,1197,226,141,85,762,421,341,286,172,114,286,188,98,118,72,46,44,28,16,909,494,415,201,119,82
22876,C4920,9,138,District-Meerut,Rural,10-19,7549,4366,3183,558,314,244,1753,903,850,711,412,299,1581,980,601,387,237,150,164,114,50,1943,1110,833,452,296,156
22877,C4920,9,138,District-Meerut,Rural,20-29,5505,3324,2181,398,249,149,1235,662,573,395,218,177,1485,1014,471,224,158,66,107,65,42,1418,793,625,243,165,78
22878,C4920,9,138,District-Meerut,Rural,30-39,3884,2259,1625,339,189,150,830,435,395,313,164,149,955,658,297,141,85,56,97,72,25,1062,579,483,147,77,70
22879,C4920,9,138,District-Meerut,Rural,40-49,3114,1863,1251,372,213,159,704,383,321,280,153,127,564,409,155,110,80,30,82,47,35,904,512,392,98,66,32
22880,C4920,9,138,District-Meerut,Rural,50-59,2442,1438,1004,407,212,195,563,305,258,188,104,84,460,320,140,47,27,20,56,32,24,643,387,256,78,51,27
22881,C4920,9,138,District-Meerut,Rural,60-69,2333,1218,1115,575,272,303,538,251,287,131,75,56,412,247,165,40,22,18,29,18,11,492,276,216,116,57,59
22882,C4920,9,138,District-Meerut,Rural,70-79,1664,860,804,435,221,214,408,215,193,73,40,33,265,147,118,25,11,14,13,5,8,311,160,151,134,61,73
22883,C4920,9,138,District-Meerut,Rural,80-89,819,411,408,184,95,89,218,118,100,25,11,14,170,81,89,5,1,4,3,1,2,102,54,48,112,50,62
22884,C4920,9,138,District-Meerut,Rural,90+,339,168,171,84,37,47,69,39,30,10,7,3,68,37,31,3,1,2,5,1,4,46,24,22,54,22,32
22885,C4920,9,138,District-Meerut,Rural,Age Not Stated,874,455,419,160,79,81,195,106,89,80,42,38,82,52,30,19,10,9,11,9,2,302,145,157,25,12,13
22886,C4920,9,138,District-Meerut,Urban,Total,32691,18737,13954,4274,2302,1972,9573,5370,4203,2132,1185,947,4383,2780,1603,1352,864,488,620,377,243,8937,5015,3922,1420,844,576
22887,C4920,9,138,District-Meerut,Urban,0-4,2230,1258,972,288,161,127,694,375,319,37,22,15,114,68,46,55,31,24,18,13,5,954,546,408,70,42,28
22888,C4920,9,138,District-Meerut,Urban,5-9,2725,1567,1158,346,191,155,827,439,388,219,122,97,152,102,50,117,78,39,29,23,6,909,525,384,126,87,39
22889,C4920,9,138,District-Meerut,Urban,10-19,6574,3757,2817,797,459,338,1789,937,852,515,290,225,819,526,293,355,229,126,153,88,65,1808,1017,791,338,211,127
22890,C4920,9,138,District-Meerut,Urban,20-29,6247,3755,2492,701,370,331,1975,1245,730,398,225,173,1015,650,365,291,178,113,121,75,46,1506,852,654,240,160,80
22891,C4920,9,138,District-Meerut,Urban,30-39,4484,2591,1893,467,247,220,1416,825,591,319,174,145,628,423,205,221,158,63,95,59,36,1195,618,577,143,87,56
22892,C4920,9,138,District-Meerut,Urban,40-49,3374,2027,1347,444,266,178,965,577,388,242,131,111,449,320,129,141,84,57,78,48,30,965,541,424,90,60,30
22893,C4920,9,138,District-Meerut,Urban,50-59,2454,1385,1069,381,194,187,638,344,294,177,91,86,385,256,129,88,56,32,64,36,28,640,359,281,81,49,32
22894,C4920,9,138,District-Meerut,Urban,60-69,2023,1109,914,382,189,193,529,267,262,109,64,45,371,213,158,51,30,21,37,18,19,437,269,168,107,59,48
22895,C4920,9,138,District-Meerut,Urban,70-79,1215,602,613,255,124,131,314,145,169,44,29,15,246,113,133,18,8,10,13,9,4,214,124,90,111,50,61
22896,C4920,9,138,District-Meerut,Urban,80-89,549,232,317,107,44,63,154,63,91,11,7,4,122,55,67,4,2,2,5,3,2,75,36,39,71,22,49
22897,C4920,9,138,District-Meerut,Urban,90+,222,104,118,43,18,25,65,29,36,12,3,9,34,20,14,5,5,0,0,0,0,35,19,16,28,10,18
22898,C4920,9,138,District-Meerut,Urban,Age Not Stated,594,350,244,63,39,24,207,124,83,49,27,22,48,34,14,6,5,1,7,5,2,199,109,90,15,7,8
22899,C4920,9,139,District-Baghpat,Total,Total,22265,13158,9107,3005,1670,1335,4856,2580,2276,1554,925,629,5553,3592,1961,873,580,293,493,318,175,4220,2449,1771,1711,1044,667
22900,C4920,9,139,District-Baghpat,Total,0-4,1037,571,466,96,60,36,303,153,150,36,25,11,109,70,39,18,12,6,10,6,4,399,207,192,66,38,28
22901,C4920,9,139,District-Baghpat,Total,5-9,1584,909,675,151,97,54,422,213,209,203,124,79,185,115,70,67,42,25,32,19,13,361,206,155,163,93,70
22902,C4920,9,139,District-Baghpat,Total,10-19,4653,2729,1924,332,198,134,991,521,470,392,239,153,1307,797,510,285,176,109,117,74,43,806,444,362,423,280,143
22903,C4920,9,139,District-Baghpat,Total,20-29,3499,2310,1189,227,149,78,682,390,292,252,150,102,1232,894,338,191,144,47,97,73,24,630,377,253,188,133,55
22904,C4920,9,139,District-Baghpat,Total,30-39,2546,1564,982,222,139,83,512,267,245,206,131,75,746,502,244,139,89,50,91,58,33,495,287,208,135,91,44
22905,C4920,9,139,District-Baghpat,Total,40-49,2046,1238,808,268,142,126,448,234,214,156,86,70,477,316,161,77,53,24,48,40,8,485,306,179,87,61,26
22906,C4920,9,139,District-Baghpat,Total,50-59,1854,1058,796,389,211,178,366,174,192,118,62,56,410,261,149,43,28,15,37,21,16,398,236,162,93,65,28
22907,C4920,9,139,District-Baghpat,Total,60-69,2041,1122,919,547,265,282,438,243,195,83,45,38,444,266,178,28,18,10,35,17,18,311,190,121,155,78,77
22908,C4920,9,139,District-Baghpat,Total,70-79,1724,921,803,491,253,238,405,211,194,66,39,27,382,221,161,13,8,5,13,8,5,186,102,84,168,79,89
22909,C4920,9,139,District-Baghpat,Total,80-89,786,460,326,193,108,85,162,101,61,16,10,6,183,104,79,5,3,2,7,2,5,76,54,22,144,78,66
22910,C4920,9,139,District-Baghpat,Total,90+,286,156,130,59,31,28,70,39,31,5,3,2,50,26,24,2,2,0,2,0,2,17,11,6,81,44,37
22911,C4920,9,139,District-Baghpat,Total,Age Not Stated,209,120,89,30,17,13,57,34,23,21,11,10,28,20,8,5,5,0,4,0,4,56,29,27,8,4,4
22912,C4920,9,139,District-Baghpat,Rural,Total,17712,10537,7175,2457,1365,1092,3786,2087,1699,1243,731,512,4286,2787,1499,693,460,233,387,247,140,3511,2046,1465,1349,814,535
22913,C4920,9,139,District-Baghpat,Rural,0-4,814,456,358,69,48,21,238,126,112,24,15,9,84,52,32,12,8,4,8,6,2,326,168,158,53,33,20
22914,C4920,9,139,District-Baghpat,Rural,5-9,1258,736,522,110,73,37,327,178,149,162,99,63,149,92,57,55,35,20,23,14,9,299,170,129,133,75,58
22915,C4920,9,139,District-Baghpat,Rural,10-19,3666,2193,1473,261,159,102,758,421,337,322,193,129,1018,620,398,235,149,86,93,60,33,652,372,280,327,219,108
22916,C4920,9,139,District-Baghpat,Rural,20-29,2713,1800,913,168,109,59,506,299,207,183,111,72,967,701,266,144,108,36,80,59,21,526,314,212,139,99,40
22917,C4920,9,139,District-Baghpat,Rural,30-39,1965,1223,742,166,108,58,362,198,164,162,99,63,581,390,191,112,72,40,76,49,27,407,241,166,99,66,33
22918,C4920,9,139,District-Baghpat,Rural,40-49,1595,981,614,227,120,107,337,188,149,134,78,56,350,241,109,60,39,21,32,25,7,394,245,149,61,45,16
22919,C4920,9,139,District-Baghpat,Rural,50-59,1473,822,651,333,175,158,288,133,155,93,47,46,300,190,110,30,19,11,26,15,11,337,201,136,66,42,24
22920,C4920,9,139,District-Baghpat,Rural,60-69,1690,914,776,479,236,243,360,200,160,69,37,32,338,197,141,24,14,10,26,11,15,274,164,110,120,55,65
22921,C4920,9,139,District-Baghpat,Rural,70-79,1465,786,679,419,209,210,359,193,166,55,30,25,297,184,113,9,6,3,11,6,5,165,89,76,150,69,81
22922,C4920,9,139,District-Baghpat,Rural,80-89,643,383,260,147,84,63,139,88,51,14,9,5,139,81,58,5,3,2,6,2,4,63,46,17,130,70,60
22923,C4920,9,139,District-Baghpat,Rural,90+,242,135,107,51,29,22,64,34,30,5,3,2,39,21,18,2,2,0,2,0,2,14,9,5,65,37,28
22924,C4920,9,139,District-Baghpat,Rural,Age Not Stated,188,108,80,27,15,12,48,29,19,20,10,10,24,18,6,5,5,0,4,0,4,54,27,27,6,4,2
22925,C4920,9,139,District-Baghpat,Urban,Total,4553,2621,1932,548,305,243,1070,493,577,311,194,117,1267,805,462,180,120,60,106,71,35,709,403,306,362,230,132
22926,C4920,9,139,District-Baghpat,Urban,0-4,223,115,108,27,12,15,65,27,38,12,10,2,25,18,7,6,4,2,2,0,2,73,39,34,13,5,8
22927,C4920,9,139,District-Baghpat,Urban,5-9,326,173,153,41,24,17,95,35,60,41,25,16,36,23,13,12,7,5,9,5,4,62,36,26,30,18,12
22928,C4920,9,139,District-Baghpat,Urban,10-19,987,536,451,71,39,32,233,100,133,70,46,24,289,177,112,50,27,23,24,14,10,154,72,82,96,61,35
22929,C4920,9,139,District-Baghpat,Urban,20-29,786,510,276,59,40,19,176,91,85,69,39,30,265,193,72,47,36,11,17,14,3,104,63,41,49,34,15
22930,C4920,9,139,District-Baghpat,Urban,30-39,581,341,240,56,31,25,150,69,81,44,32,12,165,112,53,27,17,10,15,9,6,88,46,42,36,25,11
22931,C4920,9,139,District-Baghpat,Urban,40-49,451,257,194,41,22,19,111,46,65,22,8,14,127,75,52,17,14,3,16,15,1,91,61,30,26,16,10
22932,C4920,9,139,District-Baghpat,Urban,50-59,381,236,145,56,36,20,78,41,37,25,15,10,110,71,39,13,9,4,11,6,5,61,35,26,27,23,4
22933,C4920,9,139,District-Baghpat,Urban,60-69,351,208,143,68,29,39,78,43,35,14,8,6,106,69,37,4,4,0,9,6,3,37,26,11,35,23,12
22934,C4920,9,139,District-Baghpat,Urban,70-79,259,135,124,72,44,28,46,18,28,11,9,2,85,37,48,4,2,2,2,2,0,21,13,8,18,10,8
22935,C4920,9,139,District-Baghpat,Urban,80-89,143,77,66,46,24,22,23,13,10,2,1,1,44,23,21,0,0,0,1,0,1,13,8,5,14,8,6
22936,C4920,9,139,District-Baghpat,Urban,90+,44,21,23,8,2,6,6,5,1,0,0,0,11,5,6,0,0,0,0,0,0,3,2,1,16,7,9
22937,C4920,9,139,District-Baghpat,Urban,Age Not Stated,21,12,9,3,2,1,9,5,4,1,1,0,4,2,2,0,0,0,0,0,0,2,2,0,2,0,2
22938,C4920,9,140,District-Ghaziabad,Total,Total,144305,79869,64436,31132,16891,14241,48385,25233,23152,6723,3829,2894,13805,8824,4981,4219,2624,1595,1725,1074,651,32945,18342,14603,5371,3052,2319
22939,C4920,9,140,District-Ghaziabad,Total,0-4,11471,6250,5221,2719,1506,1213,4409,2294,2115,140,87,53,368,219,149,251,158,93,44,27,17,3154,1752,1402,386,207,179
22940,C4920,9,140,District-Ghaziabad,Total,5-9,13474,7269,6205,3044,1622,1422,4869,2453,2416,780,448,332,657,406,251,408,256,152,122,72,50,3074,1707,1367,520,305,215
22941,C4920,9,140,District-Ghaziabad,Total,10-19,29841,16727,13114,6035,3337,2698,10005,5277,4728,1603,892,711,2960,1873,1087,1139,731,408,397,243,154,6561,3680,2881,1141,694,447
22942,C4920,9,140,District-Ghaziabad,Total,20-29,25874,14307,11567,5104,2685,2419,8507,4314,4193,1316,728,588,3193,2142,1051,864,550,314,352,224,128,5765,3188,2577,773,476,297
22943,C4920,9,140,District-Ghaziabad,Total,30-39,20690,11353,9337,4138,2249,1889,7128,3634,3494,1023,589,434,2041,1357,684,618,371,247,255,179,76,4961,2659,2302,526,315,211
22944,C4920,9,140,District-Ghaziabad,Total,40-49,15282,8898,6384,3319,1927,1392,5136,2840,2296,749,439,310,1359,926,433,427,259,168,241,150,91,3651,2118,1533,400,239,161
22945,C4920,9,140,District-Ghaziabad,Total,50-59,10013,5664,4349,2399,1293,1106,3080,1718,1362,480,282,198,1021,652,369,218,125,93,129,82,47,2329,1311,1018,357,201,156
22946,C4920,9,140,District-Ghaziabad,Total,60-69,7827,4230,3597,2082,1099,983,2202,1128,1074,322,192,130,978,570,408,110,67,43,88,47,41,1594,899,695,451,228,223
22947,C4920,9,140,District-Ghaziabad,Total,70-79,4172,2227,1945,1109,579,530,1192,629,563,131,76,55,631,344,287,62,35,27,42,19,23,633,360,273,372,185,187
22948,C4920,9,140,District-Ghaziabad,Total,80-89,1792,894,898,439,205,234,480,253,227,49,27,22,305,161,144,18,8,10,14,6,8,258,135,123,229,99,130
22949,C4920,9,140,District-Ghaziabad,Total,90+,922,445,477,204,94,110,278,126,152,33,20,13,100,50,50,22,14,8,13,7,6,137,79,58,135,55,80
22950,C4920,9,140,District-Ghaziabad,Total,Age Not Stated,2947,1605,1342,540,295,245,1099,567,532,97,49,48,192,124,68,82,50,32,28,18,10,828,454,374,81,48,33
22951,C4920,9,140,District-Ghaziabad,Rural,Total,39578,22603,16975,8758,4749,4009,10837,5857,4980,2078,1219,859,6225,3997,2228,1406,904,502,614,383,231,7601,4338,3263,2059,1156,903
22952,C4920,9,140,District-Ghaziabad,Rural,0-4,3225,1771,1454,813,442,371,1089,561,528,47,35,12,156,91,65,95,62,33,11,7,4,843,487,356,171,86,85
22953,C4920,9,140,District-Ghaziabad,Rural,5-9,3706,2033,1673,858,462,396,1175,586,589,273,157,116,298,188,110,147,96,51,46,28,18,735,408,327,174,108,66
22954,C4920,9,140,District-Ghaziabad,Rural,10-19,8962,5248,3714,1725,985,740,2427,1334,1093,586,340,246,1549,1013,536,441,291,150,148,95,53,1648,925,723,438,265,173
22955,C4920,9,140,District-Ghaziabad,Rural,20-29,6726,4067,2659,1212,665,547,1732,964,768,396,236,160,1496,1031,465,277,192,85,106,69,37,1245,736,509,262,174,88
22956,C4920,9,140,District-Ghaziabad,Rural,30-39,4659,2729,1930,867,489,378,1292,715,577,258,151,107,877,575,302,187,119,68,92,71,21,950,523,427,136,86,50
22957,C4920,9,140,District-Ghaziabad,Rural,40-49,3574,2161,1413,808,469,339,970,564,406,205,121,84,507,358,149,123,72,51,86,56,30,738,443,295,137,78,59
22958,C4920,9,140,District-Ghaziabad,Rural,50-59,2692,1501,1191,708,361,347,683,392,291,137,77,60,393,243,150,54,25,29,47,25,22,536,304,232,134,74,60
22959,C4920,9,140,District-Ghaziabad,Rural,60-69,2636,1388,1248,831,423,408,618,325,293,88,53,35,387,203,184,33,19,14,36,17,19,444,257,187,199,91,108
22960,C4920,9,140,District-Ghaziabad,Rural,70-79,1754,885,869,509,242,267,454,228,226,51,28,23,278,144,134,25,11,14,22,6,16,213,120,93,202,106,96
22961,C4920,9,140,District-Ghaziabad,Rural,80-89,825,396,429,229,102,127,191,95,96,14,8,6,166,86,80,5,3,2,7,3,4,96,49,47,117,50,67
22962,C4920,9,140,District-Ghaziabad,Rural,90+,360,159,201,97,46,51,92,37,55,8,6,2,61,29,32,2,1,1,5,3,2,23,12,11,72,25,47
22963,C4920,9,140,District-Ghaziabad,Rural,Age Not Stated,459,265,194,101,63,38,114,56,58,15,7,8,57,36,21,17,13,4,8,3,5,130,74,56,17,13,4
22964,C4920,9,140,District-Ghaziabad,Urban,Total,104727,57266,47461,22374,12142,10232,37548,19376,18172,4645,2610,2035,7580,4827,2753,2813,1720,1093,1111,691,420,25344,14004,11340,3312,1896,1416
22965,C4920,9,140,District-Ghaziabad,Urban,0-4,8246,4479,3767,1906,1064,842,3320,1733,1587,93,52,41,212,128,84,156,96,60,33,20,13,2311,1265,1046,215,121,94
22966,C4920,9,140,District-Ghaziabad,Urban,5-9,9768,5236,4532,2186,1160,1026,3694,1867,1827,507,291,216,359,218,141,261,160,101,76,44,32,2339,1299,1040,346,197,149
22967,C4920,9,140,District-Ghaziabad,Urban,10-19,20879,11479,9400,4310,2352,1958,7578,3943,3635,1017,552,465,1411,860,551,698,440,258,249,148,101,4913,2755,2158,703,429,274
22968,C4920,9,140,District-Ghaziabad,Urban,20-29,19148,10240,8908,3892,2020,1872,6775,3350,3425,920,492,428,1697,1111,586,587,358,229,246,155,91,4520,2452,2068,511,302,209
22969,C4920,9,140,District-Ghaziabad,Urban,30-39,16031,8624,7407,3271,1760,1511,5836,2919,2917,765,438,327,1164,782,382,431,252,179,163,108,55,4011,2136,1875,390,229,161
22970,C4920,9,140,District-Ghaziabad,Urban,40-49,11708,6737,4971,2511,1458,1053,4166,2276,1890,544,318,226,852,568,284,304,187,117,155,94,61,2913,1675,1238,263,161,102
22971,C4920,9,140,District-Ghaziabad,Urban,50-59,7321,4163,3158,1691,932,759,2397,1326,1071,343,205,138,628,409,219,164,100,64,82,57,25,1793,1007,786,223,127,96
22972,C4920,9,140,District-Ghaziabad,Urban,60-69,5191,2842,2349,1251,676,575,1584,803,781,234,139,95,591,367,224,77,48,29,52,30,22,1150,642,508,252,137,115
22973,C4920,9,140,District-Ghaziabad,Urban,70-79,2418,1342,1076,600,337,263,738,401,337,80,48,32,353,200,153,37,24,13,20,13,7,420,240,180,170,79,91
22974,C4920,9,140,District-Ghaziabad,Urban,80-89,967,498,469,210,103,107,289,158,131,35,19,16,139,75,64,13,5,8,7,3,4,162,86,76,112,49,63
22975,C4920,9,140,District-Ghaziabad,Urban,90+,562,286,276,107,48,59,186,89,97,25,14,11,39,21,18,20,13,7,8,4,4,114,67,47,63,30,33
22976,C4920,9,140,District-Ghaziabad,Urban,Age Not Stated,2488,1340,1148,439,232,207,985,511,474,82,42,40,135,88,47,65,37,28,20,15,5,698,380,318,64,35,29
22977,C4920,9,141,District-Gautam Buddha Nagar,Total,Total,35955,20506,15449,5687,3093,2594,10301,5629,4672,1985,1151,834,4230,2778,1452,1252,755,497,472,292,180,10568,5931,4637,1460,877,583
22978,C4920,9,141,District-Gautam Buddha Nagar,Total,0-4,2723,1517,1206,435,232,203,873,493,380,39,25,14,124,75,49,66,31,35,14,9,5,1084,595,489,88,57,31
22979,C4920,9,141,District-Gautam Buddha Nagar,Total,5-9,3379,1860,1519,535,291,244,1038,549,489,250,145,105,168,116,52,124,65,59,32,18,14,1075,576,499,157,100,57
22980,C4920,9,141,District-Gautam Buddha Nagar,Total,10-19,7072,4117,2955,955,520,435,2015,1122,893,481,290,191,850,545,305,334,210,124,93,57,36,2044,1182,862,300,191,109
22981,C4920,9,141,District-Gautam Buddha Nagar,Total,20-29,6472,3822,2650,828,465,363,1866,1027,839,360,216,144,982,678,304,248,158,90,99,62,37,1899,1083,816,190,133,57
22982,C4920,9,141,District-Gautam Buddha Nagar,Total,30-39,4911,2832,2079,661,374,287,1416,756,660,322,177,145,625,438,187,188,122,66,67,41,26,1502,838,664,130,86,44
22983,C4920,9,141,District-Gautam Buddha Nagar,Total,40-49,3470,2107,1363,487,289,198,1050,621,429,216,127,89,430,293,137,113,73,40,57,38,19,1007,597,410,110,69,41
22984,C4920,9,141,District-Gautam Buddha Nagar,Total,50-59,2296,1344,952,473,271,202,611,343,268,117,66,51,302,203,99,66,39,27,42,24,18,612,350,262,73,48,25
22985,C4920,9,141,District-Gautam Buddha Nagar,Total,60-69,2043,1051,992,532,261,271,534,262,272,86,41,45,288,185,103,32,15,17,23,15,8,415,218,197,133,54,79
22986,C4920,9,141,District-Gautam Buddha Nagar,Total,70-79,1356,679,677,337,167,170,349,171,178,51,30,21,231,113,118,19,13,6,16,10,6,223,103,120,130,72,58
22987,C4920,9,141,District-Gautam Buddha Nagar,Total,80-89,647,292,355,156,67,89,155,72,83,22,12,10,122,57,65,9,5,4,4,3,1,99,43,56,80,33,47
22988,C4920,9,141,District-Gautam Buddha Nagar,Total,90+,234,106,128,52,21,31,64,29,35,8,5,3,25,14,11,4,2,2,2,1,1,33,15,18,46,19,27
22989,C4920,9,141,District-Gautam Buddha Nagar,Total,Age Not Stated,1352,779,573,236,135,101,330,184,146,33,17,16,83,61,22,49,22,27,23,14,9,575,331,244,23,15,8
22990,C4920,9,141,District-Gautam Buddha Nagar,Rural,Total,17105,9804,7301,2748,1488,1260,4578,2483,2095,729,436,293,2404,1620,784,663,410,253,220,145,75,5029,2788,2241,734,434,300
22991,C4920,9,141,District-Gautam Buddha Nagar,Rural,0-4,1338,749,589,226,115,111,385,208,177,12,9,3,57,36,21,44,21,23,7,6,1,570,328,242,37,26,11
22992,C4920,9,141,District-Gautam Buddha Nagar,Rural,5-9,1647,909,738,267,138,129,491,267,224,100,59,41,89,68,21,70,35,35,10,6,4,552,299,253,68,37,31
22993,C4920,9,141,District-Gautam Buddha Nagar,Rural,10-19,3589,2101,1488,481,268,213,945,520,425,203,126,77,521,337,184,178,115,63,44,30,14,1073,604,469,144,101,43
22994,C4920,9,141,District-Gautam Buddha Nagar,Rural,20-29,2929,1745,1184,346,200,146,750,401,349,134,77,57,589,414,175,132,90,42,53,37,16,832,465,367,93,61,32
22995,C4920,9,141,District-Gautam Buddha Nagar,Rural,30-39,2016,1189,827,260,143,117,540,303,237,95,53,42,348,243,105,88,62,26,35,24,11,591,323,268,59,38,21
22996,C4920,9,141,District-Gautam Buddha Nagar,Rural,40-49,1489,908,581,228,139,89,402,234,168,72,41,31,241,174,67,53,34,19,29,18,11,423,244,179,41,24,17
22997,C4920,9,141,District-Gautam Buddha Nagar,Rural,50-59,1098,624,474,237,137,100,291,153,138,38,24,14,160,100,60,32,21,11,11,8,3,294,157,137,35,24,11
22998,C4920,9,141,District-Gautam Buddha Nagar,Rural,60-69,1057,537,520,258,125,133,285,142,143,26,12,14,150,100,50,19,9,10,12,6,6,219,108,111,88,35,53
22999,C4920,9,141,District-Gautam Buddha Nagar,Rural,70-79,718,361,357,186,87,99,186,93,93,17,11,6,115,63,52,13,10,3,9,5,4,114,48,66,78,44,34
23000,C4920,9,141,District-Gautam Buddha Nagar,Rural,80-89,369,178,191,98,45,53,83,38,45,11,9,2,63,32,31,4,3,1,1,0,1,61,29,32,48,22,26
23001,C4920,9,141,District-Gautam Buddha Nagar,Rural,90+,131,65,66,27,11,16,38,18,20,4,4,0,12,9,3,3,1,2,1,0,1,17,9,8,29,13,16
23002,C4920,9,141,District-Gautam Buddha Nagar,Rural,Age Not Stated,724,438,286,134,80,54,182,106,76,17,11,6,59,44,15,27,9,18,8,5,3,283,174,109,14,9,5
23003,C4920,9,141,District-Gautam Buddha Nagar,Urban,Total,18850,10702,8148,2939,1605,1334,5723,3146,2577,1256,715,541,1826,1158,668,589,345,244,252,147,105,5539,3143,2396,726,443,283
23004,C4920,9,141,District-Gautam Buddha Nagar,Urban,0-4,1385,768,617,209,117,92,488,285,203,27,16,11,67,39,28,22,10,12,7,3,4,514,267,247,51,31,20
23005,C4920,9,141,District-Gautam Buddha Nagar,Urban,5-9,1732,951,781,268,153,115,547,282,265,150,86,64,79,48,31,54,30,24,22,12,10,523,277,246,89,63,26
23006,C4920,9,141,District-Gautam Buddha Nagar,Urban,10-19,3483,2016,1467,474,252,222,1070,602,468,278,164,114,329,208,121,156,95,61,49,27,22,971,578,393,156,90,66
23007,C4920,9,141,District-Gautam Buddha Nagar,Urban,20-29,3543,2077,1466,482,265,217,1116,626,490,226,139,87,393,264,129,116,68,48,46,25,21,1067,618,449,97,72,25
23008,C4920,9,141,District-Gautam Buddha Nagar,Urban,30-39,2895,1643,1252,401,231,170,876,453,423,227,124,103,277,195,82,100,60,40,32,17,15,911,515,396,71,48,23
23009,C4920,9,141,District-Gautam Buddha Nagar,Urban,40-49,1981,1199,782,259,150,109,648,387,261,144,86,58,189,119,70,60,39,21,28,20,8,584,353,231,69,45,24
23010,C4920,9,141,District-Gautam Buddha Nagar,Urban,50-59,1198,720,478,236,134,102,320,190,130,79,42,37,142,103,39,34,18,16,31,16,15,318,193,125,38,24,14
23011,C4920,9,141,District-Gautam Buddha Nagar,Urban,60-69,986,514,472,274,136,138,249,120,129,60,29,31,138,85,53,13,6,7,11,9,2,196,110,86,45,19,26
23012,C4920,9,141,District-Gautam Buddha Nagar,Urban,70-79,638,318,320,151,80,71,163,78,85,34,19,15,116,50,66,6,3,3,7,5,2,109,55,54,52,28,24
23013,C4920,9,141,District-Gautam Buddha Nagar,Urban,80-89,278,114,164,58,22,36,72,34,38,11,3,8,59,25,34,5,2,3,3,3,0,38,14,24,32,11,21
23014,C4920,9,141,District-Gautam Buddha Nagar,Urban,90+,103,41,62,25,10,15,26,11,15,4,1,3,13,5,8,1,1,0,1,1,0,16,6,10,17,6,11
23015,C4920,9,141,District-Gautam Buddha Nagar,Urban,Age Not Stated,628,341,287,102,55,47,148,78,70,16,6,10,24,17,7,22,13,9,15,9,6,292,157,135,9,6,3
23016,C4920,9,142,District-Bulandshahr ,Total,Total,60925,35133,25792,10383,5360,5023,11829,6346,5483,3247,1950,1297,14583,9290,5293,3088,2031,1057,1411,899,512,12302,6973,5329,4082,2284,1798
23017,C4920,9,142,District-Bulandshahr ,Total,0-4,3235,1752,1483,442,235,207,875,460,415,75,42,33,303,177,126,85,40,45,23,16,7,1266,686,580,166,96,70
23018,C4920,9,142,District-Bulandshahr ,Total,5-9,4315,2558,1757,503,286,217,978,547,431,447,283,164,586,355,231,229,148,81,73,43,30,1121,646,475,378,250,128
23019,C4920,9,142,District-Bulandshahr ,Total,10-19,12760,7592,5168,1283,722,561,2337,1259,1078,893,570,323,3461,2210,1251,1028,667,361,360,224,136,2537,1402,1135,861,538,323
23020,C4920,9,142,District-Bulandshahr ,Total,20-29,9816,6277,3539,825,477,348,1699,967,732,553,345,208,3319,2289,1030,633,460,173,287,197,90,2028,1226,802,472,316,156
23021,C4920,9,142,District-Bulandshahr ,Total,30-39,6869,4307,2562,781,445,336,1234,716,518,441,267,174,1934,1337,597,443,303,140,221,149,72,1479,874,605,336,216,120
23022,C4920,9,142,District-Bulandshahr ,Total,40-49,5576,3388,2188,1012,566,446,1069,607,462,289,160,129,1276,872,404,335,224,111,191,124,67,1178,689,489,226,146,80
23023,C4920,9,142,District-Bulandshahr ,Total,50-59,4964,2777,2187,1253,674,579,938,488,450,197,101,96,1081,672,409,165,97,68,131,78,53,954,531,423,245,136,109
23024,C4920,9,142,District-Bulandshahr ,Total,60-69,5852,2964,2888,1922,902,1020,1114,554,560,184,103,81,1190,656,534,81,40,41,63,36,27,857,460,397,441,213,228
23025,C4920,9,142,District-Bulandshahr ,Total,70-79,4215,1976,2239,1454,668,786,846,388,458,84,38,46,835,419,416,43,22,21,44,20,24,437,224,213,472,197,275
23026,C4920,9,142,District-Bulandshahr ,Total,80-89,1934,874,1060,622,255,367,409,201,208,31,14,17,377,193,184,17,9,8,7,5,2,169,78,91,302,119,183
23027,C4920,9,142,District-Bulandshahr ,Total,90+,721,290,431,175,74,101,158,73,85,9,3,6,144,58,86,9,6,3,3,1,2,58,26,32,165,49,116
23028,C4920,9,142,District-Bulandshahr ,Total,Age Not Stated,668,378,290,111,56,55,172,86,86,44,24,20,77,52,25,20,15,5,8,6,2,218,131,87,18,8,10
23029,C4920,9,142,District-Bulandshahr ,Rural,Total,45609,26527,19082,7504,3839,3665,8386,4516,3870,2398,1455,943,11720,7532,4188,2400,1586,814,1074,685,389,8984,5144,3840,3143,1770,1373
23030,C4920,9,142,District-Bulandshahr ,Rural,0-4,2298,1242,1056,292,158,134,597,301,296,63,34,29,234,138,96,59,27,32,17,13,4,915,495,420,121,76,45
23031,C4920,9,142,District-Bulandshahr ,Rural,5-9,3166,1875,1291,344,195,149,690,389,301,345,218,127,457,278,179,181,118,63,59,34,25,789,444,345,301,199,102
23032,C4920,9,142,District-Bulandshahr ,Rural,10-19,9585,5761,3824,872,496,376,1635,886,749,666,424,242,2815,1823,992,817,521,296,282,172,110,1844,1033,811,654,406,248
23033,C4920,9,142,District-Bulandshahr ,Rural,20-29,7333,4803,2530,561,333,228,1180,686,494,410,266,144,2690,1870,820,481,365,116,213,147,66,1441,899,542,357,237,120
23034,C4920,9,142,District-Bulandshahr ,Rural,30-39,5137,3281,1856,522,293,229,848,505,343,306,190,116,1591,1112,479,360,247,113,163,114,49,1103,659,444,244,161,83
23035,C4920,9,142,District-Bulandshahr ,Rural,40-49,4096,2511,1585,721,406,315,736,412,324,201,113,88,1014,696,318,256,174,82,138,90,48,864,511,353,166,109,57
23036,C4920,9,142,District-Bulandshahr ,Rural,50-59,3695,2093,1602,894,480,414,659,353,306,154,75,79,845,528,317,121,70,51,102,60,42,724,419,305,196,108,88
23037,C4920,9,142,District-Bulandshahr ,Rural,60-69,4531,2303,2228,1474,687,787,865,436,429,134,81,53,931,510,421,66,32,34,55,31,24,667,356,311,339,170,169
23038,C4920,9,142,District-Bulandshahr ,Rural,70-79,3270,1524,1746,1127,510,617,640,293,347,63,27,36,663,334,329,29,14,15,30,13,17,344,173,171,374,160,214
23039,C4920,9,142,District-Bulandshahr ,Rural,80-89,1548,693,855,501,198,303,322,158,164,24,9,15,307,158,149,13,6,7,7,5,2,131,61,70,243,98,145
23040,C4920,9,142,District-Bulandshahr ,Rural,90+,581,233,348,146,62,84,124,57,67,6,3,3,117,47,70,7,4,3,2,1,1,40,17,23,139,42,97
23041,C4920,9,142,District-Bulandshahr ,Rural,Age Not Stated,369,208,161,50,21,29,90,40,50,26,15,11,56,38,18,10,8,2,6,5,1,122,77,45,9,4,5
23042,C4920,9,142,District-Bulandshahr ,Urban,Total,15316,8606,6710,2879,1521,1358,3443,1830,1613,849,495,354,2863,1758,1105,688,445,243,337,214,123,3318,1829,1489,939,514,425
23043,C4920,9,142,District-Bulandshahr ,Urban,0-4,937,510,427,150,77,73,278,159,119,12,8,4,69,39,30,26,13,13,6,3,3,351,191,160,45,20,25
23044,C4920,9,142,District-Bulandshahr ,Urban,5-9,1149,683,466,159,91,68,288,158,130,102,65,37,129,77,52,48,30,18,14,9,5,332,202,130,77,51,26
23045,C4920,9,142,District-Bulandshahr ,Urban,10-19,3175,1831,1344,411,226,185,702,373,329,227,146,81,646,387,259,211,146,65,78,52,26,693,369,324,207,132,75
23046,C4920,9,142,District-Bulandshahr ,Urban,20-29,2483,1474,1009,264,144,120,519,281,238,143,79,64,629,419,210,152,95,57,74,50,24,587,327,260,115,79,36
23047,C4920,9,142,District-Bulandshahr ,Urban,30-39,1732,1026,706,259,152,107,386,211,175,135,77,58,343,225,118,83,56,27,58,35,23,376,215,161,92,55,37
23048,C4920,9,142,District-Bulandshahr ,Urban,40-49,1480,877,603,291,160,131,333,195,138,88,47,41,262,176,86,79,50,29,53,34,19,314,178,136,60,37,23
23049,C4920,9,142,District-Bulandshahr ,Urban,50-59,1269,684,585,359,194,165,279,135,144,43,26,17,236,144,92,44,27,17,29,18,11,230,112,118,49,28,21
23050,C4920,9,142,District-Bulandshahr ,Urban,60-69,1321,661,660,448,215,233,249,118,131,50,22,28,259,146,113,15,8,7,8,5,3,190,104,86,102,43,59
23051,C4920,9,142,District-Bulandshahr ,Urban,70-79,945,452,493,327,158,169,206,95,111,21,11,10,172,85,87,14,8,6,14,7,7,93,51,42,98,37,61
23052,C4920,9,142,District-Bulandshahr ,Urban,80-89,386,181,205,121,57,64,87,43,44,7,5,2,70,35,35,4,3,1,0,0,0,38,17,21,59,21,38
23053,C4920,9,142,District-Bulandshahr ,Urban,90+,140,57,83,29,12,17,34,16,18,3,0,3,27,11,16,2,2,0,1,0,1,18,9,9,26,7,19
23054,C4920,9,142,District-Bulandshahr ,Urban,Age Not Stated,299,170,129,61,35,26,82,46,36,18,9,9,21,14,7,10,7,3,2,1,1,96,54,42,9,4,5
23055,C4920,9,143,District-Aligarh,Total,Total,75974,43398,32576,11503,6088,5415,20033,10799,9234,4198,2455,1743,13030,8419,4611,2958,1900,1058,1118,714,404,19620,11007,8613,3514,2016,1498
23056,C4920,9,143,District-Aligarh,Total,0-4,4959,2652,2307,742,399,343,1610,822,788,75,38,37,317,193,124,110,69,41,24,14,10,1909,1023,886,172,94,78
23057,C4920,9,143,District-Aligarh,Total,5-9,6838,3790,3048,886,476,410,2022,1051,971,519,312,207,581,357,224,284,160,124,77,48,29,2138,1181,957,331,205,126
23058,C4920,9,143,District-Aligarh,Total,10-19,17302,9975,7327,2030,1106,924,4539,2449,2090,1057,630,427,3237,2088,1149,888,556,332,275,173,102,4428,2426,2002,848,547,301
23059,C4920,9,143,District-Aligarh,Total,20-29,13060,8153,4907,1389,783,606,3518,2065,1453,794,473,321,2959,2111,848,589,422,167,226,158,68,3162,1852,1310,423,289,134
23060,C4920,9,143,District-Aligarh,Total,30-39,9191,5385,3806,1067,581,486,2300,1235,1065,590,336,254,1836,1219,617,448,310,138,202,131,71,2483,1410,1073,265,163,102
23061,C4920,9,143,District-Aligarh,Total,40-49,7075,4240,2835,1081,616,465,1826,1025,801,446,257,189,1106,753,353,308,205,103,142,94,48,1959,1147,812,207,143,64
23062,C4920,9,143,District-Aligarh,Total,50-59,5567,3180,2387,1156,640,516,1383,719,664,293,179,114,883,577,306,159,94,65,67,47,20,1438,817,621,188,107,81
23063,C4920,9,143,District-Aligarh,Total,60-69,5395,2796,2599,1417,682,735,1277,651,626,236,138,98,923,510,413,88,42,46,63,30,33,1075,589,486,316,154,162
23064,C4920,9,143,District-Aligarh,Total,70-79,3627,1795,1832,1048,494,554,831,412,419,111,55,56,665,345,320,34,20,14,23,10,13,563,311,252,352,148,204
23065,C4920,9,143,District-Aligarh,Total,80-89,1584,744,840,428,187,241,368,184,184,26,11,15,313,163,150,16,6,10,9,3,6,183,98,85,241,92,149
23066,C4920,9,143,District-Aligarh,Total,90+,630,284,346,152,72,80,135,62,73,18,9,9,115,56,59,9,5,4,7,4,3,64,29,35,130,47,83
23067,C4920,9,143,District-Aligarh,Total,Age Not Stated,746,404,342,107,52,55,224,124,100,33,17,16,95,47,48,25,11,14,3,2,1,218,124,94,41,27,14
23068,C4920,9,143,District-Aligarh,Rural,Total,47984,27593,20391,7564,3984,3580,10747,5714,5033,2411,1410,1001,9728,6310,3418,1992,1283,709,781,494,287,12409,7037,5372,2352,1361,991
23069,C4920,9,143,District-Aligarh,Rural,0-4,3278,1755,1523,489,280,209,984,493,491,45,25,20,240,144,96,61,37,24,18,10,8,1312,696,616,129,70,59
23070,C4920,9,143,District-Aligarh,Rural,5-9,4276,2431,1845,572,314,258,1097,583,514,320,199,121,423,248,175,195,111,84,55,36,19,1374,777,597,240,163,77
23071,C4920,9,143,District-Aligarh,Rural,10-19,10990,6380,4610,1292,714,578,2372,1263,1109,625,352,273,2495,1604,891,624,390,234,186,113,73,2824,1569,1255,572,375,197
23072,C4920,9,143,District-Aligarh,Rural,20-29,7892,5001,2891,853,475,378,1595,894,701,424,265,159,2240,1624,616,386,274,112,155,115,40,1960,1162,798,279,192,87
23073,C4920,9,143,District-Aligarh,Rural,30-39,5772,3441,2331,703,375,328,1205,656,549,320,190,130,1372,913,459,320,220,100,142,91,51,1535,893,642,175,103,72
23074,C4920,9,143,District-Aligarh,Rural,40-49,4299,2616,1683,674,391,283,970,544,426,247,141,106,821,547,274,191,131,60,102,67,35,1155,694,461,139,101,38
23075,C4920,9,143,District-Aligarh,Rural,50-59,3354,1923,1431,705,378,327,740,390,350,166,99,67,653,431,222,100,62,38,46,32,14,835,471,364,109,60,49
23076,C4920,9,143,District-Aligarh,Rural,60-69,3588,1852,1736,1012,475,537,784,396,388,143,85,58,643,362,281,63,31,32,46,20,26,699,388,311,198,95,103
23077,C4920,9,143,District-Aligarh,Rural,70-79,2489,1201,1288,763,362,401,541,256,285,70,31,39,465,242,223,22,13,9,17,5,12,384,202,182,227,90,137
23078,C4920,9,143,District-Aligarh,Rural,80-89,1154,528,626,330,139,191,255,129,126,17,5,12,231,121,110,11,4,7,7,2,5,141,73,68,162,55,107
23079,C4920,9,143,District-Aligarh,Rural,90+,435,208,227,107,51,56,89,43,46,11,6,5,84,43,41,6,3,3,4,1,3,42,24,18,92,37,55
23080,C4920,9,143,District-Aligarh,Rural,Age Not Stated,457,257,200,64,30,34,115,67,48,23,12,11,61,31,30,13,7,6,3,2,1,148,88,60,30,20,10
23081,C4920,9,143,District-Aligarh,Urban,Total,27990,15805,12185,3939,2104,1835,9286,5085,4201,1787,1045,742,3302,2109,1193,966,617,349,337,220,117,7211,3970,3241,1162,655,507
23082,C4920,9,143,District-Aligarh,Urban,0-4,1681,897,784,253,119,134,626,329,297,30,13,17,77,49,28,49,32,17,6,4,2,597,327,270,43,24,19
23083,C4920,9,143,District-Aligarh,Urban,5-9,2562,1359,1203,314,162,152,925,468,457,199,113,86,158,109,49,89,49,40,22,12,10,764,404,360,91,42,49
23084,C4920,9,143,District-Aligarh,Urban,10-19,6312,3595,2717,738,392,346,2167,1186,981,432,278,154,742,484,258,264,166,98,89,60,29,1604,857,747,276,172,104
23085,C4920,9,143,District-Aligarh,Urban,20-29,5168,3152,2016,536,308,228,1923,1171,752,370,208,162,719,487,232,203,148,55,71,43,28,1202,690,512,144,97,47
23086,C4920,9,143,District-Aligarh,Urban,30-39,3419,1944,1475,364,206,158,1095,579,516,270,146,124,464,306,158,128,90,38,60,40,20,948,517,431,90,60,30
23087,C4920,9,143,District-Aligarh,Urban,40-49,2776,1624,1152,407,225,182,856,481,375,199,116,83,285,206,79,117,74,43,40,27,13,804,453,351,68,42,26
23088,C4920,9,143,District-Aligarh,Urban,50-59,2213,1257,956,451,262,189,643,329,314,127,80,47,230,146,84,59,32,27,21,15,6,603,346,257,79,47,32
23089,C4920,9,143,District-Aligarh,Urban,60-69,1807,944,863,405,207,198,493,255,238,93,53,40,280,148,132,25,11,14,17,10,7,376,201,175,118,59,59
23090,C4920,9,143,District-Aligarh,Urban,70-79,1138,594,544,285,132,153,290,156,134,41,24,17,200,103,97,12,7,5,6,5,1,179,109,70,125,58,67
23091,C4920,9,143,District-Aligarh,Urban,80-89,430,216,214,98,48,50,113,55,58,9,6,3,82,42,40,5,2,3,2,1,1,42,25,17,79,37,42
23092,C4920,9,143,District-Aligarh,Urban,90+,195,76,119,45,21,24,46,19,27,7,3,4,31,13,18,3,2,1,3,3,0,22,5,17,38,10,28
23093,C4920,9,143,District-Aligarh,Urban,Age Not Stated,289,147,142,43,22,21,109,57,52,10,5,5,34,16,18,12,4,8,0,0,0,70,36,34,11,7,4
23094,C4920,9,144,District-Mahamaya Nagar,Total,Total,26547,15661,10886,4641,2477,2164,6008,3295,2713,1351,775,576,6048,4029,2019,1300,874,426,424,278,146,5197,2986,2211,1578,947,631
23095,C4920,9,144,District-Mahamaya Nagar,Total,0-4,1556,846,710,303,164,139,547,304,243,15,9,6,100,53,47,39,26,13,8,7,1,477,245,232,67,38,29
23096,C4920,9,144,District-Mahamaya Nagar,Total,5-9,2211,1219,992,360,188,172,621,327,294,139,80,59,233,144,89,101,63,38,23,9,14,564,292,272,170,116,54
23097,C4920,9,144,District-Mahamaya Nagar,Total,10-19,5967,3523,2444,794,424,370,1356,741,615,388,226,162,1363,889,474,380,252,128,102,60,42,1230,687,543,354,244,110
23098,C4920,9,144,District-Mahamaya Nagar,Total,20-29,4640,3038,1602,522,302,220,950,548,402,249,160,89,1531,1125,406,247,189,58,84,65,19,836,492,344,221,157,64
23099,C4920,9,144,District-Mahamaya Nagar,Total,30-39,3232,2000,1232,428,245,183,676,370,306,174,79,95,884,620,264,204,145,59,82,59,23,671,411,260,113,71,42
23100,C4920,9,144,District-Mahamaya Nagar,Total,40-49,2513,1587,926,396,230,166,550,312,238,138,77,61,593,427,166,152,101,51,56,38,18,522,326,196,106,76,30
23101,C4920,9,144,District-Mahamaya Nagar,Total,50-59,1945,1158,787,457,255,202,420,233,187,118,75,43,396,262,134,80,48,32,37,23,14,362,218,144,75,44,31
23102,C4920,9,144,District-Mahamaya Nagar,Total,60-69,2035,1070,965,622,302,320,426,219,207,54,30,24,427,238,189,54,30,24,15,9,6,301,180,121,136,62,74
23103,C4920,9,144,District-Mahamaya Nagar,Total,70-79,1476,734,742,467,218,249,294,152,142,55,29,26,314,169,145,29,15,14,11,4,7,131,72,59,175,75,100
23104,C4920,9,144,District-Mahamaya Nagar,Total,80-89,659,329,330,194,99,95,120,61,59,15,7,8,153,77,76,9,4,5,5,3,2,58,36,22,105,42,63
23105,C4920,9,144,District-Mahamaya Nagar,Total,90+,224,105,119,58,27,31,39,22,17,3,2,1,50,23,27,1,0,1,1,1,0,18,9,9,54,21,33
23106,C4920,9,144,District-Mahamaya Nagar,Total,Age Not Stated,89,52,37,40,23,17,9,6,3,3,1,2,4,2,2,4,1,3,0,0,0,27,18,9,2,1,1
23107,C4920,9,144,District-Mahamaya Nagar,Rural,Total,20404,12167,8237,3179,1700,1479,4306,2376,1930,1035,584,451,5100,3411,1689,1027,698,329,328,214,114,4107,2387,1720,1322,797,525
23108,C4920,9,144,District-Mahamaya Nagar,Rural,0-4,1125,624,501,169,97,72,401,226,175,11,8,3,85,44,41,25,17,8,7,6,1,369,193,176,58,33,25
23109,C4920,9,144,District-Mahamaya Nagar,Rural,5-9,1656,922,734,213,113,100,447,238,209,108,62,46,201,126,75,82,50,32,17,6,11,439,222,217,149,105,44
23110,C4920,9,144,District-Mahamaya Nagar,Rural,10-19,4558,2716,1842,459,241,218,949,520,429,311,179,132,1181,770,411,300,206,94,76,45,31,992,556,436,290,199,91
23111,C4920,9,144,District-Mahamaya Nagar,Rural,20-29,3550,2365,1185,310,191,119,679,389,290,196,128,68,1271,934,337,191,146,45,68,52,16,651,391,260,184,134,50
23112,C4920,9,144,District-Mahamaya Nagar,Rural,30-39,2435,1539,896,259,152,107,465,269,196,130,52,78,740,520,220,169,123,46,65,46,19,511,319,192,96,58,38
23113,C4920,9,144,District-Mahamaya Nagar,Rural,40-49,1889,1199,690,271,158,113,380,214,166,100,55,45,491,354,137,114,77,37,40,28,12,411,252,159,82,61,21
23114,C4920,9,144,District-Mahamaya Nagar,Rural,50-59,1508,903,605,349,192,157,304,164,140,75,47,28,328,221,107,67,37,30,26,16,10,297,188,109,62,38,24
23115,C4920,9,144,District-Mahamaya Nagar,Rural,60-69,1649,872,777,514,244,270,307,157,150,43,23,20,362,209,153,44,25,19,14,8,6,259,158,101,106,48,58
23116,C4920,9,144,District-Mahamaya Nagar,Rural,70-79,1240,630,610,399,192,207,236,124,112,42,22,20,269,146,123,26,14,12,11,4,7,104,63,41,153,65,88
23117,C4920,9,144,District-Mahamaya Nagar,Rural,80-89,570,284,286,177,90,87,101,53,48,14,6,8,130,65,65,7,3,4,3,2,1,45,28,17,93,37,56
23118,C4920,9,144,District-Mahamaya Nagar,Rural,90+,190,94,96,50,24,26,35,21,14,3,2,1,39,21,18,1,0,1,1,1,0,14,7,7,47,18,29
23119,C4920,9,144,District-Mahamaya Nagar,Rural,Age Not Stated,34,19,15,9,6,3,2,1,1,2,0,2,3,1,2,1,0,1,0,0,0,15,10,5,2,1,1
23120,C4920,9,144,District-Mahamaya Nagar,Urban,Total,6143,3494,2649,1462,777,685,1702,919,783,316,191,125,948,618,330,273,176,97,96,64,32,1090,599,491,256,150,106
23121,C4920,9,144,District-Mahamaya Nagar,Urban,0-4,431,222,209,134,67,67,146,78,68,4,1,3,15,9,6,14,9,5,1,1,0,108,52,56,9,5,4
23122,C4920,9,144,District-Mahamaya Nagar,Urban,5-9,555,297,258,147,75,72,174,89,85,31,18,13,32,18,14,19,13,6,6,3,3,125,70,55,21,11,10
23123,C4920,9,144,District-Mahamaya Nagar,Urban,10-19,1409,807,602,335,183,152,407,221,186,77,47,30,182,119,63,80,46,34,26,15,11,238,131,107,64,45,19
23124,C4920,9,144,District-Mahamaya Nagar,Urban,20-29,1090,673,417,212,111,101,271,159,112,53,32,21,260,191,69,56,43,13,16,13,3,185,101,84,37,23,14
23125,C4920,9,144,District-Mahamaya Nagar,Urban,30-39,797,461,336,169,93,76,211,101,110,44,27,17,144,100,44,35,22,13,17,13,4,160,92,68,17,13,4
23126,C4920,9,144,District-Mahamaya Nagar,Urban,40-49,624,388,236,125,72,53,170,98,72,38,22,16,102,73,29,38,24,14,16,10,6,111,74,37,24,15,9
23127,C4920,9,144,District-Mahamaya Nagar,Urban,50-59,437,255,182,108,63,45,116,69,47,43,28,15,68,41,27,13,11,2,11,7,4,65,30,35,13,6,7
23128,C4920,9,144,District-Mahamaya Nagar,Urban,60-69,386,198,188,108,58,50,119,62,57,11,7,4,65,29,36,10,5,5,1,1,0,42,22,20,30,14,16
23129,C4920,9,144,District-Mahamaya Nagar,Urban,70-79,236,104,132,68,26,42,58,28,30,13,7,6,45,23,22,3,1,2,0,0,0,27,9,18,22,10,12
23130,C4920,9,144,District-Mahamaya Nagar,Urban,80-89,89,45,44,17,9,8,19,8,11,1,1,0,23,12,11,2,1,1,2,1,1,13,8,5,12,5,7
23131,C4920,9,144,District-Mahamaya Nagar,Urban,90+,34,11,23,8,3,5,4,1,3,0,0,0,11,2,9,0,0,0,0,0,0,4,2,2,7,3,4
23132,C4920,9,144,District-Mahamaya Nagar,Urban,Age Not Stated,55,33,22,31,17,14,7,5,2,1,1,0,1,1,0,3,1,2,0,0,0,12,8,4,0,0,0
23133,C4920,9,145,District-Mathura,Total,Total,51179,30154,21025,7001,3855,3146,14685,8097,6588,2290,1370,920,9609,6401,3208,2046,1361,685,812,534,278,12071,6929,5142,2665,1607,1058
23134,C4920,9,145,District-Mathura,Total,0-4,3369,1849,1520,411,215,196,1207,646,561,52,34,18,240,137,103,95,59,36,21,12,9,1191,661,530,152,85,67
23135,C4920,9,145,District-Mathura,Total,5-9,4527,2559,1968,527,286,241,1534,851,683,333,185,148,460,278,182,181,113,68,51,36,15,1192,656,536,249,154,95
23136,C4920,9,145,District-Mathura,Total,10-19,10996,6669,4327,1226,718,508,3141,1764,1377,661,413,248,1975,1347,628,641,412,229,188,126,62,2590,1488,1102,574,401,173
23137,C4920,9,145,District-Mathura,Total,20-29,8222,5209,3013,760,433,327,2188,1222,966,395,248,147,2152,1595,557,376,268,108,153,94,59,1902,1132,770,296,217,79
23138,C4920,9,145,District-Mathura,Total,30-39,6063,3710,2353,617,339,278,1735,1003,732,255,155,100,1384,965,419,279,195,84,143,93,50,1441,819,622,209,141,68
23139,C4920,9,145,District-Mathura,Total,40-49,4598,2844,1754,589,361,228,1337,752,585,198,109,89,867,614,253,192,134,58,92,67,25,1188,713,475,135,94,41
23140,C4920,9,145,District-Mathura,Total,50-59,3667,2183,1484,677,391,286,967,525,442,140,86,54,709,474,235,95,68,27,65,41,24,829,490,339,185,108,77
23141,C4920,9,145,District-Mathura,Total,60-69,3755,2016,1739,920,460,460,925,486,439,120,65,55,774,448,326,71,37,34,41,30,11,676,372,304,228,118,110
23142,C4920,9,145,District-Mathura,Total,70-79,2583,1313,1270,708,355,353,610,308,302,45,23,22,518,267,251,34,17,17,26,12,14,363,198,165,279,133,146
23143,C4920,9,145,District-Mathura,Total,80-89,1182,589,593,269,138,131,294,143,151,18,9,9,231,108,123,9,6,3,11,9,2,138,84,54,212,92,120
23144,C4920,9,145,District-Mathura,Total,90+,421,184,237,81,35,46,117,54,63,5,4,1,64,26,38,12,9,3,2,1,1,72,33,39,68,22,46
23145,C4920,9,145,District-Mathura,Total,Age Not Stated,1796,1029,767,216,124,92,630,343,287,68,39,29,235,142,93,61,43,18,19,13,6,489,283,206,78,42,36
23146,C4920,9,145,District-Mathura,Rural,Total,36244,21522,14722,5193,2798,2395,9775,5375,4400,1596,985,611,7366,4981,2385,1474,998,476,526,344,182,8341,4821,3520,1973,1220,753
23147,C4920,9,145,District-Mathura,Rural,0-4,2456,1309,1147,316,160,156,856,441,415,32,24,8,188,105,83,72,45,27,16,9,7,871,463,408,105,62,43
23148,C4920,9,145,District-Mathura,Rural,5-9,3403,1947,1456,443,236,207,1076,609,467,242,137,105,374,230,144,147,93,54,32,22,10,884,490,394,205,130,75
23149,C4920,9,145,District-Mathura,Rural,10-19,8045,4939,3106,921,528,393,2091,1178,913,503,323,180,1633,1129,504,476,320,156,134,90,44,1854,1069,785,433,302,131
23150,C4920,9,145,District-Mathura,Rural,20-29,5671,3683,1988,527,301,226,1369,780,589,269,172,97,1692,1278,414,264,190,74,100,61,39,1228,735,493,222,166,56
23151,C4920,9,145,District-Mathura,Rural,30-39,4152,2572,1580,446,241,205,1084,637,447,160,102,58,1045,726,319,184,130,54,92,61,31,986,571,415,155,104,51
23152,C4920,9,145,District-Mathura,Rural,40-49,3073,1940,1133,412,253,159,829,472,357,130,74,56,641,450,191,141,101,40,58,42,16,762,474,288,100,74,26
23153,C4920,9,145,District-Mathura,Rural,50-59,2467,1466,1001,464,255,209,616,320,296,85,60,25,508,345,163,59,39,20,41,26,15,546,334,212,148,87,61
23154,C4920,9,145,District-Mathura,Rural,60-69,2676,1415,1261,687,330,357,658,330,328,75,36,39,559,332,227,50,25,25,23,14,9,453,256,197,171,92,79
23155,C4920,9,145,District-Mathura,Rural,70-79,1841,933,908,540,268,272,429,218,211,35,17,18,352,185,167,24,12,12,15,8,7,246,130,116,200,95,105
23156,C4920,9,145,District-Mathura,Rural,80-89,809,394,415,207,100,107,195,90,105,13,7,6,145,70,75,8,6,2,5,4,1,102,59,43,134,58,76
23157,C4920,9,145,District-Mathura,Rural,90+,290,133,157,65,29,36,77,37,40,5,4,1,42,16,26,8,7,1,0,0,0,44,19,25,49,21,28
23158,C4920,9,145,District-Mathura,Rural,Age Not Stated,1361,791,570,165,97,68,495,263,232,47,29,18,187,115,72,41,30,11,10,7,3,365,221,144,51,29,22
23159,C4920,9,145,District-Mathura,Urban,Total,14935,8632,6303,1808,1057,751,4910,2722,2188,694,385,309,2243,1420,823,572,363,209,286,190,96,3730,2108,1622,692,387,305
23160,C4920,9,145,District-Mathura,Urban,0-4,913,540,373,95,55,40,351,205,146,20,10,10,52,32,20,23,14,9,5,3,2,320,198,122,47,23,24
23161,C4920,9,145,District-Mathura,Urban,5-9,1124,612,512,84,50,34,458,242,216,91,48,43,86,48,38,34,20,14,19,14,5,308,166,142,44,24,20
23162,C4920,9,145,District-Mathura,Urban,10-19,2951,1730,1221,305,190,115,1050,586,464,158,90,68,342,218,124,165,92,73,54,36,18,736,419,317,141,99,42
23163,C4920,9,145,District-Mathura,Urban,20-29,2551,1526,1025,233,132,101,819,442,377,126,76,50,460,317,143,112,78,34,53,33,20,674,397,277,74,51,23
23164,C4920,9,145,District-Mathura,Urban,30-39,1911,1138,773,171,98,73,651,366,285,95,53,42,339,239,100,95,65,30,51,32,19,455,248,207,54,37,17
23165,C4920,9,145,District-Mathura,Urban,40-49,1525,904,621,177,108,69,508,280,228,68,35,33,226,164,62,51,33,18,34,25,9,426,239,187,35,20,15
23166,C4920,9,145,District-Mathura,Urban,50-59,1200,717,483,213,136,77,351,205,146,55,26,29,201,129,72,36,29,7,24,15,9,283,156,127,37,21,16
23167,C4920,9,145,District-Mathura,Urban,60-69,1079,601,478,233,130,103,267,156,111,45,29,16,215,116,99,21,12,9,18,16,2,223,116,107,57,26,31
23168,C4920,9,145,District-Mathura,Urban,70-79,742,380,362,168,87,81,181,90,91,10,6,4,166,82,84,10,5,5,11,4,7,117,68,49,79,38,41
23169,C4920,9,145,District-Mathura,Urban,80-89,373,195,178,62,38,24,99,53,46,5,2,3,86,38,48,1,0,1,6,5,1,36,25,11,78,34,44
23170,C4920,9,145,District-Mathura,Urban,90+,131,51,80,16,6,10,40,17,23,0,0,0,22,10,12,4,2,2,2,1,1,28,14,14,19,1,18
23171,C4920,9,145,District-Mathura,Urban,Age Not Stated,435,238,197,51,27,24,135,80,55,21,10,11,48,27,21,20,13,7,9,6,3,124,62,62,27,13,14
23172,C4920,9,146,District-Agra,Total,Total,120117,67708,52409,26344,14184,12160,40728,22059,18669,5956,3400,2556,12976,8427,4549,3584,2303,1281,1304,824,480,25363,14231,11132,3862,2280,1582
23173,C4920,9,146,District-Agra,Total,0-4,9193,4915,4278,2225,1188,1037,3670,1919,1751,135,74,61,296,166,130,168,93,75,30,19,11,2472,1344,1128,197,112,85
23174,C4920,9,146,District-Agra,Total,5-9,11528,6402,5126,2712,1503,1209,4339,2328,2011,653,369,284,554,351,203,329,207,122,73,45,28,2543,1381,1162,325,218,107
23175,C4920,9,146,District-Agra,Total,10-19,27443,15716,11727,5524,3000,2524,9583,5210,4373,1541,923,618,2889,1919,970,1017,649,368,272,180,92,5822,3301,2521,795,534,261
23176,C4920,9,146,District-Agra,Total,20-29,20806,12199,8607,4008,2231,1777,6961,3756,3205,1066,605,461,2990,2127,863,706,487,219,224,159,65,4319,2470,1849,532,364,168
23177,C4920,9,146,District-Agra,Total,30-39,15499,8717,6782,3085,1626,1459,5172,2776,2396,903,470,433,1857,1241,616,549,358,191,239,145,94,3342,1871,1471,352,230,122
23178,C4920,9,146,District-Agra,Total,40-49,12118,7044,5074,2573,1442,1131,4131,2334,1797,700,402,298,1187,807,380,382,241,141,220,129,91,2690,1539,1151,235,150,85
23179,C4920,9,146,District-Agra,Total,50-59,8645,4893,3752,2088,1118,970,2663,1479,1184,465,270,195,987,632,355,232,144,88,118,70,48,1839,1047,792,253,133,120
23180,C4920,9,146,District-Agra,Total,60-69,7445,3997,3448,2103,1079,1024,2110,1114,996,302,175,127,1066,594,472,111,72,39,77,44,33,1322,738,584,354,181,173
23181,C4920,9,146,District-Agra,Total,70-79,4531,2330,2201,1297,639,658,1228,659,569,120,78,42,739,380,359,50,25,25,32,20,12,620,334,286,445,195,250
23182,C4920,9,146,District-Agra,Total,80-89,1884,977,907,471,229,242,532,300,232,43,23,20,302,158,144,26,19,7,12,8,4,226,115,111,272,125,147
23183,C4920,9,146,District-Agra,Total,90+,793,367,426,202,93,109,244,125,119,23,8,15,100,45,55,9,5,4,5,4,1,109,50,59,101,37,64
23184,C4920,9,146,District-Agra,Total,Age Not Stated,232,151,81,56,36,20,95,59,36,5,3,2,9,7,2,5,3,2,2,1,1,59,41,18,1,1,0
23185,C4920,9,146,District-Agra,Rural,Total,58993,34167,24826,12177,6579,5598,19047,10486,8561,2415,1444,971,8460,5631,2829,1941,1294,647,644,437,207,11929,6885,5044,2380,1411,969
23186,C4920,9,146,District-Agra,Rural,0-4,4811,2593,2218,1074,569,505,1982,1048,934,73,42,31,185,104,81,87,45,42,12,7,5,1270,708,562,128,70,58
23187,C4920,9,146,District-Agra,Rural,5-9,6051,3437,2614,1287,719,568,2306,1251,1055,322,191,131,328,215,113,184,118,66,41,27,14,1370,773,597,213,143,70
23188,C4920,9,146,District-Agra,Rural,10-19,13833,8151,5682,2492,1376,1116,4506,2473,2033,677,426,251,1992,1351,641,577,378,199,165,117,48,2926,1686,1240,498,344,154
23189,C4920,9,146,District-Agra,Rural,20-29,9808,6102,3706,1688,976,712,2950,1641,1309,433,268,165,2090,1519,571,387,292,95,113,82,31,1870,1125,745,277,199,78
23190,C4920,9,146,District-Agra,Rural,30-39,7146,4190,2956,1275,686,589,2247,1233,1014,331,178,153,1251,846,405,298,200,98,114,77,37,1443,841,602,187,129,58
23191,C4920,9,146,District-Agra,Rural,40-49,5138,3085,2053,1044,585,459,1656,960,696,220,126,94,728,489,239,182,124,58,91,64,27,1093,656,437,124,81,43
23192,C4920,9,146,District-Agra,Rural,50-59,3919,2277,1642,883,473,410,1172,678,494,160,99,61,550,365,185,124,72,52,52,30,22,834,483,351,144,77,67
23193,C4920,9,146,District-Agra,Rural,60-69,3905,2077,1828,1181,593,588,1078,565,513,112,62,50,611,353,258,52,35,17,30,17,13,607,340,267,234,112,122
23194,C4920,9,146,District-Agra,Rural,70-79,2764,1412,1352,834,399,435,722,392,330,59,38,21,456,248,208,29,14,15,17,9,8,335,176,159,312,136,176
23195,C4920,9,146,District-Agra,Rural,80-89,1168,611,557,306,149,157,313,178,135,18,11,7,195,103,92,15,12,3,7,5,2,124,64,60,190,89,101
23196,C4920,9,146,District-Agra,Rural,90+,388,189,199,94,44,50,98,54,44,8,1,7,65,31,34,3,2,1,2,2,0,45,24,21,73,31,42
23197,C4920,9,146,District-Agra,Rural,Age Not Stated,62,43,19,19,10,9,17,13,4,2,2,0,9,7,2,3,2,1,0,0,0,12,9,3,0,0,0
23198,C4920,9,146,District-Agra,Urban,Total,61124,33541,27583,14167,7605,6562,21681,11573,10108,3541,1956,1585,4516,2796,1720,1643,1009,634,660,387,273,13434,7346,6088,1482,869,613
23199,C4920,9,146,District-Agra,Urban,0-4,4382,2322,2060,1151,619,532,1688,871,817,62,32,30,111,62,49,81,48,33,18,12,6,1202,636,566,69,42,27
23200,C4920,9,146,District-Agra,Urban,5-9,5477,2965,2512,1425,784,641,2033,1077,956,331,178,153,226,136,90,145,89,56,32,18,14,1173,608,565,112,75,37
23201,C4920,9,146,District-Agra,Urban,10-19,13610,7565,6045,3032,1624,1408,5077,2737,2340,864,497,367,897,568,329,440,271,169,107,63,44,2896,1615,1281,297,190,107
23202,C4920,9,146,District-Agra,Urban,20-29,10998,6097,4901,2320,1255,1065,4011,2115,1896,633,337,296,900,608,292,319,195,124,111,77,34,2449,1345,1104,255,165,90
23203,C4920,9,146,District-Agra,Urban,30-39,8353,4527,3826,1810,940,870,2925,1543,1382,572,292,280,606,395,211,251,158,93,125,68,57,1899,1030,869,165,101,64
23204,C4920,9,146,District-Agra,Urban,40-49,6980,3959,3021,1529,857,672,2475,1374,1101,480,276,204,459,318,141,200,117,83,129,65,64,1597,883,714,111,69,42
23205,C4920,9,146,District-Agra,Urban,50-59,4726,2616,2110,1205,645,560,1491,801,690,305,171,134,437,267,170,108,72,36,66,40,26,1005,564,441,109,56,53
23206,C4920,9,146,District-Agra,Urban,60-69,3540,1920,1620,922,486,436,1032,549,483,190,113,77,455,241,214,59,37,22,47,27,20,715,398,317,120,69,51
23207,C4920,9,146,District-Agra,Urban,70-79,1767,918,849,463,240,223,506,267,239,61,40,21,283,132,151,21,11,10,15,11,4,285,158,127,133,59,74
23208,C4920,9,146,District-Agra,Urban,80-89,716,366,350,165,80,85,219,122,97,25,12,13,107,55,52,11,7,4,5,3,2,102,51,51,82,36,46
23209,C4920,9,146,District-Agra,Urban,90+,405,178,227,108,49,59,146,71,75,15,7,8,35,14,21,6,3,3,3,2,1,64,26,38,28,6,22
23210,C4920,9,146,District-Agra,Urban,Age Not Stated,170,108,62,37,26,11,78,46,32,3,1,2,0,0,0,2,1,1,2,1,1,47,32,15,1,1,0
23211,C4920,9,147,District-Firozabad,Total,Total,50582,29718,20864,7394,4021,3373,12868,6891,5977,2776,1614,1162,11076,7446,3630,2426,1616,810,914,609,305,10620,6063,4557,2508,1458,1050
23212,C4920,9,147,District-Firozabad,Total,0-4,2699,1425,1274,378,201,177,1022,520,502,58,33,25,198,113,85,97,55,42,22,13,9,829,433,396,95,57,38
23213,C4920,9,147,District-Firozabad,Total,5-9,4090,2313,1777,525,301,224,1267,698,569,375,215,160,428,246,182,221,133,88,46,34,12,1015,549,466,213,137,76
23214,C4920,9,147,District-Firozabad,Total,10-19,11863,7057,4806,1286,735,551,3080,1653,1427,816,483,333,2771,1824,947,700,458,242,227,149,78,2431,1398,1033,552,357,195
23215,C4920,9,147,District-Firozabad,Total,20-29,8816,5671,3145,920,547,373,1981,1074,907,503,314,189,2713,1992,721,512,374,138,196,138,58,1689,1019,670,302,213,89
23216,C4920,9,147,District-Firozabad,Total,30-39,6413,3854,2559,770,433,337,1514,812,702,356,200,156,1649,1136,513,359,246,113,147,101,46,1402,795,607,216,131,85
23217,C4920,9,147,District-Firozabad,Total,40-49,4909,2997,1912,714,416,298,1208,661,547,239,143,96,993,707,286,262,185,77,120,81,39,1195,687,508,178,117,61
23218,C4920,9,147,District-Firozabad,Total,50-59,3693,2152,1541,771,421,350,860,463,397,174,81,93,705,487,218,134,84,50,61,38,23,833,489,344,155,89,66
23219,C4920,9,147,District-Firozabad,Total,60-69,3651,1981,1670,920,438,482,856,435,421,155,91,64,767,489,278,75,40,35,51,33,18,587,338,249,240,117,123
23220,C4920,9,147,District-Firozabad,Total,70-79,2431,1226,1205,682,317,365,522,274,248,55,29,26,512,274,238,35,21,14,25,13,12,332,186,146,268,112,156
23221,C4920,9,147,District-Firozabad,Total,80-89,962,491,471,247,122,125,210,123,87,12,8,4,194,98,96,9,4,5,7,4,3,107,55,52,176,77,99
23222,C4920,9,147,District-Firozabad,Total,90+,448,209,239,89,42,47,104,43,61,8,4,4,81,40,41,9,7,2,2,1,1,52,27,25,103,45,58
23223,C4920,9,147,District-Firozabad,Total,Age Not Stated,607,342,265,92,48,44,244,135,109,25,13,12,65,40,25,13,9,4,10,4,6,148,87,61,10,6,4
23224,C4920,9,147,District-Firozabad,Rural,Total,29494,17747,11747,4229,2240,1989,6205,3416,2789,1954,1122,832,7667,5238,2429,1616,1106,510,562,386,176,5522,3245,2277,1739,994,745
23225,C4920,9,147,District-Firozabad,Rural,0-4,1462,776,686,205,103,102,511,260,251,43,25,18,107,63,44,51,29,22,11,6,5,466,248,218,68,42,26
23226,C4920,9,147,District-Firozabad,Rural,5-9,2299,1300,999,286,161,125,595,333,262,273,158,115,268,155,113,150,91,59,28,23,5,560,294,266,139,85,54
23227,C4920,9,147,District-Firozabad,Rural,10-19,6878,4227,2651,678,391,287,1429,796,633,575,322,253,1933,1306,627,479,322,157,140,94,46,1262,751,511,382,245,137
23228,C4920,9,147,District-Firozabad,Rural,20-29,5007,3391,1616,409,252,157,871,509,362,326,211,115,1920,1426,494,337,247,90,123,86,37,837,527,310,184,133,51
23229,C4920,9,147,District-Firozabad,Rural,30-39,3753,2383,1370,421,234,187,680,390,290,266,148,118,1174,833,341,249,184,65,92,71,21,726,431,295,145,92,53
23230,C4920,9,147,District-Firozabad,Rural,40-49,2738,1729,1009,379,219,160,563,327,236,174,100,74,667,478,189,182,132,50,71,47,24,591,348,243,111,78,33
23231,C4920,9,147,District-Firozabad,Rural,50-59,2024,1192,832,409,214,195,406,212,194,123,57,66,456,311,145,88,57,31,38,26,12,411,264,147,93,51,42
23232,C4920,9,147,District-Firozabad,Rural,60-69,2338,1261,1077,629,292,337,519,263,256,111,65,46,526,336,190,46,22,24,32,20,12,311,186,125,164,77,87
23233,C4920,9,147,District-Firozabad,Rural,70-79,1781,881,900,527,237,290,371,189,182,41,22,19,388,208,180,20,13,7,19,10,9,202,115,87,213,87,126
23234,C4920,9,147,District-Firozabad,Rural,80-89,700,344,356,182,86,96,143,82,61,8,5,3,144,74,70,4,1,3,4,2,2,67,31,36,148,63,85
23235,C4920,9,147,District-Firozabad,Rural,90+,331,153,178,70,31,39,72,30,42,5,3,2,60,33,27,5,4,1,1,0,1,30,14,16,88,38,50
23236,C4920,9,147,District-Firozabad,Rural,Age Not Stated,183,110,73,34,20,14,45,25,20,9,6,3,24,15,9,5,4,1,3,1,2,59,36,23,4,3,1
23237,C4920,9,147,District-Firozabad,Urban,Total,21088,11971,9117,3165,1781,1384,6663,3475,3188,822,492,330,3409,2208,1201,810,510,300,352,223,129,5098,2818,2280,769,464,305
23238,C4920,9,147,District-Firozabad,Urban,0-4,1237,649,588,173,98,75,511,260,251,15,8,7,91,50,41,46,26,20,11,7,4,363,185,178,27,15,12
23239,C4920,9,147,District-Firozabad,Urban,5-9,1791,1013,778,239,140,99,672,365,307,102,57,45,160,91,69,71,42,29,18,11,7,455,255,200,74,52,22
23240,C4920,9,147,District-Firozabad,Urban,10-19,4985,2830,2155,608,344,264,1651,857,794,241,161,80,838,518,320,221,136,85,87,55,32,1169,647,522,170,112,58
23241,C4920,9,147,District-Firozabad,Urban,20-29,3809,2280,1529,511,295,216,1110,565,545,177,103,74,793,566,227,175,127,48,73,52,21,852,492,360,118,80,38
23242,C4920,9,147,District-Firozabad,Urban,30-39,2660,1471,1189,349,199,150,834,422,412,90,52,38,475,303,172,110,62,48,55,30,25,676,364,312,71,39,32
23243,C4920,9,147,District-Firozabad,Urban,40-49,2171,1268,903,335,197,138,645,334,311,65,43,22,326,229,97,80,53,27,49,34,15,604,339,265,67,39,28
23244,C4920,9,147,District-Firozabad,Urban,50-59,1669,960,709,362,207,155,454,251,203,51,24,27,249,176,73,46,27,19,23,12,11,422,225,197,62,38,24
23245,C4920,9,147,District-Firozabad,Urban,60-69,1313,720,593,291,146,145,337,172,165,44,26,18,241,153,88,29,18,11,19,13,6,276,152,124,76,40,36
23246,C4920,9,147,District-Firozabad,Urban,70-79,650,345,305,155,80,75,151,85,66,14,7,7,124,66,58,15,8,7,6,3,3,130,71,59,55,25,30
23247,C4920,9,147,District-Firozabad,Urban,80-89,262,147,115,65,36,29,67,41,26,4,3,1,50,24,26,5,3,2,3,2,1,40,24,16,28,14,14
23248,C4920,9,147,District-Firozabad,Urban,90+,117,56,61,19,11,8,32,13,19,3,1,2,21,7,14,4,3,1,1,1,0,22,13,9,15,7,8
23249,C4920,9,147,District-Firozabad,Urban,Age Not Stated,424,232,192,58,28,30,199,110,89,16,7,9,41,25,16,8,5,3,7,3,4,89,51,38,6,3,3
23250,C4920,9,148,District-Mainpuri,Total,Total,33563,19796,13767,5544,2979,2565,7963,4239,3724,1739,1013,726,7187,4881,2306,1859,1223,636,580,393,187,6798,3941,2857,1893,1127,766
23251,C4920,9,148,District-Mainpuri,Total,0-4,1846,957,889,309,161,148,658,336,322,24,15,9,108,59,49,84,42,42,8,5,3,580,297,283,75,42,33
23252,C4920,9,148,District-Mainpuri,Total,5-9,2788,1576,1212,452,240,212,771,413,358,247,145,102,306,205,101,156,93,63,37,22,15,666,359,307,153,99,54
23253,C4920,9,148,District-Mainpuri,Total,10-19,7520,4523,2997,894,498,396,1843,1010,833,494,301,193,1641,1102,539,529,338,191,154,103,51,1543,890,653,422,281,141
23254,C4920,9,148,District-Mainpuri,Total,20-29,5655,3695,1960,632,377,255,1170,681,489,295,181,114,1740,1266,474,360,259,101,116,87,29,1097,670,427,245,174,71
23255,C4920,9,148,District-Mainpuri,Total,30-39,4068,2421,1647,492,277,215,916,463,453,218,117,101,1038,698,340,301,205,96,93,56,37,862,504,358,148,101,47
23256,C4920,9,148,District-Mainpuri,Total,40-49,3152,2005,1147,458,262,196,728,392,336,166,97,69,697,531,166,205,143,62,90,67,23,690,436,254,118,77,41
23257,C4920,9,148,District-Mainpuri,Total,50-59,2361,1341,1020,487,238,249,544,284,260,117,61,56,450,317,133,110,75,35,45,30,15,509,279,230,99,57,42
23258,C4920,9,148,District-Mainpuri,Total,60-69,2853,1554,1299,817,423,394,618,297,321,102,57,45,567,341,226,69,42,27,24,15,9,451,280,171,205,99,106
23259,C4920,9,148,District-Mainpuri,Total,70-79,1937,1017,920,633,322,311,407,204,203,43,23,20,378,207,171,26,16,10,7,4,3,230,138,92,213,103,110
23260,C4920,9,148,District-Mainpuri,Total,80-89,910,470,440,286,136,150,193,103,90,18,7,11,179,110,69,14,8,6,4,3,1,80,45,35,136,58,78
23261,C4920,9,148,District-Mainpuri,Total,90+,360,176,184,70,35,35,89,42,47,7,4,3,70,36,34,1,0,1,2,1,1,48,25,23,73,33,40
23262,C4920,9,148,District-Mainpuri,Total,Age Not Stated,113,61,52,14,10,4,26,14,12,8,5,3,13,9,4,4,2,2,0,0,0,42,18,24,6,3,3
23263,C4920,9,148,District-Mainpuri,Rural,Total,29158,17235,11923,4837,2620,2217,7159,3815,3344,1461,859,602,6219,4225,1994,1563,1037,526,471,317,154,5891,3421,2470,1557,941,616
23264,C4920,9,148,District-Mainpuri,Rural,0-4,1645,863,782,282,148,134,594,306,288,22,14,8,93,54,39,69,37,32,5,3,2,520,266,254,60,35,25
23265,C4920,9,148,District-Mainpuri,Rural,5-9,2458,1387,1071,397,210,187,683,363,320,222,130,92,265,173,92,133,81,52,34,20,14,595,324,271,129,86,43
23266,C4920,9,148,District-Mainpuri,Rural,10-19,6602,3967,2635,786,437,349,1686,918,768,415,262,153,1420,957,463,448,288,160,127,84,43,1360,774,586,360,247,113
23267,C4920,9,148,District-Mainpuri,Rural,20-29,4806,3168,1638,541,332,209,1020,601,419,244,148,96,1490,1095,395,297,216,81,93,68,25,922,564,358,199,144,55
23268,C4920,9,148,District-Mainpuri,Rural,30-39,3509,2103,1406,418,234,184,808,417,391,184,100,84,894,605,289,257,177,80,68,41,27,764,451,313,116,78,38
23269,C4920,9,148,District-Mainpuri,Rural,40-49,2679,1699,980,385,226,159,644,341,303,133,80,53,600,450,150,173,119,54,72,55,17,574,365,209,98,63,35
23270,C4920,9,148,District-Mainpuri,Rural,50-59,2029,1161,868,414,208,206,502,262,240,95,49,46,381,268,113,93,63,30,38,24,14,435,243,192,71,44,27
23271,C4920,9,148,District-Mainpuri,Rural,60-69,2486,1354,1132,717,373,344,563,270,293,86,46,40,506,303,203,53,33,20,21,14,7,379,240,139,161,75,86
23272,C4920,9,148,District-Mainpuri,Rural,70-79,1714,900,814,567,291,276,374,189,185,35,17,18,337,181,156,25,15,10,7,4,3,191,115,76,178,88,90
23273,C4920,9,148,District-Mainpuri,Rural,80-89,821,428,393,263,126,137,182,98,84,14,5,9,158,99,59,11,7,4,4,3,1,74,42,32,115,48,67
23274,C4920,9,148,District-Mainpuri,Rural,90+,312,154,158,59,30,29,78,36,42,3,3,0,63,31,32,1,0,1,2,1,1,42,23,19,64,30,34
23275,C4920,9,148,District-Mainpuri,Rural,Age Not Stated,97,51,46,8,5,3,25,14,11,8,5,3,12,9,3,3,1,2,0,0,0,35,14,21,6,3,3
23276,C4920,9,148,District-Mainpuri,Urban,Total,4405,2561,1844,707,359,348,804,424,380,278,154,124,968,656,312,296,186,110,109,76,33,907,520,387,336,186,150
23277,C4920,9,148,District-Mainpuri,Urban,0-4,201,94,107,27,13,14,64,30,34,2,1,1,15,5,10,15,5,10,3,2,1,60,31,29,15,7,8
23278,C4920,9,148,District-Mainpuri,Urban,5-9,330,189,141,55,30,25,88,50,38,25,15,10,41,32,9,23,12,11,3,2,1,71,35,36,24,13,11
23279,C4920,9,148,District-Mainpuri,Urban,10-19,918,556,362,108,61,47,157,92,65,79,39,40,221,145,76,81,50,31,27,19,8,183,116,67,62,34,28
23280,C4920,9,148,District-Mainpuri,Urban,20-29,849,527,322,91,45,46,150,80,70,51,33,18,250,171,79,63,43,20,23,19,4,175,106,69,46,30,16
23281,C4920,9,148,District-Mainpuri,Urban,30-39,559,318,241,74,43,31,108,46,62,34,17,17,144,93,51,44,28,16,25,15,10,98,53,45,32,23,9
23282,C4920,9,148,District-Mainpuri,Urban,40-49,473,306,167,73,36,37,84,51,33,33,17,16,97,81,16,32,24,8,18,12,6,116,71,45,20,14,6
23283,C4920,9,148,District-Mainpuri,Urban,50-59,332,180,152,73,30,43,42,22,20,22,12,10,69,49,20,17,12,5,7,6,1,74,36,38,28,13,15
23284,C4920,9,148,District-Mainpuri,Urban,60-69,367,200,167,100,50,50,55,27,28,16,11,5,61,38,23,16,9,7,3,1,2,72,40,32,44,24,20
23285,C4920,9,148,District-Mainpuri,Urban,70-79,223,117,106,66,31,35,33,15,18,8,6,2,41,26,15,1,1,0,0,0,0,39,23,16,35,15,20
23286,C4920,9,148,District-Mainpuri,Urban,80-89,89,42,47,23,10,13,11,5,6,4,2,2,21,11,10,3,1,2,0,0,0,6,3,3,21,10,11
23287,C4920,9,148,District-Mainpuri,Urban,90+,48,22,26,11,5,6,11,6,5,4,1,3,7,5,2,0,0,0,0,0,0,6,2,4,9,3,6
23288,C4920,9,148,District-Mainpuri,Urban,Age Not Stated,16,10,6,6,5,1,1,0,1,0,0,0,1,0,1,1,1,0,0,0,0,7,4,3,0,0,0
23289,C4920,9,149,District-Budaun,Total,Total,69688,40796,28892,10959,5898,5061,17953,9966,7987,5185,3005,2180,12299,8270,4029,2933,1871,1062,1010,633,377,16166,9233,6933,3183,1920,1263
23290,C4920,9,149,District-Budaun,Total,0-4,5287,2887,2400,827,461,366,1730,925,805,114,75,39,347,199,148,135,76,59,25,17,8,1971,1053,918,138,81,57
23291,C4920,9,149,District-Budaun,Total,5-9,7151,3940,3211,1067,564,503,2153,1156,997,674,372,302,638,391,247,273,161,112,66,45,21,1937,1039,898,343,212,131
23292,C4920,9,149,District-Budaun,Total,10-19,16468,9707,6761,1904,1063,841,4015,2233,1782,1327,745,582,3608,2390,1218,941,585,356,260,162,98,3654,2034,1620,759,495,264
23293,C4920,9,149,District-Budaun,Total,20-29,10781,6966,3815,1066,623,443,2500,1459,1041,885,557,328,2796,2053,743,548,392,156,213,146,67,2389,1461,928,384,275,109
23294,C4920,9,149,District-Budaun,Total,30-39,8182,5034,3148,993,574,419,2078,1199,879,751,440,311,1474,1016,458,434,303,131,182,117,65,1969,1166,803,301,219,82
23295,C4920,9,149,District-Budaun,Total,40-49,6017,3791,2226,922,536,386,1553,926,627,503,301,202,980,712,268,266,165,101,108,66,42,1484,942,542,201,143,58
23296,C4920,9,149,District-Budaun,Total,50-59,4801,2789,2012,1083,573,510,1199,668,531,383,220,163,692,481,211,141,85,56,72,34,38,1058,635,423,173,93,80
23297,C4920,9,149,District-Budaun,Total,60-69,5225,2808,2417,1557,795,762,1299,703,596,285,155,130,795,468,327,99,52,47,44,27,17,838,452,386,308,156,152
23298,C4920,9,149,District-Budaun,Total,70-79,2902,1438,1464,932,446,486,710,348,362,116,60,56,485,264,221,24,13,11,18,9,9,344,172,172,273,126,147
23299,C4920,9,149,District-Budaun,Total,80-89,1100,493,607,315,125,190,249,116,133,42,20,22,186,99,87,10,5,5,4,1,3,126,64,62,168,63,105
23300,C4920,9,149,District-Budaun,Total,90+,479,217,262,116,46,70,107,47,60,24,14,10,82,48,34,10,4,6,3,0,3,63,32,31,74,26,48
23301,C4920,9,149,District-Budaun,Total,Age Not Stated,1295,726,569,177,92,85,360,186,174,81,46,35,216,149,67,52,30,22,15,9,6,333,183,150,61,31,30
23302,C4920,9,149,District-Budaun,Rural,Total,58273,34233,24040,8960,4867,4093,15438,8580,6858,4308,2514,1794,9916,6729,3187,2352,1483,869,783,494,289,13949,8006,5943,2567,1560,1007
23303,C4920,9,149,District-Budaun,Rural,0-4,4597,2508,2089,710,388,322,1508,799,709,97,64,33,295,171,124,112,62,50,21,14,7,1739,941,798,115,69,46
23304,C4920,9,149,District-Budaun,Rural,5-9,6156,3386,2770,918,482,436,1873,1006,867,559,313,246,543,332,211,224,133,91,52,38,14,1702,906,796,285,176,109
23305,C4920,9,149,District-Budaun,Rural,10-19,13831,8212,5619,1571,883,688,3447,1922,1525,1099,625,474,2991,1999,992,772,476,296,203,126,77,3152,1787,1365,596,394,202
23306,C4920,9,149,District-Budaun,Rural,20-29,8872,5784,3088,886,529,357,2121,1253,868,729,457,272,2228,1673,555,430,310,120,158,106,52,2032,1245,787,288,211,77
23307,C4920,9,149,District-Budaun,Rural,30-39,6830,4217,2613,841,494,347,1759,1016,743,619,367,252,1182,823,359,348,239,109,144,95,49,1696,1006,690,241,177,64
23308,C4920,9,149,District-Budaun,Rural,40-49,4955,3105,1850,711,419,292,1329,774,555,426,258,168,774,566,208,194,114,80,88,52,36,1272,804,468,161,118,43
23309,C4920,9,149,District-Budaun,Rural,50-59,3888,2283,1605,826,450,376,1033,589,444,314,183,131,519,357,162,111,66,45,58,30,28,891,534,357,136,74,62
23310,C4920,9,149,District-Budaun,Rural,60-69,4347,2343,2004,1274,653,621,1126,615,511,244,133,111,608,354,254,81,41,40,31,18,13,709,390,319,274,139,135
23311,C4920,9,149,District-Budaun,Rural,70-79,2381,1197,1184,743,370,373,626,309,317,87,42,45,382,212,170,16,7,9,11,7,4,290,149,141,226,101,125
23312,C4920,9,149,District-Budaun,Rural,80-89,911,400,511,248,92,156,215,99,116,37,17,20,156,81,75,9,5,4,2,0,2,108,53,55,136,53,83
23313,C4920,9,149,District-Budaun,Rural,90+,396,176,220,96,35,61,90,40,50,22,12,10,63,37,26,8,3,5,3,0,3,55,27,28,59,22,37
23314,C4920,9,149,District-Budaun,Rural,Age Not Stated,1109,622,487,136,72,64,311,158,153,75,43,32,175,124,51,47,27,20,12,8,4,303,164,139,50,26,24
23315,C4920,9,149,District-Budaun,Urban,Total,11415,6563,4852,1999,1031,968,2515,1386,1129,877,491,386,2383,1541,842,581,388,193,227,139,88,2217,1227,990,616,360,256
23316,C4920,9,149,District-Budaun,Urban,0-4,690,379,311,117,73,44,222,126,96,17,11,6,52,28,24,23,14,9,4,3,1,232,112,120,23,12,11
23317,C4920,9,149,District-Budaun,Urban,5-9,995,554,441,149,82,67,280,150,130,115,59,56,95,59,36,49,28,21,14,7,7,235,133,102,58,36,22
23318,C4920,9,149,District-Budaun,Urban,10-19,2637,1495,1142,333,180,153,568,311,257,228,120,108,617,391,226,169,109,60,57,36,21,502,247,255,163,101,62
23319,C4920,9,149,District-Budaun,Urban,20-29,1909,1182,727,180,94,86,379,206,173,156,100,56,568,380,188,118,82,36,55,40,15,357,216,141,96,64,32
23320,C4920,9,149,District-Budaun,Urban,30-39,1352,817,535,152,80,72,319,183,136,132,73,59,292,193,99,86,64,22,38,22,16,273,160,113,60,42,18
23321,C4920,9,149,District-Budaun,Urban,40-49,1062,686,376,211,117,94,224,152,72,77,43,34,206,146,60,72,51,21,20,14,6,212,138,74,40,25,15
23322,C4920,9,149,District-Budaun,Urban,50-59,913,506,407,257,123,134,166,79,87,69,37,32,173,124,49,30,19,11,14,4,10,167,101,66,37,19,18
23323,C4920,9,149,District-Budaun,Urban,60-69,878,465,413,283,142,141,173,88,85,41,22,19,187,114,73,18,11,7,13,9,4,129,62,67,34,17,17
23324,C4920,9,149,District-Budaun,Urban,70-79,521,241,280,189,76,113,84,39,45,29,18,11,103,52,51,8,6,2,7,2,5,54,23,31,47,25,22
23325,C4920,9,149,District-Budaun,Urban,80-89,189,93,96,67,33,34,34,17,17,5,3,2,30,18,12,1,0,1,2,1,1,18,11,7,32,10,22
23326,C4920,9,149,District-Budaun,Urban,90+,83,41,42,20,11,9,17,7,10,2,2,0,19,11,8,2,1,1,0,0,0,8,5,3,15,4,11
23327,C4920,9,149,District-Budaun,Urban,Age Not Stated,186,104,82,41,20,21,49,28,21,6,3,3,41,25,16,5,3,2,3,1,2,30,19,11,11,5,6
23328,C4920,9,150,District-Bareilly,Total,Total,92300,53187,39113,16145,8758,7387,23061,12338,10723,5757,3297,2460,15540,10331,5209,5188,3140,2048,1747,1066,681,19759,11271,8488,5103,2986,2117
23329,C4920,9,150,District-Bareilly,Total,0-4,5993,3138,2855,1200,604,596,1970,971,999,114,56,58,397,236,161,208,111,97,38,25,13,1820,986,834,246,149,97
23330,C4920,9,150,District-Bareilly,Total,5-9,8757,4817,3940,1524,816,708,2507,1318,1189,754,444,310,769,473,296,489,275,214,92,60,32,2055,1096,959,567,335,232
23331,C4920,9,150,District-Bareilly,Total,10-19,22275,12855,9420,3292,1804,1488,5346,2912,2434,1592,884,708,4149,2660,1489,1580,984,596,449,277,172,4559,2539,2020,1308,795,513
23332,C4920,9,150,District-Bareilly,Total,20-29,15597,9528,6069,2167,1195,972,3522,1961,1561,1023,605,418,3595,2537,1058,927,618,309,364,232,132,3290,1934,1356,709,446,263
23333,C4920,9,150,District-Bareilly,Total,30-39,11431,6715,4716,1744,992,752,2716,1417,1299,767,448,319,2078,1429,649,740,442,298,302,188,114,2556,1476,1080,528,323,205
23334,C4920,9,150,District-Bareilly,Total,40-49,8737,5381,3356,1570,950,620,2204,1259,945,598,359,239,1309,955,354,568,329,239,237,140,97,1913,1168,745,338,221,117
23335,C4920,9,150,District-Bareilly,Total,50-59,6091,3494,2597,1255,682,573,1518,800,718,380,217,163,922,635,287,296,158,138,126,69,57,1300,761,539,294,172,122
23336,C4920,9,150,District-Bareilly,Total,60-69,6473,3620,2853,1678,866,812,1442,767,675,277,161,116,1150,731,419,193,111,82,79,42,37,1228,724,504,426,218,208
23337,C4920,9,150,District-Bareilly,Total,70-79,3152,1680,1472,888,449,439,692,355,337,100,45,55,592,341,251,63,38,25,27,14,13,455,263,192,335,175,160
23338,C4920,9,150,District-Bareilly,Total,80-89,1178,539,639,320,139,181,261,112,149,46,22,24,210,103,107,28,14,14,5,3,2,160,86,74,148,60,88
23339,C4920,9,150,District-Bareilly,Total,90+,773,371,402,202,94,108,188,89,99,24,13,11,121,61,60,17,12,5,7,1,6,113,61,52,101,40,61
23340,C4920,9,150,District-Bareilly,Total,Age Not Stated,1843,1049,794,305,167,138,695,377,318,82,43,39,248,170,78,79,48,31,21,15,6,310,177,133,103,52,51
23341,C4920,9,150,District-Bareilly,Rural,Total,56183,32820,23363,8960,4884,4076,13175,7052,6123,3464,2009,1455,11308,7573,3735,3318,2053,1265,1041,634,407,11762,6752,5010,3155,1863,1292
23342,C4920,9,150,District-Bareilly,Rural,0-4,3808,2006,1802,712,354,358,1269,629,640,75,33,42,286,165,121,133,75,58,30,18,12,1160,642,518,143,90,53
23343,C4920,9,150,District-Bareilly,Rural,5-9,5562,3078,2484,874,479,395,1573,840,733,510,296,214,550,340,210,337,187,150,67,44,23,1296,691,605,355,201,154
23344,C4920,9,150,District-Bareilly,Rural,10-19,14167,8343,5824,1796,1029,767,3116,1733,1383,1015,566,449,3194,2048,1146,1081,675,406,285,169,116,2826,1589,1237,854,534,320
23345,C4920,9,150,District-Bareilly,Rural,20-29,9014,5673,3341,1038,580,458,1783,982,801,572,353,219,2616,1868,748,568,397,171,207,131,76,1832,1102,730,398,260,138
23346,C4920,9,150,District-Bareilly,Rural,30-39,6808,4125,2683,850,510,340,1514,799,715,459,281,178,1555,1069,486,465,296,169,177,110,67,1499,878,621,289,182,107
23347,C4920,9,150,District-Bareilly,Rural,40-49,4844,3104,1740,770,481,289,1155,663,492,327,205,122,900,677,223,334,207,127,120,75,45,1044,663,381,194,133,61
23348,C4920,9,150,District-Bareilly,Rural,50-59,3422,1940,1482,708,369,339,797,409,388,186,101,85,598,418,180,165,80,85,69,44,25,725,421,304,174,98,76
23349,C4920,9,150,District-Bareilly,Rural,60-69,4313,2400,1913,1130,571,559,943,504,439,167,96,71,824,539,285,121,68,53,47,23,24,781,448,333,300,151,149
23350,C4920,9,150,District-Bareilly,Rural,70-79,2141,1112,1029,628,302,326,452,232,220,63,31,32,411,236,175,47,28,19,19,10,9,288,155,133,233,118,115
23351,C4920,9,150,District-Bareilly,Rural,80-89,759,329,430,227,93,134,160,60,100,21,9,12,129,63,66,11,6,5,4,3,1,102,49,53,105,46,59
23352,C4920,9,150,District-Bareilly,Rural,90+,441,205,236,100,46,54,102,47,55,12,7,5,89,43,46,10,6,4,5,1,4,55,28,27,68,27,41
23353,C4920,9,150,District-Bareilly,Rural,Age Not Stated,904,505,399,127,70,57,311,154,157,57,31,26,156,107,49,46,28,18,11,6,5,154,86,68,42,23,19
23354,C4920,9,150,District-Bareilly,Urban,Total,36117,20367,15750,7185,3874,3311,9886,5286,4600,2293,1288,1005,4232,2758,1474,1870,1087,783,706,432,274,7997,4519,3478,1948,1123,825
23355,C4920,9,150,District-Bareilly,Urban,0-4,2185,1132,1053,488,250,238,701,342,359,39,23,16,111,71,40,75,36,39,8,7,1,660,344,316,103,59,44
23356,C4920,9,150,District-Bareilly,Urban,5-9,3195,1739,1456,650,337,313,934,478,456,244,148,96,219,133,86,152,88,64,25,16,9,759,405,354,212,134,78
23357,C4920,9,150,District-Bareilly,Urban,10-19,8108,4512,3596,1496,775,721,2230,1179,1051,577,318,259,955,612,343,499,309,190,164,108,56,1733,950,783,454,261,193
23358,C4920,9,150,District-Bareilly,Urban,20-29,6583,3855,2728,1129,615,514,1739,979,760,451,252,199,979,669,310,359,221,138,157,101,56,1458,832,626,311,186,125
23359,C4920,9,150,District-Bareilly,Urban,30-39,4623,2590,2033,894,482,412,1202,618,584,308,167,141,523,360,163,275,146,129,125,78,47,1057,598,459,239,141,98
23360,C4920,9,150,District-Bareilly,Urban,40-49,3893,2277,1616,800,469,331,1049,596,453,271,154,117,409,278,131,234,122,112,117,65,52,869,505,364,144,88,56
23361,C4920,9,150,District-Bareilly,Urban,50-59,2669,1554,1115,547,313,234,721,391,330,194,116,78,324,217,107,131,78,53,57,25,32,575,340,235,120,74,46
23362,C4920,9,150,District-Bareilly,Urban,60-69,2160,1220,940,548,295,253,499,263,236,110,65,45,326,192,134,72,43,29,32,19,13,447,276,171,126,67,59
23363,C4920,9,150,District-Bareilly,Urban,70-79,1011,568,443,260,147,113,240,123,117,37,14,23,181,105,76,16,10,6,8,4,4,167,108,59,102,57,45
23364,C4920,9,150,District-Bareilly,Urban,80-89,419,210,209,93,46,47,101,52,49,25,13,12,81,40,41,17,8,9,1,0,1,58,37,21,43,14,29
23365,C4920,9,150,District-Bareilly,Urban,90+,332,166,166,102,48,54,86,42,44,12,6,6,32,18,14,7,6,1,2,0,2,58,33,25,33,13,20
23366,C4920,9,150,District-Bareilly,Urban,Age Not Stated,939,544,395,178,97,81,384,223,161,25,12,13,92,63,29,33,20,13,10,9,1,156,91,65,61,29,32
23367,C4920,9,151,District-Pilibhit,Total,Total,37181,22090,15091,6035,3280,2755,6567,3564,3003,2099,1236,863,9154,6115,3039,2149,1324,825,859,533,326,8013,4694,3319,2305,1344,961
23368,C4920,9,151,District-Pilibhit,Total,0-4,1852,1003,849,381,209,172,424,214,210,43,28,15,182,112,70,103,55,48,21,12,9,603,321,282,95,52,43
23369,C4920,9,151,District-Pilibhit,Total,5-9,3281,1855,1426,551,289,262,672,364,308,298,178,120,412,257,155,195,120,75,57,34,23,853,463,390,243,150,93
23370,C4920,9,151,District-Pilibhit,Total,10-19,9071,5317,3754,1147,635,512,1477,814,663,625,375,250,2455,1555,900,630,386,244,219,131,88,1894,1069,825,624,352,272
23371,C4920,9,151,District-Pilibhit,Total,20-29,6630,4231,2399,615,341,274,1018,569,449,372,228,144,2264,1608,656,443,291,152,190,127,63,1378,845,533,350,222,128
23372,C4920,9,151,District-Pilibhit,Total,30-39,4837,3006,1831,639,355,284,835,470,365,287,172,115,1313,924,389,338,215,123,164,103,61,1047,624,423,214,143,71
23373,C4920,9,151,District-Pilibhit,Total,40-49,3536,2248,1288,557,332,225,654,386,268,180,95,85,806,580,226,221,137,84,105,73,32,850,541,309,163,104,59
23374,C4920,9,151,District-Pilibhit,Total,50-59,2493,1452,1041,534,276,258,442,232,210,136,72,64,531,365,166,102,64,38,48,25,23,566,338,228,134,80,54
23375,C4920,9,151,District-Pilibhit,Total,60-69,3097,1741,1356,900,484,416,552,273,279,107,57,50,686,432,254,70,34,36,36,19,17,524,319,205,222,123,99
23376,C4920,9,151,District-Pilibhit,Total,70-79,1502,781,721,455,224,231,313,157,156,30,18,12,323,188,135,33,13,20,14,6,8,182,102,80,152,73,79
23377,C4920,9,151,District-Pilibhit,Total,80-89,550,294,256,178,94,84,108,54,54,13,9,4,116,62,54,7,6,1,4,2,2,60,38,22,64,29,35
23378,C4920,9,151,District-Pilibhit,Total,90+,246,115,131,53,23,30,47,22,25,7,4,3,56,29,27,4,1,3,0,0,0,37,22,15,42,14,28
23379,C4920,9,151,District-Pilibhit,Total,Age Not Stated,86,47,39,25,18,7,25,9,16,1,0,1,10,3,7,3,2,1,1,1,0,19,12,7,2,2,0
23380,C4920,9,151,District-Pilibhit,Rural,Total,31120,18476,12644,4999,2741,2258,5353,2881,2472,1770,1044,726,7705,5155,2550,1705,1041,664,704,427,277,6922,4043,2879,1962,1144,818
23381,C4920,9,151,District-Pilibhit,Rural,0-4,1604,872,732,323,176,147,361,180,181,37,24,13,158,98,60,81,45,36,19,10,9,541,292,249,84,47,37
23382,C4920,9,151,District-Pilibhit,Rural,5-9,2771,1551,1220,440,233,207,552,294,258,255,156,99,353,215,138,146,85,61,49,29,20,773,416,357,203,123,80
23383,C4920,9,151,District-Pilibhit,Rural,10-19,7708,4526,3182,946,540,406,1199,648,551,541,318,223,2103,1341,762,521,316,205,190,112,78,1675,946,729,533,305,228
23384,C4920,9,151,District-Pilibhit,Rural,20-29,5467,3526,1941,498,279,219,790,442,348,307,198,109,1929,1383,546,333,222,111,146,99,47,1170,716,454,294,187,107
23385,C4920,9,151,District-Pilibhit,Rural,30-39,4016,2485,1531,520,290,230,686,376,310,239,141,98,1105,777,328,272,171,101,128,76,52,888,531,357,178,123,55
23386,C4920,9,151,District-Pilibhit,Rural,40-49,2865,1816,1049,444,269,175,526,312,214,153,81,72,667,475,192,171,106,65,83,56,27,695,437,258,126,80,46
23387,C4920,9,151,District-Pilibhit,Rural,50-59,2054,1192,862,438,228,210,354,187,167,115,61,54,433,296,137,83,51,32,42,21,21,477,281,196,112,67,45
23388,C4920,9,151,District-Pilibhit,Rural,60-69,2626,1465,1161,772,417,355,478,239,239,88,45,43,545,333,212,59,28,31,33,18,15,450,276,174,201,109,92
23389,C4920,9,151,District-Pilibhit,Rural,70-79,1288,678,610,399,195,204,263,136,127,22,12,10,267,164,103,29,11,18,9,3,6,157,90,67,142,67,75
23390,C4920,9,151,District-Pilibhit,Rural,80-89,470,245,225,159,83,76,92,45,47,9,6,3,92,49,43,6,5,1,4,2,2,53,33,20,55,22,33
23391,C4920,9,151,District-Pilibhit,Rural,90+,198,91,107,45,20,25,40,18,22,4,2,2,44,21,23,2,0,2,0,0,0,31,18,13,32,12,20
23392,C4920,9,151,District-Pilibhit,Rural,Age Not Stated,53,29,24,15,11,4,12,4,8,0,0,0,9,3,6,2,1,1,1,1,0,12,7,5,2,2,0
23393,C4920,9,151,District-Pilibhit,Urban,Total,6061,3614,2447,1036,539,497,1214,683,531,329,192,137,1449,960,489,444,283,161,155,106,49,1091,651,440,343,200,143
23394,C4920,9,151,District-Pilibhit,Urban,0-4,248,131,117,58,33,25,63,34,29,6,4,2,24,14,10,22,10,12,2,2,0,62,29,33,11,5,6
23395,C4920,9,151,District-Pilibhit,Urban,5-9,510,304,206,111,56,55,120,70,50,43,22,21,59,42,17,49,35,14,8,5,3,80,47,33,40,27,13
23396,C4920,9,151,District-Pilibhit,Urban,10-19,1363,791,572,201,95,106,278,166,112,84,57,27,352,214,138,109,70,39,29,19,10,219,123,96,91,47,44
23397,C4920,9,151,District-Pilibhit,Urban,20-29,1163,705,458,117,62,55,228,127,101,65,30,35,335,225,110,110,69,41,44,28,16,208,129,79,56,35,21
23398,C4920,9,151,District-Pilibhit,Urban,30-39,821,521,300,119,65,54,149,94,55,48,31,17,208,147,61,66,44,22,36,27,9,159,93,66,36,20,16
23399,C4920,9,151,District-Pilibhit,Urban,40-49,671,432,239,113,63,50,128,74,54,27,14,13,139,105,34,50,31,19,22,17,5,155,104,51,37,24,13
23400,C4920,9,151,District-Pilibhit,Urban,50-59,439,260,179,96,48,48,88,45,43,21,11,10,98,69,29,19,13,6,6,4,2,89,57,32,22,13,9
23401,C4920,9,151,District-Pilibhit,Urban,60-69,471,276,195,128,67,61,74,34,40,19,12,7,141,99,42,11,6,5,3,1,2,74,43,31,21,14,7
23402,C4920,9,151,District-Pilibhit,Urban,70-79,214,103,111,56,29,27,50,21,29,8,6,2,56,24,32,4,2,2,5,3,2,25,12,13,10,6,4
23403,C4920,9,151,District-Pilibhit,Urban,80-89,80,49,31,19,11,8,16,9,7,4,3,1,24,13,11,1,1,0,0,0,0,7,5,2,9,7,2
23404,C4920,9,151,District-Pilibhit,Urban,90+,48,24,24,8,3,5,7,4,3,3,2,1,12,8,4,2,1,1,0,0,0,6,4,2,10,2,8
23405,C4920,9,151,District-Pilibhit,Urban,Age Not Stated,33,18,15,10,7,3,13,5,8,1,0,1,1,0,1,1,1,0,0,0,0,7,5,2,0,0,0
23406,C4920,9,152,District-Shahjahanpur,Total,Total,58073,33730,24343,7776,4295,3481,15862,8435,7427,3717,2165,1552,10563,7053,3510,2590,1625,965,1064,682,382,13482,7733,5749,3019,1742,1277
23407,C4920,9,152,District-Shahjahanpur,Total,0-4,3882,2050,1832,501,276,225,1376,696,680,68,32,36,269,156,113,117,66,51,13,10,3,1431,760,671,107,54,53
23408,C4920,9,152,District-Shahjahanpur,Total,5-9,5646,3102,2544,627,344,283,1716,855,861,552,314,238,539,335,204,269,169,100,81,55,26,1541,834,707,321,196,125
23409,C4920,9,152,District-Shahjahanpur,Total,10-19,13189,7612,5577,1261,688,573,3620,1941,1679,1042,590,452,2495,1610,885,782,487,295,252,157,95,3000,1699,1301,737,440,297
23410,C4920,9,152,District-Shahjahanpur,Total,20-29,9252,5829,3423,806,479,327,2319,1295,1024,624,395,229,2360,1677,683,467,329,138,214,153,61,2096,1253,843,366,248,118
23411,C4920,9,152,District-Shahjahanpur,Total,30-39,7339,4408,2931,755,436,319,2007,1097,910,504,274,230,1434,994,440,372,222,150,210,140,70,1823,1087,736,234,158,76
23412,C4920,9,152,District-Shahjahanpur,Total,40-49,5440,3359,2081,735,448,287,1482,817,665,361,230,131,980,725,255,280,186,94,128,84,44,1284,747,537,190,122,68
23413,C4920,9,152,District-Shahjahanpur,Total,50-59,4055,2381,1674,721,398,323,1135,615,520,236,129,107,738,522,216,129,78,51,70,36,34,832,492,340,194,111,83
23414,C4920,9,152,District-Shahjahanpur,Total,60-69,4963,2743,2220,1315,704,611,1207,614,593,197,117,80,945,593,352,93,41,52,52,22,30,824,490,334,330,162,168
23415,C4920,9,152,District-Shahjahanpur,Total,70-79,2543,1327,1216,673,342,331,594,293,301,73,50,23,514,277,237,42,21,21,24,14,10,346,197,149,277,133,144
23416,C4920,9,152,District-Shahjahanpur,Total,80-89,910,450,460,238,109,129,185,100,85,14,8,6,188,100,88,10,6,4,6,3,3,111,56,55,158,68,90
23417,C4920,9,152,District-Shahjahanpur,Total,90+,370,191,179,78,39,39,81,44,37,8,5,3,51,28,23,8,5,3,6,2,4,49,31,18,89,37,52
23418,C4920,9,152,District-Shahjahanpur,Total,Age Not Stated,484,278,206,66,32,34,140,68,72,38,21,17,50,36,14,21,15,6,8,6,2,145,87,58,16,13,3
23419,C4920,9,152,District-Shahjahanpur,Rural,Total,46365,27020,19345,6325,3532,2793,12483,6669,5814,2884,1682,1202,8505,5662,2843,2033,1281,752,768,492,276,11010,6333,4677,2357,1369,988
23420,C4920,9,152,District-Shahjahanpur,Rural,0-4,3312,1756,1556,432,238,194,1161,585,576,56,27,29,234,136,98,104,62,42,10,9,1,1231,656,575,84,43,41
23421,C4920,9,152,District-Shahjahanpur,Rural,5-9,4730,2612,2118,532,297,235,1428,711,717,434,250,184,457,288,169,237,155,82,56,39,17,1331,719,612,255,153,102
23422,C4920,9,152,District-Shahjahanpur,Rural,10-19,10650,6204,4446,994,546,448,2914,1588,1326,805,446,359,2084,1350,734,627,396,231,183,114,69,2495,1418,1077,548,346,202
23423,C4920,9,152,District-Shahjahanpur,Rural,20-29,7111,4553,2558,625,376,249,1750,1003,747,466,302,164,1893,1357,536,358,260,98,152,112,40,1602,969,633,265,174,91
23424,C4920,9,152,District-Shahjahanpur,Rural,30-39,5785,3468,2317,597,348,249,1531,843,688,394,218,176,1164,790,374,287,161,126,154,100,54,1472,881,591,186,127,59
23425,C4920,9,152,District-Shahjahanpur,Rural,40-49,4165,2567,1598,593,366,227,1107,593,514,280,180,100,761,556,205,200,133,67,91,56,35,994,588,406,139,95,44
23426,C4920,9,152,District-Shahjahanpur,Rural,50-59,3041,1769,1272,544,299,245,858,467,391,193,104,89,520,367,153,82,45,37,49,27,22,655,386,269,140,74,66
23427,C4920,9,152,District-Shahjahanpur,Rural,60-69,4045,2232,1813,1107,595,512,962,488,474,155,92,63,751,466,285,70,30,40,35,13,22,683,403,280,282,145,137
23428,C4920,9,152,District-Shahjahanpur,Rural,70-79,2089,1107,982,585,314,271,471,233,238,54,35,19,401,218,183,33,16,17,22,13,9,287,164,123,236,114,122
23429,C4920,9,152,District-Shahjahanpur,Rural,80-89,742,369,373,186,90,96,144,78,66,10,6,4,159,83,76,9,5,4,4,2,2,91,47,44,139,58,81
23430,C4920,9,152,District-Shahjahanpur,Rural,90+,307,160,147,73,37,36,58,33,25,8,5,3,44,25,19,5,3,2,5,1,4,44,27,17,70,29,41
23431,C4920,9,152,District-Shahjahanpur,Rural,Age Not Stated,388,223,165,57,26,31,99,47,52,29,17,12,37,26,11,21,15,6,7,6,1,125,75,50,13,11,2
23432,C4920,9,152,District-Shahjahanpur,Urban,Total,11708,6710,4998,1451,763,688,3379,1766,1613,833,483,350,2058,1391,667,557,344,213,296,190,106,2472,1400,1072,662,373,289
23433,C4920,9,152,District-Shahjahanpur,Urban,0-4,570,294,276,69,38,31,215,111,104,12,5,7,35,20,15,13,4,9,3,1,2,200,104,96,23,11,12
23434,C4920,9,152,District-Shahjahanpur,Urban,5-9,916,490,426,95,47,48,288,144,144,118,64,54,82,47,35,32,14,18,25,16,9,210,115,95,66,43,23
23435,C4920,9,152,District-Shahjahanpur,Urban,10-19,2539,1408,1131,267,142,125,706,353,353,237,144,93,411,260,151,155,91,64,69,43,26,505,281,224,189,94,95
23436,C4920,9,152,District-Shahjahanpur,Urban,20-29,2141,1276,865,181,103,78,569,292,277,158,93,65,467,320,147,109,69,40,62,41,21,494,284,210,101,74,27
23437,C4920,9,152,District-Shahjahanpur,Urban,30-39,1554,940,614,158,88,70,476,254,222,110,56,54,270,204,66,85,61,24,56,40,16,351,206,145,48,31,17
23438,C4920,9,152,District-Shahjahanpur,Urban,40-49,1275,792,483,142,82,60,375,224,151,81,50,31,219,169,50,80,53,27,37,28,9,290,159,131,51,27,24
23439,C4920,9,152,District-Shahjahanpur,Urban,50-59,1014,612,402,177,99,78,277,148,129,43,25,18,218,155,63,47,33,14,21,9,12,177,106,71,54,37,17
23440,C4920,9,152,District-Shahjahanpur,Urban,60-69,918,511,407,208,109,99,245,126,119,42,25,17,194,127,67,23,11,12,17,9,8,141,87,54,48,17,31
23441,C4920,9,152,District-Shahjahanpur,Urban,70-79,454,220,234,88,28,60,123,60,63,19,15,4,113,59,54,9,5,4,2,1,1,59,33,26,41,19,22
23442,C4920,9,152,District-Shahjahanpur,Urban,80-89,168,81,87,52,19,33,41,22,19,4,2,2,29,17,12,1,1,0,2,1,1,20,9,11,19,10,9
23443,C4920,9,152,District-Shahjahanpur,Urban,90+,63,31,32,5,2,3,23,11,12,0,0,0,7,3,4,3,2,1,1,1,0,5,4,1,19,8,11
23444,C4920,9,152,District-Shahjahanpur,Urban,Age Not Stated,96,55,41,9,6,3,41,21,20,9,4,5,13,10,3,0,0,0,1,0,1,20,12,8,3,2,1
23445,C4920,9,153,District-Kheri,Total,Total,71959,41458,30501,9154,4911,4243,17605,9293,8312,4694,2702,1992,14602,9701,4901,2959,1804,1155,1215,752,463,17933,10139,7794,3797,2156,1641
23446,C4920,9,153,District-Kheri,Total,0-4,4303,2267,2036,508,240,268,1455,741,714,81,43,38,338,215,123,95,57,38,18,9,9,1666,869,797,142,93,49
23447,C4920,9,153,District-Kheri,Total,5-9,6608,3605,3003,708,366,342,1902,987,915,661,374,287,680,417,263,275,158,117,78,52,26,1923,1020,903,381,231,150
23448,C4920,9,153,District-Kheri,Total,10-19,16028,9248,6780,1358,712,646,3907,2134,1773,1255,727,528,3504,2268,1236,875,521,354,286,165,121,3978,2202,1776,865,519,346
23449,C4920,9,153,District-Kheri,Total,20-29,11624,7237,4387,847,514,333,2590,1363,1227,877,535,342,3370,2416,954,547,339,208,236,164,72,2654,1585,1069,503,321,182
23450,C4920,9,153,District-Kheri,Total,30-39,9151,5540,3611,755,413,342,2204,1198,1006,709,413,296,2032,1431,601,474,306,168,205,145,60,2473,1453,1020,299,181,118
23451,C4920,9,153,District-Kheri,Total,40-49,6553,3974,2579,747,457,290,1641,883,758,451,246,205,1242,890,352,341,229,112,150,91,59,1728,1008,720,253,170,83
23452,C4920,9,153,District-Kheri,Total,50-59,4920,2816,2104,948,534,414,1146,588,558,235,124,111,882,589,293,167,103,64,107,59,48,1239,704,535,196,115,81
23453,C4920,9,153,District-Kheri,Total,60-69,6326,3397,2929,1666,869,797,1393,690,703,229,133,96,1243,744,499,105,48,57,79,39,40,1242,705,537,369,169,200
23454,C4920,9,153,District-Kheri,Total,70-79,3638,1902,1736,1034,513,521,740,378,362,94,54,40,780,440,340,30,14,16,34,20,14,525,302,223,401,181,220
23455,C4920,9,153,District-Kheri,Total,80-89,1381,710,671,353,174,179,277,145,132,22,9,13,311,168,143,14,5,9,6,2,4,153,98,55,245,109,136
23456,C4920,9,153,District-Kheri,Total,90+,634,308,326,144,66,78,125,63,62,17,10,7,124,63,61,13,11,2,3,1,2,80,37,43,128,57,71
23457,C4920,9,153,District-Kheri,Total,Age Not Stated,793,454,339,86,53,33,225,123,102,63,34,29,96,60,36,23,13,10,13,5,8,272,156,116,15,10,5
23458,C4920,9,153,District-Kheri,Rural,Total,61918,35933,25985,8131,4356,3775,13582,7282,6300,4068,2354,1714,13037,8691,4346,2596,1580,1016,1038,635,403,16132,9146,6986,3334,1889,1445
23459,C4920,9,153,District-Kheri,Rural,0-4,3767,1990,1777,481,232,249,1149,565,584,69,40,29,311,197,114,94,57,37,16,8,8,1518,804,714,129,87,42
23460,C4920,9,153,District-Kheri,Rural,5-9,5813,3148,2665,670,343,327,1503,769,734,581,334,247,626,378,248,247,140,107,72,47,25,1772,934,838,342,203,139
23461,C4920,9,153,District-Kheri,Rural,10-19,13891,8057,5834,1258,659,599,2942,1618,1324,1109,652,457,3169,2062,1107,766,464,302,248,141,107,3623,1997,1626,776,464,312
23462,C4920,9,153,District-Kheri,Rural,20-29,9825,6226,3599,766,461,305,1850,1021,829,734,451,283,3024,2194,830,466,285,181,186,126,60,2357,1409,948,442,279,163
23463,C4920,9,153,District-Kheri,Rural,30-39,7913,4850,3063,687,375,312,1689,953,736,615,357,258,1832,1293,539,409,264,145,168,117,51,2253,1335,918,260,156,104
23464,C4920,9,153,District-Kheri,Rural,40-49,5547,3393,2154,626,387,239,1284,721,563,404,218,186,1081,764,317,300,198,102,133,81,52,1503,880,623,216,144,72
23465,C4920,9,153,District-Kheri,Rural,50-59,4056,2355,1701,772,433,339,875,459,416,201,105,96,745,508,237,145,86,59,92,52,40,1054,613,441,172,99,73
23466,C4920,9,153,District-Kheri,Rural,60-69,5490,2947,2543,1426,743,683,1164,579,585,191,110,81,1081,639,442,100,46,54,69,35,34,1133,647,486,326,148,178
23467,C4920,9,153,District-Kheri,Rural,70-79,3187,1689,1498,921,460,461,622,327,295,79,44,35,692,395,297,27,13,14,33,20,13,475,275,200,338,155,183
23468,C4920,9,153,District-Kheri,Rural,80-89,1198,614,584,313,153,160,235,122,113,18,7,11,273,149,124,11,5,6,5,2,3,134,82,52,209,94,115
23469,C4920,9,153,District-Kheri,Rural,90+,567,280,287,134,64,70,108,56,52,14,7,7,115,57,58,12,11,1,3,1,2,69,33,36,112,51,61
23470,C4920,9,153,District-Kheri,Rural,Age Not Stated,664,384,280,77,46,31,161,92,69,53,29,24,88,55,33,19,11,8,13,5,8,241,137,104,12,9,3
23471,C4920,9,153,District-Kheri,Urban,Total,10041,5525,4516,1023,555,468,4023,2011,2012,626,348,278,1565,1010,555,363,224,139,177,117,60,1801,993,808,463,267,196
23472,C4920,9,153,District-Kheri,Urban,0-4,536,277,259,27,8,19,306,176,130,12,3,9,27,18,9,1,0,1,2,1,1,148,65,83,13,6,7
23473,C4920,9,153,District-Kheri,Urban,5-9,795,457,338,38,23,15,399,218,181,80,40,40,54,39,15,28,18,10,6,5,1,151,86,65,39,28,11
23474,C4920,9,153,District-Kheri,Urban,10-19,2137,1191,946,100,53,47,965,516,449,146,75,71,335,206,129,109,57,52,38,24,14,355,205,150,89,55,34
23475,C4920,9,153,District-Kheri,Urban,20-29,1799,1011,788,81,53,28,740,342,398,143,84,59,346,222,124,81,54,27,50,38,12,297,176,121,61,42,19
23476,C4920,9,153,District-Kheri,Urban,30-39,1238,690,548,68,38,30,515,245,270,94,56,38,200,138,62,65,42,23,37,28,9,220,118,102,39,25,14
23477,C4920,9,153,District-Kheri,Urban,40-49,1006,581,425,121,70,51,357,162,195,47,28,19,161,126,35,41,31,10,17,10,7,225,128,97,37,26,11
23478,C4920,9,153,District-Kheri,Urban,50-59,864,461,403,176,101,75,271,129,142,34,19,15,137,81,56,22,17,5,15,7,8,185,91,94,24,16,8
23479,C4920,9,153,District-Kheri,Urban,60-69,836,450,386,240,126,114,229,111,118,38,23,15,162,105,57,5,2,3,10,4,6,109,58,51,43,21,22
23480,C4920,9,153,District-Kheri,Urban,70-79,451,213,238,113,53,60,118,51,67,15,10,5,88,45,43,3,1,2,1,0,1,50,27,23,63,26,37
23481,C4920,9,153,District-Kheri,Urban,80-89,183,96,87,40,21,19,42,23,19,4,2,2,38,19,19,3,0,3,1,0,1,19,16,3,36,15,21
23482,C4920,9,153,District-Kheri,Urban,90+,67,28,39,10,2,8,17,7,10,3,3,0,9,6,3,1,0,1,0,0,0,11,4,7,16,6,10
23483,C4920,9,153,District-Kheri,Urban,Age Not Stated,129,70,59,9,7,2,64,31,33,10,5,5,8,5,3,4,2,2,0,0,0,31,19,12,3,1,2
23484,C4920,9,154,District-Sitapur,Total,Total,89157,51851,37306,12510,6887,5623,23541,12727,10814,4991,2863,2128,17150,11452,5698,3851,2364,1487,1443,930,513,21640,12250,9390,4031,2378,1653
23485,C4920,9,154,District-Sitapur,Total,0-4,5618,2914,2704,814,429,385,2024,1026,998,97,48,49,363,209,154,155,85,70,23,12,11,1965,999,966,177,106,71
23486,C4920,9,154,District-Sitapur,Total,5-9,8648,4652,3996,1057,552,505,2617,1353,1264,773,426,347,850,514,336,438,254,184,76,52,24,2416,1252,1164,421,249,172
23487,C4920,9,154,District-Sitapur,Total,10-19,19758,11557,8201,2113,1163,950,5052,2792,2260,1401,816,585,4149,2695,1454,1112,651,461,353,217,136,4604,2607,1997,974,616,358
23488,C4920,9,154,District-Sitapur,Total,20-29,14849,9432,5417,1284,791,493,3721,2174,1547,860,530,330,4093,2954,1139,715,472,243,283,208,75,3376,1950,1426,517,353,164
23489,C4920,9,154,District-Sitapur,Total,30-39,11709,7089,4620,1208,733,475,2972,1621,1351,678,382,296,2642,1817,825,576,362,214,261,167,94,3019,1759,1260,353,248,105
23490,C4920,9,154,District-Sitapur,Total,40-49,8352,5199,3153,1092,693,399,2241,1256,985,471,267,204,1433,1051,382,421,265,156,210,141,69,2237,1355,882,247,171,76
23491,C4920,9,154,District-Sitapur,Total,50-59,5682,3315,2367,1077,617,460,1497,762,735,266,150,116,929,641,288,189,126,63,101,57,44,1441,859,582,182,103,79
23492,C4920,9,154,District-Sitapur,Total,60-69,6875,3794,3081,1842,942,900,1675,856,819,220,127,93,1253,783,470,134,82,52,74,45,29,1366,794,572,311,165,146
23493,C4920,9,154,District-Sitapur,Total,70-79,4318,2204,2114,1282,635,647,949,482,467,103,56,47,807,451,356,54,27,27,38,21,17,665,354,311,420,178,242
23494,C4920,9,154,District-Sitapur,Total,80-89,1797,853,944,468,203,265,413,209,204,33,14,19,369,186,183,11,6,5,9,4,5,208,110,98,286,121,165
23495,C4920,9,154,District-Sitapur,Total,90+,725,368,357,154,71,83,154,77,77,21,11,10,157,87,70,17,9,8,4,1,3,96,57,39,122,55,67
23496,C4920,9,154,District-Sitapur,Total,Age Not Stated,826,474,352,119,58,61,226,119,107,68,36,32,105,64,41,29,25,4,11,5,6,247,154,93,21,13,8
23497,C4920,9,154,District-Sitapur,Rural,Total,79276,46252,33024,11398,6287,5111,20559,11138,9421,4203,2422,1781,15461,10356,5105,3387,2082,1305,1228,788,440,19451,11064,8387,3589,2115,1474
23498,C4920,9,154,District-Sitapur,Rural,0-4,5119,2649,2470,740,388,352,1837,937,900,84,41,43,333,194,139,142,76,66,19,11,8,1812,913,899,152,89,63
23499,C4920,9,154,District-Sitapur,Rural,5-9,7845,4228,3617,967,508,459,2348,1217,1131,667,369,298,777,476,301,405,229,176,70,46,24,2233,1160,1073,378,223,155
23500,C4920,9,154,District-Sitapur,Rural,10-19,17676,10425,7251,1925,1070,855,4487,2529,1958,1186,701,485,3769,2468,1301,985,578,407,297,184,113,4146,2330,1816,881,565,316
23501,C4920,9,154,District-Sitapur,Rural,20-29,12556,8000,4556,1131,696,435,2833,1592,1241,708,441,267,3688,2679,1009,604,412,192,230,166,64,2919,1708,1211,443,306,137
23502,C4920,9,154,District-Sitapur,Rural,30-39,10503,6385,4118,1122,681,441,2639,1458,1181,582,322,260,2408,1653,755,506,319,187,227,146,81,2714,1594,1120,305,212,93
23503,C4920,9,154,District-Sitapur,Rural,40-49,7366,4626,2740,967,620,347,1973,1120,853,396,229,167,1274,930,344,362,228,134,180,123,57,1999,1229,770,215,147,68
23504,C4920,9,154,District-Sitapur,Rural,50-59,4996,2943,2053,972,560,412,1312,678,634,210,120,90,812,556,256,165,109,56,88,49,39,1279,783,496,158,88,70
23505,C4920,9,154,District-Sitapur,Rural,60-69,6211,3426,2785,1689,861,828,1548,797,751,178,102,76,1098,688,410,121,72,49,65,39,26,1234,723,511,278,144,134
23506,C4920,9,154,District-Sitapur,Rural,70-79,3949,2022,1927,1187,594,593,872,441,431,83,45,38,730,404,326,47,24,23,32,18,14,612,332,280,386,164,222
23507,C4920,9,154,District-Sitapur,Rural,80-89,1668,791,877,444,191,253,383,193,190,33,14,19,332,169,163,10,5,5,6,1,5,193,103,90,267,115,152
23508,C4920,9,154,District-Sitapur,Rural,90+,646,330,316,140,64,76,142,70,72,17,9,8,142,80,62,15,9,6,4,1,3,80,47,33,106,50,56
23509,C4920,9,154,District-Sitapur,Rural,Age Not Stated,741,427,314,114,54,60,185,106,79,59,29,30,98,59,39,25,21,4,10,4,6,230,142,88,20,12,8
23510,C4920,9,154,District-Sitapur,Urban,Total,9881,5599,4282,1112,600,512,2982,1589,1393,788,441,347,1689,1096,593,464,282,182,215,142,73,2189,1186,1003,442,263,179
23511,C4920,9,154,District-Sitapur,Urban,0-4,499,265,234,74,41,33,187,89,98,13,7,6,30,15,15,13,9,4,4,1,3,153,86,67,25,17,8
23512,C4920,9,154,District-Sitapur,Urban,5-9,803,424,379,90,44,46,269,136,133,106,57,49,73,38,35,33,25,8,6,6,0,183,92,91,43,26,17
23513,C4920,9,154,District-Sitapur,Urban,10-19,2082,1132,950,188,93,95,565,263,302,215,115,100,380,227,153,127,73,54,56,33,23,458,277,181,93,51,42
23514,C4920,9,154,District-Sitapur,Urban,20-29,2293,1432,861,153,95,58,888,582,306,152,89,63,405,275,130,111,60,51,53,42,11,457,242,215,74,47,27
23515,C4920,9,154,District-Sitapur,Urban,30-39,1206,704,502,86,52,34,333,163,170,96,60,36,234,164,70,70,43,27,34,21,13,305,165,140,48,36,12
23516,C4920,9,154,District-Sitapur,Urban,40-49,986,573,413,125,73,52,268,136,132,75,38,37,159,121,38,59,37,22,30,18,12,238,126,112,32,24,8
23517,C4920,9,154,District-Sitapur,Urban,50-59,686,372,314,105,57,48,185,84,101,56,30,26,117,85,32,24,17,7,13,8,5,162,76,86,24,15,9
23518,C4920,9,154,District-Sitapur,Urban,60-69,664,368,296,153,81,72,127,59,68,42,25,17,155,95,60,13,10,3,9,6,3,132,71,61,33,21,12
23519,C4920,9,154,District-Sitapur,Urban,70-79,369,182,187,95,41,54,77,41,36,20,11,9,77,47,30,7,3,4,6,3,3,53,22,31,34,14,20
23520,C4920,9,154,District-Sitapur,Urban,80-89,129,62,67,24,12,12,30,16,14,0,0,0,37,17,20,1,1,0,3,3,0,15,7,8,19,6,13
23521,C4920,9,154,District-Sitapur,Urban,90+,79,38,41,14,7,7,12,7,5,4,2,2,15,7,8,2,0,2,0,0,0,16,10,6,16,5,11
23522,C4920,9,154,District-Sitapur,Urban,Age Not Stated,85,47,38,5,4,1,41,13,28,9,7,2,7,5,2,4,4,0,1,1,0,17,12,5,1,1,0
23523,C4920,9,155,District-Hardoi,Total,Total,74082,43818,30264,11980,6531,5449,16346,8964,7382,4079,2418,1661,14658,9879,4779,3404,2276,1128,1462,925,537,18137,10508,7629,4016,2317,1699
23524,C4920,9,155,District-Hardoi,Total,0-4,4407,2430,1977,632,331,301,1468,834,634,70,42,28,347,191,156,99,58,41,20,8,12,1592,868,724,179,98,81
23525,C4920,9,155,District-Hardoi,Total,5-9,6495,3615,2880,794,430,364,1761,931,830,573,334,239,675,430,245,312,201,111,98,52,46,1882,1010,872,400,227,173
23526,C4920,9,155,District-Hardoi,Total,10-19,16033,9573,6460,1894,1042,852,3355,1867,1488,1221,739,482,3255,2140,1115,1042,694,348,318,189,129,4058,2344,1714,890,558,332
23527,C4920,9,155,District-Hardoi,Total,20-29,11356,7424,3932,1211,733,478,2166,1263,903,664,411,253,3171,2354,817,675,488,187,290,204,86,2663,1609,1054,516,362,154
23528,C4920,9,155,District-Hardoi,Total,30-39,9093,5582,3511,1055,627,428,1866,1004,862,521,304,217,2042,1419,623,542,363,179,282,193,89,2486,1479,1007,299,193,106
23529,C4920,9,155,District-Hardoi,Total,40-49,7070,4428,2642,1099,643,456,1542,874,668,383,209,174,1402,1012,390,346,234,112,214,144,70,1838,1158,680,246,154,92
23530,C4920,9,155,District-Hardoi,Total,50-59,5341,3140,2201,1177,662,515,1167,636,531,251,149,102,1039,714,325,161,102,59,117,67,50,1230,695,535,199,115,84
23531,C4920,9,155,District-Hardoi,Total,60-69,7091,3873,3218,2116,1105,1011,1485,743,742,198,111,87,1379,857,522,129,77,52,80,41,39,1266,712,554,438,227,211
23532,C4920,9,155,District-Hardoi,Total,70-79,4200,2219,1981,1285,648,637,866,463,403,89,45,44,849,495,354,50,27,23,27,16,11,577,321,256,457,204,253
23533,C4920,9,155,District-Hardoi,Total,80-89,1532,725,807,474,193,281,310,152,158,24,17,7,298,154,144,17,12,5,4,2,2,155,84,71,250,111,139
23534,C4920,9,155,District-Hardoi,Total,90+,632,306,326,148,64,84,142,64,78,11,8,3,124,65,59,8,3,5,3,2,1,82,49,33,114,51,63
23535,C4920,9,155,District-Hardoi,Total,Age Not Stated,832,503,329,95,53,42,218,133,85,74,49,25,77,48,29,23,17,6,9,7,2,308,179,129,28,17,11
23536,C4920,9,155,District-Hardoi,Rural,Total,63966,37853,26113,10678,5843,4835,14603,7997,6606,3331,1974,1357,12604,8533,4071,2892,1940,952,1175,746,429,15326,8887,6439,3357,1933,1424
23537,C4920,9,155,District-Hardoi,Rural,0-4,3890,2137,1753,568,299,269,1350,766,584,59,35,24,302,168,134,86,50,36,16,6,10,1359,729,630,150,84,66
23538,C4920,9,155,District-Hardoi,Rural,5-9,5723,3191,2532,703,376,327,1604,856,748,503,291,212,583,375,208,277,176,101,88,47,41,1632,882,750,333,188,145
23539,C4920,9,155,District-Hardoi,Rural,10-19,13743,8233,5510,1681,926,755,2981,1676,1305,994,610,384,2832,1861,971,889,594,295,257,158,99,3364,1941,1423,745,467,278
23540,C4920,9,155,District-Hardoi,Rural,20-29,9576,6298,3278,1075,649,426,1912,1124,788,491,308,183,2700,2024,676,551,407,144,222,155,67,2219,1338,881,406,293,113
23541,C4920,9,155,District-Hardoi,Rural,30-39,7788,4777,3011,926,563,363,1653,877,776,439,244,195,1745,1213,532,462,311,151,224,155,69,2098,1256,842,241,158,83
23542,C4920,9,155,District-Hardoi,Rural,40-49,6031,3773,2258,954,568,386,1362,756,606,306,171,135,1199,869,330,289,194,95,165,111,54,1550,974,576,206,130,76
23543,C4920,9,155,District-Hardoi,Rural,50-59,4532,2662,1870,1018,574,444,1026,551,475,205,125,80,860,597,263,140,87,53,98,54,44,1026,585,441,159,89,70
23544,C4920,9,155,District-Hardoi,Rural,60-69,6277,3427,2850,1920,999,921,1324,660,664,167,89,78,1198,751,447,111,68,43,69,38,31,1101,624,477,387,198,189
23545,C4920,9,155,District-Hardoi,Rural,70-79,3754,1982,1772,1182,597,585,788,418,370,80,40,40,744,437,307,41,22,19,22,13,9,504,282,222,393,173,220
23546,C4920,9,155,District-Hardoi,Rural,80-89,1352,649,703,423,180,243,277,133,144,18,15,3,265,140,125,16,11,5,4,2,2,137,76,61,212,92,120
23547,C4920,9,155,District-Hardoi,Rural,90+,556,272,284,134,59,75,131,60,71,7,5,2,104,54,50,7,3,4,3,2,1,72,44,28,98,45,53
23548,C4920,9,155,District-Hardoi,Rural,Age Not Stated,744,452,292,94,53,41,195,120,75,62,41,21,72,44,28,23,17,6,7,5,2,264,156,108,27,16,11
23549,C4920,9,155,District-Hardoi,Urban,Total,10116,5965,4151,1302,688,614,1743,967,776,748,444,304,2054,1346,708,512,336,176,287,179,108,2811,1621,1190,659,384,275
23550,C4920,9,155,District-Hardoi,Urban,0-4,517,293,224,64,32,32,118,68,50,11,7,4,45,23,22,13,8,5,4,2,2,233,139,94,29,14,15
23551,C4920,9,155,District-Hardoi,Urban,5-9,772,424,348,91,54,37,157,75,82,70,43,27,92,55,37,35,25,10,10,5,5,250,128,122,67,39,28
23552,C4920,9,155,District-Hardoi,Urban,10-19,2290,1340,950,213,116,97,374,191,183,227,129,98,423,279,144,153,100,53,61,31,30,694,403,291,145,91,54
23553,C4920,9,155,District-Hardoi,Urban,20-29,1780,1126,654,136,84,52,254,139,115,173,103,70,471,330,141,124,81,43,68,49,19,444,271,173,110,69,41
23554,C4920,9,155,District-Hardoi,Urban,30-39,1305,805,500,129,64,65,213,127,86,82,60,22,297,206,91,80,52,28,58,38,20,388,223,165,58,35,23
23555,C4920,9,155,District-Hardoi,Urban,40-49,1039,655,384,145,75,70,180,118,62,77,38,39,203,143,60,57,40,17,49,33,16,288,184,104,40,24,16
23556,C4920,9,155,District-Hardoi,Urban,50-59,809,478,331,159,88,71,141,85,56,46,24,22,179,117,62,21,15,6,19,13,6,204,110,94,40,26,14
23557,C4920,9,155,District-Hardoi,Urban,60-69,814,446,368,196,106,90,161,83,78,31,22,9,181,106,75,18,9,9,11,3,8,165,88,77,51,29,22
23558,C4920,9,155,District-Hardoi,Urban,70-79,446,237,209,103,51,52,78,45,33,9,5,4,105,58,47,9,5,4,5,3,2,73,39,34,64,31,33
23559,C4920,9,155,District-Hardoi,Urban,80-89,180,76,104,51,13,38,33,19,14,6,2,4,33,14,19,1,1,0,0,0,0,18,8,10,38,19,19
23560,C4920,9,155,District-Hardoi,Urban,90+,76,34,42,14,5,9,11,4,7,4,3,1,20,11,9,1,0,1,0,0,0,10,5,5,16,6,10
23561,C4920,9,155,District-Hardoi,Urban,Age Not Stated,88,51,37,1,0,1,23,13,10,12,8,4,5,4,1,0,0,0,2,2,0,44,23,21,1,1,0
23562,C4920,9,156,District-Unnao,Total,Total,63730,36261,27469,8019,4193,3826,15191,8054,7137,3152,1763,1389,12157,7794,4363,2747,1729,1018,1234,830,404,17404,9740,7664,3826,2158,1668
23563,C4920,9,156,District-Unnao,Total,0-4,3294,1655,1639,356,150,206,1094,553,541,54,35,19,201,112,89,72,32,40,14,9,5,1375,683,692,128,81,47
23564,C4920,9,156,District-Unnao,Total,5-9,4946,2688,2258,489,255,234,1469,779,690,386,208,178,439,263,176,166,98,68,53,32,21,1655,871,784,289,182,107
23565,C4920,9,156,District-Unnao,Total,10-19,12734,7227,5507,1102,602,500,3275,1776,1499,874,489,385,2016,1273,743,776,471,305,249,155,94,3723,2029,1694,719,432,287
23566,C4920,9,156,District-Unnao,Total,20-29,9579,5999,3580,743,436,307,2133,1216,917,556,328,228,2218,1593,625,591,386,205,280,189,91,2590,1543,1047,468,308,160
23567,C4920,9,156,District-Unnao,Total,30-39,7785,4578,3207,707,399,308,1876,987,889,431,237,194,1483,982,501,461,318,143,218,160,58,2313,1302,1011,296,193,103
23568,C4920,9,156,District-Unnao,Total,40-49,6524,4108,2416,733,415,318,1468,823,645,307,175,132,1297,948,349,334,240,94,192,146,46,1946,1199,747,247,162,85
23569,C4920,9,156,District-Unnao,Total,50-59,4890,2892,1998,856,479,377,1082,589,493,185,98,87,1035,697,338,133,80,53,87,63,24,1318,762,556,194,124,70
23570,C4920,9,156,District-Unnao,Total,60-69,6375,3313,3062,1545,770,775,1278,610,668,175,90,85,1491,872,619,106,49,57,71,41,30,1257,668,589,452,213,239
23571,C4920,9,156,District-Unnao,Total,70-79,4179,2090,2089,942,432,510,800,381,419,97,57,40,1158,620,538,41,20,21,36,19,17,580,319,261,525,242,283
23572,C4920,9,156,District-Unnao,Total,80-89,1594,762,832,329,150,179,299,151,148,19,9,10,446,215,231,11,5,6,4,2,2,167,85,82,319,145,174
23573,C4920,9,156,District-Unnao,Total,90+,609,269,340,97,35,62,118,44,74,13,6,7,168,88,80,12,7,5,7,2,5,72,39,33,122,48,74
23574,C4920,9,156,District-Unnao,Total,Age Not Stated,1221,680,541,120,70,50,299,145,154,55,31,24,205,131,74,44,23,21,23,12,11,408,240,168,67,28,39
23575,C4920,9,156,District-Unnao,Rural,Total,53710,30537,23173,7021,3645,3376,12790,6732,6058,2535,1425,1110,10283,6577,3706,2241,1438,803,1017,680,337,14667,8274,6393,3156,1766,1390
23576,C4920,9,156,District-Unnao,Rural,0-4,2865,1439,1426,310,126,184,943,477,466,49,32,17,186,105,81,57,27,30,11,7,4,1206,599,607,103,66,37
23577,C4920,9,156,District-Unnao,Rural,5-9,4276,2333,1943,418,220,198,1266,671,595,316,176,140,378,230,148,148,88,60,46,27,19,1461,769,692,243,152,91
23578,C4920,9,156,District-Unnao,Rural,10-19,10781,6157,4624,939,509,430,2795,1505,1290,717,394,323,1700,1084,616,651,401,250,200,123,77,3183,1776,1407,596,365,231
23579,C4920,9,156,District-Unnao,Rural,20-29,7690,4881,2809,622,370,252,1715,974,741,410,250,160,1777,1299,478,473,320,153,234,155,79,2096,1276,820,363,237,126
23580,C4920,9,156,District-Unnao,Rural,30-39,6368,3728,2640,593,333,260,1515,775,740,340,185,155,1219,801,418,361,256,105,179,129,50,1929,1097,832,232,152,80
23581,C4920,9,156,District-Unnao,Rural,40-49,5388,3399,1989,636,363,273,1214,679,535,255,146,109,1069,775,294,276,200,76,163,127,36,1588,987,601,187,122,65
23582,C4920,9,156,District-Unnao,Rural,50-59,4110,2413,1697,745,413,332,925,498,427,143,74,69,873,584,289,102,62,40,68,50,18,1093,629,464,161,103,58
23583,C4920,9,156,District-Unnao,Rural,60-69,5556,2871,2685,1385,682,703,1108,530,578,154,83,71,1306,752,554,82,39,43,59,34,25,1084,577,507,378,174,204
23584,C4920,9,156,District-Unnao,Rural,70-79,3735,1865,1870,879,404,475,704,336,368,83,52,31,1043,562,481,33,16,17,29,15,14,513,278,235,451,202,249
23585,C4920,9,156,District-Unnao,Rural,80-89,1434,683,751,303,136,167,261,129,132,15,7,8,415,200,215,9,4,5,3,2,1,149,77,72,279,128,151
23586,C4920,9,156,District-Unnao,Rural,90+,530,234,296,85,30,55,101,41,60,10,5,5,153,79,74,11,6,5,7,2,5,56,30,26,107,41,66
23587,C4920,9,156,District-Unnao,Rural,Age Not Stated,977,534,443,106,59,47,243,117,126,43,21,22,164,106,58,38,19,19,18,9,9,309,179,130,56,24,32
23588,C4920,9,156,District-Unnao,Urban,Total,10020,5724,4296,998,548,450,2401,1322,1079,617,338,279,1874,1217,657,506,291,215,217,150,67,2737,1466,1271,670,392,278
23589,C4920,9,156,District-Unnao,Urban,0-4,429,216,213,46,24,22,151,76,75,5,3,2,15,7,8,15,5,10,3,2,1,169,84,85,25,15,10
23590,C4920,9,156,District-Unnao,Urban,5-9,670,355,315,71,35,36,203,108,95,70,32,38,61,33,28,18,10,8,7,5,2,194,102,92,46,30,16
23591,C4920,9,156,District-Unnao,Urban,10-19,1953,1070,883,163,93,70,480,271,209,157,95,62,316,189,127,125,70,55,49,32,17,540,253,287,123,67,56
23592,C4920,9,156,District-Unnao,Urban,20-29,1889,1118,771,121,66,55,418,242,176,146,78,68,441,294,147,118,66,52,46,34,12,494,267,227,105,71,34
23593,C4920,9,156,District-Unnao,Urban,30-39,1417,850,567,114,66,48,361,212,149,91,52,39,264,181,83,100,62,38,39,31,8,384,205,179,64,41,23
23594,C4920,9,156,District-Unnao,Urban,40-49,1136,709,427,97,52,45,254,144,110,52,29,23,228,173,55,58,40,18,29,19,10,358,212,146,60,40,20
23595,C4920,9,156,District-Unnao,Urban,50-59,780,479,301,111,66,45,157,91,66,42,24,18,162,113,49,31,18,13,19,13,6,225,133,92,33,21,12
23596,C4920,9,156,District-Unnao,Urban,60-69,819,442,377,160,88,72,170,80,90,21,7,14,185,120,65,24,10,14,12,7,5,173,91,82,74,39,35
23597,C4920,9,156,District-Unnao,Urban,70-79,444,225,219,63,28,35,96,45,51,14,5,9,115,58,57,8,4,4,7,4,3,67,41,26,74,40,34
23598,C4920,9,156,District-Unnao,Urban,80-89,160,79,81,26,14,12,38,22,16,4,2,2,31,15,16,2,1,1,1,0,1,18,8,10,40,17,23
23599,C4920,9,156,District-Unnao,Urban,90+,79,35,44,12,5,7,17,3,14,3,1,2,15,9,6,1,1,0,0,0,0,16,9,7,15,7,8
23600,C4920,9,156,District-Unnao,Urban,Age Not Stated,244,146,98,14,11,3,56,28,28,12,10,2,41,25,16,6,4,2,5,3,2,99,61,38,11,4,7
23601,C4920,9,157,District-Lucknow,Total,Total,122113,68070,54043,31158,16646,14512,30205,15894,14311,7885,4439,3446,14764,9381,5383,5140,3096,2044,2442,1539,903,25949,14446,11503,4570,2629,1941
23602,C4920,9,157,District-Lucknow,Total,0-4,6681,3463,3218,2115,1084,1031,1944,977,967,129,74,55,293,159,134,166,89,77,29,15,14,1860,985,875,145,80,65
23603,C4920,9,157,District-Lucknow,Total,5-9,9518,5059,4459,2696,1384,1312,2593,1341,1252,751,416,335,521,297,224,362,201,161,107,59,48,2072,1125,947,416,236,180
23604,C4920,9,157,District-Lucknow,Total,10-19,24422,13590,10832,6264,3441,2823,5974,3183,2791,1686,927,759,2462,1533,929,1408,826,582,471,286,185,5154,2800,2354,1003,594,409
23605,C4920,9,157,District-Lucknow,Total,20-29,22264,12583,9681,5067,2715,2352,5522,2928,2594,1552,851,701,2910,1950,960,1135,678,457,566,369,197,4738,2624,2114,774,468,306
23606,C4920,9,157,District-Lucknow,Total,30-39,17507,9971,7536,4198,2245,1953,4350,2302,2048,1201,687,514,2228,1500,728,782,497,285,465,308,157,3782,2124,1658,501,308,193
23607,C4920,9,157,District-Lucknow,Total,40-49,13898,8186,5712,3508,1985,1523,3481,1875,1606,983,575,408,1660,1146,514,616,403,213,368,243,125,2932,1732,1200,350,227,123
23608,C4920,9,157,District-Lucknow,Total,50-59,9959,5624,4335,2626,1420,1206,2357,1225,1132,694,391,303,1391,900,491,296,178,118,196,119,77,2111,1214,897,288,177,111
23609,C4920,9,157,District-Lucknow,Total,60-69,8940,4938,4002,2432,1239,1193,1974,1018,956,475,288,187,1571,957,614,195,122,73,141,82,59,1770,1015,755,382,217,165
23610,C4920,9,157,District-Lucknow,Total,70-79,4704,2541,2163,1213,648,565,972,520,452,238,136,102,1044,569,475,83,48,35,51,33,18,759,424,335,344,163,181
23611,C4920,9,157,District-Lucknow,Total,80-89,1753,859,894,439,210,229,396,197,199,48,30,18,397,206,191,19,9,10,16,8,8,231,108,123,207,91,116
23612,C4920,9,157,District-Lucknow,Total,90+,843,378,465,200,71,129,190,95,95,48,25,23,134,68,66,19,10,9,9,3,6,134,62,72,109,44,65
23613,C4920,9,157,District-Lucknow,Total,Age Not Stated,1624,878,746,400,204,196,452,233,219,80,39,41,153,96,57,59,35,24,23,14,9,406,233,173,51,24,27
23614,C4920,9,157,District-Lucknow,Rural,Total,41220,23524,17696,10655,5684,4971,8433,4547,3886,2127,1218,909,6455,4243,2212,1890,1150,740,853,542,311,9065,5129,3936,1742,1011,731
23615,C4920,9,157,District-Lucknow,Rural,0-4,2428,1236,1192,834,420,414,633,318,315,46,25,21,121,61,60,63,34,29,9,4,5,661,341,320,61,33,28
23616,C4920,9,157,District-Lucknow,Rural,5-9,3679,1950,1729,1075,567,508,867,427,440,265,150,115,254,141,113,167,99,68,37,22,15,831,434,397,183,110,73
23617,C4920,9,157,District-Lucknow,Rural,10-19,9204,5198,4006,2381,1312,1069,1940,1050,890,533,306,227,1246,787,459,600,352,248,168,101,67,1921,1041,880,415,249,166
23618,C4920,9,157,District-Lucknow,Rural,20-29,6822,4117,2705,1464,825,639,1316,738,578,397,232,165,1377,974,403,370,216,154,200,128,72,1455,851,604,243,153,90
23619,C4920,9,157,District-Lucknow,Rural,30-39,5408,3257,2151,1269,697,572,1002,551,451,297,161,136,962,693,269,276,176,100,177,117,60,1270,760,510,155,102,53
23620,C4920,9,157,District-Lucknow,Rural,40-49,4053,2580,1473,938,556,382,803,465,338,218,135,83,690,496,194,200,148,52,127,89,38,958,608,350,119,83,36
23621,C4920,9,157,District-Lucknow,Rural,50-59,2726,1572,1154,746,392,354,517,290,227,135,73,62,471,312,159,76,51,25,57,35,22,636,365,271,88,54,34
23622,C4920,9,157,District-Lucknow,Rural,60-69,3567,1911,1656,1017,478,539,708,374,334,130,74,56,650,393,257,75,45,30,48,27,21,764,426,338,175,94,81
23623,C4920,9,157,District-Lucknow,Rural,70-79,1880,1000,880,545,281,264,355,183,172,66,42,24,412,229,183,36,17,19,15,11,4,308,169,139,143,68,75
23624,C4920,9,157,District-Lucknow,Rural,80-89,721,343,378,201,84,117,144,71,73,15,7,8,162,91,71,6,2,4,4,2,2,96,47,49,93,39,54
23625,C4920,9,157,District-Lucknow,Rural,90+,332,147,185,85,24,61,73,36,37,8,3,5,53,33,20,3,2,1,4,2,2,56,27,29,50,20,30
23626,C4920,9,157,District-Lucknow,Rural,Age Not Stated,400,213,187,100,48,52,75,44,31,17,10,7,57,33,24,18,8,10,7,4,3,109,60,49,17,6,11
23627,C4920,9,157,District-Lucknow,Urban,Total,80893,44546,36347,20503,10962,9541,21772,11347,10425,5758,3221,2537,8309,5138,3171,3250,1946,1304,1589,997,592,16884,9317,7567,2828,1618,1210
23628,C4920,9,157,District-Lucknow,Urban,0-4,4253,2227,2026,1281,664,617,1311,659,652,83,49,34,172,98,74,103,55,48,20,11,9,1199,644,555,84,47,37
23629,C4920,9,157,District-Lucknow,Urban,5-9,5839,3109,2730,1621,817,804,1726,914,812,486,266,220,267,156,111,195,102,93,70,37,33,1241,691,550,233,126,107
23630,C4920,9,157,District-Lucknow,Urban,10-19,15218,8392,6826,3883,2129,1754,4034,2133,1901,1153,621,532,1216,746,470,808,474,334,303,185,118,3233,1759,1474,588,345,243
23631,C4920,9,157,District-Lucknow,Urban,20-29,15442,8466,6976,3603,1890,1713,4206,2190,2016,1155,619,536,1533,976,557,765,462,303,366,241,125,3283,1773,1510,531,315,216
23632,C4920,9,157,District-Lucknow,Urban,30-39,12099,6714,5385,2929,1548,1381,3348,1751,1597,904,526,378,1266,807,459,506,321,185,288,191,97,2512,1364,1148,346,206,140
23633,C4920,9,157,District-Lucknow,Urban,40-49,9845,5606,4239,2570,1429,1141,2678,1410,1268,765,440,325,970,650,320,416,255,161,241,154,87,1974,1124,850,231,144,87
23634,C4920,9,157,District-Lucknow,Urban,50-59,7233,4052,3181,1880,1028,852,1840,935,905,559,318,241,920,588,332,220,127,93,139,84,55,1475,849,626,200,123,77
23635,C4920,9,157,District-Lucknow,Urban,60-69,5373,3027,2346,1415,761,654,1266,644,622,345,214,131,921,564,357,120,77,43,93,55,38,1006,589,417,207,123,84
23636,C4920,9,157,District-Lucknow,Urban,70-79,2824,1541,1283,668,367,301,617,337,280,172,94,78,632,340,292,47,31,16,36,22,14,451,255,196,201,95,106
23637,C4920,9,157,District-Lucknow,Urban,80-89,1032,516,516,238,126,112,252,126,126,33,23,10,235,115,120,13,7,6,12,6,6,135,61,74,114,52,62
23638,C4920,9,157,District-Lucknow,Urban,90+,511,231,280,115,47,68,117,59,58,40,22,18,81,35,46,16,8,8,5,1,4,78,35,43,59,24,35
23639,C4920,9,157,District-Lucknow,Urban,Age Not Stated,1224,665,559,300,156,144,377,189,188,63,29,34,96,63,33,41,27,14,16,10,6,297,173,124,34,18,16
23640,C4920,9,158,District-Rae Bareli,Total,Total,62230,34855,27375,8204,4301,3903,14668,7478,7190,3673,2020,1653,12786,7962,4824,3571,2265,1306,1599,1038,561,13748,7592,6156,3981,2199,1782
23641,C4920,9,158,District-Rae Bareli,Total,0-4,2992,1567,1425,349,177,172,1078,562,516,71,32,39,237,128,109,92,53,39,13,10,3,1037,533,504,115,72,43
23642,C4920,9,158,District-Rae Bareli,Total,5-9,5062,2710,2352,522,262,260,1440,726,714,445,244,201,573,328,245,254,159,95,89,63,26,1383,735,648,356,193,163
23643,C4920,9,158,District-Rae Bareli,Total,10-19,13021,7113,5908,1319,685,634,3258,1674,1584,1124,633,491,2072,1247,825,982,567,415,361,201,160,3020,1591,1429,885,515,370
23644,C4920,9,158,District-Rae Bareli,Total,20-29,9660,5756,3904,844,461,383,2121,1142,979,667,377,290,2302,1501,801,772,522,250,340,232,108,2076,1194,882,538,327,211
23645,C4920,9,158,District-Rae Bareli,Total,30-39,8096,4781,3315,844,489,355,1846,933,913,458,245,213,1772,1195,577,616,414,202,287,211,76,1871,1055,816,402,239,163
23646,C4920,9,158,District-Rae Bareli,Total,40-49,6441,3961,2480,747,458,289,1518,787,731,359,209,150,1383,983,400,425,286,139,240,167,73,1505,896,609,264,175,89
23647,C4920,9,158,District-Rae Bareli,Total,50-59,4944,2896,2048,820,443,377,1115,585,530,244,127,117,1154,774,380,209,148,61,125,73,52,1073,629,444,204,117,87
23648,C4920,9,158,District-Rae Bareli,Total,60-69,5974,3118,2856,1380,684,696,1171,533,638,172,90,82,1585,926,659,132,66,66,93,58,35,1033,557,476,408,204,204
23649,C4920,9,158,District-Rae Bareli,Total,70-79,3840,1917,1923,917,443,474,715,358,357,81,38,43,1120,574,546,55,29,26,37,20,17,484,264,220,431,191,240
23650,C4920,9,158,District-Rae Bareli,Total,80-89,1523,705,818,331,146,185,287,123,164,29,11,18,432,233,199,11,6,5,8,1,7,160,79,81,265,106,159
23651,C4920,9,158,District-Rae Bareli,Total,90+,552,261,291,112,46,66,96,40,56,12,8,4,143,67,76,13,9,4,4,1,3,62,32,30,110,58,52
23652,C4920,9,158,District-Rae Bareli,Total,Age Not Stated,125,70,55,19,7,12,23,15,8,11,6,5,13,6,7,10,6,4,2,1,1,44,27,17,3,2,1
23653,C4920,9,158,District-Rae Bareli,Rural,Total,55922,31439,24483,7457,3906,3551,13047,6701,6346,3215,1779,1436,11783,7359,4424,3323,2099,1224,1433,926,507,12068,6693,5375,3596,1976,1620
23654,C4920,9,158,District-Rae Bareli,Rural,0-4,2673,1409,1264,313,159,154,972,505,467,61,31,30,206,116,90,88,50,38,13,10,3,915,472,443,105,66,39
23655,C4920,9,158,District-Rae Bareli,Rural,5-9,4556,2435,2121,465,233,232,1296,656,640,399,219,180,537,307,230,238,149,89,83,58,25,1220,643,577,318,170,148
23656,C4920,9,158,District-Rae Bareli,Rural,10-19,11684,6430,5254,1180,608,572,2892,1500,1392,990,564,426,1916,1160,756,927,531,396,322,176,146,2654,1428,1226,803,463,340
23657,C4920,9,158,District-Rae Bareli,Rural,20-29,8409,5064,3345,721,402,319,1769,965,804,577,323,254,2118,1389,729,713,484,229,296,207,89,1747,1002,745,468,292,176
23658,C4920,9,158,District-Rae Bareli,Rural,30-39,7270,4319,2951,757,442,315,1634,833,801,405,221,184,1657,1120,537,568,377,191,259,189,70,1632,928,704,358,209,149
23659,C4920,9,158,District-Rae Bareli,Rural,40-49,5768,3571,2197,681,420,261,1356,718,638,302,175,127,1249,892,357,399,268,131,218,148,70,1335,797,538,228,153,75
23660,C4920,9,158,District-Rae Bareli,Rural,50-59,4386,2564,1822,731,387,344,981,518,463,206,107,99,1037,693,344,189,135,54,113,68,45,948,553,395,181,103,78
23661,C4920,9,158,District-Rae Bareli,Rural,60-69,5530,2884,2646,1301,647,654,1087,496,591,154,83,71,1474,859,615,122,61,61,84,52,32,926,498,428,382,188,194
23662,C4920,9,158,District-Rae Bareli,Rural,70-79,3587,1796,1791,865,419,446,683,344,339,73,33,40,1036,537,499,48,25,23,32,15,17,449,247,202,401,176,225
23663,C4920,9,158,District-Rae Bareli,Rural,80-89,1435,664,771,319,140,179,270,115,155,26,9,17,406,221,185,9,5,4,7,1,6,151,75,76,247,98,149
23664,C4920,9,158,District-Rae Bareli,Rural,90+,511,240,271,106,42,64,86,37,49,11,8,3,134,59,75,13,9,4,4,1,3,55,28,27,102,56,46
23665,C4920,9,158,District-Rae Bareli,Rural,Age Not Stated,113,63,50,18,7,11,21,14,7,11,6,5,13,6,7,9,5,4,2,1,1,36,22,14,3,2,1
23666,C4920,9,158,District-Rae Bareli,Urban,Total,6308,3416,2892,747,395,352,1621,777,844,458,241,217,1003,603,400,248,166,82,166,112,54,1680,899,781,385,223,162
23667,C4920,9,158,District-Rae Bareli,Urban,0-4,319,158,161,36,18,18,106,57,49,10,1,9,31,12,19,4,3,1,0,0,0,122,61,61,10,6,4
23668,C4920,9,158,District-Rae Bareli,Urban,5-9,506,275,231,57,29,28,144,70,74,46,25,21,36,21,15,16,10,6,6,5,1,163,92,71,38,23,15
23669,C4920,9,158,District-Rae Bareli,Urban,10-19,1337,683,654,139,77,62,366,174,192,134,69,65,156,87,69,55,36,19,39,25,14,366,163,203,82,52,30
23670,C4920,9,158,District-Rae Bareli,Urban,20-29,1251,692,559,123,59,64,352,177,175,90,54,36,184,112,72,59,38,21,44,25,19,329,192,137,70,35,35
23671,C4920,9,158,District-Rae Bareli,Urban,30-39,826,462,364,87,47,40,212,100,112,53,24,29,115,75,40,48,37,11,28,22,6,239,127,112,44,30,14
23672,C4920,9,158,District-Rae Bareli,Urban,40-49,673,390,283,66,38,28,162,69,93,57,34,23,134,91,43,26,18,8,22,19,3,170,99,71,36,22,14
23673,C4920,9,158,District-Rae Bareli,Urban,50-59,558,332,226,89,56,33,134,67,67,38,20,18,117,81,36,20,13,7,12,5,7,125,76,49,23,14,9
23674,C4920,9,158,District-Rae Bareli,Urban,60-69,444,234,210,79,37,42,84,37,47,18,7,11,111,67,44,10,5,5,9,6,3,107,59,48,26,16,10
23675,C4920,9,158,District-Rae Bareli,Urban,70-79,253,121,132,52,24,28,32,14,18,8,5,3,84,37,47,7,4,3,5,5,0,35,17,18,30,15,15
23676,C4920,9,158,District-Rae Bareli,Urban,80-89,88,41,47,12,6,6,17,8,9,3,2,1,26,12,14,2,1,1,1,0,1,9,4,5,18,8,10
23677,C4920,9,158,District-Rae Bareli,Urban,90+,41,21,20,6,4,2,10,3,7,1,0,1,9,8,1,0,0,0,0,0,0,7,4,3,8,2,6
23678,C4920,9,158,District-Rae Bareli,Urban,Age Not Stated,12,7,5,1,0,1,2,1,1,0,0,0,0,0,0,1,1,0,0,0,0,8,5,3,0,0,0
23679,C4920,9,159,District-Farrukhabad,Total,Total,31497,19041,12456,4109,2232,1877,6395,3446,2949,2698,1627,1071,8048,5518,2530,1573,1032,541,705,483,222,5999,3531,2468,1970,1172,798
23680,C4920,9,159,District-Farrukhabad,Total,0-4,1571,843,728,164,85,79,498,253,245,54,37,17,175,93,82,61,42,19,11,9,2,542,286,256,66,38,28
23681,C4920,9,159,District-Farrukhabad,Total,5-9,2406,1325,1081,230,118,112,617,322,295,335,195,140,326,180,146,127,71,56,36,23,13,586,317,269,149,99,50
23682,C4920,9,159,District-Farrukhabad,Total,10-19,6850,4168,2682,535,297,238,1382,737,645,709,440,269,1848,1237,611,470,301,169,181,127,54,1325,771,554,400,258,142
23683,C4920,9,159,District-Farrukhabad,Total,20-29,5575,3741,1834,359,230,129,948,533,415,491,278,213,2131,1591,540,322,230,92,151,105,46,919,586,333,254,188,66
23684,C4920,9,159,District-Farrukhabad,Total,30-39,3969,2548,1421,340,201,139,697,396,301,387,243,144,1190,859,331,270,184,86,127,90,37,801,469,332,157,106,51
23685,C4920,9,159,District-Farrukhabad,Total,40-49,3055,1970,1085,391,228,163,606,351,255,285,175,110,691,512,179,169,105,64,100,74,26,686,434,252,127,91,36
23686,C4920,9,159,District-Farrukhabad,Total,50-59,2405,1448,957,529,280,249,471,267,204,204,120,84,505,346,159,87,59,28,44,29,15,432,276,156,133,71,62
23687,C4920,9,159,District-Farrukhabad,Total,60-69,2928,1592,1336,809,412,397,591,299,292,153,94,59,615,372,243,49,32,17,32,15,17,432,241,191,247,127,120
23688,C4920,9,159,District-Farrukhabad,Total,70-79,1773,947,826,535,278,257,377,196,181,53,29,24,369,227,142,9,4,5,15,7,8,172,98,74,243,108,135
23689,C4920,9,159,District-Farrukhabad,Total,80-89,662,319,343,164,76,88,134,57,77,20,14,6,144,71,73,5,2,3,5,3,2,58,32,26,132,64,68
23690,C4920,9,159,District-Farrukhabad,Total,90+,232,103,129,51,25,26,50,21,29,6,2,4,49,25,24,4,2,2,2,1,1,11,6,5,59,21,38
23691,C4920,9,159,District-Farrukhabad,Total,Age Not Stated,71,37,34,2,2,0,24,14,10,1,0,1,5,5,0,0,0,0,1,0,1,35,15,20,3,1,2
23692,C4920,9,159,District-Farrukhabad,Rural,Total,24684,14864,9820,3203,1752,1451,5189,2780,2409,1876,1130,746,6398,4355,2043,1226,795,431,516,353,163,4645,2734,1911,1631,965,666
23693,C4920,9,159,District-Farrukhabad,Rural,0-4,1294,690,604,128,69,59,430,214,216,43,30,13,138,73,65,47,32,15,7,5,2,443,231,212,58,36,22
23694,C4920,9,159,District-Farrukhabad,Rural,5-9,1977,1080,897,186,97,89,523,271,252,253,147,106,274,155,119,109,58,51,27,15,12,488,259,229,117,78,39
23695,C4920,9,159,District-Farrukhabad,Rural,10-19,5474,3303,2171,452,253,199,1143,604,539,496,296,200,1518,1021,497,376,233,143,130,92,38,1036,600,436,323,204,119
23696,C4920,9,159,District-Farrukhabad,Rural,20-29,4291,2891,1400,282,187,95,758,426,332,343,198,145,1675,1242,433,239,175,64,106,75,31,690,444,246,198,144,54
23697,C4920,9,159,District-Farrukhabad,Rural,30-39,3044,1943,1101,256,149,107,538,302,236,276,171,105,944,672,272,213,144,69,89,63,26,605,356,249,123,86,37
23698,C4920,9,159,District-Farrukhabad,Rural,40-49,2301,1500,801,295,179,116,478,278,200,175,114,61,534,386,148,132,84,48,83,62,21,501,326,175,103,71,32
23699,C4920,9,159,District-Farrukhabad,Rural,50-59,1781,1051,730,371,187,184,374,212,162,130,73,57,376,253,123,60,38,22,30,20,10,333,209,124,107,59,48
23700,C4920,9,159,District-Farrukhabad,Rural,60-69,2313,1255,1058,623,313,310,475,239,236,111,71,40,486,288,198,37,25,12,27,12,15,328,190,138,226,117,109
23701,C4920,9,159,District-Farrukhabad,Rural,70-79,1417,770,647,434,229,205,293,158,135,31,20,11,300,183,117,8,4,4,11,6,5,132,74,58,208,96,112
23702,C4920,9,159,District-Farrukhabad,Rural,80-89,544,271,273,135,68,67,114,49,65,13,9,4,114,60,54,3,1,2,5,3,2,45,25,20,115,56,59
23703,C4920,9,159,District-Farrukhabad,Rural,90+,183,79,104,39,19,20,41,15,26,4,1,3,36,19,17,2,1,1,0,0,0,10,6,4,51,18,33
23704,C4920,9,159,District-Farrukhabad,Rural,Age Not Stated,65,31,34,2,2,0,22,12,10,1,0,1,3,3,0,0,0,0,1,0,1,34,14,20,2,0,2
23705,C4920,9,159,District-Farrukhabad,Urban,Total,6813,4177,2636,906,480,426,1206,666,540,822,497,325,1650,1163,487,347,237,110,189,130,59,1354,797,557,339,207,132
23706,C4920,9,159,District-Farrukhabad,Urban,0-4,277,153,124,36,16,20,68,39,29,11,7,4,37,20,17,14,10,4,4,4,0,99,55,44,8,2,6
23707,C4920,9,159,District-Farrukhabad,Urban,5-9,429,245,184,44,21,23,94,51,43,82,48,34,52,25,27,18,13,5,9,8,1,98,58,40,32,21,11
23708,C4920,9,159,District-Farrukhabad,Urban,10-19,1376,865,511,83,44,39,239,133,106,213,144,69,330,216,114,94,68,26,51,35,16,289,171,118,77,54,23
23709,C4920,9,159,District-Farrukhabad,Urban,20-29,1284,850,434,77,43,34,190,107,83,148,80,68,456,349,107,83,55,28,45,30,15,229,142,87,56,44,12
23710,C4920,9,159,District-Farrukhabad,Urban,30-39,925,605,320,84,52,32,159,94,65,111,72,39,246,187,59,57,40,17,38,27,11,196,113,83,34,20,14
23711,C4920,9,159,District-Farrukhabad,Urban,40-49,754,470,284,96,49,47,128,73,55,110,61,49,157,126,31,37,21,16,17,12,5,185,108,77,24,20,4
23712,C4920,9,159,District-Farrukhabad,Urban,50-59,624,397,227,158,93,65,97,55,42,74,47,27,129,93,36,27,21,6,14,9,5,99,67,32,26,12,14
23713,C4920,9,159,District-Farrukhabad,Urban,60-69,615,337,278,186,99,87,116,60,56,42,23,19,129,84,45,12,7,5,5,3,2,104,51,53,21,10,11
23714,C4920,9,159,District-Farrukhabad,Urban,70-79,356,177,179,101,49,52,84,38,46,22,9,13,69,44,25,1,0,1,4,1,3,40,24,16,35,12,23
23715,C4920,9,159,District-Farrukhabad,Urban,80-89,118,48,70,29,8,21,20,8,12,7,5,2,30,11,19,2,1,1,0,0,0,13,7,6,17,8,9
23716,C4920,9,159,District-Farrukhabad,Urban,90+,49,24,25,12,6,6,9,6,3,2,1,1,13,6,7,2,1,1,2,1,1,1,0,1,8,3,5
23717,C4920,9,159,District-Farrukhabad,Urban,Age Not Stated,6,6,0,0,0,0,2,2,0,0,0,0,2,2,0,0,0,0,0,0,0,1,1,0,1,1,0
23718,C4920,9,160,District-Kannauj,Total,Total,31308,18692,12616,4961,2678,2283,5229,2878,2351,2441,1403,1038,7857,5240,2617,1551,988,563,681,442,239,6753,4010,2743,1835,1053,782
23719,C4920,9,160,District-Kannauj,Total,0-4,1633,882,751,244,129,115,364,184,180,50,30,20,146,82,64,48,28,20,9,3,6,686,376,310,86,50,36
23720,C4920,9,160,District-Kannauj,Total,5-9,2444,1387,1057,330,188,142,485,256,229,319,186,133,326,205,121,130,86,44,37,21,16,642,341,301,175,104,71
23721,C4920,9,160,District-Kannauj,Total,10-19,6883,4089,2794,739,391,348,1125,639,486,668,384,284,1790,1177,613,488,294,194,147,95,52,1531,856,675,395,253,142
23722,C4920,9,160,District-Kannauj,Total,20-29,5333,3550,1783,514,310,204,808,484,324,430,256,174,1829,1328,501,301,206,95,149,106,43,1075,697,378,227,163,64
23723,C4920,9,160,District-Kannauj,Total,30-39,3976,2504,1472,438,261,177,611,340,271,328,185,143,1198,837,361,244,162,82,115,80,35,883,533,350,159,106,53
23724,C4920,9,160,District-Kannauj,Total,40-49,3057,1971,1086,430,254,176,469,265,204,281,173,108,771,541,230,173,117,56,99,68,31,728,476,252,106,77,29
23725,C4920,9,160,District-Kannauj,Total,50-59,2138,1269,869,481,266,215,349,195,154,145,73,72,518,336,182,76,47,29,47,26,21,443,275,168,79,51,28
23726,C4920,9,160,District-Kannauj,Total,60-69,2915,1585,1330,850,446,404,485,230,255,133,81,52,646,398,248,66,36,30,54,28,26,485,285,200,196,81,115
23727,C4920,9,160,District-Kannauj,Total,70-79,1815,916,899,614,294,320,322,160,162,61,25,36,408,224,184,13,7,6,18,11,7,178,107,71,201,88,113
23728,C4920,9,160,District-Kannauj,Total,80-89,725,359,366,212,92,120,140,77,63,18,8,10,158,83,75,4,2,2,5,3,2,61,40,21,127,54,73
23729,C4920,9,160,District-Kannauj,Total,90+,332,142,190,90,33,57,57,39,18,5,1,4,61,25,36,2,0,2,1,1,0,34,19,15,82,24,58
23730,C4920,9,160,District-Kannauj,Total,Age Not Stated,57,38,19,19,14,5,14,9,5,3,1,2,6,4,2,6,3,3,0,0,0,7,5,2,2,2,0
23731,C4920,9,160,District-Kannauj,Rural,Total,26254,15697,10557,4063,2189,1874,4505,2478,2027,2035,1184,851,6490,4328,2162,1279,812,467,525,345,180,5851,3507,2344,1506,854,652
23732,C4920,9,160,District-Kannauj,Rural,0-4,1387,758,629,186,95,91,317,166,151,42,26,16,124,66,58,42,26,16,8,3,5,595,334,261,73,42,31
23733,C4920,9,160,District-Kannauj,Rural,5-9,2048,1159,889,249,141,108,426,224,202,264,151,113,267,168,99,110,73,37,25,15,10,565,304,261,142,83,59
23734,C4920,9,160,District-Kannauj,Rural,10-19,5758,3458,2300,578,306,272,980,560,420,560,330,230,1480,993,487,418,250,168,108,71,37,1325,747,578,309,201,108
23735,C4920,9,160,District-Kannauj,Rural,20-29,4373,2952,1421,376,239,137,682,414,268,350,212,138,1503,1094,409,240,166,74,116,85,31,934,619,315,172,123,49
23736,C4920,9,160,District-Kannauj,Rural,30-39,3273,2066,1207,340,205,135,510,279,231,276,159,117,973,683,290,194,131,63,88,60,28,764,461,303,128,88,40
23737,C4920,9,160,District-Kannauj,Rural,40-49,2550,1642,908,351,214,137,392,222,170,237,147,90,655,449,206,140,92,48,74,52,22,618,405,213,83,61,22
23738,C4920,9,160,District-Kannauj,Rural,50-59,1763,1046,717,396,223,173,289,157,132,121,62,59,414,263,151,63,39,24,41,23,18,380,239,141,59,40,19
23739,C4920,9,160,District-Kannauj,Rural,60-69,2528,1362,1166,748,385,363,432,203,229,112,68,44,538,332,206,55,28,27,49,26,23,437,257,180,157,63,94
23740,C4920,9,160,District-Kannauj,Rural,70-79,1611,809,802,558,265,293,296,146,150,53,21,32,346,191,155,12,6,6,11,7,4,150,93,57,185,80,105
23741,C4920,9,160,District-Kannauj,Rural,80-89,638,309,329,188,81,107,126,68,58,15,7,8,134,68,66,2,1,1,5,3,2,51,32,19,117,49,68
23742,C4920,9,160,District-Kannauj,Rural,90+,299,120,179,82,27,55,48,34,14,4,1,3,53,19,34,1,0,1,0,0,0,31,16,15,80,23,57
23743,C4920,9,160,District-Kannauj,Rural,Age Not Stated,26,16,10,11,8,3,7,5,2,1,0,1,3,2,1,2,0,2,0,0,0,1,0,1,1,1,0
23744,C4920,9,160,District-Kannauj,Urban,Total,5054,2995,2059,898,489,409,724,400,324,406,219,187,1367,912,455,272,176,96,156,97,59,902,503,399,329,199,130
23745,C4920,9,160,District-Kannauj,Urban,0-4,246,124,122,58,34,24,47,18,29,8,4,4,22,16,6,6,2,4,1,0,1,91,42,49,13,8,5
23746,C4920,9,160,District-Kannauj,Urban,5-9,396,228,168,81,47,34,59,32,27,55,35,20,59,37,22,20,13,7,12,6,6,77,37,40,33,21,12
23747,C4920,9,160,District-Kannauj,Urban,10-19,1125,631,494,161,85,76,145,79,66,108,54,54,310,184,126,70,44,26,39,24,15,206,109,97,86,52,34
23748,C4920,9,160,District-Kannauj,Urban,20-29,960,598,362,138,71,67,126,70,56,80,44,36,326,234,92,61,40,21,33,21,12,141,78,63,55,40,15
23749,C4920,9,160,District-Kannauj,Urban,30-39,703,438,265,98,56,42,101,61,40,52,26,26,225,154,71,50,31,19,27,20,7,119,72,47,31,18,13
23750,C4920,9,160,District-Kannauj,Urban,40-49,507,329,178,79,40,39,77,43,34,44,26,18,116,92,24,33,25,8,25,16,9,110,71,39,23,16,7
23751,C4920,9,160,District-Kannauj,Urban,50-59,375,223,152,85,43,42,60,38,22,24,11,13,104,73,31,13,8,5,6,3,3,63,36,27,20,11,9
23752,C4920,9,160,District-Kannauj,Urban,60-69,387,223,164,102,61,41,53,27,26,21,13,8,108,66,42,11,8,3,5,2,3,48,28,20,39,18,21
23753,C4920,9,160,District-Kannauj,Urban,70-79,204,107,97,56,29,27,26,14,12,8,4,4,62,33,29,1,1,0,7,4,3,28,14,14,16,8,8
23754,C4920,9,160,District-Kannauj,Urban,80-89,87,50,37,24,11,13,14,9,5,3,1,2,24,15,9,2,1,1,0,0,0,10,8,2,10,5,5
23755,C4920,9,160,District-Kannauj,Urban,90+,33,22,11,8,6,2,9,5,4,1,0,1,8,6,2,1,0,1,1,1,0,3,3,0,2,1,1
23756,C4920,9,160,District-Kannauj,Urban,Age Not Stated,31,22,9,8,6,2,7,4,3,2,1,1,3,2,1,4,3,1,0,0,0,6,5,1,1,1,0
23757,C4920,9,161,District-Etawah,Total,Total,31196,18788,12408,4974,2791,2183,5841,3139,2702,2261,1309,952,7903,5300,2603,1618,1073,545,640,431,209,6057,3600,2457,1902,1145,757
23758,C4920,9,161,District-Etawah,Total,0-4,1395,767,628,246,130,116,384,200,184,38,23,15,136,84,52,31,14,17,9,8,1,485,269,216,66,39,27
23759,C4920,9,161,District-Etawah,Total,5-9,2260,1272,988,339,184,155,505,269,236,289,170,119,272,164,108,138,80,58,23,16,7,509,272,237,185,117,68
23760,C4920,9,161,District-Etawah,Total,10-19,6150,3706,2444,764,440,324,1131,604,527,615,377,238,1405,927,478,462,302,160,142,90,52,1240,704,536,391,262,129
23761,C4920,9,161,District-Etawah,Total,20-29,5240,3465,1775,528,322,206,860,483,377,402,222,180,1763,1310,453,329,241,88,127,90,37,1009,637,372,222,160,62
23762,C4920,9,161,District-Etawah,Total,30-39,4192,2609,1583,486,284,202,671,363,308,308,164,144,1349,922,427,272,188,84,116,80,36,843,500,343,147,108,39
23763,C4920,9,161,District-Etawah,Total,40-49,3182,2045,1137,447,267,180,564,314,250,233,144,89,815,581,234,190,129,61,92,59,33,724,470,254,117,81,36
23764,C4920,9,161,District-Etawah,Total,50-59,2430,1481,949,461,290,171,488,252,236,145,81,64,609,405,204,97,63,34,61,40,21,461,297,164,108,53,55
23765,C4920,9,161,District-Etawah,Total,60-69,2948,1644,1304,815,419,396,528,271,257,132,77,55,736,444,292,54,35,19,41,28,13,443,261,182,199,109,90
23766,C4920,9,161,District-Etawah,Total,70-79,2024,1102,922,559,294,265,428,236,192,65,32,33,500,294,206,27,13,14,13,9,4,214,125,89,218,99,119
23767,C4920,9,161,District-Etawah,Total,80-89,924,473,451,244,117,127,186,101,85,17,10,7,224,114,110,10,4,6,7,4,3,73,39,34,163,84,79
23768,C4920,9,161,District-Etawah,Total,90+,366,178,188,71,36,35,81,38,43,5,2,3,82,46,36,5,3,2,6,5,1,33,17,16,83,31,52
23769,C4920,9,161,District-Etawah,Total,Age Not Stated,85,46,39,14,8,6,15,8,7,12,7,5,12,9,3,3,1,2,3,2,1,23,9,14,3,2,1
23770,C4920,9,161,District-Etawah,Rural,Total,23267,14117,9150,3582,2020,1562,4493,2415,2078,1115,680,435,6271,4208,2063,1249,832,417,492,339,153,4626,2757,1869,1439,866,573
23771,C4920,9,161,District-Etawah,Rural,0-4,1025,564,461,158,82,76,306,160,146,15,9,6,110,67,43,21,8,13,6,6,0,363,202,161,46,30,16
23772,C4920,9,161,District-Etawah,Rural,5-9,1655,896,759,219,113,106,399,209,190,149,87,62,225,129,96,112,64,48,18,12,6,412,207,205,121,75,46
23773,C4920,9,161,District-Etawah,Rural,10-19,4502,2739,1763,483,273,210,863,456,407,338,213,125,1140,760,380,351,233,118,101,65,36,942,544,398,284,195,89
23774,C4920,9,161,District-Etawah,Rural,20-29,3754,2564,1190,333,216,117,598,349,249,202,120,82,1367,1034,333,245,179,66,95,71,24,735,464,271,179,131,48
23775,C4920,9,161,District-Etawah,Rural,30-39,3060,1944,1116,311,189,122,495,266,229,123,73,50,1071,730,341,221,158,63,93,65,28,640,386,254,106,77,29
23776,C4920,9,161,District-Etawah,Rural,40-49,2309,1506,803,312,193,119,412,225,187,110,73,37,632,448,184,146,98,48,73,47,26,547,364,183,77,58,19
23777,C4920,9,161,District-Etawah,Rural,50-59,1782,1100,682,335,210,125,376,193,183,60,37,23,476,320,156,74,47,27,56,37,19,335,221,114,70,35,35
23778,C4920,9,161,District-Etawah,Rural,60-69,2382,1314,1068,682,358,324,441,229,212,70,43,27,590,345,245,45,28,17,32,22,10,365,207,158,157,82,75
23779,C4920,9,161,District-Etawah,Rural,70-79,1638,898,740,457,241,216,366,205,161,30,14,16,403,237,166,20,10,10,9,7,2,173,103,70,180,81,99
23780,C4920,9,161,District-Etawah,Rural,80-89,773,399,374,217,106,111,152,82,70,13,8,5,180,92,88,7,3,4,3,2,1,63,35,28,138,71,67
23781,C4920,9,161,District-Etawah,Rural,90+,325,160,165,62,32,30,71,34,37,4,2,2,68,39,29,5,3,2,4,3,1,32,17,15,79,30,49
23782,C4920,9,161,District-Etawah,Rural,Age Not Stated,62,33,29,13,7,6,14,7,7,1,1,0,9,7,2,2,1,1,2,2,0,19,7,12,2,1,1
23783,C4920,9,161,District-Etawah,Urban,Total,7929,4671,3258,1392,771,621,1348,724,624,1146,629,517,1632,1092,540,369,241,128,148,92,56,1431,843,588,463,279,184
23784,C4920,9,161,District-Etawah,Urban,0-4,370,203,167,88,48,40,78,40,38,23,14,9,26,17,9,10,6,4,3,2,1,122,67,55,20,9,11
23785,C4920,9,161,District-Etawah,Urban,5-9,605,376,229,120,71,49,106,60,46,140,83,57,47,35,12,26,16,10,5,4,1,97,65,32,64,42,22
23786,C4920,9,161,District-Etawah,Urban,10-19,1648,967,681,281,167,114,268,148,120,277,164,113,265,167,98,111,69,42,41,25,16,298,160,138,107,67,40
23787,C4920,9,161,District-Etawah,Urban,20-29,1486,901,585,195,106,89,262,134,128,200,102,98,396,276,120,84,62,22,32,19,13,274,173,101,43,29,14
23788,C4920,9,161,District-Etawah,Urban,30-39,1132,665,467,175,95,80,176,97,79,185,91,94,278,192,86,51,30,21,23,15,8,203,114,89,41,31,10
23789,C4920,9,161,District-Etawah,Urban,40-49,873,539,334,135,74,61,152,89,63,123,71,52,183,133,50,44,31,13,19,12,7,177,106,71,40,23,17
23790,C4920,9,161,District-Etawah,Urban,50-59,648,381,267,126,80,46,112,59,53,85,44,41,133,85,48,23,16,7,5,3,2,126,76,50,38,18,20
23791,C4920,9,161,District-Etawah,Urban,60-69,566,330,236,133,61,72,87,42,45,62,34,28,146,99,47,9,7,2,9,6,3,78,54,24,42,27,15
23792,C4920,9,161,District-Etawah,Urban,70-79,386,204,182,102,53,49,62,31,31,35,18,17,97,57,40,7,3,4,4,2,2,41,22,19,38,18,20
23793,C4920,9,161,District-Etawah,Urban,80-89,151,74,77,27,11,16,34,19,15,4,2,2,44,22,22,3,1,2,4,2,2,10,4,6,25,13,12
23794,C4920,9,161,District-Etawah,Urban,90+,41,18,23,9,4,5,10,4,6,1,0,1,14,7,7,0,0,0,2,2,0,1,0,1,4,1,3
23795,C4920,9,161,District-Etawah,Urban,Age Not Stated,23,13,10,1,1,0,1,1,0,11,6,5,3,2,1,1,0,1,1,0,1,4,2,2,1,1,0
23796,C4920,9,162,District-Auraiya,Total,Total,27645,16701,10944,4889,2672,2217,5272,2808,2464,1361,843,518,8118,5451,2667,1399,916,483,586,386,200,4147,2520,1627,1873,1105,768
23797,C4920,9,162,District-Auraiya,Total,0-4,1107,600,507,194,107,87,380,194,186,22,15,7,129,81,48,13,5,8,6,4,2,307,163,144,56,31,25
23798,C4920,9,162,District-Auraiya,Total,5-9,1768,1024,744,240,140,100,497,271,226,182,118,64,277,159,118,91,58,33,25,11,14,333,202,131,123,65,58
23799,C4920,9,162,District-Auraiya,Total,10-19,5251,3138,2113,646,349,297,1025,554,471,385,235,150,1449,966,483,406,241,165,113,72,41,862,479,383,365,242,123
23800,C4920,9,162,District-Auraiya,Total,20-29,4296,2881,1415,429,270,159,672,374,298,230,146,84,1667,1234,433,289,200,89,122,80,42,677,425,252,210,152,58
23801,C4920,9,162,District-Auraiya,Total,30-39,3571,2299,1272,385,239,146,605,321,284,194,114,80,1304,899,405,255,179,76,128,91,37,565,365,200,135,91,44
23802,C4920,9,162,District-Auraiya,Total,40-49,2863,1884,979,457,266,191,510,283,227,123,78,45,891,645,246,186,137,49,107,83,24,470,314,156,119,78,41
23803,C4920,9,162,District-Auraiya,Total,50-59,2321,1351,970,565,288,277,380,196,184,90,58,32,681,436,245,90,57,33,45,27,18,358,230,128,112,59,53
23804,C4920,9,162,District-Auraiya,Total,60-69,3204,1768,1436,1015,519,496,571,280,291,77,42,35,851,534,317,40,22,18,28,12,16,345,207,138,277,152,125
23805,C4920,9,162,District-Auraiya,Total,70-79,2123,1138,985,653,341,312,403,205,198,37,21,16,580,329,251,15,8,7,11,6,5,169,103,66,255,125,130
23806,C4920,9,162,District-Auraiya,Total,80-89,850,467,383,238,122,116,180,99,81,14,11,3,217,128,89,12,9,3,1,0,1,44,21,23,144,77,67
23807,C4920,9,162,District-Auraiya,Total,90+,281,145,136,64,31,33,49,31,18,6,4,2,69,38,31,2,0,2,0,0,0,14,8,6,77,33,44
23808,C4920,9,162,District-Auraiya,Total,Age Not Stated,10,6,4,3,0,3,0,0,0,1,1,0,3,2,1,0,0,0,0,0,0,3,3,0,0,0,0
23809,C4920,9,162,District-Auraiya,Rural,Total,23575,14203,9372,4292,2347,1945,4470,2361,2109,1106,688,418,6857,4614,2243,1170,768,402,486,318,168,3585,2164,1421,1609,943,666
23810,C4920,9,162,District-Auraiya,Rural,0-4,973,527,446,174,97,77,325,161,164,17,11,6,117,76,41,12,5,7,5,3,2,271,144,127,52,30,22
23811,C4920,9,162,District-Auraiya,Rural,5-9,1509,861,648,209,123,86,408,212,196,145,96,49,245,139,106,76,49,27,23,11,12,297,177,120,106,54,52
23812,C4920,9,162,District-Auraiya,Rural,10-19,4448,2643,1805,548,300,248,868,461,407,313,191,122,1222,819,403,349,212,137,93,56,37,755,412,343,300,192,108
23813,C4920,9,162,District-Auraiya,Rural,20-29,3565,2414,1151,355,224,131,562,319,243,190,123,67,1373,1035,338,228,161,67,97,65,32,588,361,227,172,126,46
23814,C4920,9,162,District-Auraiya,Rural,30-39,2990,1916,1074,326,198,128,512,274,238,141,79,62,1101,761,340,209,142,67,110,78,32,477,307,170,114,77,37
23815,C4920,9,162,District-Auraiya,Rural,40-49,2384,1580,804,384,228,156,427,240,187,105,68,37,732,529,203,159,115,44,86,68,18,396,268,128,95,64,31
23816,C4920,9,162,District-Auraiya,Rural,50-59,1978,1141,837,500,251,249,322,161,161,79,51,28,561,356,205,79,51,28,35,21,14,306,198,108,96,52,44
23817,C4920,9,162,District-Auraiya,Rural,60-69,2816,1552,1264,921,471,450,498,241,257,65,36,29,726,458,268,35,19,16,26,11,15,296,181,115,249,135,114
23818,C4920,9,162,District-Auraiya,Rural,70-79,1902,1017,885,595,312,283,348,177,171,32,18,14,525,294,231,11,7,4,10,5,5,153,92,61,228,112,116
23819,C4920,9,162,District-Auraiya,Rural,80-89,750,418,332,220,115,105,158,88,70,14,11,3,191,113,78,10,7,3,1,0,1,32,15,17,124,69,55
23820,C4920,9,162,District-Auraiya,Rural,90+,254,130,124,58,28,30,42,27,15,5,4,1,63,33,30,2,0,2,0,0,0,11,6,5,73,32,41
23821,C4920,9,162,District-Auraiya,Rural,Age Not Stated,6,4,2,2,0,2,0,0,0,0,0,0,1,1,0,0,0,0,0,0,0,3,3,0,0,0,0
23822,C4920,9,162,District-Auraiya,Urban,Total,4070,2498,1572,597,325,272,802,447,355,255,155,100,1261,837,424,229,148,81,100,68,32,562,356,206,264,162,102
23823,C4920,9,162,District-Auraiya,Urban,0-4,134,73,61,20,10,10,55,33,22,5,4,1,12,5,7,1,0,1,1,1,0,36,19,17,4,1,3
23824,C4920,9,162,District-Auraiya,Urban,5-9,259,163,96,31,17,14,89,59,30,37,22,15,32,20,12,15,9,6,2,0,2,36,25,11,17,11,6
23825,C4920,9,162,District-Auraiya,Urban,10-19,803,495,308,98,49,49,157,93,64,72,44,28,227,147,80,57,29,28,20,16,4,107,67,40,65,50,15
23826,C4920,9,162,District-Auraiya,Urban,20-29,731,467,264,74,46,28,110,55,55,40,23,17,294,199,95,61,39,22,25,15,10,89,64,25,38,26,12
23827,C4920,9,162,District-Auraiya,Urban,30-39,581,383,198,59,41,18,93,47,46,53,35,18,203,138,65,46,37,9,18,13,5,88,58,30,21,14,7
23828,C4920,9,162,District-Auraiya,Urban,40-49,479,304,175,73,38,35,83,43,40,18,10,8,159,116,43,27,22,5,21,15,6,74,46,28,24,14,10
23829,C4920,9,162,District-Auraiya,Urban,50-59,343,210,133,65,37,28,58,35,23,11,7,4,120,80,40,11,6,5,10,6,4,52,32,20,16,7,9
23830,C4920,9,162,District-Auraiya,Urban,60-69,388,216,172,94,48,46,73,39,34,12,6,6,125,76,49,5,3,2,2,1,1,49,26,23,28,17,11
23831,C4920,9,162,District-Auraiya,Urban,70-79,221,121,100,58,29,29,55,28,27,5,3,2,55,35,20,4,1,3,1,1,0,16,11,5,27,13,14
23832,C4920,9,162,District-Auraiya,Urban,80-89,100,49,51,18,7,11,22,11,11,0,0,0,26,15,11,2,2,0,0,0,0,12,6,6,20,8,12
23833,C4920,9,162,District-Auraiya,Urban,90+,27,15,12,6,3,3,7,4,3,1,0,1,6,5,1,0,0,0,0,0,0,3,2,1,4,1,3
23834,C4920,9,162,District-Auraiya,Urban,Age Not Stated,4,2,2,1,0,1,0,0,0,1,1,0,2,1,1,0,0,0,0,0,0,0,0,0,0,0,0
23835,C4920,9,163,District-Kanpur Dehat,Total,Total,35804,21323,14481,5877,3302,2575,5953,3253,2700,2392,1391,1001,8589,5615,2974,1896,1244,652,896,567,329,7754,4563,3191,2447,1388,1059
23836,C4920,9,163,District-Kanpur Dehat,Total,0-4,1450,799,651,197,100,97,371,210,161,39,19,20,154,88,66,40,25,15,8,5,3,563,298,265,78,54,24
23837,C4920,9,163,District-Kanpur Dehat,Total,5-9,2410,1347,1063,286,171,115,439,227,212,288,173,115,323,187,136,180,106,74,40,25,15,670,366,304,184,92,92
23838,C4920,9,163,District-Kanpur Dehat,Total,10-19,6615,3965,2650,720,437,283,1076,603,473,631,380,251,1477,958,519,573,349,224,182,102,80,1525,856,669,431,280,151
23839,C4920,9,163,District-Kanpur Dehat,Total,20-29,5552,3714,1838,467,304,163,759,460,299,414,226,188,1807,1318,489,337,247,90,185,133,52,1302,828,474,281,198,83
23840,C4920,9,163,District-Kanpur Dehat,Total,30-39,4527,2825,1702,495,295,200,713,401,312,327,187,140,1241,823,418,323,229,94,172,113,59,1074,666,408,182,111,71
23841,C4920,9,163,District-Kanpur Dehat,Total,40-49,3561,2266,1295,509,312,197,564,324,240,272,162,110,868,616,252,212,147,65,120,80,40,861,522,339,155,103,52
23842,C4920,9,163,District-Kanpur Dehat,Total,50-59,2965,1782,1183,675,399,276,469,260,209,159,85,74,685,449,236,105,68,37,79,44,35,651,398,253,142,79,63
23843,C4920,9,163,District-Kanpur Dehat,Total,60-69,4023,2203,1820,1215,622,593,671,326,345,151,87,64,925,564,361,76,43,33,61,38,23,654,384,270,270,139,131
23844,C4920,9,163,District-Kanpur Dehat,Total,70-79,2923,1551,1372,871,454,417,578,284,294,71,50,21,664,389,275,33,17,16,36,21,15,287,158,129,383,178,205
23845,C4920,9,163,District-Kanpur Dehat,Total,80-89,1259,632,627,348,171,177,219,113,106,26,13,13,311,158,153,13,10,3,8,3,5,107,56,51,227,108,119
23846,C4920,9,163,District-Kanpur Dehat,Total,90+,447,200,247,84,34,50,74,35,39,6,3,3,124,60,64,1,1,0,3,1,2,43,21,22,112,45,67
23847,C4920,9,163,District-Kanpur Dehat,Total,Age Not Stated,72,39,33,10,3,7,20,10,10,8,6,2,10,5,5,3,2,1,2,2,0,17,10,7,2,1,1
23848,C4920,9,163,District-Kanpur Dehat,Rural,Total,32571,19384,13187,5487,3092,2395,5576,3033,2543,2123,1243,880,7628,5008,2620,1703,1121,582,785,494,291,7078,4144,2934,2191,1249,942
23849,C4920,9,163,District-Kanpur Dehat,Rural,0-4,1337,739,598,179,91,88,352,200,152,36,18,18,134,76,58,37,22,15,8,5,3,516,275,241,75,52,23
23850,C4920,9,163,District-Kanpur Dehat,Rural,5-9,2203,1240,963,256,158,98,416,213,203,249,155,94,297,171,126,169,99,70,36,24,12,620,337,283,160,83,77
23851,C4920,9,163,District-Kanpur Dehat,Rural,10-19,6009,3606,2403,666,406,260,1018,567,451,563,338,225,1300,854,446,523,323,200,160,88,72,1393,776,617,386,254,132
23852,C4920,9,163,District-Kanpur Dehat,Rural,20-29,4920,3290,1630,411,266,145,705,424,281,355,195,160,1600,1175,425,293,214,79,152,105,47,1162,738,424,242,173,69
23853,C4920,9,163,District-Kanpur Dehat,Rural,30-39,4105,2559,1546,465,274,191,663,372,291,290,168,122,1123,746,377,284,203,81,153,100,53,973,604,369,154,92,62
23854,C4920,9,163,District-Kanpur Dehat,Rural,40-49,3235,2065,1170,477,294,183,531,310,221,250,150,100,766,545,221,185,132,53,107,72,35,779,471,308,140,91,49
23855,C4920,9,163,District-Kanpur Dehat,Rural,50-59,2698,1616,1082,637,375,262,434,235,199,138,71,67,597,402,195,98,63,35,71,42,29,596,358,238,127,70,57
23856,C4920,9,163,District-Kanpur Dehat,Rural,60-69,3711,2025,1686,1147,596,551,628,300,328,137,80,57,819,493,326,70,39,31,54,32,22,612,358,254,244,127,117
23857,C4920,9,163,District-Kanpur Dehat,Rural,70-79,2706,1439,1267,830,436,394,536,264,272,69,49,20,585,340,245,28,14,14,33,20,13,271,147,124,354,169,185
23858,C4920,9,163,District-Kanpur Dehat,Rural,80-89,1173,583,590,328,161,167,206,106,100,24,12,12,291,147,144,12,9,3,7,3,4,101,51,50,204,94,110
23859,C4920,9,163,District-Kanpur Dehat,Rural,90+,408,188,220,83,34,49,68,33,35,5,2,3,106,54,52,1,1,0,2,1,1,40,20,20,103,43,60
23860,C4920,9,163,District-Kanpur Dehat,Rural,Age Not Stated,66,34,32,8,1,7,19,9,10,7,5,2,10,5,5,3,2,1,2,2,0,15,9,6,2,1,1
23861,C4920,9,163,District-Kanpur Dehat,Urban,Total,3233,1939,1294,390,210,180,377,220,157,269,148,121,961,607,354,193,123,70,111,73,38,676,419,257,256,139,117
23862,C4920,9,163,District-Kanpur Dehat,Urban,0-4,113,60,53,18,9,9,19,10,9,3,1,2,20,12,8,3,3,0,0,0,0,47,23,24,3,2,1
23863,C4920,9,163,District-Kanpur Dehat,Urban,5-9,207,107,100,30,13,17,23,14,9,39,18,21,26,16,10,11,7,4,4,1,3,50,29,21,24,9,15
23864,C4920,9,163,District-Kanpur Dehat,Urban,10-19,606,359,247,54,31,23,58,36,22,68,42,26,177,104,73,50,26,24,22,14,8,132,80,52,45,26,19
23865,C4920,9,163,District-Kanpur Dehat,Urban,20-29,632,424,208,56,38,18,54,36,18,59,31,28,207,143,64,44,33,11,33,28,5,140,90,50,39,25,14
23866,C4920,9,163,District-Kanpur Dehat,Urban,30-39,422,266,156,30,21,9,50,29,21,37,19,18,118,77,41,39,26,13,19,13,6,101,62,39,28,19,9
23867,C4920,9,163,District-Kanpur Dehat,Urban,40-49,326,201,125,32,18,14,33,14,19,22,12,10,102,71,31,27,15,12,13,8,5,82,51,31,15,12,3
23868,C4920,9,163,District-Kanpur Dehat,Urban,50-59,267,166,101,38,24,14,35,25,10,21,14,7,88,47,41,7,5,2,8,2,6,55,40,15,15,9,6
23869,C4920,9,163,District-Kanpur Dehat,Urban,60-69,312,178,134,68,26,42,43,26,17,14,7,7,106,71,35,6,4,2,7,6,1,42,26,16,26,12,14
23870,C4920,9,163,District-Kanpur Dehat,Urban,70-79,217,112,105,41,18,23,42,20,22,2,1,1,79,49,30,5,3,2,3,1,2,16,11,5,29,9,20
23871,C4920,9,163,District-Kanpur Dehat,Urban,80-89,86,49,37,20,10,10,13,7,6,2,1,1,20,11,9,1,1,0,1,0,1,6,5,1,23,14,9
23872,C4920,9,163,District-Kanpur Dehat,Urban,90+,39,12,27,1,0,1,6,2,4,1,1,0,18,6,12,0,0,0,1,0,1,3,1,2,9,2,7
23873,C4920,9,163,District-Kanpur Dehat,Urban,Age Not Stated,6,5,1,2,2,0,1,1,0,1,1,0,0,0,0,0,0,0,0,0,0,2,1,1,0,0,0
23874,C4920,9,164,District-Kanpur Nagar,Total,Total,116292,68633,47659,26237,14632,11605,28928,16495,12433,4770,2749,2021,18703,12411,6292,5191,3316,1875,2307,1476,831,24857,14386,10471,5299,3168,2131
23875,C4920,9,164,District-Kanpur Nagar,Total,0-4,5010,2703,2307,1425,784,641,1434,713,721,91,62,29,299,186,113,157,88,69,36,22,14,1440,766,674,128,82,46
23876,C4920,9,164,District-Kanpur Nagar,Total,5-9,7331,4071,3260,1922,1040,882,1967,1038,929,401,230,171,526,329,197,353,226,127,98,63,35,1674,912,762,390,233,157
23877,C4920,9,164,District-Kanpur Nagar,Total,10-19,21486,12187,9299,4605,2530,2075,5610,3018,2592,1178,646,532,2708,1765,943,1306,766,540,462,267,195,4564,2561,2003,1053,634,419
23878,C4920,9,164,District-Kanpur Nagar,Total,20-29,21111,12842,8269,3704,2073,1631,5316,3007,2309,952,547,405,3991,2763,1228,1129,770,359,495,329,166,4629,2705,1924,895,648,247
23879,C4920,9,164,District-Kanpur Nagar,Total,30-39,17074,10516,6558,3184,1799,1385,4682,2853,1829,726,423,303,2705,1925,780,888,597,291,465,320,145,3931,2280,1651,493,319,174
23880,C4920,9,164,District-Kanpur Nagar,Total,40-49,14350,9105,5245,3210,1965,1245,3652,2279,1373,562,327,235,2156,1567,589,666,435,231,328,227,101,3384,2044,1340,392,261,131
23881,C4920,9,164,District-Kanpur Nagar,Total,50-59,10558,6449,4109,2759,1588,1171,2308,1401,907,381,218,163,1890,1272,618,384,246,138,208,137,71,2279,1377,902,349,210,139
23882,C4920,9,164,District-Kanpur Nagar,Total,60-69,10033,5703,4330,2965,1566,1399,1995,1130,865,254,164,90,2213,1337,876,194,123,71,128,75,53,1771,1038,733,513,270,243
23883,C4920,9,164,District-Kanpur Nagar,Total,70-79,5689,3157,2532,1567,831,736,1142,621,521,146,85,61,1431,842,589,68,40,28,51,19,32,736,444,292,548,275,273
23884,C4920,9,164,District-Kanpur Nagar,Total,80-89,2335,1183,1152,610,307,303,500,269,231,34,21,13,557,286,271,25,12,13,25,10,15,226,118,108,358,160,198
23885,C4920,9,164,District-Kanpur Nagar,Total,90+,997,525,472,226,113,113,219,109,110,21,14,7,206,123,83,13,8,5,10,7,3,131,81,50,171,70,101
23886,C4920,9,164,District-Kanpur Nagar,Total,Age Not Stated,318,192,126,60,36,24,103,57,46,24,12,12,21,16,5,8,5,3,1,0,1,92,60,32,9,6,3
23887,C4920,9,164,District-Kanpur Nagar,Rural,Total,32547,19475,13072,7030,3846,3184,6148,3356,2792,1444,871,573,7485,4971,2514,1749,1163,586,698,460,238,6117,3734,2383,1876,1074,802
23888,C4920,9,164,District-Kanpur Nagar,Rural,0-4,1477,798,679,371,207,164,420,204,216,38,27,11,136,86,50,42,22,20,4,2,2,418,220,198,48,30,18
23889,C4920,9,164,District-Kanpur Nagar,Rural,5-9,2086,1205,881,464,264,200,497,263,234,137,86,51,234,147,87,136,88,48,45,31,14,419,232,187,154,94,60
23890,C4920,9,164,District-Kanpur Nagar,Rural,10-19,6123,3543,2580,1129,617,512,1175,596,579,433,243,190,1197,770,427,523,322,201,144,90,54,1114,648,466,408,257,151
23891,C4920,9,164,District-Kanpur Nagar,Rural,20-29,5297,3507,1790,771,452,319,895,505,390,282,186,96,1684,1215,469,345,258,87,142,108,34,978,642,336,200,141,59
23892,C4920,9,164,District-Kanpur Nagar,Rural,30-39,4150,2664,1486,684,396,288,734,435,299,184,117,67,1024,730,294,302,221,81,137,100,37,948,585,363,137,80,57
23893,C4920,9,164,District-Kanpur Nagar,Rural,40-49,3435,2241,1194,708,427,281,611,380,231,147,87,60,763,556,207,179,116,63,94,62,32,819,536,283,114,77,37
23894,C4920,9,164,District-Kanpur Nagar,Rural,50-59,2626,1577,1049,671,370,301,464,266,198,95,46,49,597,400,197,122,72,50,50,29,21,529,337,192,98,57,41
23895,C4920,9,164,District-Kanpur Nagar,Rural,60-69,3584,1968,1616,1145,562,583,639,343,296,73,46,27,869,526,343,70,49,21,49,23,26,552,325,227,187,94,93
23896,C4920,9,164,District-Kanpur Nagar,Rural,70-79,2371,1284,1087,710,379,331,439,224,215,44,25,19,631,361,270,14,8,6,18,7,11,239,152,87,276,128,148
23897,C4920,9,164,District-Kanpur Nagar,Rural,80-89,998,509,489,280,130,150,195,107,88,8,6,2,266,138,128,10,4,6,11,6,5,66,36,30,162,82,80
23898,C4920,9,164,District-Kanpur Nagar,Rural,90+,373,163,210,95,41,54,66,27,39,3,2,1,81,39,42,5,2,3,3,2,1,29,17,12,91,33,58
23899,C4920,9,164,District-Kanpur Nagar,Rural,Age Not Stated,27,16,11,2,1,1,13,6,7,0,0,0,3,3,0,1,1,0,1,0,1,6,4,2,1,1,0
23900,C4920,9,164,District-Kanpur Nagar,Urban,Total,83745,49158,34587,19207,10786,8421,22780,13139,9641,3326,1878,1448,11218,7440,3778,3442,2153,1289,1609,1016,593,18740,10652,8088,3423,2094,1329
23901,C4920,9,164,District-Kanpur Nagar,Urban,0-4,3533,1905,1628,1054,577,477,1014,509,505,53,35,18,163,100,63,115,66,49,32,20,12,1022,546,476,80,52,28
23902,C4920,9,164,District-Kanpur Nagar,Urban,5-9,5245,2866,2379,1458,776,682,1470,775,695,264,144,120,292,182,110,217,138,79,53,32,21,1255,680,575,236,139,97
23903,C4920,9,164,District-Kanpur Nagar,Urban,10-19,15363,8644,6719,3476,1913,1563,4435,2422,2013,745,403,342,1511,995,516,783,444,339,318,177,141,3450,1913,1537,645,377,268
23904,C4920,9,164,District-Kanpur Nagar,Urban,20-29,15814,9335,6479,2933,1621,1312,4421,2502,1919,670,361,309,2307,1548,759,784,512,272,353,221,132,3651,2063,1588,695,507,188
23905,C4920,9,164,District-Kanpur Nagar,Urban,30-39,12924,7852,5072,2500,1403,1097,3948,2418,1530,542,306,236,1681,1195,486,586,376,210,328,220,108,2983,1695,1288,356,239,117
23906,C4920,9,164,District-Kanpur Nagar,Urban,40-49,10915,6864,4051,2502,1538,964,3041,1899,1142,415,240,175,1393,1011,382,487,319,168,234,165,69,2565,1508,1057,278,184,94
23907,C4920,9,164,District-Kanpur Nagar,Urban,50-59,7932,4872,3060,2088,1218,870,1844,1135,709,286,172,114,1293,872,421,262,174,88,158,108,50,1750,1040,710,251,153,98
23908,C4920,9,164,District-Kanpur Nagar,Urban,60-69,6449,3735,2714,1820,1004,816,1356,787,569,181,118,63,1344,811,533,124,74,50,79,52,27,1219,713,506,326,176,150
23909,C4920,9,164,District-Kanpur Nagar,Urban,70-79,3318,1873,1445,857,452,405,703,397,306,102,60,42,800,481,319,54,32,22,33,12,21,497,292,205,272,147,125
23910,C4920,9,164,District-Kanpur Nagar,Urban,80-89,1337,674,663,330,177,153,305,162,143,26,15,11,291,148,143,15,8,7,14,4,10,160,82,78,196,78,118
23911,C4920,9,164,District-Kanpur Nagar,Urban,90+,624,362,262,131,72,59,153,82,71,18,12,6,125,84,41,8,6,2,7,5,2,102,64,38,80,37,43
23912,C4920,9,164,District-Kanpur Nagar,Urban,Age Not Stated,291,176,115,58,35,23,90,51,39,24,12,12,18,13,5,7,4,3,0,0,0,86,56,30,8,5,3
23913,C4920,9,165,District-Jalaun ,Total,Total,31251,18283,12968,5212,2758,2454,6204,3307,2897,1599,987,612,7309,4833,2476,1075,736,339,570,370,200,7071,4113,2958,2211,1179,1032
23914,C4920,9,165,District-Jalaun ,Total,0-4,1387,758,629,115,58,57,390,213,177,31,21,10,135,85,50,24,13,11,6,3,3,610,327,283,76,38,38
23915,C4920,9,165,District-Jalaun ,Total,5-9,1871,1048,823,198,111,87,471,249,222,179,112,67,188,117,71,71,39,32,22,13,9,623,336,287,119,71,48
23916,C4920,9,165,District-Jalaun ,Total,10-19,4895,2979,1916,462,279,183,942,518,424,417,267,150,1056,691,365,276,191,85,97,61,36,1352,785,567,293,187,106
23917,C4920,9,165,District-Jalaun ,Total,20-29,4461,2928,1533,426,257,169,708,380,328,303,188,115,1371,1031,340,217,163,54,103,74,29,1131,695,436,202,140,62
23918,C4920,9,165,District-Jalaun ,Total,30-39,3780,2368,1412,410,241,169,695,384,311,236,132,104,1026,725,301,203,141,62,119,82,37,964,585,379,127,78,49
23919,C4920,9,165,District-Jalaun ,Total,40-49,3042,1943,1099,433,253,180,558,317,241,181,114,67,800,590,210,127,91,36,102,64,38,730,443,287,111,71,40
23920,C4920,9,165,District-Jalaun ,Total,50-59,2641,1525,1116,501,246,255,475,240,235,103,58,45,655,448,207,83,56,27,70,41,29,646,373,273,108,63,45
23921,C4920,9,165,District-Jalaun ,Total,60-69,3756,1949,1807,1132,551,581,815,391,424,90,57,33,841,477,364,40,27,13,29,19,10,552,314,238,257,113,144
23922,C4920,9,165,District-Jalaun ,Total,70-79,3311,1690,1621,1006,497,509,707,370,337,40,25,15,768,412,356,23,12,11,19,12,7,305,167,138,443,195,248
23923,C4920,9,165,District-Jalaun ,Total,80-89,1555,815,740,402,202,200,336,189,147,16,11,5,356,199,157,7,3,4,0,0,0,111,64,47,327,147,180
23924,C4920,9,165,District-Jalaun ,Total,90+,511,258,253,122,59,63,97,51,46,2,2,0,103,50,53,2,0,2,1,1,0,36,19,17,148,76,72
23925,C4920,9,165,District-Jalaun ,Total,Age Not Stated,41,22,19,5,4,1,10,5,5,1,0,1,10,8,2,2,0,2,2,0,2,11,5,6,0,0,0
23926,C4920,9,165,District-Jalaun ,Rural,Total,24181,14131,10050,4023,2135,1888,5083,2707,2376,1075,699,376,5358,3564,1794,791,554,237,404,266,138,5786,3325,2461,1661,881,780
23927,C4920,9,165,District-Jalaun ,Rural,0-4,1127,600,527,82,36,46,333,180,153,24,15,9,99,63,36,20,10,10,4,3,1,513,269,244,52,24,28
23928,C4920,9,165,District-Jalaun ,Rural,5-9,1481,825,656,142,80,62,396,209,187,126,78,48,129,77,52,56,33,23,14,8,6,527,285,242,91,55,36
23929,C4920,9,165,District-Jalaun ,Rural,10-19,3694,2258,1436,323,199,124,771,419,352,283,193,90,747,510,237,210,149,61,63,38,25,1101,627,474,196,123,73
23930,C4920,9,165,District-Jalaun ,Rural,20-29,3265,2165,1100,290,182,108,560,298,262,190,128,62,973,743,230,158,127,31,65,47,18,895,547,348,134,93,41
23931,C4920,9,165,District-Jalaun ,Rural,30-39,2852,1801,1051,295,182,113,533,296,237,159,99,60,748,523,225,145,104,41,87,62,25,799,481,318,86,54,32
23932,C4920,9,165,District-Jalaun ,Rural,40-49,2252,1445,807,307,179,128,434,247,187,118,75,43,566,434,132,87,63,24,80,54,26,586,346,240,74,47,27
23933,C4920,9,165,District-Jalaun ,Rural,50-59,2038,1166,872,407,202,205,380,191,189,68,40,28,480,327,153,60,38,22,50,27,23,522,297,225,71,44,27
23934,C4920,9,165,District-Jalaun ,Rural,60-69,2987,1533,1454,901,431,470,680,330,350,64,41,23,631,354,277,29,18,11,23,16,7,459,255,204,200,88,112
23935,C4920,9,165,District-Jalaun ,Rural,70-79,2746,1409,1337,845,422,423,617,321,296,28,19,9,600,321,279,18,9,9,16,10,6,255,145,110,367,162,205
23936,C4920,9,165,District-Jalaun ,Rural,80-89,1277,684,593,326,166,160,287,163,124,12,9,3,293,166,127,6,3,3,0,0,0,92,55,37,261,122,139
23937,C4920,9,165,District-Jalaun ,Rural,90+,438,231,207,103,54,49,84,48,36,2,2,0,86,41,45,1,0,1,1,1,0,32,16,16,129,69,60
23938,C4920,9,165,District-Jalaun ,Rural,Age Not Stated,24,14,10,2,2,0,8,5,3,1,0,1,6,5,1,1,0,1,1,0,1,5,2,3,0,0,0
23939,C4920,9,165,District-Jalaun ,Urban,Total,7070,4152,2918,1189,623,566,1121,600,521,524,288,236,1951,1269,682,284,182,102,166,104,62,1285,788,497,550,298,252
23940,C4920,9,165,District-Jalaun ,Urban,0-4,260,158,102,33,22,11,57,33,24,7,6,1,36,22,14,4,3,1,2,0,2,97,58,39,24,14,10
23941,C4920,9,165,District-Jalaun ,Urban,5-9,390,223,167,56,31,25,75,40,35,53,34,19,59,40,19,15,6,9,8,5,3,96,51,45,28,16,12
23942,C4920,9,165,District-Jalaun ,Urban,10-19,1201,721,480,139,80,59,171,99,72,134,74,60,309,181,128,66,42,24,34,23,11,251,158,93,97,64,33
23943,C4920,9,165,District-Jalaun ,Urban,20-29,1196,763,433,136,75,61,148,82,66,113,60,53,398,288,110,59,36,23,38,27,11,236,148,88,68,47,21
23944,C4920,9,165,District-Jalaun ,Urban,30-39,928,567,361,115,59,56,162,88,74,77,33,44,278,202,76,58,37,21,32,20,12,165,104,61,41,24,17
23945,C4920,9,165,District-Jalaun ,Urban,40-49,790,498,292,126,74,52,124,70,54,63,39,24,234,156,78,40,28,12,22,10,12,144,97,47,37,24,13
23946,C4920,9,165,District-Jalaun ,Urban,50-59,603,359,244,94,44,50,95,49,46,35,18,17,175,121,54,23,18,5,20,14,6,124,76,48,37,19,18
23947,C4920,9,165,District-Jalaun ,Urban,60-69,769,416,353,231,120,111,135,61,74,26,16,10,210,123,87,11,9,2,6,3,3,93,59,34,57,25,32
23948,C4920,9,165,District-Jalaun ,Urban,70-79,565,281,284,161,75,86,90,49,41,12,6,6,168,91,77,5,3,2,3,2,1,50,22,28,76,33,43
23949,C4920,9,165,District-Jalaun ,Urban,80-89,278,131,147,76,36,40,49,26,23,4,2,2,63,33,30,1,0,1,0,0,0,19,9,10,66,25,41
23950,C4920,9,165,District-Jalaun ,Urban,90+,73,27,46,19,5,14,13,3,10,0,0,0,17,9,8,1,0,1,0,0,0,4,3,1,19,7,12
23951,C4920,9,165,District-Jalaun ,Urban,Age Not Stated,17,8,9,3,2,1,2,0,2,0,0,0,4,3,1,1,0,1,1,0,1,6,3,3,0,0,0
23952,C4920,9,166,District-Jhansi,Total,Total,38796,22283,16513,7236,3906,3330,8522,4629,3893,1868,1110,758,7917,5096,2821,1393,848,545,654,402,252,8932,5035,3897,2274,1257,1017
23953,C4920,9,166,District-Jhansi,Total,0-4,1841,986,855,357,192,165,537,283,254,31,17,14,127,68,59,39,26,13,8,5,3,674,362,312,68,33,35
23954,C4920,9,166,District-Jhansi,Total,5-9,2595,1435,1160,480,251,229,650,363,287,206,112,94,198,121,77,104,64,40,27,15,12,776,420,356,154,89,65
23955,C4920,9,166,District-Jhansi,Total,10-19,6452,3767,2685,1094,620,474,1497,856,641,411,242,169,944,588,356,336,213,123,125,67,58,1715,969,746,330,212,118
23956,C4920,9,166,District-Jhansi,Total,20-29,6644,4105,2539,870,489,381,1458,856,602,378,238,140,1640,1170,470,297,176,121,129,83,46,1588,899,689,284,194,90
23957,C4920,9,166,District-Jhansi,Total,30-39,5238,3176,2062,842,478,364,1072,603,469,296,177,119,1189,818,371,245,150,95,131,83,48,1285,750,535,178,117,61
23958,C4920,9,166,District-Jhansi,Total,40-49,4030,2498,1532,732,444,288,824,434,390,196,116,80,827,621,206,160,108,52,104,70,34,1043,604,439,144,101,43
23959,C4920,9,166,District-Jhansi,Total,50-59,3153,1885,1268,642,371,271,625,326,299,137,85,52,738,501,237,93,51,42,63,36,27,713,417,296,142,98,44
23960,C4920,9,166,District-Jhansi,Total,60-69,3801,1956,1845,987,490,497,765,361,404,109,63,46,987,544,443,67,39,28,36,24,12,587,323,264,263,112,151
23961,C4920,9,166,District-Jhansi,Total,70-79,2978,1478,1500,781,362,419,646,331,315,59,34,25,754,398,356,26,10,16,24,14,10,334,171,163,354,158,196
23962,C4920,9,166,District-Jhansi,Total,80-89,1330,639,691,300,138,162,262,121,141,16,11,5,374,197,177,9,6,3,2,1,1,118,62,56,249,103,146
23963,C4920,9,166,District-Jhansi,Total,90+,440,196,244,88,41,47,79,37,42,11,4,7,110,53,57,7,1,6,2,2,0,41,22,19,102,36,66
23964,C4920,9,166,District-Jhansi,Total,Age Not Stated,294,162,132,63,30,33,107,58,49,18,11,7,29,17,12,10,4,6,3,2,1,58,36,22,6,4,2
23965,C4920,9,166,District-Jhansi,Rural,Total,20606,11826,8780,3777,2044,1733,4020,2121,1899,1078,643,435,4701,3034,1667,662,416,246,303,184,119,4708,2658,2050,1357,726,631
23966,C4920,9,166,District-Jhansi,Rural,0-4,949,514,435,146,88,58,263,133,130,19,10,9,93,49,44,14,11,3,6,4,2,365,198,167,43,21,22
23967,C4920,9,166,District-Jhansi,Rural,5-9,1384,744,640,220,110,110,301,155,146,123,66,57,126,74,52,61,39,22,10,6,4,464,253,211,79,41,38
23968,C4920,9,166,District-Jhansi,Rural,10-19,3442,2026,1416,511,298,213,667,380,287,255,157,98,614,379,235,177,120,57,65,33,32,968,539,429,185,120,65
23969,C4920,9,166,District-Jhansi,Rural,20-29,3129,2029,1100,317,200,117,530,315,215,204,127,77,990,733,257,140,88,52,54,37,17,761,439,322,133,90,43
23970,C4920,9,166,District-Jhansi,Rural,30-39,2611,1576,1035,385,225,160,460,240,220,169,100,69,685,476,209,111,62,49,67,44,23,651,382,269,83,47,36
23971,C4920,9,166,District-Jhansi,Rural,40-49,1966,1254,712,343,214,129,356,197,159,110,63,47,454,345,109,69,48,21,43,26,17,518,307,211,73,54,19
23972,C4920,9,166,District-Jhansi,Rural,50-59,1562,931,631,347,200,147,287,141,146,73,46,27,390,264,126,39,19,20,30,17,13,328,194,134,68,50,18
23973,C4920,9,166,District-Jhansi,Rural,60-69,2329,1162,1167,678,332,346,462,210,252,62,34,28,570,305,265,31,18,13,13,10,3,340,185,155,173,68,105
23974,C4920,9,166,District-Jhansi,Rural,70-79,2004,990,1014,555,251,304,444,229,215,36,22,14,484,250,234,13,7,6,13,6,7,194,103,91,265,122,143
23975,C4920,9,166,District-Jhansi,Rural,80-89,883,432,451,211,100,111,182,86,96,10,7,3,221,119,102,4,3,1,0,0,0,75,36,39,180,81,99
23976,C4920,9,166,District-Jhansi,Rural,90+,279,133,146,52,23,29,56,28,28,9,4,5,68,35,33,2,1,1,1,1,0,21,12,9,70,29,41
23977,C4920,9,166,District-Jhansi,Rural,Age Not Stated,68,35,33,12,3,9,12,7,5,8,7,1,6,5,1,1,0,1,1,0,1,23,10,13,5,3,2
23978,C4920,9,166,District-Jhansi,Urban,Total,18190,10457,7733,3459,1862,1597,4502,2508,1994,790,467,323,3216,2062,1154,731,432,299,351,218,133,4224,2377,1847,917,531,386
23979,C4920,9,166,District-Jhansi,Urban,0-4,892,472,420,211,104,107,274,150,124,12,7,5,34,19,15,25,15,10,2,1,1,309,164,145,25,12,13
23980,C4920,9,166,District-Jhansi,Urban,5-9,1211,691,520,260,141,119,349,208,141,83,46,37,72,47,25,43,25,18,17,9,8,312,167,145,75,48,27
23981,C4920,9,166,District-Jhansi,Urban,10-19,3010,1741,1269,583,322,261,830,476,354,156,85,71,330,209,121,159,93,66,60,34,26,747,430,317,145,92,53
23982,C4920,9,166,District-Jhansi,Urban,20-29,3515,2076,1439,553,289,264,928,541,387,174,111,63,650,437,213,157,88,69,75,46,29,827,460,367,151,104,47
23983,C4920,9,166,District-Jhansi,Urban,30-39,2627,1600,1027,457,253,204,612,363,249,127,77,50,504,342,162,134,88,46,64,39,25,634,368,266,95,70,25
23984,C4920,9,166,District-Jhansi,Urban,40-49,2064,1244,820,389,230,159,468,237,231,86,53,33,373,276,97,91,60,31,61,44,17,525,297,228,71,47,24
23985,C4920,9,166,District-Jhansi,Urban,50-59,1591,954,637,295,171,124,338,185,153,64,39,25,348,237,111,54,32,22,33,19,14,385,223,162,74,48,26
23986,C4920,9,166,District-Jhansi,Urban,60-69,1472,794,678,309,158,151,303,151,152,47,29,18,417,239,178,36,21,15,23,14,9,247,138,109,90,44,46
23987,C4920,9,166,District-Jhansi,Urban,70-79,974,488,486,226,111,115,202,102,100,23,12,11,270,148,122,13,3,10,11,8,3,140,68,72,89,36,53
23988,C4920,9,166,District-Jhansi,Urban,80-89,447,207,240,89,38,51,80,35,45,6,4,2,153,78,75,5,3,2,2,1,1,43,26,17,69,22,47
23989,C4920,9,166,District-Jhansi,Urban,90+,161,63,98,36,18,18,23,9,14,2,0,2,42,18,24,5,0,5,1,1,0,20,10,10,32,7,25
23990,C4920,9,166,District-Jhansi,Urban,Age Not Stated,226,127,99,51,27,24,95,51,44,10,4,6,23,12,11,9,4,5,2,2,0,35,26,9,1,1,0
23991,C4920,9,167,District-Lalitpur,Total,Total,17985,10413,7572,3381,1815,1566,2906,1558,1348,1105,616,489,4526,2981,1545,851,542,309,366,202,164,3591,2002,1589,1259,697,562
23992,C4920,9,167,District-Lalitpur,Total,0-4,1086,595,491,225,111,114,263,129,134,23,15,8,119,68,51,27,18,9,8,5,3,366,217,149,55,32,23
23993,C4920,9,167,District-Lalitpur,Total,5-9,1429,770,659,258,124,134,255,125,130,141,79,62,195,125,70,82,46,36,12,5,7,377,195,182,109,71,38
23994,C4920,9,167,District-Lalitpur,Total,10-19,3567,2092,1475,604,334,270,554,298,256,359,187,172,712,492,220,237,154,83,81,39,42,772,433,339,248,155,93
23995,C4920,9,167,District-Lalitpur,Total,20-29,3089,1936,1153,415,256,159,409,226,183,197,114,83,1097,767,330,159,108,51,75,38,37,596,334,262,141,93,48
23996,C4920,9,167,District-Lalitpur,Total,30-39,2213,1386,827,321,185,136,308,182,126,132,73,59,668,453,215,125,85,40,80,56,24,477,286,191,102,66,36
23997,C4920,9,167,District-Lalitpur,Total,40-49,1594,1024,570,283,179,104,225,147,78,92,61,31,417,294,123,107,64,43,52,25,27,345,203,142,73,51,22
23998,C4920,9,167,District-Lalitpur,Total,50-59,1339,778,561,284,154,130,220,119,101,66,36,30,361,246,115,54,35,19,25,12,13,266,137,129,63,39,24
23999,C4920,9,167,District-Lalitpur,Total,60-69,1610,833,777,437,213,224,296,140,156,53,35,18,421,250,171,35,19,16,18,12,6,213,106,107,137,58,79
24000,C4920,9,167,District-Lalitpur,Total,70-79,1263,611,652,380,177,203,234,119,115,19,6,13,321,170,151,14,5,9,13,8,5,102,57,45,180,69,111
24001,C4920,9,167,District-Lalitpur,Total,80-89,509,268,241,126,63,63,97,54,43,10,7,3,148,86,62,5,3,2,2,2,0,31,15,16,90,38,52
24002,C4920,9,167,District-Lalitpur,Total,90+,221,87,134,42,17,25,36,15,21,5,1,4,56,23,33,4,3,1,0,0,0,18,4,14,60,24,36
24003,C4920,9,167,District-Lalitpur,Total,Age Not Stated,65,33,32,6,2,4,9,4,5,8,2,6,11,7,4,2,2,0,0,0,0,28,15,13,1,1,0
24004,C4920,9,167,District-Lalitpur,Rural,Total,15162,8744,6418,3011,1607,1404,2583,1373,1210,876,493,383,3703,2440,1263,686,439,247,283,155,128,2970,1651,1319,1050,586,464
24005,C4920,9,167,District-Lalitpur,Rural,0-4,967,542,425,211,103,108,240,122,118,18,14,4,105,61,44,25,18,7,7,5,2,314,190,124,47,29,18
24006,C4920,9,167,District-Lalitpur,Rural,5-9,1259,681,578,238,114,124,233,115,118,122,70,52,162,100,62,74,43,31,10,5,5,328,170,158,92,64,28
24007,C4920,9,167,District-Lalitpur,Rural,10-19,3113,1828,1285,550,305,245,510,270,240,308,161,147,615,431,184,205,132,73,61,31,30,652,365,287,212,133,79
24008,C4920,9,167,District-Lalitpur,Rural,20-29,2508,1560,948,361,219,142,358,195,163,144,81,63,878,615,263,119,80,39,61,29,32,481,267,214,106,74,32
24009,C4920,9,167,District-Lalitpur,Rural,30-39,1778,1111,667,284,163,121,268,157,111,96,55,41,530,365,165,98,66,32,59,40,19,368,214,154,75,51,24
24010,C4920,9,167,District-Lalitpur,Rural,40-49,1302,838,464,250,158,92,198,126,72,69,47,22,325,228,97,83,49,34,43,23,20,277,168,109,57,39,18
24011,C4920,9,167,District-Lalitpur,Rural,50-59,1044,597,447,244,132,112,181,97,84,41,23,18,273,184,89,35,24,11,15,6,9,208,102,106,47,29,18
24012,C4920,9,167,District-Lalitpur,Rural,60-69,1385,709,676,374,182,192,268,127,141,43,29,14,358,207,151,29,16,13,14,8,6,187,93,94,112,47,65
24013,C4920,9,167,District-Lalitpur,Rural,70-79,1114,539,575,346,161,185,208,101,107,17,6,11,275,149,126,7,3,4,12,7,5,87,50,37,162,62,100
24014,C4920,9,167,District-Lalitpur,Rural,80-89,441,228,213,109,53,56,83,45,38,7,4,3,129,75,54,5,3,2,1,1,0,26,13,13,81,34,47
24015,C4920,9,167,District-Lalitpur,Rural,90+,190,79,111,39,15,24,27,14,13,3,1,2,45,19,26,4,3,1,0,0,0,14,4,10,58,23,35
24016,C4920,9,167,District-Lalitpur,Rural,Age Not Stated,61,32,29,5,2,3,9,4,5,8,2,6,8,6,2,2,2,0,0,0,0,28,15,13,1,1,0
24017,C4920,9,167,District-Lalitpur,Urban,Total,2823,1669,1154,370,208,162,323,185,138,229,123,106,823,541,282,165,103,62,83,47,36,621,351,270,209,111,98
24018,C4920,9,167,District-Lalitpur,Urban,0-4,119,53,66,14,8,6,23,7,16,5,1,4,14,7,7,2,0,2,1,0,1,52,27,25,8,3,5
24019,C4920,9,167,District-Lalitpur,Urban,5-9,170,89,81,20,10,10,22,10,12,19,9,10,33,25,8,8,3,5,2,0,2,49,25,24,17,7,10
24020,C4920,9,167,District-Lalitpur,Urban,10-19,454,264,190,54,29,25,44,28,16,51,26,25,97,61,36,32,22,10,20,8,12,120,68,52,36,22,14
24021,C4920,9,167,District-Lalitpur,Urban,20-29,581,376,205,54,37,17,51,31,20,53,33,20,219,152,67,40,28,12,14,9,5,115,67,48,35,19,16
24022,C4920,9,167,District-Lalitpur,Urban,30-39,435,275,160,37,22,15,40,25,15,36,18,18,138,88,50,27,19,8,21,16,5,109,72,37,27,15,12
24023,C4920,9,167,District-Lalitpur,Urban,40-49,292,186,106,33,21,12,27,21,6,23,14,9,92,66,26,24,15,9,9,2,7,68,35,33,16,12,4
24024,C4920,9,167,District-Lalitpur,Urban,50-59,295,181,114,40,22,18,39,22,17,25,13,12,88,62,26,19,11,8,10,6,4,58,35,23,16,10,6
24025,C4920,9,167,District-Lalitpur,Urban,60-69,225,124,101,63,31,32,28,13,15,10,6,4,63,43,20,6,3,3,4,4,0,26,13,13,25,11,14
24026,C4920,9,167,District-Lalitpur,Urban,70-79,149,72,77,34,16,18,26,18,8,2,0,2,46,21,25,7,2,5,1,1,0,15,7,8,18,7,11
24027,C4920,9,167,District-Lalitpur,Urban,80-89,68,40,28,17,10,7,14,9,5,3,3,0,19,11,8,0,0,0,1,1,0,5,2,3,9,4,5
24028,C4920,9,167,District-Lalitpur,Urban,90+,31,8,23,3,2,1,9,1,8,2,0,2,11,4,7,0,0,0,0,0,0,4,0,4,2,1,1
24029,C4920,9,167,District-Lalitpur,Urban,Age Not Stated,4,1,3,1,0,1,0,0,0,0,0,0,3,1,2,0,0,0,0,0,0,0,0,0,0,0,0
24030,C4920,9,168,District-Hamirpur,Total,Total,19055,11116,7939,3324,1774,1550,3313,1774,1539,1064,616,448,4402,2770,1632,894,596,298,382,256,126,4169,2528,1641,1507,802,705
24031,C4920,9,168,District-Hamirpur,Total,0-4,681,371,310,74,43,31,141,77,64,20,11,9,68,41,27,21,11,10,2,2,0,335,176,159,20,10,10
24032,C4920,9,168,District-Hamirpur,Total,5-9,1124,624,500,134,63,71,203,120,83,112,49,63,116,69,47,51,32,19,17,12,5,402,225,177,89,54,35
24033,C4920,9,168,District-Hamirpur,Total,10-19,2778,1628,1150,290,152,138,465,256,209,275,171,104,563,363,200,213,125,88,60,34,26,731,412,319,181,115,66
24034,C4920,9,168,District-Hamirpur,Total,20-29,2578,1762,816,242,171,71,334,211,123,196,118,78,813,588,225,159,115,44,84,59,25,622,414,208,128,86,42
24035,C4920,9,168,District-Hamirpur,Total,30-39,2068,1317,751,228,148,80,283,151,132,151,92,59,514,361,153,163,114,49,71,46,25,566,349,217,92,56,36
24036,C4920,9,168,District-Hamirpur,Total,40-49,1838,1210,628,281,176,105,245,147,98,104,60,44,435,306,129,128,93,35,68,50,18,503,326,177,74,52,22
24037,C4920,9,168,District-Hamirpur,Total,50-59,1595,969,626,371,206,165,247,128,119,83,45,38,384,258,126,70,46,24,43,31,12,334,217,117,63,38,25
24038,C4920,9,168,District-Hamirpur,Total,60-69,2445,1251,1194,693,315,378,507,245,262,66,38,28,581,324,257,57,35,22,20,11,9,352,208,144,169,75,94
24039,C4920,9,168,District-Hamirpur,Total,70-79,2425,1188,1237,689,322,367,548,262,286,43,23,20,559,264,295,24,19,5,12,8,4,206,132,74,344,158,186
24040,C4920,9,168,District-Hamirpur,Total,80-89,1179,626,553,273,152,121,268,140,128,7,4,3,294,162,132,6,4,2,2,2,0,77,49,28,252,113,139
24041,C4920,9,168,District-Hamirpur,Total,90+,318,160,158,45,26,19,69,35,34,7,5,2,69,31,38,2,2,0,0,0,0,31,16,15,95,45,50
24042,C4920,9,168,District-Hamirpur,Total,Age Not Stated,26,10,16,4,0,4,3,2,1,0,0,0,6,3,3,0,0,0,3,1,2,10,4,6,0,0,0
24043,C4920,9,168,District-Hamirpur,Rural,Total,15970,9364,6606,2834,1519,1315,2891,1569,1322,857,500,357,3557,2250,1307,721,484,237,299,200,99,3551,2169,1382,1260,673,587
24044,C4920,9,168,District-Hamirpur,Rural,0-4,589,324,265,60,36,24,131,73,58,15,8,7,59,37,22,17,8,9,2,2,0,288,152,136,17,8,9
24045,C4920,9,168,District-Hamirpur,Rural,5-9,976,542,434,114,54,60,181,106,75,102,46,56,94,57,37,39,24,15,13,9,4,355,200,155,78,46,32
24046,C4920,9,168,District-Hamirpur,Rural,10-19,2302,1388,914,237,126,111,417,233,184,218,144,74,442,298,144,176,106,70,47,30,17,622,356,266,143,95,48
24047,C4920,9,168,District-Hamirpur,Rural,20-29,2107,1451,656,201,144,57,290,186,104,153,91,62,645,468,177,127,96,31,62,45,17,522,350,172,107,71,36
24048,C4920,9,168,District-Hamirpur,Rural,30-39,1680,1069,611,182,116,66,241,132,109,122,74,48,400,282,118,127,88,39,55,36,19,484,301,183,69,40,29
24049,C4920,9,168,District-Hamirpur,Rural,40-49,1506,989,517,245,153,92,214,125,89,84,50,34,344,243,101,100,72,28,52,36,16,412,268,144,55,42,13
24050,C4920,9,168,District-Hamirpur,Rural,50-59,1332,812,520,312,178,134,210,111,99,61,33,28,309,208,101,62,40,22,34,23,11,296,190,106,48,29,19
24051,C4920,9,168,District-Hamirpur,Rural,60-69,2064,1059,1005,592,270,322,423,210,213,54,29,25,481,264,217,46,29,17,18,9,9,302,179,123,148,69,79
24052,C4920,9,168,District-Hamirpur,Rural,70-79,2086,1020,1066,601,279,322,479,232,247,36,18,18,467,219,248,20,15,5,12,8,4,176,117,59,295,132,163
24053,C4920,9,168,District-Hamirpur,Rural,80-89,1026,557,469,245,138,107,241,128,113,6,3,3,253,142,111,5,4,1,1,1,0,59,40,19,216,101,115
24054,C4920,9,168,District-Hamirpur,Rural,90+,277,143,134,41,25,16,61,31,30,6,4,2,58,29,29,2,2,0,0,0,0,25,12,13,84,40,44
24055,C4920,9,168,District-Hamirpur,Rural,Age Not Stated,25,10,15,4,0,4,3,2,1,0,0,0,5,3,2,0,0,0,3,1,2,10,4,6,0,0,0
24056,C4920,9,168,District-Hamirpur,Urban,Total,3085,1752,1333,490,255,235,422,205,217,207,116,91,845,520,325,173,112,61,83,56,27,618,359,259,247,129,118
24057,C4920,9,168,District-Hamirpur,Urban,0-4,92,47,45,14,7,7,10,4,6,5,3,2,9,4,5,4,3,1,0,0,0,47,24,23,3,2,1
24058,C4920,9,168,District-Hamirpur,Urban,5-9,148,82,66,20,9,11,22,14,8,10,3,7,22,12,10,12,8,4,4,3,1,47,25,22,11,8,3
24059,C4920,9,168,District-Hamirpur,Urban,10-19,476,240,236,53,26,27,48,23,25,57,27,30,121,65,56,37,19,18,13,4,9,109,56,53,38,20,18
24060,C4920,9,168,District-Hamirpur,Urban,20-29,471,311,160,41,27,14,44,25,19,43,27,16,168,120,48,32,19,13,22,14,8,100,64,36,21,15,6
24061,C4920,9,168,District-Hamirpur,Urban,30-39,388,248,140,46,32,14,42,19,23,29,18,11,114,79,35,36,26,10,16,10,6,82,48,34,23,16,7
24062,C4920,9,168,District-Hamirpur,Urban,40-49,332,221,111,36,23,13,31,22,9,20,10,10,91,63,28,28,21,7,16,14,2,91,58,33,19,10,9
24063,C4920,9,168,District-Hamirpur,Urban,50-59,263,157,106,59,28,31,37,17,20,22,12,10,75,50,25,8,6,2,9,8,1,38,27,11,15,9,6
24064,C4920,9,168,District-Hamirpur,Urban,60-69,381,192,189,101,45,56,84,35,49,12,9,3,100,60,40,11,6,5,2,2,0,50,29,21,21,6,15
24065,C4920,9,168,District-Hamirpur,Urban,70-79,339,168,171,88,43,45,69,30,39,7,5,2,92,45,47,4,4,0,0,0,0,30,15,15,49,26,23
24066,C4920,9,168,District-Hamirpur,Urban,80-89,153,69,84,28,14,14,27,12,15,1,1,0,41,20,21,1,0,1,1,1,0,18,9,9,36,12,24
24067,C4920,9,168,District-Hamirpur,Urban,90+,41,17,24,4,1,3,8,4,4,1,1,0,11,2,9,0,0,0,0,0,0,6,4,2,11,5,6
24068,C4920,9,168,District-Hamirpur,Urban,Age Not Stated,1,0,1,0,0,0,0,0,0,0,0,0,1,0,1,0,0,0,0,0,0,0,0,0,0,0,0
24069,C4920,9,169,District-Mahoba,Total,Total,15681,8955,6726,2484,1323,1161,2651,1424,1227,810,501,309,3513,2209,1304,631,403,228,306,192,114,4170,2308,1862,1116,595,521
24070,C4920,9,169,District-Mahoba,Total,0-4,734,414,320,86,53,33,106,61,45,15,10,5,64,36,28,16,11,5,7,3,4,421,230,191,19,10,9
24071,C4920,9,169,District-Mahoba,Total,5-9,1062,563,499,108,53,55,203,94,109,90,56,34,104,61,43,53,28,25,15,5,10,410,222,188,79,44,35
24072,C4920,9,169,District-Mahoba,Total,10-19,2604,1546,1058,278,160,118,415,232,183,236,154,82,503,320,183,154,95,59,66,41,25,796,456,340,156,88,68
24073,C4920,9,169,District-Mahoba,Total,20-29,2179,1453,726,181,115,66,276,181,95,150,100,50,727,527,200,118,84,34,46,33,13,578,334,244,103,79,24
24074,C4920,9,169,District-Mahoba,Total,30-39,1839,1138,701,202,125,77,224,130,94,102,58,44,506,337,169,113,77,36,66,45,21,549,318,231,77,48,29
24075,C4920,9,169,District-Mahoba,Total,40-49,1389,829,560,209,122,87,200,112,88,75,48,27,304,216,88,86,56,30,57,35,22,410,205,205,48,35,13
24076,C4920,9,169,District-Mahoba,Total,50-59,1151,646,505,247,125,122,185,82,103,49,27,22,268,173,95,45,24,21,27,17,10,282,167,115,48,31,17
24077,C4920,9,169,District-Mahoba,Total,60-69,1752,852,900,479,220,259,370,174,196,41,21,20,374,201,173,28,15,13,11,8,3,313,159,154,136,54,82
24078,C4920,9,169,District-Mahoba,Total,70-79,1650,856,794,446,232,214,404,222,182,27,12,15,361,184,177,9,5,4,8,3,5,191,104,87,204,94,110
24079,C4920,9,169,District-Mahoba,Total,80-89,791,381,410,186,85,101,181,93,88,8,5,3,201,102,99,3,3,0,2,1,1,58,27,31,152,65,87
24080,C4920,9,169,District-Mahoba,Total,90+,256,130,126,41,23,18,46,25,21,2,2,0,57,27,30,1,1,0,0,0,0,23,11,12,86,41,45
24081,C4920,9,169,District-Mahoba,Total,Age Not Stated,274,147,127,21,10,11,41,18,23,15,8,7,44,25,19,5,4,1,1,1,0,139,75,64,8,6,2
24082,C4920,9,169,District-Mahoba,Rural,Total,12976,7427,5549,2100,1108,992,2233,1199,1034,630,391,239,2866,1818,1048,514,328,186,236,145,91,3457,1933,1524,940,505,435
24083,C4920,9,169,District-Mahoba,Rural,0-4,608,346,262,75,45,30,90,51,39,8,5,3,50,30,20,14,9,5,5,3,2,352,195,157,14,8,6
24084,C4920,9,169,District-Mahoba,Rural,5-9,897,478,419,94,46,48,171,79,92,70,43,27,82,50,32,47,24,23,13,5,8,349,192,157,71,39,32
24085,C4920,9,169,District-Mahoba,Rural,10-19,2156,1281,875,240,136,104,345,194,151,190,127,63,414,269,145,133,80,53,52,31,21,657,373,284,125,71,54
24086,C4920,9,169,District-Mahoba,Rural,20-29,1784,1205,579,152,99,53,232,151,81,116,76,40,598,441,157,85,65,20,40,28,12,473,274,199,88,71,17
24087,C4920,9,169,District-Mahoba,Rural,30-39,1462,913,549,162,100,62,187,107,80,74,43,31,393,267,126,93,63,30,48,31,17,442,263,179,63,39,24
24088,C4920,9,169,District-Mahoba,Rural,40-49,1106,659,447,160,89,71,153,83,70,59,39,20,247,174,73,66,44,22,40,25,15,339,175,164,42,30,12
24089,C4920,9,169,District-Mahoba,Rural,50-59,923,509,414,199,97,102,153,66,87,36,17,19,215,136,79,36,19,17,21,14,7,231,141,90,32,19,13
24090,C4920,9,169,District-Mahoba,Rural,60-69,1474,712,762,419,186,233,323,148,175,32,17,15,288,159,129,27,15,12,9,6,3,260,134,126,116,47,69
24091,C4920,9,169,District-Mahoba,Rural,70-79,1441,756,685,396,209,187,350,199,151,23,11,12,317,161,156,8,4,4,7,2,5,168,92,76,172,78,94
24092,C4920,9,169,District-Mahoba,Rural,80-89,670,326,344,150,72,78,153,81,72,6,4,2,177,87,90,3,3,0,1,0,1,50,22,28,130,57,73
24093,C4920,9,169,District-Mahoba,Rural,90+,222,118,104,33,19,14,40,23,17,1,1,0,48,23,25,1,1,0,0,0,0,20,11,9,79,40,39
24094,C4920,9,169,District-Mahoba,Rural,Age Not Stated,233,124,109,20,10,10,36,17,19,15,8,7,37,21,16,1,1,0,0,0,0,116,61,55,8,6,2
24095,C4920,9,169,District-Mahoba,Urban,Total,2705,1528,1177,384,215,169,418,225,193,180,110,70,647,391,256,117,75,42,70,47,23,713,375,338,176,90,86
24096,C4920,9,169,District-Mahoba,Urban,0-4,126,68,58,11,8,3,16,10,6,7,5,2,14,6,8,2,2,0,2,0,2,69,35,34,5,2,3
24097,C4920,9,169,District-Mahoba,Urban,5-9,165,85,80,14,7,7,32,15,17,20,13,7,22,11,11,6,4,2,2,0,2,61,30,31,8,5,3
24098,C4920,9,169,District-Mahoba,Urban,10-19,448,265,183,38,24,14,70,38,32,46,27,19,89,51,38,21,15,6,14,10,4,139,83,56,31,17,14
24099,C4920,9,169,District-Mahoba,Urban,20-29,395,248,147,29,16,13,44,30,14,34,24,10,129,86,43,33,19,14,6,5,1,105,60,45,15,8,7
24100,C4920,9,169,District-Mahoba,Urban,30-39,377,225,152,40,25,15,37,23,14,28,15,13,113,70,43,20,14,6,18,14,4,107,55,52,14,9,5
24101,C4920,9,169,District-Mahoba,Urban,40-49,283,170,113,49,33,16,47,29,18,16,9,7,57,42,15,20,12,8,17,10,7,71,30,41,6,5,1
24102,C4920,9,169,District-Mahoba,Urban,50-59,228,137,91,48,28,20,32,16,16,13,10,3,53,37,16,9,5,4,6,3,3,51,26,25,16,12,4
24103,C4920,9,169,District-Mahoba,Urban,60-69,278,140,138,60,34,26,47,26,21,9,4,5,86,42,44,1,0,1,2,2,0,53,25,28,20,7,13
24104,C4920,9,169,District-Mahoba,Urban,70-79,209,100,109,50,23,27,54,23,31,4,1,3,44,23,21,1,1,0,1,1,0,23,12,11,32,16,16
24105,C4920,9,169,District-Mahoba,Urban,80-89,121,55,66,36,13,23,28,12,16,2,1,1,24,15,9,0,0,0,1,1,0,8,5,3,22,8,14
24106,C4920,9,169,District-Mahoba,Urban,90+,34,12,22,8,4,4,6,2,4,1,1,0,9,4,5,0,0,0,0,0,0,3,0,3,7,1,6
24107,C4920,9,169,District-Mahoba,Urban,Age Not Stated,41,23,18,1,0,1,5,1,4,0,0,0,7,4,3,4,3,1,1,1,0,23,14,9,0,0,0
24108,C4920,9,170,District-Banda,Total,Total,27972,16630,11342,4836,2587,2249,4620,2510,2110,1448,886,562,7419,4784,2635,1371,943,428,739,532,207,5004,3004,2000,2535,1384,1151
24109,C4920,9,170,District-Banda,Total,0-4,1084,576,508,188,101,87,241,127,114,31,14,17,128,72,56,31,16,15,6,6,0,407,208,199,52,32,20
24110,C4920,9,170,District-Banda,Total,5-9,1787,1003,784,280,148,132,337,182,155,180,98,82,260,155,105,105,60,45,25,19,6,440,242,198,160,99,61
24111,C4920,9,170,District-Banda,Total,10-19,4463,2766,1697,622,365,257,627,363,264,432,251,181,1071,739,332,362,231,131,121,82,39,883,509,374,345,226,119
24112,C4920,9,170,District-Banda,Total,20-29,3732,2584,1148,432,290,142,393,230,163,247,169,78,1324,945,379,270,204,66,169,129,40,707,476,231,190,141,49
24113,C4920,9,170,District-Banda,Total,30-39,3231,2148,1083,393,239,154,420,246,174,180,116,64,983,705,278,219,169,50,163,111,52,711,448,263,162,114,48
24114,C4920,9,170,District-Banda,Total,40-49,2656,1785,871,383,224,159,347,213,134,144,92,52,719,517,202,194,138,56,131,102,29,613,411,202,125,88,37
24115,C4920,9,170,District-Banda,Total,50-59,2192,1330,862,485,260,225,359,190,169,81,54,27,567,386,181,93,61,32,64,51,13,441,264,177,102,64,38
24116,C4920,9,170,District-Banda,Total,60-69,3345,1677,1668,846,382,464,656,324,332,89,51,38,924,497,427,55,35,20,36,22,14,414,233,181,325,133,192
24117,C4920,9,170,District-Banda,Total,70-79,3391,1682,1709,803,356,447,795,405,390,39,22,17,910,485,425,22,16,6,13,6,7,261,145,116,548,247,301
24118,C4920,9,170,District-Banda,Total,80-89,1525,795,730,290,162,128,354,184,170,17,12,5,408,219,189,9,7,2,8,4,4,69,34,35,370,173,197
24119,C4920,9,170,District-Banda,Total,90+,432,207,225,74,38,36,80,42,38,3,3,0,107,52,55,2,1,1,2,0,2,13,7,6,151,64,87
24120,C4920,9,170,District-Banda,Total,Age Not Stated,134,77,57,40,22,18,11,4,7,5,4,1,18,12,6,9,5,4,1,0,1,45,27,18,5,3,2
24121,C4920,9,170,District-Banda,Rural,Total,23708,14012,9696,4379,2348,2031,4043,2189,1854,1208,740,468,6222,3935,2287,1174,809,365,596,430,166,3824,2338,1486,2262,1223,1039
24122,C4920,9,170,District-Banda,Rural,0-4,926,499,427,179,96,83,209,111,98,25,12,13,115,66,49,26,14,12,4,4,0,322,168,154,46,28,18
24123,C4920,9,170,District-Banda,Rural,5-9,1498,848,650,246,135,111,290,156,134,149,80,69,209,124,85,97,59,38,17,15,2,350,189,161,140,90,50
24124,C4920,9,170,District-Banda,Rural,10-19,3678,2269,1409,573,339,234,521,302,219,351,204,147,895,609,286,315,197,118,90,60,30,634,361,273,299,197,102
24125,C4920,9,170,District-Banda,Rural,20-29,2980,2093,887,377,254,123,314,185,129,202,137,65,1054,766,288,220,170,50,137,106,31,524,360,164,152,115,37
24126,C4920,9,170,District-Banda,Rural,30-39,2623,1744,879,330,202,128,350,204,146,158,103,55,803,563,240,192,149,43,135,92,43,516,335,181,139,96,43
24127,C4920,9,170,District-Banda,Rural,40-49,2169,1441,728,337,195,142,290,178,112,124,77,47,580,403,177,166,116,50,106,82,24,468,326,142,98,64,34
24128,C4920,9,170,District-Banda,Rural,50-59,1830,1103,727,451,240,211,310,157,153,67,46,21,453,300,153,77,49,28,55,44,11,333,217,116,84,50,34
24129,C4920,9,170,District-Banda,Rural,60-69,2975,1468,1507,776,348,428,599,295,304,73,44,29,812,419,393,45,27,18,29,17,12,343,198,145,298,120,178
24130,C4920,9,170,District-Banda,Rural,70-79,3123,1556,1567,750,336,414,746,383,363,37,21,16,817,432,385,21,16,5,13,6,7,224,126,98,515,236,279
24131,C4920,9,170,District-Banda,Rural,80-89,1399,739,660,264,152,112,332,177,155,15,10,5,369,198,171,8,7,1,7,4,3,60,29,31,344,162,182
24132,C4920,9,170,District-Banda,Rural,90+,400,188,212,69,35,34,72,37,35,2,2,0,100,45,55,2,1,1,2,0,2,11,6,5,142,62,80
24133,C4920,9,170,District-Banda,Rural,Age Not Stated,107,64,43,27,16,11,10,4,6,5,4,1,15,10,5,5,4,1,1,0,1,39,23,16,5,3,2
24134,C4920,9,170,District-Banda,Urban,Total,4264,2618,1646,457,239,218,577,321,256,240,146,94,1197,849,348,197,134,63,143,102,41,1180,666,514,273,161,112
24135,C4920,9,170,District-Banda,Urban,0-4,158,77,81,9,5,4,32,16,16,6,2,4,13,6,7,5,2,3,2,2,0,85,40,45,6,4,2
24136,C4920,9,170,District-Banda,Urban,5-9,289,155,134,34,13,21,47,26,21,31,18,13,51,31,20,8,1,7,8,4,4,90,53,37,20,9,11
24137,C4920,9,170,District-Banda,Urban,10-19,785,497,288,49,26,23,106,61,45,81,47,34,176,130,46,47,34,13,31,22,9,249,148,101,46,29,17
24138,C4920,9,170,District-Banda,Urban,20-29,752,491,261,55,36,19,79,45,34,45,32,13,270,179,91,50,34,16,32,23,9,183,116,67,38,26,12
24139,C4920,9,170,District-Banda,Urban,30-39,608,404,204,63,37,26,70,42,28,22,13,9,180,142,38,27,20,7,28,19,9,195,113,82,23,18,5
24140,C4920,9,170,District-Banda,Urban,40-49,487,344,143,46,29,17,57,35,22,20,15,5,139,114,25,28,22,6,25,20,5,145,85,60,27,24,3
24141,C4920,9,170,District-Banda,Urban,50-59,362,227,135,34,20,14,49,33,16,14,8,6,114,86,28,16,12,4,9,7,2,108,47,61,18,14,4
24142,C4920,9,170,District-Banda,Urban,60-69,370,209,161,70,34,36,57,29,28,16,7,9,112,78,34,10,8,2,7,5,2,71,35,36,27,13,14
24143,C4920,9,170,District-Banda,Urban,70-79,268,126,142,53,20,33,49,22,27,2,1,1,93,53,40,1,0,1,0,0,0,37,19,18,33,11,22
24144,C4920,9,170,District-Banda,Urban,80-89,126,56,70,26,10,16,22,7,15,2,2,0,39,21,18,1,0,1,1,0,1,9,5,4,26,11,15
24145,C4920,9,170,District-Banda,Urban,90+,32,19,13,5,3,2,8,5,3,1,1,0,7,7,0,0,0,0,0,0,0,2,1,1,9,2,7
24146,C4920,9,170,District-Banda,Urban,Age Not Stated,27,13,14,13,6,7,1,0,1,0,0,0,3,2,1,4,1,3,0,0,0,6,4,2,0,0,0
24147,C4920,9,171,District-Chitrakoot,Total,Total,15403,8833,6570,3024,1579,1445,2759,1484,1275,1134,641,493,3493,2170,1323,540,360,180,343,215,128,2969,1757,1212,1141,627,514
24148,C4920,9,171,District-Chitrakoot,Total,0-4,836,447,389,193,102,91,173,85,88,18,7,11,103,59,44,15,7,8,7,4,3,296,164,132,31,19,12
24149,C4920,9,171,District-Chitrakoot,Total,5-9,1245,688,557,239,122,117,232,115,117,160,84,76,157,96,61,56,39,17,16,6,10,307,175,132,78,51,27
24150,C4920,9,171,District-Chitrakoot,Total,10-19,2795,1616,1179,513,269,244,454,250,204,264,136,128,589,383,206,153,96,57,69,42,27,581,323,258,172,117,55
24151,C4920,9,171,District-Chitrakoot,Total,20-29,2043,1310,733,329,201,128,288,155,133,173,101,72,587,412,175,94,68,26,67,48,19,413,258,155,92,67,25
24152,C4920,9,171,District-Chitrakoot,Total,30-39,1819,1095,724,330,173,157,278,148,130,172,108,64,406,272,134,91,57,34,67,45,22,402,244,158,73,48,25
24153,C4920,9,171,District-Chitrakoot,Total,40-49,1414,882,532,290,164,126,215,120,95,121,73,48,299,208,91,63,46,17,52,39,13,324,203,121,50,29,21
24154,C4920,9,171,District-Chitrakoot,Total,50-59,1159,667,492,271,136,135,211,109,102,97,58,39,246,155,91,38,28,10,24,12,12,223,142,81,49,27,22
24155,C4920,9,171,District-Chitrakoot,Total,60-69,1796,904,892,403,191,212,438,219,219,65,32,33,462,237,225,20,13,7,27,13,14,232,132,100,149,67,82
24156,C4920,9,171,District-Chitrakoot,Total,70-79,1448,770,678,305,151,154,340,202,138,42,26,16,401,210,191,4,3,1,10,5,5,122,72,50,224,101,123
24157,C4920,9,171,District-Chitrakoot,Total,80-89,593,311,282,109,50,59,90,59,31,14,9,5,189,106,83,2,2,0,2,0,2,36,22,14,151,63,88
24158,C4920,9,171,District-Chitrakoot,Total,90+,191,105,86,27,10,17,32,18,14,6,5,1,46,29,17,0,0,0,0,0,0,15,10,5,65,33,32
24159,C4920,9,171,District-Chitrakoot,Total,Age Not Stated,64,38,26,15,10,5,8,4,4,2,2,0,8,3,5,4,1,3,2,1,1,18,12,6,7,5,2
24160,C4920,9,171,District-Chitrakoot,Rural,Total,13760,7971,5789,2545,1358,1187,2524,1398,1126,1041,588,453,3168,1980,1188,467,308,159,310,199,111,2651,1567,1084,1054,573,481
24161,C4920,9,171,District-Chitrakoot,Rural,0-4,734,387,347,151,73,78,155,81,74,17,7,10,98,56,42,13,7,6,7,4,3,272,148,124,21,11,10
24162,C4920,9,171,District-Chitrakoot,Rural,5-9,1106,618,488,184,97,87,210,107,103,149,80,69,151,92,59,54,37,17,15,6,9,272,152,120,71,47,24
24163,C4920,9,171,District-Chitrakoot,Rural,10-19,2449,1448,1001,368,208,160,415,236,179,238,123,115,543,357,186,136,85,51,63,39,24,532,297,235,154,103,51
24164,C4920,9,171,District-Chitrakoot,Rural,20-29,1743,1140,603,261,164,97,246,142,104,160,90,70,508,365,143,80,56,24,60,45,15,350,219,131,78,59,19
24165,C4920,9,171,District-Chitrakoot,Rural,30-39,1600,981,619,277,152,125,246,139,107,157,99,58,356,241,115,77,48,29,60,39,21,364,221,143,63,42,21
24166,C4920,9,171,District-Chitrakoot,Rural,40-49,1262,797,465,254,149,105,193,107,86,111,66,45,265,185,80,52,39,13,46,37,9,292,186,106,49,28,21
24167,C4920,9,171,District-Chitrakoot,Rural,50-59,1037,594,443,251,129,122,194,101,93,89,53,36,214,131,83,28,20,8,20,10,10,195,125,70,46,25,21
24168,C4920,9,171,District-Chitrakoot,Rural,60-69,1671,853,818,378,182,196,416,212,204,64,32,32,427,221,206,19,12,7,25,13,12,201,115,86,141,66,75
24169,C4920,9,171,District-Chitrakoot,Rural,70-79,1359,719,640,280,137,143,323,193,130,37,23,14,381,202,179,2,1,1,10,5,5,110,64,46,216,94,122
24170,C4920,9,171,District-Chitrakoot,Rural,80-89,560,299,261,100,47,53,88,58,30,13,9,4,176,101,75,2,2,0,2,0,2,32,20,12,147,62,85
24171,C4920,9,171,District-Chitrakoot,Rural,90+,177,98,79,27,10,17,30,18,12,4,4,0,41,26,15,0,0,0,0,0,0,13,8,5,62,32,30
24172,C4920,9,171,District-Chitrakoot,Rural,Age Not Stated,62,37,25,14,10,4,8,4,4,2,2,0,8,3,5,4,1,3,2,1,1,18,12,6,6,4,2
24173,C4920,9,171,District-Chitrakoot,Urban,Total,1643,862,781,479,221,258,235,86,149,93,53,40,325,190,135,73,52,21,33,16,17,318,190,128,87,54,33
24174,C4920,9,171,District-Chitrakoot,Urban,0-4,102,60,42,42,29,13,18,4,14,1,0,1,5,3,2,2,0,2,0,0,0,24,16,8,10,8,2
24175,C4920,9,171,District-Chitrakoot,Urban,5-9,139,70,69,55,25,30,22,8,14,11,4,7,6,4,2,2,2,0,1,0,1,35,23,12,7,4,3
24176,C4920,9,171,District-Chitrakoot,Urban,10-19,346,168,178,145,61,84,39,14,25,26,13,13,46,26,20,17,11,6,6,3,3,49,26,23,18,14,4
24177,C4920,9,171,District-Chitrakoot,Urban,20-29,300,170,130,68,37,31,42,13,29,13,11,2,79,47,32,14,12,2,7,3,4,63,39,24,14,8,6
24178,C4920,9,171,District-Chitrakoot,Urban,30-39,219,114,105,53,21,32,32,9,23,15,9,6,50,31,19,14,9,5,7,6,1,38,23,15,10,6,4
24179,C4920,9,171,District-Chitrakoot,Urban,40-49,152,85,67,36,15,21,22,13,9,10,7,3,34,23,11,11,7,4,6,2,4,32,17,15,1,1,0
24180,C4920,9,171,District-Chitrakoot,Urban,50-59,122,73,49,20,7,13,17,8,9,8,5,3,32,24,8,10,8,2,4,2,2,28,17,11,3,2,1
24181,C4920,9,171,District-Chitrakoot,Urban,60-69,125,51,74,25,9,16,22,7,15,1,0,1,35,16,19,1,1,0,2,0,2,31,17,14,8,1,7
24182,C4920,9,171,District-Chitrakoot,Urban,70-79,89,51,38,25,14,11,17,9,8,5,3,2,20,8,12,2,2,0,0,0,0,12,8,4,8,7,1
24183,C4920,9,171,District-Chitrakoot,Urban,80-89,33,12,21,9,3,6,2,1,1,1,0,1,13,5,8,0,0,0,0,0,0,4,2,2,4,1,3
24184,C4920,9,171,District-Chitrakoot,Urban,90+,14,7,7,0,0,0,2,0,2,2,1,1,5,3,2,0,0,0,0,0,0,2,2,0,3,1,2
24185,C4920,9,171,District-Chitrakoot,Urban,Age Not Stated,2,1,1,1,0,1,0,0,0,0,0,0,0,0,0,0,0,0,0,0,0,0,0,0,1,1,0
24186,C4920,9,172,District-Fatehpur,Total,Total,55333,32222,23111,11865,6469,5396,10195,5458,4737,3482,2040,1442,11661,7494,4167,2766,1819,947,1179,753,426,10424,6108,4316,3761,2081,1680
24187,C4920,9,172,District-Fatehpur,Total,0-4,2553,1411,1142,567,300,267,652,360,292,57,34,23,252,149,103,64,35,29,15,10,5,811,444,367,135,79,56
24188,C4920,9,172,District-Fatehpur,Total,5-9,4039,2253,1786,768,418,350,889,464,425,468,271,197,455,272,183,225,132,93,46,29,17,850,447,403,338,220,118
24189,C4920,9,172,District-Fatehpur,Total,10-19,10349,5895,4454,1708,902,806,1869,1025,844,929,513,416,1993,1215,778,799,500,299,270,159,111,2030,1121,909,751,460,291
24190,C4920,9,172,District-Fatehpur,Total,20-29,7541,4916,2625,1189,715,474,1163,675,488,531,353,178,1837,1331,506,581,415,166,252,172,80,1559,964,595,429,291,138
24191,C4920,9,172,District-Fatehpur,Total,30-39,6639,4161,2478,1209,730,479,1085,607,478,497,291,206,1454,1022,432,468,325,143,216,156,60,1422,853,569,288,177,111
24192,C4920,9,172,District-Fatehpur,Total,40-49,5783,3694,2089,1254,753,501,975,563,412,391,233,158,1195,870,325,298,212,86,181,123,58,1270,808,462,219,132,87
24193,C4920,9,172,District-Fatehpur,Total,50-59,4792,2738,2054,1252,669,583,834,426,408,258,142,116,1095,708,387,158,95,63,84,38,46,942,574,368,169,86,83
24194,C4920,9,172,District-Fatehpur,Total,60-69,6516,3502,3014,1975,988,987,1237,606,631,218,123,95,1591,935,656,114,71,43,75,46,29,917,555,362,389,178,211
24195,C4920,9,172,District-Fatehpur,Total,70-79,4624,2407,2217,1348,691,657,969,471,498,97,63,34,1199,682,517,30,17,13,31,14,17,398,229,169,552,240,312
24196,C4920,9,172,District-Fatehpur,Total,80-89,1724,866,858,433,221,212,362,183,179,25,13,12,432,226,206,13,8,5,3,1,2,124,62,62,332,152,180
24197,C4920,9,172,District-Fatehpur,Total,90+,542,256,286,94,48,46,109,49,60,8,3,5,125,63,62,7,3,4,1,1,0,47,26,21,151,63,88
24198,C4920,9,172,District-Fatehpur,Total,Age Not Stated,231,123,108,68,34,34,51,29,22,3,1,2,33,21,12,9,6,3,5,4,1,54,25,29,8,3,5
24199,C4920,9,172,District-Fatehpur,Rural,Total,50007,29096,20911,10859,5943,4916,9559,5100,4459,3063,1778,1285,10405,6704,3701,2488,1634,854,1021,646,375,9330,5485,3845,3282,1806,1476
24200,C4920,9,172,District-Fatehpur,Rural,0-4,2379,1315,1064,542,285,257,626,342,284,50,31,19,230,136,94,59,33,26,15,10,5,738,409,329,119,69,50
24201,C4920,9,172,District-Fatehpur,Rural,5-9,3734,2068,1666,740,398,342,844,439,405,428,246,182,417,250,167,209,121,88,42,26,16,778,410,368,276,178,98
24202,C4920,9,172,District-Fatehpur,Rural,10-19,9425,5343,4082,1622,852,770,1753,956,797,841,462,379,1801,1098,703,736,458,278,239,139,100,1839,1017,822,594,361,233
24203,C4920,9,172,District-Fatehpur,Rural,20-29,6690,4392,2298,1096,671,425,1070,630,440,444,296,148,1607,1167,440,511,365,146,222,150,72,1382,862,520,358,251,107
24204,C4920,9,172,District-Fatehpur,Rural,30-39,5936,3724,2212,1110,676,434,1001,553,448,428,249,179,1279,902,377,412,289,123,185,133,52,1265,765,500,256,157,99
24205,C4920,9,172,District-Fatehpur,Rural,40-49,5087,3248,1839,1087,659,428,905,515,390,336,198,138,1039,757,282,261,183,78,153,104,49,1115,717,398,191,115,76
24206,C4920,9,172,District-Fatehpur,Rural,50-59,4248,2431,1817,1089,585,504,771,388,383,232,127,105,971,631,340,139,85,54,67,29,38,828,506,322,151,80,71
24207,C4920,9,172,District-Fatehpur,Rural,60-69,5930,3178,2752,1795,898,897,1182,582,600,181,97,84,1430,849,581,104,67,37,62,37,25,818,486,332,358,162,196
24208,C4920,9,172,District-Fatehpur,Rural,70-79,4245,2225,2020,1223,636,587,915,450,465,88,56,32,1086,621,465,28,16,12,27,12,15,360,207,153,518,227,291
24209,C4920,9,172,District-Fatehpur,Rural,80-89,1612,819,793,403,207,196,342,171,171,24,12,12,400,216,184,13,8,5,3,1,2,113,59,54,314,145,169
24210,C4920,9,172,District-Fatehpur,Rural,90+,499,234,265,87,43,44,99,45,54,8,3,5,113,57,56,7,3,4,1,1,0,45,24,21,139,58,81
24211,C4920,9,172,District-Fatehpur,Rural,Age Not Stated,222,119,103,65,33,32,51,29,22,3,1,2,32,20,12,9,6,3,5,4,1,49,23,26,8,3,5
24212,C4920,9,172,District-Fatehpur,Urban,Total,5326,3126,2200,1006,526,480,636,358,278,419,262,157,1256,790,466,278,185,93,158,107,51,1094,623,471,479,275,204
24213,C4920,9,172,District-Fatehpur,Urban,0-4,174,96,78,25,15,10,26,18,8,7,3,4,22,13,9,5,2,3,0,0,0,73,35,38,16,10,6
24214,C4920,9,172,District-Fatehpur,Urban,5-9,305,185,120,28,20,8,45,25,20,40,25,15,38,22,16,16,11,5,4,3,1,72,37,35,62,42,20
24215,C4920,9,172,District-Fatehpur,Urban,10-19,924,552,372,86,50,36,116,69,47,88,51,37,192,117,75,63,42,21,31,20,11,191,104,87,157,99,58
24216,C4920,9,172,District-Fatehpur,Urban,20-29,851,524,327,93,44,49,93,45,48,87,57,30,230,164,66,70,50,20,30,22,8,177,102,75,71,40,31
24217,C4920,9,172,District-Fatehpur,Urban,30-39,703,437,266,99,54,45,84,54,30,69,42,27,175,120,55,56,36,20,31,23,8,157,88,69,32,20,12
24218,C4920,9,172,District-Fatehpur,Urban,40-49,696,446,250,167,94,73,70,48,22,55,35,20,156,113,43,37,29,8,28,19,9,155,91,64,28,17,11
24219,C4920,9,172,District-Fatehpur,Urban,50-59,544,307,237,163,84,79,63,38,25,26,15,11,124,77,47,19,10,9,17,9,8,114,68,46,18,6,12
24220,C4920,9,172,District-Fatehpur,Urban,60-69,586,324,262,180,90,90,55,24,31,37,26,11,161,86,75,10,4,6,13,9,4,99,69,30,31,16,15
24221,C4920,9,172,District-Fatehpur,Urban,70-79,379,182,197,125,55,70,54,21,33,9,7,2,113,61,52,2,1,1,4,2,2,38,22,16,34,13,21
24222,C4920,9,172,District-Fatehpur,Urban,80-89,112,47,65,30,14,16,20,12,8,1,1,0,32,10,22,0,0,0,0,0,0,11,3,8,18,7,11
24223,C4920,9,172,District-Fatehpur,Urban,90+,43,22,21,7,5,2,10,4,6,0,0,0,12,6,6,0,0,0,0,0,0,2,2,0,12,5,7
24224,C4920,9,172,District-Fatehpur,Urban,Age Not Stated,9,4,5,3,1,2,0,0,0,0,0,0,1,1,0,0,0,0,0,0,0,5,2,3,0,0,0
24225,C4920,9,173,District-Pratapgarh,Total,Total,77912,42326,35586,9854,5145,4709,22485,11471,11014,7815,4118,3697,11329,7032,4297,3162,1887,1275,1409,894,515,18099,9637,8462,3759,2142,1617
24226,C4920,9,173,District-Pratapgarh,Total,0-4,4622,2408,2214,597,320,277,1717,906,811,129,58,71,247,153,94,108,47,61,19,13,6,1669,836,833,136,75,61
24227,C4920,9,173,District-Pratapgarh,Total,5-9,7050,3730,3320,880,440,440,2492,1279,1213,814,462,352,480,273,207,276,154,122,81,41,40,1687,870,817,340,211,129
24228,C4920,9,173,District-Pratapgarh,Total,10-19,17588,9444,8144,2030,1064,966,5426,2760,2666,1961,1043,918,1959,1158,801,921,524,397,338,202,136,4022,2143,1879,931,550,381
24229,C4920,9,173,District-Pratapgarh,Total,20-29,11937,6554,5383,1279,658,621,3418,1740,1678,1258,648,610,1938,1229,709,577,357,220,278,179,99,2695,1432,1263,494,311,183
24230,C4920,9,173,District-Pratapgarh,Total,30-39,9870,5382,4488,1067,561,506,2798,1362,1436,1115,553,562,1443,969,474,503,331,172,275,191,84,2375,1230,1145,294,185,109
24231,C4920,9,173,District-Pratapgarh,Total,40-49,7766,4414,3352,962,534,428,2060,1052,1008,918,471,447,1077,754,323,353,229,124,197,126,71,1956,1098,858,243,150,93
24232,C4920,9,173,District-Pratapgarh,Total,50-59,6057,3424,2633,867,484,383,1520,778,742,659,361,298,1035,670,365,199,119,80,109,70,39,1449,808,641,219,134,85
24233,C4920,9,173,District-Pratapgarh,Total,60-69,6330,3402,2928,1087,546,541,1529,789,740,535,287,248,1382,812,570,131,76,55,69,45,24,1252,676,576,345,171,174
24234,C4920,9,173,District-Pratapgarh,Total,70-79,4083,2184,1899,681,334,347,955,504,451,245,140,105,1113,649,464,55,25,30,28,16,12,610,338,272,396,178,218
24235,C4920,9,173,District-Pratapgarh,Total,80-89,1642,872,770,259,124,135,352,194,158,91,51,40,470,258,212,22,15,7,8,5,3,205,105,100,235,120,115
24236,C4920,9,173,District-Pratapgarh,Total,90+,624,323,301,92,54,38,128,63,65,37,15,22,165,94,71,8,5,3,2,1,1,74,37,37,118,54,64
24237,C4920,9,173,District-Pratapgarh,Total,Age Not Stated,343,189,154,53,26,27,90,44,46,53,29,24,20,13,7,9,5,4,5,5,0,105,64,41,8,3,5
24238,C4920,9,173,District-Pratapgarh,Rural,Total,72559,39487,33072,9069,4753,4316,21135,10773,10362,6667,3532,3135,10721,6669,4052,2986,1774,1212,1337,845,492,17066,9095,7971,3578,2046,1532
24239,C4920,9,173,District-Pratapgarh,Rural,0-4,4329,2266,2063,542,288,254,1634,867,767,114,54,60,235,146,89,98,41,57,19,13,6,1560,785,775,127,72,55
24240,C4920,9,173,District-Pratapgarh,Rural,5-9,6626,3511,3115,802,403,399,2376,1219,1157,726,410,316,460,261,199,264,147,117,77,39,38,1598,829,769,323,203,120
24241,C4920,9,173,District-Pratapgarh,Rural,10-19,16465,8827,7638,1872,986,886,5118,2593,2525,1721,914,807,1861,1101,760,878,494,384,321,191,130,3799,2017,1782,895,531,364
24242,C4920,9,173,District-Pratapgarh,Rural,20-29,10924,6017,4907,1134,593,541,3159,1602,1557,1032,531,501,1830,1162,668,543,336,207,266,171,95,2498,1332,1166,462,290,172
24243,C4920,9,173,District-Pratapgarh,Rural,30-39,9145,5007,4138,972,512,460,2623,1284,1339,934,464,470,1372,931,441,474,310,164,251,173,78,2241,1159,1082,278,174,104
24244,C4920,9,173,District-Pratapgarh,Rural,40-49,7120,4065,3055,864,486,378,1901,968,933,746,386,360,1011,707,304,335,218,117,191,121,70,1843,1037,806,229,142,87
24245,C4920,9,173,District-Pratapgarh,Rural,50-59,5630,3201,2429,814,456,358,1425,732,693,551,309,242,973,631,342,186,113,73,106,68,38,1364,764,600,211,128,83
24246,C4920,9,173,District-Pratapgarh,Rural,60-69,5965,3187,2778,1035,516,519,1450,747,703,481,257,224,1287,752,535,117,67,50,66,43,23,1202,643,559,327,162,165
24247,C4920,9,173,District-Pratapgarh,Rural,70-79,3896,2092,1804,649,319,330,903,475,428,227,135,92,1070,624,446,54,24,30,26,15,11,586,325,261,381,175,206
24248,C4920,9,173,District-Pratapgarh,Rural,80-89,1563,838,725,250,120,130,337,185,152,80,47,33,445,249,196,21,15,6,8,5,3,197,103,94,225,114,111
24249,C4920,9,173,District-Pratapgarh,Rural,90+,590,309,281,87,52,35,120,58,62,30,12,18,158,92,66,8,5,3,1,1,0,74,37,37,112,52,60
24250,C4920,9,173,District-Pratapgarh,Rural,Age Not Stated,306,167,139,48,22,26,89,43,46,25,13,12,19,13,6,8,4,4,5,5,0,104,64,40,8,3,5
24251,C4920,9,173,District-Pratapgarh,Urban,Total,5353,2839,2514,785,392,393,1350,698,652,1148,586,562,608,363,245,176,113,63,72,49,23,1033,542,491,181,96,85
24252,C4920,9,173,District-Pratapgarh,Urban,0-4,293,142,151,55,32,23,83,39,44,15,4,11,12,7,5,10,6,4,0,0,0,109,51,58,9,3,6
24253,C4920,9,173,District-Pratapgarh,Urban,5-9,424,219,205,78,37,41,116,60,56,88,52,36,20,12,8,12,7,5,4,2,2,89,41,48,17,8,9
24254,C4920,9,173,District-Pratapgarh,Urban,10-19,1123,617,506,158,78,80,308,167,141,240,129,111,98,57,41,43,30,13,17,11,6,223,126,97,36,19,17
24255,C4920,9,173,District-Pratapgarh,Urban,20-29,1013,537,476,145,65,80,259,138,121,226,117,109,108,67,41,34,21,13,12,8,4,197,100,97,32,21,11
24256,C4920,9,173,District-Pratapgarh,Urban,30-39,725,375,350,95,49,46,175,78,97,181,89,92,71,38,33,29,21,8,24,18,6,134,71,63,16,11,5
24257,C4920,9,173,District-Pratapgarh,Urban,40-49,646,349,297,98,48,50,159,84,75,172,85,87,66,47,19,18,11,7,6,5,1,113,61,52,14,8,6
24258,C4920,9,173,District-Pratapgarh,Urban,50-59,427,223,204,53,28,25,95,46,49,108,52,56,62,39,23,13,6,7,3,2,1,85,44,41,8,6,2
24259,C4920,9,173,District-Pratapgarh,Urban,60-69,365,215,150,52,30,22,79,42,37,54,30,24,95,60,35,14,9,5,3,2,1,50,33,17,18,9,9
24260,C4920,9,173,District-Pratapgarh,Urban,70-79,187,92,95,32,15,17,52,29,23,18,5,13,43,25,18,1,1,0,2,1,1,24,13,11,15,3,12
24261,C4920,9,173,District-Pratapgarh,Urban,80-89,79,34,45,9,4,5,15,9,6,11,4,7,25,9,16,1,0,1,0,0,0,8,2,6,10,6,4
24262,C4920,9,173,District-Pratapgarh,Urban,90+,34,14,20,5,2,3,8,5,3,7,3,4,7,2,5,0,0,0,1,0,1,0,0,0,6,2,4
24263,C4920,9,173,District-Pratapgarh,Urban,Age Not Stated,37,22,15,5,4,1,1,1,0,28,16,12,1,0,1,1,1,0,0,0,0,1,0,1,0,0,0
24264,C4920,9,174,District-Kaushambi,Total,Total,42213,23724,18489,8407,4600,3807,9572,5116,4456,2211,1248,963,5918,3717,2201,1778,1068,710,572,351,221,11838,6521,5317,1917,1103,814
24265,C4920,9,174,District-Kaushambi,Total,0-4,3054,1605,1449,704,354,350,839,425,414,43,20,23,130,76,54,96,49,47,12,7,5,1149,622,527,81,52,29
24266,C4920,9,174,District-Kaushambi,Total,5-9,4570,2436,2134,916,483,433,1148,594,554,285,151,134,268,149,119,185,103,82,43,24,19,1563,834,729,162,98,64
24267,C4920,9,174,District-Kaushambi,Total,10-19,9445,5309,4136,1747,967,780,2180,1162,1018,612,355,257,1264,770,494,542,313,229,131,84,47,2573,1416,1157,396,242,154
24268,C4920,9,174,District-Kaushambi,Total,20-29,6154,3665,2489,1105,623,482,1258,722,536,350,206,144,1140,792,348,294,188,106,115,76,39,1665,909,756,227,149,78
24269,C4920,9,174,District-Kaushambi,Total,30-39,5344,3162,2182,968,569,399,1119,601,518,323,190,133,778,543,235,251,162,89,100,61,39,1647,933,714,158,103,55
24270,C4920,9,174,District-Kaushambi,Total,40-49,3863,2304,1559,760,473,287,897,502,395,207,111,96,512,335,177,176,117,59,70,50,20,1114,630,484,127,86,41
24271,C4920,9,174,District-Kaushambi,Total,50-59,2755,1506,1249,597,307,290,611,327,284,138,68,70,431,274,157,92,56,36,36,18,18,748,400,348,102,56,46
24272,C4920,9,174,District-Kaushambi,Total,60-69,3553,1912,1641,821,439,382,783,402,381,149,87,62,686,391,295,78,41,37,43,22,21,735,417,318,258,113,145
24273,C4920,9,174,District-Kaushambi,Total,70-79,1976,1017,959,492,243,249,429,219,210,61,33,28,440,235,205,26,16,10,9,2,7,307,166,141,212,103,109
24274,C4920,9,174,District-Kaushambi,Total,80-89,708,380,328,150,61,89,169,90,79,18,11,7,154,94,60,12,9,3,3,2,1,84,48,36,118,65,53
24275,C4920,9,174,District-Kaushambi,Total,90+,277,137,140,42,24,18,60,31,29,7,5,2,61,28,33,2,1,1,2,1,1,48,24,24,55,23,32
24276,C4920,9,174,District-Kaushambi,Total,Age Not Stated,514,291,223,105,57,48,79,41,38,18,11,7,54,30,24,24,13,11,8,4,4,205,122,83,21,13,8
24277,C4920,9,174,District-Kaushambi,Rural,Total,39754,22321,17433,8018,4372,3646,8888,4752,4136,2057,1170,887,5494,3454,2040,1663,993,670,518,319,199,11296,6218,5078,1820,1043,777
24278,C4920,9,174,District-Kaushambi,Rural,0-4,2928,1545,1383,686,347,339,798,406,392,37,20,17,125,74,51,88,45,43,11,7,4,1107,597,510,76,49,27
24279,C4920,9,174,District-Kaushambi,Rural,5-9,4375,2329,2046,891,467,424,1084,563,521,274,145,129,246,136,110,173,94,79,39,22,17,1513,809,704,155,93,62
24280,C4920,9,174,District-Kaushambi,Rural,10-19,8909,5016,3893,1686,936,750,2022,1081,941,573,336,237,1189,716,473,513,295,218,121,78,43,2434,1344,1090,371,230,141
24281,C4920,9,174,District-Kaushambi,Rural,20-29,5744,3426,2318,1053,587,466,1149,659,490,322,190,132,1058,745,313,277,179,98,101,69,32,1577,863,714,207,134,73
24282,C4920,9,174,District-Kaushambi,Rural,30-39,5011,2952,2059,926,539,387,1026,555,471,297,176,121,716,499,217,234,148,86,89,54,35,1577,887,690,146,94,52
24283,C4920,9,174,District-Kaushambi,Rural,40-49,3588,2127,1461,714,441,273,818,451,367,192,105,87,468,301,167,161,106,55,61,44,17,1060,601,459,114,78,36
24284,C4920,9,174,District-Kaushambi,Rural,50-59,2567,1400,1167,551,279,272,566,303,263,129,64,65,399,254,145,84,50,34,35,17,18,704,378,326,99,55,44
24285,C4920,9,174,District-Kaushambi,Rural,60-69,3349,1793,1556,780,414,366,732,374,358,136,78,58,636,365,271,70,38,32,41,20,21,702,395,307,252,109,143
24286,C4920,9,174,District-Kaushambi,Rural,70-79,1853,964,889,454,229,225,397,205,192,56,31,25,408,223,185,26,16,10,8,2,6,295,157,138,209,101,108
24287,C4920,9,174,District-Kaushambi,Rural,80-89,665,356,309,138,58,80,160,84,76,17,10,7,140,85,55,12,9,3,3,2,1,80,44,36,115,64,51
24288,C4920,9,174,District-Kaushambi,Rural,90+,258,127,131,36,20,16,57,30,27,6,4,2,55,26,29,2,1,1,1,0,1,46,23,23,55,23,32
24289,C4920,9,174,District-Kaushambi,Rural,Age Not Stated,507,286,221,103,55,48,79,41,38,18,11,7,54,30,24,23,12,11,8,4,4,201,120,81,21,13,8
24290,C4920,9,174,District-Kaushambi,Urban,Total,2459,1403,1056,389,228,161,684,364,320,154,78,76,424,263,161,115,75,40,54,32,22,542,303,239,97,60,37
24291,C4920,9,174,District-Kaushambi,Urban,0-4,126,60,66,18,7,11,41,19,22,6,0,6,5,2,3,8,4,4,1,0,1,42,25,17,5,3,2
24292,C4920,9,174,District-Kaushambi,Urban,5-9,195,107,88,25,16,9,64,31,33,11,6,5,22,13,9,12,9,3,4,2,2,50,25,25,7,5,2
24293,C4920,9,174,District-Kaushambi,Urban,10-19,536,293,243,61,31,30,158,81,77,39,19,20,75,54,21,29,18,11,10,6,4,139,72,67,25,12,13
24294,C4920,9,174,District-Kaushambi,Urban,20-29,410,239,171,52,36,16,109,63,46,28,16,12,82,47,35,17,9,8,14,7,7,88,46,42,20,15,5
24295,C4920,9,174,District-Kaushambi,Urban,30-39,333,210,123,42,30,12,93,46,47,26,14,12,62,44,18,17,14,3,11,7,4,70,46,24,12,9,3
24296,C4920,9,174,District-Kaushambi,Urban,40-49,275,177,98,46,32,14,79,51,28,15,6,9,44,34,10,15,11,4,9,6,3,54,29,25,13,8,5
24297,C4920,9,174,District-Kaushambi,Urban,50-59,188,106,82,46,28,18,45,24,21,9,4,5,32,20,12,8,6,2,1,1,0,44,22,22,3,1,2
24298,C4920,9,174,District-Kaushambi,Urban,60-69,204,119,85,41,25,16,51,28,23,13,9,4,50,26,24,8,3,5,2,2,0,33,22,11,6,4,2
24299,C4920,9,174,District-Kaushambi,Urban,70-79,123,53,70,38,14,24,32,14,18,5,2,3,32,12,20,0,0,0,1,0,1,12,9,3,3,2,1
24300,C4920,9,174,District-Kaushambi,Urban,80-89,43,24,19,12,3,9,9,6,3,1,1,0,14,9,5,0,0,0,0,0,0,4,4,0,3,1,2
24301,C4920,9,174,District-Kaushambi,Urban,90+,19,10,9,6,4,2,3,1,2,1,1,0,6,2,4,0,0,0,1,1,0,2,1,1,0,0,0
24302,C4920,9,174,District-Kaushambi,Urban,Age Not Stated,7,5,2,2,2,0,0,0,0,0,0,0,0,0,0,1,1,0,0,0,0,4,2,2,0,0,0
24303,C4920,9,175,District-Allahabad ,Total,Total,178275,99826,78449,39600,21204,18396,52145,28086,24059,9849,5602,4247,17607,11320,6287,6587,4036,2551,2387,1550,837,43768,24204,19564,6332,3824,2508
24304,C4920,9,175,District-Allahabad ,Total,0-4,13453,7194,6259,3345,1755,1590,4649,2476,2173,140,74,66,530,328,202,338,185,153,47,28,19,4061,2153,1908,343,195,148
24305,C4920,9,175,District-Allahabad ,Total,5-9,18400,9926,8474,4420,2304,2116,5857,3064,2793,1173,664,509,929,561,368,620,361,259,136,76,60,4613,2492,2121,652,404,248
24306,C4920,9,175,District-Allahabad ,Total,10-19,40466,22321,18145,8924,4767,4157,11915,6299,5616,2570,1481,1089,3402,2124,1278,1845,1086,759,540,302,238,9814,5352,4462,1456,910,546
24307,C4920,9,175,District-Allahabad ,Total,20-29,29620,16975,12645,6257,3377,2880,8525,4637,3888,1760,1001,759,3168,2120,1048,1286,825,461,447,301,146,7174,4042,3132,1003,672,331
24308,C4920,9,175,District-Allahabad ,Total,30-39,23200,13204,9996,4981,2683,2298,6723,3614,3109,1378,763,615,2270,1548,722,1027,652,375,461,332,129,5784,3243,2541,576,369,207
24309,C4920,9,175,District-Allahabad ,Total,40-49,17686,10385,7301,3735,2073,1662,5189,2924,2265,1026,593,433,1752,1237,515,665,434,231,360,265,95,4512,2563,1949,447,296,151
24310,C4920,9,175,District-Allahabad ,Total,50-59,12574,7224,5350,2832,1619,1213,3420,1864,1556,728,409,319,1629,1073,556,361,231,130,192,124,68,3091,1697,1394,321,207,114
24311,C4920,9,175,District-Allahabad ,Total,60-69,11839,6519,5320,2735,1412,1323,3119,1675,1444,601,344,257,1948,1186,762,266,156,110,124,78,46,2482,1389,1093,564,279,285
24312,C4920,9,175,District-Allahabad ,Total,70-79,6347,3512,2835,1463,767,696,1534,849,685,242,145,97,1252,731,521,94,58,36,44,20,24,1189,678,511,529,264,265
24313,C4920,9,175,District-Allahabad ,Total,80-89,2387,1318,1069,518,256,262,561,331,230,90,55,35,475,267,208,34,17,17,14,9,5,406,231,175,289,152,137
24314,C4920,9,175,District-Allahabad ,Total,90+,1134,574,560,230,103,127,261,138,123,53,25,28,182,94,88,21,10,11,9,5,4,263,144,119,115,55,60
24315,C4920,9,175,District-Allahabad ,Total,Age Not Stated,1169,674,495,160,88,72,392,215,177,88,48,40,70,51,19,30,21,9,13,10,3,379,220,159,37,21,16
24316,C4920,9,175,District-Allahabad ,Rural,Total,131306,73318,57988,29609,15752,13857,37300,19857,17443,7592,4317,3275,14261,9195,5066,4949,3080,1869,1775,1154,621,31106,17141,13965,4714,2822,1892
24317,C4920,9,175,District-Allahabad ,Rural,0-4,10661,5649,5012,2621,1380,1241,3659,1916,1743,112,57,55,465,282,183,260,139,121,37,22,15,3215,1690,1525,292,163,129
24318,C4920,9,175,District-Allahabad ,Rural,5-9,14527,7834,6693,3477,1798,1679,4579,2394,2185,990,558,432,802,476,326,498,294,204,110,59,51,3565,1933,1632,506,322,184
24319,C4920,9,175,District-Allahabad ,Rural,10-19,30699,16922,13777,6807,3602,3205,8777,4615,4162,2096,1210,886,2927,1825,1102,1449,861,588,408,226,182,7174,3923,3251,1061,660,401
24320,C4920,9,175,District-Allahabad ,Rural,20-29,20324,11679,8645,4392,2356,2036,5582,2990,2592,1262,724,538,2564,1754,810,922,599,323,323,218,105,4600,2597,2003,679,441,238
24321,C4920,9,175,District-Allahabad ,Rural,30-39,16479,9363,7116,3601,1936,1665,4562,2400,2162,1021,565,456,1771,1209,562,744,493,251,343,258,85,4013,2230,1783,424,272,152
24322,C4920,9,175,District-Allahabad ,Rural,40-49,12232,7234,4998,2647,1480,1167,3443,1937,1506,741,428,313,1328,943,385,485,330,155,266,193,73,2994,1703,1291,328,220,108
24323,C4920,9,175,District-Allahabad ,Rural,50-59,8631,4922,3709,1975,1112,863,2270,1213,1057,524,305,219,1233,817,416,251,161,90,133,83,50,2024,1091,933,221,140,81
24324,C4920,9,175,District-Allahabad ,Rural,60-69,9017,4892,4125,2117,1080,1037,2328,1211,1117,457,250,207,1563,944,619,202,118,84,95,61,34,1821,1014,807,434,214,220
24325,C4920,9,175,District-Allahabad ,Rural,70-79,4974,2749,2225,1205,624,581,1147,635,512,196,116,80,1006,594,412,71,47,24,28,12,16,894,510,384,427,211,216
24326,C4920,9,175,District-Allahabad ,Rural,80-89,1898,1069,829,433,218,215,441,271,170,79,47,32,385,225,160,25,14,11,13,8,5,295,168,127,227,118,109
24327,C4920,9,175,District-Allahabad ,Rural,90+,886,452,434,194,91,103,186,98,88,38,16,22,153,80,73,13,4,9,7,5,2,201,109,92,94,49,45
24328,C4920,9,175,District-Allahabad ,Rural,Age Not Stated,978,553,425,140,75,65,326,177,149,76,41,35,64,46,18,29,20,9,12,9,3,310,173,137,21,12,9
24329,C4920,9,175,District-Allahabad ,Urban,Total,46969,26508,20461,9991,5452,4539,14845,8229,6616,2257,1285,972,3346,2125,1221,1638,956,682,612,396,216,12662,7063,5599,1618,1002,616
24330,C4920,9,175,District-Allahabad ,Urban,0-4,2792,1545,1247,724,375,349,990,560,430,28,17,11,65,46,19,78,46,32,10,6,4,846,463,383,51,32,19
24331,C4920,9,175,District-Allahabad ,Urban,5-9,3873,2092,1781,943,506,437,1278,670,608,183,106,77,127,85,42,122,67,55,26,17,9,1048,559,489,146,82,64
24332,C4920,9,175,District-Allahabad ,Urban,10-19,9767,5399,4368,2117,1165,952,3138,1684,1454,474,271,203,475,299,176,396,225,171,132,76,56,2640,1429,1211,395,250,145
24333,C4920,9,175,District-Allahabad ,Urban,20-29,9296,5296,4000,1865,1021,844,2943,1647,1296,498,277,221,604,366,238,364,226,138,124,83,41,2574,1445,1129,324,231,93
24334,C4920,9,175,District-Allahabad ,Urban,30-39,6721,3841,2880,1380,747,633,2161,1214,947,357,198,159,499,339,160,283,159,124,118,74,44,1771,1013,758,152,97,55
24335,C4920,9,175,District-Allahabad ,Urban,40-49,5454,3151,2303,1088,593,495,1746,987,759,285,165,120,424,294,130,180,104,76,94,72,22,1518,860,658,119,76,43
24336,C4920,9,175,District-Allahabad ,Urban,50-59,3943,2302,1641,857,507,350,1150,651,499,204,104,100,396,256,140,110,70,40,59,41,18,1067,606,461,100,67,33
24337,C4920,9,175,District-Allahabad ,Urban,60-69,2822,1627,1195,618,332,286,791,464,327,144,94,50,385,242,143,64,38,26,29,17,12,661,375,286,130,65,65
24338,C4920,9,175,District-Allahabad ,Urban,70-79,1373,763,610,258,143,115,387,214,173,46,29,17,246,137,109,23,11,12,16,8,8,295,168,127,102,53,49
24339,C4920,9,175,District-Allahabad ,Urban,80-89,489,249,240,85,38,47,120,60,60,11,8,3,90,42,48,9,3,6,1,1,0,111,63,48,62,34,28
24340,C4920,9,175,District-Allahabad ,Urban,90+,248,122,126,36,12,24,75,40,35,15,9,6,29,14,15,8,6,2,2,0,2,62,35,27,21,6,15
24341,C4920,9,175,District-Allahabad ,Urban,Age Not Stated,191,121,70,20,13,7,66,38,28,12,7,5,6,5,1,1,1,0,1,1,0,69,47,22,16,9,7
24342,C4920,9,176,District-Bara Banki,Total,Total,72256,41381,30875,11120,5989,5131,14181,7632,6549,6119,3469,2650,12656,8217,4439,3023,1883,1140,1335,824,511,19420,10900,8520,4402,2467,1935
24343,C4920,9,176,District-Bara Banki,Total,0-4,4486,2406,2080,661,359,302,1092,569,523,121,63,58,273,162,111,112,57,55,23,15,8,1959,1039,920,245,142,103
24344,C4920,9,176,District-Bara Banki,Total,5-9,6522,3486,3036,891,464,427,1550,823,727,764,414,350,523,321,202,261,154,107,74,46,28,2017,1004,1013,442,260,182
24345,C4920,9,176,District-Bara Banki,Total,10-19,15061,8378,6683,1788,951,837,3065,1635,1430,1522,830,692,2493,1544,949,875,498,377,329,193,136,3873,2095,1778,1116,632,484
24346,C4920,9,176,District-Bara Banki,Total,20-29,11375,6926,4449,1273,717,556,2076,1155,921,999,555,444,2778,1934,844,595,399,196,267,165,102,2807,1656,1151,580,345,235
24347,C4920,9,176,District-Bara Banki,Total,30-39,9427,5705,3722,1081,615,466,1765,955,810,865,508,357,1939,1335,604,495,329,166,248,177,71,2583,1520,1063,451,266,185
24348,C4920,9,176,District-Bara Banki,Total,40-49,6917,4370,2547,1018,593,425,1368,821,547,658,401,257,1189,872,317,332,228,104,176,119,57,1872,1145,727,304,191,113
24349,C4920,9,176,District-Bara Banki,Total,50-59,5010,2918,2092,1013,569,444,957,506,451,431,259,172,842,564,278,143,96,47,93,48,45,1321,761,560,210,115,95
24350,C4920,9,176,District-Bara Banki,Total,60-69,6413,3472,2941,1758,896,862,1137,589,548,409,237,172,1216,705,511,98,52,46,65,35,30,1341,759,582,389,199,190
24351,C4920,9,176,District-Bara Banki,Total,70-79,3599,1870,1729,958,490,468,656,310,346,152,82,70,831,468,363,44,23,21,27,9,18,599,331,268,332,157,175
24352,C4920,9,176,District-Bara Banki,Total,80-89,1266,610,656,348,158,190,236,114,122,40,21,19,277,132,145,4,2,2,10,5,5,161,84,77,190,94,96
24353,C4920,9,176,District-Bara Banki,Total,90+,586,307,279,111,63,48,95,46,49,28,19,9,116,57,59,11,9,2,6,4,2,124,69,55,95,40,55
24354,C4920,9,176,District-Bara Banki,Total,Age Not Stated,1594,933,661,220,114,106,184,109,75,130,80,50,179,123,56,53,36,17,17,8,9,763,437,326,48,26,22
24355,C4920,9,176,District-Bara Banki,Rural,Total,65993,37809,28184,10236,5523,4713,13156,7067,6089,5660,3203,2457,11559,7498,4061,2727,1704,1023,1182,729,453,18077,10156,7921,3396,1929,1467
24356,C4920,9,176,District-Bara Banki,Rural,0-4,4153,2227,1926,606,325,281,1045,543,502,115,62,53,245,147,98,103,51,52,19,13,6,1845,980,865,175,106,69
24357,C4920,9,176,District-Bara Banki,Rural,5-9,6077,3253,2824,843,438,405,1469,776,693,718,392,326,477,292,185,245,144,101,68,42,26,1903,952,951,354,217,137
24358,C4920,9,176,District-Bara Banki,Rural,10-19,13636,7586,6050,1649,879,770,2850,1517,1333,1378,746,632,2291,1425,866,796,455,341,303,175,128,3576,1929,1647,793,460,333
24359,C4920,9,176,District-Bara Banki,Rural,20-29,10263,6256,4007,1153,657,496,1896,1044,852,914,506,408,2532,1763,769,525,356,169,225,140,85,2585,1526,1059,433,264,169
24360,C4920,9,176,District-Bara Banki,Rural,30-39,8613,5223,3390,998,571,427,1636,886,750,802,472,330,1773,1217,556,442,297,145,216,154,62,2421,1425,996,325,201,124
24361,C4920,9,176,District-Bara Banki,Rural,40-49,6241,3965,2276,908,534,374,1263,760,503,617,375,242,1089,797,292,293,204,89,153,104,49,1717,1064,653,201,127,74
24362,C4920,9,176,District-Bara Banki,Rural,50-59,4531,2641,1890,925,520,405,863,459,404,401,242,159,744,497,247,132,88,44,87,46,41,1218,697,521,161,92,69
24363,C4920,9,176,District-Bara Banki,Rural,60-69,5938,3201,2737,1646,838,808,1043,541,502,388,224,164,1114,637,477,89,46,43,57,30,27,1264,719,545,337,166,171
24364,C4920,9,176,District-Bara Banki,Rural,70-79,3328,1742,1586,884,461,423,603,286,317,144,75,69,768,434,334,38,20,18,24,9,15,564,316,248,303,141,162
24365,C4920,9,176,District-Bara Banki,Rural,80-89,1190,573,617,324,144,180,229,110,119,37,19,18,254,122,132,3,1,2,7,4,3,154,80,74,182,93,89
24366,C4920,9,176,District-Bara Banki,Rural,90+,547,282,265,103,58,45,90,44,46,26,17,9,106,52,54,9,7,2,6,4,2,116,62,54,91,38,53
24367,C4920,9,176,District-Bara Banki,Rural,Age Not Stated,1476,860,616,197,98,99,169,101,68,120,73,47,166,115,51,52,35,17,17,8,9,714,406,308,41,24,17
24368,C4920,9,176,District-Bara Banki,Urban,Total,6263,3572,2691,884,466,418,1025,565,460,459,266,193,1097,719,378,296,179,117,153,95,58,1343,744,599,1006,538,468
24369,C4920,9,176,District-Bara Banki,Urban,0-4,333,179,154,55,34,21,47,26,21,6,1,5,28,15,13,9,6,3,4,2,2,114,59,55,70,36,34
24370,C4920,9,176,District-Bara Banki,Urban,5-9,445,233,212,48,26,22,81,47,34,46,22,24,46,29,17,16,10,6,6,4,2,114,52,62,88,43,45
24371,C4920,9,176,District-Bara Banki,Urban,10-19,1425,792,633,139,72,67,215,118,97,144,84,60,202,119,83,79,43,36,26,18,8,297,166,131,323,172,151
24372,C4920,9,176,District-Bara Banki,Urban,20-29,1112,670,442,120,60,60,180,111,69,85,49,36,246,171,75,70,43,27,42,25,17,222,130,92,147,81,66
24373,C4920,9,176,District-Bara Banki,Urban,30-39,814,482,332,83,44,39,129,69,60,63,36,27,166,118,48,53,32,21,32,23,9,162,95,67,126,65,61
24374,C4920,9,176,District-Bara Banki,Urban,40-49,676,405,271,110,59,51,105,61,44,41,26,15,100,75,25,39,24,15,23,15,8,155,81,74,103,64,39
24375,C4920,9,176,District-Bara Banki,Urban,50-59,479,277,202,88,49,39,94,47,47,30,17,13,98,67,31,11,8,3,6,2,4,103,64,39,49,23,26
24376,C4920,9,176,District-Bara Banki,Urban,60-69,475,271,204,112,58,54,94,48,46,21,13,8,102,68,34,9,6,3,8,5,3,77,40,37,52,33,19
24377,C4920,9,176,District-Bara Banki,Urban,70-79,271,128,143,74,29,45,53,24,29,8,7,1,63,34,29,6,3,3,3,0,3,35,15,20,29,16,13
24378,C4920,9,176,District-Bara Banki,Urban,80-89,76,37,39,24,14,10,7,4,3,3,2,1,23,10,13,1,1,0,3,1,2,7,4,3,8,1,7
24379,C4920,9,176,District-Bara Banki,Urban,90+,39,25,14,8,5,3,5,2,3,2,2,0,10,5,5,2,2,0,0,0,0,8,7,1,4,2,2
24380,C4920,9,176,District-Bara Banki,Urban,Age Not Stated,118,73,45,23,16,7,15,8,7,10,7,3,13,8,5,1,1,0,0,0,0,49,31,18,7,2,5
24381,C4920,9,177,District-Faizabad,Total,Total,45767,25671,20096,6595,3521,3074,9039,4639,4400,3969,2172,1797,8072,5143,2929,2336,1442,894,1119,692,427,12136,6636,5500,2501,1426,1075
24382,C4920,9,177,District-Faizabad,Total,0-4,2478,1312,1166,339,181,158,644,328,316,71,39,32,139,81,58,61,32,29,15,8,7,1128,589,539,81,54,27
24383,C4920,9,177,District-Faizabad,Total,5-9,3976,2129,1847,524,275,249,898,460,438,438,230,208,375,229,146,201,100,101,51,24,27,1248,655,593,241,156,85
24384,C4920,9,177,District-Faizabad,Total,10-19,9808,5407,4401,1147,616,531,2017,1038,979,971,534,437,1526,949,577,668,397,271,255,148,107,2604,1372,1232,620,353,267
24385,C4920,9,177,District-Faizabad,Total,20-29,7285,4331,2954,756,404,352,1348,693,655,683,383,300,1692,1157,535,436,290,146,224,134,90,1807,1043,764,339,227,112
24386,C4920,9,177,District-Faizabad,Total,30-39,5892,3414,2478,732,400,332,1074,550,524,564,307,257,1135,747,388,398,270,128,220,150,70,1535,833,702,234,157,77
24387,C4920,9,177,District-Faizabad,Total,40-49,4507,2700,1807,633,359,274,836,461,375,432,239,193,788,551,237,250,163,87,154,115,39,1270,727,543,144,85,59
24388,C4920,9,177,District-Faizabad,Total,50-59,3422,1988,1434,599,336,263,672,362,310,308,184,124,597,393,204,158,94,64,72,44,28,902,504,398,114,71,43
24389,C4920,9,177,District-Faizabad,Total,60-69,3934,2094,1840,919,448,471,750,368,382,277,136,141,792,491,301,98,58,40,69,35,34,791,443,348,238,115,123
24390,C4920,9,177,District-Faizabad,Total,70-79,2458,1261,1197,554,293,261,477,229,248,124,75,49,619,330,289,29,16,13,32,20,12,375,197,178,248,101,147
24391,C4920,9,177,District-Faizabad,Total,80-89,998,493,505,226,112,114,192,89,103,34,17,17,264,140,124,9,7,2,10,3,7,110,61,49,153,64,89
24392,C4920,9,177,District-Faizabad,Total,90+,417,189,228,73,33,40,79,37,42,18,7,11,95,39,56,8,3,5,6,3,3,66,35,31,72,32,40
24393,C4920,9,177,District-Faizabad,Total,Age Not Stated,592,353,239,93,64,29,52,24,28,49,21,28,50,36,14,20,12,8,11,8,3,300,177,123,17,11,6
24394,C4920,9,177,District-Faizabad,Rural,Total,39071,21871,17200,5581,2958,2623,7974,4056,3918,3286,1805,1481,7172,4562,2610,2048,1278,770,916,569,347,9839,5349,4490,2255,1294,961
24395,C4920,9,177,District-Faizabad,Rural,0-4,2108,1118,990,279,154,125,575,286,289,59,34,25,118,67,51,44,25,19,11,6,5,947,498,449,75,48,27
24396,C4920,9,177,District-Faizabad,Rural,5-9,3445,1840,1605,443,227,216,810,416,394,379,198,181,339,207,132,175,85,90,40,18,22,1038,548,490,221,141,80
24397,C4920,9,177,District-Faizabad,Rural,10-19,8473,4666,3807,942,498,444,1795,924,871,833,456,377,1395,875,520,599,366,233,215,125,90,2114,1092,1022,580,330,250
24398,C4920,9,177,District-Faizabad,Rural,20-29,6044,3595,2449,601,322,279,1150,571,579,533,302,231,1494,1020,474,387,260,127,173,99,74,1409,816,593,297,205,92
24399,C4920,9,177,District-Faizabad,Rural,30-39,5055,2954,2101,618,339,279,932,476,456,468,255,213,1023,681,342,351,238,113,190,133,57,1266,687,579,207,145,62
24400,C4920,9,177,District-Faizabad,Rural,40-49,3816,2301,1515,540,305,235,729,405,324,353,200,153,683,473,210,223,147,76,130,103,27,1038,595,443,120,73,47
24401,C4920,9,177,District-Faizabad,Rural,50-59,2854,1668,1186,510,297,213,596,318,278,251,153,98,497,326,171,130,76,54,59,35,24,713,400,313,98,63,35
24402,C4920,9,177,District-Faizabad,Rural,60-69,3444,1808,1636,811,382,429,675,333,342,232,114,118,700,430,270,89,53,36,58,28,30,664,364,300,215,104,111
24403,C4920,9,177,District-Faizabad,Rural,70-79,2202,1108,1094,516,272,244,430,195,235,101,61,40,563,295,268,24,14,10,24,15,9,318,165,153,226,91,135
24404,C4920,9,177,District-Faizabad,Rural,80-89,897,444,453,208,103,105,171,81,90,30,16,14,240,127,113,9,7,2,8,2,6,91,48,43,140,60,80
24405,C4920,9,177,District-Faizabad,Rural,90+,355,156,199,57,24,33,71,32,39,17,6,11,84,35,49,4,0,4,5,3,2,52,27,25,65,29,36
24406,C4920,9,177,District-Faizabad,Rural,Age Not Stated,378,213,165,56,35,21,40,19,21,30,10,20,36,26,10,13,7,6,3,2,1,189,109,80,11,5,6
24407,C4920,9,177,District-Faizabad,Urban,Total,6696,3800,2896,1014,563,451,1065,583,482,683,367,316,900,581,319,288,164,124,203,123,80,2297,1287,1010,246,132,114
24408,C4920,9,177,District-Faizabad,Urban,0-4,370,194,176,60,27,33,69,42,27,12,5,7,21,14,7,17,7,10,4,2,2,181,91,90,6,6,0
24409,C4920,9,177,District-Faizabad,Urban,5-9,531,289,242,81,48,33,88,44,44,59,32,27,36,22,14,26,15,11,11,6,5,210,107,103,20,15,5
24410,C4920,9,177,District-Faizabad,Urban,10-19,1335,741,594,205,118,87,222,114,108,138,78,60,131,74,57,69,31,38,40,23,17,490,280,210,40,23,17
24411,C4920,9,177,District-Faizabad,Urban,20-29,1241,736,505,155,82,73,198,122,76,150,81,69,198,137,61,49,30,19,51,35,16,398,227,171,42,22,20
24412,C4920,9,177,District-Faizabad,Urban,30-39,837,460,377,114,61,53,142,74,68,96,52,44,112,66,46,47,32,15,30,17,13,269,146,123,27,12,15
24413,C4920,9,177,District-Faizabad,Urban,40-49,691,399,292,93,54,39,107,56,51,79,39,40,105,78,27,27,16,11,24,12,12,232,132,100,24,12,12
24414,C4920,9,177,District-Faizabad,Urban,50-59,568,320,248,89,39,50,76,44,32,57,31,26,100,67,33,28,18,10,13,9,4,189,104,85,16,8,8
24415,C4920,9,177,District-Faizabad,Urban,60-69,490,286,204,108,66,42,75,35,40,45,22,23,92,61,31,9,5,4,11,7,4,127,79,48,23,11,12
24416,C4920,9,177,District-Faizabad,Urban,70-79,256,153,103,38,21,17,47,34,13,23,14,9,56,35,21,5,2,3,8,5,3,57,32,25,22,10,12
24417,C4920,9,177,District-Faizabad,Urban,80-89,101,49,52,18,9,9,21,8,13,4,1,3,24,13,11,0,0,0,2,1,1,19,13,6,13,4,9
24418,C4920,9,177,District-Faizabad,Urban,90+,62,33,29,16,9,7,8,5,3,1,1,0,11,4,7,4,3,1,1,0,1,14,8,6,7,3,4
24419,C4920,9,177,District-Faizabad,Urban,Age Not Stated,214,140,74,37,29,8,12,5,7,19,11,8,14,10,4,7,5,2,8,6,2,111,68,43,6,6,0
24420,C4920,9,178,District-Ambedkar Nagar,Total,Total,46580,25864,20716,5576,2927,2649,11192,5801,5391,3176,1716,1460,7670,4752,2918,2124,1350,774,1196,775,421,12895,6962,5933,2751,1581,1170
24421,C4920,9,178,District-Ambedkar Nagar,Total,0-4,2621,1364,1257,291,139,152,874,471,403,56,28,28,153,77,76,69,40,29,11,8,3,1076,550,526,91,51,40
24422,C4920,9,178,District-Ambedkar Nagar,Total,5-9,4183,2240,1943,428,229,199,1206,620,586,403,220,183,378,209,169,143,75,68,69,40,29,1293,686,607,263,161,102
24423,C4920,9,178,District-Ambedkar Nagar,Total,10-19,10193,5469,4724,960,474,486,2443,1260,1183,852,438,414,1555,906,649,570,353,217,247,144,103,2896,1515,1381,670,379,291
24424,C4920,9,178,District-Ambedkar Nagar,Total,20-29,7414,4248,3166,630,324,306,1691,897,794,520,282,238,1509,996,513,439,270,169,255,174,81,1968,1063,905,402,242,160
24425,C4920,9,178,District-Ambedkar Nagar,Total,30-39,5871,3335,2536,591,311,280,1344,658,686,434,226,208,979,661,318,356,253,103,238,165,73,1682,906,776,247,155,92
24426,C4920,9,178,District-Ambedkar Nagar,Total,40-49,4551,2722,1829,556,324,232,1005,530,475,338,186,152,696,489,207,273,199,74,165,111,54,1340,769,571,178,114,64
24427,C4920,9,178,District-Ambedkar Nagar,Total,50-59,3328,1879,1449,536,292,244,751,367,384,203,127,76,567,358,209,119,76,43,93,67,26,899,490,409,160,102,58
24428,C4920,9,178,District-Ambedkar Nagar,Total,60-69,4141,2320,1821,793,423,370,930,517,413,200,109,91,814,483,331,85,44,41,74,41,33,976,555,421,269,148,121
24429,C4920,9,178,District-Ambedkar Nagar,Total,70-79,2508,1376,1132,506,271,235,526,262,264,97,67,30,593,346,247,44,26,18,29,18,11,463,264,199,250,122,128
24430,C4920,9,178,District-Ambedkar Nagar,Total,80-89,1006,520,486,190,91,99,199,109,90,33,15,18,295,154,141,13,6,7,5,3,2,139,77,62,132,65,67
24431,C4920,9,178,District-Ambedkar Nagar,Total,90+,401,204,197,60,31,29,85,42,43,14,5,9,92,50,42,2,0,2,7,3,4,60,35,25,81,38,43
24432,C4920,9,178,District-Ambedkar Nagar,Total,Age Not Stated,363,187,176,35,18,17,138,68,70,26,13,13,39,23,16,11,8,3,3,1,2,103,52,51,8,4,4
24433,C4920,9,178,District-Ambedkar Nagar,Rural,Total,41837,23138,18699,5069,2627,2442,10077,5220,4857,2781,1497,1284,6591,4092,2499,1865,1191,674,1018,654,364,12031,6466,5565,2405,1391,1014
24434,C4920,9,178,District-Ambedkar Nagar,Rural,0-4,2424,1244,1180,264,128,136,807,431,376,50,25,25,140,68,72,59,32,27,8,6,2,1015,511,504,81,43,38
24435,C4920,9,178,District-Ambedkar Nagar,Rural,5-9,3814,2027,1787,390,202,188,1093,559,534,348,184,164,338,186,152,128,69,59,59,34,25,1226,648,578,232,145,87
24436,C4920,9,178,District-Ambedkar Nagar,Rural,10-19,9246,4944,4302,885,439,446,2198,1127,1071,765,386,379,1357,787,570,514,319,195,210,125,85,2725,1428,1297,592,333,259
24437,C4920,9,178,District-Ambedkar Nagar,Rural,20-29,6486,3687,2799,570,286,284,1509,801,708,436,241,195,1241,814,427,379,237,142,213,137,76,1795,962,833,343,209,134
24438,C4920,9,178,District-Ambedkar Nagar,Rural,30-39,5240,2963,2277,534,278,256,1194,581,613,375,196,179,834,569,265,317,224,93,199,137,62,1572,837,735,215,141,74
24439,C4920,9,178,District-Ambedkar Nagar,Rural,40-49,4052,2418,1634,503,286,217,892,481,411,299,164,135,592,419,173,235,170,65,141,97,44,1243,706,537,147,95,52
24440,C4920,9,178,District-Ambedkar Nagar,Rural,50-59,2938,1649,1289,477,257,220,670,325,345,179,115,64,477,302,175,101,65,36,83,59,24,813,440,373,138,86,52
24441,C4920,9,178,District-Ambedkar Nagar,Rural,60-69,3749,2110,1639,715,372,343,849,473,376,178,97,81,709,432,277,73,39,34,64,35,29,923,529,394,238,133,105
24442,C4920,9,178,District-Ambedkar Nagar,Rural,70-79,2294,1266,1028,467,250,217,482,239,243,88,61,27,529,315,214,38,24,14,28,17,11,442,255,187,220,105,115
24443,C4920,9,178,District-Ambedkar Nagar,Rural,80-89,912,474,438,178,85,93,185,103,82,28,13,15,261,135,126,11,5,6,4,3,1,128,70,58,117,60,57
24444,C4920,9,178,District-Ambedkar Nagar,Rural,90+,364,188,176,55,28,27,75,37,38,13,4,9,81,46,35,1,0,1,7,3,4,57,33,24,75,37,38
24445,C4920,9,178,District-Ambedkar Nagar,Rural,Age Not Stated,318,168,150,31,16,15,123,63,60,22,11,11,32,19,13,9,7,2,2,1,1,92,47,45,7,4,3
24446,C4920,9,178,District-Ambedkar Nagar,Urban,Total,4743,2726,2017,507,300,207,1115,581,534,395,219,176,1079,660,419,259,159,100,178,121,57,864,496,368,346,190,156
24447,C4920,9,178,District-Ambedkar Nagar,Urban,0-4,197,120,77,27,11,16,67,40,27,6,3,3,13,9,4,10,8,2,3,2,1,61,39,22,10,8,2
24448,C4920,9,178,District-Ambedkar Nagar,Urban,5-9,369,213,156,38,27,11,113,61,52,55,36,19,40,23,17,15,6,9,10,6,4,67,38,29,31,16,15
24449,C4920,9,178,District-Ambedkar Nagar,Urban,10-19,947,525,422,75,35,40,245,133,112,87,52,35,198,119,79,56,34,22,37,19,18,171,87,84,78,46,32
24450,C4920,9,178,District-Ambedkar Nagar,Urban,20-29,928,561,367,60,38,22,182,96,86,84,41,43,268,182,86,60,33,27,42,37,5,173,101,72,59,33,26
24451,C4920,9,178,District-Ambedkar Nagar,Urban,30-39,631,372,259,57,33,24,150,77,73,59,30,29,145,92,53,39,29,10,39,28,11,110,69,41,32,14,18
24452,C4920,9,178,District-Ambedkar Nagar,Urban,40-49,499,304,195,53,38,15,113,49,64,39,22,17,104,70,34,38,29,9,24,14,10,97,63,34,31,19,12
24453,C4920,9,178,District-Ambedkar Nagar,Urban,50-59,390,230,160,59,35,24,81,42,39,24,12,12,90,56,34,18,11,7,10,8,2,86,50,36,22,16,6
24454,C4920,9,178,District-Ambedkar Nagar,Urban,60-69,392,210,182,78,51,27,81,44,37,22,12,10,105,51,54,12,5,7,10,6,4,53,26,27,31,15,16
24455,C4920,9,178,District-Ambedkar Nagar,Urban,70-79,214,110,104,39,21,18,44,23,21,9,6,3,64,31,33,6,2,4,1,1,0,21,9,12,30,17,13
24456,C4920,9,178,District-Ambedkar Nagar,Urban,80-89,94,46,48,12,6,6,14,6,8,5,2,3,34,19,15,2,1,1,1,0,1,11,7,4,15,5,10
24457,C4920,9,178,District-Ambedkar Nagar,Urban,90+,37,16,21,5,3,2,10,5,5,1,1,0,11,4,7,1,0,1,0,0,0,3,2,1,6,1,5
24458,C4920,9,178,District-Ambedkar Nagar,Urban,Age Not Stated,45,19,26,4,2,2,15,5,10,4,2,2,7,4,3,2,1,1,1,0,1,11,5,6,1,0,1
24459,C4920,9,179,District-Sultanpur,Total,Total,72931,40376,32555,10362,5510,4852,18659,9215,9444,4823,2599,2224,13815,8663,5152,4100,2525,1575,1873,1171,702,14733,8088,6645,4566,2605,1961
24460,C4920,9,179,District-Sultanpur,Total,0-4,3890,1969,1921,531,271,260,1429,700,729,71,41,30,280,142,138,110,54,56,22,13,9,1291,673,618,156,75,81
24461,C4920,9,179,District-Sultanpur,Total,5-9,6481,3441,3040,786,424,362,2062,1024,1038,637,341,296,608,358,250,320,195,125,91,48,43,1550,806,744,427,245,182
24462,C4920,9,179,District-Sultanpur,Total,10-19,15629,8424,7205,1684,863,821,4141,2062,2079,1324,691,633,2491,1492,999,1178,712,466,419,244,175,3318,1739,1579,1074,621,453
24463,C4920,9,179,District-Sultanpur,Total,20-29,11283,6525,4758,1179,660,519,2704,1317,1387,836,462,374,2536,1695,841,831,516,315,384,244,140,2199,1232,967,614,399,215
24464,C4920,9,179,District-Sultanpur,Total,30-39,9092,5264,3828,1081,625,456,2281,1141,1140,613,323,290,1838,1244,594,667,421,246,360,243,117,1858,1019,839,394,248,146
24465,C4920,9,179,District-Sultanpur,Total,40-49,6973,4150,2823,989,545,444,1705,850,855,464,262,202,1277,895,382,459,317,142,272,182,90,1491,889,602,316,210,106
24466,C4920,9,179,District-Sultanpur,Total,50-59,5603,3162,2441,992,529,463,1369,646,723,332,181,151,1183,788,395,260,157,103,159,105,54,1062,613,449,246,143,103
24467,C4920,9,179,District-Sultanpur,Total,60-69,6823,3687,3136,1615,853,762,1447,694,753,325,172,153,1604,940,664,169,102,67,99,59,40,1136,641,495,428,226,202
24468,C4920,9,179,District-Sultanpur,Total,70-79,4374,2341,2033,997,496,501,911,468,443,145,86,59,1266,719,547,66,34,32,42,24,18,475,277,198,472,237,235
24469,C4920,9,179,District-Sultanpur,Total,80-89,1774,898,876,359,177,182,360,181,179,47,26,21,518,271,247,16,6,10,16,7,9,172,101,71,286,129,157
24470,C4920,9,179,District-Sultanpur,Total,90+,633,304,329,96,46,50,129,62,67,15,5,10,178,93,85,6,2,4,8,1,7,64,34,30,137,61,76
24471,C4920,9,179,District-Sultanpur,Total,Age Not Stated,376,211,165,53,21,32,121,70,51,14,9,5,36,26,10,18,9,9,1,1,0,117,64,53,16,11,5
24472,C4920,9,179,District-Sultanpur,Rural,Total,69651,38512,31139,9988,5317,4671,17994,8863,9131,4559,2447,2112,13196,8255,4941,3862,2378,1484,1759,1105,654,14008,7692,6316,4285,2455,1830
24473,C4920,9,179,District-Sultanpur,Rural,0-4,3739,1881,1858,513,262,251,1394,682,712,68,40,28,263,128,135,103,50,53,22,13,9,1227,634,593,149,72,77
24474,C4920,9,179,District-Sultanpur,Rural,5-9,6258,3316,2942,765,411,354,2012,996,1016,613,329,284,585,344,241,307,186,121,86,48,38,1493,774,719,397,228,169
24475,C4920,9,179,District-Sultanpur,Rural,10-19,14915,8024,6891,1604,818,786,3997,1996,2001,1251,647,604,2403,1440,963,1109,671,438,395,228,167,3166,1651,1515,990,573,417
24476,C4920,9,179,District-Sultanpur,Rural,20-29,10691,6193,4498,1128,638,490,2591,1253,1338,786,438,348,2429,1625,804,779,487,292,353,222,131,2055,1159,896,570,371,199
24477,C4920,9,179,District-Sultanpur,Rural,30-39,8649,4999,3650,1045,605,440,2187,1087,1100,578,303,275,1740,1175,565,621,390,231,341,238,103,1761,962,799,376,239,137
24478,C4920,9,179,District-Sultanpur,Rural,40-49,6601,3915,2686,954,526,428,1627,810,817,421,232,189,1196,829,367,432,299,133,252,168,84,1416,848,568,303,203,100
24479,C4920,9,179,District-Sultanpur,Rural,50-59,5320,2996,2324,946,505,441,1315,616,699,310,167,143,1124,746,378,245,149,96,152,100,52,999,581,418,229,132,97
24480,C4920,9,179,District-Sultanpur,Rural,60-69,6564,3554,3010,1566,832,734,1388,660,728,316,168,148,1534,901,633,165,99,66,97,57,40,1094,621,473,404,216,188
24481,C4920,9,179,District-Sultanpur,Rural,70-79,4211,2262,1949,972,483,489,893,460,433,141,84,57,1211,690,521,62,31,31,39,23,16,452,266,186,441,225,216
24482,C4920,9,179,District-Sultanpur,Rural,80-89,1718,866,852,350,172,178,348,173,175,47,26,21,501,260,241,15,5,10,15,6,9,166,98,68,276,126,150
24483,C4920,9,179,District-Sultanpur,Rural,90+,617,298,319,94,45,49,125,60,65,15,5,10,175,92,83,6,2,4,6,1,5,62,34,28,134,59,75
24484,C4920,9,179,District-Sultanpur,Rural,Age Not Stated,368,208,160,51,20,31,117,70,47,13,8,5,35,25,10,18,9,9,1,1,0,117,64,53,16,11,5
24485,C4920,9,179,District-Sultanpur,Urban,Total,3280,1864,1416,374,193,181,665,352,313,264,152,112,619,408,211,238,147,91,114,66,48,725,396,329,281,150,131
24486,C4920,9,179,District-Sultanpur,Urban,0-4,151,88,63,18,9,9,35,18,17,3,1,2,17,14,3,7,4,3,0,0,0,64,39,25,7,3,4
24487,C4920,9,179,District-Sultanpur,Urban,5-9,223,125,98,21,13,8,50,28,22,24,12,12,23,14,9,13,9,4,5,0,5,57,32,25,30,17,13
24488,C4920,9,179,District-Sultanpur,Urban,10-19,714,400,314,80,45,35,144,66,78,73,44,29,88,52,36,69,41,28,24,16,8,152,88,64,84,48,36
24489,C4920,9,179,District-Sultanpur,Urban,20-29,592,332,260,51,22,29,113,64,49,50,24,26,107,70,37,52,29,23,31,22,9,144,73,71,44,28,16
24490,C4920,9,179,District-Sultanpur,Urban,30-39,443,265,178,36,20,16,94,54,40,35,20,15,98,69,29,46,31,15,19,5,14,97,57,40,18,9,9
24491,C4920,9,179,District-Sultanpur,Urban,40-49,372,235,137,35,19,16,78,40,38,43,30,13,81,66,15,27,18,9,20,14,6,75,41,34,13,7,6
24492,C4920,9,179,District-Sultanpur,Urban,50-59,283,166,117,46,24,22,54,30,24,22,14,8,59,42,17,15,8,7,7,5,2,63,32,31,17,11,6
24493,C4920,9,179,District-Sultanpur,Urban,60-69,259,133,126,49,21,28,59,34,25,9,4,5,70,39,31,4,3,1,2,2,0,42,20,22,24,10,14
24494,C4920,9,179,District-Sultanpur,Urban,70-79,163,79,84,25,13,12,18,8,10,4,2,2,55,29,26,4,3,1,3,1,2,23,11,12,31,12,19
24495,C4920,9,179,District-Sultanpur,Urban,80-89,56,32,24,9,5,4,12,8,4,0,0,0,17,11,6,1,1,0,1,1,0,6,3,3,10,3,7
24496,C4920,9,179,District-Sultanpur,Urban,90+,16,6,10,2,1,1,4,2,2,0,0,0,3,1,2,0,0,0,2,0,2,2,0,2,3,2,1
24497,C4920,9,179,District-Sultanpur,Urban,Age Not Stated,8,3,5,2,1,1,4,0,4,1,1,0,1,1,0,0,0,0,0,0,0,0,0,0,0,0,0
24498,C4920,9,180,District-Bahraich,Total,Total,71718,41316,30402,14519,7953,6566,20241,11222,9019,6648,3770,2878,9034,6057,2977,2840,1776,1064,904,567,337,14523,8168,6355,3009,1803,1206
24499,C4920,9,180,District-Bahraich,Total,0-4,5929,3099,2830,1411,740,671,2148,1118,1030,131,77,54,290,158,132,127,70,57,15,8,7,1690,866,824,117,62,55
24500,C4920,9,180,District-Bahraich,Total,5-9,8077,4288,3789,1639,825,814,2608,1380,1228,878,475,403,567,342,225,295,172,123,56,27,29,1710,873,837,324,194,130
24501,C4920,9,180,District-Bahraich,Total,10-19,15015,8727,6288,2728,1533,1195,4192,2330,1862,1585,910,675,2040,1321,719,781,487,294,199,113,86,2836,1633,1203,654,400,254
24502,C4920,9,180,District-Bahraich,Total,20-29,10982,6546,4436,1792,968,824,2937,1628,1309,1122,643,479,1842,1306,536,497,333,164,189,127,62,2168,1246,922,435,295,140
24503,C4920,9,180,District-Bahraich,Total,30-39,9503,5670,3833,1668,930,738,2577,1435,1142,1096,608,488,1226,874,352,498,320,178,170,122,48,1959,1167,792,309,214,95
24504,C4920,9,180,District-Bahraich,Total,40-49,6844,4315,2529,1220,767,453,1872,1141,731,781,466,315,850,648,202,313,201,112,117,77,40,1472,873,599,219,142,77
24505,C4920,9,180,District-Bahraich,Total,50-59,4760,2747,2013,1101,607,494,1300,729,571,423,239,184,599,423,176,145,88,57,76,47,29,987,534,453,129,80,49
24506,C4920,9,180,District-Bahraich,Total,60-69,5576,3146,2430,1525,838,687,1422,788,634,384,204,180,825,524,301,107,61,46,44,25,19,990,558,432,279,148,131
24507,C4920,9,180,District-Bahraich,Total,70-79,3170,1751,1419,932,480,452,773,435,338,163,98,65,502,293,209,37,24,13,24,13,11,433,256,177,306,152,154
24508,C4920,9,180,District-Bahraich,Total,80-89,1144,638,506,324,174,150,274,162,112,38,22,16,204,116,88,22,8,14,8,6,2,137,80,57,137,70,67
24509,C4920,9,180,District-Bahraich,Total,90+,478,251,227,148,73,75,92,54,38,21,10,11,77,46,31,10,6,4,2,1,1,33,17,16,95,44,51
24510,C4920,9,180,District-Bahraich,Total,Age Not Stated,240,138,102,31,18,13,46,22,24,26,18,8,12,6,6,8,6,2,4,1,3,108,65,43,5,2,3
24511,C4920,9,180,District-Bahraich,Rural,Total,65538,37889,27649,13114,7220,5894,18557,10340,8217,6025,3425,2600,8291,5579,2712,2505,1560,945,778,504,274,13514,7601,5913,2754,1660,1094
24512,C4920,9,180,District-Bahraich,Rural,0-4,5555,2908,2647,1317,693,624,2032,1066,966,123,72,51,268,144,124,106,58,48,14,8,6,1584,809,775,111,58,53
24513,C4920,9,180,District-Bahraich,Rural,5-9,7490,3990,3500,1507,764,743,2414,1286,1128,803,430,373,537,330,207,267,156,111,48,22,26,1616,826,790,298,176,122
24514,C4920,9,180,District-Bahraich,Rural,10-19,13594,7942,5652,2440,1371,1069,3784,2122,1662,1438,827,611,1854,1209,645,684,429,255,173,101,72,2631,1519,1112,590,364,226
24515,C4920,9,180,District-Bahraich,Rural,20-29,9921,5939,3982,1620,872,748,2652,1476,1176,1009,584,425,1675,1203,472,435,285,150,162,113,49,1982,1137,845,386,269,117
24516,C4920,9,180,District-Bahraich,Rural,30-39,8751,5219,3532,1534,863,671,2374,1317,1057,1009,566,443,1130,798,332,452,290,162,150,110,40,1824,1082,742,278,193,85
24517,C4920,9,180,District-Bahraich,Rural,40-49,6204,3933,2271,1080,688,392,1704,1044,660,700,418,282,780,596,184,270,173,97,98,67,31,1367,814,553,205,133,72
24518,C4920,9,180,District-Bahraich,Rural,50-59,4261,2464,1797,941,526,415,1183,669,514,376,208,168,538,375,163,130,80,50,63,41,22,915,492,423,115,73,42
24519,C4920,9,180,District-Bahraich,Rural,60-69,5098,2893,2205,1353,755,598,1315,727,588,340,184,156,768,489,279,95,51,44,37,23,14,930,527,403,260,137,123
24520,C4920,9,180,District-Bahraich,Rural,70-79,2952,1647,1305,857,442,415,718,412,306,152,91,61,469,279,190,31,20,11,20,11,9,415,247,168,290,145,145
24521,C4920,9,180,District-Bahraich,Rural,80-89,1071,595,476,298,160,138,264,153,111,36,21,15,189,107,82,21,8,13,8,6,2,129,74,55,126,66,60
24522,C4920,9,180,District-Bahraich,Rural,90+,455,245,210,141,70,71,90,53,37,20,10,10,74,44,30,8,6,2,2,1,1,30,17,13,90,44,46
24523,C4920,9,180,District-Bahraich,Rural,Age Not Stated,186,114,72,26,16,10,27,15,12,19,14,5,9,5,4,6,4,2,3,1,2,91,57,34,5,2,3
24524,C4920,9,180,District-Bahraich,Urban,Total,6180,3427,2753,1405,733,672,1684,882,802,623,345,278,743,478,265,335,216,119,126,63,63,1009,567,442,255,143,112
24525,C4920,9,180,District-Bahraich,Urban,0-4,374,191,183,94,47,47,116,52,64,8,5,3,22,14,8,21,12,9,1,0,1,106,57,49,6,4,2
24526,C4920,9,180,District-Bahraich,Urban,5-9,587,298,289,132,61,71,194,94,100,75,45,30,30,12,18,28,16,12,8,5,3,94,47,47,26,18,8
24527,C4920,9,180,District-Bahraich,Urban,10-19,1421,785,636,288,162,126,408,208,200,147,83,64,186,112,74,97,58,39,26,12,14,205,114,91,64,36,28
24528,C4920,9,180,District-Bahraich,Urban,20-29,1061,607,454,172,96,76,285,152,133,113,59,54,167,103,64,62,48,14,27,14,13,186,109,77,49,26,23
24529,C4920,9,180,District-Bahraich,Urban,30-39,752,451,301,134,67,67,203,118,85,87,42,45,96,76,20,46,30,16,20,12,8,135,85,50,31,21,10
24530,C4920,9,180,District-Bahraich,Urban,40-49,640,382,258,140,79,61,168,97,71,81,48,33,70,52,18,43,28,15,19,10,9,105,59,46,14,9,5
24531,C4920,9,180,District-Bahraich,Urban,50-59,499,283,216,160,81,79,117,60,57,47,31,16,61,48,13,15,8,7,13,6,7,72,42,30,14,7,7
24532,C4920,9,180,District-Bahraich,Urban,60-69,478,253,225,172,83,89,107,61,46,44,20,24,57,35,22,12,10,2,7,2,5,60,31,29,19,11,8
24533,C4920,9,180,District-Bahraich,Urban,70-79,218,104,114,75,38,37,55,23,32,11,7,4,33,14,19,6,4,2,4,2,2,18,9,9,16,7,9
24534,C4920,9,180,District-Bahraich,Urban,80-89,73,43,30,26,14,12,10,9,1,2,1,1,15,9,6,1,0,1,0,0,0,8,6,2,11,4,7
24535,C4920,9,180,District-Bahraich,Urban,90+,23,6,17,7,3,4,2,1,1,1,0,1,3,2,1,2,0,2,0,0,0,3,0,3,5,0,5
24536,C4920,9,180,District-Bahraich,Urban,Age Not Stated,54,24,30,5,2,3,19,7,12,7,4,3,3,1,2,2,2,0,1,0,1,17,8,9,0,0,0
24537,C4920,9,181,District-Shrawasti,Total,Total,20921,11885,9036,3871,2179,1692,5220,2741,2479,1581,909,672,2720,1790,930,904,570,334,264,178,86,5485,2997,2488,876,521,355
24538,C4920,9,181,District-Shrawasti,Total,0-4,1688,865,823,326,170,156,529,250,279,38,18,20,70,37,33,56,35,21,3,0,3,641,339,302,25,16,9
24539,C4920,9,181,District-Shrawasti,Total,5-9,2328,1231,1097,447,239,208,622,312,310,241,128,113,143,81,62,126,62,64,22,11,11,645,349,296,82,49,33
24540,C4920,9,181,District-Shrawasti,Total,10-19,4459,2569,1890,703,411,292,1065,604,461,431,250,181,561,352,209,229,152,77,60,42,18,1202,618,584,208,140,68
24541,C4920,9,181,District-Shrawasti,Total,20-29,3192,1899,1293,471,282,189,736,375,361,291,170,121,524,377,147,176,116,60,49,39,10,829,459,370,116,81,35
24542,C4920,9,181,District-Shrawasti,Total,30-39,2640,1534,1106,416,228,188,649,332,317,238,140,98,367,272,95,117,80,37,52,37,15,729,404,325,72,41,31
24543,C4920,9,181,District-Shrawasti,Total,40-49,1885,1121,764,353,213,140,514,270,244,119,72,47,206,145,61,97,68,29,35,24,11,511,298,213,50,31,19
24544,C4920,9,181,District-Shrawasti,Total,50-59,1457,848,609,319,181,138,400,212,188,89,53,36,202,138,64,47,21,26,20,12,8,334,197,137,46,34,12
24545,C4920,9,181,District-Shrawasti,Total,60-69,1601,904,697,397,231,166,374,195,179,75,46,29,299,183,116,26,12,14,13,7,6,326,184,142,91,46,45
24546,C4920,9,181,District-Shrawasti,Total,70-79,1021,562,459,288,138,150,193,114,79,34,22,12,220,138,82,14,12,2,7,5,2,163,93,70,102,40,62
24547,C4920,9,181,District-Shrawasti,Total,80-89,423,225,198,107,62,45,86,48,38,13,6,7,100,49,51,2,1,1,1,0,1,58,31,27,56,28,28
24548,C4920,9,181,District-Shrawasti,Total,90+,118,71,47,29,14,15,20,15,5,3,2,1,22,13,9,6,5,1,1,1,0,12,8,4,25,13,12
24549,C4920,9,181,District-Shrawasti,Total,Age Not Stated,109,56,53,15,10,5,32,14,18,9,2,7,6,5,1,8,6,2,1,0,1,35,17,18,3,2,1
24550,C4920,9,181,District-Shrawasti,Rural,Total,20280,11547,8733,3791,2138,1653,5071,2670,2401,1515,874,641,2634,1737,897,878,554,324,252,175,77,5309,2906,2403,830,493,337
24551,C4920,9,181,District-Shrawasti,Rural,0-4,1658,851,807,322,168,154,519,244,275,38,18,20,67,36,31,56,35,21,3,0,3,628,334,294,25,16,9
24552,C4920,9,181,District-Shrawasti,Rural,5-9,2263,1200,1063,438,234,204,610,308,302,232,123,109,137,79,58,122,61,61,22,11,11,623,337,286,79,47,32
24553,C4920,9,181,District-Shrawasti,Rural,10-19,4322,2493,1829,690,403,287,1031,585,446,409,239,170,544,340,204,226,151,75,56,41,15,1170,602,568,196,132,64
24554,C4920,9,181,District-Shrawasti,Rural,20-29,3070,1834,1236,451,276,175,715,367,348,281,162,119,509,366,143,169,110,59,45,38,7,789,438,351,111,77,34
24555,C4920,9,181,District-Shrawasti,Rural,30-39,2564,1494,1070,411,226,185,631,324,307,229,137,92,356,264,92,112,75,37,52,37,15,704,391,313,69,40,29
24556,C4920,9,181,District-Shrawasti,Rural,40-49,1821,1086,735,345,208,137,490,260,230,116,70,46,198,141,57,93,66,27,34,23,11,495,287,208,50,31,19
24557,C4920,9,181,District-Shrawasti,Rural,50-59,1411,827,584,312,176,136,396,210,186,81,50,31,196,134,62,45,21,24,20,12,8,318,191,127,43,33,10
24558,C4920,9,181,District-Shrawasti,Rural,60-69,1540,866,674,392,227,165,355,185,170,73,45,28,286,176,110,25,11,14,12,7,5,317,177,140,80,38,42
24559,C4920,9,181,District-Shrawasti,Rural,70-79,993,550,443,281,135,146,191,113,78,31,20,11,216,136,80,14,12,2,6,5,1,160,93,67,94,36,58
24560,C4920,9,181,District-Shrawasti,Rural,80-89,411,219,192,105,61,44,81,45,36,13,6,7,97,47,50,2,1,1,0,0,0,58,31,27,55,28,27
24561,C4920,9,181,District-Shrawasti,Rural,90+,118,71,47,29,14,15,20,15,5,3,2,1,22,13,9,6,5,1,1,1,0,12,8,4,25,13,12
24562,C4920,9,181,District-Shrawasti,Rural,Age Not Stated,109,56,53,15,10,5,32,14,18,9,2,7,6,5,1,8,6,2,1,0,1,35,17,18,3,2,1
24563,C4920,9,181,District-Shrawasti,Urban,Total,641,338,303,80,41,39,149,71,78,66,35,31,86,53,33,26,16,10,12,3,9,176,91,85,46,28,18
24564,C4920,9,181,District-Shrawasti,Urban,0-4,30,14,16,4,2,2,10,6,4,0,0,0,3,1,2,0,0,0,0,0,0,13,5,8,0,0,0
24565,C4920,9,181,District-Shrawasti,Urban,5-9,65,31,34,9,5,4,12,4,8,9,5,4,6,2,4,4,1,3,0,0,0,22,12,10,3,2,1
24566,C4920,9,181,District-Shrawasti,Urban,10-19,137,76,61,13,8,5,34,19,15,22,11,11,17,12,5,3,1,2,4,1,3,32,16,16,12,8,4
24567,C4920,9,181,District-Shrawasti,Urban,20-29,122,65,57,20,6,14,21,8,13,10,8,2,15,11,4,7,6,1,4,1,3,40,21,19,5,4,1
24568,C4920,9,181,District-Shrawasti,Urban,30-39,76,40,36,5,2,3,18,8,10,9,3,6,11,8,3,5,5,0,0,0,0,25,13,12,3,1,2
24569,C4920,9,181,District-Shrawasti,Urban,40-49,64,35,29,8,5,3,24,10,14,3,2,1,8,4,4,4,2,2,1,1,0,16,11,5,0,0,0
24570,C4920,9,181,District-Shrawasti,Urban,50-59,46,21,25,7,5,2,4,2,2,8,3,5,6,4,2,2,0,2,0,0,0,16,6,10,3,1,2
24571,C4920,9,181,District-Shrawasti,Urban,60-69,61,38,23,5,4,1,19,10,9,2,1,1,13,7,6,1,1,0,1,0,1,9,7,2,11,8,3
24572,C4920,9,181,District-Shrawasti,Urban,70-79,28,12,16,7,3,4,2,1,1,3,2,1,4,2,2,0,0,0,1,0,1,3,0,3,8,4,4
24573,C4920,9,181,District-Shrawasti,Urban,80-89,12,6,6,2,1,1,5,3,2,0,0,0,3,2,1,0,0,0,1,0,1,0,0,0,1,0,1
24574,C4920,9,181,District-Shrawasti,Urban,90+,0,0,0,0,0,0,0,0,0,0,0,0,0,0,0,0,0,0,0,0,0,0,0,0,0,0,0
24575,C4920,9,181,District-Shrawasti,Urban,Age Not Stated,0,0,0,0,0,0,0,0,0,0,0,0,0,0,0,0,0,0,0,0,0,0,0,0,0,0,0
24576,C4920,9,182,District-Balrampur,Total,Total,30500,17573,12927,5840,3098,2742,6384,3468,2916,2639,1504,1135,4709,3154,1555,1768,1108,660,651,400,251,6999,3952,3047,1510,889,621
24577,C4920,9,182,District-Balrampur,Total,0-4,2242,1150,1092,502,244,258,581,304,277,82,41,41,113,59,54,90,50,40,9,3,6,801,411,390,64,38,26
24578,C4920,9,182,District-Balrampur,Total,5-9,3446,1909,1537,621,327,294,839,466,373,415,224,191,265,165,100,188,108,80,43,26,17,902,489,413,173,104,69
24579,C4920,9,182,District-Balrampur,Total,10-19,6766,3902,2864,1054,556,498,1300,729,571,764,449,315,1060,676,384,469,289,180,166,95,71,1559,863,696,394,245,149
24580,C4920,9,182,District-Balrampur,Total,20-29,4656,2797,1859,695,387,308,895,481,414,423,242,181,985,687,298,325,219,106,138,93,45,984,548,436,211,140,71
24581,C4920,9,182,District-Balrampur,Total,30-39,3558,2137,1421,603,330,273,724,379,345,347,206,141,526,380,146,277,179,98,98,75,23,873,510,363,110,78,32
24582,C4920,9,182,District-Balrampur,Total,40-49,2751,1647,1104,508,298,210,591,313,278,243,128,115,403,301,102,187,119,68,92,52,40,623,369,254,104,67,37
24583,C4920,9,182,District-Balrampur,Total,50-59,2214,1290,924,498,265,233,468,234,234,127,69,58,380,273,107,110,71,39,44,25,19,517,307,210,70,46,24
24584,C4920,9,182,District-Balrampur,Total,60-69,2437,1409,1028,676,368,308,491,265,226,146,92,54,465,296,169,76,45,31,32,17,15,429,265,164,122,61,61
24585,C4920,9,182,District-Balrampur,Total,70-79,1463,828,635,412,205,207,301,173,128,56,35,21,321,201,120,34,22,12,15,9,6,199,124,75,125,59,66
24586,C4920,9,182,District-Balrampur,Total,80-89,605,308,297,173,69,104,138,87,51,13,5,8,125,75,50,5,2,3,8,3,5,63,39,24,80,28,52
24587,C4920,9,182,District-Balrampur,Total,90+,249,137,112,64,32,32,42,29,13,11,6,5,53,31,22,5,4,1,2,0,2,21,14,7,51,21,30
24588,C4920,9,182,District-Balrampur,Total,Age Not Stated,113,59,54,34,17,17,14,8,6,12,7,5,13,10,3,2,0,2,4,2,2,28,13,15,6,2,4
24589,C4920,9,182,District-Balrampur,Rural,Total,28388,16283,12105,5618,2982,2636,6018,3258,2760,2203,1238,965,4306,2870,1436,1644,1022,622,590,362,228,6618,3731,2887,1391,820,571
24590,C4920,9,182,District-Balrampur,Rural,0-4,2112,1081,1031,484,238,246,545,283,262,68,32,36,105,56,49,87,48,39,5,1,4,755,385,370,63,38,25
24591,C4920,9,182,District-Balrampur,Rural,5-9,3229,1776,1453,607,319,288,788,432,356,351,186,165,248,155,93,173,98,75,36,24,12,861,462,399,165,100,65
24592,C4920,9,182,District-Balrampur,Rural,10-19,6285,3616,2669,1017,539,478,1221,683,538,630,357,273,980,624,356,434,269,165,154,89,65,1480,825,655,369,230,139
24593,C4920,9,182,District-Balrampur,Rural,20-29,4298,2561,1737,666,371,295,841,449,392,343,191,152,903,626,277,304,204,100,127,85,42,920,510,410,194,125,69
24594,C4920,9,182,District-Balrampur,Rural,30-39,3312,1980,1332,575,311,264,686,360,326,293,175,118,483,346,137,255,163,92,88,65,23,830,488,342,102,72,30
24595,C4920,9,182,District-Balrampur,Rural,40-49,2540,1515,1025,485,284,201,554,296,258,205,111,94,355,260,95,172,106,66,84,49,35,587,344,243,98,65,33
24596,C4920,9,182,District-Balrampur,Rural,50-59,2053,1191,862,477,254,223,446,219,227,101,55,46,347,250,97,104,67,37,41,22,19,477,283,194,60,41,19
24597,C4920,9,182,District-Balrampur,Rural,60-69,2273,1307,966,637,349,288,468,256,212,131,82,49,418,261,157,70,40,30,28,15,13,408,250,158,113,54,59
24598,C4920,9,182,District-Balrampur,Rural,70-79,1373,779,594,406,201,205,282,161,121,50,33,17,288,181,107,33,21,12,14,8,6,192,120,72,108,54,54
24599,C4920,9,182,District-Balrampur,Rural,80-89,570,291,279,168,67,101,133,84,49,11,5,6,117,71,46,5,2,3,7,2,5,61,38,23,68,22,46
24600,C4920,9,182,District-Balrampur,Rural,90+,233,128,105,62,32,30,40,27,13,8,4,4,51,31,20,5,4,1,2,0,2,20,13,7,45,17,28
24601,C4920,9,182,District-Balrampur,Rural,Age Not Stated,110,58,52,34,17,17,14,8,6,12,7,5,11,9,2,2,0,2,4,2,2,27,13,14,6,2,4
24602,C4920,9,182,District-Balrampur,Urban,Total,2112,1290,822,222,116,106,366,210,156,436,266,170,403,284,119,124,86,38,61,38,23,381,221,160,119,69,50
24603,C4920,9,182,District-Balrampur,Urban,0-4,130,69,61,18,6,12,36,21,15,14,9,5,8,3,5,3,2,1,4,2,2,46,26,20,1,0,1
24604,C4920,9,182,District-Balrampur,Urban,5-9,217,133,84,14,8,6,51,34,17,64,38,26,17,10,7,15,10,5,7,2,5,41,27,14,8,4,4
24605,C4920,9,182,District-Balrampur,Urban,10-19,481,286,195,37,17,20,79,46,33,134,92,42,80,52,28,35,20,15,12,6,6,79,38,41,25,15,10
24606,C4920,9,182,District-Balrampur,Urban,20-29,358,236,122,29,16,13,54,32,22,80,51,29,82,61,21,21,15,6,11,8,3,64,38,26,17,15,2
24607,C4920,9,182,District-Balrampur,Urban,30-39,246,157,89,28,19,9,38,19,19,54,31,23,43,34,9,22,16,6,10,10,0,43,22,21,8,6,2
24608,C4920,9,182,District-Balrampur,Urban,40-49,211,132,79,23,14,9,37,17,20,38,17,21,48,41,7,15,13,2,8,3,5,36,25,11,6,2,4
24609,C4920,9,182,District-Balrampur,Urban,50-59,161,99,62,21,11,10,22,15,7,26,14,12,33,23,10,6,4,2,3,3,0,40,24,16,10,5,5
24610,C4920,9,182,District-Balrampur,Urban,60-69,164,102,62,39,19,20,23,9,14,15,10,5,47,35,12,6,5,1,4,2,2,21,15,6,9,7,2
24611,C4920,9,182,District-Balrampur,Urban,70-79,90,49,41,6,4,2,19,12,7,6,2,4,33,20,13,1,1,0,1,1,0,7,4,3,17,5,12
24612,C4920,9,182,District-Balrampur,Urban,80-89,35,17,18,5,2,3,5,3,2,2,0,2,8,4,4,0,0,0,1,1,0,2,1,1,12,6,6
24613,C4920,9,182,District-Balrampur,Urban,90+,16,9,7,2,0,2,2,2,0,3,2,1,2,0,2,0,0,0,0,0,0,1,1,0,6,4,2
24614,C4920,9,182,District-Balrampur,Urban,Age Not Stated,3,1,2,0,0,0,0,0,0,0,0,0,2,1,1,0,0,0,0,0,0,1,0,1,0,0,0
24615,C4920,9,183,District-Gonda,Total,Total,62452,35729,26723,9303,4976,4327,17740,9481,8259,4566,2646,1920,8820,5879,2941,2905,1806,1099,1093,706,387,14736,8284,6452,3289,1951,1338
24616,C4920,9,183,District-Gonda,Total,0-4,4109,2159,1950,565,284,281,1529,795,734,80,44,36,235,139,96,142,68,74,26,16,10,1411,750,661,121,63,58
24617,C4920,9,183,District-Gonda,Total,5-9,6320,3466,2854,828,433,395,2073,1091,982,577,339,238,470,286,184,288,169,119,61,37,24,1694,909,785,329,202,127
24618,C4920,9,183,District-Gonda,Total,10-19,13366,7625,5741,1546,832,714,3753,2030,1723,1175,700,475,1927,1185,742,758,465,293,266,175,91,3179,1759,1420,762,479,283
24619,C4920,9,183,District-Gonda,Total,20-29,9766,5900,3866,929,521,408,2689,1426,1263,834,508,326,1802,1312,490,590,400,190,191,123,68,2272,1294,978,459,316,143
24620,C4920,9,183,District-Gonda,Total,30-39,8016,4724,3292,919,512,407,2361,1270,1091,708,398,310,1108,795,313,461,316,145,206,136,70,1920,1093,827,333,204,129
24621,C4920,9,183,District-Gonda,Total,40-49,5913,3490,2423,924,497,427,1578,856,722,462,253,209,791,591,200,311,194,117,151,108,43,1452,841,611,244,150,94
24622,C4920,9,183,District-Gonda,Total,50-59,4640,2629,2011,966,529,437,1286,666,620,298,158,140,629,424,205,165,96,69,83,47,36,1056,610,446,157,99,58
24623,C4920,9,183,District-Gonda,Total,60-69,5145,2889,2256,1314,693,621,1321,711,610,238,131,107,822,554,268,116,58,58,64,41,23,969,555,414,301,146,155
24624,C4920,9,183,District-Gonda,Total,70-79,3155,1753,1402,830,419,411,743,417,326,131,77,54,600,359,241,38,23,15,31,16,15,471,278,193,311,164,147
24625,C4920,9,183,District-Gonda,Total,80-89,1244,674,570,313,159,154,263,146,117,35,16,19,296,167,129,16,8,8,8,4,4,140,84,56,173,90,83
24626,C4920,9,183,District-Gonda,Total,90+,478,250,228,80,48,32,91,51,40,15,13,2,128,60,68,11,6,5,4,3,1,55,34,21,94,35,59
24627,C4920,9,183,District-Gonda,Total,Age Not Stated,300,170,130,89,49,40,53,22,31,13,9,4,12,7,5,9,3,6,2,0,2,117,77,40,5,3,2
24628,C4920,9,183,District-Gonda,Rural,Total,58973,33703,25270,9023,4822,4201,16486,8837,7649,4349,2511,1838,8261,5516,2745,2774,1725,1049,1007,652,355,13937,7787,6150,3136,1853,1283
24629,C4920,9,183,District-Gonda,Rural,0-4,3904,2043,1861,549,275,274,1432,736,696,76,43,33,218,130,88,138,67,71,25,15,10,1350,717,633,116,60,56
24630,C4920,9,183,District-Gonda,Rural,5-9,6047,3317,2730,803,420,383,1942,1024,918,563,329,234,444,272,172,281,165,116,59,37,22,1637,874,763,318,196,122
24631,C4920,9,183,District-Gonda,Rural,10-19,12628,7204,5424,1493,807,686,3503,1904,1599,1113,657,456,1803,1113,690,729,449,280,248,162,86,3021,1660,1361,718,452,266
24632,C4920,9,183,District-Gonda,Rural,20-29,9029,5464,3565,894,504,390,2437,1306,1131,786,478,308,1683,1235,448,550,374,176,173,110,63,2081,1165,916,425,292,133
24633,C4920,9,183,District-Gonda,Rural,30-39,7534,4441,3093,896,495,401,2164,1166,998,683,384,299,1027,745,282,444,304,140,182,121,61,1819,1032,787,319,194,125
24634,C4920,9,183,District-Gonda,Rural,40-49,5561,3278,2283,893,480,413,1461,793,668,436,238,198,731,541,190,296,185,111,137,101,36,1375,798,577,232,142,90
24635,C4920,9,183,District-Gonda,Rural,50-59,4352,2454,1898,936,508,428,1192,615,577,275,143,132,580,390,190,154,89,65,76,43,33,990,573,417,149,93,56
24636,C4920,9,183,District-Gonda,Rural,60-69,4939,2766,2173,1280,678,602,1256,676,580,229,126,103,784,526,258,115,57,58,63,40,23,923,524,399,289,139,150
24637,C4920,9,183,District-Gonda,Rural,70-79,3038,1683,1355,809,404,405,712,403,309,127,76,51,573,341,232,32,18,14,30,16,14,449,263,186,306,162,144
24638,C4920,9,183,District-Gonda,Rural,80-89,1202,649,553,306,155,151,257,146,111,35,16,19,281,156,125,15,8,7,8,4,4,133,79,54,167,85,82
24639,C4920,9,183,District-Gonda,Rural,90+,466,245,221,79,48,31,87,49,38,13,12,1,127,60,67,11,6,5,4,3,1,53,32,21,92,35,57
24640,C4920,9,183,District-Gonda,Rural,Age Not Stated,273,159,114,85,48,37,43,19,24,13,9,4,10,7,3,9,3,6,2,0,2,106,70,36,5,3,2
24641,C4920,9,183,District-Gonda,Urban,Total,3479,2026,1453,280,154,126,1254,644,610,217,135,82,559,363,196,131,81,50,86,54,32,799,497,302,153,98,55
24642,C4920,9,183,District-Gonda,Urban,0-4,205,116,89,16,9,7,97,59,38,4,1,3,17,9,8,4,1,3,1,1,0,61,33,28,5,3,2
24643,C4920,9,183,District-Gonda,Urban,5-9,273,149,124,25,13,12,131,67,64,14,10,4,26,14,12,7,4,3,2,0,2,57,35,22,11,6,5
24644,C4920,9,183,District-Gonda,Urban,10-19,738,421,317,53,25,28,250,126,124,62,43,19,124,72,52,29,16,13,18,13,5,158,99,59,44,27,17
24645,C4920,9,183,District-Gonda,Urban,20-29,737,436,301,35,17,18,252,120,132,48,30,18,119,77,42,40,26,14,18,13,5,191,129,62,34,24,10
24646,C4920,9,183,District-Gonda,Urban,30-39,482,283,199,23,17,6,197,104,93,25,14,11,81,50,31,17,12,5,24,15,9,101,61,40,14,10,4
24647,C4920,9,183,District-Gonda,Urban,40-49,352,212,140,31,17,14,117,63,54,26,15,11,60,50,10,15,9,6,14,7,7,77,43,34,12,8,4
24648,C4920,9,183,District-Gonda,Urban,50-59,288,175,113,30,21,9,94,51,43,23,15,8,49,34,15,11,7,4,7,4,3,66,37,29,8,6,2
24649,C4920,9,183,District-Gonda,Urban,60-69,206,123,83,34,15,19,65,35,30,9,5,4,38,28,10,1,1,0,1,1,0,46,31,15,12,7,5
24650,C4920,9,183,District-Gonda,Urban,70-79,117,70,47,21,15,6,31,14,17,4,1,3,27,18,9,6,5,1,1,0,1,22,15,7,5,2,3
24651,C4920,9,183,District-Gonda,Urban,80-89,42,25,17,7,4,3,6,0,6,0,0,0,15,11,4,1,0,1,0,0,0,7,5,2,6,5,1
24652,C4920,9,183,District-Gonda,Urban,90+,12,5,7,1,0,1,4,2,2,2,1,1,1,0,1,0,0,0,0,0,0,2,2,0,2,0,2
24653,C4920,9,183,District-Gonda,Urban,Age Not Stated,27,11,16,4,1,3,10,3,7,0,0,0,2,0,2,0,0,0,0,0,0,11,7,4,0,0,0
24654,C4920,9,184,District-Siddharthnagar,Total,Total,44168,24477,19691,7853,4143,3710,11057,5655,5402,4287,2340,1947,5552,3538,2014,1872,1165,707,927,604,323,10259,5650,4609,2361,1382,979
24655,C4920,9,184,District-Siddharthnagar,Total,0-4,3503,1815,1688,666,328,338,1081,544,537,115,64,51,147,78,69,86,49,37,16,9,7,1257,667,590,135,76,59
24656,C4920,9,184,District-Siddharthnagar,Total,5-9,4952,2680,2272,849,421,428,1379,707,672,631,344,287,332,200,132,172,101,71,54,34,20,1248,695,553,287,178,109
24657,C4920,9,184,District-Siddharthnagar,Total,10-19,9697,5233,4464,1453,788,665,2354,1183,1171,1127,588,539,1155,692,463,555,321,234,231,139,92,2292,1205,1087,530,317,213
24658,C4920,9,184,District-Siddharthnagar,Total,20-29,6522,3651,2871,997,524,473,1521,757,764,711,386,325,942,643,299,340,223,117,180,120,60,1504,805,699,327,193,134
24659,C4920,9,184,District-Siddharthnagar,Total,30-39,5116,2856,2260,819,421,398,1311,666,645,562,292,270,602,414,188,288,183,105,160,103,57,1171,645,526,203,132,71
24660,C4920,9,184,District-Siddharthnagar,Total,40-49,3802,2240,1562,667,367,300,941,492,449,415,247,168,447,316,131,154,109,45,120,84,36,925,537,388,133,88,45
24661,C4920,9,184,District-Siddharthnagar,Total,50-59,3185,1801,1384,622,332,290,823,427,396,287,161,126,468,301,167,102,65,37,83,51,32,694,407,287,106,57,49
24662,C4920,9,184,District-Siddharthnagar,Total,60-69,3954,2265,1689,951,531,420,886,464,422,285,175,110,735,455,280,105,70,35,54,41,13,720,413,307,218,116,102
24663,C4920,9,184,District-Siddharthnagar,Total,70-79,2173,1244,929,516,276,240,507,278,229,105,57,48,457,281,176,42,28,14,25,20,5,296,186,110,225,118,107
24664,C4920,9,184,District-Siddharthnagar,Total,80-89,846,460,386,224,109,115,171,89,82,31,18,13,191,115,76,12,4,8,2,1,1,85,52,33,130,72,58
24665,C4920,9,184,District-Siddharthnagar,Total,90+,325,179,146,73,34,39,55,34,21,9,4,5,68,40,28,8,5,3,1,1,0,45,26,19,66,35,31
24666,C4920,9,184,District-Siddharthnagar,Total,Age Not Stated,93,53,40,16,12,4,28,14,14,9,4,5,8,3,5,8,7,1,1,1,0,22,12,10,1,0,1
24667,C4920,9,184,District-Siddharthnagar,Rural,Total,41954,23172,18782,7636,4020,3616,10590,5389,5201,4026,2208,1818,5160,3280,1880,1767,1102,665,820,530,290,9733,5347,4386,2222,1296,926
24668,C4920,9,184,District-Siddharthnagar,Rural,0-4,3368,1743,1625,648,317,331,1050,530,520,108,60,48,142,73,69,83,49,34,10,6,4,1193,632,561,134,76,58
24669,C4920,9,184,District-Siddharthnagar,Rural,5-9,4719,2555,2164,831,410,421,1332,682,650,590,331,259,309,186,123,163,97,66,48,30,18,1183,659,524,263,160,103
24670,C4920,9,184,District-Siddharthnagar,Rural,10-19,9180,4919,4261,1409,759,650,2249,1120,1129,1062,551,511,1072,639,433,514,293,221,207,124,83,2180,1141,1039,487,292,195
24671,C4920,9,184,District-Siddharthnagar,Rural,20-29,6135,3426,2709,966,506,460,1439,709,730,655,360,295,875,603,272,326,215,111,159,106,53,1410,744,666,305,183,122
24672,C4920,9,184,District-Siddharthnagar,Rural,30-39,4857,2698,2159,801,417,384,1249,622,627,534,274,260,554,384,170,273,174,99,147,94,53,1107,610,497,192,123,69
24673,C4920,9,184,District-Siddharthnagar,Rural,40-49,3574,2093,1481,636,344,292,891,468,423,387,230,157,407,286,121,140,100,40,107,73,34,883,512,371,123,80,43
24674,C4920,9,184,District-Siddharthnagar,Rural,50-59,3028,1720,1308,605,325,280,784,409,375,277,156,121,436,282,154,100,64,36,72,44,28,657,388,269,97,52,45
24675,C4920,9,184,District-Siddharthnagar,Rural,60-69,3775,2146,1629,926,517,409,855,444,411,269,167,102,676,410,266,102,68,34,46,34,12,691,395,296,210,111,99
24676,C4920,9,184,District-Siddharthnagar,Rural,70-79,2098,1206,892,508,272,236,491,271,220,100,55,45,438,270,168,40,27,13,21,17,4,281,180,101,219,114,105
24677,C4920,9,184,District-Siddharthnagar,Rural,80-89,818,445,373,220,108,112,169,88,81,26,16,10,178,106,72,10,3,7,2,1,1,84,51,33,129,72,57
24678,C4920,9,184,District-Siddharthnagar,Rural,90+,309,168,141,70,33,37,53,32,21,9,4,5,65,38,27,8,5,3,0,0,0,42,23,19,62,33,29
24679,C4920,9,184,District-Siddharthnagar,Rural,Age Not Stated,93,53,40,16,12,4,28,14,14,9,4,5,8,3,5,8,7,1,1,1,0,22,12,10,1,0,1
24680,C4920,9,184,District-Siddharthnagar,Urban,Total,2214,1305,909,217,123,94,467,266,201,261,132,129,392,258,134,105,63,42,107,74,33,526,303,223,139,86,53
24681,C4920,9,184,District-Siddharthnagar,Urban,0-4,135,72,63,18,11,7,31,14,17,7,4,3,5,5,0,3,0,3,6,3,3,64,35,29,1,0,1
24682,C4920,9,184,District-Siddharthnagar,Urban,5-9,233,125,108,18,11,7,47,25,22,41,13,28,23,14,9,9,4,5,6,4,2,65,36,29,24,18,6
24683,C4920,9,184,District-Siddharthnagar,Urban,10-19,517,314,203,44,29,15,105,63,42,65,37,28,83,53,30,41,28,13,24,15,9,112,64,48,43,25,18
24684,C4920,9,184,District-Siddharthnagar,Urban,20-29,387,225,162,31,18,13,82,48,34,56,26,30,67,40,27,14,8,6,21,14,7,94,61,33,22,10,12
24685,C4920,9,184,District-Siddharthnagar,Urban,30-39,259,158,101,18,4,14,62,44,18,28,18,10,48,30,18,15,9,6,13,9,4,64,35,29,11,9,2
24686,C4920,9,184,District-Siddharthnagar,Urban,40-49,228,147,81,31,23,8,50,24,26,28,17,11,40,30,10,14,9,5,13,11,2,42,25,17,10,8,2
24687,C4920,9,184,District-Siddharthnagar,Urban,50-59,157,81,76,17,7,10,39,18,21,10,5,5,32,19,13,2,1,1,11,7,4,37,19,18,9,5,4
24688,C4920,9,184,District-Siddharthnagar,Urban,60-69,179,119,60,25,14,11,31,20,11,16,8,8,59,45,14,3,2,1,8,7,1,29,18,11,8,5,3
24689,C4920,9,184,District-Siddharthnagar,Urban,70-79,75,38,37,8,4,4,16,7,9,5,2,3,19,11,8,2,1,1,4,3,1,15,6,9,6,4,2
24690,C4920,9,184,District-Siddharthnagar,Urban,80-89,28,15,13,4,1,3,2,1,1,5,2,3,13,9,4,2,1,1,0,0,0,1,1,0,1,0,1
24691,C4920,9,184,District-Siddharthnagar,Urban,90+,16,11,5,3,1,2,2,2,0,0,0,0,3,2,1,0,0,0,1,1,0,3,3,0,4,2,2
24692,C4920,9,184,District-Siddharthnagar,Urban,Age Not Stated,0,0,0,0,0,0,0,0,0,0,0,0,0,0,0,0,0,0,0,0,0,0,0,0,0,0,0
24693,C4920,9,185,District-Basti,Total,Total,43484,24084,19400,6019,3287,2732,12479,6069,6410,3586,1894,1692,6310,4184,2126,2016,1299,717,897,604,293,9899,5383,4516,2278,1364,914
24694,C4920,9,185,District-Basti,Total,0-4,2810,1390,1420,391,197,194,1011,457,554,69,38,31,122,60,62,76,44,32,8,5,3,1049,542,507,84,47,37
24695,C4920,9,185,District-Basti,Total,5-9,4351,2240,2111,568,299,269,1437,670,767,480,252,228,321,181,140,194,118,76,48,34,14,1064,533,531,239,153,86
24696,C4920,9,185,District-Basti,Total,10-19,9881,5321,4560,1071,566,505,2912,1409,1503,938,478,460,1352,843,509,570,331,239,230,134,96,2152,1165,987,656,395,261
24697,C4920,9,185,District-Basti,Total,20-29,6975,4002,2973,821,446,375,1883,903,980,610,325,285,1277,919,358,390,268,122,178,132,46,1481,788,693,335,221,114
24698,C4920,9,185,District-Basti,Total,30-39,5409,3033,2376,630,355,275,1542,722,820,481,248,233,777,541,236,311,231,80,154,110,44,1302,692,610,212,134,78
24699,C4920,9,185,District-Basti,Total,40-49,4081,2428,1653,621,357,264,1124,581,543,374,194,180,516,378,138,238,161,77,119,89,30,946,568,378,143,100,43
24700,C4920,9,185,District-Basti,Total,50-59,3067,1765,1302,503,279,224,861,427,434,245,145,100,454,323,131,109,71,38,70,43,27,701,408,293,124,69,55
24701,C4920,9,185,District-Basti,Total,60-69,3496,2003,1493,677,384,293,906,467,439,223,114,109,692,466,226,73,44,29,48,29,19,729,407,322,148,92,56
24702,C4920,9,185,District-Basti,Total,70-79,2187,1268,919,499,293,206,501,270,231,103,68,35,523,321,202,37,20,17,34,22,12,312,190,122,178,84,94
24703,C4920,9,185,District-Basti,Total,80-89,768,394,374,153,70,83,196,105,91,33,15,18,193,106,87,8,2,6,4,3,1,95,57,38,86,36,50
24704,C4920,9,185,District-Basti,Total,90+,291,163,128,46,25,21,70,42,28,16,10,6,56,31,25,6,6,0,2,2,0,25,15,10,70,32,38
24705,C4920,9,185,District-Basti,Total,Age Not Stated,168,77,91,39,16,23,36,16,20,14,7,7,27,15,12,4,3,1,2,1,1,43,18,25,3,1,2
24706,C4920,9,185,District-Basti,Rural,Total,41335,22815,18520,5791,3158,2633,11660,5623,6037,3451,1816,1635,6033,3990,2043,1874,1207,667,850,575,275,9466,5124,4342,2210,1322,888
24707,C4920,9,185,District-Basti,Rural,0-4,2700,1327,1373,384,192,192,961,431,530,68,37,31,115,56,59,70,42,28,7,5,2,1013,519,494,82,45,37
24708,C4920,9,185,District-Basti,Rural,5-9,4183,2141,2042,545,288,257,1367,628,739,465,243,222,312,174,138,186,114,72,48,34,14,1029,514,515,231,146,85
24709,C4920,9,185,District-Basti,Rural,10-19,9392,5036,4356,1040,550,490,2722,1307,1415,909,464,445,1296,806,490,529,306,223,217,125,92,2043,1095,948,636,383,253
24710,C4920,9,185,District-Basti,Rural,20-29,6555,3761,2794,778,423,355,1733,823,910,570,303,267,1222,881,341,364,249,115,168,127,41,1394,739,655,326,216,110
24711,C4920,9,185,District-Basti,Rural,30-39,5102,2847,2255,590,333,257,1415,655,760,463,235,228,736,509,227,297,219,78,144,102,42,1250,663,587,207,131,76
24712,C4920,9,185,District-Basti,Rural,40-49,3860,2283,1577,593,337,256,1047,539,508,363,189,174,488,356,132,210,141,69,114,85,29,910,543,367,135,93,42
24713,C4920,9,185,District-Basti,Rural,50-59,2895,1661,1234,492,274,218,793,387,406,237,138,99,424,302,122,99,66,33,65,40,25,669,389,280,116,65,51
24714,C4920,9,185,District-Basti,Rural,60-69,3336,1911,1425,649,365,284,850,437,413,215,110,105,665,447,218,66,41,25,46,29,17,700,392,308,145,90,55
24715,C4920,9,185,District-Basti,Rural,70-79,2108,1224,884,485,286,199,479,258,221,99,65,34,502,307,195,35,18,17,33,22,11,299,184,115,176,84,92
24716,C4920,9,185,District-Basti,Rural,80-89,754,387,367,151,70,81,191,101,90,32,15,17,191,106,85,8,2,6,4,3,1,92,54,38,85,36,49
24717,C4920,9,185,District-Basti,Rural,90+,283,161,122,45,24,21,67,42,25,16,10,6,55,31,24,6,6,0,2,2,0,24,14,10,68,32,36
24718,C4920,9,185,District-Basti,Rural,Age Not Stated,167,76,91,39,16,23,35,15,20,14,7,7,27,15,12,4,3,1,2,1,1,43,18,25,3,1,2
24719,C4920,9,185,District-Basti,Urban,Total,2149,1269,880,228,129,99,819,446,373,135,78,57,277,194,83,142,92,50,47,29,18,433,259,174,68,42,26
24720,C4920,9,185,District-Basti,Urban,0-4,110,63,47,7,5,2,50,26,24,1,1,0,7,4,3,6,2,4,1,0,1,36,23,13,2,2,0
24721,C4920,9,185,District-Basti,Urban,5-9,168,99,69,23,11,12,70,42,28,15,9,6,9,7,2,8,4,4,0,0,0,35,19,16,8,7,1
24722,C4920,9,185,District-Basti,Urban,10-19,489,285,204,31,16,15,190,102,88,29,14,15,56,37,19,41,25,16,13,9,4,109,70,39,20,12,8
24723,C4920,9,185,District-Basti,Urban,20-29,420,241,179,43,23,20,150,80,70,40,22,18,55,38,17,26,19,7,10,5,5,87,49,38,9,5,4
24724,C4920,9,185,District-Basti,Urban,30-39,307,186,121,40,22,18,127,67,60,18,13,5,41,32,9,14,12,2,10,8,2,52,29,23,5,3,2
24725,C4920,9,185,District-Basti,Urban,40-49,221,145,76,28,20,8,77,42,35,11,5,6,28,22,6,28,20,8,5,4,1,36,25,11,8,7,1
24726,C4920,9,185,District-Basti,Urban,50-59,172,104,68,11,5,6,68,40,28,8,7,1,30,21,9,10,5,5,5,3,2,32,19,13,8,4,4
24727,C4920,9,185,District-Basti,Urban,60-69,160,92,68,28,19,9,56,30,26,8,4,4,27,19,8,7,3,4,2,0,2,29,15,14,3,2,1
24728,C4920,9,185,District-Basti,Urban,70-79,79,44,35,14,7,7,22,12,10,4,3,1,21,14,7,2,2,0,1,0,1,13,6,7,2,0,2
24729,C4920,9,185,District-Basti,Urban,80-89,14,7,7,2,0,2,5,4,1,1,0,1,2,0,2,0,0,0,0,0,0,3,3,0,1,0,1
24730,C4920,9,185,District-Basti,Urban,90+,8,2,6,1,1,0,3,0,3,0,0,0,1,0,1,0,0,0,0,0,0,1,1,0,2,0,2
24731,C4920,9,185,District-Basti,Urban,Age Not Stated,1,1,0,0,0,0,1,1,0,0,0,0,0,0,0,0,0,0,0,0,0,0,0,0,0,0,0
24732,C4920,9,186,District-Sant Kabir Nagar,Total,Total,26997,14993,12004,4971,2584,2387,6909,3457,3452,1817,1041,776,4120,2628,1492,1453,903,550,688,436,252,5399,2959,2440,1640,985,655
24733,C4920,9,186,District-Sant Kabir Nagar,Total,0-4,1815,924,891,385,197,188,584,279,305,39,23,16,89,47,42,76,33,43,9,3,6,577,312,265,56,30,26
24734,C4920,9,186,District-Sant Kabir Nagar,Total,5-9,2671,1379,1292,480,248,232,779,367,412,236,144,92,207,115,92,142,82,60,50,32,18,642,319,323,135,72,63
24735,C4920,9,186,District-Sant Kabir Nagar,Total,10-19,6215,3394,2821,921,461,460,1567,818,749,504,282,222,920,559,361,422,242,180,145,80,65,1323,707,616,413,245,168
24736,C4920,9,186,District-Sant Kabir Nagar,Total,20-29,4037,2340,1697,588,309,279,970,479,491,317,187,130,737,513,224,274,188,86,151,94,57,782,419,363,218,151,67
24737,C4920,9,186,District-Sant Kabir Nagar,Total,30-39,3230,1804,1426,540,275,265,818,373,445,244,132,112,484,321,163,225,161,64,141,100,41,637,345,292,141,97,44
24738,C4920,9,186,District-Sant Kabir Nagar,Total,40-49,2320,1379,941,404,218,186,639,335,304,180,96,84,339,242,97,135,99,36,79,60,19,441,256,185,103,73,30
24739,C4920,9,186,District-Sant Kabir Nagar,Total,50-59,1984,1100,884,435,218,217,495,235,260,105,61,44,344,229,115,73,42,31,57,37,20,327,190,137,148,88,60
24740,C4920,9,186,District-Sant Kabir Nagar,Total,60-69,2426,1370,1056,643,356,287,550,282,268,122,73,49,488,298,190,61,31,30,32,16,16,356,212,144,174,102,72
24741,C4920,9,186,District-Sant Kabir Nagar,Total,70-79,1382,800,582,349,192,157,302,169,133,43,28,15,318,189,129,20,12,8,16,10,6,202,133,69,132,67,65
24742,C4920,9,186,District-Sant Kabir Nagar,Total,80-89,557,306,251,152,73,79,102,60,42,13,6,7,141,83,58,7,4,3,3,2,1,65,41,24,74,37,37
24743,C4920,9,186,District-Sant Kabir Nagar,Total,90+,212,112,100,47,26,21,35,20,15,7,4,3,48,28,20,7,2,5,4,1,3,21,8,13,43,23,20
24744,C4920,9,186,District-Sant Kabir Nagar,Total,Age Not Stated,148,85,63,27,11,16,68,40,28,7,5,2,5,4,1,11,7,4,1,1,0,26,17,9,3,0,3
24745,C4920,9,186,District-Sant Kabir Nagar,Rural,Total,25235,13971,11264,4818,2499,2319,6331,3142,3189,1676,957,719,3837,2445,1392,1365,849,516,611,378,233,5055,2768,2287,1542,933,609
24746,C4920,9,186,District-Sant Kabir Nagar,Rural,0-4,1713,871,842,379,194,185,538,250,288,36,21,15,84,42,42,73,33,40,9,3,6,543,300,243,51,28,23
24747,C4920,9,186,District-Sant Kabir Nagar,Rural,5-9,2524,1306,1218,469,240,229,730,347,383,217,130,87,194,109,85,133,78,55,45,29,16,608,303,305,128,70,58
24748,C4920,9,186,District-Sant Kabir Nagar,Rural,10-19,5803,3150,2653,897,448,449,1438,741,697,470,263,207,854,516,338,394,227,167,125,66,59,1235,658,577,390,231,159
24749,C4920,9,186,District-Sant Kabir Nagar,Rural,20-29,3732,2159,1573,564,295,269,875,429,446,290,170,120,683,477,206,256,174,82,137,84,53,722,385,337,205,145,60
24750,C4920,9,186,District-Sant Kabir Nagar,Rural,30-39,3038,1697,1341,529,269,260,772,354,418,220,119,101,445,299,146,213,153,60,128,90,38,597,320,277,134,93,41
24751,C4920,9,186,District-Sant Kabir Nagar,Rural,40-49,2181,1293,888,394,216,178,597,314,283,168,88,80,312,223,89,127,92,35,68,50,18,415,240,175,100,70,30
24752,C4920,9,186,District-Sant Kabir Nagar,Rural,50-59,1841,1018,823,420,209,211,439,208,231,97,57,40,320,213,107,66,38,28,50,31,19,313,181,132,136,81,55
24753,C4920,9,186,District-Sant Kabir Nagar,Rural,60-69,2291,1289,1002,614,335,279,514,263,251,114,69,45,462,280,182,60,30,30,30,14,16,331,200,131,166,98,68
24754,C4920,9,186,District-Sant Kabir Nagar,Rural,70-79,1301,752,549,336,188,148,282,157,125,39,26,13,297,176,121,20,12,8,13,7,6,186,121,65,128,65,63
24755,C4920,9,186,District-Sant Kabir Nagar,Rural,80-89,527,287,240,144,69,75,98,56,42,11,5,6,135,79,56,7,4,3,2,2,0,62,38,24,68,34,34
24756,C4920,9,186,District-Sant Kabir Nagar,Rural,90+,193,103,90,45,25,20,33,18,15,7,4,3,47,28,19,5,1,4,3,1,2,20,8,12,33,18,15
24757,C4920,9,186,District-Sant Kabir Nagar,Rural,Age Not Stated,91,46,45,27,11,16,15,5,10,7,5,2,4,3,1,11,7,4,1,1,0,23,14,9,3,0,3
24758,C4920,9,186,District-Sant Kabir Nagar,Urban,Total,1762,1022,740,153,85,68,578,315,263,141,84,57,283,183,100,88,54,34,77,58,19,344,191,153,98,52,46
24759,C4920,9,186,District-Sant Kabir Nagar,Urban,0-4,102,53,49,6,3,3,46,29,17,3,2,1,5,5,0,3,0,3,0,0,0,34,12,22,5,2,3
24760,C4920,9,186,District-Sant Kabir Nagar,Urban,5-9,147,73,74,11,8,3,49,20,29,19,14,5,13,6,7,9,4,5,5,3,2,34,16,18,7,2,5
24761,C4920,9,186,District-Sant Kabir Nagar,Urban,10-19,412,244,168,24,13,11,129,77,52,34,19,15,66,43,23,28,15,13,20,14,6,88,49,39,23,14,9
24762,C4920,9,186,District-Sant Kabir Nagar,Urban,20-29,305,181,124,24,14,10,95,50,45,27,17,10,54,36,18,18,14,4,14,10,4,60,34,26,13,6,7
24763,C4920,9,186,District-Sant Kabir Nagar,Urban,30-39,192,107,85,11,6,5,46,19,27,24,13,11,39,22,17,12,8,4,13,10,3,40,25,15,7,4,3
24764,C4920,9,186,District-Sant Kabir Nagar,Urban,40-49,139,86,53,10,2,8,42,21,21,12,8,4,27,19,8,8,7,1,11,10,1,26,16,10,3,3,0
24765,C4920,9,186,District-Sant Kabir Nagar,Urban,50-59,143,82,61,15,9,6,56,27,29,8,4,4,24,16,8,7,4,3,7,6,1,14,9,5,12,7,5
24766,C4920,9,186,District-Sant Kabir Nagar,Urban,60-69,135,81,54,29,21,8,36,19,17,8,4,4,26,18,8,1,1,0,2,2,0,25,12,13,8,4,4
24767,C4920,9,186,District-Sant Kabir Nagar,Urban,70-79,81,48,33,13,4,9,20,12,8,4,2,2,21,13,8,0,0,0,3,3,0,16,12,4,4,2,2
24768,C4920,9,186,District-Sant Kabir Nagar,Urban,80-89,30,19,11,8,4,4,4,4,0,2,1,1,6,4,2,0,0,0,1,0,1,3,3,0,6,3,3
24769,C4920,9,186,District-Sant Kabir Nagar,Urban,90+,19,9,10,2,1,1,2,2,0,0,0,0,1,0,1,2,1,1,1,0,1,1,0,1,10,5,5
24770,C4920,9,186,District-Sant Kabir Nagar,Urban,Age Not Stated,57,39,18,0,0,0,53,35,18,0,0,0,1,1,0,0,0,0,0,0,0,3,3,0,0,0,0
24771,C4920,9,187,District-Mahrajganj,Total,Total,61861,34309,27552,14281,7613,6668,14430,7617,6813,4452,2513,1939,6810,4349,2461,2603,1550,1053,872,559,313,15770,8523,7247,2643,1585,1058
24772,C4920,9,187,District-Mahrajganj,Total,0-4,4698,2492,2206,1279,671,608,1182,617,565,83,51,32,221,122,99,137,64,73,16,11,5,1664,888,776,116,68,48
24773,C4920,9,187,District-Mahrajganj,Total,5-9,6959,3707,3252,1724,891,833,1706,891,815,559,309,250,344,213,131,286,164,122,56,37,19,2013,1043,970,271,159,112
24774,C4920,9,187,District-Mahrajganj,Total,10-19,13843,7576,6267,3153,1706,1447,3055,1565,1490,1113,619,494,1363,850,513,684,391,293,198,129,69,3590,1893,1697,687,423,264
24775,C4920,9,187,District-Mahrajganj,Total,20-29,9057,5179,3878,1928,1028,900,2074,1086,988,745,442,303,1110,773,337,473,308,165,178,120,58,2152,1162,990,397,260,137
24776,C4920,9,187,District-Mahrajganj,Total,30-39,7639,4239,3400,1698,882,816,1807,945,862,632,327,305,749,539,210,402,240,162,148,96,52,1949,1036,913,254,174,80
24777,C4920,9,187,District-Mahrajganj,Total,40-49,6006,3480,2526,1286,721,565,1411,756,655,529,301,228,621,439,182,274,173,101,124,82,42,1557,878,679,204,130,74
24778,C4920,9,187,District-Mahrajganj,Total,50-59,4572,2582,1990,1050,573,477,1093,575,518,324,182,142,652,409,243,150,94,56,66,36,30,1069,623,446,168,90,78
24779,C4920,9,187,District-Mahrajganj,Total,60-69,4467,2485,1982,1043,542,501,1058,596,462,255,166,89,819,466,353,104,68,36,52,28,24,923,510,413,213,109,104
24780,C4920,9,187,District-Mahrajganj,Total,70-79,2599,1444,1155,634,335,299,600,347,253,131,71,60,580,334,246,37,21,16,16,7,9,412,236,176,189,93,96
24781,C4920,9,187,District-Mahrajganj,Total,80-89,940,526,414,224,120,104,225,123,102,38,27,11,217,125,92,12,6,6,9,6,3,134,79,55,81,40,41
24782,C4920,9,187,District-Mahrajganj,Total,90+,416,244,172,93,47,46,97,60,37,14,8,6,83,46,37,11,4,7,4,3,1,71,48,23,43,28,15
24783,C4920,9,187,District-Mahrajganj,Total,Age Not Stated,665,355,310,169,97,72,122,56,66,29,10,19,51,33,18,33,17,16,5,4,1,236,127,109,20,11,9
24784,C4920,9,187,District-Mahrajganj,Rural,Total,59770,33133,26637,13969,7450,6519,13953,7375,6578,4227,2383,1844,6491,4151,2340,2476,1476,1000,805,517,288,15351,8290,7061,2498,1491,1007
24785,C4920,9,187,District-Mahrajganj,Rural,0-4,4595,2437,2158,1256,657,599,1154,603,551,80,50,30,220,121,99,128,59,69,16,11,5,1627,870,757,114,66,48
24786,C4920,9,187,District-Mahrajganj,Rural,5-9,6771,3607,3164,1702,880,822,1660,868,792,537,294,243,330,207,123,269,156,113,53,35,18,1974,1020,954,246,147,99
24787,C4920,9,187,District-Mahrajganj,Rural,10-19,13344,7302,6042,3094,1667,1427,2952,1508,1444,1039,582,457,1305,819,486,651,372,279,183,122,61,3477,1838,1639,643,394,249
24788,C4920,9,187,District-Mahrajganj,Rural,20-29,8707,4964,3743,1887,1005,882,2004,1048,956,709,417,292,1047,728,319,447,292,155,162,109,53,2077,1121,956,374,244,130
24789,C4920,9,187,District-Mahrajganj,Rural,30-39,7373,4090,3283,1665,868,797,1734,908,826,596,308,288,715,515,200,384,229,155,140,91,49,1895,1005,890,244,166,78
24790,C4920,9,187,District-Mahrajganj,Rural,40-49,5774,3334,2440,1250,701,549,1356,723,633,501,285,216,585,415,170,260,164,96,113,75,38,1517,848,669,192,123,69
24791,C4920,9,187,District-Mahrajganj,Rural,50-59,4414,2498,1916,1023,561,462,1049,560,489,312,176,136,624,387,237,145,91,54,60,32,28,1042,609,433,159,82,77
24792,C4920,9,187,District-Mahrajganj,Rural,60-69,4296,2396,1900,1005,529,476,1020,579,441,245,158,87,778,443,335,100,65,35,44,22,22,902,498,404,202,102,100
24793,C4920,9,187,District-Mahrajganj,Rural,70-79,2527,1409,1118,617,327,290,588,343,245,128,69,59,557,322,235,36,21,15,16,7,9,402,230,172,183,90,93
24794,C4920,9,187,District-Mahrajganj,Rural,80-89,910,510,400,216,116,100,221,121,100,38,27,11,202,117,85,12,6,6,9,6,3,134,79,55,78,38,40
24795,C4920,9,187,District-Mahrajganj,Rural,90+,400,235,165,87,44,43,93,58,35,14,8,6,79,44,35,11,4,7,4,3,1,69,46,23,43,28,15
24796,C4920,9,187,District-Mahrajganj,Rural,Age Not Stated,659,351,308,167,95,72,122,56,66,28,9,19,49,33,16,33,17,16,5,4,1,235,126,109,20,11,9
24797,C4920,9,187,District-Mahrajganj,Urban,Total,2091,1176,915,312,163,149,477,242,235,225,130,95,319,198,121,127,74,53,67,42,25,419,233,186,145,94,51
24798,C4920,9,187,District-Mahrajganj,Urban,0-4,103,55,48,23,14,9,28,14,14,3,1,2,1,1,0,9,5,4,0,0,0,37,18,19,2,2,0
24799,C4920,9,187,District-Mahrajganj,Urban,5-9,188,100,88,22,11,11,46,23,23,22,15,7,14,6,8,17,8,9,3,2,1,39,23,16,25,12,13
24800,C4920,9,187,District-Mahrajganj,Urban,10-19,499,274,225,59,39,20,103,57,46,74,37,37,58,31,27,33,19,14,15,7,8,113,55,58,44,29,15
24801,C4920,9,187,District-Mahrajganj,Urban,20-29,350,215,135,41,23,18,70,38,32,36,25,11,63,45,18,26,16,10,16,11,5,75,41,34,23,16,7
24802,C4920,9,187,District-Mahrajganj,Urban,30-39,266,149,117,33,14,19,73,37,36,36,19,17,34,24,10,18,11,7,8,5,3,54,31,23,10,8,2
24803,C4920,9,187,District-Mahrajganj,Urban,40-49,232,146,86,36,20,16,55,33,22,28,16,12,36,24,12,14,9,5,11,7,4,40,30,10,12,7,5
24804,C4920,9,187,District-Mahrajganj,Urban,50-59,158,84,74,27,12,15,44,15,29,12,6,6,28,22,6,5,3,2,6,4,2,27,14,13,9,8,1
24805,C4920,9,187,District-Mahrajganj,Urban,60-69,171,89,82,38,13,25,38,17,21,10,8,2,41,23,18,4,3,1,8,6,2,21,12,9,11,7,4
24806,C4920,9,187,District-Mahrajganj,Urban,70-79,72,35,37,17,8,9,12,4,8,3,2,1,23,12,11,1,0,1,0,0,0,10,6,4,6,3,3
24807,C4920,9,187,District-Mahrajganj,Urban,80-89,30,16,14,8,4,4,4,2,2,0,0,0,15,8,7,0,0,0,0,0,0,0,0,0,3,2,1
24808,C4920,9,187,District-Mahrajganj,Urban,90+,16,9,7,6,3,3,4,2,2,0,0,0,4,2,2,0,0,0,0,0,0,2,2,0,0,0,0
24809,C4920,9,187,District-Mahrajganj,Urban,Age Not Stated,6,4,2,2,2,0,0,0,0,1,1,0,2,0,2,0,0,0,0,0,0,1,1,0,0,0,0
24810,C4920,9,188,District-Gorakhpur,Total,Total,100730,55913,44817,19396,10223,9173,24191,12205,11986,7858,4347,3511,12222,8024,4198,4202,2572,1630,1898,1247,651,25466,14022,11444,5497,3273,2224
24811,C4920,9,188,District-Gorakhpur,Total,0-4,6377,3332,3045,1459,747,712,1786,884,902,135,72,63,244,135,109,183,107,76,30,22,8,2258,1209,1049,282,156,126
24812,C4920,9,188,District-Gorakhpur,Total,5-9,9585,5177,4408,2098,1133,965,2455,1250,1205,839,446,393,567,356,211,364,202,162,109,70,39,2612,1389,1223,541,331,210
24813,C4920,9,188,District-Gorakhpur,Total,10-19,22179,12015,10164,4253,2184,2069,5255,2650,2605,1943,1071,872,2324,1397,927,1151,670,481,417,246,171,5574,3027,2547,1262,770,492
24814,C4920,9,188,District-Gorakhpur,Total,20-29,16165,9062,7103,2809,1498,1311,3667,1758,1909,1395,771,624,2248,1522,726,825,503,322,375,254,121,3994,2221,1773,852,535,317
24815,C4920,9,188,District-Gorakhpur,Total,30-39,12951,7276,5675,2152,1120,1032,3178,1587,1591,1099,611,488,1517,1084,433,668,441,227,348,242,106,3413,1838,1575,576,353,223
24816,C4920,9,188,District-Gorakhpur,Total,40-49,10207,5916,4291,1862,972,890,2412,1255,1157,893,492,401,1286,915,371,458,310,148,253,188,65,2608,1502,1106,435,282,153
24817,C4920,9,188,District-Gorakhpur,Total,50-59,7813,4450,3363,1565,865,700,1859,924,935,626,350,276,1132,771,361,237,159,78,143,93,50,1933,1092,841,318,196,122
24818,C4920,9,188,District-Gorakhpur,Total,60-69,7615,4296,3319,1563,829,734,1752,933,819,518,299,219,1446,946,500,162,92,70,113,61,52,1640,913,727,421,223,198
24819,C4920,9,188,District-Gorakhpur,Total,70-79,4592,2642,1950,981,546,435,1103,589,514,239,131,108,902,567,335,77,41,36,66,44,22,774,477,297,450,247,203
24820,C4920,9,188,District-Gorakhpur,Total,80-89,1784,975,809,393,203,190,426,224,202,79,56,23,362,207,155,25,15,10,19,8,11,242,144,98,238,118,120
24821,C4920,9,188,District-Gorakhpur,Total,90+,681,345,336,129,58,71,153,86,67,33,16,17,124,72,52,18,9,9,12,7,5,106,45,61,106,52,54
24822,C4920,9,188,District-Gorakhpur,Total,Age Not Stated,781,427,354,132,68,64,145,65,80,59,32,27,70,52,18,34,23,11,13,12,1,312,165,147,16,10,6
24823,C4920,9,188,District-Gorakhpur,Rural,Total,79796,44560,35236,16264,8550,7714,17989,9262,8727,6001,3319,2682,10143,6667,3476,3363,2063,1300,1500,992,508,20494,11263,9231,4042,2444,1598
24824,C4920,9,188,District-Gorakhpur,Rural,0-4,5104,2683,2421,1240,639,601,1404,713,691,104,54,50,202,109,93,149,86,63,27,20,7,1797,966,831,181,96,85
24825,C4920,9,188,District-Gorakhpur,Rural,5-9,7809,4263,3546,1777,967,810,1921,1007,914,668,366,302,489,312,177,302,167,135,86,56,30,2189,1149,1040,377,239,138
24826,C4920,9,188,District-Gorakhpur,Rural,10-19,17649,9614,8035,3504,1779,1725,3902,2003,1899,1525,833,692,1949,1177,772,939,548,391,318,183,135,4547,2486,2061,965,605,360
24827,C4920,9,188,District-Gorakhpur,Rural,20-29,12308,6964,5344,2278,1215,1063,2569,1252,1317,1021,561,460,1845,1262,583,642,398,244,291,200,91,3067,1690,1377,595,386,209
24828,C4920,9,188,District-Gorakhpur,Rural,30-39,9968,5708,4260,1739,909,830,2255,1170,1085,833,475,358,1239,888,351,527,353,174,292,208,84,2701,1455,1246,382,250,132
24829,C4920,9,188,District-Gorakhpur,Rural,40-49,7844,4535,3309,1567,807,760,1687,904,783,666,367,299,1033,730,303,352,238,114,193,143,50,2048,1149,899,298,197,101
24830,C4920,9,188,District-Gorakhpur,Rural,50-59,6217,3542,2675,1352,751,601,1355,653,702,474,262,212,930,636,294,189,123,66,113,72,41,1564,899,665,240,146,94
24831,C4920,9,188,District-Gorakhpur,Rural,60-69,6340,3555,2785,1397,736,661,1390,750,640,396,223,173,1221,786,435,136,78,58,92,48,44,1388,768,620,320,166,154
24832,C4920,9,188,District-Gorakhpur,Rural,70-79,3871,2237,1634,862,478,384,900,490,410,192,98,94,768,486,282,66,34,32,52,39,13,658,408,250,373,204,169
24833,C4920,9,188,District-Gorakhpur,Rural,80-89,1538,843,695,354,180,174,368,196,172,66,48,18,306,179,127,18,11,7,16,7,9,207,124,83,203,98,105
24834,C4920,9,188,District-Gorakhpur,Rural,90+,556,291,265,111,50,61,119,70,49,18,11,7,105,61,44,14,7,7,10,7,3,84,37,47,95,48,47
24835,C4920,9,188,District-Gorakhpur,Rural,Age Not Stated,592,325,267,83,39,44,119,54,65,38,21,17,56,41,15,29,20,9,10,9,1,244,132,112,13,9,4
24836,C4920,9,188,District-Gorakhpur,Urban,Total,20934,11353,9581,3132,1673,1459,6202,2943,3259,1857,1028,829,2079,1357,722,839,509,330,398,255,143,4972,2759,2213,1455,829,626
24837,C4920,9,188,District-Gorakhpur,Urban,0-4,1273,649,624,219,108,111,382,171,211,31,18,13,42,26,16,34,21,13,3,2,1,461,243,218,101,60,41
24838,C4920,9,188,District-Gorakhpur,Urban,5-9,1776,914,862,321,166,155,534,243,291,171,80,91,78,44,34,62,35,27,23,14,9,423,240,183,164,92,72
24839,C4920,9,188,District-Gorakhpur,Urban,10-19,4530,2401,2129,749,405,344,1353,647,706,418,238,180,375,220,155,212,122,90,99,63,36,1027,541,486,297,165,132
24840,C4920,9,188,District-Gorakhpur,Urban,20-29,3857,2098,1759,531,283,248,1098,506,592,374,210,164,403,260,143,183,105,78,84,54,30,927,531,396,257,149,108
24841,C4920,9,188,District-Gorakhpur,Urban,30-39,2983,1568,1415,413,211,202,923,417,506,266,136,130,278,196,82,141,88,53,56,34,22,712,383,329,194,103,91
24842,C4920,9,188,District-Gorakhpur,Urban,40-49,2363,1381,982,295,165,130,725,351,374,227,125,102,253,185,68,106,72,34,60,45,15,560,353,207,137,85,52
24843,C4920,9,188,District-Gorakhpur,Urban,50-59,1596,908,688,213,114,99,504,271,233,152,88,64,202,135,67,48,36,12,30,21,9,369,193,176,78,50,28
24844,C4920,9,188,District-Gorakhpur,Urban,60-69,1275,741,534,166,93,73,362,183,179,122,76,46,225,160,65,26,14,12,21,13,8,252,145,107,101,57,44
24845,C4920,9,188,District-Gorakhpur,Urban,70-79,721,405,316,119,68,51,203,99,104,47,33,14,134,81,53,11,7,4,14,5,9,116,69,47,77,43,34
24846,C4920,9,188,District-Gorakhpur,Urban,80-89,246,132,114,39,23,16,58,28,30,13,8,5,56,28,28,7,4,3,3,1,2,35,20,15,35,20,15
24847,C4920,9,188,District-Gorakhpur,Urban,90+,125,54,71,18,8,10,34,16,18,15,5,10,19,11,8,4,2,2,2,0,2,22,8,14,11,4,7
24848,C4920,9,188,District-Gorakhpur,Urban,Age Not Stated,189,102,87,49,29,20,26,11,15,21,11,10,14,11,3,5,3,2,3,3,0,68,33,35,3,1,2
24849,C4920,9,189,District-Kushinagar,Total,Total,139672,75176,64496,54071,28206,25865,40504,21292,19212,6604,3634,2970,8036,5331,2705,2935,1713,1222,1005,663,342,22825,12136,10689,3692,2201,1491
24850,C4920,9,189,District-Kushinagar,Total,0-4,12518,6452,6066,5528,2832,2696,3816,1983,1833,138,70,68,237,143,94,167,88,79,22,17,5,2404,1215,1189,206,104,102
24851,C4920,9,189,District-Kushinagar,Total,5-9,17146,8976,8170,7164,3747,3417,5062,2591,2471,862,443,419,482,304,178,362,180,182,66,37,29,2732,1420,1312,416,254,162
24852,C4920,9,189,District-Kushinagar,Total,10-19,31346,16593,14753,12280,6307,5973,8976,4620,4356,1544,849,695,1668,1069,599,787,474,313,232,143,89,4999,2621,2378,860,510,350
24853,C4920,9,189,District-Kushinagar,Total,20-29,20783,11154,9629,7755,3901,3854,5880,3017,2863,1082,615,467,1458,1026,432,490,289,201,208,158,50,3308,1755,1553,602,393,209
24854,C4920,9,189,District-Kushinagar,Total,30-39,18036,9757,8279,6720,3479,3241,5244,2700,2544,1035,577,458,1002,716,286,453,283,170,170,118,52,2972,1602,1370,440,282,158
24855,C4920,9,189,District-Kushinagar,Total,40-49,13067,7248,5819,4839,2590,2249,3879,2123,1756,710,374,336,784,558,226,264,158,106,118,81,37,2215,1205,1010,258,159,99
24856,C4920,9,189,District-Kushinagar,Total,50-59,9511,5348,4163,3573,1925,1648,2837,1593,1244,502,277,225,676,450,226,165,103,62,73,46,27,1502,848,654,183,106,77
24857,C4920,9,189,District-Kushinagar,Total,60-69,8651,4797,3854,3191,1762,1429,2527,1379,1148,392,221,171,840,512,328,123,66,57,65,38,27,1287,693,594,226,126,100
24858,C4920,9,189,District-Kushinagar,Total,70-79,4496,2573,1923,1512,847,665,1265,724,541,190,115,75,512,326,186,49,31,18,33,14,19,680,375,305,255,141,114
24859,C4920,9,189,District-Kushinagar,Total,80-89,1524,818,706,504,265,239,388,214,174,51,27,24,209,125,84,21,10,11,4,3,1,211,102,109,136,72,64
24860,C4920,9,189,District-Kushinagar,Total,90+,813,465,348,310,172,138,201,117,84,18,13,5,74,45,29,14,7,7,3,1,2,135,82,53,58,28,30
24861,C4920,9,189,District-Kushinagar,Total,Age Not Stated,1781,995,786,695,379,316,429,231,198,80,53,27,94,57,37,40,24,16,11,7,4,380,218,162,52,26,26
24862,C4920,9,189,District-Kushinagar,Rural,Total,135390,72734,62656,52955,27617,25338,38997,20455,18542,6401,3509,2892,7622,5058,2564,2838,1644,1194,960,632,328,22043,11691,10352,3574,2128,1446
24863,C4920,9,189,District-Kushinagar,Rural,0-4,12173,6246,5927,5436,2775,2661,3675,1899,1776,132,66,66,225,134,91,163,86,77,20,16,4,2317,1166,1151,205,104,101
24864,C4920,9,189,District-Kushinagar,Rural,5-9,16707,8753,7954,7024,3680,3344,4902,2511,2391,843,434,409,458,293,165,352,173,179,65,36,29,2661,1379,1282,402,247,155
24865,C4920,9,189,District-Kushinagar,Rural,10-19,30450,16109,14341,12029,6176,5853,8668,4470,4198,1504,822,682,1588,1019,569,755,451,304,227,142,85,4844,2532,2312,835,497,338
24866,C4920,9,189,District-Kushinagar,Rural,20-29,20052,10728,9324,7574,3815,3759,5646,2884,2762,1038,586,452,1371,964,407,476,279,197,195,149,46,3170,1674,1496,582,377,205
24867,C4920,9,189,District-Kushinagar,Rural,30-39,17492,9439,8053,6602,3408,3194,5058,2591,2467,999,557,442,953,684,269,436,272,164,159,110,49,2860,1545,1315,425,272,153
24868,C4920,9,189,District-Kushinagar,Rural,40-49,12627,6980,5647,4713,2523,2190,3722,2028,1694,694,360,334,745,527,218,260,154,106,115,78,37,2129,1158,971,249,152,97
24869,C4920,9,189,District-Kushinagar,Rural,50-59,9182,5149,4033,3500,1885,1615,2700,1516,1184,488,268,220,634,419,215,159,98,61,69,42,27,1455,816,639,177,105,72
24870,C4920,9,189,District-Kushinagar,Rural,60-69,8380,4639,3741,3128,1729,1399,2434,1320,1114,377,215,162,797,487,310,120,64,56,63,36,27,1246,670,576,215,118,97
24871,C4920,9,189,District-Kushinagar,Rural,70-79,4363,2497,1866,1478,831,647,1224,700,524,184,113,71,490,311,179,44,27,17,30,13,17,667,368,299,246,134,112
24872,C4920,9,189,District-Kushinagar,Rural,80-89,1478,793,685,491,258,233,374,207,167,49,26,23,200,121,79,19,9,10,4,3,1,208,99,109,133,70,63
24873,C4920,9,189,District-Kushinagar,Rural,90+,789,449,340,304,168,136,192,110,82,18,13,5,70,42,28,14,7,7,3,1,2,131,80,51,57,28,29
24874,C4920,9,189,District-Kushinagar,Rural,Age Not Stated,1697,952,745,676,369,307,402,219,183,75,49,26,91,57,34,40,24,16,10,6,4,355,204,151,48,24,24
24875,C4920,9,189,District-Kushinagar,Urban,Total,4282,2442,1840,1116,589,527,1507,837,670,203,125,78,414,273,141,97,69,28,45,31,14,782,445,337,118,73,45
24876,C4920,9,189,District-Kushinagar,Urban,0-4,345,206,139,92,57,35,141,84,57,6,4,2,12,9,3,4,2,2,2,1,1,87,49,38,1,0,1
24877,C4920,9,189,District-Kushinagar,Urban,5-9,439,223,216,140,67,73,160,80,80,19,9,10,24,11,13,10,7,3,1,1,0,71,41,30,14,7,7
24878,C4920,9,189,District-Kushinagar,Urban,10-19,896,484,412,251,131,120,308,150,158,40,27,13,80,50,30,32,23,9,5,1,4,155,89,66,25,13,12
24879,C4920,9,189,District-Kushinagar,Urban,20-29,731,426,305,181,86,95,234,133,101,44,29,15,87,62,25,14,10,4,13,9,4,138,81,57,20,16,4
24880,C4920,9,189,District-Kushinagar,Urban,30-39,544,318,226,118,71,47,186,109,77,36,20,16,49,32,17,17,11,6,11,8,3,112,57,55,15,10,5
24881,C4920,9,189,District-Kushinagar,Urban,40-49,440,268,172,126,67,59,157,95,62,16,14,2,39,31,8,4,4,0,3,3,0,86,47,39,9,7,2
24882,C4920,9,189,District-Kushinagar,Urban,50-59,329,199,130,73,40,33,137,77,60,14,9,5,42,31,11,6,5,1,4,4,0,47,32,15,6,1,5
24883,C4920,9,189,District-Kushinagar,Urban,60-69,271,158,113,63,33,30,93,59,34,15,6,9,43,25,18,3,2,1,2,2,0,41,23,18,11,8,3
24884,C4920,9,189,District-Kushinagar,Urban,70-79,133,76,57,34,16,18,41,24,17,6,2,4,22,15,7,5,4,1,3,1,2,13,7,6,9,7,2
24885,C4920,9,189,District-Kushinagar,Urban,80-89,46,25,21,13,7,6,14,7,7,2,1,1,9,4,5,2,1,1,0,0,0,3,3,0,3,2,1
24886,C4920,9,189,District-Kushinagar,Urban,90+,24,16,8,6,4,2,9,7,2,0,0,0,4,3,1,0,0,0,0,0,0,4,2,2,1,0,1
24887,C4920,9,189,District-Kushinagar,Urban,Age Not Stated,84,43,41,19,10,9,27,12,15,5,4,1,3,0,3,0,0,0,1,1,0,25,14,11,4,2,2
24888,C4920,9,190,District-Deoria,Total,Total,71103,39211,31892,18412,9456,8956,14308,7523,6785,5221,2801,2420,10555,6836,3719,3407,1993,1414,1192,796,396,14122,7513,6609,3886,2293,1593
24889,C4920,9,190,District-Deoria,Total,0-4,4485,2383,2102,1356,695,661,1066,590,476,111,51,60,250,153,97,203,103,100,18,13,5,1269,668,601,212,110,102
24890,C4920,9,190,District-Deoria,Total,5-9,7094,3844,3250,2039,1057,982,1544,819,725,612,342,270,546,348,198,349,202,147,51,23,28,1538,790,748,415,263,152
24891,C4920,9,190,District-Deoria,Total,10-19,15437,8379,7058,3737,1899,1838,2997,1573,1424,1390,737,653,2051,1261,790,939,557,382,269,169,100,3151,1635,1516,903,548,355
24892,C4920,9,190,District-Deoria,Total,20-29,10371,5762,4609,2246,1121,1125,2023,1023,1000,881,459,422,1810,1228,582,568,331,237,249,170,79,2055,1097,958,539,333,206
24893,C4920,9,190,District-Deoria,Total,30-39,8522,4742,3780,1956,961,995,1727,892,835,711,361,350,1273,890,383,497,304,193,232,173,59,1752,915,837,374,246,128
24894,C4920,9,190,District-Deoria,Total,40-49,6916,3972,2944,1704,905,799,1401,737,664,543,287,256,1108,784,324,363,213,150,148,114,34,1398,760,638,251,172,79
24895,C4920,9,190,District-Deoria,Total,50-59,5710,3248,2462,1577,839,738,1132,588,544,398,236,162,967,653,314,210,132,78,94,62,32,1107,608,499,225,130,95
24896,C4920,9,190,District-Deoria,Total,60-69,6119,3317,2802,1879,962,917,1213,654,559,322,175,147,1198,713,485,154,84,70,73,39,34,967,532,435,313,158,155
24897,C4920,9,190,District-Deoria,Total,70-79,4103,2294,1809,1245,667,578,769,428,341,166,100,66,883,526,357,85,45,40,40,24,16,554,316,238,361,188,173
24898,C4920,9,190,District-Deoria,Total,80-89,1521,835,686,461,239,222,269,140,129,65,39,26,326,197,129,22,14,8,13,7,6,184,105,79,181,94,87
24899,C4920,9,190,District-Deoria,Total,90+,525,276,249,113,60,53,104,43,61,17,12,5,120,68,52,7,5,2,4,1,3,62,40,22,98,47,51
24900,C4920,9,190,District-Deoria,Total,Age Not Stated,300,159,141,99,51,48,63,36,27,5,2,3,23,15,8,10,3,7,1,1,0,85,47,38,14,4,10
24901,C4920,9,190,District-Deoria,Rural,Total,65112,35734,29378,17231,8800,8431,12981,6769,6212,4771,2554,2217,9480,6129,3351,3130,1835,1295,1007,674,333,12898,6841,6057,3614,2132,1482
24902,C4920,9,190,District-Deoria,Rural,0-4,4224,2228,1996,1313,669,644,1000,550,450,103,47,56,221,129,92,193,99,94,16,12,4,1179,619,560,199,103,96
24903,C4920,9,190,District-Deoria,Rural,5-9,6590,3574,3016,1936,1002,934,1408,754,654,563,316,247,493,314,179,331,191,140,43,19,24,1436,740,696,380,238,142
24904,C4920,9,190,District-Deoria,Rural,10-19,14235,7711,6524,3531,1794,1737,2716,1409,1307,1273,674,599,1862,1147,715,873,520,353,223,136,87,2913,1512,1401,844,519,325
24905,C4920,9,190,District-Deoria,Rural,20-29,9374,5177,4197,2096,1038,1058,1789,883,906,803,421,382,1621,1102,519,504,296,208,212,148,64,1843,981,862,506,308,198
24906,C4920,9,190,District-Deoria,Rural,30-39,7704,4273,3431,1799,878,921,1563,809,754,636,317,319,1125,793,332,456,278,178,196,149,47,1578,821,757,351,228,123
24907,C4920,9,190,District-Deoria,Rural,40-49,6223,3539,2684,1538,800,738,1259,653,606,508,269,239,975,690,285,323,186,137,130,98,32,1260,684,576,230,159,71
24908,C4920,9,190,District-Deoria,Rural,50-59,5164,2893,2271,1468,772,696,1020,524,496,359,210,149,850,566,284,190,122,68,82,52,30,997,535,462,198,112,86
24909,C4920,9,190,District-Deoria,Rural,60-69,5640,3041,2599,1758,890,868,1123,601,522,293,157,136,1084,643,441,142,80,62,57,32,25,890,489,401,293,149,144
24910,C4920,9,190,District-Deoria,Rural,70-79,3786,2125,1661,1164,627,537,693,382,311,155,95,60,822,490,332,82,43,39,33,21,12,497,286,211,340,181,159
24911,C4920,9,190,District-Deoria,Rural,80-89,1395,764,631,427,224,203,250,127,123,57,35,22,296,180,116,19,12,7,10,5,5,168,94,74,168,87,81
24912,C4920,9,190,District-Deoria,Rural,90+,493,259,234,107,57,50,97,41,56,17,12,5,112,63,49,7,5,2,4,1,3,57,36,21,92,44,48
24913,C4920,9,190,District-Deoria,Rural,Age Not Stated,284,150,134,94,49,45,63,36,27,4,1,3,19,12,7,10,3,7,1,1,0,80,44,36,13,4,9
24914,C4920,9,190,District-Deoria,Urban,Total,5991,3477,2514,1181,656,525,1327,754,573,450,247,203,1075,707,368,277,158,119,185,122,63,1224,672,552,272,161,111
24915,C4920,9,190,District-Deoria,Urban,0-4,261,155,106,43,26,17,66,40,26,8,4,4,29,24,5,10,4,6,2,1,1,90,49,41,13,7,6
24916,C4920,9,190,District-Deoria,Urban,5-9,504,270,234,103,55,48,136,65,71,49,26,23,53,34,19,18,11,7,8,4,4,102,50,52,35,25,10
24917,C4920,9,190,District-Deoria,Urban,10-19,1202,668,534,206,105,101,281,164,117,117,63,54,189,114,75,66,37,29,46,33,13,238,123,115,59,29,30
24918,C4920,9,190,District-Deoria,Urban,20-29,997,585,412,150,83,67,234,140,94,78,38,40,189,126,63,64,35,29,37,22,15,212,116,96,33,25,8
24919,C4920,9,190,District-Deoria,Urban,30-39,818,469,349,157,83,74,164,83,81,75,44,31,148,97,51,41,26,15,36,24,12,174,94,80,23,18,5
24920,C4920,9,190,District-Deoria,Urban,40-49,693,433,260,166,105,61,142,84,58,35,18,17,133,94,39,40,27,13,18,16,2,138,76,62,21,13,8
24921,C4920,9,190,District-Deoria,Urban,50-59,546,355,191,109,67,42,112,64,48,39,26,13,117,87,30,20,10,10,12,10,2,110,73,37,27,18,9
24922,C4920,9,190,District-Deoria,Urban,60-69,479,276,203,121,72,49,90,53,37,29,18,11,114,70,44,12,4,8,16,7,9,77,43,34,20,9,11
24923,C4920,9,190,District-Deoria,Urban,70-79,317,169,148,81,40,41,76,46,30,11,5,6,61,36,25,3,2,1,7,3,4,57,30,27,21,7,14
24924,C4920,9,190,District-Deoria,Urban,80-89,126,71,55,34,15,19,19,13,6,8,4,4,30,17,13,3,2,1,3,2,1,16,11,5,13,7,6
24925,C4920,9,190,District-Deoria,Urban,90+,32,17,15,6,3,3,7,2,5,0,0,0,8,5,3,0,0,0,0,0,0,5,4,1,6,3,3
24926,C4920,9,190,District-Deoria,Urban,Age Not Stated,16,9,7,5,2,3,0,0,0,1,1,0,4,3,1,0,0,0,0,0,0,5,3,2,1,0,1
24927,C4920,9,191,District-Azamgarh,Total,Total,76114,42559,33555,9524,4972,4552,18931,9597,9334,5629,3114,2515,13883,8971,4912,3938,2458,1480,1984,1269,715,17211,9203,8008,5014,2975,2039
24928,C4920,9,191,District-Azamgarh,Total,0-4,4373,2327,2046,594,310,284,1480,767,713,117,64,53,350,200,150,108,60,48,28,12,16,1516,806,710,180,108,72
24929,C4920,9,191,District-Azamgarh,Total,5-9,7554,4027,3527,868,449,419,2268,1143,1125,719,385,334,824,494,330,339,204,135,94,58,36,1885,961,924,557,333,224
24930,C4920,9,191,District-Azamgarh,Total,10-19,17473,9464,8009,1847,954,893,4270,2166,2104,1586,863,723,2882,1742,1140,1202,700,502,512,293,219,3878,1975,1903,1296,771,525
24931,C4920,9,191,District-Azamgarh,Total,20-29,11310,6545,4765,1101,591,510,2637,1314,1323,917,517,400,2257,1551,706,745,481,264,407,270,137,2512,1343,1169,734,478,256
24932,C4920,9,191,District-Azamgarh,Total,30-39,8909,5070,3839,903,484,419,2231,1103,1128,688,362,326,1538,1077,461,630,417,213,347,236,111,2148,1125,1023,424,266,158
24933,C4920,9,191,District-Azamgarh,Total,40-49,7308,4323,2985,868,470,398,1757,887,870,572,328,244,1363,981,382,415,278,137,256,189,67,1720,960,760,357,230,127
24934,C4920,9,191,District-Azamgarh,Total,50-59,5698,3313,2385,818,443,375,1324,658,666,400,221,179,1228,838,390,231,160,71,160,108,52,1222,688,534,315,197,118
24935,C4920,9,191,District-Azamgarh,Total,60-69,6390,3576,2814,1159,579,580,1393,707,686,353,201,152,1576,989,587,171,96,75,116,64,52,1191,713,478,431,227,204
24936,C4920,9,191,District-Azamgarh,Total,70-79,4246,2397,1849,813,422,391,950,522,428,192,121,71,1150,697,453,59,37,22,39,24,15,662,375,287,381,199,182
24937,C4920,9,191,District-Azamgarh,Total,80-89,1714,929,785,334,167,167,351,192,159,54,35,19,513,288,225,13,9,4,19,13,6,220,118,102,210,107,103
24938,C4920,9,191,District-Azamgarh,Total,90+,625,321,304,121,53,68,129,71,58,16,10,6,169,94,75,6,5,1,0,0,0,77,42,35,107,46,61
24939,C4920,9,191,District-Azamgarh,Total,Age Not Stated,514,267,247,98,50,48,141,67,74,15,7,8,33,20,13,19,11,8,6,2,4,180,97,83,22,13,9
24940,C4920,9,191,District-Azamgarh,Rural,Total,69947,39165,30782,8397,4352,4045,17604,9038,8566,5235,2891,2344,12823,8270,4553,3642,2262,1380,1835,1182,653,15776,8409,7367,4635,2761,1874
24941,C4920,9,191,District-Azamgarh,Rural,0-4,3996,2147,1849,508,266,242,1359,724,635,105,56,49,321,180,141,98,55,43,26,11,15,1418,758,660,161,97,64
24942,C4920,9,191,District-Azamgarh,Rural,5-9,6944,3710,3234,715,369,346,2107,1085,1022,675,358,317,773,456,317,315,190,125,89,56,33,1742,880,862,528,316,212
24943,C4920,9,191,District-Azamgarh,Rural,10-19,15978,8691,7287,1579,811,768,3948,2025,1923,1462,803,659,2663,1621,1042,1115,646,469,474,268,206,3549,1810,1739,1188,707,481
24944,C4920,9,191,District-Azamgarh,Rural,20-29,10296,5952,4344,965,517,448,2420,1218,1202,845,474,371,2066,1413,653,678,432,246,377,252,125,2264,1197,1067,681,449,232
24945,C4920,9,191,District-Azamgarh,Rural,30-39,8181,4645,3536,784,415,369,2084,1034,1050,648,340,308,1411,992,419,583,385,198,320,220,100,1968,1021,947,383,238,145
24946,C4920,9,191,District-Azamgarh,Rural,40-49,6687,3965,2722,769,414,355,1628,828,800,537,303,234,1244,901,343,383,254,129,235,177,58,1565,875,690,326,213,113
24947,C4920,9,191,District-Azamgarh,Rural,50-59,5234,3050,2184,731,391,340,1235,624,611,360,202,158,1137,771,366,211,147,64,145,99,46,1123,633,490,292,183,109
24948,C4920,9,191,District-Azamgarh,Rural,60-69,5984,3339,2645,1067,528,539,1323,682,641,343,193,150,1467,906,561,167,95,72,108,62,46,1102,658,444,407,215,192
24949,C4920,9,191,District-Azamgarh,Rural,70-79,3976,2243,1733,761,390,371,900,497,403,179,112,67,1073,652,421,57,35,22,37,23,14,619,346,273,350,188,162
24950,C4920,9,191,District-Azamgarh,Rural,80-89,1621,881,740,316,156,160,340,186,154,50,33,17,482,273,209,11,8,3,18,12,6,206,113,93,198,100,98
24951,C4920,9,191,District-Azamgarh,Rural,90+,589,302,287,116,51,65,122,68,54,16,10,6,155,85,70,6,5,1,0,0,0,74,40,34,100,43,57
24952,C4920,9,191,District-Azamgarh,Rural,Age Not Stated,461,240,221,86,44,42,138,67,71,15,7,8,31,20,11,18,10,8,6,2,4,146,78,68,21,12,9
24953,C4920,9,191,District-Azamgarh,Urban,Total,6167,3394,2773,1127,620,507,1327,559,768,394,223,171,1060,701,359,296,196,100,149,87,62,1435,794,641,379,214,165
24954,C4920,9,191,District-Azamgarh,Urban,0-4,377,180,197,86,44,42,121,43,78,12,8,4,29,20,9,10,5,5,2,1,1,98,48,50,19,11,8
24955,C4920,9,191,District-Azamgarh,Urban,5-9,610,317,293,153,80,73,161,58,103,44,27,17,51,38,13,24,14,10,5,2,3,143,81,62,29,17,12
24956,C4920,9,191,District-Azamgarh,Urban,10-19,1495,773,722,268,143,125,322,141,181,124,60,64,219,121,98,87,54,33,38,25,13,329,165,164,108,64,44
24957,C4920,9,191,District-Azamgarh,Urban,20-29,1014,593,421,136,74,62,217,96,121,72,43,29,191,138,53,67,49,18,30,18,12,248,146,102,53,29,24
24958,C4920,9,191,District-Azamgarh,Urban,30-39,728,425,303,119,69,50,147,69,78,40,22,18,127,85,42,47,32,15,27,16,11,180,104,76,41,28,13
24959,C4920,9,191,District-Azamgarh,Urban,40-49,621,358,263,99,56,43,129,59,70,35,25,10,119,80,39,32,24,8,21,12,9,155,85,70,31,17,14
24960,C4920,9,191,District-Azamgarh,Urban,50-59,464,263,201,87,52,35,89,34,55,40,19,21,91,67,24,20,13,7,15,9,6,99,55,44,23,14,9
24961,C4920,9,191,District-Azamgarh,Urban,60-69,406,237,169,92,51,41,70,25,45,10,8,2,109,83,26,4,1,3,8,2,6,89,55,34,24,12,12
24962,C4920,9,191,District-Azamgarh,Urban,70-79,270,154,116,52,32,20,50,25,25,13,9,4,77,45,32,2,2,0,2,1,1,43,29,14,31,11,20
24963,C4920,9,191,District-Azamgarh,Urban,80-89,93,48,45,18,11,7,11,6,5,4,2,2,31,15,16,2,1,1,1,1,0,14,5,9,12,7,5
24964,C4920,9,191,District-Azamgarh,Urban,90+,36,19,17,5,2,3,7,3,4,0,0,0,14,9,5,0,0,0,0,0,0,3,2,1,7,3,4
24965,C4920,9,191,District-Azamgarh,Urban,Age Not Stated,53,27,26,12,6,6,3,0,3,0,0,0,2,0,2,1,1,0,0,0,0,34,19,15,1,1,0
24966,C4920,9,192,District-Mau,Total,Total,38910,21725,17185,5301,2804,2497,8984,4639,4345,3234,1741,1493,5875,3797,2078,1929,1207,722,945,603,342,10306,5515,4791,2336,1419,917
24967,C4920,9,192,District-Mau,Total,0-4,2559,1329,1230,404,204,200,739,371,368,64,35,29,156,91,65,82,37,45,14,9,5,1007,532,475,93,50,43
24968,C4920,9,192,District-Mau,Total,5-9,4368,2362,2006,635,316,319,1131,578,553,440,230,210,400,244,156,192,128,64,55,29,26,1220,644,576,295,193,102
24969,C4920,9,192,District-Mau,Total,10-19,9299,5054,4245,1137,596,541,2146,1131,1015,854,436,418,1250,748,502,581,347,234,244,140,104,2362,1214,1148,725,442,283
24970,C4920,9,192,District-Mau,Total,20-29,5871,3342,2529,700,372,328,1338,673,665,533,289,244,968,672,296,372,234,138,165,108,57,1434,771,663,361,223,138
24971,C4920,9,192,District-Mau,Total,30-39,4651,2670,1981,548,295,253,1041,545,496,401,209,192,710,471,239,276,184,92,158,111,47,1305,721,584,212,134,78
24972,C4920,9,192,District-Mau,Total,40-49,3660,2157,1503,440,254,186,802,408,394,338,193,145,588,420,168,203,133,70,141,99,42,991,541,450,157,109,48
24973,C4920,9,192,District-Mau,Total,50-59,2829,1645,1184,443,252,191,626,328,298,235,131,104,525,352,173,97,57,40,81,58,23,719,404,315,103,63,40
24974,C4920,9,192,District-Mau,Total,60-69,2855,1622,1233,490,250,240,614,311,303,192,111,81,620,420,200,71,51,20,53,32,21,662,353,309,153,94,59
24975,C4920,9,192,District-Mau,Total,70-79,1685,967,718,312,178,134,326,175,151,106,66,40,424,249,175,32,22,10,26,14,12,338,193,145,121,70,51
24976,C4920,9,192,District-Mau,Total,80-89,645,327,318,112,51,61,129,73,56,31,19,12,162,91,71,12,7,5,3,2,1,122,61,61,74,23,51
24977,C4920,9,192,District-Mau,Total,90+,254,124,130,39,17,22,56,28,28,18,9,9,56,27,29,5,2,3,2,1,1,47,29,18,31,11,20
24978,C4920,9,192,District-Mau,Total,Age Not Stated,234,126,108,41,19,22,36,18,18,22,13,9,16,12,4,6,5,1,3,0,3,99,52,47,11,7,4
24979,C4920,9,192,District-Mau,Rural,Total,31149,17323,13826,4001,2108,1893,7454,3812,3642,2411,1299,1112,4507,2966,1541,1589,990,599,644,416,228,8784,4679,4105,1759,1053,706
24980,C4920,9,192,District-Mau,Rural,0-4,2111,1110,1001,304,156,148,626,320,306,54,31,23,120,75,45,70,32,38,10,5,5,852,454,398,75,37,38
24981,C4920,9,192,District-Mau,Rural,5-9,3493,1889,1604,473,236,237,947,489,458,330,170,160,306,194,112,159,104,55,40,22,18,1024,538,486,214,136,78
24982,C4920,9,192,District-Mau,Rural,10-19,7351,4002,3349,815,431,384,1774,931,843,644,333,311,927,569,358,487,294,193,186,110,76,2007,1033,974,511,301,210
24983,C4920,9,192,District-Mau,Rural,20-29,4626,2612,2014,513,270,243,1086,541,545,384,206,178,744,519,225,298,182,116,110,68,42,1223,659,564,268,167,101
24984,C4920,9,192,District-Mau,Rural,30-39,3751,2118,1633,421,225,196,869,436,433,292,151,141,565,373,192,220,148,72,108,79,29,1107,598,509,169,108,61
24985,C4920,9,192,District-Mau,Rural,40-49,2911,1695,1216,335,191,144,649,323,326,245,139,106,444,325,119,162,105,57,93,68,25,848,451,397,135,93,42
24986,C4920,9,192,District-Mau,Rural,50-59,2178,1255,923,333,186,147,508,262,246,159,90,69,377,255,122,81,49,32,40,31,9,603,332,271,77,50,27
24987,C4920,9,192,District-Mau,Rural,60-69,2367,1337,1030,388,198,190,520,257,263,147,84,63,502,346,156,67,48,19,36,20,16,585,310,275,122,74,48
24988,C4920,9,192,District-Mau,Rural,70-79,1399,806,593,256,142,114,284,152,132,93,56,37,331,199,132,24,15,9,15,11,4,300,175,125,96,56,40
24989,C4920,9,192,District-Mau,Rural,80-89,545,282,263,95,45,50,108,59,49,30,18,12,127,75,52,11,7,4,2,2,0,113,59,54,59,17,42
24990,C4920,9,192,District-Mau,Rural,90+,215,105,110,34,13,21,50,24,26,15,9,6,48,24,24,5,2,3,1,0,1,39,25,14,23,8,15
24991,C4920,9,192,District-Mau,Rural,Age Not Stated,202,112,90,34,15,19,33,18,15,18,12,6,16,12,4,5,4,1,3,0,3,83,45,38,10,6,4
24992,C4920,9,192,District-Mau,Urban,Total,7761,4402,3359,1300,696,604,1530,827,703,823,442,381,1368,831,537,340,217,123,301,187,114,1522,836,686,577,366,211
24993,C4920,9,192,District-Mau,Urban,0-4,448,219,229,100,48,52,113,51,62,10,4,6,36,16,20,12,5,7,4,4,0,155,78,77,18,13,5
24994,C4920,9,192,District-Mau,Urban,5-9,875,473,402,162,80,82,184,89,95,110,60,50,94,50,44,33,24,9,15,7,8,196,106,90,81,57,24
24995,C4920,9,192,District-Mau,Urban,10-19,1948,1052,896,322,165,157,372,200,172,210,103,107,323,179,144,94,53,41,58,30,28,355,181,174,214,141,73
24996,C4920,9,192,District-Mau,Urban,20-29,1245,730,515,187,102,85,252,132,120,149,83,66,224,153,71,74,52,22,55,40,15,211,112,99,93,56,37
24997,C4920,9,192,District-Mau,Urban,30-39,900,552,348,127,70,57,172,109,63,109,58,51,145,98,47,56,36,20,50,32,18,198,123,75,43,26,17
24998,C4920,9,192,District-Mau,Urban,40-49,749,462,287,105,63,42,153,85,68,93,54,39,144,95,49,41,28,13,48,31,17,143,90,53,22,16,6
24999,C4920,9,192,District-Mau,Urban,50-59,651,390,261,110,66,44,118,66,52,76,41,35,148,97,51,16,8,8,41,27,14,116,72,44,26,13,13
25000,C4920,9,192,District-Mau,Urban,60-69,488,285,203,102,52,50,94,54,40,45,27,18,118,74,44,4,3,1,17,12,5,77,43,34,31,20,11
25001,C4920,9,192,District-Mau,Urban,70-79,286,161,125,56,36,20,42,23,19,13,10,3,93,50,43,8,7,1,11,3,8,38,18,20,25,14,11
25002,C4920,9,192,District-Mau,Urban,80-89,100,45,55,17,6,11,21,14,7,1,1,0,35,16,19,1,0,1,1,0,1,9,2,7,15,6,9
25003,C4920,9,192,District-Mau,Urban,90+,39,19,20,5,4,1,6,4,2,3,0,3,8,3,5,0,0,0,1,1,0,8,4,4,8,3,5
25004,C4920,9,192,District-Mau,Urban,Age Not Stated,32,14,18,7,4,3,3,0,3,4,1,3,0,0,0,1,1,0,0,0,0,16,7,9,1,1,0
25005,C4920,9,193,District-Ballia,Total,Total,91847,51016,40831,16439,8759,7680,28603,15159,13444,6182,3442,2740,9035,5951,3084,1998,1312,686,970,659,311,24956,13549,11407,3664,2185,1479
25006,C4920,9,193,District-Ballia,Total,0-4,6403,3374,3029,1381,723,658,2328,1204,1124,104,56,48,259,154,105,60,34,26,17,9,8,2117,1119,998,137,75,62
25007,C4920,9,193,District-Ballia,Total,5-9,9770,5275,4495,1899,1004,895,3321,1749,1572,715,383,332,486,297,189,189,121,68,38,22,16,2766,1474,1292,356,225,131
25008,C4920,9,193,District-Ballia,Total,10-19,20053,11062,8991,3421,1882,1539,6408,3337,3071,1408,766,642,1815,1164,651,541,326,215,220,135,85,5433,2945,2488,807,507,300
25009,C4920,9,193,District-Ballia,Total,20-29,13579,7647,5932,2247,1214,1033,4139,2148,1991,958,525,433,1533,1076,457,371,254,117,168,118,50,3689,2009,1680,474,303,171
25010,C4920,9,193,District-Ballia,Total,30-39,11530,6339,5191,1948,982,966,3522,1830,1692,888,498,390,1061,742,319,328,239,89,192,145,47,3233,1678,1555,358,225,133
25011,C4920,9,193,District-Ballia,Total,40-49,9326,5353,3973,1610,894,716,2854,1554,1300,750,418,332,912,647,265,223,151,72,156,109,47,2544,1410,1134,277,170,107
25012,C4920,9,193,District-Ballia,Total,50-59,7137,4018,3119,1281,651,630,2125,1166,959,565,320,245,822,548,274,133,93,40,90,61,29,1870,1047,823,251,132,119
25013,C4920,9,193,District-Ballia,Total,60-69,6865,3894,2971,1272,675,597,2010,1104,906,440,254,186,991,640,351,88,52,36,53,38,15,1583,894,689,428,237,191
25014,C4920,9,193,District-Ballia,Total,70-79,3898,2226,1672,801,420,381,1067,612,455,176,113,63,691,406,285,39,28,11,17,11,6,788,455,333,319,181,138
25015,C4920,9,193,District-Ballia,Total,80-89,1491,837,654,271,148,123,351,195,156,70,42,28,312,183,129,9,6,3,9,4,5,297,175,122,172,84,88
25016,C4920,9,193,District-Ballia,Total,90+,611,335,276,109,58,51,145,77,68,28,22,6,96,52,44,5,3,2,2,1,1,170,93,77,56,29,27
25017,C4920,9,193,District-Ballia,Total,Age Not Stated,1184,656,528,199,108,91,333,183,150,80,45,35,57,42,15,12,5,7,8,6,2,466,250,216,29,17,12
25018,C4920,9,193,District-Ballia,Rural,Total,84495,46834,37661,15502,8248,7254,26503,14034,12469,5670,3157,2513,8154,5357,2797,1802,1192,610,865,583,282,22704,12291,10413,3295,1972,1323
25019,C4920,9,193,District-Ballia,Rural,0-4,5970,3146,2824,1329,692,637,2169,1127,1042,93,52,41,230,136,94,55,31,24,15,7,8,1950,1029,921,129,72,57
25020,C4920,9,193,District-Ballia,Rural,5-9,9113,4892,4221,1800,952,848,3091,1605,1486,672,360,312,437,270,167,176,111,65,37,21,16,2566,1365,1201,334,208,126
25021,C4920,9,193,District-Ballia,Rural,10-19,18434,10149,8285,3226,1777,1449,5901,3072,2829,1281,692,589,1645,1052,593,490,300,190,193,120,73,4948,2666,2282,750,470,280
25022,C4920,9,193,District-Ballia,Rural,20-29,12385,6953,5432,2127,1142,985,3804,1980,1824,869,472,397,1377,960,417,334,228,106,147,102,45,3298,1793,1505,429,276,153
25023,C4920,9,193,District-Ballia,Rural,30-39,10528,5766,4762,1837,922,915,3250,1692,1558,802,453,349,950,661,289,293,217,76,173,128,45,2902,1494,1408,321,199,122
25024,C4920,9,193,District-Ballia,Rural,40-49,8513,4879,3634,1509,836,673,2626,1425,1201,690,380,310,825,582,243,200,137,63,138,95,43,2281,1275,1006,244,149,95
25025,C4920,9,193,District-Ballia,Rural,50-59,6545,3699,2846,1188,606,582,1985,1092,893,532,305,227,729,495,234,121,85,36,85,59,26,1693,943,750,212,114,98
25026,C4920,9,193,District-Ballia,Rural,60-69,6296,3557,2739,1179,619,560,1877,1030,847,403,239,164,893,572,321,79,46,33,43,30,13,1457,818,639,365,203,162
25027,C4920,9,193,District-Ballia,Rural,70-79,3583,2053,1530,748,399,349,999,571,428,158,102,56,627,366,261,33,25,8,16,10,6,723,419,304,279,161,118
25028,C4920,9,193,District-Ballia,Rural,80-89,1396,787,609,257,142,115,333,186,147,68,40,28,292,172,120,7,4,3,8,4,4,278,163,115,153,76,77
25029,C4920,9,193,District-Ballia,Rural,90+,581,319,262,106,56,50,137,73,64,26,21,5,94,51,43,4,3,1,2,1,1,161,87,74,51,27,24
25030,C4920,9,193,District-Ballia,Rural,Age Not Stated,1151,634,517,196,105,91,331,181,150,76,41,35,55,40,15,10,5,5,8,6,2,447,239,208,28,17,11
25031,C4920,9,193,District-Ballia,Urban,Total,7352,4182,3170,937,511,426,2100,1125,975,512,285,227,881,594,287,196,120,76,105,76,29,2252,1258,994,369,213,156
25032,C4920,9,193,District-Ballia,Urban,0-4,433,228,205,52,31,21,159,77,82,11,4,7,29,18,11,5,3,2,2,2,0,167,90,77,8,3,5
25033,C4920,9,193,District-Ballia,Urban,5-9,657,383,274,99,52,47,230,144,86,43,23,20,49,27,22,13,10,3,1,1,0,200,109,91,22,17,5
25034,C4920,9,193,District-Ballia,Urban,10-19,1619,913,706,195,105,90,507,265,242,127,74,53,170,112,58,51,26,25,27,15,12,485,279,206,57,37,20
25035,C4920,9,193,District-Ballia,Urban,20-29,1194,694,500,120,72,48,335,168,167,89,53,36,156,116,40,37,26,11,21,16,5,391,216,175,45,27,18
25036,C4920,9,193,District-Ballia,Urban,30-39,1002,573,429,111,60,51,272,138,134,86,45,41,111,81,30,35,22,13,19,17,2,331,184,147,37,26,11
25037,C4920,9,193,District-Ballia,Urban,40-49,813,474,339,101,58,43,228,129,99,60,38,22,87,65,22,23,14,9,18,14,4,263,135,128,33,21,12
25038,C4920,9,193,District-Ballia,Urban,50-59,592,319,273,93,45,48,140,74,66,33,15,18,93,53,40,12,8,4,5,2,3,177,104,73,39,18,21
25039,C4920,9,193,District-Ballia,Urban,60-69,569,337,232,93,56,37,133,74,59,37,15,22,98,68,30,9,6,3,10,8,2,126,76,50,63,34,29
25040,C4920,9,193,District-Ballia,Urban,70-79,315,173,142,53,21,32,68,41,27,18,11,7,64,40,24,6,3,3,1,1,0,65,36,29,40,20,20
25041,C4920,9,193,District-Ballia,Urban,80-89,95,50,45,14,6,8,18,9,9,2,2,0,20,11,9,2,2,0,1,0,1,19,12,7,19,8,11
25042,C4920,9,193,District-Ballia,Urban,90+,30,16,14,3,2,1,8,4,4,2,1,1,2,1,1,1,0,1,0,0,0,9,6,3,5,2,3
25043,C4920,9,193,District-Ballia,Urban,Age Not Stated,33,22,11,3,3,0,2,2,0,4,4,0,2,2,0,2,0,2,0,0,0,19,11,8,1,0,1
25044,C4920,9,194,District-Jaunpur,Total,Total,117683,63170,54513,32355,16428,15927,26766,13635,13131,7562,4039,3523,12271,7702,4569,5120,3086,2034,1978,1298,680,26389,13906,12483,5242,3076,2166
25045,C4920,9,194,District-Jaunpur,Total,0-4,8724,4601,4123,2957,1574,1383,2355,1230,1125,150,81,69,315,171,144,219,112,107,27,18,9,2466,1284,1182,235,131,104
25046,C4920,9,194,District-Jaunpur,Total,5-9,12716,6822,5894,3787,1937,1850,3126,1657,1469,938,502,436,732,427,305,476,275,201,106,61,45,2951,1600,1351,600,363,237
25047,C4920,9,194,District-Jaunpur,Total,10-19,27392,14530,12862,7463,3788,3675,6254,3185,3069,1992,1035,957,2429,1476,953,1438,841,597,476,293,183,6001,3101,2900,1339,811,528
25048,C4920,9,194,District-Jaunpur,Total,20-29,17969,9631,8338,4636,2274,2362,3935,1952,1983,1217,637,580,2145,1388,757,932,554,378,384,247,137,3949,2089,1860,771,490,281
25049,C4920,9,194,District-Jaunpur,Total,30-39,14132,7434,6698,3639,1722,1917,3101,1470,1631,961,506,455,1481,982,499,772,500,272,375,274,101,3292,1666,1626,511,314,197
25050,C4920,9,194,District-Jaunpur,Total,40-49,10868,5994,4874,2832,1461,1371,2446,1210,1236,802,421,381,1114,772,342,537,359,178,246,176,70,2501,1351,1150,390,244,146
25051,C4920,9,194,District-Jaunpur,Total,50-59,8519,4744,3775,2275,1181,1094,1915,1000,915,584,330,254,1080,729,351,314,204,110,151,102,49,1889,1017,872,311,181,130
25052,C4920,9,194,District-Jaunpur,Total,60-69,8573,4681,3892,2427,1268,1159,1804,962,842,485,264,221,1407,867,540,222,120,102,117,74,43,1713,930,783,398,196,202
25053,C4920,9,194,District-Jaunpur,Total,70-79,4757,2611,2146,1305,703,602,1037,555,482,230,144,86,890,518,372,92,52,40,53,31,22,809,435,374,341,173,168
25054,C4920,9,194,District-Jaunpur,Total,80-89,1893,1000,893,506,273,233,365,181,184,89,56,33,414,220,194,34,20,14,18,9,9,268,135,133,199,106,93
25055,C4920,9,194,District-Jaunpur,Total,90+,735,369,366,177,81,96,153,92,61,37,20,17,140,67,73,9,3,6,11,5,6,104,60,44,104,41,63
25056,C4920,9,194,District-Jaunpur,Total,Age Not Stated,1405,753,652,351,166,185,275,141,134,77,43,34,124,85,39,75,46,29,14,8,6,446,238,208,43,26,17
25057,C4920,9,194,District-Jaunpur,Rural,Total,107628,57735,49893,29446,14934,14512,24485,12420,12065,6564,3505,3059,11314,7109,4205,4745,2867,1878,1819,1189,630,24434,12859,11575,4821,2852,1969
25058,C4920,9,194,District-Jaunpur,Rural,0-4,8025,4230,3795,2723,1458,1265,2151,1112,1039,131,70,61,284,157,127,201,107,94,26,17,9,2290,1184,1106,219,125,94
25059,C4920,9,194,District-Jaunpur,Rural,5-9,11672,6253,5419,3469,1775,1694,2888,1519,1369,818,438,380,683,399,284,436,249,187,99,56,43,2720,1476,1244,559,341,218
25060,C4920,9,194,District-Jaunpur,Rural,10-19,24959,13228,11731,6758,3414,3344,5714,2919,2795,1727,897,830,2229,1343,886,1332,780,552,430,262,168,5527,2858,2669,1242,755,487
25061,C4920,9,194,District-Jaunpur,Rural,20-29,16170,8651,7519,4145,2027,2118,3540,1748,1792,1042,543,499,1951,1271,680,856,509,347,358,232,126,3558,1863,1695,720,458,262
25062,C4920,9,194,District-Jaunpur,Rural,30-39,12824,6734,6090,3245,1540,1705,2808,1308,1500,825,435,390,1357,907,450,724,468,256,338,249,89,3061,1539,1522,466,288,178
25063,C4920,9,194,District-Jaunpur,Rural,40-49,9892,5454,4438,2562,1317,1245,2204,1079,1125,695,364,331,1019,707,312,495,333,162,232,164,68,2329,1267,1062,356,223,133
25064,C4920,9,194,District-Jaunpur,Rural,50-59,7798,4353,3445,2072,1075,997,1764,915,849,503,282,221,987,676,311,294,192,102,136,91,45,1773,959,814,269,163,106
25065,C4920,9,194,District-Jaunpur,Rural,60-69,7991,4353,3638,2253,1166,1087,1683,896,787,433,238,195,1322,810,512,208,111,97,113,71,42,1621,882,739,358,179,179
25066,C4920,9,194,District-Jaunpur,Rural,70-79,4450,2450,2000,1234,665,569,974,524,450,203,128,75,836,487,349,86,51,35,48,27,21,767,414,353,302,154,148
25067,C4920,9,194,District-Jaunpur,Rural,80-89,1775,946,829,477,261,216,341,173,168,80,51,29,390,206,184,30,18,12,16,8,8,252,129,123,189,100,89
25068,C4920,9,194,District-Jaunpur,Rural,90+,702,351,351,168,75,93,148,89,59,33,19,14,133,62,71,9,3,6,10,4,6,101,58,43,100,41,59
25069,C4920,9,194,District-Jaunpur,Rural,Age Not Stated,1370,732,638,340,161,179,270,138,132,74,40,34,123,84,39,74,46,28,13,8,5,435,230,205,41,25,16
25070,C4920,9,194,District-Jaunpur,Urban,Total,10055,5435,4620,2909,1494,1415,2281,1215,1066,998,534,464,957,593,364,375,219,156,159,109,50,1955,1047,908,421,224,197
25071,C4920,9,194,District-Jaunpur,Urban,0-4,699,371,328,234,116,118,204,118,86,19,11,8,31,14,17,18,5,13,1,1,0,176,100,76,16,6,10
25072,C4920,9,194,District-Jaunpur,Urban,5-9,1044,569,475,318,162,156,238,138,100,120,64,56,49,28,21,40,26,14,7,5,2,231,124,107,41,22,19
25073,C4920,9,194,District-Jaunpur,Urban,10-19,2433,1302,1131,705,374,331,540,266,274,265,138,127,200,133,67,106,61,45,46,31,15,474,243,231,97,56,41
25074,C4920,9,194,District-Jaunpur,Urban,20-29,1799,980,819,491,247,244,395,204,191,175,94,81,194,117,77,76,45,31,26,15,11,391,226,165,51,32,19
25075,C4920,9,194,District-Jaunpur,Urban,30-39,1308,700,608,394,182,212,293,162,131,136,71,65,124,75,49,48,32,16,37,25,12,231,127,104,45,26,19
25076,C4920,9,194,District-Jaunpur,Urban,40-49,976,540,436,270,144,126,242,131,111,107,57,50,95,65,30,42,26,16,14,12,2,172,84,88,34,21,13
25077,C4920,9,194,District-Jaunpur,Urban,50-59,721,391,330,203,106,97,151,85,66,81,48,33,93,53,40,20,12,8,15,11,4,116,58,58,42,18,24
25078,C4920,9,194,District-Jaunpur,Urban,60-69,582,328,254,174,102,72,121,66,55,52,26,26,85,57,28,14,9,5,4,3,1,92,48,44,40,17,23
25079,C4920,9,194,District-Jaunpur,Urban,70-79,307,161,146,71,38,33,63,31,32,27,16,11,54,31,23,6,1,5,5,4,1,42,21,21,39,19,20
25080,C4920,9,194,District-Jaunpur,Urban,80-89,118,54,64,29,12,17,24,8,16,9,5,4,24,14,10,4,2,2,2,1,1,16,6,10,10,6,4
25081,C4920,9,194,District-Jaunpur,Urban,90+,33,18,15,9,6,3,5,3,2,4,1,3,7,5,2,0,0,0,1,1,0,3,2,1,4,0,4
25082,C4920,9,194,District-Jaunpur,Urban,Age Not Stated,35,21,14,11,5,6,5,3,2,3,3,0,1,1,0,1,0,1,1,0,1,11,8,3,2,1,1
25083,C4920,9,195,District-Ghazipur,Total,Total,79877,44416,35461,11550,5964,5586,21232,11151,10081,5578,3108,2470,10658,6807,3851,3246,2042,1204,1335,870,465,21731,11848,9883,4547,2626,1921
25084,C4920,9,195,District-Ghazipur,Total,0-4,5348,2807,2541,838,425,413,1752,911,841,106,52,54,271,143,128,99,49,50,27,17,10,2005,1070,935,250,140,110
25085,C4920,9,195,District-Ghazipur,Total,5-9,8164,4503,3661,1137,587,550,2468,1315,1153,679,364,315,622,370,252,339,214,125,77,43,34,2359,1313,1046,483,297,186
25086,C4920,9,195,District-Ghazipur,Total,10-19,17332,9723,7609,2133,1099,1034,4739,2538,2201,1423,818,605,2139,1362,777,896,557,339,328,215,113,4633,2500,2133,1041,634,407
25087,C4920,9,195,District-Ghazipur,Total,20-29,11251,6512,4739,1342,743,599,2938,1581,1357,877,497,380,1722,1209,513,577,383,194,221,135,86,2991,1587,1404,583,377,206
25088,C4920,9,195,District-Ghazipur,Total,30-39,9429,5211,4218,1132,595,537,2662,1321,1341,720,371,349,1072,743,329,496,318,178,241,174,67,2688,1438,1250,418,251,167
25089,C4920,9,195,District-Ghazipur,Total,40-49,7683,4414,3269,1075,561,514,2018,1087,931,617,350,267,919,659,260,367,239,128,185,127,58,2190,1197,993,312,194,118
25090,C4920,9,195,District-Ghazipur,Total,50-59,6313,3567,2746,1113,583,530,1544,795,749,456,259,197,940,622,318,199,137,62,105,64,41,1704,957,747,252,150,102
25091,C4920,9,195,District-Ghazipur,Total,60-69,6689,3600,3089,1358,673,685,1507,753,754,372,211,161,1291,768,523,151,83,68,84,51,33,1536,868,668,390,193,197
25092,C4920,9,195,District-Ghazipur,Total,70-79,4117,2190,1927,839,401,438,887,479,408,155,94,61,994,559,435,55,24,31,38,23,15,731,425,306,418,185,233
25093,C4920,9,195,District-Ghazipur,Total,80-89,1613,839,774,317,156,161,348,177,171,53,32,21,419,222,197,17,6,11,5,2,3,207,113,94,247,131,116
25094,C4920,9,195,District-Ghazipur,Total,90+,559,282,277,84,44,40,106,55,51,21,9,12,143,76,67,8,5,3,3,3,0,104,53,51,90,37,53
25095,C4920,9,195,District-Ghazipur,Total,Age Not Stated,1379,768,611,182,97,85,263,139,124,99,51,48,126,74,52,42,27,15,21,16,5,583,327,256,63,37,26
25096,C4920,9,195,District-Ghazipur,Rural,Total,76151,42220,33931,11137,5748,5389,20680,10834,9846,5047,2785,2262,9859,6301,3558,3031,1911,1120,1230,804,426,20869,11365,9504,4298,2472,1826
25097,C4920,9,195,District-Ghazipur,Rural,0-4,5167,2710,2457,818,413,405,1719,893,826,100,48,52,248,133,115,94,47,47,26,16,10,1923,1027,896,239,133,106
25098,C4920,9,195,District-Ghazipur,Rural,5-9,7904,4358,3546,1095,563,532,2417,1287,1130,646,349,297,593,353,240,323,203,120,74,42,32,2299,1281,1018,457,280,177
25099,C4920,9,195,District-Ghazipur,Rural,10-19,16529,9245,7284,2057,1065,992,4637,2473,2164,1291,735,556,1985,1262,723,839,524,315,303,198,105,4438,2393,2045,979,595,384
25100,C4920,9,195,District-Ghazipur,Rural,20-29,10572,6106,4466,1273,707,566,2841,1523,1318,771,433,338,1565,1113,452,535,356,179,198,121,77,2843,1503,1340,546,350,196
25101,C4920,9,195,District-Ghazipur,Rural,30-39,8959,4923,4036,1100,575,525,2595,1281,1314,637,323,314,969,677,292,463,297,166,227,162,65,2577,1371,1206,391,237,154
25102,C4920,9,195,District-Ghazipur,Rural,40-49,7255,4155,3100,1032,540,492,1948,1052,896,540,300,240,838,598,240,335,219,116,173,121,52,2098,1143,955,291,182,109
25103,C4920,9,195,District-Ghazipur,Rural,50-59,5987,3373,2614,1074,563,511,1500,765,735,412,234,178,863,572,291,180,124,56,93,57,36,1628,919,709,237,139,98
25104,C4920,9,195,District-Ghazipur,Rural,60-69,6397,3434,2963,1308,645,663,1468,737,731,340,189,151,1214,719,495,144,79,65,74,46,28,1479,837,642,370,182,188
25105,C4920,9,195,District-Ghazipur,Rural,70-79,3927,2074,1853,805,385,420,858,461,397,142,85,57,928,516,412,52,24,28,34,21,13,707,409,298,401,173,228
25106,C4920,9,195,District-Ghazipur,Rural,80-89,1549,806,743,311,153,158,332,168,164,51,31,20,399,209,190,16,6,10,5,2,3,199,110,89,236,127,109
25107,C4920,9,195,District-Ghazipur,Rural,90+,544,279,265,83,43,40,103,55,48,20,8,12,135,75,60,8,5,3,3,3,0,104,53,51,88,37,51
25108,C4920,9,195,District-Ghazipur,Rural,Age Not Stated,1361,757,604,181,96,85,262,139,123,97,50,47,122,74,48,42,27,15,20,15,5,574,319,255,63,37,26
25109,C4920,9,195,District-Ghazipur,Urban,Total,3726,2196,1530,413,216,197,552,317,235,531,323,208,799,506,293,215,131,84,105,66,39,862,483,379,249,154,95
25110,C4920,9,195,District-Ghazipur,Urban,0-4,181,97,84,20,12,8,33,18,15,6,4,2,23,10,13,5,2,3,1,1,0,82,43,39,11,7,4
25111,C4920,9,195,District-Ghazipur,Urban,5-9,260,145,115,42,24,18,51,28,23,33,15,18,29,17,12,16,11,5,3,1,2,60,32,28,26,17,9
25112,C4920,9,195,District-Ghazipur,Urban,10-19,803,478,325,76,34,42,102,65,37,132,83,49,154,100,54,57,33,24,25,17,8,195,107,88,62,39,23
25113,C4920,9,195,District-Ghazipur,Urban,20-29,679,406,273,69,36,33,97,58,39,106,64,42,157,96,61,42,27,15,23,14,9,148,84,64,37,27,10
25114,C4920,9,195,District-Ghazipur,Urban,30-39,470,288,182,32,20,12,67,40,27,83,48,35,103,66,37,33,21,12,14,12,2,111,67,44,27,14,13
25115,C4920,9,195,District-Ghazipur,Urban,40-49,428,259,169,43,21,22,70,35,35,77,50,27,81,61,20,32,20,12,12,6,6,92,54,38,21,12,9
25116,C4920,9,195,District-Ghazipur,Urban,50-59,326,194,132,39,20,19,44,30,14,44,25,19,77,50,27,19,13,6,12,7,5,76,38,38,15,11,4
25117,C4920,9,195,District-Ghazipur,Urban,60-69,292,166,126,50,28,22,39,16,23,32,22,10,77,49,28,7,4,3,10,5,5,57,31,26,20,11,9
25118,C4920,9,195,District-Ghazipur,Urban,70-79,190,116,74,34,16,18,29,18,11,13,9,4,66,43,23,3,0,3,4,2,2,24,16,8,17,12,5
25119,C4920,9,195,District-Ghazipur,Urban,80-89,64,33,31,6,3,3,16,9,7,2,1,1,20,13,7,1,0,1,0,0,0,8,3,5,11,4,7
25120,C4920,9,195,District-Ghazipur,Urban,90+,15,3,12,1,1,0,3,0,3,1,1,0,8,1,7,0,0,0,0,0,0,0,0,0,2,0,2
25121,C4920,9,195,District-Ghazipur,Urban,Age Not Stated,18,11,7,1,1,0,1,0,1,2,1,1,4,0,4,0,0,0,1,1,0,9,8,1,0,0,0
25122,C4920,9,196,District-Chandauli,Total,Total,32051,18602,13449,3939,2073,1866,8134,4362,3772,2193,1246,947,6172,4092,2080,1490,948,542,902,580,322,7033,4033,3000,2188,1268,920
25123,C4920,9,196,District-Chandauli,Total,0-4,1936,1034,902,243,128,115,691,356,335,42,22,20,151,86,65,35,22,13,14,6,8,664,350,314,96,64,32
25124,C4920,9,196,District-Chandauli,Total,5-9,3216,1789,1427,368,193,175,979,533,446,314,180,134,372,223,149,147,87,60,51,28,23,741,389,352,244,156,88
25125,C4920,9,196,District-Chandauli,Total,10-19,6787,3821,2966,672,336,336,1702,916,786,594,326,268,1231,778,453,458,286,172,183,111,72,1435,780,655,512,288,224
25126,C4920,9,196,District-Chandauli,Total,20-29,5012,3059,1953,445,259,186,1155,621,534,385,214,171,1157,807,350,268,171,97,194,122,72,1108,683,425,300,182,118
25127,C4920,9,196,District-Chandauli,Total,30-39,3989,2404,1585,384,212,172,1042,567,475,272,149,123,774,546,228,237,154,83,160,122,38,930,534,396,190,120,70
25128,C4920,9,196,District-Chandauli,Total,40-49,3143,1919,1224,373,210,163,798,424,374,217,122,95,590,423,167,149,103,46,147,91,56,709,431,278,160,115,45
25129,C4920,9,196,District-Chandauli,Total,50-59,2534,1528,1006,366,197,169,612,334,278,167,106,61,508,369,139,97,64,33,77,48,29,569,325,244,138,85,53
25130,C4920,9,196,District-Chandauli,Total,60-69,2745,1598,1147,525,278,247,606,311,295,110,67,43,692,451,241,61,39,22,44,32,12,501,315,186,206,105,101
25131,C4920,9,196,District-Chandauli,Total,70-79,1776,982,794,375,180,195,360,195,165,64,41,23,465,285,180,26,16,10,25,15,10,246,151,95,215,99,116
25132,C4920,9,196,District-Chandauli,Total,80-89,588,309,279,134,66,68,104,55,49,19,13,6,170,93,77,6,2,4,6,5,1,67,41,26,82,34,48
25133,C4920,9,196,District-Chandauli,Total,90+,193,85,108,33,6,27,37,22,15,4,1,3,50,23,27,3,2,1,1,0,1,23,11,12,42,20,22
25134,C4920,9,196,District-Chandauli,Total,Age Not Stated,132,74,58,21,8,13,48,28,20,5,5,0,12,8,4,3,2,1,0,0,0,40,23,17,3,0,3
25135,C4920,9,196,District-Chandauli,Rural,Total,28930,16736,12194,3522,1850,1672,7622,4091,3531,1979,1118,861,5368,3556,1812,1262,800,462,777,498,279,6408,3658,2750,1992,1165,827
25136,C4920,9,196,District-Chandauli,Rural,0-4,1800,961,839,226,119,107,645,334,311,39,20,19,134,77,57,28,17,11,12,5,7,628,331,297,88,58,30
25137,C4920,9,196,District-Chandauli,Rural,5-9,2963,1649,1314,331,176,155,926,500,426,287,164,123,332,200,132,127,74,53,49,26,23,682,361,321,229,148,81
25138,C4920,9,196,District-Chandauli,Rural,10-19,6098,3432,2666,583,296,287,1604,864,740,533,285,248,1075,679,396,396,249,147,160,95,65,1287,703,584,460,261,199
25139,C4920,9,196,District-Chandauli,Rural,20-29,4396,2677,1719,378,219,159,1070,574,496,337,186,151,961,680,281,222,138,84,163,103,60,1002,615,387,263,162,101
25140,C4920,9,196,District-Chandauli,Rural,30-39,3577,2139,1438,348,188,160,972,532,440,245,135,110,657,462,195,199,129,70,141,109,32,836,469,367,179,115,64
25141,C4920,9,196,District-Chandauli,Rural,40-49,2829,1716,1113,332,184,148,740,391,349,203,113,90,514,367,147,124,87,37,121,76,45,646,391,255,149,107,42
25142,C4920,9,196,District-Chandauli,Rural,50-59,2288,1357,931,331,172,159,576,315,261,152,95,57,439,316,123,81,55,26,65,40,25,516,287,229,128,77,51
25143,C4920,9,196,District-Chandauli,Rural,60-69,2508,1462,1046,480,258,222,571,295,276,98,61,37,620,404,216,53,31,22,37,26,11,462,290,172,187,97,90
25144,C4920,9,196,District-Chandauli,Rural,70-79,1624,906,718,341,166,175,338,186,152,59,40,19,418,255,163,22,15,7,23,14,9,229,142,87,194,88,106
25145,C4920,9,196,District-Chandauli,Rural,80-89,545,288,257,124,61,63,98,52,46,17,13,4,158,85,73,6,2,4,5,4,1,63,38,25,74,33,41
25146,C4920,9,196,District-Chandauli,Rural,90+,182,80,102,31,5,26,34,20,14,4,1,3,49,23,26,3,2,1,1,0,1,21,10,11,39,19,20
25147,C4920,9,196,District-Chandauli,Rural,Age Not Stated,120,69,51,17,6,11,48,28,20,5,5,0,11,8,3,1,1,0,0,0,0,36,21,15,2,0,2
25148,C4920,9,196,District-Chandauli,Urban,Total,3121,1866,1255,417,223,194,512,271,241,214,128,86,804,536,268,228,148,80,125,82,43,625,375,250,196,103,93
25149,C4920,9,196,District-Chandauli,Urban,0-4,136,73,63,17,9,8,46,22,24,3,2,1,17,9,8,7,5,2,2,1,1,36,19,17,8,6,2
25150,C4920,9,196,District-Chandauli,Urban,5-9,253,140,113,37,17,20,53,33,20,27,16,11,40,23,17,20,13,7,2,2,0,59,28,31,15,8,7
25151,C4920,9,196,District-Chandauli,Urban,10-19,689,389,300,89,40,49,98,52,46,61,41,20,156,99,57,62,37,25,23,16,7,148,77,71,52,27,25
25152,C4920,9,196,District-Chandauli,Urban,20-29,616,382,234,67,40,27,85,47,38,48,28,20,196,127,69,46,33,13,31,19,12,106,68,38,37,20,17
25153,C4920,9,196,District-Chandauli,Urban,30-39,412,265,147,36,24,12,70,35,35,27,14,13,117,84,33,38,25,13,19,13,6,94,65,29,11,5,6
25154,C4920,9,196,District-Chandauli,Urban,40-49,314,203,111,41,26,15,58,33,25,14,9,5,76,56,20,25,16,9,26,15,11,63,40,23,11,8,3
25155,C4920,9,196,District-Chandauli,Urban,50-59,246,171,75,35,25,10,36,19,17,15,11,4,69,53,16,16,9,7,12,8,4,53,38,15,10,8,2
25156,C4920,9,196,District-Chandauli,Urban,60-69,237,136,101,45,20,25,35,16,19,12,6,6,72,47,25,8,8,0,7,6,1,39,25,14,19,8,11
25157,C4920,9,196,District-Chandauli,Urban,70-79,152,76,76,34,14,20,22,9,13,5,1,4,47,30,17,4,1,3,2,1,1,17,9,8,21,11,10
25158,C4920,9,196,District-Chandauli,Urban,80-89,43,21,22,10,5,5,6,3,3,2,0,2,12,8,4,0,0,0,1,1,0,4,3,1,8,1,7
25159,C4920,9,196,District-Chandauli,Urban,90+,11,5,6,2,1,1,3,2,1,0,0,0,1,0,1,0,0,0,0,0,0,2,1,1,3,1,2
25160,C4920,9,196,District-Chandauli,Urban,Age Not Stated,12,5,7,4,2,2,0,0,0,0,0,0,1,0,1,2,1,1,0,0,0,4,2,2,1,0,1
25161,C4920,9,197,District-Varanasi,Total,Total,96924,54297,42627,26170,14022,12148,22687,12042,10645,6366,3634,2732,11448,7297,4151,4463,2813,1650,1990,1335,655,19542,10666,8876,4258,2488,1770
25162,C4920,9,197,District-Varanasi,Total,0-4,6224,3341,2883,2032,1116,916,1800,915,885,91,47,44,277,161,116,154,101,53,29,19,10,1665,875,790,176,107,69
25163,C4920,9,197,District-Varanasi,Total,5-9,9134,5054,4080,2817,1516,1301,2223,1227,996,722,428,294,624,359,265,403,225,178,75,46,29,1855,999,856,415,254,161
25164,C4920,9,197,District-Varanasi,Total,10-19,22066,12298,9768,5947,3221,2726,4930,2563,2367,1625,918,707,2341,1516,825,1292,792,500,449,277,172,4419,2375,2044,1063,636,427
25165,C4920,9,197,District-Varanasi,Total,20-29,16514,9436,7078,4267,2285,1982,3727,2002,1725,1115,613,502,2145,1427,718,880,570,310,397,264,133,3311,1867,1444,672,408,264
25166,C4920,9,197,District-Varanasi,Total,30-39,12634,6952,5682,3199,1666,1533,2980,1522,1458,930,498,432,1430,917,513,700,436,264,369,259,110,2628,1409,1219,398,245,153
25167,C4920,9,197,District-Varanasi,Total,40-49,9961,5834,4127,2503,1371,1132,2407,1326,1081,725,421,304,1130,780,350,490,352,138,322,231,91,2096,1170,926,288,183,105
25168,C4920,9,197,District-Varanasi,Total,50-59,7098,4097,3001,1886,1046,840,1606,870,736,519,314,205,989,670,319,269,162,107,157,114,43,1413,770,643,259,151,108
25169,C4920,9,197,District-Varanasi,Total,60-69,6595,3690,2905,1800,931,869,1507,799,708,392,244,148,1130,704,426,152,97,55,104,76,28,1167,658,509,343,181,162
25170,C4920,9,197,District-Varanasi,Total,70-79,3903,2147,1756,1015,528,487,847,473,374,152,93,59,868,498,370,62,44,18,54,30,24,552,299,253,353,182,171
25171,C4920,9,197,District-Varanasi,Total,80-89,1462,743,719,371,178,193,342,178,164,36,22,14,331,169,162,21,10,11,9,4,5,175,98,77,177,84,93
25172,C4920,9,197,District-Varanasi,Total,90+,580,288,292,137,69,68,141,72,69,24,16,8,110,50,60,14,8,6,10,3,7,61,34,27,83,36,47
25173,C4920,9,197,District-Varanasi,Total,Age Not Stated,753,417,336,196,95,101,177,95,82,35,20,15,73,46,27,26,16,10,15,12,3,200,112,88,31,21,10
25174,C4920,9,197,District-Varanasi,Rural,Total,53121,29759,23362,14698,7673,7025,10985,5865,5120,3172,1778,1394,7141,4570,2571,2525,1611,914,1165,779,386,10776,5913,4863,2659,1570,1089
25175,C4920,9,197,District-Varanasi,Rural,0-4,3535,1918,1617,1196,661,535,894,465,429,53,27,26,175,112,63,78,53,25,18,13,5,1013,523,490,108,64,44
25176,C4920,9,197,District-Varanasi,Rural,5-9,5304,2926,2378,1669,881,788,1160,646,514,378,215,163,419,248,171,243,135,108,46,29,17,1113,604,509,276,168,108
25177,C4920,9,197,District-Varanasi,Rural,10-19,12303,6893,5410,3317,1744,1573,2428,1292,1136,827,463,364,1492,965,527,799,488,311,284,177,107,2487,1336,1151,669,428,241
25178,C4920,9,197,District-Varanasi,Rural,20-29,8284,4764,3520,2119,1084,1035,1565,839,726,547,294,253,1314,892,422,452,298,154,219,145,74,1693,976,717,375,236,139
25179,C4920,9,197,District-Varanasi,Rural,30-39,6824,3767,3057,1707,891,816,1417,715,702,466,243,223,900,564,336,391,253,138,227,157,70,1465,793,672,251,151,100
25180,C4920,9,197,District-Varanasi,Rural,40-49,5178,3062,2116,1342,704,638,1112,630,482,336,188,148,685,475,210,273,206,67,169,130,39,1094,628,466,167,101,66
25181,C4920,9,197,District-Varanasi,Rural,50-59,3790,2183,1607,1044,558,486,764,416,348,250,149,101,603,407,196,150,92,58,91,63,28,736,410,326,152,88,64
25182,C4920,9,197,District-Varanasi,Rural,60-69,3886,2120,1766,1149,570,579,816,426,390,199,120,79,705,435,270,87,53,34,61,39,22,634,354,280,235,123,112
25183,C4920,9,197,District-Varanasi,Rural,70-79,2436,1332,1104,717,373,344,487,266,221,72,50,22,526,303,223,27,18,9,39,21,18,317,170,147,251,131,120
25184,C4920,9,197,District-Varanasi,Rural,80-89,899,435,464,246,112,134,200,92,108,14,8,6,215,113,102,7,3,4,5,3,2,108,59,49,104,45,59
25185,C4920,9,197,District-Varanasi,Rural,90+,349,174,175,90,44,46,81,41,40,14,10,4,68,32,36,8,4,4,5,1,4,27,17,10,56,25,31
25186,C4920,9,197,District-Varanasi,Rural,Age Not Stated,333,185,148,102,51,51,61,37,24,16,11,5,39,24,15,10,8,2,1,1,0,89,43,46,15,10,5
25187,C4920,9,197,District-Varanasi,Urban,Total,43803,24538,19265,11472,6349,5123,11702,6177,5525,3194,1856,1338,4307,2727,1580,1938,1202,736,825,556,269,8766,4753,4013,1599,918,681
25188,C4920,9,197,District-Varanasi,Urban,0-4,2689,1423,1266,836,455,381,906,450,456,38,20,18,102,49,53,76,48,28,11,6,5,652,352,300,68,43,25
25189,C4920,9,197,District-Varanasi,Urban,5-9,3830,2128,1702,1148,635,513,1063,581,482,344,213,131,205,111,94,160,90,70,29,17,12,742,395,347,139,86,53
25190,C4920,9,197,District-Varanasi,Urban,10-19,9763,5405,4358,2630,1477,1153,2502,1271,1231,798,455,343,849,551,298,493,304,189,165,100,65,1932,1039,893,394,208,186
25191,C4920,9,197,District-Varanasi,Urban,20-29,8230,4672,3558,2148,1201,947,2162,1163,999,568,319,249,831,535,296,428,272,156,178,119,59,1618,891,727,297,172,125
25192,C4920,9,197,District-Varanasi,Urban,30-39,5810,3185,2625,1492,775,717,1563,807,756,464,255,209,530,353,177,309,183,126,142,102,40,1163,616,547,147,94,53
25193,C4920,9,197,District-Varanasi,Urban,40-49,4783,2772,2011,1161,667,494,1295,696,599,389,233,156,445,305,140,217,146,71,153,101,52,1002,542,460,121,82,39
25194,C4920,9,197,District-Varanasi,Urban,50-59,3308,1914,1394,842,488,354,842,454,388,269,165,104,386,263,123,119,70,49,66,51,15,677,360,317,107,63,44
25195,C4920,9,197,District-Varanasi,Urban,60-69,2709,1570,1139,651,361,290,691,373,318,193,124,69,425,269,156,65,44,21,43,37,6,533,304,229,108,58,50
25196,C4920,9,197,District-Varanasi,Urban,70-79,1467,815,652,298,155,143,360,207,153,80,43,37,342,195,147,35,26,9,15,9,6,235,129,106,102,51,51
25197,C4920,9,197,District-Varanasi,Urban,80-89,563,308,255,125,66,59,142,86,56,22,14,8,116,56,60,14,7,7,4,1,3,67,39,28,73,39,34
25198,C4920,9,197,District-Varanasi,Urban,90+,231,114,117,47,25,22,60,31,29,10,6,4,42,18,24,6,4,2,5,2,3,34,17,17,27,11,16
25199,C4920,9,197,District-Varanasi,Urban,Age Not Stated,420,232,188,94,44,50,116,58,58,19,9,10,34,22,12,16,8,8,14,11,3,111,69,42,16,11,5
25200,C4920,9,198,District-Sant Ravidas Nagar (Bhadohi),Total,Total,27755,16145,11610,4151,2167,1984,5026,2742,2284,2494,1381,1113,5531,3587,1944,1472,968,504,706,488,218,6703,3768,2935,1672,1044,628
25201,C4920,9,198,District-Sant Ravidas Nagar (Bhadohi),Total,0-4,1837,970,867,281,162,119,419,216,203,47,22,25,165,96,69,77,35,42,11,6,5,761,384,377,76,49,27
25202,C4920,9,198,District-Sant Ravidas Nagar (Bhadohi),Total,5-9,2630,1460,1170,429,209,220,521,274,247,314,179,135,303,183,120,158,96,62,40,27,13,664,357,307,201,135,66
25203,C4920,9,198,District-Sant Ravidas Nagar (Bhadohi),Total,10-19,6318,3651,2667,844,424,420,1166,629,537,635,363,272,1216,755,461,424,287,137,153,83,70,1443,823,620,437,287,150
25204,C4920,9,198,District-Sant Ravidas Nagar (Bhadohi),Total,20-29,4669,2819,1850,519,275,244,774,437,337,460,248,212,1178,827,351,280,176,104,154,107,47,1054,588,466,250,161,89
25205,C4920,9,198,District-Sant Ravidas Nagar (Bhadohi),Total,30-39,3552,2163,1389,463,273,190,601,335,266,353,189,164,733,493,240,227,168,59,128,97,31,892,515,377,155,93,62
25206,C4920,9,198,District-Sant Ravidas Nagar (Bhadohi),Total,40-49,2648,1648,1000,387,218,169,499,274,225,259,144,115,500,335,165,142,103,39,108,88,20,639,406,233,114,80,34
25207,C4920,9,198,District-Sant Ravidas Nagar (Bhadohi),Total,50-59,2017,1165,852,350,178,172,363,202,161,178,86,92,416,276,140,81,55,26,47,32,15,482,269,213,100,67,33
25208,C4920,9,198,District-Sant Ravidas Nagar (Bhadohi),Total,60-69,2073,1173,900,460,226,234,328,188,140,146,88,58,493,305,188,53,29,24,48,36,12,429,235,194,116,66,50
25209,C4920,9,198,District-Sant Ravidas Nagar (Bhadohi),Total,70-79,1222,674,548,273,139,134,213,103,110,60,39,21,328,200,128,21,13,8,10,8,2,204,120,84,113,52,61
25210,C4920,9,198,District-Sant Ravidas Nagar (Bhadohi),Total,80-89,491,275,216,100,47,53,81,50,31,30,16,14,137,85,52,6,4,2,3,2,1,68,38,30,66,33,33
25211,C4920,9,198,District-Sant Ravidas Nagar (Bhadohi),Total,90+,194,87,107,34,10,24,35,18,17,4,3,1,53,25,28,2,2,0,2,1,1,25,12,13,39,16,23
25212,C4920,9,198,District-Sant Ravidas Nagar (Bhadohi),Total,Age Not Stated,104,60,44,11,6,5,26,16,10,8,4,4,9,7,2,1,0,1,2,1,1,42,21,21,5,5,0
25213,C4920,9,198,District-Sant Ravidas Nagar (Bhadohi),Rural,Total,23706,13830,9876,3678,1913,1765,4236,2310,1926,1963,1066,897,4763,3116,1647,1247,827,420,613,429,184,5767,3268,2499,1439,901,538
25214,C4920,9,198,District-Sant Ravidas Nagar (Bhadohi),Rural,0-4,1441,779,662,240,140,100,346,175,171,33,14,19,140,85,55,66,32,34,11,6,5,538,283,255,67,44,23
25215,C4920,9,198,District-Sant Ravidas Nagar (Bhadohi),Rural,5-9,2252,1266,986,365,182,183,433,234,199,245,134,111,266,167,99,132,83,49,37,26,11,598,323,275,176,117,59
25216,C4920,9,198,District-Sant Ravidas Nagar (Bhadohi),Rural,10-19,5421,3132,2289,739,368,371,986,540,446,503,276,227,1049,651,398,361,244,117,130,69,61,1277,732,545,376,252,124
25217,C4920,9,198,District-Sant Ravidas Nagar (Bhadohi),Rural,20-29,3963,2390,1573,447,234,213,645,355,290,374,202,172,1010,713,297,238,153,85,122,86,36,910,510,400,217,137,80
25218,C4920,9,198,District-Sant Ravidas Nagar (Bhadohi),Rural,30-39,3017,1836,1181,417,240,177,489,275,214,270,141,129,627,424,203,188,136,52,116,91,25,782,453,329,128,76,52
25219,C4920,9,198,District-Sant Ravidas Nagar (Bhadohi),Rural,40-49,2289,1427,862,350,195,155,430,232,198,201,111,90,433,293,140,121,88,33,95,80,15,555,356,199,104,72,32
25220,C4920,9,198,District-Sant Ravidas Nagar (Bhadohi),Rural,50-59,1740,1006,734,318,162,156,304,172,132,144,69,75,357,238,119,71,47,24,43,29,14,418,232,186,85,57,28
25221,C4920,9,198,District-Sant Ravidas Nagar (Bhadohi),Rural,60-69,1802,1016,786,415,206,209,288,163,125,117,72,45,409,255,154,42,25,17,43,31,12,388,207,181,100,57,43
25222,C4920,9,198,District-Sant Ravidas Nagar (Bhadohi),Rural,70-79,1091,602,489,259,129,130,187,89,98,46,29,17,295,183,112,19,13,6,10,8,2,185,109,76,90,42,48
25223,C4920,9,198,District-Sant Ravidas Nagar (Bhadohi),Rural,80-89,428,247,181,85,42,43,71,43,28,21,13,8,126,79,47,6,4,2,3,2,1,57,33,24,59,31,28
25224,C4920,9,198,District-Sant Ravidas Nagar (Bhadohi),Rural,90+,170,77,93,32,9,23,32,16,16,2,1,1,45,24,21,2,2,0,2,1,1,22,12,10,33,12,21
25225,C4920,9,198,District-Sant Ravidas Nagar (Bhadohi),Rural,Age Not Stated,92,52,40,11,6,5,25,16,9,7,4,3,6,4,2,1,0,1,1,0,1,37,18,19,4,4,0
25226,C4920,9,198,District-Sant Ravidas Nagar (Bhadohi),Urban,Total,4049,2315,1734,473,254,219,790,432,358,531,315,216,768,471,297,225,141,84,93,59,34,936,500,436,233,143,90
25227,C4920,9,198,District-Sant Ravidas Nagar (Bhadohi),Urban,0-4,396,191,205,41,22,19,73,41,32,14,8,6,25,11,14,11,3,8,0,0,0,223,101,122,9,5,4
25228,C4920,9,198,District-Sant Ravidas Nagar (Bhadohi),Urban,5-9,378,194,184,64,27,37,88,40,48,69,45,24,37,16,21,26,13,13,3,1,2,66,34,32,25,18,7
25229,C4920,9,198,District-Sant Ravidas Nagar (Bhadohi),Urban,10-19,897,519,378,105,56,49,180,89,91,132,87,45,167,104,63,63,43,20,23,14,9,166,91,75,61,35,26
25230,C4920,9,198,District-Sant Ravidas Nagar (Bhadohi),Urban,20-29,706,429,277,72,41,31,129,82,47,86,46,40,168,114,54,42,23,19,32,21,11,144,78,66,33,24,9
25231,C4920,9,198,District-Sant Ravidas Nagar (Bhadohi),Urban,30-39,535,327,208,46,33,13,112,60,52,83,48,35,106,69,37,39,32,7,12,6,6,110,62,48,27,17,10
25232,C4920,9,198,District-Sant Ravidas Nagar (Bhadohi),Urban,40-49,359,221,138,37,23,14,69,42,27,58,33,25,67,42,25,21,15,6,13,8,5,84,50,34,10,8,2
25233,C4920,9,198,District-Sant Ravidas Nagar (Bhadohi),Urban,50-59,277,159,118,32,16,16,59,30,29,34,17,17,59,38,21,10,8,2,4,3,1,64,37,27,15,10,5
25234,C4920,9,198,District-Sant Ravidas Nagar (Bhadohi),Urban,60-69,271,157,114,45,20,25,40,25,15,29,16,13,84,50,34,11,4,7,5,5,0,41,28,13,16,9,7
25235,C4920,9,198,District-Sant Ravidas Nagar (Bhadohi),Urban,70-79,131,72,59,14,10,4,26,14,12,14,10,4,33,17,16,2,0,2,0,0,0,19,11,8,23,10,13
25236,C4920,9,198,District-Sant Ravidas Nagar (Bhadohi),Urban,80-89,63,28,35,15,5,10,10,7,3,9,3,6,11,6,5,0,0,0,0,0,0,11,5,6,7,2,5
25237,C4920,9,198,District-Sant Ravidas Nagar (Bhadohi),Urban,90+,24,10,14,2,1,1,3,2,1,2,2,0,8,1,7,0,0,0,0,0,0,3,0,3,6,4,2
25238,C4920,9,198,District-Sant Ravidas Nagar (Bhadohi),Urban,Age Not Stated,12,8,4,0,0,0,1,0,1,1,0,1,3,3,0,0,0,0,1,1,0,5,3,2,1,1,0
25239,C4920,9,199,District-Mirzapur,Total,Total,41840,24247,17593,6172,3319,2853,8116,4388,3728,2943,1700,1243,7082,4589,2493,1948,1246,702,886,591,295,12021,6829,5192,2672,1585,1087
25240,C4920,9,199,District-Mirzapur,Total,0-4,2514,1361,1153,356,184,172,622,332,290,72,41,31,195,126,69,58,31,27,12,8,4,1106,590,516,93,49,44
25241,C4920,9,199,District-Mirzapur,Total,5-9,3823,2095,1728,504,264,240,830,433,397,348,189,159,360,200,160,209,117,92,43,29,14,1256,692,564,273,171,102
25242,C4920,9,199,District-Mirzapur,Total,10-19,8926,5163,3763,1078,579,499,1721,924,797,810,483,327,1454,921,533,563,354,209,201,127,74,2494,1385,1109,605,390,215
25243,C4920,9,199,District-Mirzapur,Total,20-29,6989,4230,2759,785,452,333,1189,651,538,511,293,218,1518,1061,457,349,233,116,171,108,63,2057,1166,891,409,266,143
25244,C4920,9,199,District-Mirzapur,Total,30-39,5388,3277,2111,733,431,302,992,544,448,402,229,173,876,598,278,300,202,98,175,129,46,1651,976,675,259,168,91
25245,C4920,9,199,District-Mirzapur,Total,40-49,4131,2540,1591,615,363,252,771,425,346,306,177,129,631,447,184,212,140,72,122,92,30,1282,765,517,192,131,61
25246,C4920,9,199,District-Mirzapur,Total,50-59,3072,1803,1269,529,269,260,581,330,251,194,112,82,528,365,163,125,85,40,71,45,26,894,505,389,150,92,58
25247,C4920,9,199,District-Mirzapur,Total,60-69,3301,1820,1481,743,380,363,644,339,305,167,96,71,694,408,286,76,49,27,55,35,20,709,415,294,213,98,115
25248,C4920,9,199,District-Mirzapur,Total,70-79,2318,1228,1090,539,259,280,467,245,222,90,55,35,549,308,241,42,26,16,26,12,14,356,209,147,249,114,135
25249,C4920,9,199,District-Mirzapur,Total,80-89,907,469,438,212,99,113,168,91,77,15,8,7,212,115,97,6,5,1,5,2,3,136,77,59,153,72,81
25250,C4920,9,199,District-Mirzapur,Total,90+,289,151,138,56,28,28,59,33,26,3,1,2,52,32,20,7,3,4,3,2,1,38,23,15,71,29,42
25251,C4920,9,199,District-Mirzapur,Total,Age Not Stated,182,110,72,22,11,11,72,41,31,25,16,9,13,8,5,1,1,0,2,2,0,42,26,16,5,5,0
25252,C4920,9,199,District-Mirzapur,Rural,Total,33179,19352,13827,5230,2804,2426,6677,3604,3073,2387,1378,1009,6091,3965,2126,1699,1093,606,730,503,227,8313,4795,3518,2052,1210,842
25253,C4920,9,199,District-Mirzapur,Rural,0-4,1976,1071,905,312,159,153,512,272,240,62,34,28,173,113,60,45,22,23,10,7,3,791,427,364,71,37,34
25254,C4920,9,199,District-Mirzapur,Rural,5-9,3095,1704,1391,439,229,210,712,368,344,287,161,126,313,178,135,189,106,83,40,28,12,886,489,397,229,145,84
25255,C4920,9,199,District-Mirzapur,Rural,10-19,7070,4116,2954,926,492,434,1418,778,640,679,396,283,1272,803,469,513,327,186,171,116,55,1619,890,729,472,314,158
25256,C4920,9,199,District-Mirzapur,Rural,20-29,5345,3294,2051,656,383,273,937,504,433,416,242,174,1294,921,373,301,202,99,138,85,53,1340,779,561,263,178,85
25257,C4920,9,199,District-Mirzapur,Rural,30-39,4229,2598,1631,617,368,249,816,441,375,317,180,137,740,509,231,258,173,85,144,107,37,1161,704,457,176,116,60
25258,C4920,9,199,District-Mirzapur,Rural,40-49,3179,1979,1200,502,294,208,629,347,282,233,135,98,523,372,151,177,117,60,101,79,22,880,541,339,134,94,40
25259,C4920,9,199,District-Mirzapur,Rural,50-59,2400,1412,988,430,222,208,480,262,218,144,84,60,439,302,137,104,75,29,57,39,18,650,374,276,96,54,42
25260,C4920,9,199,District-Mirzapur,Rural,60-69,2728,1499,1229,629,318,311,543,287,256,132,75,57,605,354,251,65,42,23,42,27,15,534,319,215,178,77,101
25261,C4920,9,199,District-Mirzapur,Rural,70-79,1980,1051,929,464,216,248,383,208,175,79,48,31,487,272,215,35,21,14,19,9,10,282,172,110,231,105,126
25262,C4920,9,199,District-Mirzapur,Rural,80-89,783,410,373,185,86,99,143,79,64,12,6,6,191,106,85,6,5,1,3,2,1,110,65,45,133,61,72
25263,C4920,9,199,District-Mirzapur,Rural,90+,249,129,120,53,27,26,51,28,23,1,1,0,44,28,16,5,2,3,3,2,1,26,15,11,66,26,40
25264,C4920,9,199,District-Mirzapur,Rural,Age Not Stated,145,89,56,17,10,7,53,30,23,25,16,9,10,7,3,1,1,0,2,2,0,34,20,14,3,3,0
25265,C4920,9,199,District-Mirzapur,Urban,Total,8661,4895,3766,942,515,427,1439,784,655,556,322,234,991,624,367,249,153,96,156,88,68,3708,2034,1674,620,375,245
25266,C4920,9,199,District-Mirzapur,Urban,0-4,538,290,248,44,25,19,110,60,50,10,7,3,22,13,9,13,9,4,2,1,1,315,163,152,22,12,10
25267,C4920,9,199,District-Mirzapur,Urban,5-9,728,391,337,65,35,30,118,65,53,61,28,33,47,22,25,20,11,9,3,1,2,370,203,167,44,26,18
25268,C4920,9,199,District-Mirzapur,Urban,10-19,1856,1047,809,152,87,65,303,146,157,131,87,44,182,118,64,50,27,23,30,11,19,875,495,380,133,76,57
25269,C4920,9,199,District-Mirzapur,Urban,20-29,1644,936,708,129,69,60,252,147,105,95,51,44,224,140,84,48,31,17,33,23,10,717,387,330,146,88,58
25270,C4920,9,199,District-Mirzapur,Urban,30-39,1159,679,480,116,63,53,176,103,73,85,49,36,136,89,47,42,29,13,31,22,9,490,272,218,83,52,31
25271,C4920,9,199,District-Mirzapur,Urban,40-49,952,561,391,113,69,44,142,78,64,73,42,31,108,75,33,35,23,12,21,13,8,402,224,178,58,37,21
25272,C4920,9,199,District-Mirzapur,Urban,50-59,672,391,281,99,47,52,101,68,33,50,28,22,89,63,26,21,10,11,14,6,8,244,131,113,54,38,16
25273,C4920,9,199,District-Mirzapur,Urban,60-69,573,321,252,114,62,52,101,52,49,35,21,14,89,54,35,11,7,4,13,8,5,175,96,79,35,21,14
25274,C4920,9,199,District-Mirzapur,Urban,70-79,338,177,161,75,43,32,84,37,47,11,7,4,62,36,26,7,5,2,7,3,4,74,37,37,18,9,9
25275,C4920,9,199,District-Mirzapur,Urban,80-89,124,59,65,27,13,14,25,12,13,3,2,1,21,9,12,0,0,0,2,0,2,26,12,14,20,11,9
25276,C4920,9,199,District-Mirzapur,Urban,90+,40,22,18,3,1,2,8,5,3,2,0,2,8,4,4,2,1,1,0,0,0,12,8,4,5,3,2
25277,C4920,9,199,District-Mirzapur,Urban,Age Not Stated,37,21,16,5,1,4,19,11,8,0,0,0,3,1,2,0,0,0,0,0,0,8,6,2,2,2,0
25278,C4920,9,200,District-Sonbhadra,Total,Total,31048,17810,13238,3869,2151,1718,7789,4114,3675,2468,1501,967,5436,3495,1941,1349,803,546,630,393,237,7562,4226,3336,1945,1127,818
25279,C4920,9,200,District-Sonbhadra,Total,0-4,1967,1055,912,229,119,110,723,386,337,51,34,17,169,94,75,57,28,29,10,4,6,665,351,314,63,39,24
25280,C4920,9,200,District-Sonbhadra,Total,5-9,2957,1633,1324,366,206,160,874,464,410,296,178,118,303,185,118,154,84,70,32,19,13,769,397,372,163,100,63
25281,C4920,9,200,District-Sonbhadra,Total,10-19,6596,3662,2934,681,344,337,1686,887,799,690,400,290,993,627,366,374,211,163,148,89,59,1660,876,784,364,228,136
25282,C4920,9,200,District-Sonbhadra,Total,20-29,5119,3067,2052,511,311,200,1217,646,571,449,285,164,1021,695,326,261,164,97,135,86,49,1279,724,555,246,156,90
25283,C4920,9,200,District-Sonbhadra,Total,30-39,3868,2307,1561,397,230,167,940,493,447,350,210,140,692,479,213,210,140,70,109,77,32,1005,576,429,165,102,63
25284,C4920,9,200,District-Sonbhadra,Total,40-49,3257,1936,1321,360,194,166,774,419,355,290,178,112,569,394,175,154,98,56,96,57,39,882,520,362,132,76,56
25285,C4920,9,200,District-Sonbhadra,Total,50-59,2416,1419,997,364,205,159,564,276,288,176,117,59,447,295,152,70,40,30,49,31,18,606,383,223,140,72,68
25286,C4920,9,200,District-Sonbhadra,Total,60-69,2427,1375,1052,443,250,193,548,296,252,101,56,45,597,359,238,45,23,22,26,17,9,408,235,173,259,139,120
25287,C4920,9,200,District-Sonbhadra,Total,70-79,1507,848,659,328,184,144,310,162,148,40,25,15,403,241,162,15,9,6,16,8,8,188,108,80,207,111,96
25288,C4920,9,200,District-Sonbhadra,Total,80-89,654,352,302,134,77,57,106,58,48,18,13,5,186,94,92,6,4,2,7,3,4,56,34,22,141,69,72
25289,C4920,9,200,District-Sonbhadra,Total,90+,240,131,109,52,30,22,37,20,17,5,4,1,51,27,24,2,1,1,2,2,0,26,12,14,65,35,30
25290,C4920,9,200,District-Sonbhadra,Total,Age Not Stated,40,25,15,4,1,3,10,7,3,2,1,1,5,5,0,1,1,0,0,0,0,18,10,8,0,0,0
25291,C4920,9,200,District-Sonbhadra,Rural,Total,25166,14412,10754,3458,1933,1525,6478,3429,3049,1652,995,657,4710,3016,1694,1148,678,470,524,327,197,5458,3040,2418,1738,994,744
25292,C4920,9,200,District-Sonbhadra,Rural,0-4,1641,884,757,208,108,100,611,336,275,34,23,11,159,90,69,45,20,25,8,3,5,521,270,251,55,34,21
25293,C4920,9,200,District-Sonbhadra,Rural,5-9,2542,1393,1149,336,193,143,752,394,358,221,134,87,267,158,109,139,76,63,28,15,13,655,338,317,144,85,59
25294,C4920,9,200,District-Sonbhadra,Rural,10-19,5290,2949,2341,595,306,289,1391,736,655,498,289,209,874,556,318,314,176,138,122,74,48,1190,619,571,306,193,113
25295,C4920,9,200,District-Sonbhadra,Rural,20-29,3901,2339,1562,445,268,177,959,502,457,290,190,100,842,573,269,221,139,82,113,72,41,834,471,363,197,124,73
25296,C4920,9,200,District-Sonbhadra,Rural,30-39,3114,1866,1248,354,208,146,779,414,365,212,125,87,602,414,188,179,121,58,91,64,27,753,432,321,144,88,56
25297,C4920,9,200,District-Sonbhadra,Rural,40-49,2462,1489,973,310,169,141,640,350,290,170,97,73,468,331,137,132,81,51,79,48,31,543,343,200,120,70,50
25298,C4920,9,200,District-Sonbhadra,Rural,50-59,1858,1058,800,327,184,143,455,223,232,103,65,38,368,233,135,57,33,24,38,25,13,377,228,149,133,67,66
25299,C4920,9,200,District-Sonbhadra,Rural,60-69,2152,1202,950,400,225,175,490,261,229,74,38,36,536,320,216,39,19,20,21,13,8,344,196,148,248,130,118
25300,C4920,9,200,District-Sonbhadra,Rural,70-79,1377,783,594,308,172,136,280,149,131,29,18,11,371,228,143,15,9,6,16,8,8,161,97,64,197,102,95
25301,C4920,9,200,District-Sonbhadra,Rural,80-89,588,315,273,124,72,52,90,49,41,15,12,3,169,82,87,5,3,2,6,3,3,48,28,20,131,66,65
25302,C4920,9,200,District-Sonbhadra,Rural,90+,213,115,98,47,27,20,28,13,15,4,3,1,50,27,23,1,0,1,2,2,0,18,8,10,63,35,28
25303,C4920,9,200,District-Sonbhadra,Rural,Age Not Stated,28,19,9,4,1,3,3,2,1,2,1,1,4,4,0,1,1,0,0,0,0,14,10,4,0,0,0
25304,C4920,9,200,District-Sonbhadra,Urban,Total,5882,3398,2484,411,218,193,1311,685,626,816,506,310,726,479,247,201,125,76,106,66,40,2104,1186,918,207,133,74
25305,C4920,9,200,District-Sonbhadra,Urban,0-4,326,171,155,21,11,10,112,50,62,17,11,6,10,4,6,12,8,4,2,1,1,144,81,63,8,5,3
25306,C4920,9,200,District-Sonbhadra,Urban,5-9,415,240,175,30,13,17,122,70,52,75,44,31,36,27,9,15,8,7,4,4,0,114,59,55,19,15,4
25307,C4920,9,200,District-Sonbhadra,Urban,10-19,1306,713,593,86,38,48,295,151,144,192,111,81,119,71,48,60,35,25,26,15,11,470,257,213,58,35,23
25308,C4920,9,200,District-Sonbhadra,Urban,20-29,1218,728,490,66,43,23,258,144,114,159,95,64,179,122,57,40,25,15,22,14,8,445,253,192,49,32,17
25309,C4920,9,200,District-Sonbhadra,Urban,30-39,754,441,313,43,22,21,161,79,82,138,85,53,90,65,25,31,19,12,18,13,5,252,144,108,21,14,7
25310,C4920,9,200,District-Sonbhadra,Urban,40-49,795,447,348,50,25,25,134,69,65,120,81,39,101,63,38,22,17,5,17,9,8,339,177,162,12,6,6
25311,C4920,9,200,District-Sonbhadra,Urban,50-59,558,361,197,37,21,16,109,53,56,73,52,21,79,62,17,13,7,6,11,6,5,229,155,74,7,5,2
25312,C4920,9,200,District-Sonbhadra,Urban,60-69,275,173,102,43,25,18,58,35,23,27,18,9,61,39,22,6,4,2,5,4,1,64,39,25,11,9,2
25313,C4920,9,200,District-Sonbhadra,Urban,70-79,130,65,65,20,12,8,30,13,17,11,7,4,32,13,19,0,0,0,0,0,0,27,11,16,10,9,1
25314,C4920,9,200,District-Sonbhadra,Urban,80-89,66,37,29,10,5,5,16,9,7,3,1,2,17,12,5,1,1,0,1,0,1,8,6,2,10,3,7
25315,C4920,9,200,District-Sonbhadra,Urban,90+,27,16,11,5,3,2,9,7,2,1,1,0,1,0,1,1,1,0,0,0,0,8,4,4,2,0,2
25316,C4920,9,200,District-Sonbhadra,Urban,Age Not Stated,12,6,6,0,0,0,7,5,2,0,0,0,1,1,0,0,0,0,0,0,0,4,0,4,0,0,0
25317,C4920,9,201,District-Etah,Total,Total,31245,18238,13007,4438,2350,2088,7456,3865,3591,1564,922,642,7156,4821,2335,1550,980,570,510,351,159,6910,3969,2941,1661,980,681
25318,C4920,9,201,District-Etah,Total,0-4,1821,975,846,256,137,119,624,309,315,37,17,20,137,78,59,76,49,27,12,7,5,624,346,278,55,32,23
25319,C4920,9,201,District-Etah,Total,5-9,2726,1502,1224,352,188,164,832,430,402,202,110,92,299,177,122,147,89,58,35,23,12,719,402,317,140,83,57
25320,C4920,9,201,District-Etah,Total,10-19,7231,4336,2895,747,411,336,1612,860,752,415,257,158,1861,1271,590,436,261,175,118,85,33,1677,947,730,365,244,121
25321,C4920,9,201,District-Etah,Total,20-29,5471,3488,1983,508,294,214,1131,577,554,317,206,111,1792,1301,491,313,218,95,89,65,24,1113,674,439,208,153,55
25322,C4920,9,201,District-Etah,Total,30-39,3823,2338,1485,383,220,163,845,436,409,204,114,90,1013,706,307,238,164,74,90,60,30,917,533,384,133,105,28
25323,C4920,9,201,District-Etah,Total,40-49,2734,1665,1069,360,201,159,669,359,310,140,81,59,557,415,142,176,104,72,79,61,18,660,386,274,93,58,35
25324,C4920,9,201,District-Etah,Total,50-59,2179,1258,921,403,219,184,550,276,274,105,54,51,409,276,133,72,44,28,42,25,17,505,304,201,93,60,33
25325,C4920,9,201,District-Etah,Total,60-69,2331,1225,1106,635,298,337,564,286,278,72,42,30,450,272,178,55,33,22,24,13,11,375,211,164,156,70,86
25326,C4920,9,201,District-Etah,Total,70-79,1757,842,915,507,240,267,394,194,200,35,19,16,376,197,179,24,10,14,16,9,7,190,89,101,215,84,131
25327,C4920,9,201,District-Etah,Total,80-89,725,363,362,192,95,97,153,85,68,16,12,4,162,77,85,4,2,2,3,1,2,70,40,30,125,51,74
25328,C4920,9,201,District-Etah,Total,90+,340,186,154,73,37,36,56,38,18,14,8,6,84,40,44,6,5,1,1,1,0,32,20,12,74,37,37
25329,C4920,9,201,District-Etah,Total,Age Not Stated,107,60,47,22,10,12,26,15,11,7,2,5,16,11,5,3,1,2,1,1,0,28,17,11,4,3,1
25330,C4920,9,201,District-Etah,Rural,Total,25812,15267,10545,3522,1849,1673,6051,3275,2776,1299,767,532,6067,4121,1946,1263,810,453,414,290,124,5786,3329,2457,1410,826,584
25331,C4920,9,201,District-Etah,Rural,0-4,1529,834,695,211,109,102,516,273,243,29,14,15,118,72,46,60,40,20,8,5,3,547,297,250,40,24,16
25332,C4920,9,201,District-Etah,Rural,5-9,2309,1282,1027,285,152,133,695,367,328,180,99,81,262,153,109,126,73,53,28,20,8,615,347,268,118,71,47
25333,C4920,9,201,District-Etah,Rural,10-19,6107,3711,2396,586,320,266,1324,737,587,352,213,139,1612,1106,506,372,228,144,104,73,31,1442,819,623,315,215,100
25334,C4920,9,201,District-Etah,Rural,20-29,4417,2886,1531,389,224,165,874,464,410,257,172,85,1530,1132,398,236,173,63,70,53,17,892,546,346,169,122,47
25335,C4920,9,201,District-Etah,Rural,30-39,3153,1959,1194,289,163,126,668,361,307,170,96,74,855,596,259,206,145,61,73,48,25,780,462,318,112,88,24
25336,C4920,9,201,District-Etah,Rural,40-49,2151,1343,808,254,146,108,520,303,217,112,63,49,470,358,112,139,80,59,65,49,16,520,303,217,71,41,30
25337,C4920,9,201,District-Etah,Rural,50-59,1700,995,705,308,167,141,419,226,193,82,41,41,330,220,110,51,32,19,30,20,10,405,241,164,75,48,27
25338,C4920,9,201,District-Etah,Rural,60-69,1954,1020,934,525,238,287,484,250,234,60,38,22,372,222,150,45,27,18,19,11,8,309,173,136,140,61,79
25339,C4920,9,201,District-Etah,Rural,70-79,1506,725,781,435,212,223,342,171,171,29,14,15,311,157,154,22,9,13,13,8,5,166,80,86,188,74,114
25340,C4920,9,201,District-Etah,Rural,80-89,613,309,304,165,79,86,138,78,60,11,9,2,123,62,61,3,1,2,2,1,1,61,32,29,110,47,63
25341,C4920,9,201,District-Etah,Rural,90+,287,156,131,58,31,27,47,32,15,12,7,5,69,32,37,2,2,0,1,1,0,28,18,10,70,33,37
25342,C4920,9,201,District-Etah,Rural,Age Not Stated,86,47,39,17,8,9,24,13,11,5,1,4,15,11,4,1,0,1,1,1,0,21,11,10,2,2,0
25343,C4920,9,201,District-Etah,Urban,Total,5433,2971,2462,916,501,415,1405,590,815,265,155,110,1089,700,389,287,170,117,96,61,35,1124,640,484,251,154,97
25344,C4920,9,201,District-Etah,Urban,0-4,292,141,151,45,28,17,108,36,72,8,3,5,19,6,13,16,9,7,4,2,2,77,49,28,15,8,7
25345,C4920,9,201,District-Etah,Urban,5-9,417,220,197,67,36,31,137,63,74,22,11,11,37,24,13,21,16,5,7,3,4,104,55,49,22,12,10
25346,C4920,9,201,District-Etah,Urban,10-19,1124,625,499,161,91,70,288,123,165,63,44,19,249,165,84,64,33,31,14,12,2,235,128,107,50,29,21
25347,C4920,9,201,District-Etah,Urban,20-29,1054,602,452,119,70,49,257,113,144,60,34,26,262,169,93,77,45,32,19,12,7,221,128,93,39,31,8
25348,C4920,9,201,District-Etah,Urban,30-39,670,379,291,94,57,37,177,75,102,34,18,16,158,110,48,32,19,13,17,12,5,137,71,66,21,17,4
25349,C4920,9,201,District-Etah,Urban,40-49,583,322,261,106,55,51,149,56,93,28,18,10,87,57,30,37,24,13,14,12,2,140,83,57,22,17,5
25350,C4920,9,201,District-Etah,Urban,50-59,479,263,216,95,52,43,131,50,81,23,13,10,79,56,23,21,12,9,12,5,7,100,63,37,18,12,6
25351,C4920,9,201,District-Etah,Urban,60-69,377,205,172,110,60,50,80,36,44,12,4,8,78,50,28,10,6,4,5,2,3,66,38,28,16,9,7
25352,C4920,9,201,District-Etah,Urban,70-79,251,117,134,72,28,44,52,23,29,6,5,1,65,40,25,2,1,1,3,1,2,24,9,15,27,10,17
25353,C4920,9,201,District-Etah,Urban,80-89,112,54,58,27,16,11,15,7,8,5,3,2,39,15,24,1,1,0,1,0,1,9,8,1,15,4,11
25354,C4920,9,201,District-Etah,Urban,90+,53,30,23,15,6,9,9,6,3,2,1,1,15,8,7,4,3,1,0,0,0,4,2,2,4,4,0
25355,C4920,9,201,District-Etah,Urban,Age Not Stated,21,13,8,5,2,3,2,2,0,2,1,1,1,0,1,2,1,1,0,0,0,7,6,1,2,1,1
25356,C4920,9,202,District-Kanshiram Nagar,Total,Total,23771,13745,10026,4740,2425,2315,4031,2126,1905,1233,720,513,6089,3994,2095,1148,748,400,489,324,165,4260,2445,1815,1781,963,818
25357,C4920,9,202,District-Kanshiram Nagar,Total,0-4,1267,660,607,154,77,77,303,155,148,30,23,7,131,74,57,26,17,9,5,2,3,562,277,285,56,35,21
25358,C4920,9,202,District-Kanshiram Nagar,Total,5-9,1763,986,777,242,134,108,330,169,161,187,110,77,253,160,93,79,42,37,27,15,12,527,282,245,118,74,44
25359,C4920,9,202,District-Kanshiram Nagar,Total,10-19,4832,2973,1859,508,287,221,706,403,303,363,195,168,1506,977,529,352,228,124,122,74,48,991,619,372,284,190,94
25360,C4920,9,202,District-Kanshiram Nagar,Total,20-29,3374,2275,1099,289,171,118,471,280,191,217,133,84,1317,963,354,230,170,60,100,69,31,574,360,214,176,129,47
25361,C4920,9,202,District-Kanshiram Nagar,Total,30-39,2417,1547,870,270,160,110,379,219,160,162,103,59,786,547,239,194,132,62,90,72,18,425,247,178,111,67,44
25362,C4920,9,202,District-Kanshiram Nagar,Total,40-49,2025,1265,760,426,232,194,347,192,155,101,55,46,519,369,150,140,92,48,67,42,25,319,215,104,106,68,38
25363,C4920,9,202,District-Kanshiram Nagar,Total,50-59,1876,1024,852,604,307,297,336,160,176,70,41,29,411,258,153,68,40,28,37,23,14,253,140,113,97,55,42
25364,C4920,9,202,District-Kanshiram Nagar,Total,60-69,2862,1441,1421,1133,562,571,509,244,265,57,36,21,558,318,240,37,17,20,22,18,4,327,164,163,219,82,137
25365,C4920,9,202,District-Kanshiram Nagar,Total,70-79,2079,973,1106,743,333,410,415,198,217,23,11,12,381,200,181,10,4,6,10,2,8,159,80,79,338,145,193
25366,C4920,9,202,District-Kanshiram Nagar,Total,80-89,852,386,466,275,116,159,163,72,91,8,5,3,160,92,68,4,3,1,5,3,2,52,21,31,185,74,111
25367,C4920,9,202,District-Kanshiram Nagar,Total,90+,306,149,157,79,37,42,53,22,31,5,3,2,56,30,26,4,1,3,3,3,0,21,12,9,85,41,44
25368,C4920,9,202,District-Kanshiram Nagar,Total,Age Not Stated,118,66,52,17,9,8,19,12,7,10,5,5,11,6,5,4,2,2,1,1,0,50,28,22,6,3,3
25369,C4920,9,202,District-Kanshiram Nagar,Rural,Total,19600,11328,8272,4053,2074,1979,3193,1661,1532,996,596,400,4969,3272,1697,906,598,308,382,253,129,3622,2074,1548,1479,800,679
25370,C4920,9,202,District-Kanshiram Nagar,Rural,0-4,1059,546,513,118,56,62,247,123,124,28,22,6,108,60,48,18,11,7,5,2,3,498,249,249,37,23,14
25371,C4920,9,202,District-Kanshiram Nagar,Rural,5-9,1443,785,658,189,99,90,247,125,122,153,90,63,202,124,78,65,30,35,22,10,12,473,250,223,92,57,35
25372,C4920,9,202,District-Kanshiram Nagar,Rural,10-19,3963,2448,1515,410,226,184,553,306,247,297,167,130,1247,813,434,293,189,104,95,57,38,849,537,312,219,153,66
25373,C4920,9,202,District-Kanshiram Nagar,Rural,20-29,2619,1808,811,227,141,86,309,193,116,168,103,65,1059,782,277,181,142,39,81,58,23,457,286,171,137,103,34
25374,C4920,9,202,District-Kanshiram Nagar,Rural,30-39,1930,1250,680,218,138,80,290,167,123,128,84,44,637,447,190,161,112,49,69,56,13,343,198,145,84,48,36
25375,C4920,9,202,District-Kanshiram Nagar,Rural,40-49,1625,1022,603,363,199,164,270,148,122,79,44,35,417,302,115,100,67,33,48,30,18,267,180,87,81,52,29
25376,C4920,9,202,District-Kanshiram Nagar,Rural,50-59,1544,837,707,531,270,261,263,123,140,58,37,21,319,199,120,47,29,18,29,19,10,211,110,101,86,50,36
25377,C4920,9,202,District-Kanshiram Nagar,Rural,60-69,2486,1243,1243,1015,506,509,444,211,233,48,30,18,458,258,200,27,12,15,15,12,3,279,140,139,200,74,126
25378,C4920,9,202,District-Kanshiram Nagar,Rural,70-79,1833,866,967,658,293,365,366,175,191,20,9,11,328,177,151,8,4,4,9,2,7,140,72,68,304,134,170
25379,C4920,9,202,District-Kanshiram Nagar,Rural,80-89,742,339,403,244,105,139,141,61,80,6,5,1,138,79,59,2,1,1,5,3,2,44,19,25,162,66,96
25380,C4920,9,202,District-Kanshiram Nagar,Rural,90+,265,135,130,66,33,33,49,21,28,4,2,2,47,26,21,2,1,1,3,3,0,18,10,8,76,39,37
25381,C4920,9,202,District-Kanshiram Nagar,Rural,Age Not Stated,91,49,42,14,8,6,14,8,6,7,3,4,9,5,4,2,0,2,1,1,0,43,23,20,1,1,0
25382,C4920,9,202,District-Kanshiram Nagar,Urban,Total,4171,2417,1754,687,351,336,838,465,373,237,124,113,1120,722,398,242,150,92,107,71,36,638,371,267,302,163,139
25383,C4920,9,202,District-Kanshiram Nagar,Urban,0-4,208,114,94,36,21,15,56,32,24,2,1,1,23,14,9,8,6,2,0,0,0,64,28,36,19,12,7
25384,C4920,9,202,District-Kanshiram Nagar,Urban,5-9,320,201,119,53,35,18,83,44,39,34,20,14,51,36,15,14,12,2,5,5,0,54,32,22,26,17,9
25385,C4920,9,202,District-Kanshiram Nagar,Urban,10-19,869,525,344,98,61,37,153,97,56,66,28,38,259,164,95,59,39,20,27,17,10,142,82,60,65,37,28
25386,C4920,9,202,District-Kanshiram Nagar,Urban,20-29,755,467,288,62,30,32,162,87,75,49,30,19,258,181,77,49,28,21,19,11,8,117,74,43,39,26,13
25387,C4920,9,202,District-Kanshiram Nagar,Urban,30-39,487,297,190,52,22,30,89,52,37,34,19,15,149,100,49,33,20,13,21,16,5,82,49,33,27,19,8
25388,C4920,9,202,District-Kanshiram Nagar,Urban,40-49,400,243,157,63,33,30,77,44,33,22,11,11,102,67,35,40,25,15,19,12,7,52,35,17,25,16,9
25389,C4920,9,202,District-Kanshiram Nagar,Urban,50-59,332,187,145,73,37,36,73,37,36,12,4,8,92,59,33,21,11,10,8,4,4,42,30,12,11,5,6
25390,C4920,9,202,District-Kanshiram Nagar,Urban,60-69,376,198,178,118,56,62,65,33,32,9,6,3,100,60,40,10,5,5,7,6,1,48,24,24,19,8,11
25391,C4920,9,202,District-Kanshiram Nagar,Urban,70-79,246,107,139,85,40,45,49,23,26,3,2,1,53,23,30,2,0,2,1,0,1,19,8,11,34,11,23
25392,C4920,9,202,District-Kanshiram Nagar,Urban,80-89,110,47,63,31,11,20,22,11,11,2,0,2,22,13,9,2,2,0,0,0,0,8,2,6,23,8,15
25393,C4920,9,202,District-Kanshiram Nagar,Urban,90+,41,14,27,13,4,9,4,1,3,1,1,0,9,4,5,2,0,2,0,0,0,3,2,1,9,2,7
25394,C4920,9,202,District-Kanshiram Nagar,Urban,Age Not Stated,27,17,10,3,1,2,5,4,1,3,2,1,2,1,1,2,2,0,0,0,0,7,5,2,5,2,3
25395,C4920,5,0,State-UTTARAKHAND,Total,0-4,7385,3976,3409,1073,575,498,1961,986,975,197,106,91,734,422,312,258,148,110,67,39,28,2362,1299,1063,733,401,332
25396,C4920,5,0,State-UTTARAKHAND,Total,5-9,12343,6929,5414,1572,872,700,2498,1272,1226,1369,779,590,1403,868,535,939,553,386,238,138,100,2629,1415,1214,1695,1032,663
25397,C4920,5,0,State-UTTARAKHAND,Total,10-19,32144,18374,13770,3799,2113,1686,6212,3261,2951,2831,1666,1165,5440,3320,2120,3106,1815,1291,1023,622,401,6035,3339,2696,3698,2238,1460
25398,C4920,5,0,State-UTTARAKHAND,Total,20-29,28657,16888,11769,2849,1594,1255,5662,3241,2421,2074,1156,918,6482,4083,2399,2455,1517,938,1243,799,444,5006,2814,2192,2886,1684,1202
25399,C4920,5,0,State-UTTARAKHAND,Total,30-39,22693,13421,9272,2500,1419,1081,4145,2155,1990,1647,916,731,5177,3386,1791,1809,1151,658,1334,876,458,4198,2390,1808,1883,1128,755
25400,C4920,5,0,State-UTTARAKHAND,Total,40-49,20350,12126,8224,2590,1421,1169,3709,1923,1786,1645,923,722,4525,3045,1480,1398,933,465,1120,710,410,3519,2047,1472,1844,1124,720
25401,C4920,5,0,State-UTTARAKHAND,Total,50-59,16828,9348,7480,2982,1453,1529,3248,1559,1689,1140,637,503,3980,2515,1465,738,434,304,636,368,268,2688,1549,1139,1416,833,583
25402,C4920,5,0,State-UTTARAKHAND,Total,60-69,19387,9883,9504,4972,2166,2806,4028,1903,2125,847,484,363,4331,2526,1805,474,264,210,454,236,218,2357,1307,1050,1924,997,927
25403,C4920,5,0,State-UTTARAKHAND,Total,70-79,15188,7300,7888,4301,1869,2432,3575,1686,1889,407,237,170,3116,1713,1403,169,85,84,228,106,122,1233,642,591,2159,962,1197
25404,C4920,5,0,State-UTTARAKHAND,Total,80-89,7518,3315,4203,1906,776,1130,1954,890,1064,123,62,61,1369,669,700,61,28,33,73,28,45,440,219,221,1592,643,949
25405,C4920,5,0,State-UTTARAKHAND,Total,90+,2280,911,1369,461,164,297,551,228,323,35,16,19,391,163,228,26,14,12,18,8,10,132,60,72,666,258,408
25406,C4920,5,0,State-UTTARAKHAND,Total,Age Not Stated,499,316,183,102,64,38,138,88,50,33,26,7,48,33,15,17,10,7,9,5,4,124,78,46,28,12,16
25407,C4920,5,0,State-UTTARAKHAND,Rural,Total,134097,73244,60853,21483,10341,11142,25312,12410,12902,8808,4966,3842,27947,16970,10977,8368,5090,3278,4763,2982,1781,21542,11859,9683,15874,8626,7248
25408,C4920,5,0,State-UTTARAKHAND,Rural,0-4,5133,2767,2366,685,357,328,1260,650,610,138,73,65,571,325,246,177,97,80,45,28,17,1714,939,775,543,298,245
25409,C4920,5,0,State-UTTARAKHAND,Rural,5-9,8698,4879,3819,998,550,448,1583,799,784,1024,579,445,1074,666,408,741,434,307,158,92,66,1836,966,870,1284,793,491
25410,C4920,5,0,State-UTTARAKHAND,Rural,10-19,22230,12663,9567,2352,1305,1047,3822,1969,1853,2017,1191,826,4063,2478,1585,2321,1352,969,693,422,271,4270,2311,1959,2692,1635,1057
25411,C4920,5,0,State-UTTARAKHAND,Rural,20-29,18698,10823,7875,1767,971,796,2922,1483,1439,1362,753,609,4646,2898,1748,1737,1065,672,917,602,315,3266,1815,1451,2081,1236,845
25412,C4920,5,0,State-UTTARAKHAND,Rural,30-39,15429,9202,6227,1596,916,680,2461,1228,1233,1125,621,504,3764,2472,1292,1286,840,446,1013,693,320,2821,1603,1218,1363,829,534
25413,C4920,5,0,State-UTTARAKHAND,Rural,40-49,14434,8606,5828,1766,966,800,2427,1236,1191,1214,672,542,3402,2259,1143,1003,681,322,853,564,289,2441,1413,1028,1328,815,513
25414,C4920,5,0,State-UTTARAKHAND,Rural,50-59,12488,6796,5692,2237,1046,1191,2316,1100,1216,853,460,393,3044,1879,1165,545,325,220,488,290,198,1938,1097,841,1067,599,468
25415,C4920,5,0,State-UTTARAKHAND,Rural,60-69,15593,7756,7837,4163,1761,2402,3275,1530,1745,631,366,265,3426,1940,1486,363,204,159,351,187,164,1770,966,804,1614,802,812
25416,C4920,5,0,State-UTTARAKHAND,Rural,70-79,12794,6024,6770,3781,1616,2165,3042,1425,1617,308,172,136,2512,1365,1147,125,61,64,170,75,95,972,490,482,1884,820,1064
25417,C4920,5,0,State-UTTARAKHAND,Rural,80-89,6412,2782,3630,1703,681,1022,1663,753,910,86,46,40,1107,533,574,44,17,27,53,20,33,337,170,167,1419,562,857
25418,C4920,5,0,State-UTTARAKHAND,Rural,90+,1872,752,1120,389,142,247,452,185,267,25,13,12,302,131,171,21,12,9,14,5,9,93,38,55,576,226,350
25419,C4920,5,0,State-UTTARAKHAND,Rural,Age Not Stated,316,194,122,46,30,16,89,52,37,25,20,5,36,24,12,5,2,3,8,4,4,84,51,33,23,11,12
25420,C4920,5,0,State-UTTARAKHAND,Urban,Total,51175,29543,21632,7624,4145,3479,12369,6782,5587,3540,2042,1498,9049,5773,3276,3082,1862,1220,1680,953,727,9181,5300,3881,4650,2686,1964
25421,C4920,5,0,State-UTTARAKHAND,Urban,0-4,2252,1209,1043,388,218,170,701,336,365,59,33,26,163,97,66,81,51,30,22,11,11,648,360,288,190,103,87
25422,C4920,5,0,State-UTTARAKHAND,Urban,5-9,3645,2050,1595,574,322,252,915,473,442,345,200,145,329,202,127,198,119,79,80,46,34,793,449,344,411,239,172
25423,C4920,5,0,State-UTTARAKHAND,Urban,10-19,9914,5711,4203,1447,808,639,2390,1292,1098,814,475,339,1377,842,535,785,463,322,330,200,130,1765,1028,737,1006,603,403
25424,C4920,5,0,State-UTTARAKHAND,Urban,20-29,9959,6065,3894,1082,623,459,2740,1758,982,712,403,309,1836,1185,651,718,452,266,326,197,129,1740,999,741,805,448,357
25425,C4920,5,0,State-UTTARAKHAND,Urban,30-39,7264,4219,3045,904,503,401,1684,927,757,522,295,227,1413,914,499,523,311,212,321,183,138,1377,787,590,520,299,221
25426,C4920,5,0,State-UTTARAKHAND,Urban,40-49,5916,3520,2396,824,455,369,1282,687,595,431,251,180,1123,786,337,395,252,143,267,146,121,1078,634,444,516,309,207
25427,C4920,5,0,State-UTTARAKHAND,Urban,50-59,4340,2552,1788,745,407,338,932,459,473,287,177,110,936,636,300,193,109,84,148,78,70,750,452,298,349,234,115
25428,C4920,5,0,State-UTTARAKHAND,Urban,60-69,3794,2127,1667,809,405,404,753,373,380,216,118,98,905,586,319,111,60,51,103,49,54,587,341,246,310,195,115
25429,C4920,5,0,State-UTTARAKHAND,Urban,70-79,2394,1276,1118,520,253,267,533,261,272,99,65,34,604,348,256,44,24,20,58,31,27,261,152,109,275,142,133
25430,C4920,5,0,State-UTTARAKHAND,Urban,80-89,1106,533,573,203,95,108,291,137,154,37,16,21,262,136,126,17,11,6,20,8,12,103,49,54,173,81,92
25431,C4920,5,0,State-UTTARAKHAND,Urban,90+,408,159,249,72,22,50,99,43,56,10,3,7,89,32,57,5,2,3,4,3,1,39,22,17,90,32,58
25432,C4920,5,0,State-UTTARAKHAND,Urban,Age Not Stated,183,122,61,56,34,22,49,36,13,8,6,2,12,9,3,12,8,4,1,1,0,40,27,13,5,1,4
25433,C4920,5,56,District-Uttarkashi,Total,Total,6851,3770,3081,1215,593,622,1141,606,535,683,385,298,1390,827,563,319,193,126,184,106,78,1065,592,473,854,468,386
25434,C4920,5,56,District-Uttarkashi,Total,0-4,243,137,106,21,14,7,45,23,22,16,10,6,25,12,13,9,6,3,2,1,1,99,59,40,26,12,14
25435,C4920,5,56,District-Uttarkashi,Total,5-9,448,242,206,44,23,21,74,41,33,73,36,37,59,37,22,23,13,10,9,3,6,107,53,54,59,36,23
25436,C4920,5,56,District-Uttarkashi,Total,10-19,1099,601,498,118,53,65,164,94,70,159,94,65,188,110,78,102,55,47,24,9,15,215,115,100,129,71,58
25437,C4920,5,56,District-Uttarkashi,Total,20-29,864,532,332,84,59,25,117,70,47,96,52,44,217,130,87,66,45,21,29,17,12,142,78,64,113,81,32
25438,C4920,5,56,District-Uttarkashi,Total,30-39,740,444,296,73,50,23,124,65,59,92,50,42,177,112,65,40,26,14,40,27,13,149,85,64,45,29,16
25439,C4920,5,56,District-Uttarkashi,Total,40-49,766,455,311,91,49,42,116,56,60,100,53,47,197,131,66,32,21,11,40,25,15,118,77,41,72,43,29
25440,C4920,5,56,District-Uttarkashi,Total,50-59,691,404,287,136,70,66,106,59,47,75,50,25,168,102,66,24,12,12,24,13,11,91,56,35,67,42,25
25441,C4920,5,56,District-Uttarkashi,Total,60-69,892,459,433,266,126,140,188,93,95,46,32,14,182,96,86,16,11,5,11,8,3,77,39,38,106,54,52
25442,C4920,5,56,District-Uttarkashi,Total,70-79,709,313,396,259,100,159,133,64,69,19,5,14,115,64,51,6,4,2,4,3,1,44,19,25,129,54,75
25443,C4920,5,56,District-Uttarkashi,Total,80-89,322,153,169,104,42,62,64,37,27,6,2,4,51,29,22,0,0,0,1,0,1,11,6,5,85,37,48
25444,C4920,5,56,District-Uttarkashi,Total,90+,65,24,41,18,6,12,10,4,6,1,1,0,10,4,6,0,0,0,0,0,0,5,2,3,21,7,14
25445,C4920,5,56,District-Uttarkashi,Total,Age Not Stated,12,6,6,1,1,0,0,0,0,0,0,0,1,0,1,1,0,1,0,0,0,7,3,4,2,2,0
25446,C4920,5,56,District-Uttarkashi,Rural,Total,6360,3481,2879,1155,561,594,1069,563,506,609,338,271,1294,771,523,292,172,120,177,104,73,945,521,424,819,451,368
25447,C4920,5,56,District-Uttarkashi,Rural,0-4,220,126,94,19,14,5,41,21,20,15,9,6,23,11,12,6,3,3,2,1,1,90,55,35,24,12,12
25448,C4920,5,56,District-Uttarkashi,Rural,5-9,395,209,186,40,21,19,68,38,30,68,31,37,55,34,21,22,12,10,7,2,5,80,36,44,55,35,20
25449,C4920,5,56,District-Uttarkashi,Rural,10-19,1020,560,460,112,51,61,151,88,63,142,82,60,179,106,73,96,51,45,21,9,12,195,103,92,124,70,54
25450,C4920,5,56,District-Uttarkashi,Rural,20-29,778,481,297,77,53,24,104,62,42,85,46,39,196,122,74,56,36,20,29,17,12,129,72,57,102,73,29
25451,C4920,5,56,District-Uttarkashi,Rural,30-39,673,402,271,68,47,21,114,58,56,75,41,34,159,98,61,38,26,12,39,26,13,135,77,58,45,29,16
25452,C4920,5,56,District-Uttarkashi,Rural,40-49,712,418,294,85,43,42,112,54,58,88,48,40,182,121,61,29,19,10,40,25,15,105,66,39,71,42,29
25453,C4920,5,56,District-Uttarkashi,Rural,50-59,651,376,275,130,65,65,102,57,45,67,43,24,159,96,63,23,11,12,24,13,11,82,50,32,64,41,23
25454,C4920,5,56,District-Uttarkashi,Rural,60-69,858,443,415,261,125,136,182,90,92,43,30,13,174,93,81,15,10,5,10,8,2,70,35,35,103,52,51
25455,C4920,5,56,District-Uttarkashi,Rural,70-79,682,300,382,247,95,152,130,62,68,19,5,14,109,60,49,6,4,2,4,3,1,42,19,23,125,52,73
25456,C4920,5,56,District-Uttarkashi,Rural,80-89,301,140,161,97,40,57,56,30,26,6,2,4,47,26,21,0,0,0,1,0,1,11,6,5,83,36,47
25457,C4920,5,56,District-Uttarkashi,Rural,90+,64,23,41,18,6,12,9,3,6,1,1,0,10,4,6,0,0,0,0,0,0,5,2,3,21,7,14
25458,C4920,5,56,District-Uttarkashi,Rural,Age Not Stated,6,3,3,1,1,0,0,0,0,0,0,0,1,0,1,1,0,1,0,0,0,1,0,1,2,2,0
25459,C4920,5,56,District-Uttarkashi,Urban,Total,491,289,202,60,32,28,72,43,29,74,47,27,96,56,40,27,21,6,7,2,5,120,71,49,35,17,18
25460,C4920,5,56,District-Uttarkashi,Urban,0-4,23,11,12,2,0,2,4,2,2,1,1,0,2,1,1,3,3,0,0,0,0,9,4,5,2,0,2
25461,C4920,5,56,District-Uttarkashi,Urban,5-9,53,33,20,4,2,2,6,3,3,5,5,0,4,3,1,1,1,0,2,1,1,27,17,10,4,1,3
25462,C4920,5,56,District-Uttarkashi,Urban,10-19,79,41,38,6,2,4,13,6,7,17,12,5,9,4,5,6,4,2,3,0,3,20,12,8,5,1,4
25463,C4920,5,56,District-Uttarkashi,Urban,20-29,86,51,35,7,6,1,13,8,5,11,6,5,21,8,13,10,9,1,0,0,0,13,6,7,11,8,3
25464,C4920,5,56,District-Uttarkashi,Urban,30-39,67,42,25,5,3,2,10,7,3,17,9,8,18,14,4,2,0,2,1,1,0,14,8,6,0,0,0
25465,C4920,5,56,District-Uttarkashi,Urban,40-49,54,37,17,6,6,0,4,2,2,12,5,7,15,10,5,3,2,1,0,0,0,13,11,2,1,1,0
25466,C4920,5,56,District-Uttarkashi,Urban,50-59,40,28,12,6,5,1,4,2,2,8,7,1,9,6,3,1,1,0,0,0,0,9,6,3,3,1,2
25467,C4920,5,56,District-Uttarkashi,Urban,60-69,34,16,18,5,1,4,6,3,3,3,2,1,8,3,5,1,1,0,1,0,1,7,4,3,3,2,1
25468,C4920,5,56,District-Uttarkashi,Urban,70-79,27,13,14,12,5,7,3,2,1,0,0,0,6,4,2,0,0,0,0,0,0,2,0,2,4,2,2
25469,C4920,5,56,District-Uttarkashi,Urban,80-89,21,13,8,7,2,5,8,7,1,0,0,0,4,3,1,0,0,0,0,0,0,0,0,0,2,1,1
25470,C4920,5,56,District-Uttarkashi,Urban,90+,1,1,0,0,0,0,1,1,0,0,0,0,0,0,0,0,0,0,0,0,0,0,0,0,0,0,0
25471,C4920,5,56,District-Uttarkashi,Urban,Age Not Stated,6,3,3,0,0,0,0,0,0,0,0,0,0,0,0,0,0,0,0,0,0,6,3,3,0,0,0
25472,C4920,5,57,District-Chamoli,Total,Total,8955,4677,4278,1285,566,719,1980,1014,966,552,314,238,1578,901,677,486,290,196,252,151,101,1756,883,873,1066,558,508
25473,C4920,5,57,District-Chamoli,Total,0-4,354,197,157,23,13,10,124,66,58,9,4,5,33,20,13,5,2,3,1,0,1,122,66,56,37,26,11
25474,C4920,5,57,District-Chamoli,Total,5-9,524,285,239,43,23,20,120,56,64,54,31,23,59,33,26,38,21,17,4,2,2,137,71,66,69,48,21
25475,C4920,5,57,District-Chamoli,Total,10-19,1288,695,593,111,62,49,302,162,140,120,73,47,161,90,71,135,67,68,34,15,19,273,136,137,152,90,62
25476,C4920,5,57,District-Chamoli,Total,20-29,1263,718,545,81,44,37,264,131,133,81,46,35,240,150,90,120,79,41,48,32,16,288,154,134,141,82,59
25477,C4920,5,57,District-Chamoli,Total,30-39,1062,608,454,90,49,41,206,112,94,82,49,33,227,148,79,69,42,27,39,28,11,249,121,128,100,59,41
25478,C4920,5,57,District-Chamoli,Total,40-49,950,551,399,96,50,46,183,100,83,72,45,27,207,124,83,58,39,19,60,39,21,193,107,86,81,47,34
25479,C4920,5,57,District-Chamoli,Total,50-59,891,464,427,110,50,60,189,98,91,60,30,30,210,117,93,28,21,7,33,20,13,173,80,93,88,48,40
25480,C4920,5,57,District-Chamoli,Total,60-69,1050,492,558,287,107,180,226,106,120,41,19,22,180,104,76,22,14,8,16,7,9,183,87,96,95,48,47
25481,C4920,5,57,District-Chamoli,Total,70-79,934,403,531,273,107,166,202,101,101,25,14,11,181,82,99,11,5,6,14,6,8,92,37,55,136,51,85
25482,C4920,5,57,District-Chamoli,Total,80-89,498,206,292,145,50,95,126,61,65,4,1,3,65,28,37,0,0,0,2,1,1,34,18,16,122,47,75
25483,C4920,5,57,District-Chamoli,Total,90+,112,38,74,21,7,14,24,12,12,1,0,1,14,5,9,0,0,0,0,0,0,9,4,5,43,10,33
25484,C4920,5,57,District-Chamoli,Total,Age Not Stated,29,20,9,5,4,1,14,9,5,3,2,1,1,0,1,0,0,0,1,1,0,3,2,1,2,2,0
25485,C4920,5,57,District-Chamoli,Rural,Total,8235,4251,3984,1185,512,673,1798,893,905,489,281,208,1444,815,629,459,277,182,228,139,89,1653,819,834,979,515,464
25486,C4920,5,57,District-Chamoli,Rural,0-4,332,185,147,23,13,10,117,63,54,6,2,4,33,20,13,5,2,3,1,0,1,111,60,51,36,25,11
25487,C4920,5,57,District-Chamoli,Rural,5-9,490,267,223,36,18,18,115,53,62,50,31,19,58,32,26,35,21,14,3,2,1,133,70,63,60,40,20
25488,C4920,5,57,District-Chamoli,Rural,10-19,1182,635,547,92,50,42,280,149,131,105,66,39,150,84,66,127,63,64,28,13,15,260,127,133,140,83,57
25489,C4920,5,57,District-Chamoli,Rural,20-29,1127,622,505,67,34,33,228,104,124,71,40,31,212,129,83,113,75,38,45,30,15,267,138,129,124,72,52
25490,C4920,5,57,District-Chamoli,Rural,30-39,933,530,403,73,41,32,168,84,84,68,40,28,198,129,69,67,41,26,33,24,9,231,113,118,95,58,37
25491,C4920,5,57,District-Chamoli,Rural,40-49,847,476,371,85,43,42,157,80,77,64,40,24,186,108,78,55,38,17,56,37,19,172,90,82,72,40,32
25492,C4920,5,57,District-Chamoli,Rural,50-59,843,432,411,105,46,59,178,91,87,57,28,29,194,107,87,27,20,7,31,18,13,165,75,90,86,47,39
25493,C4920,5,57,District-Chamoli,Rural,60-69,999,469,530,278,104,174,214,101,113,39,17,22,170,98,72,20,12,8,14,7,7,177,86,91,87,44,43
25494,C4920,5,57,District-Chamoli,Rural,70-79,892,390,502,265,105,160,188,94,94,24,14,10,169,79,90,10,5,5,14,6,8,92,37,55,130,50,80
25495,C4920,5,57,District-Chamoli,Rural,80-89,465,195,270,137,48,89,120,58,62,2,1,1,60,24,36,0,0,0,2,1,1,34,18,16,110,45,65
25496,C4920,5,57,District-Chamoli,Rural,90+,98,32,66,19,6,13,21,9,12,0,0,0,13,5,8,0,0,0,0,0,0,8,3,5,37,9,28
25497,C4920,5,57,District-Chamoli,Rural,Age Not Stated,27,18,9,5,4,1,12,7,5,3,2,1,1,0,1,0,0,0,1,1,0,3,2,1,2,2,0
25498,C4920,5,57,District-Chamoli,Urban,Total,720,426,294,100,54,46,182,121,61,63,33,30,134,86,48,27,13,14,24,12,12,103,64,39,87,43,44
25499,C4920,5,57,District-Chamoli,Urban,0-4,22,12,10,0,0,0,7,3,4,3,2,1,0,0,0,0,0,0,0,0,0,11,6,5,1,1,0
25500,C4920,5,57,District-Chamoli,Urban,5-9,34,18,16,7,5,2,5,3,2,4,0,4,1,1,0,3,0,3,1,0,1,4,1,3,9,8,1
25501,C4920,5,57,District-Chamoli,Urban,10-19,106,60,46,19,12,7,22,13,9,15,7,8,11,6,5,8,4,4,6,2,4,13,9,4,12,7,5
25502,C4920,5,57,District-Chamoli,Urban,20-29,136,96,40,14,10,4,36,27,9,10,6,4,28,21,7,7,4,3,3,2,1,21,16,5,17,10,7
25503,C4920,5,57,District-Chamoli,Urban,30-39,129,78,51,17,8,9,38,28,10,14,9,5,29,19,10,2,1,1,6,4,2,18,8,10,5,1,4
25504,C4920,5,57,District-Chamoli,Urban,40-49,103,75,28,11,7,4,26,20,6,8,5,3,21,16,5,3,1,2,4,2,2,21,17,4,9,7,2
25505,C4920,5,57,District-Chamoli,Urban,50-59,48,32,16,5,4,1,11,7,4,3,2,1,16,10,6,1,1,0,2,2,0,8,5,3,2,1,1
25506,C4920,5,57,District-Chamoli,Urban,60-69,51,23,28,9,3,6,12,5,7,2,2,0,10,6,4,2,2,0,2,0,2,6,1,5,8,4,4
25507,C4920,5,57,District-Chamoli,Urban,70-79,42,13,29,8,2,6,14,7,7,1,0,1,12,3,9,1,0,1,0,0,0,0,0,0,6,1,5
25508,C4920,5,57,District-Chamoli,Urban,80-89,33,11,22,8,2,6,6,3,3,2,0,2,5,4,1,0,0,0,0,0,0,0,0,0,12,2,10
25509,C4920,5,57,District-Chamoli,Urban,90+,14,6,8,2,1,1,3,3,0,1,0,1,1,0,1,0,0,0,0,0,0,1,1,0,6,1,5
25510,C4920,5,57,District-Chamoli,Urban,Age Not Stated,2,2,0,0,0,0,2,2,0,0,0,0,0,0,0,0,0,0,0,0,0,0,0,0,0,0,0
25511,C4920,5,58,District-Rudraprayag,Total,Total,5227,2595,2632,856,340,516,941,436,505,637,344,293,928,529,399,279,144,135,118,58,60,817,420,397,651,324,327
25512,C4920,5,58,District-Rudraprayag,Total,0-4,188,97,91,21,12,9,38,16,22,6,5,1,13,7,6,4,1,3,1,0,1,86,45,41,19,11,8
25513,C4920,5,58,District-Rudraprayag,Total,5-9,344,175,169,31,19,12,58,28,30,64,33,31,35,18,17,27,14,13,2,0,2,73,33,40,54,30,24
25514,C4920,5,58,District-Rudraprayag,Total,10-19,725,405,320,60,34,26,123,70,53,126,63,63,92,62,30,73,33,40,12,8,4,148,86,62,91,49,42
25515,C4920,5,58,District-Rudraprayag,Total,20-29,651,332,319,52,25,27,111,50,61,95,44,51,113,68,45,66,41,25,19,10,9,116,56,60,79,38,41
25516,C4920,5,58,District-Rudraprayag,Total,30-39,558,305,253,46,21,25,92,48,44,80,49,31,106,61,45,42,24,18,27,19,8,112,53,59,53,30,23
25517,C4920,5,58,District-Rudraprayag,Total,40-49,512,281,231,48,21,27,74,41,33,91,55,36,117,70,47,27,14,13,18,7,11,85,42,43,52,31,21
25518,C4920,5,58,District-Rudraprayag,Total,50-59,519,261,258,93,31,62,91,34,57,78,43,35,105,65,40,22,13,9,16,9,7,66,38,28,48,28,20
25519,C4920,5,58,District-Rudraprayag,Total,60-69,749,324,425,214,74,140,138,55,83,60,32,28,156,78,78,11,3,8,14,4,10,73,37,36,83,41,42
25520,C4920,5,58,District-Rudraprayag,Total,70-79,599,264,335,196,68,128,133,64,69,24,15,9,108,62,46,3,1,2,8,1,7,42,21,21,85,32,53
25521,C4920,5,58,District-Rudraprayag,Total,80-89,314,127,187,84,32,52,70,27,43,8,2,6,66,31,35,3,0,3,0,0,0,12,6,6,71,29,42
25522,C4920,5,58,District-Rudraprayag,Total,90+,54,18,36,10,3,7,8,1,7,2,1,1,14,6,8,1,0,1,1,0,1,3,2,1,15,5,10
25523,C4920,5,58,District-Rudraprayag,Total,Age Not Stated,14,6,8,1,0,1,5,2,3,3,2,1,3,1,2,0,0,0,0,0,0,1,1,0,1,0,1
25524,C4920,5,58,District-Rudraprayag,Rural,Total,5082,2514,2568,847,335,512,916,424,492,593,317,276,916,521,395,267,139,128,117,58,59,789,403,386,637,317,320
25525,C4920,5,58,District-Rudraprayag,Rural,0-4,179,90,89,20,12,8,35,13,22,6,5,1,13,7,6,3,1,2,1,0,1,82,41,41,19,11,8
25526,C4920,5,58,District-Rudraprayag,Rural,5-9,332,168,164,30,18,12,56,27,29,61,30,31,35,18,17,27,14,13,1,0,1,70,32,38,52,29,23
25527,C4920,5,58,District-Rudraprayag,Rural,10-19,692,389,303,60,34,26,118,69,49,114,56,58,90,60,30,69,32,37,12,8,4,141,82,59,88,48,40
25528,C4920,5,58,District-Rudraprayag,Rural,20-29,628,318,310,51,24,27,108,49,59,89,40,49,110,67,43,64,40,24,19,10,9,109,51,58,78,37,41
25529,C4920,5,58,District-Rudraprayag,Rural,30-39,533,295,238,43,20,23,88,45,43,73,47,26,103,60,43,40,23,17,27,19,8,108,52,56,51,29,22
25530,C4920,5,58,District-Rudraprayag,Rural,40-49,498,270,228,47,20,27,73,41,32,86,51,35,115,68,47,25,13,12,18,7,11,83,40,43,51,30,21
25531,C4920,5,58,District-Rudraprayag,Rural,50-59,505,252,253,92,30,62,88,33,55,73,40,33,103,63,40,21,12,9,16,9,7,66,38,28,46,27,19
25532,C4920,5,58,District-Rudraprayag,Rural,60-69,742,321,421,214,74,140,136,54,82,57,30,27,156,78,78,11,3,8,14,4,10,73,37,36,81,41,40
25533,C4920,5,58,District-Rudraprayag,Rural,70-79,595,261,334,195,68,127,132,63,69,23,14,9,108,62,46,3,1,2,8,1,7,42,21,21,84,31,53
25534,C4920,5,58,District-Rudraprayag,Rural,80-89,313,127,186,84,32,52,69,27,42,8,2,6,66,31,35,3,0,3,0,0,0,12,6,6,71,29,42
25535,C4920,5,58,District-Rudraprayag,Rural,90+,52,17,35,10,3,7,8,1,7,1,0,1,14,6,8,1,0,1,1,0,1,2,2,0,15,5,10
25536,C4920,5,58,District-Rudraprayag,Rural,Age Not Stated,13,6,7,1,0,1,5,2,3,2,2,0,3,1,2,0,0,0,0,0,0,1,1,0,1,0,1
25537,C4920,5,58,District-Rudraprayag,Urban,Total,145,81,64,9,5,4,25,12,13,44,27,17,12,8,4,12,5,7,1,0,1,28,17,11,14,7,7
25538,C4920,5,58,District-Rudraprayag,Urban,0-4,9,7,2,1,0,1,3,3,0,0,0,0,0,0,0,1,0,1,0,0,0,4,4,0,0,0,0
25539,C4920,5,58,District-Rudraprayag,Urban,5-9,12,7,5,1,1,0,2,1,1,3,3,0,0,0,0,0,0,0,1,0,1,3,1,2,2,1,1
25540,C4920,5,58,District-Rudraprayag,Urban,10-19,33,16,17,0,0,0,5,1,4,12,7,5,2,2,0,4,1,3,0,0,0,7,4,3,3,1,2
25541,C4920,5,58,District-Rudraprayag,Urban,20-29,23,14,9,1,1,0,3,1,2,6,4,2,3,1,2,2,1,1,0,0,0,7,5,2,1,1,0
25542,C4920,5,58,District-Rudraprayag,Urban,30-39,25,10,15,3,1,2,4,3,1,7,2,5,3,1,2,2,1,1,0,0,0,4,1,3,2,1,1
25543,C4920,5,58,District-Rudraprayag,Urban,40-49,14,11,3,1,1,0,1,0,1,5,4,1,2,2,0,2,1,1,0,0,0,2,2,0,1,1,0
25544,C4920,5,58,District-Rudraprayag,Urban,50-59,14,9,5,1,1,0,3,1,2,5,3,2,2,2,0,1,1,0,0,0,0,0,0,0,2,1,1
25545,C4920,5,58,District-Rudraprayag,Urban,60-69,7,3,4,0,0,0,2,1,1,3,2,1,0,0,0,0,0,0,0,0,0,0,0,0,2,0,2
25546,C4920,5,58,District-Rudraprayag,Urban,70-79,4,3,1,1,0,1,1,1,0,1,1,0,0,0,0,0,0,0,0,0,0,0,0,0,1,1,0
25547,C4920,5,58,District-Rudraprayag,Urban,80-89,1,0,1,0,0,0,1,0,1,0,0,0,0,0,0,0,0,0,0,0,0,0,0,0,0,0,0
25548,C4920,5,58,District-Rudraprayag,Urban,90+,2,1,1,0,0,0,0,0,0,1,1,0,0,0,0,0,0,0,0,0,0,1,0,1,0,0,0
25549,C4920,5,58,District-Rudraprayag,Urban,Age Not Stated,1,0,1,0,0,0,0,0,0,1,0,1,0,0,0,0,0,0,0,0,0,0,0,0,0,0,0
25550,C4920,5,59,District-Tehri Garhwal,Total,Total,13569,6961,6608,2494,1082,1412,2854,1264,1590,844,459,385,2747,1611,1136,763,459,304,478,292,186,1547,825,722,1842,969,873
25551,C4920,5,59,District-Tehri Garhwal,Total,0-4,312,161,151,30,17,13,94,46,48,6,2,4,35,17,18,14,10,4,3,1,2,86,49,37,44,19,25
25552,C4920,5,59,District-Tehri Garhwal,Total,5-9,705,382,323,63,33,30,134,55,79,91,51,40,90,56,34,70,39,31,10,5,5,115,63,52,132,80,52
25553,C4920,5,59,District-Tehri Garhwal,Total,10-19,1868,1070,798,176,100,76,413,221,192,184,98,86,311,183,128,229,125,104,70,45,25,250,143,107,235,155,80
25554,C4920,5,59,District-Tehri Garhwal,Total,20-29,1523,815,708,144,75,69,251,112,139,110,53,57,365,209,156,163,100,63,89,59,30,215,105,110,186,102,84
25555,C4920,5,59,District-Tehri Garhwal,Total,30-39,1356,791,565,138,79,59,208,84,124,110,59,51,349,234,115,117,75,42,92,56,36,198,108,90,144,96,48
25556,C4920,5,59,District-Tehri Garhwal,Total,40-49,1460,802,658,178,88,90,253,108,145,132,69,63,382,233,149,82,56,26,87,61,26,183,106,77,163,81,82
25557,C4920,5,59,District-Tehri Garhwal,Total,50-59,1428,707,721,315,131,184,285,118,167,91,53,38,336,198,138,45,27,18,46,24,22,171,84,87,139,72,67
25558,C4920,5,59,District-Tehri Garhwal,Total,60-69,2001,912,1089,575,209,366,448,170,278,64,39,25,437,247,190,28,18,10,47,26,21,165,79,86,237,124,113
25559,C4920,5,59,District-Tehri Garhwal,Total,70-79,1870,845,1025,605,238,367,473,216,257,38,22,16,299,156,143,11,6,5,23,12,11,113,63,50,308,132,176
25560,C4920,5,59,District-Tehri Garhwal,Total,80-89,861,388,473,234,94,140,249,114,135,13,9,4,121,67,54,3,2,1,11,3,8,35,17,18,195,82,113
25561,C4920,5,59,District-Tehri Garhwal,Total,90+,145,62,83,30,13,17,32,13,19,2,1,1,18,7,11,0,0,0,0,0,0,7,4,3,56,24,32
25562,C4920,5,59,District-Tehri Garhwal,Total,Age Not Stated,40,26,14,6,5,1,14,7,7,3,3,0,4,4,0,1,1,0,0,0,0,9,4,5,3,2,1
25563,C4920,5,59,District-Tehri Garhwal,Rural,Total,12714,6425,6289,2402,1030,1372,2677,1156,1521,782,421,361,2519,1460,1059,712,420,292,438,272,166,1435,758,677,1749,908,841
25564,C4920,5,59,District-Tehri Garhwal,Rural,0-4,283,145,138,27,15,12,86,42,44,5,2,3,30,14,16,14,10,4,0,0,0,79,43,36,42,19,23
25565,C4920,5,59,District-Tehri Garhwal,Rural,5-9,649,349,300,54,29,25,123,49,74,81,44,37,85,53,32,67,37,30,6,3,3,106,58,48,127,76,51
25566,C4920,5,59,District-Tehri Garhwal,Rural,10-19,1717,980,737,161,95,66,383,198,185,170,92,78,278,164,114,220,117,103,61,41,20,226,129,97,218,144,74
25567,C4920,5,59,District-Tehri Garhwal,Rural,20-29,1392,727,665,125,64,61,225,96,129,100,45,55,329,185,144,153,93,60,84,55,29,201,96,105,175,93,82
25568,C4920,5,59,District-Tehri Garhwal,Rural,30-39,1222,704,518,126,69,57,188,74,114,95,50,45,309,207,102,104,66,38,89,55,34,181,99,82,130,84,46
25569,C4920,5,59,District-Tehri Garhwal,Rural,40-49,1356,727,629,167,78,89,235,95,140,127,67,60,348,206,142,74,50,24,81,57,24,170,97,73,154,77,77
25570,C4920,5,59,District-Tehri Garhwal,Rural,50-59,1350,651,699,310,128,182,272,107,165,86,49,37,307,175,132,44,26,18,43,22,21,156,76,80,132,68,64
25571,C4920,5,59,District-Tehri Garhwal,Rural,60-69,1924,870,1054,564,206,358,431,160,271,63,38,25,416,234,182,24,15,9,45,25,20,156,75,81,225,117,108
25572,C4920,5,59,District-Tehri Garhwal,Rural,70-79,1809,810,999,601,235,366,453,205,248,37,21,16,282,147,135,9,4,5,18,11,7,111,62,49,298,125,173
25573,C4920,5,59,District-Tehri Garhwal,Rural,80-89,839,379,460,233,94,139,235,110,125,13,9,4,117,65,52,3,2,1,11,3,8,35,17,18,192,79,113
25574,C4920,5,59,District-Tehri Garhwal,Rural,90+,135,59,76,29,13,16,32,13,19,2,1,1,14,6,8,0,0,0,0,0,0,5,2,3,53,24,29
25575,C4920,5,59,District-Tehri Garhwal,Rural,Age Not Stated,38,24,14,5,4,1,14,7,7,3,3,0,4,4,0,0,0,0,0,0,0,9,4,5,3,2,1
25576,C4920,5,59,District-Tehri Garhwal,Urban,Total,855,536,319,92,52,40,177,108,69,62,38,24,228,151,77,51,39,12,40,20,20,112,67,45,93,61,32
25577,C4920,5,59,District-Tehri Garhwal,Urban,0-4,29,16,13,3,2,1,8,4,4,1,0,1,5,3,2,0,0,0,3,1,2,7,6,1,2,0,2
25578,C4920,5,59,District-Tehri Garhwal,Urban,5-9,56,33,23,9,4,5,11,6,5,10,7,3,5,3,2,3,2,1,4,2,2,9,5,4,5,4,1
25579,C4920,5,59,District-Tehri Garhwal,Urban,10-19,151,90,61,15,5,10,30,23,7,14,6,8,33,19,14,9,8,1,9,4,5,24,14,10,17,11,6
25580,C4920,5,59,District-Tehri Garhwal,Urban,20-29,131,88,43,19,11,8,26,16,10,10,8,2,36,24,12,10,7,3,5,4,1,14,9,5,11,9,2
25581,C4920,5,59,District-Tehri Garhwal,Urban,30-39,134,87,47,12,10,2,20,10,10,15,9,6,40,27,13,13,9,4,3,1,2,17,9,8,14,12,2
25582,C4920,5,59,District-Tehri Garhwal,Urban,40-49,104,75,29,11,10,1,18,13,5,5,2,3,34,27,7,8,6,2,6,4,2,13,9,4,9,4,5
25583,C4920,5,59,District-Tehri Garhwal,Urban,50-59,78,56,22,5,3,2,13,11,2,5,4,1,29,23,6,1,1,0,3,2,1,15,8,7,7,4,3
25584,C4920,5,59,District-Tehri Garhwal,Urban,60-69,77,42,35,11,3,8,17,10,7,1,1,0,21,13,8,4,3,1,2,1,1,9,4,5,12,7,5
25585,C4920,5,59,District-Tehri Garhwal,Urban,70-79,61,35,26,4,3,1,20,11,9,1,1,0,17,9,8,2,2,0,5,1,4,2,1,1,10,7,3
25586,C4920,5,59,District-Tehri Garhwal,Urban,80-89,22,9,13,1,0,1,14,4,10,0,0,0,4,2,2,0,0,0,0,0,0,0,0,0,3,3,0
25587,C4920,5,59,District-Tehri Garhwal,Urban,90+,10,3,7,1,0,1,0,0,0,0,0,0,4,1,3,0,0,0,0,0,0,2,2,0,3,0,3
25588,C4920,5,59,District-Tehri Garhwal,Urban,Age Not Stated,2,2,0,1,1,0,0,0,0,0,0,0,0,0,0,1,1,0,0,0,0,0,0,0,0,0,0
25589,C4920,5,60,District-Dehradun,Total,Total,30999,17755,13244,4592,2547,2045,7373,3826,3547,2188,1294,894,5270,3356,1914,2058,1221,837,1040,597,443,5735,3313,2422,2743,1601,1142
25590,C4920,5,60,District-Dehradun,Total,0-4,1432,772,660,249,136,113,440,221,219,42,23,19,111,66,45,47,28,19,17,8,9,430,230,200,96,60,36
25591,C4920,5,60,District-Dehradun,Total,5-9,2199,1229,970,351,191,160,543,288,255,205,125,80,197,120,77,159,92,67,43,29,14,458,251,207,243,133,110
25592,C4920,5,60,District-Dehradun,Total,10-19,5533,3142,2391,864,484,380,1331,658,673,496,307,189,627,397,230,495,296,199,148,94,54,1006,574,432,566,332,234
25593,C4920,5,60,District-Dehradun,Total,20-29,5407,3164,2243,642,364,278,1266,676,590,403,228,175,921,595,326,458,286,172,195,121,74,1078,633,445,444,261,183
25594,C4920,5,60,District-Dehradun,Total,30-39,4532,2669,1863,566,327,239,1093,605,488,305,170,135,846,552,294,355,204,151,214,117,97,847,503,344,306,191,115
25595,C4920,5,60,District-Dehradun,Total,40-49,3596,2116,1480,457,259,198,821,432,389,256,150,106,641,434,207,271,174,97,192,103,89,686,394,292,272,170,102
25596,C4920,5,60,District-Dehradun,Total,50-59,2721,1583,1138,416,233,183,592,290,302,204,120,84,570,383,187,134,72,62,109,60,49,498,297,201,198,128,70
25597,C4920,5,60,District-Dehradun,Total,60-69,2591,1482,1109,470,264,206,551,276,275,161,91,70,638,402,236,85,43,42,73,39,34,392,238,154,221,129,92
25598,C4920,5,60,District-Dehradun,Total,70-79,1687,937,750,339,173,166,382,197,185,72,50,22,455,269,186,28,15,13,31,18,13,193,114,79,187,101,86
25599,C4920,5,60,District-Dehradun,Total,80-89,815,413,402,141,71,70,218,109,109,30,19,11,188,97,91,11,4,7,13,6,7,82,38,44,132,69,63
25600,C4920,5,60,District-Dehradun,Total,90+,283,113,170,48,15,33,73,29,44,3,2,1,57,25,32,5,2,3,2,1,1,21,14,7,74,25,49
25601,C4920,5,60,District-Dehradun,Total,Age Not Stated,203,135,68,49,30,19,63,45,18,11,9,2,19,16,3,10,5,5,3,1,2,44,27,17,4,2,2
25602,C4920,5,60,District-Dehradun,Rural,Total,13742,7821,5921,1723,947,776,2980,1448,1532,999,600,399,2565,1652,913,844,517,327,422,259,163,2745,1560,1185,1464,838,626
25603,C4920,5,60,District-Dehradun,Rural,0-4,655,364,291,81,43,38,171,93,78,23,13,10,62,33,29,18,10,8,9,5,4,232,132,100,59,35,24
25604,C4920,5,60,District-Dehradun,Rural,5-9,976,528,448,90,46,44,199,91,108,110,68,42,112,66,46,83,47,36,17,11,6,242,128,114,123,71,52
25605,C4920,5,60,District-Dehradun,Rural,10-19,2380,1358,1022,208,115,93,488,227,261,242,159,83,339,217,122,219,138,81,68,40,28,511,293,218,305,169,136
25606,C4920,5,60,District-Dehradun,Rural,20-29,2231,1284,947,206,115,91,464,215,249,166,95,71,423,276,147,186,111,75,87,58,29,475,272,203,224,142,82
25607,C4920,5,60,District-Dehradun,Rural,30-39,1839,1071,768,183,113,70,394,190,204,132,67,65,403,269,134,131,81,50,83,53,30,369,204,165,144,94,50
25608,C4920,5,60,District-Dehradun,Rural,40-49,1534,894,640,179,105,74,336,161,175,117,70,47,306,206,100,94,65,29,68,42,26,308,171,137,126,74,52
25609,C4920,5,60,District-Dehradun,Rural,50-59,1243,726,517,194,104,90,256,132,124,88,51,37,273,179,94,55,35,20,36,23,13,241,144,97,100,58,42
25610,C4920,5,60,District-Dehradun,Rural,60-69,1351,781,570,244,145,99,305,153,152,73,42,31,317,200,117,41,24,17,35,17,18,195,121,74,141,79,62
25611,C4920,5,60,District-Dehradun,Rural,70-79,894,510,384,220,113,107,204,109,95,30,22,8,212,138,74,8,4,4,11,8,3,96,59,37,113,57,56
25612,C4920,5,60,District-Dehradun,Rural,80-89,407,197,210,84,36,48,103,50,53,11,8,3,79,45,34,4,0,4,4,1,3,40,18,22,82,39,43
25613,C4920,5,60,District-Dehradun,Rural,90+,155,62,93,29,9,20,36,11,25,1,1,0,29,15,14,2,1,1,1,0,1,12,7,5,45,18,27
25614,C4920,5,60,District-Dehradun,Rural,Age Not Stated,77,46,31,5,3,2,24,16,8,6,4,2,10,8,2,3,1,2,3,1,2,24,11,13,2,2,0
25615,C4920,5,60,District-Dehradun,Urban,Total,17257,9934,7323,2869,1600,1269,4393,2378,2015,1189,694,495,2705,1704,1001,1214,704,510,618,338,280,2990,1753,1237,1279,763,516
25616,C4920,5,60,District-Dehradun,Urban,0-4,777,408,369,168,93,75,269,128,141,19,10,9,49,33,16,29,18,11,8,3,5,198,98,100,37,25,12
25617,C4920,5,60,District-Dehradun,Urban,5-9,1223,701,522,261,145,116,344,197,147,95,57,38,85,54,31,76,45,31,26,18,8,216,123,93,120,62,58
25618,C4920,5,60,District-Dehradun,Urban,10-19,3153,1784,1369,656,369,287,843,431,412,254,148,106,288,180,108,276,158,118,80,54,26,495,281,214,261,163,98
25619,C4920,5,60,District-Dehradun,Urban,20-29,3176,1880,1296,436,249,187,802,461,341,237,133,104,498,319,179,272,175,97,108,63,45,603,361,242,220,119,101
25620,C4920,5,60,District-Dehradun,Urban,30-39,2693,1598,1095,383,214,169,699,415,284,173,103,70,443,283,160,224,123,101,131,64,67,478,299,179,162,97,65
25621,C4920,5,60,District-Dehradun,Urban,40-49,2062,1222,840,278,154,124,485,271,214,139,80,59,335,228,107,177,109,68,124,61,63,378,223,155,146,96,50
25622,C4920,5,60,District-Dehradun,Urban,50-59,1478,857,621,222,129,93,336,158,178,116,69,47,297,204,93,79,37,42,73,37,36,257,153,104,98,70,28
25623,C4920,5,60,District-Dehradun,Urban,60-69,1240,701,539,226,119,107,246,123,123,88,49,39,321,202,119,44,19,25,38,22,16,197,117,80,80,50,30
25624,C4920,5,60,District-Dehradun,Urban,70-79,793,427,366,119,60,59,178,88,90,42,28,14,243,131,112,20,11,9,20,10,10,97,55,42,74,44,30
25625,C4920,5,60,District-Dehradun,Urban,80-89,408,216,192,57,35,22,115,59,56,19,11,8,109,52,57,7,4,3,9,5,4,42,20,22,50,30,20
25626,C4920,5,60,District-Dehradun,Urban,90+,128,51,77,19,6,13,37,18,19,2,1,1,28,10,18,3,1,2,1,1,0,9,7,2,29,7,22
25627,C4920,5,60,District-Dehradun,Urban,Age Not Stated,126,89,37,44,27,17,39,29,10,5,5,0,9,8,1,7,4,3,0,0,0,20,16,4,2,0,2
25628,C4920,5,61,District-Garhwal,Total,Total,12889,6892,5997,1918,872,1046,2205,1080,1125,811,460,351,2791,1644,1147,1083,669,414,590,364,226,1898,991,907,1593,812,781
25629,C4920,5,61,District-Garhwal,Total,0-4,307,167,140,46,25,21,65,36,29,10,6,4,28,15,13,7,3,4,5,4,1,116,65,51,30,13,17
25630,C4920,5,61,District-Garhwal,Total,5-9,632,367,265,56,31,25,86,48,38,73,41,32,83,55,28,82,53,29,17,10,7,127,69,58,108,60,48
25631,C4920,5,61,District-Garhwal,Total,10-19,1574,888,686,162,82,80,186,99,87,153,89,64,233,142,91,245,137,108,61,37,24,301,159,142,233,143,90
25632,C4920,5,61,District-Garhwal,Total,20-29,1631,960,671,139,94,45,201,109,92,117,72,45,353,224,129,218,136,82,113,73,40,284,141,143,206,111,95
25633,C4920,5,61,District-Garhwal,Total,30-39,1569,955,614,128,76,52,172,94,78,112,60,52,385,242,143,200,131,69,141,101,40,265,150,115,166,101,65
25634,C4920,5,61,District-Garhwal,Total,40-49,1544,947,597,148,85,63,212,120,92,134,82,52,377,250,127,158,107,51,110,72,38,260,139,121,145,92,53
25635,C4920,5,61,District-Garhwal,Total,50-59,1289,719,570,187,88,99,216,106,110,88,44,44,360,229,131,86,57,29,60,36,24,197,114,83,95,45,50
25636,C4920,5,61,District-Garhwal,Total,60-69,1539,723,816,357,140,217,271,122,149,65,35,30,390,217,173,50,26,24,44,18,26,181,83,98,181,82,99
25637,C4920,5,61,District-Garhwal,Total,70-79,1649,705,944,440,159,281,440,191,249,40,23,17,357,174,183,20,10,10,27,10,17,112,49,63,213,89,124
25638,C4920,5,61,District-Garhwal,Total,80-89,896,351,545,209,71,138,263,115,148,12,5,7,188,81,107,14,8,6,11,2,9,40,16,24,159,53,106
25639,C4920,5,61,District-Garhwal,Total,90+,230,96,134,42,19,23,81,34,47,3,1,2,32,13,19,3,1,2,0,0,0,15,6,9,54,22,32
25640,C4920,5,61,District-Garhwal,Total,Age Not Stated,29,14,15,4,2,2,12,6,6,4,2,2,5,2,3,0,0,0,1,1,0,0,0,0,3,1,2
25641,C4920,5,61,District-Garhwal,Rural,Total,10974,5784,5190,1681,747,934,1915,907,1008,682,392,290,2498,1459,1039,990,609,381,532,331,201,1196,597,599,1480,742,738
25642,C4920,5,61,District-Garhwal,Rural,0-4,213,113,100,33,17,16,47,26,21,9,5,4,28,15,13,6,3,3,3,3,0,60,33,27,27,11,16
25643,C4920,5,61,District-Garhwal,Rural,5-9,493,285,208,40,22,18,70,40,30,59,37,22,73,49,24,70,44,26,17,10,7,69,32,37,95,51,44
25644,C4920,5,61,District-Garhwal,Rural,10-19,1242,696,546,114,58,56,139,74,65,129,75,54,199,122,77,228,125,103,51,32,19,173,85,88,209,125,84
25645,C4920,5,61,District-Garhwal,Rural,20-29,1280,763,517,110,71,39,150,76,74,98,63,35,300,192,108,195,123,72,100,65,35,142,71,71,185,102,83
25646,C4920,5,61,District-Garhwal,Rural,30-39,1278,789,489,102,59,43,134,68,66,91,48,43,333,213,120,183,122,61,132,94,38,154,94,60,149,91,58
25647,C4920,5,61,District-Garhwal,Rural,40-49,1297,794,503,120,71,49,185,102,83,112,67,45,328,214,114,149,101,48,99,66,33,167,86,81,137,87,50
25648,C4920,5,61,District-Garhwal,Rural,50-59,1111,610,501,167,79,88,187,89,98,75,38,37,323,204,119,76,50,26,55,34,21,143,77,66,85,39,46
25649,C4920,5,61,District-Garhwal,Rural,60-69,1416,646,770,333,129,204,249,106,143,56,31,25,366,200,166,49,25,24,38,15,23,149,63,86,176,77,99
25650,C4920,5,61,District-Garhwal,Rural,70-79,1552,657,895,421,155,266,414,176,238,36,20,16,335,161,174,20,10,10,26,9,17,94,39,55,206,87,119
25651,C4920,5,61,District-Garhwal,Rural,80-89,853,329,524,197,67,130,251,110,141,11,5,6,180,76,104,11,5,6,10,2,8,36,13,23,157,51,106
25652,C4920,5,61,District-Garhwal,Rural,90+,212,88,124,40,17,23,78,34,44,2,1,1,29,11,18,3,1,2,0,0,0,9,4,5,51,20,31
25653,C4920,5,61,District-Garhwal,Rural,Age Not Stated,27,14,13,4,2,2,11,6,5,4,2,2,4,2,2,0,0,0,1,1,0,0,0,0,3,1,2
25654,C4920,5,61,District-Garhwal,Urban,Total,1915,1108,807,237,125,112,290,173,117,129,68,61,293,185,108,93,60,33,58,33,25,702,394,308,113,70,43
25655,C4920,5,61,District-Garhwal,Urban,0-4,94,54,40,13,8,5,18,10,8,1,1,0,0,0,0,1,0,1,2,1,1,56,32,24,3,2,1
25656,C4920,5,61,District-Garhwal,Urban,5-9,139,82,57,16,9,7,16,8,8,14,4,10,10,6,4,12,9,3,0,0,0,58,37,21,13,9,4
25657,C4920,5,61,District-Garhwal,Urban,10-19,332,192,140,48,24,24,47,25,22,24,14,10,34,20,14,17,12,5,10,5,5,128,74,54,24,18,6
25658,C4920,5,61,District-Garhwal,Urban,20-29,351,197,154,29,23,6,51,33,18,19,9,10,53,32,21,23,13,10,13,8,5,142,70,72,21,9,12
25659,C4920,5,61,District-Garhwal,Urban,30-39,291,166,125,26,17,9,38,26,12,21,12,9,52,29,23,17,9,8,9,7,2,111,56,55,17,10,7
25660,C4920,5,61,District-Garhwal,Urban,40-49,247,153,94,28,14,14,27,18,9,22,15,7,49,36,13,9,6,3,11,6,5,93,53,40,8,5,3
25661,C4920,5,61,District-Garhwal,Urban,50-59,178,109,69,20,9,11,29,17,12,13,6,7,37,25,12,10,7,3,5,2,3,54,37,17,10,6,4
25662,C4920,5,61,District-Garhwal,Urban,60-69,123,77,46,24,11,13,22,16,6,9,4,5,24,17,7,1,1,0,6,3,3,32,20,12,5,5,0
25663,C4920,5,61,District-Garhwal,Urban,70-79,97,48,49,19,4,15,26,15,11,4,3,1,22,13,9,0,0,0,1,1,0,18,10,8,7,2,5
25664,C4920,5,61,District-Garhwal,Urban,80-89,43,22,21,12,4,8,12,5,7,1,0,1,8,5,3,3,3,0,1,0,1,4,3,1,2,2,0
25665,C4920,5,61,District-Garhwal,Urban,90+,18,8,10,2,2,0,3,0,3,1,0,1,3,2,1,0,0,0,0,0,0,6,2,4,3,2,1
25666,C4920,5,61,District-Garhwal,Urban,Age Not Stated,2,0,2,0,0,0,1,0,1,0,0,0,1,0,1,0,0,0,0,0,0,0,0,0,0,0,0
25667,C4920,5,62,District-Pithoragarh,Total,Total,9774,5310,4464,1756,836,920,1769,859,910,631,346,285,2105,1259,846,571,344,227,437,302,135,1177,659,518,1328,705,623
25668,C4920,5,62,District-Pithoragarh,Total,0-4,270,148,122,49,26,23,46,23,23,4,1,3,43,27,16,11,5,6,1,0,1,77,45,32,39,21,18
25669,C4920,5,62,District-Pithoragarh,Total,5-9,506,288,218,84,45,39,53,33,20,58,31,27,74,45,29,55,28,27,7,5,2,90,50,40,85,51,34
25670,C4920,5,62,District-Pithoragarh,Total,10-19,1176,669,507,194,107,87,149,78,71,93,60,33,182,108,74,140,76,64,41,25,16,198,100,98,179,115,64
25671,C4920,5,62,District-Pithoragarh,Total,20-29,1095,639,456,138,78,60,141,82,59,109,52,57,240,156,84,114,62,52,75,57,18,142,73,69,136,79,57
25672,C4920,5,62,District-Pithoragarh,Total,30-39,1120,698,422,142,87,55,126,74,52,72,36,36,282,184,98,90,60,30,121,86,35,183,111,72,104,60,44
25673,C4920,5,62,District-Pithoragarh,Total,40-49,1177,739,438,139,76,63,178,81,97,95,56,39,307,209,98,78,60,18,99,82,17,160,99,61,121,76,45
25674,C4920,5,62,District-Pithoragarh,Total,50-59,1102,601,501,191,80,111,208,104,104,84,40,44,285,182,103,50,31,19,50,27,23,132,75,57,102,62,40
25675,C4920,5,62,District-Pithoragarh,Total,60-69,1326,672,654,343,147,196,306,154,152,68,41,27,317,173,144,23,17,6,28,16,12,104,55,49,137,69,68
25676,C4920,5,62,District-Pithoragarh,Total,70-79,1164,520,644,295,119,176,315,136,179,35,20,15,245,128,117,7,4,3,10,2,8,63,33,30,194,78,116
25677,C4920,5,62,District-Pithoragarh,Total,80-89,633,251,382,137,52,85,211,80,131,6,4,2,99,39,60,2,0,2,4,1,3,15,8,7,159,67,92
25678,C4920,5,62,District-Pithoragarh,Total,90+,172,59,113,29,8,21,36,14,22,5,3,2,30,7,23,0,0,0,0,0,0,2,1,1,70,26,44
25679,C4920,5,62,District-Pithoragarh,Total,Age Not Stated,33,26,7,15,11,4,0,0,0,2,2,0,1,1,0,1,1,0,1,1,0,11,9,2,2,1,1
25680,C4920,5,62,District-Pithoragarh,Rural,Total,8817,4767,4050,1533,723,810,1587,765,822,564,312,252,1941,1148,793,529,319,210,403,280,123,1012,556,456,1248,664,584
25681,C4920,5,62,District-Pithoragarh,Rural,0-4,229,119,110,31,16,15,40,19,21,4,1,3,40,25,15,9,3,6,1,0,1,66,35,31,38,20,18
25682,C4920,5,62,District-Pithoragarh,Rural,5-9,434,243,191,66,33,33,41,25,16,46,25,21,68,43,25,52,26,26,7,5,2,74,38,36,80,48,32
25683,C4920,5,62,District-Pithoragarh,Rural,10-19,1024,578,446,154,85,69,125,63,62,82,53,29,169,97,72,130,70,60,35,21,14,165,83,82,164,106,58
25684,C4920,5,62,District-Pithoragarh,Rural,20-29,937,543,394,104,57,47,116,65,51,91,45,46,213,137,76,104,57,47,67,51,16,116,57,59,126,74,52
25685,C4920,5,62,District-Pithoragarh,Rural,30-39,984,616,368,123,78,45,104,61,43,64,33,31,250,160,90,78,52,26,116,83,33,148,91,57,101,58,43
25686,C4920,5,62,District-Pithoragarh,Rural,40-49,1041,656,385,110,62,48,151,69,82,88,50,38,271,182,89,76,59,17,89,77,12,143,86,57,113,71,42
25687,C4920,5,62,District-Pithoragarh,Rural,50-59,1009,554,455,166,69,97,191,94,97,80,38,42,265,171,94,47,30,17,48,26,22,118,67,51,94,59,35
25688,C4920,5,62,District-Pithoragarh,Rural,60-69,1257,646,611,326,142,184,285,149,136,64,40,24,302,165,137,23,17,6,26,14,12,99,53,46,132,66,66
25689,C4920,5,62,District-Pithoragarh,Rural,70-79,1110,493,617,279,113,166,302,131,171,34,19,15,238,122,116,7,4,3,10,2,8,57,29,28,183,73,110
25690,C4920,5,62,District-Pithoragarh,Rural,80-89,608,242,366,133,50,83,202,78,124,5,4,1,97,38,59,2,0,2,4,1,3,15,8,7,150,63,87
25691,C4920,5,62,District-Pithoragarh,Rural,90+,159,55,104,29,8,21,30,11,19,4,2,2,27,7,20,0,0,0,0,0,0,2,1,1,67,26,41
25692,C4920,5,62,District-Pithoragarh,Rural,Age Not Stated,25,22,3,12,10,2,0,0,0,2,2,0,1,1,0,1,1,0,0,0,0,9,8,1,0,0,0
25693,C4920,5,62,District-Pithoragarh,Urban,Total,957,543,414,223,113,110,182,94,88,67,34,33,164,111,53,42,25,17,34,22,12,165,103,62,80,41,39
25694,C4920,5,62,District-Pithoragarh,Urban,0-4,41,29,12,18,10,8,6,4,2,0,0,0,3,2,1,2,2,0,0,0,0,11,10,1,1,1,0
25695,C4920,5,62,District-Pithoragarh,Urban,5-9,72,45,27,18,12,6,12,8,4,12,6,6,6,2,4,3,2,1,0,0,0,16,12,4,5,3,2
25696,C4920,5,62,District-Pithoragarh,Urban,10-19,152,91,61,40,22,18,24,15,9,11,7,4,13,11,2,10,6,4,6,4,2,33,17,16,15,9,6
25697,C4920,5,62,District-Pithoragarh,Urban,20-29,158,96,62,34,21,13,25,17,8,18,7,11,27,19,8,10,5,5,8,6,2,26,16,10,10,5,5
25698,C4920,5,62,District-Pithoragarh,Urban,30-39,136,82,54,19,9,10,22,13,9,8,3,5,32,24,8,12,8,4,5,3,2,35,20,15,3,2,1
25699,C4920,5,62,District-Pithoragarh,Urban,40-49,136,83,53,29,14,15,27,12,15,7,6,1,36,27,9,2,1,1,10,5,5,17,13,4,8,5,3
25700,C4920,5,62,District-Pithoragarh,Urban,50-59,93,47,46,25,11,14,17,10,7,4,2,2,20,11,9,3,1,2,2,1,1,14,8,6,8,3,5
25701,C4920,5,62,District-Pithoragarh,Urban,60-69,69,26,43,17,5,12,21,5,16,4,1,3,15,8,7,0,0,0,2,2,0,5,2,3,5,3,2
25702,C4920,5,62,District-Pithoragarh,Urban,70-79,54,27,27,16,6,10,13,5,8,1,1,0,7,6,1,0,0,0,0,0,0,6,4,2,11,5,6
25703,C4920,5,62,District-Pithoragarh,Urban,80-89,25,9,16,4,2,2,9,2,7,1,0,1,2,1,1,0,0,0,0,0,0,0,0,0,9,4,5
25704,C4920,5,62,District-Pithoragarh,Urban,90+,13,4,9,0,0,0,6,3,3,1,1,0,3,0,3,0,0,0,0,0,0,0,0,0,3,0,3
25705,C4920,5,62,District-Pithoragarh,Urban,Age Not Stated,8,4,4,3,1,2,0,0,0,0,0,0,0,0,0,0,0,0,1,1,0,2,1,1,2,1,1
25706,C4920,5,63,District-Bageshwar,Total,Total,4596,2500,2096,653,300,353,1056,515,541,275,165,110,894,519,375,300,192,108,219,157,62,653,357,296,546,295,251
25707,C4920,5,63,District-Bageshwar,Total,0-4,147,82,65,10,5,5,51,27,24,5,3,2,19,10,9,5,2,3,0,0,0,46,27,19,11,8,3
25708,C4920,5,63,District-Bageshwar,Total,5-9,272,152,120,25,11,14,62,35,27,30,19,11,36,20,16,22,14,8,5,2,3,43,24,19,49,27,22
25709,C4920,5,63,District-Bageshwar,Total,10-19,628,334,294,71,37,34,149,76,73,65,38,27,79,36,43,58,32,26,13,10,3,101,47,54,92,58,34
25710,C4920,5,63,District-Bageshwar,Total,20-29,602,330,272,44,19,25,121,56,65,38,24,14,131,71,60,64,41,23,38,27,11,89,54,35,77,38,39
25711,C4920,5,63,District-Bageshwar,Total,30-39,625,361,264,67,32,35,125,58,67,33,17,16,120,73,47,66,45,21,57,41,16,99,61,38,58,34,24
25712,C4920,5,63,District-Bageshwar,Total,40-49,536,337,199,55,36,19,103,51,52,36,24,12,135,91,44,39,31,8,55,42,13,72,33,39,41,29,12
25713,C4920,5,63,District-Bageshwar,Total,50-59,487,255,232,77,36,41,91,40,51,29,14,15,127,70,57,13,9,4,34,24,10,68,35,33,48,27,21
25714,C4920,5,63,District-Bageshwar,Total,60-69,562,298,264,116,46,70,141,70,71,26,19,7,115,70,45,19,12,7,13,10,3,88,49,39,44,22,22
25715,C4920,5,63,District-Bageshwar,Total,70-79,462,226,236,111,44,67,134,68,66,10,5,5,87,52,35,10,4,6,3,0,3,35,21,14,72,32,40
25716,C4920,5,63,District-Bageshwar,Total,80-89,215,101,114,65,30,35,62,27,35,3,2,1,39,24,15,4,2,2,1,1,0,7,3,4,34,12,22
25717,C4920,5,63,District-Bageshwar,Total,90+,56,21,35,11,4,7,16,6,10,0,0,0,6,2,4,0,0,0,0,0,0,3,1,2,20,8,12
25718,C4920,5,63,District-Bageshwar,Total,Age Not Stated,4,3,1,1,0,1,1,1,0,0,0,0,0,0,0,0,0,0,0,0,0,2,2,0,0,0,0
25719,C4920,5,63,District-Bageshwar,Rural,Total,4506,2446,2060,644,296,348,1041,505,536,265,158,107,873,509,364,290,186,104,218,157,61,637,346,291,538,289,249
25720,C4920,5,63,District-Bageshwar,Rural,0-4,147,82,65,10,5,5,51,27,24,5,3,2,19,10,9,5,2,3,0,0,0,46,27,19,11,8,3
25721,C4920,5,63,District-Bageshwar,Rural,5-9,262,148,114,25,11,14,58,32,26,29,19,10,34,20,14,22,14,8,5,2,3,41,24,17,48,26,22
25722,C4920,5,63,District-Bageshwar,Rural,10-19,618,332,286,70,36,34,147,75,72,63,38,25,78,36,42,57,32,25,13,10,3,99,47,52,91,58,33
25723,C4920,5,63,District-Bageshwar,Rural,20-29,587,320,267,42,19,23,120,55,65,37,23,14,127,70,57,63,40,23,38,27,11,85,50,35,75,36,39
25724,C4920,5,63,District-Bageshwar,Rural,30-39,609,351,258,67,32,35,121,56,65,32,16,16,115,71,44,64,43,21,57,41,16,96,59,37,57,33,24
25725,C4920,5,63,District-Bageshwar,Rural,40-49,528,330,198,54,35,19,102,51,51,33,21,12,135,91,44,38,30,8,55,42,13,71,32,39,40,28,12
25726,C4920,5,63,District-Bageshwar,Rural,50-59,476,246,230,74,34,40,91,40,51,27,12,15,127,70,57,12,8,4,34,24,10,65,32,33,46,26,20
25727,C4920,5,63,District-Bageshwar,Rural,60-69,548,289,259,115,46,69,140,69,71,26,19,7,108,64,44,16,11,5,12,10,2,87,48,39,44,22,22
25728,C4920,5,63,District-Bageshwar,Rural,70-79,456,223,233,110,44,66,132,66,66,10,5,5,85,51,34,9,4,5,3,0,3,35,21,14,72,32,40
25729,C4920,5,63,District-Bageshwar,Rural,80-89,215,101,114,65,30,35,62,27,35,3,2,1,39,24,15,4,2,2,1,1,0,7,3,4,34,12,22
25730,C4920,5,63,District-Bageshwar,Rural,90+,56,21,35,11,4,7,16,6,10,0,0,0,6,2,4,0,0,0,0,0,0,3,1,2,20,8,12
25731,C4920,5,63,District-Bageshwar,Rural,Age Not Stated,4,3,1,1,0,1,1,1,0,0,0,0,0,0,0,0,0,0,0,0,0,2,2,0,0,0,0
25732,C4920,5,63,District-Bageshwar,Urban,Total,90,54,36,9,4,5,15,10,5,10,7,3,21,10,11,10,6,4,1,0,1,16,11,5,8,6,2
25733,C4920,5,63,District-Bageshwar,Urban,0-4,0,0,0,0,0,0,0,0,0,0,0,0,0,0,0,0,0,0,0,0,0,0,0,0,0,0,0
25734,C4920,5,63,District-Bageshwar,Urban,5-9,10,4,6,0,0,0,4,3,1,1,0,1,2,0,2,0,0,0,0,0,0,2,0,2,1,1,0
25735,C4920,5,63,District-Bageshwar,Urban,10-19,10,2,8,1,1,0,2,1,1,2,0,2,1,0,1,1,0,1,0,0,0,2,0,2,1,0,1
25736,C4920,5,63,District-Bageshwar,Urban,20-29,15,10,5,2,0,2,1,1,0,1,1,0,4,1,3,1,1,0,0,0,0,4,4,0,2,2,0
25737,C4920,5,63,District-Bageshwar,Urban,30-39,16,10,6,0,0,0,4,2,2,1,1,0,5,2,3,2,2,0,0,0,0,3,2,1,1,1,0
25738,C4920,5,63,District-Bageshwar,Urban,40-49,8,7,1,1,1,0,1,0,1,3,3,0,0,0,0,1,1,0,0,0,0,1,1,0,1,1,0
25739,C4920,5,63,District-Bageshwar,Urban,50-59,11,9,2,3,2,1,0,0,0,2,2,0,0,0,0,1,1,0,0,0,0,3,3,0,2,1,1
25740,C4920,5,63,District-Bageshwar,Urban,60-69,14,9,5,1,0,1,1,1,0,0,0,0,7,6,1,3,1,2,1,0,1,1,1,0,0,0,0
25741,C4920,5,63,District-Bageshwar,Urban,70-79,6,3,3,1,0,1,2,2,0,0,0,0,2,1,1,1,0,1,0,0,0,0,0,0,0,0,0
25742,C4920,5,63,District-Bageshwar,Urban,80-89,0,0,0,0,0,0,0,0,0,0,0,0,0,0,0,0,0,0,0,0,0,0,0,0,0,0,0
25743,C4920,5,63,District-Bageshwar,Urban,90+,0,0,0,0,0,0,0,0,0,0,0,0,0,0,0,0,0,0,0,0,0,0,0,0,0,0,0
25744,C4920,5,63,District-Bageshwar,Urban,Age Not Stated,0,0,0,0,0,0,0,0,0,0,0,0,0,0,0,0,0,0,0,0,0,0,0,0,0,0,0
25745,C4920,5,64,"District-Almora
",Total,Total,13424,6922,6502,2535,1085,1450,2376,1126,1250,703,376,327,2377,1368,1009,767,486,281,595,408,187,2214,1123,1091,1857,950,907
25746,C4920,5,64,"District-Almora
",Total,0-4,400,220,180,56,30,26,103,61,42,10,3,7,52,25,27,9,6,3,0,0,0,131,75,56,39,20,19
25747,C4920,5,64,"District-Almora
",Total,5-9,698,406,292,91,44,47,103,56,47,63,38,25,70,45,25,46,28,18,12,6,6,193,107,86,120,82,38
25748,C4920,5,64,"District-Almora
",Total,10-19,1759,978,781,220,110,110,276,144,132,144,82,62,201,129,72,178,115,63,56,33,23,440,225,215,244,140,104
25749,C4920,5,64,"District-Almora
",Total,20-29,1591,826,765,175,83,92,226,102,124,103,59,44,271,141,130,150,89,61,119,78,41,318,145,173,229,129,100
25750,C4920,5,64,"District-Almora
",Total,30-39,1475,840,635,156,73,83,202,101,101,97,51,46,304,181,123,144,104,40,137,110,27,285,131,154,150,89,61
25751,C4920,5,64,"District-Almora
",Total,40-49,1510,847,663,190,95,95,221,105,116,115,48,67,344,224,120,112,74,38,110,79,31,268,135,133,150,87,63
25752,C4920,5,64,"District-Almora
",Total,50-59,1434,776,658,270,131,139,250,113,137,81,45,36,344,209,135,59,36,23,75,50,25,219,113,106,136,79,57
25753,C4920,5,64,"District-Almora
",Total,60-69,1880,851,1029,564,190,374,362,151,211,57,32,25,388,210,178,44,26,18,59,36,23,184,106,78,222,100,122
25754,C4920,5,64,"District-Almora
",Total,70-79,1559,731,828,501,212,289,353,163,190,24,13,11,271,153,118,17,7,10,17,11,6,118,56,62,258,116,142
25755,C4920,5,64,"District-Almora
",Total,80-89,828,342,486,240,92,148,214,105,109,7,3,4,105,43,62,5,1,4,9,4,5,38,19,19,210,75,135
25756,C4920,5,64,"District-Almora
",Total,90+,268,92,176,67,22,45,64,24,40,0,0,0,27,8,19,3,0,3,1,1,0,11,5,6,95,32,63
25757,C4920,5,64,"District-Almora
",Total,Age Not Stated,22,13,9,5,3,2,2,1,1,2,2,0,0,0,0,0,0,0,0,0,0,9,6,3,4,1,3
25758,C4920,5,64,"District-Almora
",Rural,Total,12479,6413,6066,2452,1041,1411,2242,1063,1179,648,340,308,2197,1252,945,730,461,269,557,383,174,1878,975,903,1775,898,877
25759,C4920,5,64,"District-Almora
",Rural,0-4,362,202,160,55,29,26,92,57,35,9,3,6,50,24,26,8,5,3,0,0,0,109,64,45,39,20,19
25760,C4920,5,64,"District-Almora
",Rural,5-9,594,342,252,89,43,46,95,53,42,58,34,24,63,39,24,45,27,18,10,5,5,122,66,56,112,75,37
25761,C4920,5,64,"District-Almora
",Rural,10-19,1586,882,704,209,106,103,265,137,128,133,76,57,187,117,70,170,113,57,53,31,22,339,171,168,230,131,99
25762,C4920,5,64,"District-Almora
",Rural,20-29,1451,755,696,160,71,89,201,95,106,94,52,42,251,130,121,141,82,59,112,73,39,283,136,147,209,116,93
25763,C4920,5,64,"District-Almora
",Rural,30-39,1342,789,553,151,71,80,186,94,92,89,46,43,275,165,110,137,98,39,127,105,22,234,126,108,143,84,59
25764,C4920,5,64,"District-Almora
",Rural,40-49,1395,781,614,181,89,92,206,98,108,108,43,65,306,200,106,107,71,36,103,73,30,243,126,117,141,81,60
25765,C4920,5,64,"District-Almora
",Rural,50-59,1355,717,638,262,124,138,235,103,132,75,40,35,315,188,127,55,32,23,71,47,24,210,106,104,132,77,55
25766,C4920,5,64,"District-Almora
",Rural,60-69,1817,817,1000,554,187,367,349,142,207,54,29,25,366,198,168,43,26,17,56,35,21,178,103,75,217,97,120
25767,C4920,5,64,"District-Almora
",Rural,70-79,1505,700,805,491,206,285,344,160,184,19,12,7,257,142,115,16,6,10,15,9,6,112,53,59,251,112,139
25768,C4920,5,64,"District-Almora
",Rural,80-89,802,330,472,231,90,141,206,99,107,7,3,4,101,41,60,5,1,4,9,4,5,37,19,18,206,73,133
25769,C4920,5,64,"District-Almora
",Rural,90+,253,89,164,64,22,42,61,24,37,0,0,0,26,8,18,3,0,3,1,1,0,7,3,4,91,31,60
25770,C4920,5,64,"District-Almora
",Rural,Age Not Stated,17,9,8,5,3,2,2,1,1,2,2,0,0,0,0,0,0,0,0,0,0,4,2,2,4,1,3
25771,C4920,5,64,"District-Almora
",Urban,Total,945,509,436,83,44,39,134,63,71,55,36,19,180,116,64,37,25,12,38,25,13,336,148,188,82,52,30
25772,C4920,5,64,"District-Almora
",Urban,0-4,38,18,20,1,1,0,11,4,7,1,0,1,2,1,1,1,1,0,0,0,0,22,11,11,0,0,0
25773,C4920,5,64,"District-Almora
",Urban,5-9,104,64,40,2,1,1,8,3,5,5,4,1,7,6,1,1,1,0,2,1,1,71,41,30,8,7,1
25774,C4920,5,64,"District-Almora
",Urban,10-19,173,96,77,11,4,7,11,7,4,11,6,5,14,12,2,8,2,6,3,2,1,101,54,47,14,9,5
25775,C4920,5,64,"District-Almora
",Urban,20-29,140,71,69,15,12,3,25,7,18,9,7,2,20,11,9,9,7,2,7,5,2,35,9,26,20,13,7
25776,C4920,5,64,"District-Almora
",Urban,30-39,133,51,82,5,2,3,16,7,9,8,5,3,29,16,13,7,6,1,10,5,5,51,5,46,7,5,2
25777,C4920,5,64,"District-Almora
",Urban,40-49,115,66,49,9,6,3,15,7,8,7,5,2,38,24,14,5,3,2,7,6,1,25,9,16,9,6,3
25778,C4920,5,64,"District-Almora
",Urban,50-59,79,59,20,8,7,1,15,10,5,6,5,1,29,21,8,4,4,0,4,3,1,9,7,2,4,2,2
25779,C4920,5,64,"District-Almora
",Urban,60-69,63,34,29,10,3,7,13,9,4,3,3,0,22,12,10,1,0,1,3,1,2,6,3,3,5,3,2
25780,C4920,5,64,"District-Almora
",Urban,70-79,54,31,23,10,6,4,9,3,6,5,1,4,14,11,3,1,1,0,2,2,0,6,3,3,7,4,3
25781,C4920,5,64,"District-Almora
",Urban,80-89,26,12,14,9,2,7,8,6,2,0,0,0,4,2,2,0,0,0,0,0,0,1,0,1,4,2,2
25782,C4920,5,64,"District-Almora
",Urban,90+,15,3,12,3,0,3,3,0,3,0,0,0,1,0,1,0,0,0,0,0,0,4,2,2,4,1,3
25783,C4920,5,64,"District-Almora
",Urban,Age Not Stated,5,4,1,0,0,0,0,0,0,0,0,0,0,0,0,0,0,0,0,0,0,5,4,1,0,0,0
25784,C4920,5,65,District-Champawat,Total,Total,3541,2047,1494,541,281,260,640,327,313,232,129,103,759,490,269,231,149,82,213,147,66,437,265,172,488,259,229
25785,C4920,5,65,District-Champawat,Total,0-4,105,57,48,13,7,6,24,11,13,4,3,1,15,9,6,4,3,1,0,0,0,30,16,14,15,8,7
25786,C4920,5,65,District-Champawat,Total,5-9,205,108,97,15,6,9,33,19,14,34,18,16,35,21,14,15,7,8,3,1,2,36,17,19,34,19,15
25787,C4920,5,65,District-Champawat,Total,10-19,545,331,214,47,29,18,103,68,35,45,23,22,90,55,35,66,42,24,24,16,8,86,53,33,84,45,39
25788,C4920,5,65,District-Champawat,Total,20-29,468,270,198,41,24,17,57,28,29,35,21,14,116,66,50,44,27,17,51,36,15,60,36,24,64,32,32
25789,C4920,5,65,District-Champawat,Total,30-39,457,293,164,43,26,17,67,26,41,28,14,14,116,81,35,35,24,11,57,48,9,65,44,21,46,30,16
25790,C4920,5,65,District-Champawat,Total,40-49,439,298,141,51,34,17,68,36,32,37,21,16,98,79,19,41,28,13,34,22,12,59,37,22,51,41,10
25791,C4920,5,65,District-Champawat,Total,50-59,358,219,139,58,32,26,62,35,27,25,14,11,109,73,36,12,9,3,14,11,3,43,28,15,35,17,18
25792,C4920,5,65,District-Champawat,Total,60-69,439,234,205,125,63,62,100,48,52,16,12,4,93,55,38,11,8,3,15,9,6,36,21,15,43,18,25
25793,C4920,5,65,District-Champawat,Total,70-79,333,155,178,97,46,51,84,39,45,6,3,3,57,30,27,2,0,2,11,3,8,15,10,5,61,24,37
25794,C4920,5,65,District-Champawat,Total,80-89,137,63,74,39,13,26,28,11,17,0,0,0,22,14,8,1,1,0,2,0,2,5,2,3,40,22,18
25795,C4920,5,65,District-Champawat,Total,90+,50,16,34,12,1,11,13,5,8,1,0,1,7,6,1,0,0,0,2,1,1,1,0,1,14,3,11
25796,C4920,5,65,District-Champawat,Total,Age Not Stated,5,3,2,0,0,0,1,1,0,1,0,1,1,1,0,0,0,0,0,0,0,1,1,0,1,0,1
25797,C4920,5,65,District-Champawat,Rural,Total,3052,1773,1279,422,213,209,534,276,258,212,118,94,663,429,234,211,138,73,184,128,56,378,237,141,448,234,214
25798,C4920,5,65,District-Champawat,Rural,0-4,97,54,43,13,7,6,24,11,13,3,2,1,12,8,4,4,3,1,0,0,0,28,16,12,13,7,6
25799,C4920,5,65,District-Champawat,Rural,5-9,185,97,88,14,5,9,25,16,9,32,17,15,33,20,13,15,7,8,3,1,2,33,16,17,30,15,15
25800,C4920,5,65,District-Champawat,Rural,10-19,461,286,175,36,24,12,78,52,26,44,23,21,79,50,29,57,38,19,21,13,8,73,47,26,73,39,34
25801,C4920,5,65,District-Champawat,Rural,20-29,393,223,170,27,15,12,46,22,24,31,17,14,95,51,44,41,25,16,40,29,11,52,32,20,61,32,29
25802,C4920,5,65,District-Champawat,Rural,30-39,380,254,126,27,18,9,46,20,26,26,13,13,99,71,28,32,22,10,53,45,8,57,39,18,40,26,14
25803,C4920,5,65,District-Champawat,Rural,40-49,367,252,115,32,22,10,49,28,21,32,18,14,86,67,19,37,26,11,30,19,11,53,33,20,48,39,9
25804,C4920,5,65,District-Champawat,Rural,50-59,301,183,118,30,14,16,56,31,25,22,13,9,102,68,34,12,9,3,12,9,3,35,25,10,32,14,18
25805,C4920,5,65,District-Champawat,Rural,60-69,395,209,186,110,53,57,92,45,47,15,12,3,85,50,35,10,7,3,13,8,5,28,17,11,42,17,25
25806,C4920,5,65,District-Champawat,Rural,70-79,308,143,165,90,43,47,81,38,43,6,3,3,46,24,22,2,0,2,9,3,6,15,10,5,59,22,37
25807,C4920,5,65,District-Champawat,Rural,80-89,121,56,65,34,11,23,25,9,16,0,0,0,19,13,6,1,1,0,1,0,1,4,2,2,37,20,17
25808,C4920,5,65,District-Champawat,Rural,90+,43,15,28,9,1,8,12,4,8,1,0,1,6,6,0,0,0,0,2,1,1,0,0,0,13,3,10
25809,C4920,5,65,District-Champawat,Rural,Age Not Stated,1,1,0,0,0,0,0,0,0,0,0,0,1,1,0,0,0,0,0,0,0,0,0,0,0,0,0
25810,C4920,5,65,District-Champawat,Urban,Total,489,274,215,119,68,51,106,51,55,20,11,9,96,61,35,20,11,9,29,19,10,59,28,31,40,25,15
25811,C4920,5,65,District-Champawat,Urban,0-4,8,3,5,0,0,0,0,0,0,1,1,0,3,1,2,0,0,0,0,0,0,2,0,2,2,1,1
25812,C4920,5,65,District-Champawat,Urban,5-9,20,11,9,1,1,0,8,3,5,2,1,1,2,1,1,0,0,0,0,0,0,3,1,2,4,4,0
25813,C4920,5,65,District-Champawat,Urban,10-19,84,45,39,11,5,6,25,16,9,1,0,1,11,5,6,9,4,5,3,3,0,13,6,7,11,6,5
25814,C4920,5,65,District-Champawat,Urban,20-29,75,47,28,14,9,5,11,6,5,4,4,0,21,15,6,3,2,1,11,7,4,8,4,4,3,0,3
25815,C4920,5,65,District-Champawat,Urban,30-39,77,39,38,16,8,8,21,6,15,2,1,1,17,10,7,3,2,1,4,3,1,8,5,3,6,4,2
25816,C4920,5,65,District-Champawat,Urban,40-49,72,46,26,19,12,7,19,8,11,5,3,2,12,12,0,4,2,2,4,3,1,6,4,2,3,2,1
25817,C4920,5,65,District-Champawat,Urban,50-59,57,36,21,28,18,10,6,4,2,3,1,2,7,5,2,0,0,0,2,2,0,8,3,5,3,3,0
25818,C4920,5,65,District-Champawat,Urban,60-69,44,25,19,15,10,5,8,3,5,1,0,1,8,5,3,1,1,0,2,1,1,8,4,4,1,1,0
25819,C4920,5,65,District-Champawat,Urban,70-79,25,12,13,7,3,4,3,1,2,0,0,0,11,6,5,0,0,0,2,0,2,0,0,0,2,2,0
25820,C4920,5,65,District-Champawat,Urban,80-89,16,7,9,5,2,3,3,2,1,0,0,0,3,1,2,0,0,0,1,0,1,1,0,1,3,2,1
25821,C4920,5,65,District-Champawat,Urban,90+,7,1,6,3,0,3,1,1,0,0,0,0,1,0,1,0,0,0,0,0,0,1,0,1,1,0,1
25822,C4920,5,65,District-Champawat,Urban,Age Not Stated,4,2,2,0,0,0,1,1,0,1,0,1,0,0,0,0,0,0,0,0,0,1,1,0,1,0,1
25823,C4920,5,66,District-Nainital,Total,Total,16093,9010,7083,2692,1397,1295,3400,1647,1753,1092,638,454,2935,1832,1103,1011,647,364,616,380,236,2459,1412,1047,1888,1057,831
25824,C4920,5,66,District-Nainital,Total,0-4,608,321,287,100,62,38,177,81,96,14,8,6,61,34,27,25,16,9,6,4,2,164,84,80,61,32,29
25825,C4920,5,66,District-Nainital,Total,5-9,1051,576,475,160,88,72,209,103,106,134,74,60,116,71,45,59,33,26,20,12,8,209,111,98,144,84,60
25826,C4920,5,66,District-Nainital,Total,10-19,2665,1534,1131,395,224,171,558,267,291,215,141,74,343,201,142,276,173,103,94,63,31,454,255,199,330,210,120
25827,C4920,5,66,District-Nainital,Total,20-29,2531,1469,1062,307,173,134,461,220,241,223,133,90,496,317,179,251,159,92,121,73,48,401,240,161,271,154,117
25828,C4920,5,66,District-Nainital,Total,30-39,1957,1120,837,249,133,116,393,187,206,137,74,63,395,254,141,148,106,42,127,83,44,328,178,150,180,105,75
25829,C4920,5,66,District-Nainital,Total,40-49,2042,1213,829,321,174,147,369,190,179,176,105,71,409,270,139,131,93,38,106,64,42,323,183,140,207,134,73
25830,C4920,5,66,District-Nainital,Total,50-59,1651,970,681,291,153,138,332,163,169,87,46,41,395,262,133,62,38,24,68,42,26,261,171,90,155,95,60
25831,C4920,5,66,District-Nainital,Total,60-69,1619,859,760,404,183,221,358,181,177,54,30,24,373,223,150,41,17,24,34,19,15,183,112,71,172,94,78
25832,C4920,5,66,District-Nainital,Total,70-79,1188,606,582,300,141,159,322,161,161,37,20,17,220,135,85,12,6,6,30,16,14,86,50,36,181,77,104
25833,C4920,5,66,District-Nainital,Total,80-89,533,241,292,121,52,69,150,69,81,10,4,6,84,43,41,4,4,0,6,2,4,32,19,13,126,48,78
25834,C4920,5,66,District-Nainital,Total,90+,210,80,130,38,12,26,60,19,41,3,1,2,34,16,18,2,2,0,3,1,2,13,6,7,57,23,34
25835,C4920,5,66,District-Nainital,Total,Age Not Stated,38,21,17,6,2,4,11,6,5,2,2,0,9,6,3,0,0,0,1,1,0,5,3,2,4,1,3
25836,C4920,5,66,District-Nainital,Rural,Total,10692,5942,4750,1758,899,859,2105,994,1111,686,408,278,1993,1220,773,678,431,247,426,259,167,1639,945,694,1407,786,621
25837,C4920,5,66,District-Nainital,Rural,0-4,380,199,181,66,39,27,103,46,57,8,5,3,41,24,17,16,10,6,4,2,2,99,50,49,43,23,20
25838,C4920,5,66,District-Nainital,Rural,5-9,691,375,316,104,57,47,114,51,63,84,46,38,79,48,31,48,27,21,16,9,7,144,75,69,102,62,40
25839,C4920,5,66,District-Nainital,Rural,10-19,1650,931,719,234,142,92,309,136,173,127,82,45,221,127,94,181,110,71,53,33,20,305,161,144,220,140,80
25840,C4920,5,66,District-Nainital,Rural,20-29,1540,905,635,169,96,73,249,115,134,120,75,45,306,187,119,161,103,58,86,54,32,249,155,94,200,120,80
25841,C4920,5,66,District-Nainital,Rural,30-39,1238,717,521,155,84,71,224,103,121,79,42,37,255,170,85,100,74,26,86,54,32,206,110,96,133,80,53
25842,C4920,5,66,District-Nainital,Rural,40-49,1391,831,560,202,110,92,235,114,121,127,79,48,287,191,96,89,62,27,76,48,28,213,123,90,162,104,58
25843,C4920,5,66,District-Nainital,Rural,50-59,1129,671,458,176,92,84,203,104,99,64,33,31,272,176,96,45,30,15,50,30,20,195,129,66,124,77,47
25844,C4920,5,66,District-Nainital,Rural,60-69,1150,591,559,283,116,167,254,132,122,41,26,15,271,152,119,26,8,18,24,14,10,129,84,45,122,59,63
25845,C4920,5,66,District-Nainital,Rural,70-79,891,448,443,233,111,122,236,117,119,26,14,12,163,95,68,9,4,5,23,11,12,64,38,26,137,58,79
25846,C4920,5,66,District-Nainital,Rural,80-89,436,197,239,103,42,61,122,58,64,7,4,3,68,34,34,2,2,0,4,2,2,22,14,8,108,41,67
25847,C4920,5,66,District-Nainital,Rural,90+,169,62,107,30,9,21,47,13,34,2,1,1,23,11,12,1,1,0,3,1,2,11,5,6,52,21,31
25848,C4920,5,66,District-Nainital,Rural,Age Not Stated,27,15,12,3,1,2,9,5,4,1,1,0,7,5,2,0,0,0,1,1,0,2,1,1,4,1,3
25849,C4920,5,66,District-Nainital,Urban,Total,5401,3068,2333,934,498,436,1295,653,642,406,230,176,942,612,330,333,216,117,190,121,69,820,467,353,481,271,210
25850,C4920,5,66,District-Nainital,Urban,0-4,228,122,106,34,23,11,74,35,39,6,3,3,20,10,10,9,6,3,2,2,0,65,34,31,18,9,9
25851,C4920,5,66,District-Nainital,Urban,5-9,360,201,159,56,31,25,95,52,43,50,28,22,37,23,14,11,6,5,4,3,1,65,36,29,42,22,20
25852,C4920,5,66,District-Nainital,Urban,10-19,1015,603,412,161,82,79,249,131,118,88,59,29,122,74,48,95,63,32,41,30,11,149,94,55,110,70,40
25853,C4920,5,66,District-Nainital,Urban,20-29,991,564,427,138,77,61,212,105,107,103,58,45,190,130,60,90,56,34,35,19,16,152,85,67,71,34,37
25854,C4920,5,66,District-Nainital,Urban,30-39,719,403,316,94,49,45,169,84,85,58,32,26,140,84,56,48,32,16,41,29,12,122,68,54,47,25,22
25855,C4920,5,66,District-Nainital,Urban,40-49,651,382,269,119,64,55,134,76,58,49,26,23,122,79,43,42,31,11,30,16,14,110,60,50,45,30,15
25856,C4920,5,66,District-Nainital,Urban,50-59,522,299,223,115,61,54,129,59,70,23,13,10,123,86,37,17,8,9,18,12,6,66,42,24,31,18,13
25857,C4920,5,66,District-Nainital,Urban,60-69,469,268,201,121,67,54,104,49,55,13,4,9,102,71,31,15,9,6,10,5,5,54,28,26,50,35,15
25858,C4920,5,66,District-Nainital,Urban,70-79,297,158,139,67,30,37,86,44,42,11,6,5,57,40,17,3,2,1,7,5,2,22,12,10,44,19,25
25859,C4920,5,66,District-Nainital,Urban,80-89,97,44,53,18,10,8,28,11,17,3,0,3,16,9,7,2,2,0,2,0,2,10,5,5,18,7,11
25860,C4920,5,66,District-Nainital,Urban,90+,41,18,23,8,3,5,13,6,7,1,0,1,11,5,6,1,1,0,0,0,0,2,1,1,5,2,3
25861,C4920,5,66,District-Nainital,Urban,Age Not Stated,11,6,5,3,1,2,2,1,1,1,1,0,2,1,1,0,0,0,0,0,0,3,2,1,0,0,0
25862,C4920,5,67,District-Udham Singh Nagar,Total,Total,27865,15885,11980,4324,2334,1990,4809,2538,2271,1512,854,658,6294,3920,2374,1754,1040,714,813,456,357,5822,3285,2537,2537,1458,1079
25863,C4920,5,67,District-Udham Singh Nagar,Total,0-4,1500,818,682,256,125,131,289,160,129,39,23,16,116,70,46,67,39,28,11,6,5,581,319,262,141,76,65
25864,C4920,5,67,District-Udham Singh Nagar,Total,5-9,2251,1230,1021,295,161,134,426,216,210,213,116,97,234,139,95,163,89,74,48,25,23,575,307,268,297,177,120
25865,C4920,5,67,District-Udham Singh Nagar,Total,10-19,6341,3608,2733,701,406,295,1020,515,505,437,259,178,1316,797,519,544,316,228,222,132,90,1484,813,671,617,370,247
25866,C4920,5,67,District-Udham Singh Nagar,Total,20-29,4918,2896,2022,520,287,233,753,428,325,271,139,132,1455,914,541,361,225,136,167,95,72,949,547,402,442,261,181
25867,C4920,5,67,District-Udham Singh Nagar,Total,30-39,3406,2037,1369,388,241,147,591,316,275,208,121,87,865,575,290,256,159,97,135,73,62,718,420,298,245,132,113
25868,C4920,5,67,District-Udham Singh Nagar,Total,40-49,2720,1676,1044,419,244,175,489,266,223,139,77,62,671,468,203,178,113,65,93,56,37,546,332,214,185,120,65
25869,C4920,5,67,District-Udham Singh Nagar,Total,50-59,2032,1139,893,408,207,201,376,184,192,89,50,39,524,326,198,85,44,41,51,24,27,384,232,152,115,72,43
25870,C4920,5,67,District-Udham Singh Nagar,Total,60-69,2302,1285,1017,635,320,315,424,240,184,73,42,31,550,331,219,63,35,28,48,26,22,329,188,141,180,103,77
25871,C4920,5,67,District-Udham Singh Nagar,Total,70-79,1387,730,657,437,227,210,241,122,119,29,19,10,344,193,151,24,11,13,24,12,12,154,77,77,134,69,65
25872,C4920,5,67,District-Udham Singh Nagar,Total,80-89,659,298,361,192,91,101,131,55,76,6,2,4,151,74,77,5,3,2,6,3,3,58,28,30,110,42,68
25873,C4920,5,67,District-Udham Singh Nagar,Total,90+,304,140,164,70,24,46,62,32,30,6,4,2,66,31,35,5,3,2,6,4,2,19,6,13,70,36,34
25874,C4920,5,67,District-Udham Singh Nagar,Total,Age Not Stated,45,28,17,3,1,2,7,4,3,2,2,0,2,2,0,3,3,0,2,0,2,25,16,9,1,0,1
25875,C4920,5,67,District-Udham Singh Nagar,Rural,Total,18516,10538,7978,2820,1527,1293,3023,1579,1444,971,549,422,4204,2612,1592,1194,708,486,523,293,230,4219,2364,1855,1562,906,656
25876,C4920,5,67,District-Udham Singh Nagar,Rural,0-4,1059,569,490,169,75,94,195,102,93,24,13,11,81,52,29,51,31,20,7,4,3,453,247,206,79,45,34
25877,C4920,5,67,District-Udham Singh Nagar,Rural,5-9,1525,833,692,190,108,82,272,135,137,144,78,66,140,80,60,117,61,56,30,18,12,440,232,208,192,121,71
25878,C4920,5,67,District-Udham Singh Nagar,Rural,10-19,4231,2406,1825,456,255,201,640,318,322,268,164,104,843,514,329,373,224,149,143,87,56,1116,608,508,392,236,156
25879,C4920,5,67,District-Udham Singh Nagar,Rural,20-29,3158,1854,1304,329,185,144,457,261,196,171,86,85,965,608,357,223,137,86,103,57,46,647,363,284,263,157,106
25880,C4920,5,67,District-Udham Singh Nagar,Rural,30-39,2170,1309,861,230,146,84,322,172,150,143,88,55,589,388,201,177,109,68,89,49,40,491,289,202,129,68,61
25881,C4920,5,67,District-Udham Singh Nagar,Rural,40-49,1725,1071,654,265,154,111,266,150,116,81,40,41,447,311,136,115,73,42,65,36,29,379,235,144,107,72,35
25882,C4920,5,67,District-Udham Singh Nagar,Rural,50-59,1291,720,571,252,136,116,228,106,122,61,33,28,342,207,135,65,32,33,33,14,19,255,160,95,55,32,23
25883,C4920,5,67,District-Udham Singh Nagar,Rural,60-69,1590,892,698,441,234,207,302,170,132,50,28,22,375,220,155,49,27,22,29,18,11,230,130,100,114,65,49
25884,C4920,5,67,District-Udham Singh Nagar,Rural,70-79,996,521,475,285,145,140,180,90,90,18,11,7,265,152,113,17,9,8,15,6,9,122,58,64,94,50,44
25885,C4920,5,67,District-Udham Singh Nagar,Rural,80-89,495,227,268,146,70,76,103,43,60,3,2,1,109,55,54,3,2,1,3,2,1,45,22,23,83,31,52
25886,C4920,5,67,District-Udham Singh Nagar,Rural,90+,236,112,124,55,19,36,51,28,23,6,4,2,46,23,23,4,3,1,4,2,2,17,4,13,53,29,24
25887,C4920,5,67,District-Udham Singh Nagar,Rural,Age Not Stated,40,24,16,2,0,2,7,4,3,2,2,0,2,2,0,0,0,0,2,0,2,24,16,8,1,0,1
25888,C4920,5,67,District-Udham Singh Nagar,Urban,Total,9349,5347,4002,1504,807,697,1786,959,827,541,305,236,2090,1308,782,560,332,228,290,163,127,1603,921,682,975,552,423
25889,C4920,5,67,District-Udham Singh Nagar,Urban,0-4,441,249,192,87,50,37,94,58,36,15,10,5,35,18,17,16,8,8,4,2,2,128,72,56,62,31,31
25890,C4920,5,67,District-Udham Singh Nagar,Urban,5-9,726,397,329,105,53,52,154,81,73,69,38,31,94,59,35,46,28,18,18,7,11,135,75,60,105,56,49
25891,C4920,5,67,District-Udham Singh Nagar,Urban,10-19,2110,1202,908,245,151,94,380,197,183,169,95,74,473,283,190,171,92,79,79,45,34,368,205,163,225,134,91
25892,C4920,5,67,District-Udham Singh Nagar,Urban,20-29,1760,1042,718,191,102,89,296,167,129,100,53,47,490,306,184,138,88,50,64,38,26,302,184,118,179,104,75
25893,C4920,5,67,District-Udham Singh Nagar,Urban,30-39,1236,728,508,158,95,63,269,144,125,65,33,32,276,187,89,79,50,29,46,24,22,227,131,96,116,64,52
25894,C4920,5,67,District-Udham Singh Nagar,Urban,40-49,995,605,390,154,90,64,223,116,107,58,37,21,224,157,67,63,40,23,28,20,8,167,97,70,78,48,30
25895,C4920,5,67,District-Udham Singh Nagar,Urban,50-59,741,419,322,156,71,85,148,78,70,28,17,11,182,119,63,20,12,8,18,10,8,129,72,57,60,40,20
25896,C4920,5,67,District-Udham Singh Nagar,Urban,60-69,712,393,319,194,86,108,122,70,52,23,14,9,175,111,64,14,8,6,19,8,11,99,58,41,66,38,28
25897,C4920,5,67,District-Udham Singh Nagar,Urban,70-79,391,209,182,152,82,70,61,32,29,11,8,3,79,41,38,7,2,5,9,6,3,32,19,13,40,19,21
25898,C4920,5,67,District-Udham Singh Nagar,Urban,80-89,164,71,93,46,21,25,28,12,16,3,0,3,42,19,23,2,1,1,3,1,2,13,6,7,27,11,16
25899,C4920,5,67,District-Udham Singh Nagar,Urban,90+,68,28,40,15,5,10,11,4,7,0,0,0,20,8,12,1,0,1,2,2,0,2,2,0,17,7,10
25900,C4920,5,67,District-Udham Singh Nagar,Urban,Age Not Stated,5,4,1,1,1,0,0,0,0,0,0,0,0,0,0,3,3,0,0,0,0,1,0,1,0,0,0
25901,C4920,5,68,District-Hardwar,Total,Total,31489,18463,13026,4246,2253,1993,7137,3954,3183,2188,1244,944,6928,4487,2441,1828,1118,710,888,517,371,5143,3034,2109,3131,1856,1275
25902,C4920,5,68,District-Hardwar,Total,0-4,1519,799,720,199,103,96,465,215,250,32,15,17,183,110,73,51,27,24,20,15,5,394,219,175,175,95,80
25903,C4920,5,68,District-Hardwar,Total,5-9,2508,1489,1019,314,197,117,597,294,303,277,166,111,315,208,107,180,122,58,58,38,20,466,259,207,301,205,96
25904,C4920,5,68,District-Hardwar,Total,10-19,6943,4119,2824,680,385,295,1438,809,629,594,339,255,1617,1010,607,565,348,217,224,135,89,1079,633,446,746,460,286
25905,C4920,5,68,District-Hardwar,Total,20-29,6113,3937,2176,482,269,213,1693,1177,516,393,233,160,1564,1042,522,380,227,153,179,121,58,924,552,372,498,316,182
25906,C4920,5,68,District-Hardwar,Total,30-39,3836,2300,1536,414,225,189,746,385,361,291,166,125,1005,689,316,247,151,96,147,87,60,700,425,275,286,172,114
25907,C4920,5,68,District-Hardwar,Total,40-49,3098,1864,1234,397,210,187,622,337,285,262,138,124,640,462,178,191,123,68,116,58,58,566,363,203,304,173,131
25908,C4920,5,68,District-Hardwar,Total,50-59,2225,1250,975,430,211,219,450,215,235,149,88,61,447,299,148,118,65,53,56,28,28,385,226,159,190,118,72
25909,C4920,5,68,District-Hardwar,Total,60-69,2437,1292,1145,616,297,319,515,237,278,116,60,56,512,320,192,61,34,27,52,18,34,362,213,149,203,113,90
25910,C4920,5,68,District-Hardwar,Total,70-79,1647,865,782,448,235,213,363,164,199,48,28,20,377,215,162,18,12,6,26,12,14,166,92,74,201,107,94
25911,C4920,5,68,District-Hardwar,Total,80-89,807,381,426,195,86,109,168,80,88,18,9,9,190,99,91,9,3,6,7,5,2,71,39,32,149,60,89
25912,C4920,5,68,District-Hardwar,Total,90+,331,152,179,65,30,35,72,35,37,8,2,6,76,33,43,7,6,1,3,0,3,23,9,14,77,37,40
25913,C4920,5,68,District-Hardwar,Total,Age Not Stated,25,15,10,6,5,1,8,6,2,0,0,0,2,0,2,1,0,1,0,0,0,7,4,3,1,0,1
25914,C4920,5,68,District-Hardwar,Rural,Total,18928,11089,7839,2861,1510,1351,3425,1837,1588,1308,732,576,4840,3122,1718,1172,713,459,538,319,219,3016,1778,1238,1768,1078,690
25915,C4920,5,68,District-Hardwar,Rural,0-4,977,519,458,138,72,66,258,130,128,21,10,11,139,82,57,32,14,18,17,13,4,259,136,123,113,62,51
25916,C4920,5,68,District-Hardwar,Rural,5-9,1672,1035,637,220,139,81,347,189,158,202,119,83,239,164,75,138,97,41,36,24,12,282,159,123,208,144,64
25917,C4920,5,68,District-Hardwar,Rural,10-19,4427,2630,1797,446,254,192,699,383,316,398,225,173,1251,784,467,394,239,155,134,84,50,667,375,292,438,286,152
25918,C4920,5,68,District-Hardwar,Rural,20-29,3196,2028,1168,300,167,133,454,268,186,209,126,83,1119,744,375,237,143,94,107,76,31,511,322,189,259,182,77
25919,C4920,5,68,District-Hardwar,Rural,30-39,2228,1375,853,248,138,110,372,203,169,158,90,68,676,471,205,135,83,52,82,45,37,411,250,161,146,95,51
25920,C4920,5,68,District-Hardwar,Rural,40-49,1743,1106,637,239,134,105,320,193,127,151,78,73,405,294,111,115,74,41,73,35,38,334,228,106,106,70,36
25921,C4920,5,68,District-Hardwar,Rural,50-59,1224,658,566,279,125,154,229,113,116,78,42,36,262,175,87,63,30,33,35,21,14,207,118,89,71,34,37
25922,C4920,5,68,District-Hardwar,Rural,60-69,1546,782,764,440,200,240,336,159,177,50,24,26,320,188,132,36,19,17,35,12,23,199,114,85,130,66,64
25923,C4920,5,68,District-Hardwar,Rural,70-79,1104,568,536,344,183,161,246,114,132,26,12,14,243,132,111,9,6,3,14,6,8,90,44,46,132,71,61
25924,C4920,5,68,District-Hardwar,Rural,80-89,557,262,295,159,71,88,109,54,55,10,4,6,125,61,64,6,2,4,3,3,0,39,24,15,106,43,63
25925,C4920,5,68,District-Hardwar,Rural,90+,240,117,123,46,25,21,51,28,23,5,2,3,59,27,32,7,6,1,2,0,2,12,4,8,58,25,33
25926,C4920,5,68,District-Hardwar,Rural,Age Not Stated,14,9,5,2,2,0,4,3,1,0,0,0,2,0,2,0,0,0,0,0,0,5,4,1,1,0,1
25927,C4920,5,68,District-Hardwar,Urban,Total,12561,7374,5187,1385,743,642,3712,2117,1595,880,512,368,2088,1365,723,656,405,251,350,198,152,2127,1256,871,1363,778,585
25928,C4920,5,68,District-Hardwar,Urban,0-4,542,280,262,61,31,30,207,85,122,11,5,6,44,28,16,19,13,6,3,2,1,135,83,52,62,33,29
25929,C4920,5,68,District-Hardwar,Urban,5-9,836,454,382,94,58,36,250,105,145,75,47,28,76,44,32,42,25,17,22,14,8,184,100,84,93,61,32
25930,C4920,5,68,District-Hardwar,Urban,10-19,2516,1489,1027,234,131,103,739,426,313,196,114,82,366,226,140,171,109,62,90,51,39,412,258,154,308,174,134
25931,C4920,5,68,District-Hardwar,Urban,20-29,2917,1909,1008,182,102,80,1239,909,330,184,107,77,445,298,147,143,84,59,72,45,27,413,230,183,239,134,105
25932,C4920,5,68,District-Hardwar,Urban,30-39,1608,925,683,166,87,79,374,182,192,133,76,57,329,218,111,112,68,44,65,42,23,289,175,114,140,77,63
25933,C4920,5,68,District-Hardwar,Urban,40-49,1355,758,597,158,76,82,302,144,158,111,60,51,235,168,67,76,49,27,43,23,20,232,135,97,198,103,95
25934,C4920,5,68,District-Hardwar,Urban,50-59,1001,592,409,151,86,65,221,102,119,71,46,25,185,124,61,55,35,20,21,7,14,178,108,70,119,84,35
25935,C4920,5,68,District-Hardwar,Urban,60-69,891,510,381,176,97,79,179,78,101,66,36,30,192,132,60,25,15,10,17,6,11,163,99,64,73,47,26
25936,C4920,5,68,District-Hardwar,Urban,70-79,543,297,246,104,52,52,117,50,67,22,16,6,134,83,51,9,6,3,12,6,6,76,48,28,69,36,33
25937,C4920,5,68,District-Hardwar,Urban,80-89,250,119,131,36,15,21,59,26,33,8,5,3,65,38,27,3,1,2,4,2,2,32,15,17,43,17,26
25938,C4920,5,68,District-Hardwar,Urban,90+,91,35,56,19,5,14,21,7,14,3,0,3,17,6,11,0,0,0,1,0,1,11,5,6,19,12,7
25939,C4920,5,68,District-Hardwar,Urban,Age Not Stated,11,6,5,4,3,1,4,3,1,0,0,0,0,0,0,1,0,1,0,0,0,2,0,2,0,0,0
25940,C4920,19,0,State-WEST BENGAL,Total,0-4,82491,43841,38650,17639,9071,8568,14260,7220,7040,2359,1337,1022,8029,4726,3303,4087,2140,1947,687,400,287,28155,14783,13372,7275,4164,3111
25941,C4920,19,0,State-WEST BENGAL,Total,5-9,132038,72742,59296,23245,12379,10866,19725,10273,9452,16087,9041,7046,13426,8143,5283,9022,5076,3946,2627,1578,1049,31479,16773,14706,16427,9479,6948
25942,C4920,19,0,State-WEST BENGAL,Total,10-19,334013,185773,148240,59293,31948,27345,49354,25701,23653,34720,19235,15485,42751,25893,16858,30021,16630,13391,10869,6349,4520,68164,37721,30443,38841,22296,16545
25943,C4920,19,0,State-WEST BENGAL,Total,20-29,319203,181629,137574,54386,30075,24311,46645,24469,22176,27508,14821,12687,49373,31770,17603,27342,15307,12035,12841,7783,5058,73105,41529,31576,28003,15875,12128
25944,C4920,19,0,State-WEST BENGAL,Total,30-39,281601,161631,119970,52910,29097,23813,43810,23274,20536,22376,11995,10381,43803,29376,14427,23455,13175,10280,13668,7982,5686,60913,35143,25770,20666,11589,9077
25945,C4920,19,0,State-WEST BENGAL,Total,40-49,277116,162907,114209,60181,32803,27378,43532,23857,19675,19576,11041,8535,46703,32473,14230,19729,11359,8370,12742,7317,5425,55696,33182,22514,18957,10875,8082
25946,C4920,19,0,State-WEST BENGAL,Total,50-59,222050,129857,92193,55265,29577,25688,35171,19469,15702,12141,6962,5179,43145,29371,13774,11809,6734,5075,8564,4665,3899,39876,23900,15976,16079,9179,6900
25947,C4920,19,0,State-WEST BENGAL,Total,60-69,192803,103419,89384,53553,26111,27442,32001,16266,15735,7613,4263,3350,40665,25108,15557,6854,3723,3131,5544,2782,2762,26820,15252,11568,19753,9914,9839
25948,C4920,19,0,State-WEST BENGAL,Total,70-79,115677,57575,58102,32758,15334,17424,20211,10139,10072,3339,1733,1606,23713,12689,11024,2815,1437,1378,2689,1335,1354,12494,6829,5665,17658,8079,9579
25949,C4920,19,0,State-WEST BENGAL,Total,80-89,43062,20229,22833,11162,5114,6048,7512,3730,3782,966,489,477,8650,4249,4401,832,416,416,937,406,531,3933,1975,1958,9070,3850,5220
25950,C4920,19,0,State-WEST BENGAL,Total,90+,14350,5913,8437,3386,1440,1946,2385,1056,1329,421,212,209,2426,983,1443,343,161,182,275,110,165,1508,714,794,3606,1237,2369
25951,C4920,19,0,State-WEST BENGAL,Total,Age Not Stated,3002,1665,1337,695,376,319,586,299,287,230,126,104,261,161,100,214,112,102,72,38,34,778,462,316,166,91,75
25952,C4920,19,0,State-WEST BENGAL,Rural,Total,1368942,768621,600321,277366,145670,131696,200419,105505,94914,94298,52419,41879,239059,152327,86732,92526,51475,41051,49881,28075,21806,262727,150461,112266,152666,82689,69977
25953,C4920,19,0,State-WEST BENGAL,Rural,0-4,57609,30840,26769,11514,5917,5597,8906,4527,4379,1762,987,775,6464,3776,2688,2775,1467,1308,507,298,209,19829,10500,9329,5852,3368,2484
25954,C4920,19,0,State-WEST BENGAL,Rural,5-9,95672,53008,42664,15644,8343,7301,13051,6764,6287,11916,6777,5139,10786,6567,4219,6497,3686,2811,2019,1204,815,22616,12133,10483,13143,7534,5609
25955,C4920,19,0,State-WEST BENGAL,Rural,10-19,239370,134022,105348,39741,21580,18161,32609,17181,15428,24829,13823,11006,33929,20468,13461,21816,12037,9779,7970,4590,3380,47653,26676,20977,30823,17667,13156
25956,C4920,19,0,State-WEST BENGAL,Rural,20-29,210621,121229,89392,33273,18796,14477,27811,14782,13029,17508,9552,7956,37387,24121,13266,18746,10327,8419,9107,5453,3654,45561,26171,19390,21228,12027,9201
25957,C4920,19,0,State-WEST BENGAL,Rural,30-39,182909,106001,76908,31952,17607,14345,26229,13972,12257,13440,7279,6161,31976,21590,10386,15577,8751,6826,9394,5333,4061,38899,22809,16090,15442,8660,6782
25958,C4920,19,0,State-WEST BENGAL,Rural,40-49,182490,108291,74199,38103,20884,17219,27311,15015,12296,11509,6524,4985,33830,23659,10171,12856,7364,5492,8772,4929,3843,35592,21606,13986,14517,8310,6207
25959,C4920,19,0,State-WEST BENGAL,Rural,50-59,145178,85622,59556,35649,19002,16647,22230,12336,9894,6680,3859,2821,30635,21058,9577,7393,4245,3148,5785,3152,2633,24729,15059,9670,12077,6911,5166
25960,C4920,19,0,State-WEST BENGAL,Rural,60-69,133834,71420,62414,37476,18005,19471,21840,10974,10866,4182,2362,1820,29634,18400,11234,4440,2380,2060,3767,1907,1860,16787,9607,7180,15708,7785,7923
25961,C4920,19,0,State-WEST BENGAL,Rural,70-79,80682,39612,41070,23437,10742,12695,13725,6729,6996,1708,870,838,16689,8988,7701,1697,840,857,1802,891,911,7593,4130,3463,14031,6422,7609
25962,C4920,19,0,State-WEST BENGAL,Rural,80-89,29475,13802,15673,7926,3654,4272,4909,2398,2511,468,237,231,5899,2910,2989,467,238,229,552,231,321,2251,1139,1112,7003,2995,4008
25963,C4920,19,0,State-WEST BENGAL,Rural,90+,9678,3978,5700,2351,975,1376,1529,686,843,201,99,102,1670,695,975,188,97,91,168,68,100,839,405,434,2732,953,1779
25964,C4920,19,0,State-WEST BENGAL,Rural,Age Not Stated,1424,796,628,300,165,135,269,141,128,95,50,45,160,95,65,74,43,31,38,19,19,378,226,152,110,57,53
25965,C4920,19,0,State-WEST BENGAL,Urban,Total,648464,358560,289904,147107,77655,69452,114773,60248,54525,53038,28836,24202,83886,52615,31271,43997,24795,19202,21634,12670,8964,140194,77802,62392,43835,23939,19896
25966,C4920,19,0,State-WEST BENGAL,Urban,0-4,24882,13001,11881,6125,3154,2971,5354,2693,2661,597,350,247,1565,950,615,1312,673,639,180,102,78,8326,4283,4043,1423,796,627
25967,C4920,19,0,State-WEST BENGAL,Urban,5-9,36366,19734,16632,7601,4036,3565,6674,3509,3165,4171,2264,1907,2640,1576,1064,2525,1390,1135,608,374,234,8863,4640,4223,3284,1945,1339
25968,C4920,19,0,State-WEST BENGAL,Urban,10-19,94643,51751,42892,19552,10368,9184,16745,8520,8225,9891,5412,4479,8822,5425,3397,8205,4593,3612,2899,1759,1140,20511,11045,9466,8018,4629,3389
25969,C4920,19,0,State-WEST BENGAL,Urban,20-29,108582,60400,48182,21113,11279,9834,18834,9687,9147,10000,5269,4731,11986,7649,4337,8596,4980,3616,3734,2330,1404,27544,15358,12186,6775,3848,2927
25970,C4920,19,0,State-WEST BENGAL,Urban,30-39,98692,55630,43062,20958,11490,9468,17581,9302,8279,8936,4716,4220,11827,7786,4041,7878,4424,3454,4274,2649,1625,22014,12334,9680,5224,2929,2295
25971,C4920,19,0,State-WEST BENGAL,Urban,40-49,94626,54616,40010,22078,11919,10159,16221,8842,7379,8067,4517,3550,12873,8814,4059,6873,3995,2878,3970,2388,1582,20104,11576,8528,4440,2565,1875
25972,C4920,19,0,State-WEST BENGAL,Urban,50-59,76872,44235,32637,19616,10575,9041,12941,7133,5808,5461,3103,2358,12510,8313,4197,4416,2489,1927,2779,1513,1266,15147,8841,6306,4002,2268,1734
25973,C4920,19,0,State-WEST BENGAL,Urban,60-69,58969,31999,26970,16077,8106,7971,10161,5292,4869,3431,1901,1530,11031,6708,4323,2414,1343,1071,1777,875,902,10033,5645,4388,4045,2129,1916
25974,C4920,19,0,State-WEST BENGAL,Urban,70-79,34995,17963,17032,9321,4592,4729,6486,3410,3076,1631,863,768,7024,3701,3323,1118,597,521,887,444,443,4901,2699,2202,3627,1657,1970
25975,C4920,19,0,State-WEST BENGAL,Urban,80-89,13587,6427,7160,3236,1460,1776,2603,1332,1271,498,252,246,2751,1339,1412,365,178,187,385,175,210,1682,836,846,2067,855,1212
25976,C4920,19,0,State-WEST BENGAL,Urban,90+,4672,1935,2737,1035,465,570,856,370,486,220,113,107,756,288,468,155,64,91,107,42,65,669,309,360,874,284,590
25977,C4920,19,0,State-WEST BENGAL,Urban,Age Not Stated,1578,869,709,395,211,184,317,158,159,135,76,59,101,66,35,140,69,71,34,19,15,400,236,164,56,34,22
25978,C4920,19,327,District-Darjiling ,Total,Total,40136,21826,18310,5808,3188,2620,10112,5337,4775,3262,1742,1520,4294,2568,1726,1796,967,829,1276,696,580,8154,4410,3744,5434,2918,2516
25979,C4920,19,327,District-Darjiling ,Total,0-4,1279,660,619,201,97,104,291,138,153,39,28,11,102,55,47,40,25,15,7,4,3,451,230,221,148,83,65
25980,C4920,19,327,District-Darjiling ,Total,5-9,2162,1148,1014,322,163,159,403,206,197,226,128,98,179,102,77,101,58,43,43,25,18,560,289,271,328,177,151
25981,C4920,19,327,District-Darjiling ,Total,10-19,5556,2962,2594,800,442,358,954,467,487,556,293,263,543,281,262,378,198,180,186,100,86,1405,756,649,734,425,309
25982,C4920,19,327,District-Darjiling ,Total,20-29,5762,3106,2656,856,456,400,1142,557,585,454,248,206,578,353,225,375,209,166,242,148,94,1560,826,734,555,309,246
25983,C4920,19,327,District-Darjiling ,Total,30-39,5583,3081,2502,755,447,308,1218,629,589,481,241,240,561,346,215,308,168,140,237,146,91,1343,744,599,680,360,320
25984,C4920,19,327,District-Darjiling ,Total,40-49,6440,3557,2883,738,458,280,1754,932,822,710,381,329,620,395,225,269,150,119,243,126,117,1109,618,491,997,497,500
25985,C4920,19,327,District-Darjiling ,Total,50-59,5304,2871,2433,686,354,332,1587,878,709,438,222,216,650,401,249,164,83,81,181,80,101,786,414,372,812,439,373
25986,C4920,19,327,District-Darjiling ,Total,60-69,4133,2253,1880,685,352,333,1343,726,617,235,131,104,579,347,232,101,43,58,93,48,45,553,319,234,544,287,257
25987,C4920,19,327,District-Darjiling ,Total,70-79,2602,1484,1118,496,278,218,938,528,410,89,52,37,351,213,138,45,24,21,31,13,18,271,155,116,381,221,160
25988,C4920,19,327,District-Darjiling ,Total,80-89,1001,553,448,202,106,96,394,230,164,20,11,9,107,68,39,7,2,5,10,6,4,72,37,35,189,93,96
25989,C4920,19,327,District-Darjiling ,Total,90+,252,113,139,57,28,29,75,39,36,8,4,4,20,6,14,5,4,1,1,0,1,25,9,16,61,23,38
25990,C4920,19,327,District-Darjiling ,Total,Age Not Stated,62,38,24,10,7,3,13,7,6,6,3,3,4,1,3,3,3,0,2,0,2,19,13,6,5,4,1
25991,C4920,19,327,District-Darjiling ,Rural,Total,26434,14460,11974,3710,1987,1723,6611,3579,3032,2254,1213,1041,2898,1686,1212,1200,623,577,824,442,382,4700,2647,2053,4237,2283,1954
25992,C4920,19,327,District-Darjiling ,Rural,0-4,822,420,402,134,64,70,159,73,86,27,19,8,73,35,38,29,18,11,4,3,1,276,143,133,120,65,55
25993,C4920,19,327,District-Darjiling ,Rural,5-9,1420,744,676,220,106,114,234,122,112,152,81,71,129,73,56,69,38,31,27,14,13,346,179,167,243,131,112
25994,C4920,19,327,District-Darjiling ,Rural,10-19,3630,1959,1671,532,289,243,545,282,263,371,203,168,372,191,181,240,123,117,111,57,54,901,491,410,558,323,235
25995,C4920,19,327,District-Darjiling ,Rural,20-29,3451,1878,1573,519,267,252,581,283,298,306,176,130,382,228,154,258,142,116,153,93,60,835,455,380,417,234,183
25996,C4920,19,327,District-Darjiling ,Rural,30-39,3418,1910,1508,430,255,175,703,370,333,331,160,171,352,208,144,193,105,88,155,96,59,711,425,286,543,291,252
25997,C4920,19,327,District-Darjiling ,Rural,40-49,4381,2389,1992,455,276,179,1225,647,578,511,273,238,414,248,166,180,89,91,164,83,81,634,375,259,798,398,400
25998,C4920,19,327,District-Darjiling ,Rural,50-59,3595,1971,1624,432,219,213,1112,622,490,311,157,154,429,264,165,116,56,60,112,50,62,455,255,200,628,348,280
25999,C4920,19,327,District-Darjiling ,Rural,60-69,2944,1620,1324,464,232,232,1011,561,450,169,100,69,409,240,169,75,32,43,67,32,35,320,197,123,429,226,203
26000,C4920,19,327,District-Darjiling ,Rural,70-79,1858,1064,794,347,185,162,692,405,287,63,36,27,250,149,101,28,13,15,25,11,14,156,93,63,297,172,125
26001,C4920,19,327,District-Darjiling ,Rural,80-89,721,411,310,138,75,63,295,180,115,9,6,3,72,46,26,5,1,4,4,3,1,44,25,19,154,75,79
26002,C4920,19,327,District-Darjiling ,Rural,90+,161,75,86,34,16,18,46,30,16,2,1,1,14,4,10,4,3,1,1,0,1,14,4,10,46,17,29
26003,C4920,19,327,District-Darjiling ,Rural,Age Not Stated,33,19,14,5,3,2,8,4,4,2,1,1,2,0,2,3,3,0,1,0,1,8,5,3,4,3,1
26004,C4920,19,327,District-Darjiling ,Urban,Total,13702,7366,6336,2098,1201,897,3501,1758,1743,1008,529,479,1396,882,514,596,344,252,452,254,198,3454,1763,1691,1197,635,562
26005,C4920,19,327,District-Darjiling ,Urban,0-4,457,240,217,67,33,34,132,65,67,12,9,3,29,20,9,11,7,4,3,1,2,175,87,88,28,18,10
26006,C4920,19,327,District-Darjiling ,Urban,5-9,742,404,338,102,57,45,169,84,85,74,47,27,50,29,21,32,20,12,16,11,5,214,110,104,85,46,39
26007,C4920,19,327,District-Darjiling ,Urban,10-19,1926,1003,923,268,153,115,409,185,224,185,90,95,171,90,81,138,75,63,75,43,32,504,265,239,176,102,74
26008,C4920,19,327,District-Darjiling ,Urban,20-29,2311,1228,1083,337,189,148,561,274,287,148,72,76,196,125,71,117,67,50,89,55,34,725,371,354,138,75,63
26009,C4920,19,327,District-Darjiling ,Urban,30-39,2165,1171,994,325,192,133,515,259,256,150,81,69,209,138,71,115,63,52,82,50,32,632,319,313,137,69,68
26010,C4920,19,327,District-Darjiling ,Urban,40-49,2059,1168,891,283,182,101,529,285,244,199,108,91,206,147,59,89,61,28,79,43,36,475,243,232,199,99,100
26011,C4920,19,327,District-Darjiling ,Urban,50-59,1709,900,809,254,135,119,475,256,219,127,65,62,221,137,84,48,27,21,69,30,39,331,159,172,184,91,93
26012,C4920,19,327,District-Darjiling ,Urban,60-69,1189,633,556,221,120,101,332,165,167,66,31,35,170,107,63,26,11,15,26,16,10,233,122,111,115,61,54
26013,C4920,19,327,District-Darjiling ,Urban,70-79,744,420,324,149,93,56,246,123,123,26,16,10,101,64,37,17,11,6,6,2,4,115,62,53,84,49,35
26014,C4920,19,327,District-Darjiling ,Urban,80-89,280,142,138,64,31,33,99,50,49,11,5,6,35,22,13,2,1,1,6,3,3,28,12,16,35,18,17
26015,C4920,19,327,District-Darjiling ,Urban,90+,91,38,53,23,12,11,29,9,20,6,3,3,6,2,4,1,1,0,0,0,0,11,5,6,15,6,9
26016,C4920,19,327,District-Darjiling ,Urban,Age Not Stated,29,19,10,5,4,1,5,3,2,4,2,2,2,1,1,0,0,0,1,0,1,11,8,3,1,1,0
26017,C4920,19,328,District-Jalpaiguri ,Total,Total,82420,45972,36448,15679,8173,7506,13918,7535,6383,6700,3565,3135,13123,8143,4980,4731,2579,2152,3710,2064,1646,14826,8559,6267,9733,5354,4379
26018,C4920,19,328,District-Jalpaiguri ,Total,0-4,2732,1489,1243,602,303,299,399,209,190,96,53,43,345,205,140,109,59,50,21,13,8,788,429,359,372,218,154
26019,C4920,19,328,District-Jalpaiguri ,Total,5-9,4729,2606,2123,849,433,416,661,339,322,632,369,263,576,345,231,240,143,97,88,51,37,976,523,453,707,403,304
26020,C4920,19,328,District-Jalpaiguri ,Total,10-19,12916,7127,5789,2229,1186,1043,1787,942,845,1476,806,670,1776,1078,698,978,542,436,531,310,221,2373,1253,1120,1766,1010,756
26021,C4920,19,328,District-Jalpaiguri ,Total,20-29,12950,7485,5465,1973,1071,902,1845,1017,828,1153,596,557,2032,1285,747,944,555,389,685,425,260,2963,1759,1204,1355,777,578
26022,C4920,19,328,District-Jalpaiguri ,Total,30-39,11356,6380,4976,1779,974,805,1876,979,897,1118,550,568,1653,1046,607,864,473,391,696,393,303,2278,1371,907,1092,594,498
26023,C4920,19,328,District-Jalpaiguri ,Total,40-49,12903,7287,5616,2163,1149,1014,2456,1347,1109,1179,635,544,1969,1280,689,765,398,367,780,414,366,2247,1355,892,1344,709,635
26024,C4920,19,328,District-Jalpaiguri ,Total,50-59,9956,5715,4241,2068,1089,979,1948,1076,872,636,342,294,1863,1237,626,468,247,221,496,264,232,1557,931,626,920,529,391
26025,C4920,19,328,District-Jalpaiguri ,Total,60-69,7868,4288,3580,2124,1064,1060,1550,852,698,263,147,116,1622,981,641,249,108,141,257,121,136,956,563,393,847,452,395
26026,C4920,19,328,District-Jalpaiguri ,Total,70-79,4593,2392,2201,1252,603,649,948,534,414,107,48,59,876,465,411,85,39,46,102,51,51,438,243,195,785,409,376
26027,C4920,19,328,District-Jalpaiguri ,Total,80-89,1737,878,859,485,226,259,318,181,137,24,13,11,314,178,136,17,10,7,37,15,22,154,70,84,388,185,203
26028,C4920,19,328,District-Jalpaiguri ,Total,90+,601,275,326,145,73,72,112,49,63,12,5,7,93,41,52,9,3,6,14,5,9,66,37,29,150,62,88
26029,C4920,19,328,District-Jalpaiguri ,Total,Age Not Stated,79,50,29,10,2,8,18,10,8,4,1,3,4,2,2,3,2,1,3,2,1,30,25,5,7,6,1
26030,C4920,19,328,District-Jalpaiguri ,Rural,Total,61070,33765,27305,10866,5672,5194,10565,5618,4947,5115,2744,2371,9932,6103,3829,3431,1858,1573,2659,1440,1219,10650,6037,4613,7852,4293,3559
26031,C4920,19,328,District-Jalpaiguri ,Rural,0-4,2060,1121,939,432,213,219,291,152,139,78,41,37,280,167,113,89,46,43,15,10,5,581,319,262,294,173,121
26032,C4920,19,328,District-Jalpaiguri ,Rural,5-9,3595,1980,1615,628,318,310,505,261,244,482,287,195,450,268,182,181,109,72,65,36,29,727,387,340,557,314,243
26033,C4920,19,328,District-Jalpaiguri ,Rural,10-19,9815,5429,4386,1575,841,734,1380,733,647,1134,626,508,1406,843,563,725,409,316,390,223,167,1824,971,853,1381,783,598
26034,C4920,19,328,District-Jalpaiguri ,Rural,20-29,9142,5181,3961,1275,707,568,1222,613,609,848,446,402,1586,996,590,685,396,289,502,304,198,1958,1115,843,1066,604,462
26035,C4920,19,328,District-Jalpaiguri ,Rural,30-39,8010,4377,3633,1118,612,506,1353,686,667,862,418,444,1188,742,446,610,328,282,485,262,223,1506,858,648,888,471,417
26036,C4920,19,328,District-Jalpaiguri ,Rural,40-49,9697,5413,4284,1461,780,681,1927,1034,893,927,501,426,1463,944,519,565,288,277,577,299,278,1654,988,666,1123,579,544
26037,C4920,19,328,District-Jalpaiguri ,Rural,50-59,7514,4273,3241,1432,747,685,1573,858,715,497,272,225,1379,900,479,328,172,156,352,179,173,1189,705,484,764,440,324
26038,C4920,19,328,District-Jalpaiguri ,Rural,60-69,5954,3255,2699,1547,776,771,1245,691,554,192,108,84,1219,727,492,167,74,93,175,80,95,724,434,290,685,365,320
26039,C4920,19,328,District-Jalpaiguri ,Rural,70-79,3456,1823,1633,913,445,468,725,407,318,67,32,35,648,346,302,62,26,36,67,34,33,325,183,142,649,350,299
26040,C4920,19,328,District-Jalpaiguri ,Rural,80-89,1326,680,646,365,173,192,239,138,101,18,10,8,237,134,103,11,7,4,21,8,13,110,52,58,325,158,167
26041,C4920,19,328,District-Jalpaiguri ,Rural,90+,459,215,244,112,58,54,92,39,53,8,3,5,73,35,38,7,3,4,7,3,4,43,20,23,117,54,63
26042,C4920,19,328,District-Jalpaiguri ,Rural,Age Not Stated,42,18,24,8,2,6,13,6,7,2,0,2,3,1,2,1,0,1,3,2,1,9,5,4,3,2,1
26043,C4920,19,328,District-Jalpaiguri ,Urban,Total,21350,12207,9143,4813,2501,2312,3353,1917,1436,1585,821,764,3191,2040,1151,1300,721,579,1051,624,427,4176,2522,1654,1881,1061,820
26044,C4920,19,328,District-Jalpaiguri ,Urban,0-4,672,368,304,170,90,80,108,57,51,18,12,6,65,38,27,20,13,7,6,3,3,207,110,97,78,45,33
26045,C4920,19,328,District-Jalpaiguri ,Urban,5-9,1134,626,508,221,115,106,156,78,78,150,82,68,126,77,49,59,34,25,23,15,8,249,136,113,150,89,61
26046,C4920,19,328,District-Jalpaiguri ,Urban,10-19,3101,1698,1403,654,345,309,407,209,198,342,180,162,370,235,135,253,133,120,141,87,54,549,282,267,385,227,158
26047,C4920,19,328,District-Jalpaiguri ,Urban,20-29,3808,2304,1504,698,364,334,623,404,219,305,150,155,446,289,157,259,159,100,183,121,62,1005,644,361,289,173,116
26048,C4920,19,328,District-Jalpaiguri ,Urban,30-39,3346,2003,1343,661,362,299,523,293,230,256,132,124,465,304,161,254,145,109,211,131,80,772,513,259,204,123,81
26049,C4920,19,328,District-Jalpaiguri ,Urban,40-49,3206,1874,1332,702,369,333,529,313,216,252,134,118,506,336,170,200,110,90,203,115,88,593,367,226,221,130,91
26050,C4920,19,328,District-Jalpaiguri ,Urban,50-59,2442,1442,1000,636,342,294,375,218,157,139,70,69,484,337,147,140,75,65,144,85,59,368,226,142,156,89,67
26051,C4920,19,328,District-Jalpaiguri ,Urban,60-69,1914,1033,881,577,288,289,305,161,144,71,39,32,403,254,149,82,34,48,82,41,41,232,129,103,162,87,75
26052,C4920,19,328,District-Jalpaiguri ,Urban,70-79,1137,569,568,339,158,181,223,127,96,40,16,24,228,119,109,23,13,10,35,17,18,113,60,53,136,59,77
26053,C4920,19,328,District-Jalpaiguri ,Urban,80-89,411,198,213,120,53,67,79,43,36,6,3,3,77,44,33,6,3,3,16,7,9,44,18,26,63,27,36
26054,C4920,19,328,District-Jalpaiguri ,Urban,90+,142,60,82,33,15,18,20,10,10,4,2,2,20,6,14,2,0,2,7,2,5,23,17,6,33,8,25
26055,C4920,19,328,District-Jalpaiguri ,Urban,Age Not Stated,37,32,5,2,0,2,5,4,1,2,1,1,1,1,0,2,2,0,0,0,0,21,20,1,4,4,0
26056,C4920,19,329,District-Koch Bihar ,Total,Total,56831,31852,24979,11243,6006,5237,10336,5271,5065,3978,2158,1820,8414,5390,3024,3048,1781,1267,2137,1239,898,11956,6806,5150,5719,3201,2518
26057,C4920,19,329,District-Koch Bihar ,Total,0-4,2322,1223,1099,510,251,259,502,266,236,67,34,33,273,148,125,82,37,45,6,3,3,679,373,306,203,111,92
26058,C4920,19,329,District-Koch Bihar ,Total,5-9,3690,2027,1663,620,344,276,681,324,357,433,247,186,397,235,162,155,103,52,66,39,27,860,455,405,478,280,198
26059,C4920,19,329,District-Koch Bihar ,Total,10-19,9739,5395,4344,1750,939,811,1691,864,827,920,517,403,1208,756,452,608,347,261,332,211,121,2068,1079,989,1162,682,480
26060,C4920,19,329,District-Koch Bihar ,Total,20-29,9212,5406,3806,1543,861,682,1565,816,749,674,383,291,1366,898,468,600,378,222,426,281,145,2222,1291,931,816,498,318
26061,C4920,19,329,District-Koch Bihar ,Total,30-39,7810,4357,3453,1351,753,598,1354,667,687,620,318,302,1071,687,384,539,328,211,423,249,174,1792,1012,780,660,343,317
26062,C4920,19,329,District-Koch Bihar ,Total,40-49,8501,4817,3684,1623,897,726,1561,799,762,618,312,306,1229,847,382,548,318,230,417,224,193,1784,1043,741,721,377,344
26063,C4920,19,329,District-Koch Bihar ,Total,50-59,6362,3831,2531,1393,764,629,1150,635,515,350,201,149,1148,811,337,298,167,131,257,141,116,1279,821,458,487,291,196
26064,C4920,19,329,District-Koch Bihar ,Total,60-69,4862,2629,2233,1199,619,580,933,460,473,192,109,83,961,589,372,157,70,87,132,54,78,772,446,326,516,282,234
26065,C4920,19,329,District-Koch Bihar ,Total,70-79,2664,1321,1343,783,351,432,568,269,299,74,27,47,477,267,210,38,17,21,52,25,27,319,193,126,353,172,181
26066,C4920,19,329,District-Koch Bihar ,Total,80-89,1171,603,568,328,156,172,238,129,109,17,4,13,213,115,98,18,13,5,21,9,12,108,55,53,228,122,106
26067,C4920,19,329,District-Koch Bihar ,Total,90+,429,210,219,120,62,58,81,36,45,9,4,5,67,34,33,3,3,0,3,1,2,54,29,25,92,41,51
26068,C4920,19,329,District-Koch Bihar ,Total,Age Not Stated,69,33,36,23,9,14,12,6,6,4,2,2,4,3,1,2,0,2,2,2,0,19,9,10,3,2,1
26069,C4920,19,329,District-Koch Bihar ,Rural,Total,51564,28865,22699,10159,5419,4740,9514,4846,4668,3506,1899,1607,7612,4870,2742,2729,1601,1128,1861,1075,786,10907,6203,4704,5276,2952,2324
26070,C4920,19,329,District-Koch Bihar ,Rural,0-4,2133,1126,1007,450,218,232,471,251,220,64,32,32,251,136,115,79,36,43,4,2,2,624,346,278,190,105,85
26071,C4920,19,329,District-Koch Bihar ,Rural,5-9,3426,1883,1543,573,317,256,644,306,338,407,236,171,371,219,152,143,96,47,58,32,26,795,420,375,435,257,178
26072,C4920,19,329,District-Koch Bihar ,Rural,10-19,8999,4982,4017,1594,857,737,1583,814,769,840,467,373,1124,703,421,558,315,243,302,191,111,1923,1004,919,1075,631,444
26073,C4920,19,329,District-Koch Bihar ,Rural,20-29,8291,4882,3409,1400,784,616,1416,737,679,577,330,247,1251,823,428,528,343,185,375,251,124,2004,1161,843,740,453,287
26074,C4920,19,329,District-Koch Bihar ,Rural,30-39,6988,3859,3129,1197,659,538,1221,583,638,543,276,267,957,613,344,481,293,188,363,207,156,1627,917,710,599,311,288
26075,C4920,19,329,District-Koch Bihar ,Rural,40-49,7664,4353,3311,1471,822,649,1434,740,694,527,267,260,1087,748,339,480,276,204,368,198,170,1635,958,677,662,344,318
26076,C4920,19,329,District-Koch Bihar ,Rural,50-59,5715,3444,2271,1247,686,561,1053,586,467,300,172,128,1024,724,300,267,152,115,224,120,104,1145,733,412,455,271,184
26077,C4920,19,329,District-Koch Bihar ,Rural,60-69,4414,2372,2042,1082,552,530,864,426,438,163,90,73,859,522,337,139,60,79,109,46,63,710,409,301,488,267,221
26078,C4920,19,329,District-Koch Bihar ,Rural,70-79,2444,1204,1240,729,325,404,522,243,279,60,20,40,440,247,193,34,15,19,41,20,21,284,172,112,334,162,172
26079,C4920,19,329,District-Koch Bihar ,Rural,80-89,1041,543,498,294,141,153,220,120,100,13,4,9,184,100,84,16,12,4,12,5,7,95,51,44,207,110,97
26080,C4920,19,329,District-Koch Bihar ,Rural,90+,392,190,202,106,53,53,76,35,41,8,3,5,61,32,29,3,3,0,3,1,2,46,23,23,89,40,49
26081,C4920,19,329,District-Koch Bihar ,Rural,Age Not Stated,57,27,30,16,5,11,10,5,5,4,2,2,3,3,0,1,0,1,2,2,0,19,9,10,2,1,1
26082,C4920,19,329,District-Koch Bihar ,Urban,Total,5267,2987,2280,1084,587,497,822,425,397,472,259,213,802,520,282,319,180,139,276,164,112,1049,603,446,443,249,194
26083,C4920,19,329,District-Koch Bihar ,Urban,0-4,189,97,92,60,33,27,31,15,16,3,2,1,22,12,10,3,1,2,2,1,1,55,27,28,13,6,7
26084,C4920,19,329,District-Koch Bihar ,Urban,5-9,264,144,120,47,27,20,37,18,19,26,11,15,26,16,10,12,7,5,8,7,1,65,35,30,43,23,20
26085,C4920,19,329,District-Koch Bihar ,Urban,10-19,740,413,327,156,82,74,108,50,58,80,50,30,84,53,31,50,32,18,30,20,10,145,75,70,87,51,36
26086,C4920,19,329,District-Koch Bihar ,Urban,20-29,921,524,397,143,77,66,149,79,70,97,53,44,115,75,40,72,35,37,51,30,21,218,130,88,76,45,31
26087,C4920,19,329,District-Koch Bihar ,Urban,30-39,822,498,324,154,94,60,133,84,49,77,42,35,114,74,40,58,35,23,60,42,18,165,95,70,61,32,29
26088,C4920,19,329,District-Koch Bihar ,Urban,40-49,837,464,373,152,75,77,127,59,68,91,45,46,142,99,43,68,42,26,49,26,23,149,85,64,59,33,26
26089,C4920,19,329,District-Koch Bihar ,Urban,50-59,647,387,260,146,78,68,97,49,48,50,29,21,124,87,37,31,15,16,33,21,12,134,88,46,32,20,12
26090,C4920,19,329,District-Koch Bihar ,Urban,60-69,448,257,191,117,67,50,69,34,35,29,19,10,102,67,35,18,10,8,23,8,15,62,37,25,28,15,13
26091,C4920,19,329,District-Koch Bihar ,Urban,70-79,220,117,103,54,26,28,46,26,20,14,7,7,37,20,17,4,2,2,11,5,6,35,21,14,19,10,9
26092,C4920,19,329,District-Koch Bihar ,Urban,80-89,130,60,70,34,15,19,18,9,9,4,0,4,29,15,14,2,1,1,9,4,5,13,4,9,21,12,9
26093,C4920,19,329,District-Koch Bihar ,Urban,90+,37,20,17,14,9,5,5,1,4,1,1,0,6,2,4,0,0,0,0,0,0,8,6,2,3,1,2
26094,C4920,19,329,District-Koch Bihar ,Urban,Age Not Stated,12,6,6,7,4,3,2,1,1,0,0,0,1,0,1,1,0,1,0,0,0,0,0,0,1,1,0
26095,C4920,19,330,District-Uttar Dinajpur,Total,Total,51237,29058,22179,10745,5785,4960,7147,3881,3266,3877,2219,1658,8231,5199,3032,3457,1929,1528,1759,1011,748,10780,6078,4702,5241,2956,2285
26096,C4920,19,330,District-Uttar Dinajpur,Total,0-4,2860,1495,1365,650,332,318,430,225,205,79,44,35,357,205,152,144,65,79,26,14,12,845,441,404,329,169,160
26097,C4920,19,330,District-Uttar Dinajpur,Total,5-9,5286,2928,2358,964,503,461,676,346,330,632,360,272,653,415,238,318,183,135,89,52,37,1234,652,582,720,417,303
26098,C4920,19,330,District-Uttar Dinajpur,Total,10-19,11232,6226,5006,1928,1016,912,1402,724,678,1112,642,470,1746,986,760,929,510,419,290,176,114,2504,1366,1138,1321,806,515
26099,C4920,19,330,District-Uttar Dinajpur,Total,20-29,7538,4409,3129,1316,756,560,1026,584,442,655,383,272,1246,793,453,635,363,272,329,188,141,1669,965,704,662,377,285
26100,C4920,19,330,District-Uttar Dinajpur,Total,30-39,6251,3677,2574,1241,700,541,797,450,347,478,261,217,937,619,318,533,308,225,323,193,130,1475,868,607,467,278,189
26101,C4920,19,330,District-Uttar Dinajpur,Total,40-49,6192,3663,2529,1379,772,607,899,497,402,437,260,177,1044,721,323,416,237,179,309,176,133,1334,783,551,374,217,157
26102,C4920,19,330,District-Uttar Dinajpur,Total,50-59,4681,2787,1894,1219,672,547,704,411,293,265,144,121,870,619,251,252,141,111,179,95,84,872,524,348,320,181,139
26103,C4920,19,330,District-Uttar Dinajpur,Total,60-69,4177,2295,1882,1137,576,561,706,376,330,153,92,61,824,524,300,145,80,65,140,82,58,548,302,246,524,263,261
26104,C4920,19,330,District-Uttar Dinajpur,Total,70-79,2017,1064,953,632,318,314,353,181,172,40,19,21,373,216,157,62,31,31,55,24,31,197,118,79,305,157,148
26105,C4920,19,330,District-Uttar Dinajpur,Total,80-89,698,350,348,180,85,95,113,63,50,18,9,9,144,78,66,14,7,7,14,7,7,68,42,26,147,59,88
26106,C4920,19,330,District-Uttar Dinajpur,Total,90+,280,149,131,86,48,38,39,22,17,8,5,3,36,22,14,9,4,5,5,4,1,27,13,14,70,31,39
26107,C4920,19,330,District-Uttar Dinajpur,Total,Age Not Stated,25,15,10,13,7,6,2,2,0,0,0,0,1,1,0,0,0,0,0,0,0,7,4,3,2,1,1
26108,C4920,19,330,District-Uttar Dinajpur,Rural,Total,45692,25909,19783,9351,5045,4306,6377,3445,2932,3445,1970,1475,7386,4674,2712,3080,1709,1371,1505,854,651,9849,5555,4294,4699,2657,2042
26109,C4920,19,330,District-Uttar Dinajpur,Rural,0-4,2648,1390,1258,596,302,294,394,209,185,75,41,34,323,188,135,132,57,75,24,14,10,792,414,378,312,165,147
26110,C4920,19,330,District-Uttar Dinajpur,Rural,5-9,4895,2715,2180,870,455,415,618,315,303,590,331,259,608,388,220,287,165,122,83,48,35,1176,630,546,663,383,280
26111,C4920,19,330,District-Uttar Dinajpur,Rural,10-19,10331,5726,4605,1711,901,810,1300,674,626,1014,575,439,1631,918,713,836,467,369,266,161,105,2344,1278,1066,1229,752,477
26112,C4920,19,330,District-Uttar Dinajpur,Rural,20-29,6570,3857,2713,1120,655,465,897,507,390,568,340,228,1116,719,397,552,308,244,277,158,119,1462,849,613,578,321,257
26113,C4920,19,330,District-Uttar Dinajpur,Rural,30-39,5436,3199,2237,1040,588,452,699,395,304,409,227,182,818,542,276,476,273,203,266,154,112,1316,774,542,412,246,166
26114,C4920,19,330,District-Uttar Dinajpur,Rural,40-49,5408,3199,2209,1177,667,510,800,435,365,382,232,150,913,632,281,364,202,162,251,136,115,1195,699,496,326,196,130
26115,C4920,19,330,District-Uttar Dinajpur,Rural,50-59,4086,2430,1656,1037,571,466,605,358,247,230,122,108,765,543,222,230,129,101,156,82,74,796,475,321,267,150,117
26116,C4920,19,330,District-Uttar Dinajpur,Rural,60-69,3689,2026,1663,996,508,488,624,328,296,122,76,46,734,464,270,131,70,61,121,71,50,497,278,219,464,231,233
26117,C4920,19,330,District-Uttar Dinajpur,Rural,70-79,1758,913,845,559,275,284,302,148,154,33,14,19,320,188,132,55,29,26,45,21,24,181,104,77,263,134,129
26118,C4920,19,330,District-Uttar Dinajpur,Rural,80-89,602,304,298,156,73,83,97,52,45,15,8,7,124,71,53,10,5,5,11,5,6,62,39,23,127,51,76
26119,C4920,19,330,District-Uttar Dinajpur,Rural,90+,245,135,110,77,43,34,39,22,17,7,4,3,33,20,13,7,4,3,5,4,1,21,11,10,56,27,29
26120,C4920,19,330,District-Uttar Dinajpur,Rural,Age Not Stated,24,15,9,12,7,5,2,2,0,0,0,0,1,1,0,0,0,0,0,0,0,7,4,3,2,1,1
26121,C4920,19,330,District-Uttar Dinajpur,Urban,Total,5545,3149,2396,1394,740,654,770,436,334,432,249,183,845,525,320,377,220,157,254,157,97,931,523,408,542,299,243
26122,C4920,19,330,District-Uttar Dinajpur,Urban,0-4,212,105,107,54,30,24,36,16,20,4,3,1,34,17,17,12,8,4,2,0,2,53,27,26,17,4,13
26123,C4920,19,330,District-Uttar Dinajpur,Urban,5-9,391,213,178,94,48,46,58,31,27,42,29,13,45,27,18,31,18,13,6,4,2,58,22,36,57,34,23
26124,C4920,19,330,District-Uttar Dinajpur,Urban,10-19,901,500,401,217,115,102,102,50,52,98,67,31,115,68,47,93,43,50,24,15,9,160,88,72,92,54,38
26125,C4920,19,330,District-Uttar Dinajpur,Urban,20-29,968,552,416,196,101,95,129,77,52,87,43,44,130,74,56,83,55,28,52,30,22,207,116,91,84,56,28
26126,C4920,19,330,District-Uttar Dinajpur,Urban,30-39,815,478,337,201,112,89,98,55,43,69,34,35,119,77,42,57,35,22,57,39,18,159,94,65,55,32,23
26127,C4920,19,330,District-Uttar Dinajpur,Urban,40-49,784,464,320,202,105,97,99,62,37,55,28,27,131,89,42,52,35,17,58,40,18,139,84,55,48,21,27
26128,C4920,19,330,District-Uttar Dinajpur,Urban,50-59,595,357,238,182,101,81,99,53,46,35,22,13,105,76,29,22,12,10,23,13,10,76,49,27,53,31,22
26129,C4920,19,330,District-Uttar Dinajpur,Urban,60-69,488,269,219,141,68,73,82,48,34,31,16,15,90,60,30,14,10,4,19,11,8,51,24,27,60,32,28
26130,C4920,19,330,District-Uttar Dinajpur,Urban,70-79,259,151,108,73,43,30,51,33,18,7,5,2,53,28,25,7,2,5,10,3,7,16,14,2,42,23,19
26131,C4920,19,330,District-Uttar Dinajpur,Urban,80-89,96,46,50,24,12,12,16,11,5,3,1,2,20,7,13,4,2,2,3,2,1,6,3,3,20,8,12
26132,C4920,19,330,District-Uttar Dinajpur,Urban,90+,35,14,21,9,5,4,0,0,0,1,1,0,3,2,1,2,0,2,0,0,0,6,2,4,14,4,10
26133,C4920,19,330,District-Uttar Dinajpur,Urban,Age Not Stated,1,0,1,1,0,1,0,0,0,0,0,0,0,0,0,0,0,0,0,0,0,0,0,0,0,0,0
26134,C4920,19,331,District-Dakshin Dinajpur,Total,Total,35713,19631,16082,7727,4070,3657,5034,2575,2459,2177,1236,941,6028,3625,2403,2694,1483,1211,1038,607,431,7174,3997,3177,3841,2038,1803
26135,C4920,19,331,District-Dakshin Dinajpur,Total,0-4,1357,696,661,327,156,171,208,103,105,40,20,20,146,82,64,80,47,33,9,5,4,418,216,202,129,67,62
26136,C4920,19,331,District-Dakshin Dinajpur,Total,5-9,2394,1342,1052,421,229,192,312,171,141,280,175,105,249,149,100,172,93,79,31,18,13,581,312,269,348,195,153
26137,C4920,19,331,District-Dakshin Dinajpur,Total,10-19,6361,3492,2869,1102,605,497,815,400,415,587,305,282,810,485,325,595,297,298,190,112,78,1437,828,609,825,460,365
26138,C4920,19,331,District-Dakshin Dinajpur,Total,20-29,5429,3044,2385,881,504,377,678,347,331,417,237,180,895,535,360,548,319,229,177,111,66,1327,708,619,506,283,223
26139,C4920,19,331,District-Dakshin Dinajpur,Total,30-39,4596,2607,1989,907,504,403,711,368,343,270,140,130,733,487,246,441,240,201,203,120,83,992,558,434,339,190,149
26140,C4920,19,331,District-Dakshin Dinajpur,Total,40-49,4687,2756,1931,1065,587,478,667,344,323,291,186,105,822,539,283,411,236,175,178,106,72,978,595,383,275,163,112
26141,C4920,19,331,District-Dakshin Dinajpur,Total,50-59,3872,2205,1667,1081,555,526,597,324,273,144,88,56,758,496,262,220,135,85,118,65,53,662,385,277,292,157,135
26142,C4920,19,331,District-Dakshin Dinajpur,Total,60-69,3825,1983,1842,1114,544,570,571,285,286,98,57,41,863,504,359,159,84,75,83,48,35,489,255,234,448,206,242
26143,C4920,19,331,District-Dakshin Dinajpur,Total,70-79,2137,1031,1106,579,266,313,314,170,144,35,19,16,522,247,275,52,24,28,32,17,15,207,95,112,396,193,203
26144,C4920,19,331,District-Dakshin Dinajpur,Total,80-89,720,334,386,169,81,88,102,41,61,6,3,3,171,80,91,13,6,7,9,4,5,52,28,24,198,91,107
26145,C4920,19,331,District-Dakshin Dinajpur,Total,90+,294,119,175,67,31,36,53,18,35,7,5,2,54,18,36,1,1,0,8,1,7,22,14,8,82,31,51
26146,C4920,19,331,District-Dakshin Dinajpur,Total,Age Not Stated,41,22,19,14,8,6,6,4,2,2,1,1,5,3,2,2,1,1,0,0,0,9,3,6,3,2,1
26147,C4920,19,331,District-Dakshin Dinajpur,Rural,Total,30911,16898,14013,6678,3516,3162,4343,2226,2117,1854,1034,820,5315,3174,2141,2135,1156,979,863,504,359,6322,3500,2822,3401,1788,1613
26148,C4920,19,331,District-Dakshin Dinajpur,Rural,0-4,1218,629,589,283,138,145,184,94,90,38,19,19,130,76,54,68,40,28,9,5,4,388,195,193,118,62,56
26149,C4920,19,331,District-Dakshin Dinajpur,Rural,5-9,2135,1191,944,368,202,166,284,154,130,257,160,97,237,141,96,139,73,66,25,15,10,530,281,249,295,165,130
26150,C4920,19,331,District-Dakshin Dinajpur,Rural,10-19,5617,3082,2535,937,523,414,723,351,372,532,271,261,751,448,303,489,249,240,160,90,70,1307,756,551,718,394,324
26151,C4920,19,331,District-Dakshin Dinajpur,Rural,20-29,4590,2562,2028,714,411,303,586,299,287,351,198,153,782,465,317,451,258,193,156,98,58,1117,590,527,433,243,190
26152,C4920,19,331,District-Dakshin Dinajpur,Rural,30-39,3935,2217,1718,759,421,338,603,319,284,219,112,107,650,425,225,358,188,170,179,103,76,876,490,386,291,159,132
26153,C4920,19,331,District-Dakshin Dinajpur,Rural,40-49,3949,2308,1641,899,489,410,562,291,271,226,138,88,707,463,244,311,171,140,140,88,52,863,528,335,241,140,101
26154,C4920,19,331,District-Dakshin Dinajpur,Rural,50-59,3307,1866,1441,947,486,461,509,272,237,112,68,44,658,423,235,156,93,63,92,51,41,579,336,243,254,137,117
26155,C4920,19,331,District-Dakshin Dinajpur,Rural,60-69,3400,1734,1666,1030,501,529,497,245,252,79,47,32,767,439,328,120,63,57,70,38,32,414,208,206,423,193,230
26156,C4920,19,331,District-Dakshin Dinajpur,Rural,70-79,1882,913,969,537,243,294,266,148,118,27,14,13,443,214,229,31,15,16,26,16,10,179,81,98,373,182,191
26157,C4920,19,331,District-Dakshin Dinajpur,Rural,80-89,607,284,323,145,73,72,84,35,49,5,2,3,139,63,76,10,5,5,2,0,2,45,24,21,177,82,95
26158,C4920,19,331,District-Dakshin Dinajpur,Rural,90+,238,95,143,47,22,25,40,15,25,6,4,2,48,15,33,1,1,0,4,0,4,17,9,8,75,29,46
26159,C4920,19,331,District-Dakshin Dinajpur,Rural,Age Not Stated,33,17,16,12,7,5,5,3,2,2,1,1,3,2,1,1,0,1,0,0,0,7,2,5,3,2,1
26160,C4920,19,331,District-Dakshin Dinajpur,Urban,Total,4802,2733,2069,1049,554,495,691,349,342,323,202,121,713,451,262,559,327,232,175,103,72,852,497,355,440,250,190
26161,C4920,19,331,District-Dakshin Dinajpur,Urban,0-4,139,67,72,44,18,26,24,9,15,2,1,1,16,6,10,12,7,5,0,0,0,30,21,9,11,5,6
26162,C4920,19,331,District-Dakshin Dinajpur,Urban,5-9,259,151,108,53,27,26,28,17,11,23,15,8,12,8,4,33,20,13,6,3,3,51,31,20,53,30,23
26163,C4920,19,331,District-Dakshin Dinajpur,Urban,10-19,744,410,334,165,82,83,92,49,43,55,34,21,59,37,22,106,48,58,30,22,8,130,72,58,107,66,41
26164,C4920,19,331,District-Dakshin Dinajpur,Urban,20-29,839,482,357,167,93,74,92,48,44,66,39,27,113,70,43,97,61,36,21,13,8,210,118,92,73,40,33
26165,C4920,19,331,District-Dakshin Dinajpur,Urban,30-39,661,390,271,148,83,65,108,49,59,51,28,23,83,62,21,83,52,31,24,17,7,116,68,48,48,31,17
26166,C4920,19,331,District-Dakshin Dinajpur,Urban,40-49,738,448,290,166,98,68,105,53,52,65,48,17,115,76,39,100,65,35,38,18,20,115,67,48,34,23,11
26167,C4920,19,331,District-Dakshin Dinajpur,Urban,50-59,565,339,226,134,69,65,88,52,36,32,20,12,100,73,27,64,42,22,26,14,12,83,49,34,38,20,18
26168,C4920,19,331,District-Dakshin Dinajpur,Urban,60-69,425,249,176,84,43,41,74,40,34,19,10,9,96,65,31,39,21,18,13,10,3,75,47,28,25,13,12
26169,C4920,19,331,District-Dakshin Dinajpur,Urban,70-79,255,118,137,42,23,19,48,22,26,8,5,3,79,33,46,21,9,12,6,1,5,28,14,14,23,11,12
26170,C4920,19,331,District-Dakshin Dinajpur,Urban,80-89,113,50,63,24,8,16,18,6,12,1,1,0,32,17,15,3,1,2,7,4,3,7,4,3,21,9,12
26171,C4920,19,331,District-Dakshin Dinajpur,Urban,90+,56,24,32,20,9,11,13,3,10,1,1,0,6,3,3,0,0,0,4,1,3,5,5,0,7,2,5
26172,C4920,19,331,District-Dakshin Dinajpur,Urban,Age Not Stated,8,5,3,2,1,1,1,1,0,0,0,0,2,1,1,1,1,0,0,0,0,2,1,1,0,0,0
26173,C4920,19,332,District-Maldah ,Total,Total,84158,46773,37385,20005,10499,9506,13631,7263,6368,5678,3155,2523,12820,8095,4725,5820,3122,2698,2806,1531,1275,15528,8833,6695,7870,4275,3595
26174,C4920,19,332,District-Maldah ,Total,0-4,4536,2407,2129,1171,607,564,850,403,447,132,80,52,398,235,163,254,140,114,53,28,25,1289,683,606,389,231,158
26175,C4920,19,332,District-Maldah ,Total,5-9,7371,4060,3311,1499,784,715,1220,663,557,790,442,348,723,448,275,505,281,224,137,86,51,1749,921,828,748,435,313
26176,C4920,19,332,District-Maldah ,Total,10-19,17023,9342,7681,3418,1834,1584,2637,1355,1282,1615,895,720,2317,1385,932,1447,757,690,524,305,219,3271,1822,1449,1794,989,805
26177,C4920,19,332,District-Maldah ,Total,20-29,12938,7358,5580,2586,1409,1177,2161,1224,937,1020,559,461,1946,1268,678,1141,570,571,489,274,215,2570,1466,1104,1025,588,437
26178,C4920,19,332,District-Maldah ,Total,30-39,10537,6095,4442,2327,1283,1044,1798,984,814,770,421,349,1512,1037,475,902,493,409,496,261,235,2030,1208,822,702,408,294
26179,C4920,19,332,District-Maldah ,Total,40-49,10403,6230,4173,2664,1505,1159,1699,1007,692,621,357,264,1669,1141,528,740,433,307,399,218,181,1891,1167,724,720,402,318
26180,C4920,19,332,District-Maldah ,Total,50-59,8004,4599,3405,2294,1208,1086,1231,666,565,364,206,158,1453,994,459,413,226,187,327,171,156,1275,762,513,647,366,281
26181,C4920,19,332,District-Maldah ,Total,60-69,7390,3892,3498,2268,1078,1190,1142,553,589,241,135,106,1537,960,577,275,151,124,236,118,118,912,521,391,779,376,403
26182,C4920,19,332,District-Maldah ,Total,70-79,3958,1878,2080,1237,560,677,610,286,324,84,38,46,835,419,416,94,45,49,92,45,47,357,180,177,649,305,344
26183,C4920,19,332,District-Maldah ,Total,80-89,1444,654,790,407,173,234,211,93,118,28,17,11,325,159,166,33,17,16,34,15,19,113,52,61,293,128,165
26184,C4920,19,332,District-Maldah ,Total,90+,469,200,269,114,42,72,64,24,40,8,4,4,98,43,55,8,5,3,11,4,7,50,34,16,116,44,72
26185,C4920,19,332,District-Maldah ,Total,Age Not Stated,85,58,27,20,16,4,8,5,3,5,1,4,7,6,1,8,4,4,8,6,2,21,17,4,8,3,5
26186,C4920,19,332,District-Maldah ,Rural,Total,72380,40123,32257,16914,8908,8006,11431,5977,5454,4835,2691,2144,11288,7128,4160,5000,2660,2340,2391,1290,1101,13478,7666,5812,7043,3803,3240
26187,C4920,19,332,District-Maldah ,Rural,0-4,3853,2037,1816,924,474,450,711,336,375,115,71,44,350,196,154,206,112,94,45,25,20,1153,614,539,349,209,140
26188,C4920,19,332,District-Maldah ,Rural,5-9,6439,3547,2892,1293,686,607,1038,548,490,707,393,314,646,403,243,432,241,191,118,77,41,1538,810,728,667,389,278
26189,C4920,19,332,District-Maldah ,Rural,10-19,14911,8174,6737,2929,1573,1356,2257,1157,1100,1440,798,642,2077,1245,832,1285,668,617,447,254,193,2867,1601,1266,1609,878,731
26190,C4920,19,332,District-Maldah ,Rural,20-29,10937,6191,4746,2145,1176,969,1776,978,798,856,466,390,1704,1111,593,979,482,497,416,225,191,2159,1232,927,902,521,381
26191,C4920,19,332,District-Maldah ,Rural,30-39,8872,5137,3735,1903,1061,842,1448,774,674,639,355,284,1336,919,417,759,412,347,416,214,202,1744,1036,708,627,366,261
26192,C4920,19,332,District-Maldah ,Rural,40-49,8816,5277,3539,2196,1251,945,1397,820,577,501,292,209,1428,979,449,646,370,276,344,183,161,1655,1021,634,649,361,288
26193,C4920,19,332,District-Maldah ,Rural,50-59,6830,3916,2914,1945,1030,915,1028,543,485,285,153,132,1276,877,399,347,193,154,280,148,132,1106,658,448,563,314,249
26194,C4920,19,332,District-Maldah ,Rural,60-69,6484,3398,3086,1998,945,1053,993,472,521,194,114,80,1356,844,512,232,128,104,204,107,97,797,454,343,710,334,376
26195,C4920,19,332,District-Maldah ,Rural,70-79,3510,1659,1851,1108,509,599,537,246,291,68,30,38,741,373,368,78,36,42,82,41,41,309,153,156,587,271,316
26196,C4920,19,332,District-Maldah ,Rural,80-89,1279,581,698,363,157,206,187,82,105,23,15,8,287,142,145,28,13,15,26,10,16,95,46,49,270,116,154
26197,C4920,19,332,District-Maldah ,Rural,90+,402,172,230,97,33,64,56,19,37,6,4,2,85,38,47,7,5,2,10,4,6,38,28,10,103,41,62
26198,C4920,19,332,District-Maldah ,Rural,Age Not Stated,47,34,13,13,13,0,3,2,1,1,0,1,2,1,1,1,0,1,3,2,1,17,13,4,7,3,4
26199,C4920,19,332,District-Maldah ,Urban,Total,11778,6650,5128,3091,1591,1500,2200,1286,914,843,464,379,1532,967,565,820,462,358,415,241,174,2050,1167,883,827,472,355
26200,C4920,19,332,District-Maldah ,Urban,0-4,683,370,313,247,133,114,139,67,72,17,9,8,48,39,9,48,28,20,8,3,5,136,69,67,40,22,18
26201,C4920,19,332,District-Maldah ,Urban,5-9,932,513,419,206,98,108,182,115,67,83,49,34,77,45,32,73,40,33,19,9,10,211,111,100,81,46,35
26202,C4920,19,332,District-Maldah ,Urban,10-19,2112,1168,944,489,261,228,380,198,182,175,97,78,240,140,100,162,89,73,77,51,26,404,221,183,185,111,74
26203,C4920,19,332,District-Maldah ,Urban,20-29,2001,1167,834,441,233,208,385,246,139,164,93,71,242,157,85,162,88,74,73,49,24,411,234,177,123,67,56
26204,C4920,19,332,District-Maldah ,Urban,30-39,1665,958,707,424,222,202,350,210,140,131,66,65,176,118,58,143,81,62,80,47,33,286,172,114,75,42,33
26205,C4920,19,332,District-Maldah ,Urban,40-49,1587,953,634,468,254,214,302,187,115,120,65,55,241,162,79,94,63,31,55,35,20,236,146,90,71,41,30
26206,C4920,19,332,District-Maldah ,Urban,50-59,1174,683,491,349,178,171,203,123,80,79,53,26,177,117,60,66,33,33,47,23,24,169,104,65,84,52,32
26207,C4920,19,332,District-Maldah ,Urban,60-69,906,494,412,270,133,137,149,81,68,47,21,26,181,116,65,43,23,20,32,11,21,115,67,48,69,42,27
26208,C4920,19,332,District-Maldah ,Urban,70-79,448,219,229,129,51,78,73,40,33,16,8,8,94,46,48,16,9,7,10,4,6,48,27,21,62,34,28
26209,C4920,19,332,District-Maldah ,Urban,80-89,165,73,92,44,16,28,24,11,13,5,2,3,38,17,21,5,4,1,8,5,3,18,6,12,23,12,11
26210,C4920,19,332,District-Maldah ,Urban,90+,67,28,39,17,9,8,8,5,3,2,0,2,13,5,8,1,0,1,1,0,1,12,6,6,13,3,10
26211,C4920,19,332,District-Maldah ,Urban,Age Not Stated,38,24,14,7,3,4,5,3,2,4,1,3,5,5,0,7,4,3,5,4,1,4,4,0,1,0,1
26212,C4920,19,333,District-Murshidabad ,Total,Total,165505,92882,72623,32466,16968,15498,23833,12321,11512,11450,6290,5160,33203,21526,11677,12157,6632,5525,6379,3519,2860,27666,15905,11761,18351,9721,8630
26213,C4920,19,333,District-Murshidabad ,Total,0-4,7110,3792,3318,1228,623,605,1275,647,628,225,134,91,886,539,347,369,199,170,94,54,40,2381,1217,1164,652,379,273
26214,C4920,19,333,District-Murshidabad ,Total,5-9,12348,6905,5443,1772,954,818,1899,993,906,1536,875,661,1625,971,654,984,571,413,298,179,119,2722,1487,1235,1512,875,637
26215,C4920,19,333,District-Murshidabad ,Total,10-19,31414,17864,13550,4735,2597,2138,4674,2480,2194,3190,1759,1431,5233,3331,1902,3188,1720,1468,1104,602,502,5765,3291,2474,3525,2084,1441
26216,C4920,19,333,District-Murshidabad ,Total,20-29,24725,14428,10297,3574,2067,1507,3333,1756,1577,2193,1171,1022,4895,3271,1624,2520,1389,1131,1205,712,493,4709,2748,1961,2296,1314,982
26217,C4920,19,333,District-Murshidabad ,Total,30-39,19787,11568,8219,3504,1947,1557,2848,1499,1349,1542,811,731,3778,2712,1066,1876,990,886,1099,610,489,3589,2101,1488,1551,898,653
26218,C4920,19,333,District-Murshidabad ,Total,40-49,20271,12250,8021,4481,2480,2001,2893,1532,1361,1262,729,533,4362,3190,1172,1520,858,662,941,528,413,3320,2077,1243,1492,856,636
26219,C4920,19,333,District-Murshidabad ,Total,50-59,17174,10222,6952,4429,2309,2120,2376,1294,1082,715,414,301,4186,2947,1239,857,491,366,694,393,301,2429,1514,915,1488,860,628
26220,C4920,19,333,District-Murshidabad ,Total,60-69,17332,8984,8348,4830,2264,2566,2446,1153,1293,510,266,244,4440,2697,1743,560,288,272,548,265,283,1677,940,737,2321,1111,1210
26221,C4920,19,333,District-Murshidabad ,Total,70-79,10510,4862,5648,2860,1267,1593,1429,677,752,199,96,103,2614,1345,1269,190,78,112,289,140,149,763,388,375,2166,871,1295
26222,C4920,19,333,District-Murshidabad ,Total,80-89,3645,1548,2097,837,375,462,488,220,268,50,20,30,914,417,497,63,34,29,85,30,55,210,91,119,998,361,637
26223,C4920,19,333,District-Murshidabad ,Total,90+,1073,397,676,200,72,128,150,60,90,15,6,9,255,99,156,22,8,14,21,6,15,67,36,31,343,110,233
26224,C4920,19,333,District-Murshidabad ,Total,Age Not Stated,116,62,54,16,13,3,22,10,12,13,9,4,15,7,8,8,6,2,1,0,1,34,15,19,7,2,5
26225,C4920,19,333,District-Murshidabad ,Rural,Total,138019,77843,60176,26612,13909,12703,19744,10328,9416,9317,5156,4161,28346,18490,9856,9810,5312,4498,5342,2894,2448,23025,13362,9663,15823,8392,7431
26226,C4920,19,333,District-Murshidabad ,Rural,0-4,5870,3181,2689,976,503,473,989,515,474,186,113,73,748,453,295,294,159,135,88,50,38,2048,1071,977,541,317,224
26227,C4920,19,333,District-Murshidabad ,Rural,5-9,10244,5771,4473,1449,791,658,1555,820,735,1266,737,529,1395,841,554,822,482,340,263,158,105,2237,1215,1022,1257,727,530
26228,C4920,19,333,District-Murshidabad ,Rural,10-19,26242,15079,11163,3921,2170,1751,3767,2033,1734,2634,1461,1173,4422,2830,1592,2670,1450,1220,943,511,432,4835,2820,2015,3050,1804,1246
26229,C4920,19,333,District-Murshidabad ,Rural,20-29,20303,11911,8392,2855,1645,1210,2726,1462,1264,1794,958,836,4101,2765,1336,2029,1109,920,1000,574,426,3891,2306,1585,1907,1092,815
26230,C4920,19,333,District-Murshidabad ,Rural,30-39,16170,9501,6669,2808,1554,1254,2331,1249,1082,1211,632,579,3216,2336,880,1435,738,697,910,495,415,2971,1743,1228,1288,754,534
26231,C4920,19,333,District-Murshidabad ,Rural,40-49,16732,10157,6575,3611,1988,1623,2414,1304,1110,1020,589,431,3705,2744,961,1186,660,526,783,430,353,2713,1701,1012,1300,741,559
26232,C4920,19,333,District-Murshidabad ,Rural,50-59,14285,8529,5756,3603,1872,1731,1999,1102,897,559,325,234,3566,2530,1036,681,383,298,566,312,254,2015,1253,762,1296,752,544
26233,C4920,19,333,District-Murshidabad ,Rural,60-69,14916,7748,7168,4055,1900,2155,2139,1003,1136,418,228,190,3870,2345,1525,466,233,233,454,218,236,1429,814,615,2085,1007,1078
26234,C4920,19,333,District-Murshidabad ,Rural,70-79,9090,4219,4871,2439,1087,1352,1257,588,669,167,84,83,2273,1177,1096,155,64,91,245,117,128,634,322,312,1920,780,1140
26235,C4920,19,333,District-Murshidabad ,Rural,80-89,3149,1348,1801,716,326,390,418,188,230,37,15,22,812,375,437,51,26,25,71,24,47,166,71,95,878,323,555
26236,C4920,19,333,District-Murshidabad ,Rural,90+,916,344,572,164,60,104,128,54,74,12,5,7,223,87,136,17,6,11,18,5,13,58,33,25,296,94,202
26237,C4920,19,333,District-Murshidabad ,Rural,Age Not Stated,102,55,47,15,13,2,21,10,11,13,9,4,15,7,8,4,2,2,1,0,1,28,13,15,5,1,4
26238,C4920,19,333,District-Murshidabad ,Urban,Total,27486,15039,12447,5854,3059,2795,4089,1993,2096,2133,1134,999,4857,3036,1821,2347,1320,1027,1037,625,412,4641,2543,2098,2528,1329,1199
26239,C4920,19,333,District-Murshidabad ,Urban,0-4,1240,611,629,252,120,132,286,132,154,39,21,18,138,86,52,75,40,35,6,4,2,333,146,187,111,62,49
26240,C4920,19,333,District-Murshidabad ,Urban,5-9,2104,1134,970,323,163,160,344,173,171,270,138,132,230,130,100,162,89,73,35,21,14,485,272,213,255,148,107
26241,C4920,19,333,District-Murshidabad ,Urban,10-19,5172,2785,2387,814,427,387,907,447,460,556,298,258,811,501,310,518,270,248,161,91,70,930,471,459,475,280,195
26242,C4920,19,333,District-Murshidabad ,Urban,20-29,4422,2517,1905,719,422,297,607,294,313,399,213,186,794,506,288,491,280,211,205,138,67,818,442,376,389,222,167
26243,C4920,19,333,District-Murshidabad ,Urban,30-39,3617,2067,1550,696,393,303,517,250,267,331,179,152,562,376,186,441,252,189,189,115,74,618,358,260,263,144,119
26244,C4920,19,333,District-Murshidabad ,Urban,40-49,3539,2093,1446,870,492,378,479,228,251,242,140,102,657,446,211,334,198,136,158,98,60,607,376,231,192,115,77
26245,C4920,19,333,District-Murshidabad ,Urban,50-59,2889,1693,1196,826,437,389,377,192,185,156,89,67,620,417,203,176,108,68,128,81,47,414,261,153,192,108,84
26246,C4920,19,333,District-Murshidabad ,Urban,60-69,2416,1236,1180,775,364,411,307,150,157,92,38,54,570,352,218,94,55,39,94,47,47,248,126,122,236,104,132
26247,C4920,19,333,District-Murshidabad ,Urban,70-79,1420,643,777,421,180,241,172,89,83,32,12,20,341,168,173,35,14,21,44,23,21,129,66,63,246,91,155
26248,C4920,19,333,District-Murshidabad ,Urban,80-89,496,200,296,121,49,72,70,32,38,13,5,8,102,42,60,12,8,4,14,6,8,44,20,24,120,38,82
26249,C4920,19,333,District-Murshidabad ,Urban,90+,157,53,104,36,12,24,22,6,16,3,1,2,32,12,20,5,2,3,3,1,2,9,3,6,47,16,31
26250,C4920,19,333,District-Murshidabad ,Urban,Age Not Stated,14,7,7,1,0,1,1,0,1,0,0,0,0,0,0,4,4,0,0,0,0,6,2,4,2,1,1
26251,C4920,19,334,District-Birbhum,Total,Total,75061,43290,31771,12636,6716,5920,10111,5363,4748,4467,2444,2023,17383,11091,6292,5179,2953,2226,3081,1776,1305,13351,7980,5371,8853,4967,3886
26252,C4920,19,334,District-Birbhum,Total,0-4,2626,1412,1214,420,211,209,384,197,187,85,41,44,423,254,169,128,76,52,32,20,12,816,420,396,338,193,145
26253,C4920,19,334,District-Birbhum,Total,5-9,5143,2939,2204,636,345,291,642,350,292,686,387,299,704,425,279,376,220,156,148,94,54,1068,591,477,883,527,356
26254,C4920,19,334,District-Birbhum,Total,10-19,13354,7587,5767,1736,965,771,1702,967,735,1268,687,581,2417,1442,975,1282,706,576,519,295,224,2488,1407,1081,1942,1118,824
26255,C4920,19,334,District-Birbhum,Total,20-29,11214,6724,4490,1411,816,595,1309,713,596,831,467,364,2507,1651,856,1032,591,441,498,308,190,2359,1445,914,1267,733,534
26256,C4920,19,334,District-Birbhum,Total,30-39,10192,6176,4016,1428,850,578,1391,743,648,582,305,277,2274,1569,705,896,520,376,607,346,261,2048,1278,770,966,565,401
26257,C4920,19,334,District-Birbhum,Total,40-49,10173,6289,3884,1803,984,819,1423,772,651,425,240,185,2560,1814,746,721,415,306,507,312,195,1932,1255,677,802,497,305
26258,C4920,19,334,District-Birbhum,Total,50-59,8327,5083,3244,1734,939,795,1136,624,512,298,164,134,2448,1688,760,419,242,177,368,203,165,1264,821,443,660,402,258
26259,C4920,19,334,District-Birbhum,Total,60-69,8440,4508,3932,2113,1033,1080,1232,587,645,203,105,98,2505,1492,1013,229,137,92,265,138,127,911,521,390,982,495,487
26260,C4920,19,334,District-Birbhum,Total,70-79,4107,1950,2157,1034,445,589,626,299,327,64,34,30,1190,610,580,73,39,34,101,44,57,353,180,173,666,299,367
26261,C4920,19,334,District-Birbhum,Total,80-89,1159,489,670,259,102,157,202,93,109,18,9,9,296,119,177,18,5,13,31,14,17,66,38,28,269,109,160
26262,C4920,19,334,District-Birbhum,Total,90+,275,108,167,57,24,33,53,15,38,3,2,1,52,21,31,4,2,2,5,2,3,26,14,12,75,28,47
26263,C4920,19,334,District-Birbhum,Total,Age Not Stated,51,25,26,5,2,3,11,3,8,4,3,1,7,6,1,1,0,1,0,0,0,20,10,10,3,1,2
26264,C4920,19,334,District-Birbhum,Rural,Total,66673,38484,28189,11373,6030,5343,8725,4679,4046,3963,2186,1777,15502,9875,5627,4612,2618,1994,2710,1560,1150,11697,7013,4684,8091,4523,3568
26265,C4920,19,334,District-Birbhum,Rural,0-4,2325,1253,1072,378,194,184,311,158,153,81,40,41,371,223,148,114,67,47,29,19,10,740,380,360,301,172,129
26266,C4920,19,334,District-Birbhum,Rural,5-9,4688,2694,1994,584,320,264,559,308,251,641,365,276,642,388,254,348,206,142,131,87,44,970,538,432,813,482,331
26267,C4920,19,334,District-Birbhum,Rural,10-19,11933,6822,5111,1555,855,700,1471,851,620,1148,625,523,2175,1308,867,1166,652,514,465,263,202,2207,1263,944,1746,1005,741
26268,C4920,19,334,District-Birbhum,Rural,20-29,9790,5888,3902,1228,705,523,1107,621,486,723,405,318,2251,1481,770,910,513,397,443,268,175,1986,1230,756,1142,665,477
26269,C4920,19,334,District-Birbhum,Rural,30-39,8915,5423,3492,1267,755,512,1187,638,549,512,275,237,1975,1369,606,799,458,341,519,294,225,1798,1131,667,858,503,355
26270,C4920,19,334,District-Birbhum,Rural,40-49,8973,5573,3400,1621,893,728,1226,675,551,364,209,155,2267,1609,658,625,357,268,447,278,169,1699,1102,597,724,450,274
26271,C4920,19,334,District-Birbhum,Rural,50-59,7339,4486,2853,1556,847,709,972,540,432,254,140,114,2161,1488,673,367,208,159,317,174,143,1100,719,381,612,370,242
26272,C4920,19,334,District-Birbhum,Rural,60-69,7641,4035,3606,1945,938,1007,1098,529,569,167,87,80,2263,1336,927,201,119,82,239,125,114,796,440,356,932,461,471
26273,C4920,19,334,District-Birbhum,Rural,70-79,3746,1751,1995,957,408,549,567,269,298,52,28,24,1079,541,538,64,31,33,87,37,50,305,154,151,635,283,352
26274,C4920,19,334,District-Birbhum,Rural,80-89,1036,442,594,230,92,138,173,75,98,14,7,7,268,111,157,14,5,9,28,13,15,56,34,22,253,105,148
26275,C4920,19,334,District-Birbhum,Rural,90+,241,95,146,47,21,26,45,13,32,3,2,1,45,17,28,3,2,1,5,2,3,21,12,9,72,26,46
26276,C4920,19,334,District-Birbhum,Rural,Age Not Stated,46,22,24,5,2,3,9,2,7,4,3,1,5,4,1,1,0,1,0,0,0,19,10,9,3,1,2
26277,C4920,19,334,District-Birbhum,Urban,Total,8388,4806,3582,1263,686,577,1386,684,702,504,258,246,1881,1216,665,567,335,232,371,216,155,1654,967,687,762,444,318
26278,C4920,19,334,District-Birbhum,Urban,0-4,301,159,142,42,17,25,73,39,34,4,1,3,52,31,21,14,9,5,3,1,2,76,40,36,37,21,16
26279,C4920,19,334,District-Birbhum,Urban,5-9,455,245,210,52,25,27,83,42,41,45,22,23,62,37,25,28,14,14,17,7,10,98,53,45,70,45,25
26280,C4920,19,334,District-Birbhum,Urban,10-19,1421,765,656,181,110,71,231,116,115,120,62,58,242,134,108,116,54,62,54,32,22,281,144,137,196,113,83
26281,C4920,19,334,District-Birbhum,Urban,20-29,1424,836,588,183,111,72,202,92,110,108,62,46,256,170,86,122,78,44,55,40,15,373,215,158,125,68,57
26282,C4920,19,334,District-Birbhum,Urban,30-39,1277,753,524,161,95,66,204,105,99,70,30,40,299,200,99,97,62,35,88,52,36,250,147,103,108,62,46
26283,C4920,19,334,District-Birbhum,Urban,40-49,1200,716,484,182,91,91,197,97,100,61,31,30,293,205,88,96,58,38,60,34,26,233,153,80,78,47,31
26284,C4920,19,334,District-Birbhum,Urban,50-59,988,597,391,178,92,86,164,84,80,44,24,20,287,200,87,52,34,18,51,29,22,164,102,62,48,32,16
26285,C4920,19,334,District-Birbhum,Urban,60-69,799,473,326,168,95,73,134,58,76,36,18,18,242,156,86,28,18,10,26,13,13,115,81,34,50,34,16
26286,C4920,19,334,District-Birbhum,Urban,70-79,361,199,162,77,37,40,59,30,29,12,6,6,111,69,42,9,8,1,14,7,7,48,26,22,31,16,15
26287,C4920,19,334,District-Birbhum,Urban,80-89,123,47,76,29,10,19,29,18,11,4,2,2,28,8,20,4,0,4,3,1,2,10,4,6,16,4,12
26288,C4920,19,334,District-Birbhum,Urban,90+,34,13,21,10,3,7,8,2,6,0,0,0,7,4,3,1,0,1,0,0,0,5,2,3,3,2,1
26289,C4920,19,334,District-Birbhum,Urban,Age Not Stated,5,3,2,0,0,0,2,1,1,0,0,0,2,2,0,0,0,0,0,0,0,1,0,1,0,0,0
26290,C4920,19,335,District-Barddhaman ,Total,Total,152930,85881,67049,28969,15366,13603,24421,12542,11879,11942,6476,5466,25239,16166,9073,10925,6178,4747,5723,3345,2378,32112,18357,13755,13599,7451,6148
26291,C4920,19,335,District-Barddhaman ,Total,0-4,6269,3333,2936,1247,685,562,1176,602,574,207,113,94,545,304,241,329,178,151,52,28,24,2177,1118,1059,536,305,231
26292,C4920,19,335,District-Barddhaman ,Total,5-9,9909,5407,4502,1682,886,796,1593,832,761,1101,592,509,978,599,379,709,371,338,211,125,86,2440,1324,1116,1195,678,517
26293,C4920,19,335,District-Barddhaman ,Total,10-19,25586,14218,11368,4300,2309,1991,3900,1961,1939,2754,1503,1251,3269,1971,1298,2321,1331,990,885,497,388,5240,2990,2250,2917,1656,1261
26294,C4920,19,335,District-Barddhaman ,Total,20-29,26787,15153,11634,4125,2256,1869,4058,2041,2017,2440,1319,1121,4487,2868,1619,2266,1231,1035,1044,659,385,6205,3575,2630,2162,1204,958
26295,C4920,19,335,District-Barddhaman ,Total,30-39,22849,13116,9733,3813,2097,1716,3618,1888,1730,1928,1037,891,3868,2587,1281,1901,1081,820,1150,673,477,4959,2836,2123,1612,917,695
26296,C4920,19,335,District-Barddhaman ,Total,40-49,21636,12822,8814,4208,2266,1942,3355,1798,1557,1633,892,741,3854,2713,1141,1607,961,646,1097,654,443,4558,2745,1813,1324,793,531
26297,C4920,19,335,District-Barddhaman ,Total,50-59,16764,10017,6747,3737,2127,1610,2615,1444,1171,952,560,392,3349,2291,1058,1016,590,426,649,371,278,3334,2006,1328,1112,628,484
26298,C4920,19,335,District-Barddhaman ,Total,60-69,12652,6743,5909,3220,1518,1702,2137,1045,1092,586,292,294,2787,1728,1059,505,285,220,385,207,178,1930,1101,829,1102,567,535
26299,C4920,19,335,District-Barddhaman ,Total,70-79,7133,3569,3564,1855,858,997,1333,648,685,232,112,120,1480,819,661,191,105,86,172,93,79,874,476,398,996,458,538
26300,C4920,19,335,District-Barddhaman ,Total,80-89,2334,1041,1293,559,262,297,447,200,247,67,34,33,482,222,260,42,18,24,52,23,29,238,108,130,447,174,273
26301,C4920,19,335,District-Barddhaman ,Total,90+,754,322,432,161,72,89,147,62,85,22,13,9,111,44,67,26,17,9,18,11,7,84,40,44,185,63,122
26302,C4920,19,335,District-Barddhaman ,Total,Age Not Stated,257,140,117,62,30,32,42,21,21,20,9,11,29,20,9,12,10,2,8,4,4,73,38,35,11,8,3
26303,C4920,19,335,District-Barddhaman ,Rural,Total,90923,51093,39830,15895,8409,7486,12943,6643,6300,7005,3775,3230,16397,10452,5945,6596,3725,2871,3630,2081,1549,18779,10800,7979,9678,5208,4470
26304,C4920,19,335,District-Barddhaman ,Rural,0-4,3679,1935,1744,640,343,297,575,291,284,140,73,67,372,200,172,189,105,84,33,20,13,1336,686,650,394,217,177
26305,C4920,19,335,District-Barddhaman ,Rural,5-9,5926,3249,2677,895,475,420,800,416,384,696,379,317,646,394,252,418,222,196,140,83,57,1497,820,677,834,460,374
26306,C4920,19,335,District-Barddhaman ,Rural,10-19,15214,8571,6643,2227,1232,995,2001,1030,971,1688,908,780,2106,1265,841,1473,854,619,553,306,247,3118,1826,1292,2048,1150,898
26307,C4920,19,335,District-Barddhaman ,Rural,20-29,14747,8403,6344,2001,1122,879,1868,987,881,1404,757,647,2736,1751,985,1325,693,632,641,399,242,3291,1884,1407,1481,810,671
26308,C4920,19,335,District-Barddhaman ,Rural,30-39,13448,7697,5751,2046,1118,928,1890,959,931,1108,599,509,2457,1642,815,1175,657,518,725,395,330,2968,1720,1248,1079,607,472
26309,C4920,19,335,District-Barddhaman ,Rural,40-49,12955,7692,5263,2301,1241,1060,1834,987,847,955,524,431,2494,1739,755,983,589,394,713,406,307,2720,1649,1071,955,557,398
26310,C4920,19,335,District-Barddhaman ,Rural,50-59,10031,6076,3955,2102,1205,897,1380,769,611,510,298,212,2247,1533,714,584,350,234,433,249,184,1983,1218,765,792,454,338
26311,C4920,19,335,District-Barddhaman ,Rural,60-69,7936,4211,3725,1918,892,1026,1311,617,694,321,152,169,1934,1206,728,297,169,128,245,140,105,1083,616,467,827,419,408
26312,C4920,19,335,District-Barddhaman ,Rural,70-79,4829,2323,2506,1261,548,713,889,416,473,130,58,72,1005,547,458,106,57,49,100,58,42,549,283,266,789,356,433
26313,C4920,19,335,District-Barddhaman ,Rural,80-89,1537,653,884,368,172,196,290,120,170,34,18,16,309,132,177,27,14,13,27,14,13,148,57,91,334,126,208
26314,C4920,19,335,District-Barddhaman ,Rural,90+,480,203,277,106,46,60,85,40,45,12,7,5,71,28,43,13,10,3,13,7,6,44,19,25,136,46,90
26315,C4920,19,335,District-Barddhaman ,Rural,Age Not Stated,141,80,61,30,15,15,20,11,9,7,2,5,20,15,5,6,5,1,7,4,3,42,22,20,9,6,3
26316,C4920,19,335,District-Barddhaman ,Urban,Total,62007,34788,27219,13074,6957,6117,11478,5899,5579,4937,2701,2236,8842,5714,3128,4329,2453,1876,2093,1264,829,13333,7557,5776,3921,2243,1678
26317,C4920,19,335,District-Barddhaman ,Urban,0-4,2590,1398,1192,607,342,265,601,311,290,67,40,27,173,104,69,140,73,67,19,8,11,841,432,409,142,88,54
26318,C4920,19,335,District-Barddhaman ,Urban,5-9,3983,2158,1825,787,411,376,793,416,377,405,213,192,332,205,127,291,149,142,71,42,29,943,504,439,361,218,143
26319,C4920,19,335,District-Barddhaman ,Urban,10-19,10372,5647,4725,2073,1077,996,1899,931,968,1066,595,471,1163,706,457,848,477,371,332,191,141,2122,1164,958,869,506,363
26320,C4920,19,335,District-Barddhaman ,Urban,20-29,12040,6750,5290,2124,1134,990,2190,1054,1136,1036,562,474,1751,1117,634,941,538,403,403,260,143,2914,1691,1223,681,394,287
26321,C4920,19,335,District-Barddhaman ,Urban,30-39,9401,5419,3982,1767,979,788,1728,929,799,820,438,382,1411,945,466,726,424,302,425,278,147,1991,1116,875,533,310,223
26322,C4920,19,335,District-Barddhaman ,Urban,40-49,8681,5130,3551,1907,1025,882,1521,811,710,678,368,310,1360,974,386,624,372,252,384,248,136,1838,1096,742,369,236,133
26323,C4920,19,335,District-Barddhaman ,Urban,50-59,6733,3941,2792,1635,922,713,1235,675,560,442,262,180,1102,758,344,432,240,192,216,122,94,1351,788,563,320,174,146
26324,C4920,19,335,District-Barddhaman ,Urban,60-69,4716,2532,2184,1302,626,676,826,428,398,265,140,125,853,522,331,208,116,92,140,67,73,847,485,362,275,148,127
26325,C4920,19,335,District-Barddhaman ,Urban,70-79,2304,1246,1058,594,310,284,444,232,212,102,54,48,475,272,203,85,48,37,72,35,37,325,193,132,207,102,105
26326,C4920,19,335,District-Barddhaman ,Urban,80-89,797,388,409,191,90,101,157,80,77,33,16,17,173,90,83,15,4,11,25,9,16,90,51,39,113,48,65
26327,C4920,19,335,District-Barddhaman ,Urban,90+,274,119,155,55,26,29,62,22,40,10,6,4,40,16,24,13,7,6,5,4,1,40,21,19,49,17,32
26328,C4920,19,335,District-Barddhaman ,Urban,Age Not Stated,116,60,56,32,15,17,22,10,12,13,7,6,9,5,4,6,5,1,1,0,1,31,16,15,2,2,0
26329,C4920,19,336,District-Nadia ,Total,Total,93759,54016,39743,17130,9234,7896,10548,5598,4950,6057,3276,2781,20590,13459,7131,6773,3821,2952,4050,2382,1668,17531,10288,7243,11080,5958,5122
26330,C4920,19,336,District-Nadia ,Total,0-4,2956,1573,1383,452,222,230,320,172,148,92,49,43,393,233,160,128,72,56,33,22,11,1165,613,552,373,190,183
26331,C4920,19,336,District-Nadia ,Total,5-9,4891,2766,2125,643,357,286,424,225,199,591,318,273,718,443,275,353,209,144,98,70,28,1229,673,556,835,471,364
26332,C4920,19,336,District-Nadia ,Total,10-19,14002,8097,5905,1970,1107,863,1277,713,564,1376,724,652,2384,1583,801,1507,831,676,580,348,232,2762,1580,1182,2146,1211,935
26333,C4920,19,336,District-Nadia ,Total,20-29,14654,8711,5943,1940,1189,751,1312,696,616,1255,681,574,2957,1942,1015,1486,823,663,753,469,284,3272,1955,1317,1679,956,723
26334,C4920,19,336,District-Nadia ,Total,30-39,12805,7746,5059,1933,1130,803,1473,790,683,900,484,416,2793,1940,853,1165,693,472,779,470,309,2609,1556,1053,1153,683,470
26335,C4920,19,336,District-Nadia ,Total,40-49,12832,7957,4875,2426,1361,1065,1401,813,588,794,432,362,2979,2175,804,998,589,409,748,459,289,2507,1547,960,979,581,398
26336,C4920,19,336,District-Nadia ,Total,50-59,10773,6618,4155,2405,1347,1058,1261,716,545,489,283,206,2835,2039,796,557,307,250,535,291,244,1832,1154,678,859,481,378
26337,C4920,19,336,District-Nadia ,Total,60-69,9935,5448,4487,2591,1266,1325,1364,676,688,327,180,147,2689,1707,982,373,207,166,303,149,154,1217,707,510,1071,556,515
26338,C4920,19,336,District-Nadia ,Total,70-79,6902,3421,3481,1839,863,976,1090,535,555,169,92,77,1786,951,835,130,62,68,152,77,75,652,361,291,1084,480,604
26339,C4920,19,336,District-Nadia ,Total,80-89,2962,1324,1638,702,312,390,493,217,276,41,23,18,809,372,437,48,15,33,52,22,30,201,104,97,616,259,357
26340,C4920,19,336,District-Nadia ,Total,90+,989,325,664,213,70,143,127,44,83,20,7,13,239,70,169,22,11,11,14,4,10,72,29,43,282,90,192
26341,C4920,19,336,District-Nadia ,Total,Age Not Stated,58,30,28,16,10,6,6,1,5,3,3,0,8,4,4,6,2,4,3,1,2,13,9,4,3,0,3
26342,C4920,19,336,District-Nadia ,Rural,Total,67636,39193,28443,12632,6839,5793,7631,4040,3591,4220,2290,1930,15028,9928,5100,4777,2704,2073,2740,1616,1124,12003,7139,4864,8605,4637,3968
26343,C4920,19,336,District-Nadia ,Rural,0-4,2209,1188,1021,333,161,172,233,125,108,71,37,34,316,188,128,92,51,41,26,17,9,838,452,386,300,157,143
26344,C4920,19,336,District-Nadia ,Rural,5-9,3699,2085,1614,468,257,211,315,168,147,457,240,217,581,364,217,261,152,109,83,58,25,870,478,392,664,368,296
26345,C4920,19,336,District-Nadia ,Rural,10-19,10587,6190,4397,1489,851,638,948,538,410,1023,542,481,1868,1248,620,1122,620,502,447,266,181,2004,1167,837,1686,958,728
26346,C4920,19,336,District-Nadia ,Rural,20-29,10475,6284,4191,1406,878,528,949,506,443,872,475,397,2227,1482,745,1088,586,502,530,330,200,2149,1313,836,1254,714,540
26347,C4920,19,336,District-Nadia ,Rural,30-39,8976,5474,3502,1362,796,566,1050,566,484,631,349,282,1990,1407,583,799,482,317,500,292,208,1790,1075,715,854,507,347
26348,C4920,19,336,District-Nadia ,Rural,40-49,9073,5712,3361,1758,1006,752,1010,586,424,528,297,231,2114,1564,550,690,417,273,500,300,200,1700,1071,629,773,471,302
26349,C4920,19,336,District-Nadia ,Rural,50-59,7373,4570,2803,1709,953,756,907,515,392,287,168,119,1934,1415,519,347,198,149,326,186,140,1230,783,447,633,352,281
26350,C4920,19,336,District-Nadia ,Rural,60-69,7148,3920,3228,1947,957,990,976,478,498,202,106,96,1931,1234,697,247,141,106,185,98,87,799,467,332,861,439,422
26351,C4920,19,336,District-Nadia ,Rural,70-79,5121,2520,2601,1428,674,754,801,375,426,105,57,48,1274,682,592,85,38,47,100,53,47,435,242,193,893,399,494
26352,C4920,19,336,District-Nadia ,Rural,80-89,2208,978,1230,550,241,309,342,145,197,27,12,15,614,286,328,31,9,22,34,14,20,133,70,63,477,201,276
26353,C4920,19,336,District-Nadia ,Rural,90+,734,256,478,170,58,112,98,38,60,16,6,10,174,56,118,14,10,4,9,2,7,46,15,31,207,71,136
26354,C4920,19,336,District-Nadia ,Rural,Age Not Stated,33,16,17,12,7,5,2,0,2,1,1,0,5,2,3,1,0,1,0,0,0,9,6,3,3,0,3
26355,C4920,19,336,District-Nadia ,Urban,Total,26123,14823,11300,4498,2395,2103,2917,1558,1359,1837,986,851,5562,3531,2031,1996,1117,879,1310,766,544,5528,3149,2379,2475,1321,1154
26356,C4920,19,336,District-Nadia ,Urban,0-4,747,385,362,119,61,58,87,47,40,21,12,9,77,45,32,36,21,15,7,5,2,327,161,166,73,33,40
26357,C4920,19,336,District-Nadia ,Urban,5-9,1192,681,511,175,100,75,109,57,52,134,78,56,137,79,58,92,57,35,15,12,3,359,195,164,171,103,68
26358,C4920,19,336,District-Nadia ,Urban,10-19,3415,1907,1508,481,256,225,329,175,154,353,182,171,516,335,181,385,211,174,133,82,51,758,413,345,460,253,207
26359,C4920,19,336,District-Nadia ,Urban,20-29,4179,2427,1752,534,311,223,363,190,173,383,206,177,730,460,270,398,237,161,223,139,84,1123,642,481,425,242,183
26360,C4920,19,336,District-Nadia ,Urban,30-39,3829,2272,1557,571,334,237,423,224,199,269,135,134,803,533,270,366,211,155,279,178,101,819,481,338,299,176,123
26361,C4920,19,336,District-Nadia ,Urban,40-49,3759,2245,1514,668,355,313,391,227,164,266,135,131,865,611,254,308,172,136,248,159,89,807,476,331,206,110,96
26362,C4920,19,336,District-Nadia ,Urban,50-59,3400,2048,1352,696,394,302,354,201,153,202,115,87,901,624,277,210,109,101,209,105,104,602,371,231,226,129,97
26363,C4920,19,336,District-Nadia ,Urban,60-69,2787,1528,1259,644,309,335,388,198,190,125,74,51,758,473,285,126,66,60,118,51,67,418,240,178,210,117,93
26364,C4920,19,336,District-Nadia ,Urban,70-79,1781,901,880,411,189,222,289,160,129,64,35,29,512,269,243,45,24,21,52,24,28,217,119,98,191,81,110
26365,C4920,19,336,District-Nadia ,Urban,80-89,754,346,408,152,71,81,151,72,79,14,11,3,195,86,109,17,6,11,18,8,10,68,34,34,139,58,81
26366,C4920,19,336,District-Nadia ,Urban,90+,255,69,186,43,12,31,29,6,23,4,1,3,65,14,51,8,1,7,5,2,3,26,14,12,75,19,56
26367,C4920,19,336,District-Nadia ,Urban,Age Not Stated,25,14,11,4,3,1,4,1,3,2,2,0,3,2,1,5,2,3,3,1,2,4,3,1,0,0,0
26368,C4920,19,337,District-North Twenty Four Parganas,Total,Total,219853,120552,99301,43998,23097,20901,40079,20387,19692,17582,9479,8103,28751,18089,10662,14017,7667,6350,7377,4220,3157,51029,28495,22534,17020,9118,7902
26369,C4920,19,337,District-North Twenty Four Parganas,Total,0-4,8726,4629,4097,1797,934,863,1811,893,918,202,116,86,555,356,199,375,183,192,63,39,24,3351,1769,1582,572,339,233
26370,C4920,19,337,District-North Twenty Four Parganas,Total,5-9,12470,6802,5668,2203,1213,990,2222,1147,1075,1446,776,670,943,547,396,752,421,331,219,137,82,3437,1839,1598,1248,722,526
26371,C4920,19,337,District-North Twenty Four Parganas,Total,10-19,32502,17567,14935,5696,2998,2698,5892,2906,2986,3411,1805,1606,2978,1838,1140,2630,1460,1170,976,572,404,7717,4183,3534,3202,1805,1397
26372,C4920,19,337,District-North Twenty Four Parganas,Total,20-29,36482,20057,16425,6126,3173,2953,6464,3170,3294,3313,1753,1560,4304,2761,1543,2702,1525,1177,1300,784,516,9718,5424,4294,2555,1467,1088
26373,C4920,19,337,District-North Twenty Four Parganas,Total,30-39,32656,17957,14699,6061,3236,2825,6115,3064,3051,2874,1509,1365,3973,2595,1378,2439,1293,1146,1399,840,559,7964,4451,3513,1831,969,862
26374,C4920,19,337,District-North Twenty Four Parganas,Total,40-49,31916,18261,13655,6757,3643,3114,5664,2982,2682,2632,1459,1173,4375,3025,1350,2301,1286,1015,1371,801,570,7085,4087,2998,1731,978,753
26375,C4920,19,337,District-North Twenty Four Parganas,Total,50-59,25197,14600,10597,5761,3192,2569,4528,2469,2059,1727,978,749,4104,2760,1344,1383,751,632,909,485,424,5342,3173,2169,1443,792,651
26376,C4920,19,337,District-North Twenty Four Parganas,Total,60-69,20086,10960,9126,4871,2487,2384,3652,1889,1763,1098,610,488,3749,2299,1450,828,448,380,622,302,320,3564,2043,1521,1702,882,820
26377,C4920,19,337,District-North Twenty Four Parganas,Total,70-79,12416,6312,6104,3090,1492,1598,2292,1163,1129,556,297,259,2419,1277,1142,401,202,199,335,175,160,1817,1005,812,1506,701,805
26378,C4920,19,337,District-North Twenty Four Parganas,Total,80-89,4827,2277,2550,1104,495,609,928,463,465,185,99,86,983,475,508,115,58,57,122,58,64,594,307,287,796,322,474
26379,C4920,19,337,District-North Twenty Four Parganas,Total,90+,2093,873,1220,443,193,250,383,179,204,95,51,44,334,136,198,65,25,40,51,20,31,303,136,167,419,133,286
26380,C4920,19,337,District-North Twenty Four Parganas,Total,Age Not Stated,482,257,225,89,41,48,128,62,66,43,26,17,34,20,14,26,15,11,10,7,3,137,78,59,15,8,7
26381,C4920,19,337,District-North Twenty Four Parganas,Rural,Total,88216,48986,39230,16567,8785,7782,13253,6563,6690,5669,3075,2594,13588,8708,4880,5614,3171,2443,3166,1794,1372,21014,11928,9086,9345,4962,4383
26382,C4920,19,337,District-North Twenty Four Parganas,Rural,0-4,3993,2138,1855,679,350,329,646,305,341,84,41,43,336,219,117,152,76,76,26,16,10,1700,905,795,370,226,144
26383,C4920,19,337,District-North Twenty Four Parganas,Rural,5-9,5776,3126,2650,853,467,386,790,385,405,616,326,290,543,320,223,359,209,150,114,75,39,1723,901,822,778,443,335
26384,C4920,19,337,District-North Twenty Four Parganas,Rural,10-19,15035,8131,6904,2387,1277,1110,2169,1016,1153,1410,729,681,1738,1072,666,1253,683,570,485,282,203,3641,1990,1651,1952,1082,870
26385,C4920,19,337,District-North Twenty Four Parganas,Rural,20-29,15109,8531,6578,2266,1228,1038,2196,1098,1098,1184,651,533,2429,1572,857,1219,690,529,619,350,269,3773,2141,1632,1423,801,622
26386,C4920,19,337,District-North Twenty Four Parganas,Rural,30-39,11996,6812,5184,1989,1118,871,1818,883,935,818,469,349,1838,1206,632,910,512,398,585,341,244,3103,1792,1311,935,491,444
26387,C4920,19,337,District-North Twenty Four Parganas,Rural,40-49,11898,7077,4821,2473,1372,1101,1766,950,816,711,394,317,1948,1393,555,827,502,325,553,318,235,2741,1645,1096,879,503,376
26388,C4920,19,337,District-North Twenty Four Parganas,Rural,50-59,8977,5292,3685,2051,1129,922,1372,705,667,402,232,170,1691,1171,520,427,255,172,342,183,159,2007,1237,770,685,380,305
26389,C4920,19,337,District-North Twenty Four Parganas,Rural,60-69,7803,4285,3518,1965,1009,956,1269,637,632,253,144,109,1547,975,572,296,160,136,244,122,122,1334,792,542,895,446,449
26390,C4920,19,337,District-North Twenty Four Parganas,Rural,70-79,4853,2394,2459,1236,558,678,805,390,415,121,59,62,969,529,440,110,51,59,148,82,66,667,358,309,797,367,430
26391,C4920,19,337,District-North Twenty Four Parganas,Rural,80-89,1820,801,1019,462,197,265,271,126,145,45,19,26,386,179,207,36,19,17,33,13,20,187,98,89,400,150,250
26392,C4920,19,337,District-North Twenty Four Parganas,Rural,90+,833,337,496,183,71,112,123,56,67,19,10,9,149,63,86,17,8,9,15,10,5,104,51,53,223,68,155
26393,C4920,19,337,District-North Twenty Four Parganas,Rural,Age Not Stated,123,62,61,23,9,14,28,12,16,6,1,5,14,9,5,8,6,2,2,2,0,34,18,16,8,5,3
26394,C4920,19,337,District-North Twenty Four Parganas,Urban,Total,131637,71566,60071,27431,14312,13119,26826,13824,13002,11913,6404,5509,15163,9381,5782,8403,4496,3907,4211,2426,1785,30015,16567,13448,7675,4156,3519
26395,C4920,19,337,District-North Twenty Four Parganas,Urban,0-4,4733,2491,2242,1118,584,534,1165,588,577,118,75,43,219,137,82,223,107,116,37,23,14,1651,864,787,202,113,89
26396,C4920,19,337,District-North Twenty Four Parganas,Urban,5-9,6694,3676,3018,1350,746,604,1432,762,670,830,450,380,400,227,173,393,212,181,105,62,43,1714,938,776,470,279,191
26397,C4920,19,337,District-North Twenty Four Parganas,Urban,10-19,17467,9436,8031,3309,1721,1588,3723,1890,1833,2001,1076,925,1240,766,474,1377,777,600,491,290,201,4076,2193,1883,1250,723,527
26398,C4920,19,337,District-North Twenty Four Parganas,Urban,20-29,21373,11526,9847,3860,1945,1915,4268,2072,2196,2129,1102,1027,1875,1189,686,1483,835,648,681,434,247,5945,3283,2662,1132,666,466
26399,C4920,19,337,District-North Twenty Four Parganas,Urban,30-39,20660,11145,9515,4072,2118,1954,4297,2181,2116,2056,1040,1016,2135,1389,746,1529,781,748,814,499,315,4861,2659,2202,896,478,418
26400,C4920,19,337,District-North Twenty Four Parganas,Urban,40-49,20018,11184,8834,4284,2271,2013,3898,2032,1866,1921,1065,856,2427,1632,795,1474,784,690,818,483,335,4344,2442,1902,852,475,377
26401,C4920,19,337,District-North Twenty Four Parganas,Urban,50-59,16220,9308,6912,3710,2063,1647,3156,1764,1392,1325,746,579,2413,1589,824,956,496,460,567,302,265,3335,1936,1399,758,412,346
26402,C4920,19,337,District-North Twenty Four Parganas,Urban,60-69,12283,6675,5608,2906,1478,1428,2383,1252,1131,845,466,379,2202,1324,878,532,288,244,378,180,198,2230,1251,979,807,436,371
26403,C4920,19,337,District-North Twenty Four Parganas,Urban,70-79,7563,3918,3645,1854,934,920,1487,773,714,435,238,197,1450,748,702,291,151,140,187,93,94,1150,647,503,709,334,375
26404,C4920,19,337,District-North Twenty Four Parganas,Urban,80-89,3007,1476,1531,642,298,344,657,337,320,140,80,60,597,296,301,79,39,40,89,45,44,407,209,198,396,172,224
26405,C4920,19,337,District-North Twenty Four Parganas,Urban,90+,1260,536,724,260,122,138,260,123,137,76,41,35,185,73,112,48,17,31,36,10,26,199,85,114,196,65,131
26406,C4920,19,337,District-North Twenty Four Parganas,Urban,Age Not Stated,359,195,164,66,32,34,100,50,50,37,25,12,20,11,9,18,9,9,8,5,3,103,60,43,7,3,4
26407,C4920,19,338,District-Hugli ,Total,Total,109448,61665,47783,19681,10366,9315,14910,7894,7016,9542,5174,4368,18775,11990,6785,8897,5055,3842,4443,2531,1912,22846,12951,9895,10354,5704,4650
26408,C4920,19,338,District-Hugli ,Total,0-4,3926,2087,1839,708,354,354,570,294,276,125,74,51,380,224,156,170,95,75,36,18,18,1577,823,754,360,205,155
26409,C4920,19,338,District-Hugli ,Total,5-9,6152,3360,2792,906,487,419,734,393,341,774,421,353,637,369,268,516,306,210,166,92,74,1550,801,749,869,491,378
26410,C4920,19,338,District-Hugli ,Total,10-19,16569,9245,7324,2587,1397,1190,2056,1085,971,1948,1033,915,2080,1262,818,1858,1070,788,598,343,255,3451,1887,1564,1991,1168,823
26411,C4920,19,338,District-Hugli ,Total,20-29,18089,10185,7904,2445,1355,1090,2190,1151,1039,1984,1021,963,2826,1789,1037,1859,1019,840,830,480,350,4210,2385,1825,1745,985,760
26412,C4920,19,338,District-Hugli ,Total,30-39,16776,9769,7007,2617,1455,1162,2154,1186,968,1619,884,735,2870,1925,945,1707,964,743,903,564,339,3629,2097,1532,1277,694,583
26413,C4920,19,338,District-Hugli ,Total,40-49,15765,9318,6447,2897,1573,1324,2155,1195,960,1344,743,601,2874,1988,886,1297,751,546,803,476,327,3365,1975,1390,1030,617,413
26414,C4920,19,338,District-Hugli ,Total,50-59,12500,7471,5029,2622,1410,1212,1759,1000,759,871,511,360,2692,1833,859,802,474,328,539,289,250,2397,1460,937,818,494,324
26415,C4920,19,338,District-Hugli ,Total,60-69,10127,5685,4442,2502,1258,1244,1559,791,768,525,308,217,2349,1530,819,397,236,161,337,163,174,1603,953,650,855,446,409
26416,C4920,19,338,District-Hugli ,Total,70-79,6285,3138,3147,1600,744,856,1151,534,617,247,129,118,1381,767,614,204,101,103,152,78,74,751,411,340,799,374,425
26417,C4920,19,338,District-Hugli ,Total,80-89,2341,1051,1290,586,250,336,429,200,229,65,30,35,514,236,278,59,27,32,55,19,36,210,115,95,423,174,249
26418,C4920,19,338,District-Hugli ,Total,90+,839,309,530,195,74,121,139,58,81,34,16,18,158,56,102,25,11,14,22,7,15,86,34,52,180,53,127
26419,C4920,19,338,District-Hugli ,Total,Age Not Stated,79,47,32,16,9,7,14,7,7,6,4,2,14,11,3,3,1,2,2,2,0,17,10,7,7,3,4
26420,C4920,19,338,District-Hugli ,Rural,Total,68119,38497,29622,12411,6532,5879,8777,4700,4077,5060,2760,2300,12638,8077,4561,5940,3381,2559,2841,1593,1248,13279,7555,5724,7173,3899,3274
26421,C4920,19,338,District-Hugli ,Rural,0-4,2452,1304,1148,426,211,215,309,160,149,86,50,36,291,175,116,122,72,50,25,12,13,943,481,462,250,143,107
26422,C4920,19,338,District-Hugli ,Rural,5-9,3983,2223,1760,560,299,261,410,227,183,481,263,218,465,270,195,370,222,148,113,63,50,937,507,430,647,372,275
26423,C4920,19,338,District-Hugli ,Rural,10-19,10727,6009,4718,1628,891,737,1235,672,563,1152,612,540,1473,873,600,1319,751,568,392,219,173,2100,1157,943,1428,834,594
26424,C4920,19,338,District-Hugli ,Rural,20-29,10996,6257,4739,1430,819,611,1249,677,572,1020,530,490,1955,1227,728,1253,674,579,535,303,232,2341,1345,996,1213,682,531
26425,C4920,19,338,District-Hugli ,Rural,30-39,10284,6055,4229,1553,875,678,1276,716,560,823,461,362,1955,1327,628,1143,645,498,554,336,218,2113,1234,879,867,461,406
26426,C4920,19,338,District-Hugli ,Rural,40-49,9753,5823,3930,1797,993,804,1322,728,594,672,376,296,1944,1353,591,832,493,339,514,303,211,1999,1173,826,673,404,269
26427,C4920,19,338,District-Hugli ,Rural,50-59,7489,4547,2942,1671,897,774,1011,591,420,396,237,159,1712,1195,517,490,298,192,341,189,152,1338,818,520,530,322,208
26428,C4920,19,338,District-Hugli ,Rural,60-69,6322,3488,2834,1675,815,860,928,468,460,256,141,115,1523,998,525,237,144,93,225,105,120,907,532,375,571,285,286
26429,C4920,19,338,District-Hugli ,Rural,70-79,4046,1938,2108,1125,503,622,688,305,383,127,67,60,893,487,406,124,61,63,94,47,47,425,219,206,570,249,321
26430,C4920,19,338,District-Hugli ,Rural,80-89,1497,661,836,398,178,220,263,125,138,32,16,16,321,137,184,31,14,17,32,10,22,128,69,59,292,112,180
26431,C4920,19,338,District-Hugli ,Rural,90+,536,171,365,141,47,94,84,31,53,12,4,8,96,28,68,17,6,11,15,5,10,42,15,27,129,35,94
26432,C4920,19,338,District-Hugli ,Rural,Age Not Stated,34,21,13,7,4,3,2,0,2,3,3,0,10,7,3,2,1,1,1,1,0,6,5,1,3,0,3
26433,C4920,19,338,District-Hugli ,Urban,Total,41329,23168,18161,7270,3834,3436,6133,3194,2939,4482,2414,2068,6137,3913,2224,2957,1674,1283,1602,938,664,9567,5396,4171,3181,1805,1376
26434,C4920,19,338,District-Hugli ,Urban,0-4,1474,783,691,282,143,139,261,134,127,39,24,15,89,49,40,48,23,25,11,6,5,634,342,292,110,62,48
26435,C4920,19,338,District-Hugli ,Urban,5-9,2169,1137,1032,346,188,158,324,166,158,293,158,135,172,99,73,146,84,62,53,29,24,613,294,319,222,119,103
26436,C4920,19,338,District-Hugli ,Urban,10-19,5842,3236,2606,959,506,453,821,413,408,796,421,375,607,389,218,539,319,220,206,124,82,1351,730,621,563,334,229
26437,C4920,19,338,District-Hugli ,Urban,20-29,7093,3928,3165,1015,536,479,941,474,467,964,491,473,871,562,309,606,345,261,295,177,118,1869,1040,829,532,303,229
26438,C4920,19,338,District-Hugli ,Urban,30-39,6492,3714,2778,1064,580,484,878,470,408,796,423,373,915,598,317,564,319,245,349,228,121,1516,863,653,410,233,177
26439,C4920,19,338,District-Hugli ,Urban,40-49,6012,3495,2517,1100,580,520,833,467,366,672,367,305,930,635,295,465,258,207,289,173,116,1366,802,564,357,213,144
26440,C4920,19,338,District-Hugli ,Urban,50-59,5011,2924,2087,951,513,438,748,409,339,475,274,201,980,638,342,312,176,136,198,100,98,1059,642,417,288,172,116
26441,C4920,19,338,District-Hugli ,Urban,60-69,3805,2197,1608,827,443,384,631,323,308,269,167,102,826,532,294,160,92,68,112,58,54,696,421,275,284,161,123
26442,C4920,19,338,District-Hugli ,Urban,70-79,2239,1200,1039,475,241,234,463,229,234,120,62,58,488,280,208,80,40,40,58,31,27,326,192,134,229,125,104
26443,C4920,19,338,District-Hugli ,Urban,80-89,844,390,454,188,72,116,166,75,91,33,14,19,193,99,94,28,13,15,23,9,14,82,46,36,131,62,69
26444,C4920,19,338,District-Hugli ,Urban,90+,303,138,165,54,27,27,55,27,28,22,12,10,62,28,34,8,5,3,7,2,5,44,19,25,51,18,33
26445,C4920,19,338,District-Hugli ,Urban,Age Not Stated,45,26,19,9,5,4,12,7,5,3,1,2,4,4,0,1,0,1,1,1,0,11,5,6,4,3,1
26446,C4920,19,339,District-Bankura ,Total,Total,77418,43522,33896,13122,6953,6169,10311,5393,4918,5403,3028,2375,15935,9936,5999,5784,3230,2554,3778,2120,1658,13179,7460,5719,9906,5402,4504
26447,C4920,19,339,District-Bankura ,Total,0-4,2665,1430,1235,428,219,209,286,144,142,102,52,50,415,244,171,137,74,63,17,11,6,912,484,428,368,202,166
26448,C4920,19,339,District-Bankura ,Total,5-9,5152,2921,2231,765,421,344,556,301,255,723,409,314,703,437,266,408,239,169,139,80,59,997,528,469,861,506,355
26449,C4920,19,339,District-Bankura ,Total,10-19,13078,7423,5655,1829,1031,798,1446,804,642,1470,840,630,2135,1235,900,1315,740,575,529,293,236,2173,1213,960,2181,1267,914
26450,C4920,19,339,District-Bankura ,Total,20-29,11651,6818,4833,1383,830,553,1214,665,549,971,547,424,2449,1560,889,1131,639,492,661,395,266,2324,1330,994,1518,852,666
26451,C4920,19,339,District-Bankura ,Total,30-39,10768,6247,4521,1429,808,621,1324,691,633,753,399,354,2375,1573,802,1025,578,447,789,456,333,2000,1146,854,1073,596,477
26452,C4920,19,339,District-Bankura ,Total,40-49,10413,6288,4125,1700,984,716,1482,807,675,609,341,268,2303,1563,740,863,496,367,717,417,300,1843,1131,712,896,549,347
26453,C4920,19,339,District-Bankura ,Total,50-59,8183,4859,3324,1598,873,725,1223,672,551,372,214,158,2069,1390,679,473,255,218,435,245,190,1335,792,543,678,418,260
26454,C4920,19,339,District-Bankura ,Total,60-69,8184,4212,3972,2052,940,1112,1383,670,713,274,160,114,1963,1196,767,297,145,152,294,128,166,976,528,448,945,445,500
26455,C4920,19,339,District-Bankura ,Total,70-79,5135,2408,2727,1393,619,774,976,452,524,95,48,47,1114,558,556,107,49,58,136,69,67,467,245,222,847,368,479
26456,C4920,19,339,District-Bankura ,Total,80-89,1683,721,962,433,183,250,330,147,183,22,12,10,326,150,176,20,11,9,47,21,26,113,47,66,392,150,242
26457,C4920,19,339,District-Bankura ,Total,90+,459,167,292,108,43,65,78,33,45,11,5,6,77,26,51,6,3,3,10,3,7,29,8,21,140,46,94
26458,C4920,19,339,District-Bankura ,Total,Age Not Stated,47,28,19,4,2,2,13,7,6,1,1,0,6,4,2,2,1,1,4,2,2,10,8,2,7,3,4
26459,C4920,19,339,District-Bankura ,Rural,Total,71550,40334,31216,12213,6482,5731,9157,4804,4353,4883,2758,2125,14993,9342,5651,5368,3009,2359,3534,1977,1557,11993,6847,5146,9409,5115,4294
26460,C4920,19,339,District-Bankura ,Rural,0-4,2472,1329,1143,395,204,191,251,126,125,92,48,44,391,227,164,125,69,56,16,11,5,851,452,399,351,192,159
26461,C4920,19,339,District-Bankura ,Rural,5-9,4846,2767,2079,717,395,322,494,270,224,677,390,287,681,423,258,390,227,163,134,76,58,926,497,429,827,489,338
26462,C4920,19,339,District-Bankura ,Rural,10-19,12218,6941,5277,1731,980,751,1248,706,542,1357,777,580,2039,1177,862,1250,700,550,499,278,221,2006,1122,884,2088,1201,887
26463,C4920,19,339,District-Bankura ,Rural,20-29,10688,6275,4413,1264,771,493,1053,569,484,869,491,378,2310,1472,838,1039,588,451,621,373,248,2097,1212,885,1435,799,636
26464,C4920,19,339,District-Bankura ,Rural,30-39,9818,5728,4090,1279,724,555,1174,612,562,657,347,310,2221,1485,736,954,540,414,718,408,310,1808,1044,764,1007,568,439
26465,C4920,19,339,District-Bankura ,Rural,40-49,9566,5810,3756,1572,910,662,1321,726,595,539,307,232,2156,1455,701,779,454,325,671,392,279,1686,1046,640,842,520,322
26466,C4920,19,339,District-Bankura ,Rural,50-59,7463,4446,3017,1479,805,674,1088,598,490,330,195,135,1913,1283,630,433,239,194,410,228,182,1175,710,465,635,388,247
26467,C4920,19,339,District-Bankura ,Rural,60-69,7605,3916,3689,1934,888,1046,1254,609,645,245,142,103,1836,1119,717,275,133,142,276,120,156,888,485,403,897,420,477
26468,C4920,19,339,District-Bankura ,Rural,70-79,4818,2260,2558,1326,586,740,894,419,475,85,44,41,1056,528,528,98,44,54,132,68,64,422,225,197,805,346,459
26469,C4920,19,339,District-Bankura ,Rural,80-89,1583,675,908,411,175,236,299,133,166,21,11,10,311,143,168,17,11,6,44,19,25,102,40,62,378,143,235
26470,C4920,19,339,District-Bankura ,Rural,90+,437,165,272,102,42,60,75,32,43,10,5,5,73,26,47,6,3,3,10,3,7,24,8,16,137,46,91
26471,C4920,19,339,District-Bankura ,Rural,Age Not Stated,36,22,14,3,2,1,6,4,2,1,1,0,6,4,2,2,1,1,3,1,2,8,6,2,7,3,4
26472,C4920,19,339,District-Bankura ,Urban,Total,5868,3188,2680,909,471,438,1154,589,565,520,270,250,942,594,348,416,221,195,244,143,101,1186,613,573,497,287,210
26473,C4920,19,339,District-Bankura ,Urban,0-4,193,101,92,33,15,18,35,18,17,10,4,6,24,17,7,12,5,7,1,0,1,61,32,29,17,10,7
26474,C4920,19,339,District-Bankura ,Urban,5-9,306,154,152,48,26,22,62,31,31,46,19,27,22,14,8,18,12,6,5,4,1,71,31,40,34,17,17
26475,C4920,19,339,District-Bankura ,Urban,10-19,860,482,378,98,51,47,198,98,100,113,63,50,96,58,38,65,40,25,30,15,15,167,91,76,93,66,27
26476,C4920,19,339,District-Bankura ,Urban,20-29,963,543,420,119,59,60,161,96,65,102,56,46,139,88,51,92,51,41,40,22,18,227,118,109,83,53,30
26477,C4920,19,339,District-Bankura ,Urban,30-39,950,519,431,150,84,66,150,79,71,96,52,44,154,88,66,71,38,33,71,48,23,192,102,90,66,28,38
26478,C4920,19,339,District-Bankura ,Urban,40-49,847,478,369,128,74,54,161,81,80,70,34,36,147,108,39,84,42,42,46,25,21,157,85,72,54,29,25
26479,C4920,19,339,District-Bankura ,Urban,50-59,720,413,307,119,68,51,135,74,61,42,19,23,156,107,49,40,16,24,25,17,8,160,82,78,43,30,13
26480,C4920,19,339,District-Bankura ,Urban,60-69,579,296,283,118,52,66,129,61,68,29,18,11,127,77,50,22,12,10,18,8,10,88,43,45,48,25,23
26481,C4920,19,339,District-Bankura ,Urban,70-79,317,148,169,67,33,34,82,33,49,10,4,6,58,30,28,9,5,4,4,1,3,45,20,25,42,22,20
26482,C4920,19,339,District-Bankura ,Urban,80-89,100,46,54,22,8,14,31,14,17,1,1,0,15,7,8,3,0,3,3,2,1,11,7,4,14,7,7
26483,C4920,19,339,District-Bankura ,Urban,90+,22,2,20,6,1,5,3,1,2,1,0,1,4,0,4,0,0,0,0,0,0,5,0,5,3,0,3
26484,C4920,19,339,District-Bankura ,Urban,Age Not Stated,11,6,5,1,0,1,7,3,4,0,0,0,0,0,0,0,0,0,1,1,0,2,2,0,0,0,0
26485,C4920,19,340,District-Puruliya,Total,Total,61788,34336,27452,12173,6401,5772,11640,6091,5549,4279,2459,1820,10687,6587,4100,2973,1679,1294,2135,1188,947,11208,6244,4964,6693,3687,3006
26486,C4920,19,340,District-Puruliya,Total,0-4,2621,1440,1181,486,255,231,504,259,245,97,58,39,331,211,120,85,52,33,21,18,3,815,425,390,282,162,120
26487,C4920,19,340,District-Puruliya,Total,5-9,4872,2736,2136,830,469,361,789,403,386,657,395,262,540,341,199,229,128,101,87,50,37,1029,537,492,711,413,298
26488,C4920,19,340,District-Puruliya,Total,10-19,10941,6099,4842,1789,965,824,1829,976,853,1215,729,486,1500,846,654,733,396,337,292,178,114,2065,1136,929,1518,873,645
26489,C4920,19,340,District-Puruliya,Total,20-29,8537,4854,3683,1229,704,525,1361,729,632,770,403,367,1561,936,625,557,319,238,358,199,159,1830,1072,758,871,492,379
26490,C4920,19,340,District-Puruliya,Total,30-39,7946,4540,3406,1199,660,539,1413,750,663,586,340,246,1511,969,542,506,300,206,459,246,213,1576,873,703,696,402,294
26491,C4920,19,340,District-Puruliya,Total,40-49,7501,4450,3051,1340,752,588,1440,793,647,426,253,173,1500,1020,480,421,237,184,409,232,177,1439,839,600,526,324,202
26492,C4920,19,340,District-Puruliya,Total,50-59,6531,3721,2810,1555,844,711,1334,714,620,286,157,129,1358,884,474,230,135,95,273,154,119,1067,593,474,428,240,188
26493,C4920,19,340,District-Puruliya,Total,60-69,7258,3751,3507,2127,1018,1109,1654,808,846,154,84,70,1452,861,591,132,74,58,160,73,87,857,467,390,722,366,356
26494,C4920,19,340,District-Puruliya,Total,70-79,4038,2030,2008,1210,562,648,967,478,489,61,27,34,697,403,294,62,31,31,56,27,29,383,228,155,602,274,328
26495,C4920,19,340,District-Puruliya,Total,80-89,1136,531,605,309,131,178,272,142,130,16,10,6,174,83,91,11,5,6,18,11,7,93,48,45,243,101,142
26496,C4920,19,340,District-Puruliya,Total,90+,309,139,170,86,36,50,57,28,29,3,2,1,48,26,22,3,2,1,1,0,1,25,10,15,86,35,51
26497,C4920,19,340,District-Puruliya,Total,Age Not Stated,98,45,53,13,5,8,20,11,9,8,1,7,15,7,8,4,0,4,1,0,1,29,16,13,8,5,3
26498,C4920,19,340,District-Puruliya,Rural,Total,54446,30274,24172,10839,5686,5153,9989,5287,4702,3709,2131,1578,9665,5925,3740,2596,1459,1137,1859,1028,831,9724,5428,4296,6065,3330,2735
26499,C4920,19,340,District-Puruliya,Rural,0-4,2278,1266,1012,420,217,203,416,218,198,83,51,32,305,196,109,67,42,25,15,13,2,717,382,335,255,147,108
26500,C4920,19,340,District-Puruliya,Rural,5-9,4329,2446,1883,742,422,320,666,346,320,580,345,235,498,315,183,204,116,88,71,38,33,914,481,433,654,383,271
26501,C4920,19,340,District-Puruliya,Rural,10-19,9698,5435,4263,1596,872,724,1562,850,712,1078,646,432,1367,765,602,658,353,305,259,160,99,1814,1004,810,1364,785,579
26502,C4920,19,340,District-Puruliya,Rural,20-29,7282,4143,3139,1030,598,432,1095,603,492,655,348,307,1390,830,560,485,276,209,313,170,143,1562,902,660,752,416,336
26503,C4920,19,340,District-Puruliya,Rural,30-39,6884,3940,2944,1028,557,471,1182,635,547,500,287,213,1338,854,484,451,268,183,399,216,183,1361,757,604,625,366,259
26504,C4920,19,340,District-Puruliya,Rural,40-49,6551,3896,2655,1185,671,514,1225,677,548,358,216,142,1337,909,428,360,201,159,353,200,153,1253,730,523,480,292,188
26505,C4920,19,340,District-Puruliya,Rural,50-59,5764,3277,2487,1403,753,650,1163,639,524,250,135,115,1233,792,441,189,112,77,239,131,108,901,499,402,386,216,170
26506,C4920,19,340,District-Puruliya,Rural,60-69,6609,3404,3205,1956,937,1019,1503,732,771,128,70,58,1337,790,547,113,59,54,142,63,79,756,415,341,674,338,336
26507,C4920,19,340,District-Puruliya,Rural,70-79,3670,1832,1838,1113,508,605,868,430,438,52,21,31,647,369,278,54,27,27,51,27,24,324,193,131,561,257,304
26508,C4920,19,340,District-Puruliya,Rural,80-89,1021,479,542,279,119,160,239,123,116,14,9,5,157,77,80,8,3,5,15,10,5,78,42,36,231,96,135
26509,C4920,19,340,District-Puruliya,Rural,90+,280,121,159,77,29,48,51,24,27,3,2,1,45,23,22,3,2,1,1,0,1,21,10,11,79,31,48
26510,C4920,19,340,District-Puruliya,Rural,Age Not Stated,80,35,45,10,3,7,19,10,9,8,1,7,11,5,6,4,0,4,1,0,1,23,13,10,4,3,1
26511,C4920,19,340,District-Puruliya,Urban,Total,7342,4062,3280,1334,715,619,1651,804,847,570,328,242,1022,662,360,377,220,157,276,160,116,1484,816,668,628,357,271
26512,C4920,19,340,District-Puruliya,Urban,0-4,343,174,169,66,38,28,88,41,47,14,7,7,26,15,11,18,10,8,6,5,1,98,43,55,27,15,12
26513,C4920,19,340,District-Puruliya,Urban,5-9,543,290,253,88,47,41,123,57,66,77,50,27,42,26,16,25,12,13,16,12,4,115,56,59,57,30,27
26514,C4920,19,340,District-Puruliya,Urban,10-19,1243,664,579,193,93,100,267,126,141,137,83,54,133,81,52,75,43,32,33,18,15,251,132,119,154,88,66
26515,C4920,19,340,District-Puruliya,Urban,20-29,1255,711,544,199,106,93,266,126,140,115,55,60,171,106,65,72,43,29,45,29,16,268,170,98,119,76,43
26516,C4920,19,340,District-Puruliya,Urban,30-39,1062,600,462,171,103,68,231,115,116,86,53,33,173,115,58,55,32,23,60,30,30,215,116,99,71,36,35
26517,C4920,19,340,District-Puruliya,Urban,40-49,950,554,396,155,81,74,215,116,99,68,37,31,163,111,52,61,36,25,56,32,24,186,109,77,46,32,14
26518,C4920,19,340,District-Puruliya,Urban,50-59,767,444,323,152,91,61,171,75,96,36,22,14,125,92,33,41,23,18,34,23,11,166,94,72,42,24,18
26519,C4920,19,340,District-Puruliya,Urban,60-69,649,347,302,171,81,90,151,76,75,26,14,12,115,71,44,19,15,4,18,10,8,101,52,49,48,28,20
26520,C4920,19,340,District-Puruliya,Urban,70-79,368,198,170,97,54,43,99,48,51,9,6,3,50,34,16,8,4,4,5,0,5,59,35,24,41,17,24
26521,C4920,19,340,District-Puruliya,Urban,80-89,115,52,63,30,12,18,33,19,14,2,1,1,17,6,11,3,2,1,3,1,2,15,6,9,12,5,7
26522,C4920,19,340,District-Puruliya,Urban,90+,29,18,11,9,7,2,6,4,2,0,0,0,3,3,0,0,0,0,0,0,0,4,0,4,7,4,3
26523,C4920,19,340,District-Puruliya,Urban,Age Not Stated,18,10,8,3,2,1,1,1,0,0,0,0,4,2,2,0,0,0,0,0,0,6,3,3,4,2,2
26524,C4920,19,341,District-Haora ,Total,Total,104949,58883,46066,22074,11803,10271,17857,9521,8336,8704,4721,3983,14418,9225,5193,8192,4664,3528,3306,1937,1369,22347,12644,9703,8051,4368,3683
26525,C4920,19,341,District-Haora ,Total,0-4,4830,2483,2347,1116,561,555,970,471,499,131,71,60,328,183,145,297,157,140,26,15,11,1644,841,803,318,184,134
26526,C4920,19,341,District-Haora ,Total,5-9,6869,3753,3116,1358,714,644,1128,577,551,795,434,361,564,343,221,588,316,272,111,70,41,1640,882,758,685,417,268
26527,C4920,19,341,District-Haora ,Total,10-19,16570,9086,7484,3172,1698,1474,2771,1470,1301,1714,909,805,1668,1035,633,1739,954,785,483,321,162,3409,1788,1621,1614,911,703
26528,C4920,19,341,District-Haora ,Total,20-29,17401,9605,7796,3130,1675,1455,2923,1505,1418,1671,879,792,2074,1323,751,1628,923,705,579,333,246,4082,2272,1810,1314,695,619
26529,C4920,19,341,District-Haora ,Total,30-39,16339,9372,6967,3171,1751,1420,2764,1482,1282,1534,790,744,2153,1436,717,1467,841,626,645,388,257,3569,2093,1476,1036,591,445
26530,C4920,19,341,District-Haora ,Total,40-49,14626,8846,5780,3060,1744,1316,2390,1383,1007,1214,701,513,2267,1569,698,1156,705,451,607,376,231,3213,1945,1268,719,423,296
26531,C4920,19,341,District-Haora ,Total,50-59,10993,6562,4431,2509,1388,1121,1824,1017,807,808,463,345,1994,1359,635,676,421,255,388,203,185,2173,1335,838,621,376,245
26532,C4920,19,341,District-Haora ,Total,60-69,8878,5010,3868,2358,1230,1128,1541,838,703,500,298,202,1704,1106,598,371,202,169,258,133,125,1525,888,637,621,315,306
26533,C4920,19,341,District-Haora ,Total,70-79,5485,2814,2671,1454,705,749,997,519,478,238,129,109,1132,607,525,173,91,82,143,68,75,741,418,323,607,277,330
26534,C4920,19,341,District-Haora ,Total,80-89,2088,970,1118,532,240,292,399,196,203,59,25,34,395,200,195,57,32,25,44,19,25,244,132,112,358,126,232
26535,C4920,19,341,District-Haora ,Total,90+,699,284,415,154,65,89,132,56,76,26,12,14,119,49,70,22,12,10,19,10,9,75,31,44,152,49,103
26536,C4920,19,341,District-Haora ,Total,Age Not Stated,171,98,73,60,32,28,18,7,11,14,10,4,20,15,5,18,10,8,3,1,2,32,19,13,6,4,2
26537,C4920,19,341,District-Haora ,Rural,Total,38414,21523,16891,7542,3967,3575,5528,2936,2592,2969,1593,1376,6244,4031,2213,2944,1573,1371,1231,717,514,8207,4684,3523,3749,2022,1727
26538,C4920,19,341,District-Haora ,Rural,0-4,1718,916,802,381,198,183,251,125,126,60,29,31,144,78,66,79,40,39,12,7,5,626,343,283,165,96,69
26539,C4920,19,341,District-Haora ,Rural,5-9,2451,1317,1134,413,214,199,315,158,157,309,162,147,249,154,95,173,89,84,46,26,20,628,331,297,318,183,135
26540,C4920,19,341,District-Haora ,Rural,10-19,6073,3298,2775,956,516,440,908,469,439,671,355,316,750,462,288,655,331,324,175,116,59,1190,617,573,768,432,336
26541,C4920,19,341,District-Haora ,Rural,20-29,6307,3500,2807,960,549,411,857,456,401,607,315,292,960,612,348,643,330,313,217,128,89,1455,789,666,608,321,287
26542,C4920,19,341,District-Haora ,Rural,30-39,5844,3391,2453,1000,555,445,830,443,387,482,236,246,907,605,302,550,302,248,245,148,97,1387,842,545,443,260,183
26543,C4920,19,341,District-Haora ,Rural,40-49,5175,3180,1995,1035,584,451,677,402,275,384,221,163,962,668,294,387,229,158,224,138,86,1197,750,447,309,188,121
26544,C4920,19,341,District-Haora ,Rural,50-59,3890,2331,1559,891,464,427,552,307,245,223,140,83,818,573,245,236,147,89,141,77,64,749,465,284,280,158,122
26545,C4920,19,341,District-Haora ,Rural,60-69,3503,1940,1563,927,460,467,567,295,272,141,89,52,769,520,249,134,64,70,89,43,46,564,318,246,312,151,161
26546,C4920,19,341,District-Haora ,Rural,70-79,2289,1132,1157,663,298,365,371,184,187,64,34,30,470,250,220,63,29,34,57,24,33,300,174,126,301,139,162
26547,C4920,19,341,District-Haora ,Rural,80-89,829,382,447,232,94,138,143,74,69,18,7,11,154,80,74,14,6,8,16,8,8,83,43,40,169,70,99
26548,C4920,19,341,District-Haora ,Rural,90+,289,108,181,67,25,42,52,21,31,7,2,5,54,25,29,4,2,2,8,2,6,25,9,16,72,22,50
26549,C4920,19,341,District-Haora ,Rural,Age Not Stated,46,28,18,17,10,7,5,2,3,3,3,0,7,4,3,6,4,2,1,0,1,3,3,0,4,2,2
26550,C4920,19,341,District-Haora ,Urban,Total,66535,37360,29175,14532,7836,6696,12329,6585,5744,5735,3128,2607,8174,5194,2980,5248,3091,2157,2075,1220,855,14140,7960,6180,4302,2346,1956
26551,C4920,19,341,District-Haora ,Urban,0-4,3112,1567,1545,735,363,372,719,346,373,71,42,29,184,105,79,218,117,101,14,8,6,1018,498,520,153,88,65
26552,C4920,19,341,District-Haora ,Urban,5-9,4418,2436,1982,945,500,445,813,419,394,486,272,214,315,189,126,415,227,188,65,44,21,1012,551,461,367,234,133
26553,C4920,19,341,District-Haora ,Urban,10-19,10497,5788,4709,2216,1182,1034,1863,1001,862,1043,554,489,918,573,345,1084,623,461,308,205,103,2219,1171,1048,846,479,367
26554,C4920,19,341,District-Haora ,Urban,20-29,11094,6105,4989,2170,1126,1044,2066,1049,1017,1064,564,500,1114,711,403,985,593,392,362,205,157,2627,1483,1144,706,374,332
26555,C4920,19,341,District-Haora ,Urban,30-39,10495,5981,4514,2171,1196,975,1934,1039,895,1052,554,498,1246,831,415,917,539,378,400,240,160,2182,1251,931,593,331,262
26556,C4920,19,341,District-Haora ,Urban,40-49,9451,5666,3785,2025,1160,865,1713,981,732,830,480,350,1305,901,404,769,476,293,383,238,145,2016,1195,821,410,235,175
26557,C4920,19,341,District-Haora ,Urban,50-59,7103,4231,2872,1618,924,694,1272,710,562,585,323,262,1176,786,390,440,274,166,247,126,121,1424,870,554,341,218,123
26558,C4920,19,341,District-Haora ,Urban,60-69,5375,3070,2305,1431,770,661,974,543,431,359,209,150,935,586,349,237,138,99,169,90,79,961,570,391,309,164,145
26559,C4920,19,341,District-Haora ,Urban,70-79,3196,1682,1514,791,407,384,626,335,291,174,95,79,662,357,305,110,62,48,86,44,42,441,244,197,306,138,168
26560,C4920,19,341,District-Haora ,Urban,80-89,1259,588,671,300,146,154,256,122,134,41,18,23,241,120,121,43,26,17,28,11,17,161,89,72,189,56,133
26561,C4920,19,341,District-Haora ,Urban,90+,410,176,234,87,40,47,80,35,45,19,10,9,65,24,41,18,10,8,11,8,3,50,22,28,80,27,53
26562,C4920,19,341,District-Haora ,Urban,Age Not Stated,125,70,55,43,22,21,13,5,8,11,7,4,13,11,2,12,6,6,2,1,1,29,16,13,2,2,0
26563,C4920,19,342,District-Kolkata,Total,Total,121410,67179,54231,34040,18312,15728,22723,12353,10370,9133,5058,4075,11532,7030,4502,7652,4356,3296,3159,1847,1312,27874,15286,12588,5297,2937,2360
26564,C4920,19,342,District-Kolkata,Total,0-4,4288,2269,2019,1347,695,652,944,492,452,80,40,40,144,86,58,227,117,110,30,19,11,1368,735,633,148,85,63
26565,C4920,19,342,District-Kolkata,Total,5-9,5923,3164,2759,1697,877,820,1239,686,553,580,304,276,242,147,95,395,218,177,80,52,28,1368,683,685,322,197,125
26566,C4920,19,342,District-Kolkata,Total,10-19,16271,8969,7302,4526,2444,2082,3122,1628,1494,1404,782,622,902,569,333,1263,701,562,394,241,153,3815,2100,1715,845,504,341
26567,C4920,19,342,District-Kolkata,Total,20-29,20113,11238,8875,5259,2899,2360,3764,2076,1688,1551,836,715,1462,940,522,1456,860,596,515,316,199,5313,2861,2452,793,450,343
26568,C4920,19,342,District-Kolkata,Total,30-39,18732,10577,8155,5181,2943,2238,3631,1995,1636,1547,833,714,1484,957,527,1362,765,597,588,340,248,4283,2367,1916,656,377,279
26569,C4920,19,342,District-Kolkata,Total,40-49,18139,10434,7705,5140,2828,2312,3387,1892,1495,1530,909,621,1647,1102,545,1215,727,488,592,352,240,4056,2275,1781,572,349,223
26570,C4920,19,342,District-Kolkata,Total,50-59,15263,8694,6569,4530,2423,2107,2615,1452,1163,1091,633,458,1822,1192,630,845,492,353,407,241,166,3420,1957,1463,533,304,229
26571,C4920,19,342,District-Kolkata,Total,60-69,11324,6064,5260,3309,1691,1618,1958,1001,957,763,420,343,1790,1039,751,458,257,201,274,139,135,2279,1257,1022,493,260,233
26572,C4920,19,342,District-Kolkata,Total,70-79,7128,3706,3422,1985,991,994,1312,725,587,379,202,177,1318,662,656,217,122,95,174,96,78,1237,680,557,506,228,278
26573,C4920,19,342,District-Kolkata,Total,80-89,2854,1393,1461,701,334,367,487,277,210,130,59,71,559,264,295,103,48,55,81,39,42,480,240,240,313,132,181
26574,C4920,19,342,District-Kolkata,Total,90+,817,381,436,193,89,104,161,78,83,41,22,19,137,57,80,34,17,17,15,8,7,135,67,68,101,43,58
26575,C4920,19,342,District-Kolkata,Total,Age Not Stated,558,290,268,172,98,74,103,51,52,37,18,19,25,15,10,77,32,45,9,4,5,120,64,56,15,8,7
26576,C4920,19,342,District-Kolkata,Rural,Total,0,0,0,0,0,0,0,0,0,0,0,0,0,0,0,0,0,0,0,0,0,0,0,0,0,0,0
26577,C4920,19,342,District-Kolkata,Rural,0-4,0,0,0,0,0,0,0,0,0,0,0,0,0,0,0,0,0,0,0,0,0,0,0,0,0,0,0
26578,C4920,19,342,District-Kolkata,Rural,5-9,0,0,0,0,0,0,0,0,0,0,0,0,0,0,0,0,0,0,0,0,0,0,0,0,0,0,0
26579,C4920,19,342,District-Kolkata,Rural,10-19,0,0,0,0,0,0,0,0,0,0,0,0,0,0,0,0,0,0,0,0,0,0,0,0,0,0,0
26580,C4920,19,342,District-Kolkata,Rural,20-29,0,0,0,0,0,0,0,0,0,0,0,0,0,0,0,0,0,0,0,0,0,0,0,0,0,0,0
26581,C4920,19,342,District-Kolkata,Rural,30-39,0,0,0,0,0,0,0,0,0,0,0,0,0,0,0,0,0,0,0,0,0,0,0,0,0,0,0
26582,C4920,19,342,District-Kolkata,Rural,40-49,0,0,0,0,0,0,0,0,0,0,0,0,0,0,0,0,0,0,0,0,0,0,0,0,0,0,0
26583,C4920,19,342,District-Kolkata,Rural,50-59,0,0,0,0,0,0,0,0,0,0,0,0,0,0,0,0,0,0,0,0,0,0,0,0,0,0,0
26584,C4920,19,342,District-Kolkata,Rural,60-69,0,0,0,0,0,0,0,0,0,0,0,0,0,0,0,0,0,0,0,0,0,0,0,0,0,0,0
26585,C4920,19,342,District-Kolkata,Rural,70-79,0,0,0,0,0,0,0,0,0,0,0,0,0,0,0,0,0,0,0,0,0,0,0,0,0,0,0
26586,C4920,19,342,District-Kolkata,Rural,80-89,0,0,0,0,0,0,0,0,0,0,0,0,0,0,0,0,0,0,0,0,0,0,0,0,0,0,0
26587,C4920,19,342,District-Kolkata,Rural,90+,0,0,0,0,0,0,0,0,0,0,0,0,0,0,0,0,0,0,0,0,0,0,0,0,0,0,0
26588,C4920,19,342,District-Kolkata,Rural,Age Not Stated,0,0,0,0,0,0,0,0,0,0,0,0,0,0,0,0,0,0,0,0,0,0,0,0,0,0,0
26589,C4920,19,342,District-Kolkata,Urban,Total,121410,67179,54231,34040,18312,15728,22723,12353,10370,9133,5058,4075,11532,7030,4502,7652,4356,3296,3159,1847,1312,27874,15286,12588,5297,2937,2360
26590,C4920,19,342,District-Kolkata,Urban,0-4,4288,2269,2019,1347,695,652,944,492,452,80,40,40,144,86,58,227,117,110,30,19,11,1368,735,633,148,85,63
26591,C4920,19,342,District-Kolkata,Urban,5-9,5923,3164,2759,1697,877,820,1239,686,553,580,304,276,242,147,95,395,218,177,80,52,28,1368,683,685,322,197,125
26592,C4920,19,342,District-Kolkata,Urban,10-19,16271,8969,7302,4526,2444,2082,3122,1628,1494,1404,782,622,902,569,333,1263,701,562,394,241,153,3815,2100,1715,845,504,341
26593,C4920,19,342,District-Kolkata,Urban,20-29,20113,11238,8875,5259,2899,2360,3764,2076,1688,1551,836,715,1462,940,522,1456,860,596,515,316,199,5313,2861,2452,793,450,343
26594,C4920,19,342,District-Kolkata,Urban,30-39,18732,10577,8155,5181,2943,2238,3631,1995,1636,1547,833,714,1484,957,527,1362,765,597,588,340,248,4283,2367,1916,656,377,279
26595,C4920,19,342,District-Kolkata,Urban,40-49,18139,10434,7705,5140,2828,2312,3387,1892,1495,1530,909,621,1647,1102,545,1215,727,488,592,352,240,4056,2275,1781,572,349,223
26596,C4920,19,342,District-Kolkata,Urban,50-59,15263,8694,6569,4530,2423,2107,2615,1452,1163,1091,633,458,1822,1192,630,845,492,353,407,241,166,3420,1957,1463,533,304,229
26597,C4920,19,342,District-Kolkata,Urban,60-69,11324,6064,5260,3309,1691,1618,1958,1001,957,763,420,343,1790,1039,751,458,257,201,274,139,135,2279,1257,1022,493,260,233
26598,C4920,19,342,District-Kolkata,Urban,70-79,7128,3706,3422,1985,991,994,1312,725,587,379,202,177,1318,662,656,217,122,95,174,96,78,1237,680,557,506,228,278
26599,C4920,19,342,District-Kolkata,Urban,80-89,2854,1393,1461,701,334,367,487,277,210,130,59,71,559,264,295,103,48,55,81,39,42,480,240,240,313,132,181
26600,C4920,19,342,District-Kolkata,Urban,90+,817,381,436,193,89,104,161,78,83,41,22,19,137,57,80,34,17,17,15,8,7,135,67,68,101,43,58
26601,C4920,19,342,District-Kolkata,Urban,Age Not Stated,558,290,268,172,98,74,103,51,52,37,18,19,25,15,10,77,32,45,9,4,5,120,64,56,15,8,7
26602,C4920,19,343,District-South Twenty Four Parganas,Total,Total,227129,124503,102626,60614,31163,29451,32965,17198,15767,13563,7557,6006,29707,18661,11046,14210,7992,6218,6524,3661,2863,49270,27577,21693,20276,10694,9582
26603,C4920,19,343,District-South Twenty Four Parganas,Total,0-4,11077,5884,5193,2893,1519,1374,1855,938,917,252,145,107,841,485,356,572,291,281,72,42,30,3854,2025,1829,738,439,299
26604,C4920,19,343,District-South Twenty Four Parganas,Total,5-9,15324,8311,7013,3357,1769,1588,2305,1158,1147,1580,890,690,1140,686,454,996,573,423,281,155,126,4142,2215,1927,1523,865,658
26605,C4920,19,343,District-South Twenty Four Parganas,Total,10-19,36666,20077,16589,8134,4283,3851,5550,2853,2697,3258,1810,1448,3891,2332,1559,3083,1723,1360,1010,585,425,8247,4550,3697,3493,1941,1552
26606,C4920,19,343,District-South Twenty Four Parganas,Total,20-29,35700,20070,15630,7993,4391,3602,5073,2585,2488,2685,1432,1253,4749,3136,1613,2880,1597,1283,1176,698,478,8437,4645,3792,2707,1586,1121
26607,C4920,19,343,District-South Twenty Four Parganas,Total,30-39,30907,17766,13141,7514,4014,3500,4462,2428,2034,2060,1152,908,3775,2577,1198,2431,1406,1025,1178,726,452,7702,4421,3281,1785,1042,743
26608,C4920,19,343,District-South Twenty Four Parganas,Total,40-49,30219,17298,12921,8834,4545,4289,4081,2232,1849,1637,922,715,4101,2873,1228,1863,1081,782,1085,601,484,6921,4071,2850,1697,973,724
26609,C4920,19,343,District-South Twenty Four Parganas,Total,50-59,24414,13639,10775,8204,4150,4054,3274,1789,1485,982,577,405,3752,2417,1335,1176,680,496,748,378,370,4588,2716,1872,1690,932,758
26610,C4920,19,343,District-South Twenty Four Parganas,Total,60-69,21863,11589,10274,7421,3623,3798,3224,1699,1525,643,380,263,3788,2264,1524,738,409,329,512,269,243,3142,1787,1355,2395,1158,1237
26611,C4920,19,343,District-South Twenty Four Parganas,Total,70-79,13413,6495,6918,4287,1987,2300,2012,992,1020,285,164,121,2437,1302,1135,323,160,163,300,137,163,1401,733,668,2368,1020,1348
26612,C4920,19,343,District-South Twenty Four Parganas,Total,80-89,5274,2413,2861,1424,645,779,777,358,419,97,47,50,922,456,466,89,45,44,121,50,71,523,251,272,1321,561,760
26613,C4920,19,343,District-South Twenty Four Parganas,Total,90+,1913,755,1158,476,192,284,276,122,154,49,20,29,275,112,163,43,18,25,33,16,17,223,106,117,538,169,369
26614,C4920,19,343,District-South Twenty Four Parganas,Total,Age Not Stated,359,206,153,77,45,32,76,44,32,35,18,17,36,21,15,16,9,7,8,4,4,90,57,33,21,8,13
26615,C4920,19,343,District-South Twenty Four Parganas,Rural,Total,167092,92554,74538,43652,22521,21131,24218,12733,11485,9442,5342,4100,22563,14422,8141,10661,5997,4664,4859,2707,2152,36426,20663,15763,15271,8169,7102
26616,C4920,19,343,District-South Twenty Four Parganas,Rural,0-4,8725,4654,4071,2319,1229,1090,1433,720,713,205,118,87,705,404,301,445,234,211,55,31,24,2964,1555,1409,599,363,236
26617,C4920,19,343,District-South Twenty Four Parganas,Rural,5-9,12135,6611,5524,2625,1366,1259,1806,911,895,1217,692,525,935,560,375,791,463,328,239,131,108,3300,1799,1501,1222,689,533
26618,C4920,19,343,District-South Twenty Four Parganas,Rural,10-19,28733,15788,12945,6342,3297,3045,4329,2236,2093,2491,1408,1083,3205,1933,1272,2397,1334,1063,790,449,341,6437,3593,2844,2742,1538,1204
26619,C4920,19,343,District-South Twenty Four Parganas,Rural,20-29,26773,15197,11576,6044,3332,2712,3702,1921,1781,1848,1000,848,3836,2542,1294,2162,1197,965,885,523,362,6218,3436,2782,2078,1246,832
26620,C4920,19,343,District-South Twenty Four Parganas,Rural,30-39,22419,13062,9357,5412,2921,2491,3193,1775,1418,1353,752,601,2923,2026,897,1764,1013,751,863,521,342,5600,3285,2315,1311,769,542
26621,C4920,19,343,District-South Twenty Four Parganas,Rural,40-49,21423,12387,9036,6105,3160,2945,2918,1601,1317,1032,591,441,3040,2149,891,1366,789,577,793,429,364,4906,2939,1967,1263,729,534
26622,C4920,19,343,District-South Twenty Four Parganas,Rural,50-59,16959,9685,7274,5518,2820,2698,2313,1291,1022,614,376,238,2699,1794,905,841,488,353,522,266,256,3224,1959,1265,1228,691,537
26623,C4920,19,343,District-South Twenty Four Parganas,Rural,60-69,15215,8164,7051,5000,2416,2584,2305,1221,1084,405,252,153,2659,1660,999,548,306,242,366,205,161,2208,1269,939,1724,835,889
26624,C4920,19,343,District-South Twenty Four Parganas,Rural,70-79,9383,4564,4819,2892,1338,1554,1434,692,742,172,105,67,1703,930,773,234,117,117,227,97,130,973,519,454,1748,766,982
26625,C4920,19,343,District-South Twenty Four Parganas,Rural,80-89,3701,1730,1971,992,468,524,536,241,295,58,27,31,627,320,307,69,34,35,89,40,49,377,190,187,953,410,543
26626,C4920,19,343,District-South Twenty Four Parganas,Rural,90+,1380,566,814,352,145,207,194,90,104,32,13,19,201,85,116,32,15,17,25,13,12,154,77,77,390,128,262
26627,C4920,19,343,District-South Twenty Four Parganas,Rural,Age Not Stated,246,146,100,51,29,22,55,34,21,15,8,7,30,19,11,12,7,5,5,2,3,65,42,23,13,5,8
26628,C4920,19,343,District-South Twenty Four Parganas,Urban,Total,60037,31949,28088,16962,8642,8320,8747,4465,4282,4121,2215,1906,7144,4239,2905,3549,1995,1554,1665,954,711,12844,6914,5930,5005,2525,2480
26629,C4920,19,343,District-South Twenty Four Parganas,Urban,0-4,2352,1230,1122,574,290,284,422,218,204,47,27,20,136,81,55,127,57,70,17,11,6,890,470,420,139,76,63
26630,C4920,19,343,District-South Twenty Four Parganas,Urban,5-9,3189,1700,1489,732,403,329,499,247,252,363,198,165,205,126,79,205,110,95,42,24,18,842,416,426,301,176,125
26631,C4920,19,343,District-South Twenty Four Parganas,Urban,10-19,7933,4289,3644,1792,986,806,1221,617,604,767,402,365,686,399,287,686,389,297,220,136,84,1810,957,853,751,403,348
26632,C4920,19,343,District-South Twenty Four Parganas,Urban,20-29,8927,4873,4054,1949,1059,890,1371,664,707,837,432,405,913,594,319,718,400,318,291,175,116,2219,1209,1010,629,340,289
26633,C4920,19,343,District-South Twenty Four Parganas,Urban,30-39,8488,4704,3784,2102,1093,1009,1269,653,616,707,400,307,852,551,301,667,393,274,315,205,110,2102,1136,966,474,273,201
26634,C4920,19,343,District-South Twenty Four Parganas,Urban,40-49,8796,4911,3885,2729,1385,1344,1163,631,532,605,331,274,1061,724,337,497,292,205,292,172,120,2015,1132,883,434,244,190
26635,C4920,19,343,District-South Twenty Four Parganas,Urban,50-59,7455,3954,3501,2686,1330,1356,961,498,463,368,201,167,1053,623,430,335,192,143,226,112,114,1364,757,607,462,241,221
26636,C4920,19,343,District-South Twenty Four Parganas,Urban,60-69,6648,3425,3223,2421,1207,1214,919,478,441,238,128,110,1129,604,525,190,103,87,146,64,82,934,518,416,671,323,348
26637,C4920,19,343,District-South Twenty Four Parganas,Urban,70-79,4030,1931,2099,1395,649,746,578,300,278,113,59,54,734,372,362,89,43,46,73,40,33,428,214,214,620,254,366
26638,C4920,19,343,District-South Twenty Four Parganas,Urban,80-89,1573,683,890,432,177,255,241,117,124,39,20,19,295,136,159,20,11,9,32,10,22,146,61,85,368,151,217
26639,C4920,19,343,District-South Twenty Four Parganas,Urban,90+,533,189,344,124,47,77,82,32,50,17,7,10,74,27,47,11,3,8,8,3,5,69,29,40,148,41,107
26640,C4920,19,343,District-South Twenty Four Parganas,Urban,Age Not Stated,113,60,53,26,16,10,21,10,11,20,10,10,6,2,4,4,2,2,3,2,1,25,15,10,8,3,5
26641,C4920,19,344,District-Paschim Medinipur,Total,Total,143573,79529,64044,32576,16884,15692,21179,11331,9848,10553,5925,4628,22561,14098,8463,9863,5395,4468,4679,2678,2001,26945,15041,11904,15217,8177,7040
26642,C4920,19,344,District-Paschim Medinipur,Total,0-4,5790,3044,2746,1283,632,651,893,465,428,161,89,72,556,323,233,334,161,173,43,22,21,2006,1056,950,514,296,218
26643,C4920,19,344,District-Paschim Medinipur,Total,5-9,9507,5173,4334,1664,869,795,1317,685,632,1315,756,559,942,569,373,662,329,333,161,106,55,2220,1157,1063,1226,702,524
26644,C4920,19,344,District-Paschim Medinipur,Total,10-19,23901,13213,10688,4518,2427,2091,3307,1739,1568,2709,1538,1171,2884,1662,1222,2208,1234,974,723,417,306,4557,2499,2058,2995,1697,1298
26645,C4920,19,344,District-Paschim Medinipur,Total,20-29,21905,12196,9709,3913,2118,1795,2942,1568,1374,1903,1010,893,3453,2131,1322,1905,1010,895,815,509,306,4824,2682,2142,2150,1168,982
26646,C4920,19,344,District-Paschim Medinipur,Total,30-39,20173,11464,8709,4016,2159,1857,2891,1579,1312,1564,875,689,3321,2153,1168,1687,928,759,952,524,428,4153,2363,1790,1589,883,706
26647,C4920,19,344,District-Paschim Medinipur,Total,40-49,19691,11497,8194,4513,2451,2062,2972,1675,1297,1275,738,537,3490,2335,1155,1444,812,632,858,473,385,3694,2196,1498,1445,817,628
26648,C4920,19,344,District-Paschim Medinipur,Total,50-59,15880,9278,6602,4273,2272,2001,2471,1403,1068,812,480,332,3106,2104,1002,843,489,354,543,320,223,2646,1538,1108,1186,672,514
26649,C4920,19,344,District-Paschim Medinipur,Total,60-69,13988,7415,6573,4330,2066,2264,2242,1152,1090,485,263,222,2738,1711,1027,495,278,217,345,191,154,1767,970,797,1586,784,802
26650,C4920,19,344,District-Paschim Medinipur,Total,70-79,8374,4073,4301,2757,1264,1493,1414,678,736,226,111,115,1426,761,665,192,103,89,170,86,84,700,379,321,1489,691,798
26651,C4920,19,344,District-Paschim Medinipur,Total,80-89,3152,1592,1560,990,478,512,527,284,243,55,33,22,513,285,228,52,25,27,50,21,29,218,110,108,747,356,391
26652,C4920,19,344,District-Paschim Medinipur,Total,90+,934,415,519,263,118,145,139,68,71,30,19,11,113,55,58,23,12,11,13,6,7,86,42,44,267,95,172
26653,C4920,19,344,District-Paschim Medinipur,Total,Age Not Stated,278,169,109,56,30,26,64,35,29,18,13,5,19,9,10,18,14,4,6,3,3,74,49,25,23,16,7
26654,C4920,19,344,District-Paschim Medinipur,Rural,Total,125596,69833,55763,27876,14568,13308,18607,9997,8610,8964,5076,3888,20318,12660,7658,8606,4668,3938,4080,2323,1757,23200,13045,10155,13945,7496,6449
26655,C4920,19,344,District-Paschim Medinipur,Rural,0-4,5034,2666,2368,1038,515,523,764,404,360,143,81,62,512,288,224,297,146,151,38,19,19,1771,939,832,471,274,197
26656,C4920,19,344,District-Paschim Medinipur,Rural,5-9,8487,4630,3857,1410,738,672,1178,619,559,1166,679,487,863,519,344,598,292,306,150,100,50,1980,1031,949,1142,652,490
26657,C4920,19,344,District-Paschim Medinipur,Rural,10-19,21185,11766,9419,3833,2102,1731,2906,1541,1365,2409,1367,1042,2665,1529,1136,1983,1104,879,634,362,272,4008,2198,1810,2747,1563,1184
26658,C4920,19,344,District-Paschim Medinipur,Rural,20-29,18858,10564,8294,3186,1751,1435,2517,1351,1166,1625,871,754,3106,1917,1189,1657,868,789,736,462,274,4085,2283,1802,1946,1061,885
26659,C4920,19,344,District-Paschim Medinipur,Rural,30-39,17336,9906,7430,3273,1767,1506,2518,1396,1122,1304,741,563,2953,1908,1045,1481,814,667,833,449,384,3554,2043,1511,1420,788,632
26660,C4920,19,344,District-Paschim Medinipur,Rural,40-49,16964,9978,6986,3819,2103,1716,2578,1460,1118,1037,607,430,3126,2094,1032,1232,688,544,752,412,340,3121,1873,1248,1299,741,558
26661,C4920,19,344,District-Paschim Medinipur,Rural,50-59,13667,7999,5668,3674,1973,1701,2175,1227,948,638,381,257,2728,1843,885,703,401,302,456,269,187,2252,1320,932,1041,585,456
26662,C4920,19,344,District-Paschim Medinipur,Rural,60-69,12501,6634,5867,3912,1887,2025,2012,1018,994,396,216,180,2488,1547,941,416,227,189,285,155,130,1504,846,658,1488,738,750
26663,C4920,19,344,District-Paschim Medinipur,Rural,70-79,7607,3725,3882,2527,1160,1367,1288,625,663,169,84,85,1293,697,596,158,82,76,144,75,69,612,343,269,1416,659,757
26664,C4920,19,344,District-Paschim Medinipur,Rural,80-89,2875,1448,1427,922,442,480,483,260,223,41,24,17,461,259,202,43,22,21,36,12,24,182,95,87,707,334,373
26665,C4920,19,344,District-Paschim Medinipur,Rural,90+,856,382,474,238,105,133,134,66,68,20,14,6,107,53,54,21,11,10,10,5,5,76,39,37,250,89,161
26666,C4920,19,344,District-Paschim Medinipur,Rural,Age Not Stated,226,135,91,44,25,19,54,30,24,16,11,5,16,6,10,17,13,4,6,3,3,55,35,20,18,12,6
26667,C4920,19,344,District-Paschim Medinipur,Urban,Total,17977,9696,8281,4700,2316,2384,2572,1334,1238,1589,849,740,2243,1438,805,1257,727,530,599,355,244,3745,1996,1749,1272,681,591
26668,C4920,19,344,District-Paschim Medinipur,Urban,0-4,756,378,378,245,117,128,129,61,68,18,8,10,44,35,9,37,15,22,5,3,2,235,117,118,43,22,21
26669,C4920,19,344,District-Paschim Medinipur,Urban,5-9,1020,543,477,254,131,123,139,66,73,149,77,72,79,50,29,64,37,27,11,6,5,240,126,114,84,50,34
26670,C4920,19,344,District-Paschim Medinipur,Urban,10-19,2716,1447,1269,685,325,360,401,198,203,300,171,129,219,133,86,225,130,95,89,55,34,549,301,248,248,134,114
26671,C4920,19,344,District-Paschim Medinipur,Urban,20-29,3047,1632,1415,727,367,360,425,217,208,278,139,139,347,214,133,248,142,106,79,47,32,739,399,340,204,107,97
26672,C4920,19,344,District-Paschim Medinipur,Urban,30-39,2837,1558,1279,743,392,351,373,183,190,260,134,126,368,245,123,206,114,92,119,75,44,599,320,279,169,95,74
26673,C4920,19,344,District-Paschim Medinipur,Urban,40-49,2727,1519,1208,694,348,346,394,215,179,238,131,107,364,241,123,212,124,88,106,61,45,573,323,250,146,76,70
26674,C4920,19,344,District-Paschim Medinipur,Urban,50-59,2213,1279,934,599,299,300,296,176,120,174,99,75,378,261,117,140,88,52,87,51,36,394,218,176,145,87,58
26675,C4920,19,344,District-Paschim Medinipur,Urban,60-69,1487,781,706,418,179,239,230,134,96,89,47,42,250,164,86,79,51,28,60,36,24,263,124,139,98,46,52
26676,C4920,19,344,District-Paschim Medinipur,Urban,70-79,767,348,419,230,104,126,126,53,73,57,27,30,133,64,69,34,21,13,26,11,15,88,36,52,73,32,41
26677,C4920,19,344,District-Paschim Medinipur,Urban,80-89,277,144,133,68,36,32,44,24,20,14,9,5,52,26,26,9,3,6,14,9,5,36,15,21,40,22,18
26678,C4920,19,344,District-Paschim Medinipur,Urban,90+,78,33,45,25,13,12,5,2,3,10,5,5,6,2,4,2,1,1,3,1,2,10,3,7,17,6,11
26679,C4920,19,344,District-Paschim Medinipur,Urban,Age Not Stated,52,34,18,12,5,7,10,5,5,2,2,0,3,3,0,1,1,0,0,0,0,19,14,5,5,4,1
26680,C4920,19,345,District-Purba Medinipur,Total,Total,114088,65831,48257,23787,12341,11446,14437,7899,6538,8989,5293,3696,21254,14064,7190,8355,4787,3568,4155,2393,1762,19145,11352,7793,13966,7702,6264
26681,C4920,19,345,District-Purba Medinipur,Total,0-4,4521,2495,2026,773,415,358,592,302,290,147,96,51,611,354,257,227,112,115,46,25,21,1619,885,734,506,306,200
26682,C4920,19,345,District-Purba Medinipur,Total,5-9,7846,4394,3452,1057,562,495,924,474,450,1310,763,547,913,572,341,563,314,249,174,97,77,1677,904,773,1228,708,520
26683,C4920,19,345,District-Purba Medinipur,Total,10-19,20332,11784,8548,3074,1705,1369,2542,1367,1175,2737,1658,1079,3010,1816,1194,1959,1113,846,723,443,280,3417,1993,1424,2870,1689,1181
26684,C4920,19,345,District-Purba Medinipur,Total,20-29,18116,10782,7334,2703,1545,1158,2285,1269,1016,1568,896,672,3586,2330,1256,1677,987,690,759,494,265,3511,2120,1391,2027,1141,886
26685,C4920,19,345,District-Purba Medinipur,Total,30-39,15538,9136,6402,2684,1386,1298,1972,1102,870,1150,645,505,3161,2161,1000,1406,806,600,742,437,305,2922,1800,1122,1501,799,702
26686,C4920,19,345,District-Purba Medinipur,Total,40-49,14808,8887,5921,3390,1824,1566,1853,1057,796,939,551,388,3038,2183,855,1174,669,505,681,372,309,2420,1478,942,1313,753,560
26687,C4920,19,345,District-Purba Medinipur,Total,50-59,11872,7085,4787,3167,1661,1506,1538,885,653,541,325,216,2688,1909,779,717,408,309,518,276,242,1618,1004,614,1085,617,468
26688,C4920,19,345,District-Purba Medinipur,Total,60-69,10481,5710,4771,3302,1484,1818,1364,705,659,363,226,137,2325,1573,752,385,221,164,300,154,146,1142,684,458,1300,663,637
26689,C4920,19,345,District-Purba Medinipur,Total,70-79,6780,3627,3153,2415,1161,1254,881,471,410,159,89,70,1285,800,485,176,114,62,145,70,75,566,341,225,1153,581,572
26690,C4920,19,345,District-Purba Medinipur,Total,80-89,2836,1507,1329,955,480,475,357,196,161,48,31,17,489,292,197,53,38,15,54,23,31,176,100,76,704,347,357
26691,C4920,19,345,District-Purba Medinipur,Total,90+,871,372,499,248,108,140,119,65,54,20,10,10,140,68,72,13,3,10,11,2,9,53,25,28,267,91,176
26692,C4920,19,345,District-Purba Medinipur,Total,Age Not Stated,87,52,35,19,10,9,10,6,4,7,3,4,8,6,2,5,2,3,2,0,2,24,18,6,12,7,5
26693,C4920,19,345,District-Purba Medinipur,Rural,Total,104207,59987,44220,22076,11395,10681,13006,7104,5902,8088,4726,3362,19346,12782,6564,7427,4251,3176,3786,2180,1606,17474,10389,7085,13004,7160,5844
26694,C4920,19,345,District-Purba Medinipur,Rural,0-4,4120,2287,1833,710,383,327,518,265,253,134,83,51,566,327,239,196,97,99,43,24,19,1481,823,658,472,285,187
26695,C4920,19,345,District-Purba Medinipur,Rural,5-9,7198,4029,3169,976,515,461,840,430,410,1215,711,504,847,527,320,512,284,228,159,87,72,1522,828,694,1127,647,480
26696,C4920,19,345,District-Purba Medinipur,Rural,10-19,18422,10640,7782,2798,1553,1245,2277,1228,1049,2437,1453,984,2760,1658,1102,1737,974,763,652,402,250,3127,1818,1309,2634,1554,1080
26697,C4920,19,345,District-Purba Medinipur,Rural,20-29,16312,9725,6587,2430,1398,1032,2014,1114,900,1401,795,606,3265,2128,1137,1483,874,609,688,444,244,3178,1928,1250,1853,1044,809
26698,C4920,19,345,District-Purba Medinipur,Rural,30-39,14160,8313,5847,2488,1271,1217,1753,973,780,1038,583,455,2902,1976,926,1239,723,516,679,402,277,2666,1643,1023,1395,742,653
26699,C4920,19,345,District-Purba Medinipur,Rural,40-49,13512,8067,5445,3167,1678,1489,1675,952,723,835,490,345,2725,1968,757,1043,589,454,625,336,289,2221,1358,863,1221,696,525
26700,C4920,19,345,District-Purba Medinipur,Rural,50-59,10894,6484,4410,2952,1545,1407,1418,813,605,482,288,194,2402,1710,692,651,371,280,476,258,218,1485,916,569,1028,583,445
26701,C4920,19,345,District-Purba Medinipur,Rural,60-69,9750,5270,4480,3125,1392,1733,1244,644,600,331,200,131,2133,1434,699,346,198,148,271,139,132,1057,633,424,1243,630,613
26702,C4920,19,345,District-Purba Medinipur,Rural,70-79,6322,3378,2944,2277,1092,1185,819,439,380,146,83,63,1185,734,451,158,105,53,131,63,68,513,312,201,1093,550,543
26703,C4920,19,345,District-Purba Medinipur,Rural,80-89,2643,1402,1241,905,458,447,330,181,149,44,27,17,436,255,181,46,32,14,51,23,28,160,93,67,671,333,338
26704,C4920,19,345,District-Purba Medinipur,Rural,90+,799,348,451,231,101,130,111,61,50,18,10,8,118,60,58,12,3,9,9,2,7,45,22,23,255,89,166
26705,C4920,19,345,District-Purba Medinipur,Rural,Age Not Stated,75,44,31,17,9,8,7,4,3,7,3,4,7,5,2,4,1,3,2,0,2,19,15,4,12,7,5
26706,C4920,19,345,District-Purba Medinipur,Urban,Total,9881,5844,4037,1711,946,765,1431,795,636,901,567,334,1908,1282,626,928,536,392,369,213,156,1671,963,708,962,542,420
26707,C4920,19,345,District-Purba Medinipur,Urban,0-4,401,208,193,63,32,31,74,37,37,13,13,0,45,27,18,31,15,16,3,1,2,138,62,76,34,21,13
26708,C4920,19,345,District-Purba Medinipur,Urban,5-9,648,365,283,81,47,34,84,44,40,95,52,43,66,45,21,51,30,21,15,10,5,155,76,79,101,61,40
26709,C4920,19,345,District-Purba Medinipur,Urban,10-19,1910,1144,766,276,152,124,265,139,126,300,205,95,250,158,92,222,139,83,71,41,30,290,175,115,236,135,101
26710,C4920,19,345,District-Purba Medinipur,Urban,20-29,1804,1057,747,273,147,126,271,155,116,167,101,66,321,202,119,194,113,81,71,50,21,333,192,141,174,97,77
26711,C4920,19,345,District-Purba Medinipur,Urban,30-39,1378,823,555,196,115,81,219,129,90,112,62,50,259,185,74,167,83,84,63,35,28,256,157,99,106,57,49
26712,C4920,19,345,District-Purba Medinipur,Urban,40-49,1296,820,476,223,146,77,178,105,73,104,61,43,313,215,98,131,80,51,56,36,20,199,120,79,92,57,35
26713,C4920,19,345,District-Purba Medinipur,Urban,50-59,978,601,377,215,116,99,120,72,48,59,37,22,286,199,87,66,37,29,42,18,24,133,88,45,57,34,23
26714,C4920,19,345,District-Purba Medinipur,Urban,60-69,731,440,291,177,92,85,120,61,59,32,26,6,192,139,53,39,23,16,29,15,14,85,51,34,57,33,24
26715,C4920,19,345,District-Purba Medinipur,Urban,70-79,458,249,209,138,69,69,62,32,30,13,6,7,100,66,34,18,9,9,14,7,7,53,29,24,60,31,29
26716,C4920,19,345,District-Purba Medinipur,Urban,80-89,193,105,88,50,22,28,27,15,12,4,4,0,53,37,16,7,6,1,3,0,3,16,7,9,33,14,19
26717,C4920,19,345,District-Purba Medinipur,Urban,90+,72,24,48,17,7,10,8,4,4,2,0,2,22,8,14,1,0,1,2,0,2,8,3,5,12,2,10
26718,C4920,19,345,District-Purba Medinipur,Urban,Age Not Stated,12,8,4,2,1,1,3,2,1,0,0,0,1,1,0,1,1,0,0,0,0,5,3,2,0,0,0
26719,C4920,20,0,State-JHARKHAND,Total,0-4,46455,24406,22049,14154,7208,6946,12307,6329,5978,1057,582,475,3945,2324,1621,1545,822,723,292,173,119,10382,5417,4965,2773,1551,1222
26720,C4920,20,0,State-JHARKHAND,Total,5-9,67427,36416,31011,17628,9202,8426,15706,8058,7648,6578,3655,2923,6767,3978,2789,3631,2034,1597,984,568,416,10392,5530,4862,5741,3391,2350
26721,C4920,20,0,State-JHARKHAND,Total,10-19,144770,79989,64781,32509,17355,15154,29541,15824,13717,12669,6996,5673,23003,13582,9421,10276,5819,4457,3612,2060,1552,21142,11471,9671,12018,6882,5136
26722,C4920,20,0,State-JHARKHAND,Total,20-29,111923,63708,48215,23563,12732,10831,22810,12087,10723,8179,4589,3590,21510,13806,7704,7196,4195,3001,4151,2501,1650,17500,9697,7803,7014,4101,2913
26723,C4920,20,0,State-JHARKHAND,Total,30-39,95138,55563,39575,21067,11824,9243,20967,11512,9455,6451,3660,2791,16442,10900,5542,5675,3377,2298,3933,2373,1560,15718,8991,6727,4885,2926,1959
26724,C4920,20,0,State-JHARKHAND,Total,40-49,83172,49573,33599,18902,10952,7950,18137,10276,7861,4855,2797,2058,16656,10962,5694,4235,2594,1641,3270,1941,1329,13102,7646,5456,4015,2405,1610
26725,C4920,20,0,State-JHARKHAND,Total,50-59,70032,39482,30550,16818,9019,7799,15250,8211,7039,3067,1761,1306,16959,10437,6522,2422,1424,998,1924,1039,885,9594,5384,4210,3998,2207,1791
26726,C4920,20,0,State-JHARKHAND,Total,60-69,82083,42582,39501,20251,9934,10317,17438,8690,8748,2286,1289,997,22750,12659,10091,1658,882,776,1342,701,641,8822,4858,3964,7536,3569,3967
26727,C4920,20,0,State-JHARKHAND,Total,70-79,45933,23450,22483,11016,5428,5588,9227,4778,4449,964,531,433,13599,7215,6384,530,289,241,458,253,205,3555,1955,1600,6584,3001,3583
26728,C4920,20,0,State-JHARKHAND,Total,80-89,15218,7680,7538,3279,1624,1655,2883,1520,1363,279,153,126,4652,2437,2215,131,68,63,104,52,52,919,492,427,2971,1334,1637
26729,C4920,20,0,State-JHARKHAND,Total,90+,4450,2153,2297,855,402,453,793,425,368,66,37,29,1252,603,649,45,25,20,37,25,12,259,126,133,1143,510,633
26730,C4920,20,0,State-JHARKHAND,Total,Age Not Stated,3379,1874,1505,679,362,317,802,432,370,233,119,114,357,200,157,114,72,42,50,32,18,987,569,418,157,88,69
26731,C4920,20,0,State-JHARKHAND,Rural,Total,597544,328696,268848,142001,74799,67202,126741,66751,59990,34544,19305,15239,118928,71213,47715,28693,16360,12333,15161,8554,6607,83788,46183,37605,47688,25531,22157
26732,C4920,20,0,State-JHARKHAND,Rural,0-4,36824,19295,17529,11458,5802,5656,9612,4956,4656,816,443,373,3272,1929,1343,1236,652,584,228,129,99,7946,4120,3826,2256,1264,992
26733,C4920,20,0,State-JHARKHAND,Rural,5-9,53846,29001,24845,14243,7403,6840,12321,6293,6028,5220,2870,2350,5606,3308,2298,2956,1651,1305,805,469,336,8016,4246,3770,4679,2761,1918
26734,C4920,20,0,State-JHARKHAND,Rural,10-19,112045,61896,50149,24989,13304,11685,22433,12023,10410,9741,5407,4334,18696,11000,7696,8019,4517,3502,2784,1566,1218,15937,8684,7253,9446,5395,4051
26735,C4920,20,0,State-JHARKHAND,Rural,20-29,82009,46654,35355,17475,9374,8101,16264,8623,7641,5886,3320,2566,16565,10708,5857,5237,3035,2202,2940,1707,1233,12318,6810,5508,5324,3077,2247
26736,C4920,20,0,State-JHARKHAND,Rural,30-39,71067,41307,29760,15951,8929,7022,15297,8306,6991,4572,2594,1978,12837,8482,4355,4213,2454,1759,2847,1658,1189,11570,6637,4933,3780,2247,1533
26737,C4920,20,0,State-JHARKHAND,Rural,40-49,62533,37011,25522,14344,8305,6039,13401,7446,5955,3416,1953,1463,12899,8468,4431,3215,1930,1285,2498,1437,1061,9609,5608,4001,3151,1864,1287
26738,C4920,20,0,State-JHARKHAND,Rural,50-59,53765,29836,23929,13157,6958,6199,11703,6171,5532,2101,1187,914,13229,8057,5172,1830,1063,767,1471,772,699,7111,3917,3194,3163,1711,1452
26739,C4920,20,0,State-JHARKHAND,Rural,60-69,68296,34788,33508,17027,8181,8846,14576,7140,7436,1714,943,771,19063,10462,8601,1360,709,651,1103,558,545,7005,3827,3178,6448,2968,3480
26740,C4920,20,0,State-JHARKHAND,Rural,70-79,39041,19722,19319,9491,4621,4870,7785,4013,3772,715,378,337,11553,6090,5463,429,237,192,356,184,172,2926,1597,1329,5786,2602,3184
26741,C4920,20,0,State-JHARKHAND,Rural,80-89,12687,6418,6269,2761,1365,1396,2311,1222,1089,207,118,89,3951,2079,1872,103,54,49,82,45,37,697,380,317,2575,1155,1420
26742,C4920,20,0,State-JHARKHAND,Rural,90+,3730,1826,1904,712,345,367,641,351,290,47,29,18,1061,524,537,37,18,19,28,17,11,199,100,99,1005,442,563
26743,C4920,20,0,State-JHARKHAND,Rural,Age Not Stated,1701,942,759,393,212,181,397,207,190,109,63,46,196,106,90,58,40,18,19,12,7,454,257,197,75,45,30
26744,C4920,20,0,State-JHARKHAND,Urban,Total,172436,98180,74256,38720,21243,17477,39120,21391,17729,12140,6864,5276,28964,17890,11074,8765,5241,3524,4996,3164,1832,28584,15953,12631,11147,6434,4713
26745,C4920,20,0,State-JHARKHAND,Urban,0-4,9631,5111,4520,2696,1406,1290,2695,1373,1322,241,139,102,673,395,278,309,170,139,64,44,20,2436,1297,1139,517,287,230
26746,C4920,20,0,State-JHARKHAND,Urban,5-9,13581,7415,6166,3385,1799,1586,3385,1765,1620,1358,785,573,1161,670,491,675,383,292,179,99,80,2376,1284,1092,1062,630,432
26747,C4920,20,0,State-JHARKHAND,Urban,10-19,32725,18093,14632,7520,4051,3469,7108,3801,3307,2928,1589,1339,4307,2582,1725,2257,1302,955,828,494,334,5205,2787,2418,2572,1487,1085
26748,C4920,20,0,State-JHARKHAND,Urban,20-29,29914,17054,12860,6088,3358,2730,6546,3464,3082,2293,1269,1024,4945,3098,1847,1959,1160,799,1211,794,417,5182,2887,2295,1690,1024,666
26749,C4920,20,0,State-JHARKHAND,Urban,30-39,24071,14256,9815,5116,2895,2221,5670,3206,2464,1879,1066,813,3605,2418,1187,1462,923,539,1086,715,371,4148,2354,1794,1105,679,426
26750,C4920,20,0,State-JHARKHAND,Urban,40-49,20639,12562,8077,4558,2647,1911,4736,2830,1906,1439,844,595,3757,2494,1263,1020,664,356,772,504,268,3493,2038,1455,864,541,323
26751,C4920,20,0,State-JHARKHAND,Urban,50-59,16267,9646,6621,3661,2061,1600,3547,2040,1507,966,574,392,3730,2380,1350,592,361,231,453,267,186,2483,1467,1016,835,496,339
26752,C4920,20,0,State-JHARKHAND,Urban,60-69,13787,7794,5993,3224,1753,1471,2862,1550,1312,572,346,226,3687,2197,1490,298,173,125,239,143,96,1817,1031,786,1088,601,487
26753,C4920,20,0,State-JHARKHAND,Urban,70-79,6892,3728,3164,1525,807,718,1442,765,677,249,153,96,2046,1125,921,101,52,49,102,69,33,629,358,271,798,399,399
26754,C4920,20,0,State-JHARKHAND,Urban,80-89,2531,1262,1269,518,259,259,572,298,274,72,35,37,701,358,343,28,14,14,22,7,15,222,112,110,396,179,217
26755,C4920,20,0,State-JHARKHAND,Urban,90+,720,327,393,143,57,86,152,74,78,19,8,11,191,79,112,8,7,1,9,8,1,60,26,34,138,68,70
26756,C4920,20,0,State-JHARKHAND,Urban,Age Not Stated,1678,932,746,286,150,136,405,225,180,124,56,68,161,94,67,56,32,24,31,20,11,533,312,221,82,43,39
26757,C4920,20,346,District-Garhwa ,Total,Total,26271,15083,11188,3514,1934,1580,3677,1969,1708,1643,964,679,7926,4845,3081,1804,1117,687,925,553,372,3797,2127,1670,2985,1574,1411
26758,C4920,20,346,District-Garhwa ,Total,0-4,1066,576,490,141,74,67,257,126,131,34,20,14,182,100,82,53,36,17,17,14,3,263,140,123,119,66,53
26759,C4920,20,346,District-Garhwa ,Total,5-9,2015,1126,889,242,141,101,361,195,166,259,148,111,348,196,152,182,94,88,56,30,26,321,173,148,246,149,97
26760,C4920,20,346,District-Garhwa ,Total,10-19,5155,3019,2136,566,326,240,713,407,306,526,309,217,1340,827,513,516,325,191,200,111,89,756,405,351,538,309,229
26761,C4920,20,346,District-Garhwa ,Total,20-29,3447,2133,1314,299,178,121,437,246,191,243,152,91,1164,772,392,303,183,120,179,123,56,545,312,233,277,167,110
26762,C4920,20,346,District-Garhwa ,Total,30-39,3069,1854,1215,346,201,145,464,243,221,208,131,77,835,562,273,286,174,112,170,105,65,524,295,229,236,143,93
26763,C4920,20,346,District-Garhwa ,Total,40-49,2414,1480,934,295,180,115,344,183,161,142,82,60,702,464,238,222,146,76,116,73,43,424,255,169,169,97,72
26764,C4920,20,346,District-Garhwa ,Total,50-59,2005,1126,879,302,158,144,270,147,123,84,47,37,706,410,296,103,74,29,80,43,37,297,161,136,163,86,77
26765,C4920,20,346,District-Garhwa ,Total,60-69,3494,1802,1692,630,294,336,427,208,219,85,41,44,1356,760,596,106,64,42,74,35,39,378,212,166,438,188,250
26766,C4920,20,346,District-Garhwa ,Total,70-79,2369,1323,1046,470,257,213,263,136,127,44,25,19,869,528,341,25,18,7,26,14,12,215,132,83,457,213,244
26767,C4920,20,346,District-Garhwa ,Total,80-89,952,490,462,179,95,84,105,51,54,13,6,7,339,184,155,6,2,4,5,3,2,57,34,23,248,115,133
26768,C4920,20,346,District-Garhwa ,Total,90+,280,150,130,43,29,14,36,27,9,4,2,2,83,41,42,2,1,1,2,2,0,16,7,9,94,41,53
26769,C4920,20,346,District-Garhwa ,Total,Age Not Stated,5,4,1,1,1,0,0,0,0,1,1,0,2,1,1,0,0,0,0,0,0,1,1,0,0,0,0
26770,C4920,20,346,District-Garhwa ,Rural,Total,25202,14436,10766,3390,1856,1534,3542,1891,1651,1569,925,644,7580,4626,2954,1699,1049,650,881,527,354,3663,2043,1620,2878,1519,1359
26771,C4920,20,346,District-Garhwa ,Rural,0-4,1021,558,463,135,71,64,249,123,126,33,20,13,175,98,77,51,35,16,17,14,3,255,137,118,106,60,46
26772,C4920,20,346,District-Garhwa ,Rural,5-9,1936,1080,856,232,133,99,351,188,163,239,136,103,336,188,148,176,94,82,54,29,25,312,167,145,236,145,91
26773,C4920,20,346,District-Garhwa ,Rural,10-19,4953,2899,2054,546,314,232,689,388,301,507,299,208,1282,794,488,489,307,182,192,109,83,739,396,343,509,292,217
26774,C4920,20,346,District-Garhwa ,Rural,20-29,3256,2011,1245,286,170,116,412,230,182,230,145,85,1092,724,368,283,170,113,166,114,52,522,298,224,265,160,105
26775,C4920,20,346,District-Garhwa ,Rural,30-39,2923,1761,1162,328,189,139,443,234,209,201,127,74,793,533,260,271,163,108,159,97,62,504,283,221,224,135,89
26776,C4920,20,346,District-Garhwa ,Rural,40-49,2289,1392,897,282,169,113,329,173,156,139,81,58,659,432,227,205,135,70,110,68,42,403,239,164,162,95,67
26777,C4920,20,346,District-Garhwa ,Rural,50-59,1915,1071,844,289,152,137,258,142,116,76,44,32,680,390,290,96,67,29,77,42,35,282,152,130,157,82,75
26778,C4920,20,346,District-Garhwa ,Rural,60-69,3387,1743,1644,612,284,328,413,203,210,83,39,44,1310,736,574,98,59,39,73,35,38,365,202,163,433,185,248
26779,C4920,20,346,District-Garhwa ,Rural,70-79,2320,1294,1026,461,252,209,260,134,126,44,25,19,843,511,332,23,17,6,26,14,12,210,129,81,453,212,241
26780,C4920,20,346,District-Garhwa ,Rural,80-89,926,477,449,176,93,83,103,50,53,12,6,6,327,178,149,5,1,4,5,3,2,56,33,23,242,113,129
26781,C4920,20,346,District-Garhwa ,Rural,90+,272,146,126,42,28,14,35,26,9,4,2,2,82,41,41,2,1,1,2,2,0,14,6,8,91,40,51
26782,C4920,20,346,District-Garhwa ,Rural,Age Not Stated,4,4,0,1,1,0,0,0,0,1,1,0,1,1,0,0,0,0,0,0,0,1,1,0,0,0,0
26783,C4920,20,346,District-Garhwa ,Urban,Total,1069,647,422,124,78,46,135,78,57,74,39,35,346,219,127,105,68,37,44,26,18,134,84,50,107,55,52
26784,C4920,20,346,District-Garhwa ,Urban,0-4,45,18,27,6,3,3,8,3,5,1,0,1,7,2,5,2,1,1,0,0,0,8,3,5,13,6,7
26785,C4920,20,346,District-Garhwa ,Urban,5-9,79,46,33,10,8,2,10,7,3,20,12,8,12,8,4,6,0,6,2,1,1,9,6,3,10,4,6
26786,C4920,20,346,District-Garhwa ,Urban,10-19,202,120,82,20,12,8,24,19,5,19,10,9,58,33,25,27,18,9,8,2,6,17,9,8,29,17,12
26787,C4920,20,346,District-Garhwa ,Urban,20-29,191,122,69,13,8,5,25,16,9,13,7,6,72,48,24,20,13,7,13,9,4,23,14,9,12,7,5
26788,C4920,20,346,District-Garhwa ,Urban,30-39,146,93,53,18,12,6,21,9,12,7,4,3,42,29,13,15,11,4,11,8,3,20,12,8,12,8,4
26789,C4920,20,346,District-Garhwa ,Urban,40-49,125,88,37,13,11,2,15,10,5,3,1,2,43,32,11,17,11,6,6,5,1,21,16,5,7,2,5
26790,C4920,20,346,District-Garhwa ,Urban,50-59,90,55,35,13,6,7,12,5,7,8,3,5,26,20,6,7,7,0,3,1,2,15,9,6,6,4,2
26791,C4920,20,346,District-Garhwa ,Urban,60-69,107,59,48,18,10,8,14,5,9,2,2,0,46,24,22,8,5,3,1,0,1,13,10,3,5,3,2
26792,C4920,20,346,District-Garhwa ,Urban,70-79,49,29,20,9,5,4,3,2,1,0,0,0,26,17,9,2,1,1,0,0,0,5,3,2,4,1,3
26793,C4920,20,346,District-Garhwa ,Urban,80-89,26,13,13,3,2,1,2,1,1,1,0,1,12,6,6,1,1,0,0,0,0,1,1,0,6,2,4
26794,C4920,20,346,District-Garhwa ,Urban,90+,8,4,4,1,1,0,1,1,0,0,0,0,1,0,1,0,0,0,0,0,0,2,1,1,3,1,2
26795,C4920,20,346,District-Garhwa ,Urban,Age Not Stated,1,0,1,0,0,0,0,0,0,0,0,0,1,0,1,0,0,0,0,0,0,0,0,0,0,0,0
26796,C4920,20,347,District-Chatra,Total,Total,17699,10070,7629,2341,1242,1099,3684,1916,1768,1139,674,465,4482,2718,1764,1031,610,421,576,356,220,2776,1618,1158,1670,936,734
26797,C4920,20,347,District-Chatra,Total,0-4,888,468,420,83,39,44,267,137,130,31,13,18,148,89,59,32,21,11,10,7,3,247,129,118,70,33,37
26798,C4920,20,347,District-Chatra,Total,5-9,1552,868,684,143,69,74,366,185,181,173,107,66,250,144,106,125,64,61,53,32,21,278,158,120,164,109,55
26799,C4920,20,347,District-Chatra,Total,10-19,3509,2030,1479,336,200,136,710,378,332,317,191,126,761,457,304,307,174,133,137,76,61,589,342,247,352,212,140
26800,C4920,20,347,District-Chatra,Total,20-29,2436,1454,982,188,104,84,428,220,208,190,110,80,708,458,250,182,108,74,115,74,41,424,252,172,201,128,73
26801,C4920,20,347,District-Chatra,Total,30-39,1956,1176,780,198,121,77,393,203,190,161,95,66,484,304,180,133,88,45,100,68,32,361,220,141,126,77,49
26802,C4920,20,347,District-Chatra,Total,40-49,1679,994,685,187,97,90,392,201,191,110,62,48,423,279,144,118,75,43,75,45,30,295,189,106,79,46,33
26803,C4920,20,347,District-Chatra,Total,50-59,1500,848,652,260,130,130,351,190,161,56,36,20,402,242,160,63,43,20,48,34,14,213,115,98,107,58,49
26804,C4920,20,347,District-Chatra,Total,60-69,2183,1166,1017,480,238,242,422,221,201,57,34,23,686,397,289,55,27,28,26,12,14,219,122,97,238,115,123
26805,C4920,20,347,District-Chatra,Total,70-79,1344,718,626,324,172,152,243,120,123,29,16,13,435,242,193,13,9,4,6,4,2,101,58,43,193,97,96
26806,C4920,20,347,District-Chatra,Total,80-89,477,260,217,102,52,50,84,47,37,10,8,2,149,89,60,2,1,1,5,3,2,27,17,10,98,43,55
26807,C4920,20,347,District-Chatra,Total,90+,148,68,80,35,16,19,26,13,13,0,0,0,36,17,19,1,0,1,1,1,0,7,3,4,42,18,24
26808,C4920,20,347,District-Chatra,Total,Age Not Stated,27,20,7,5,4,1,2,1,1,5,2,3,0,0,0,0,0,0,0,0,0,15,13,2,0,0,0
26809,C4920,20,347,District-Chatra,Rural,Total,16643,9457,7186,2243,1194,1049,3574,1858,1716,1039,615,424,4104,2500,1604,948,559,389,510,315,195,2655,1537,1118,1570,879,691
26810,C4920,20,347,District-Chatra,Rural,0-4,856,452,404,80,38,42,263,137,126,28,11,17,139,83,56,31,20,11,9,7,2,237,123,114,69,33,36
26811,C4920,20,347,District-Chatra,Rural,5-9,1467,821,646,136,66,70,356,179,177,154,96,58,239,138,101,114,58,56,49,31,18,268,151,117,151,102,49
26812,C4920,20,347,District-Chatra,Rural,10-19,3300,1904,1396,318,190,128,693,371,322,286,171,115,698,414,284,290,164,126,123,69,54,566,327,239,326,198,128
26813,C4920,20,347,District-Chatra,Rural,20-29,2283,1364,919,180,98,82,417,214,203,176,102,74,652,430,222,164,97,67,101,67,34,404,237,167,189,119,70
26814,C4920,20,347,District-Chatra,Rural,30-39,1813,1083,730,187,115,72,379,194,185,147,89,58,434,271,163,120,80,40,87,57,30,346,210,136,113,67,46
26815,C4920,20,347,District-Chatra,Rural,40-49,1567,929,638,183,95,88,381,193,188,98,55,43,380,258,122,108,69,39,66,39,27,278,176,102,73,44,29
26816,C4920,20,347,District-Chatra,Rural,50-59,1387,780,607,247,123,124,331,180,151,53,33,20,353,213,140,56,38,18,42,28,14,205,110,95,100,55,45
26817,C4920,20,347,District-Chatra,Rural,60-69,2073,1105,968,465,232,233,408,212,196,57,34,23,632,364,268,50,23,27,24,12,12,212,120,92,225,108,117
26818,C4920,20,347,District-Chatra,Rural,70-79,1274,683,591,312,167,145,237,117,120,25,14,11,404,229,175,13,9,4,4,2,2,92,52,40,187,93,94
26819,C4920,20,347,District-Chatra,Rural,80-89,459,251,208,99,51,48,82,47,35,10,8,2,141,84,57,2,1,1,4,2,2,26,16,10,95,42,53
26820,C4920,20,347,District-Chatra,Rural,90+,137,65,72,31,15,16,25,13,12,0,0,0,32,16,16,0,0,0,1,1,0,6,2,4,42,18,24
26821,C4920,20,347,District-Chatra,Rural,Age Not Stated,27,20,7,5,4,1,2,1,1,5,2,3,0,0,0,0,0,0,0,0,0,15,13,2,0,0,0
26822,C4920,20,347,District-Chatra,Urban,Total,1056,613,443,98,48,50,110,58,52,100,59,41,378,218,160,83,51,32,66,41,25,121,81,40,100,57,43
26823,C4920,20,347,District-Chatra,Urban,0-4,32,16,16,3,1,2,4,0,4,3,2,1,9,6,3,1,1,0,1,0,1,10,6,4,1,0,1
26824,C4920,20,347,District-Chatra,Urban,5-9,85,47,38,7,3,4,10,6,4,19,11,8,11,6,5,11,6,5,4,1,3,10,7,3,13,7,6
26825,C4920,20,347,District-Chatra,Urban,10-19,209,126,83,18,10,8,17,7,10,31,20,11,63,43,20,17,10,7,14,7,7,23,15,8,26,14,12
26826,C4920,20,347,District-Chatra,Urban,20-29,153,90,63,8,6,2,11,6,5,14,8,6,56,28,28,18,11,7,14,7,7,20,15,5,12,9,3
26827,C4920,20,347,District-Chatra,Urban,30-39,143,93,50,11,6,5,14,9,5,14,6,8,50,33,17,13,8,5,13,11,2,15,10,5,13,10,3
26828,C4920,20,347,District-Chatra,Urban,40-49,112,65,47,4,2,2,11,8,3,12,7,5,43,21,22,10,6,4,9,6,3,17,13,4,6,2,4
26829,C4920,20,347,District-Chatra,Urban,50-59,113,68,45,13,7,6,20,10,10,3,3,0,49,29,20,7,5,2,6,6,0,8,5,3,7,3,4
26830,C4920,20,347,District-Chatra,Urban,60-69,110,61,49,15,6,9,14,9,5,0,0,0,54,33,21,5,4,1,2,0,2,7,2,5,13,7,6
26831,C4920,20,347,District-Chatra,Urban,70-79,70,35,35,12,5,7,6,3,3,4,2,2,31,13,18,0,0,0,2,2,0,9,6,3,6,4,2
26832,C4920,20,347,District-Chatra,Urban,80-89,18,9,9,3,1,2,2,0,2,0,0,0,8,5,3,0,0,0,1,1,0,1,1,0,3,1,2
26833,C4920,20,347,District-Chatra,Urban,90+,11,3,8,4,1,3,1,0,1,0,0,0,4,1,3,1,0,1,0,0,0,1,1,0,0,0,0
26834,C4920,20,347,District-Chatra,Urban,Age Not Stated,0,0,0,0,0,0,0,0,0,0,0,0,0,0,0,0,0,0,0,0,0,0,0,0,0,0,0
26835,C4920,20,348,District-Kodarma,Total,Total,10195,5984,4211,1180,650,530,2182,1093,1089,782,443,339,2655,1747,908,688,417,271,374,227,147,1365,818,547,969,589,380
26836,C4920,20,348,District-Kodarma,Total,0-4,614,336,278,66,39,27,184,77,107,27,14,13,78,53,25,21,12,9,6,2,4,149,87,62,83,52,31
26837,C4920,20,348,District-Kodarma,Total,5-9,1014,572,442,87,49,38,248,115,133,149,88,61,155,89,66,56,36,20,28,18,10,164,98,66,127,79,48
26838,C4920,20,348,District-Kodarma,Total,10-19,2050,1254,796,155,98,57,412,229,183,216,123,93,477,329,148,187,107,80,80,50,30,261,144,117,262,174,88
26839,C4920,20,348,District-Kodarma,Total,20-29,1478,906,572,131,75,56,253,114,139,123,70,53,453,327,126,132,78,54,74,44,30,182,117,65,130,81,49
26840,C4920,20,348,District-Kodarma,Total,30-39,1290,796,494,127,75,52,288,153,135,99,59,40,350,243,107,125,86,39,70,49,21,160,92,68,71,39,32
26841,C4920,20,348,District-Kodarma,Total,40-49,1035,648,387,130,78,52,222,121,101,70,37,33,284,191,93,75,48,27,43,27,16,161,109,52,50,37,13
26842,C4920,20,348,District-Kodarma,Total,50-59,862,493,369,116,69,47,186,80,106,45,21,24,277,182,95,52,26,26,38,19,19,95,59,36,53,37,16
26843,C4920,20,348,District-Kodarma,Total,60-69,936,518,418,167,82,85,206,108,98,35,19,16,289,182,107,29,18,11,22,10,12,112,66,46,76,33,43
26844,C4920,20,348,District-Kodarma,Total,70-79,628,321,307,131,52,79,131,63,68,10,7,3,211,117,94,6,4,2,9,5,4,60,37,23,70,36,34
26845,C4920,20,348,District-Kodarma,Total,80-89,221,111,110,56,28,28,36,23,13,7,5,2,65,29,36,5,2,3,3,2,1,20,8,12,29,14,15
26846,C4920,20,348,District-Kodarma,Total,90+,64,28,36,14,5,9,14,9,5,0,0,0,16,5,11,0,0,0,1,1,0,1,1,0,18,7,11
26847,C4920,20,348,District-Kodarma,Total,Age Not Stated,3,1,2,0,0,0,2,1,1,1,0,1,0,0,0,0,0,0,0,0,0,0,0,0,0,0,0
26848,C4920,20,348,District-Kodarma,Rural,Total,8219,4798,3421,970,528,442,1835,917,918,615,358,257,2076,1371,705,529,314,215,314,184,130,1131,671,460,749,455,294
26849,C4920,20,348,District-Kodarma,Rural,0-4,520,279,241,58,32,26,166,70,96,22,12,10,64,45,19,19,10,9,5,1,4,114,64,50,72,45,27
26850,C4920,20,348,District-Kodarma,Rural,5-9,832,474,358,75,43,32,212,102,110,116,71,45,123,71,52,43,27,16,25,15,10,133,81,52,105,64,41
26851,C4920,20,348,District-Kodarma,Rural,10-19,1674,1029,645,129,83,46,361,202,159,174,103,71,391,271,120,132,73,59,70,44,26,210,113,97,207,140,67
26852,C4920,20,348,District-Kodarma,Rural,20-29,1206,732,474,104,56,48,203,90,113,101,59,42,367,269,98,104,56,48,63,37,26,159,102,57,105,63,42
26853,C4920,20,348,District-Kodarma,Rural,30-39,1025,631,394,103,62,41,227,120,107,72,43,29,284,196,88,94,63,31,56,38,18,134,80,54,55,29,26
26854,C4920,20,348,District-Kodarma,Rural,40-49,832,515,317,106,65,41,191,102,89,57,29,28,212,146,66,62,40,22,31,19,12,136,87,49,37,27,10
26855,C4920,20,348,District-Kodarma,Rural,50-59,696,387,309,92,53,39,158,67,91,36,16,20,208,132,76,45,26,19,36,18,18,81,49,32,40,26,14
26856,C4920,20,348,District-Kodarma,Rural,60-69,719,399,320,137,66,71,164,87,77,27,17,10,209,131,78,24,15,9,18,7,11,93,54,39,47,22,25
26857,C4920,20,348,District-Kodarma,Rural,70-79,486,246,240,105,43,62,109,51,58,8,6,2,157,86,71,4,3,1,6,2,4,53,33,20,44,22,22
26858,C4920,20,348,District-Kodarma,Rural,80-89,173,81,92,47,20,27,31,18,13,2,2,0,48,20,28,2,1,1,3,2,1,17,7,10,23,11,12
26859,C4920,20,348,District-Kodarma,Rural,90+,54,24,30,14,5,9,11,7,4,0,0,0,13,4,9,0,0,0,1,1,0,1,1,0,14,6,8
26860,C4920,20,348,District-Kodarma,Rural,Age Not Stated,2,1,1,0,0,0,2,1,1,0,0,0,0,0,0,0,0,0,0,0,0,0,0,0,0,0,0
26861,C4920,20,348,District-Kodarma,Urban,Total,1976,1186,790,210,122,88,347,176,171,167,85,82,579,376,203,159,103,56,60,43,17,234,147,87,220,134,86
26862,C4920,20,348,District-Kodarma,Urban,0-4,94,57,37,8,7,1,18,7,11,5,2,3,14,8,6,2,2,0,1,1,0,35,23,12,11,7,4
26863,C4920,20,348,District-Kodarma,Urban,5-9,182,98,84,12,6,6,36,13,23,33,17,16,32,18,14,13,9,4,3,3,0,31,17,14,22,15,7
26864,C4920,20,348,District-Kodarma,Urban,10-19,376,225,151,26,15,11,51,27,24,42,20,22,86,58,28,55,34,21,10,6,4,51,31,20,55,34,21
26865,C4920,20,348,District-Kodarma,Urban,20-29,272,174,98,27,19,8,50,24,26,22,11,11,86,58,28,28,22,6,11,7,4,23,15,8,25,18,7
26866,C4920,20,348,District-Kodarma,Urban,30-39,265,165,100,24,13,11,61,33,28,27,16,11,66,47,19,31,23,8,14,11,3,26,12,14,16,10,6
26867,C4920,20,348,District-Kodarma,Urban,40-49,203,133,70,24,13,11,31,19,12,13,8,5,72,45,27,13,8,5,12,8,4,25,22,3,13,10,3
26868,C4920,20,348,District-Kodarma,Urban,50-59,166,106,60,24,16,8,28,13,15,9,5,4,69,50,19,7,0,7,2,1,1,14,10,4,13,11,2
26869,C4920,20,348,District-Kodarma,Urban,60-69,217,119,98,30,16,14,42,21,21,8,2,6,80,51,29,5,3,2,4,3,1,19,12,7,29,11,18
26870,C4920,20,348,District-Kodarma,Urban,70-79,142,75,67,26,9,17,22,12,10,2,1,1,54,31,23,2,1,1,3,3,0,7,4,3,26,14,12
26871,C4920,20,348,District-Kodarma,Urban,80-89,48,30,18,9,8,1,5,5,0,5,3,2,17,9,8,3,1,2,0,0,0,3,1,2,6,3,3
26872,C4920,20,348,District-Kodarma,Urban,90+,10,4,6,0,0,0,3,2,1,0,0,0,3,1,2,0,0,0,0,0,0,0,0,0,4,1,3
26873,C4920,20,348,District-Kodarma,Urban,Age Not Stated,1,0,1,0,0,0,0,0,0,1,0,1,0,0,0,0,0,0,0,0,0,0,0,0,0,0,0
26874,C4920,20,349,District-Giridih,Total,Total,49208,27877,21331,7806,4130,3676,13561,7246,6315,3337,1922,1415,9841,6195,3646,2292,1358,934,1263,731,532,6243,3546,2697,4865,2749,2116
26875,C4920,20,349,District-Giridih,Total,0-4,3062,1642,1420,416,208,208,1215,626,589,90,52,38,347,213,134,74,36,38,38,20,18,625,337,288,257,150,107
26876,C4920,20,349,District-Giridih,Total,5-9,4578,2526,2052,553,313,240,1396,702,694,555,328,227,558,310,248,212,122,90,81,50,31,668,349,319,555,352,203
26877,C4920,20,349,District-Giridih,Total,10-19,9314,5317,3997,1177,633,544,2421,1333,1088,980,559,421,1659,1034,625,675,375,300,265,140,125,1159,660,499,978,583,395
26878,C4920,20,349,District-Giridih,Total,20-29,6816,4010,2806,765,423,342,1843,1007,836,566,323,243,1428,966,462,475,302,173,244,135,109,931,533,398,564,321,243
26879,C4920,20,349,District-Giridih,Total,30-39,5486,3285,2201,665,410,255,1562,823,739,436,256,180,1065,726,339,330,196,134,224,139,85,821,494,327,383,241,142
26880,C4920,20,349,District-Giridih,Total,40-49,5019,3098,1921,758,435,323,1370,795,575,317,180,137,1060,742,318,242,162,80,186,122,64,748,455,293,338,207,131
26881,C4920,20,349,District-Giridih,Total,50-59,4485,2521,1964,907,462,445,1233,652,581,169,93,76,1060,673,387,132,86,46,102,58,44,523,290,233,359,207,152
26882,C4920,20,349,District-Giridih,Total,60-69,5480,2936,2544,1308,638,670,1408,728,680,126,77,49,1380,832,548,113,61,52,79,45,34,492,275,217,574,280,294
26883,C4920,20,349,District-Giridih,Total,70-79,3455,1771,1684,915,450,465,792,408,384,73,39,34,867,487,380,26,10,16,33,13,20,197,110,87,552,254,298
26884,C4920,20,349,District-Giridih,Total,80-89,1117,554,563,265,122,143,241,118,123,20,12,8,305,158,147,7,3,4,8,6,2,54,27,27,217,108,109
26885,C4920,20,349,District-Giridih,Total,90+,365,196,169,71,34,37,72,47,25,4,2,2,108,52,56,4,3,1,2,2,0,17,11,6,87,45,42
26886,C4920,20,349,District-Giridih,Total,Age Not Stated,31,21,10,6,2,4,8,7,1,1,1,0,4,2,2,2,2,0,1,1,0,8,5,3,1,1,0
26887,C4920,20,349,District-Giridih,Rural,Total,45559,25727,19832,7209,3769,3440,12781,6844,5937,3056,1755,1301,9033,5674,3359,2107,1240,867,1145,661,484,5705,3234,2471,4523,2550,1973
26888,C4920,20,349,District-Giridih,Rural,0-4,2867,1536,1331,385,194,191,1157,602,555,79,45,34,320,195,125,69,32,37,36,20,16,580,309,271,241,139,102
26889,C4920,20,349,District-Giridih,Rural,5-9,4300,2372,1928,516,292,224,1314,661,653,519,305,214,526,294,232,197,111,86,76,47,29,625,326,299,527,336,191
26890,C4920,20,349,District-Giridih,Rural,10-19,8645,4914,3731,1076,571,505,2283,1260,1023,921,527,394,1529,946,583,618,344,274,246,128,118,1064,599,465,908,539,369
26891,C4920,20,349,District-Giridih,Rural,20-29,6238,3679,2559,695,376,319,1731,951,780,503,285,218,1307,892,415,435,275,160,220,127,93,825,473,352,522,300,222
26892,C4920,20,349,District-Giridih,Rural,30-39,5030,3008,2022,596,366,230,1476,782,694,385,224,161,973,661,312,302,178,124,193,120,73,761,462,299,344,215,129
26893,C4920,20,349,District-Giridih,Rural,40-49,4528,2797,1731,667,387,280,1275,733,542,290,168,122,941,658,283,219,145,74,167,108,59,672,413,259,297,185,112
26894,C4920,20,349,District-Giridih,Rural,50-59,4137,2308,1829,848,426,422,1156,612,544,154,84,70,962,609,353,120,78,42,94,52,42,479,262,217,324,185,139
26895,C4920,20,349,District-Giridih,Rural,60-69,5118,2716,2402,1234,587,647,1337,690,647,112,66,46,1274,763,511,110,60,50,75,42,33,441,247,194,535,261,274
26896,C4920,20,349,District-Giridih,Rural,70-79,3263,1667,1596,861,419,442,750,390,360,69,36,33,810,455,355,25,10,15,29,10,19,187,103,84,532,244,288
26897,C4920,20,349,District-Giridih,Rural,80-89,1057,523,534,257,116,141,226,112,114,20,12,8,284,149,135,7,3,4,6,4,2,49,25,24,208,102,106
26898,C4920,20,349,District-Giridih,Rural,90+,348,188,160,68,33,35,69,45,24,3,2,1,103,50,53,3,2,1,2,2,0,16,11,5,84,43,41
26899,C4920,20,349,District-Giridih,Rural,Age Not Stated,28,19,9,6,2,4,7,6,1,1,1,0,4,2,2,2,2,0,1,1,0,6,4,2,1,1,0
26900,C4920,20,349,District-Giridih,Urban,Total,3649,2150,1499,597,361,236,780,402,378,281,167,114,808,521,287,185,118,67,118,70,48,538,312,226,342,199,143
26901,C4920,20,349,District-Giridih,Urban,0-4,195,106,89,31,14,17,58,24,34,11,7,4,27,18,9,5,4,1,2,0,2,45,28,17,16,11,5
26902,C4920,20,349,District-Giridih,Urban,5-9,278,154,124,37,21,16,82,41,41,36,23,13,32,16,16,15,11,4,5,3,2,43,23,20,28,16,12
26903,C4920,20,349,District-Giridih,Urban,10-19,669,403,266,101,62,39,138,73,65,59,32,27,130,88,42,57,31,26,19,12,7,95,61,34,70,44,26
26904,C4920,20,349,District-Giridih,Urban,20-29,578,331,247,70,47,23,112,56,56,63,38,25,121,74,47,40,27,13,24,8,16,106,60,46,42,21,21
26905,C4920,20,349,District-Giridih,Urban,30-39,456,277,179,69,44,25,86,41,45,51,32,19,92,65,27,28,18,10,31,19,12,60,32,28,39,26,13
26906,C4920,20,349,District-Giridih,Urban,40-49,491,301,190,91,48,43,95,62,33,27,12,15,119,84,35,23,17,6,19,14,5,76,42,34,41,22,19
26907,C4920,20,349,District-Giridih,Urban,50-59,348,213,135,59,36,23,77,40,37,15,9,6,98,64,34,12,8,4,8,6,2,44,28,16,35,22,13
26908,C4920,20,349,District-Giridih,Urban,60-69,362,220,142,74,51,23,71,38,33,14,11,3,106,69,37,3,1,2,4,3,1,51,28,23,39,19,20
26909,C4920,20,349,District-Giridih,Urban,70-79,192,104,88,54,31,23,42,18,24,4,3,1,57,32,25,1,0,1,4,3,1,10,7,3,20,10,10
26910,C4920,20,349,District-Giridih,Urban,80-89,60,31,29,8,6,2,15,6,9,0,0,0,21,9,12,0,0,0,2,2,0,5,2,3,9,6,3
26911,C4920,20,349,District-Giridih,Urban,90+,17,8,9,3,1,2,3,2,1,1,0,1,5,2,3,1,1,0,0,0,0,1,0,1,3,2,1
26912,C4920,20,349,District-Giridih,Urban,Age Not Stated,3,2,1,0,0,0,1,1,0,0,0,0,0,0,0,0,0,0,0,0,0,2,1,1,0,0,0
26913,C4920,20,350,District-Deoghar,Total,Total,47613,26646,20967,15494,8227,7267,9571,5206,4365,3909,2162,1747,6820,4332,2488,1700,1014,686,729,446,283,6649,3671,2978,2741,1588,1153
26914,C4920,20,350,District-Deoghar,Total,0-4,3942,2030,1912,1628,800,828,855,457,398,88,42,46,248,153,95,88,36,52,19,10,9,848,440,408,168,92,76
26915,C4920,20,350,District-Deoghar,Total,5-9,4968,2644,2324,1838,936,902,1041,532,509,597,314,283,352,215,137,166,89,77,42,21,21,613,339,274,319,198,121
26916,C4920,20,350,District-Deoghar,Total,10-19,9216,5168,4048,2965,1616,1349,1690,944,746,1078,568,510,1084,680,404,432,250,182,130,70,60,1238,686,552,599,354,245
26917,C4920,20,350,District-Deoghar,Total,20-29,6914,3955,2959,2104,1131,973,1307,719,588,685,409,276,1023,677,346,323,204,119,138,87,51,1002,536,466,332,192,140
26918,C4920,20,350,District-Deoghar,Total,30-39,5908,3423,2485,1821,1023,798,1198,673,525,517,285,232,808,522,286,264,154,110,148,100,48,920,517,403,232,149,83
26919,C4920,20,350,District-Deoghar,Total,40-49,4878,2872,2006,1429,768,661,1004,557,447,381,225,156,834,561,273,183,128,55,99,61,38,750,451,299,198,121,77
26920,C4920,20,350,District-Deoghar,Total,50-59,3839,2183,1656,1192,662,530,797,419,378,237,130,107,753,494,259,116,75,41,80,48,32,517,270,247,147,85,62
26921,C4920,20,350,District-Deoghar,Total,60-69,4432,2465,1967,1399,737,662,946,495,451,189,113,76,973,590,383,84,50,34,55,36,19,496,286,210,290,158,132
26922,C4920,20,350,District-Deoghar,Total,70-79,2436,1318,1118,787,392,395,524,287,237,95,54,41,521,314,207,37,23,14,14,10,4,189,104,85,269,134,135
26923,C4920,20,350,District-Deoghar,Total,80-89,772,425,347,241,120,121,161,98,63,27,13,14,161,93,68,4,4,0,1,1,0,53,28,25,124,68,56
26924,C4920,20,350,District-Deoghar,Total,90+,210,111,99,55,25,30,28,16,12,9,3,6,47,26,21,1,0,1,1,0,1,10,7,3,59,34,25
26925,C4920,20,350,District-Deoghar,Total,Age Not Stated,98,52,46,35,17,18,20,9,11,6,6,0,16,7,9,2,1,1,2,2,0,13,7,6,4,3,1
26926,C4920,20,350,District-Deoghar,Rural,Total,39410,21869,17541,12450,6514,5936,7996,4342,3654,3268,1792,1476,5818,3652,2166,1383,810,573,612,366,246,5536,3041,2495,2347,1352,995
26927,C4920,20,350,District-Deoghar,Rural,0-4,3373,1702,1671,1378,654,724,728,389,339,81,38,43,219,134,85,71,24,47,16,7,9,741,383,358,139,73,66
26928,C4920,20,350,District-Deoghar,Rural,5-9,4244,2260,1984,1523,768,755,899,461,438,523,273,250,315,193,122,143,76,67,34,20,14,528,294,234,279,175,104
26929,C4920,20,350,District-Deoghar,Rural,10-19,7689,4318,3371,2378,1296,1082,1401,793,608,929,490,439,947,590,357,363,210,153,109,58,51,1036,569,467,526,312,214
26930,C4920,20,350,District-Deoghar,Rural,20-29,5565,3162,2403,1630,862,768,1044,578,466,569,336,233,861,565,296,257,159,98,117,73,44,810,433,377,277,156,121
26931,C4920,20,350,District-Deoghar,Rural,30-39,4738,2746,1992,1398,781,617,975,552,423,415,230,185,677,434,243,216,129,87,124,81,43,739,417,322,194,122,72
26932,C4920,20,350,District-Deoghar,Rural,40-49,3858,2248,1610,1088,581,507,813,439,374,297,172,125,680,455,225,139,93,46,81,49,32,608,363,245,152,96,56
26933,C4920,20,350,District-Deoghar,Rural,50-59,3112,1737,1375,941,512,429,675,359,316,192,101,91,627,396,231,84,55,29,67,37,30,410,211,199,116,66,50
26934,C4920,20,350,District-Deoghar,Rural,60-69,3795,2066,1729,1154,591,563,824,422,402,151,90,61,850,507,343,74,42,32,49,31,18,438,246,192,255,137,118
26935,C4920,20,350,District-Deoghar,Rural,70-79,2110,1128,982,686,335,351,455,243,212,75,42,33,448,273,175,30,18,12,11,7,4,163,87,76,242,123,119
26936,C4920,20,350,District-Deoghar,Rural,80-89,648,354,294,192,95,97,139,84,55,23,12,11,138,75,63,3,3,0,1,1,0,41,24,17,111,60,51
26937,C4920,20,350,District-Deoghar,Rural,90+,182,96,86,48,22,26,24,13,11,7,2,5,40,23,17,1,0,1,1,0,1,9,7,2,52,29,23
26938,C4920,20,350,District-Deoghar,Rural,Age Not Stated,96,52,44,34,17,17,19,9,10,6,6,0,16,7,9,2,1,1,2,2,0,13,7,6,4,3,1
26939,C4920,20,350,District-Deoghar,Urban,Total,8203,4777,3426,3044,1713,1331,1575,864,711,641,370,271,1002,680,322,317,204,113,117,80,37,1113,630,483,394,236,158
26940,C4920,20,350,District-Deoghar,Urban,0-4,569,328,241,250,146,104,127,68,59,7,4,3,29,19,10,17,12,5,3,3,0,107,57,50,29,19,10
26941,C4920,20,350,District-Deoghar,Urban,5-9,724,384,340,315,168,147,142,71,71,74,41,33,37,22,15,23,13,10,8,1,7,85,45,40,40,23,17
26942,C4920,20,350,District-Deoghar,Urban,10-19,1527,850,677,587,320,267,289,151,138,149,78,71,137,90,47,69,40,29,21,12,9,202,117,85,73,42,31
26943,C4920,20,350,District-Deoghar,Urban,20-29,1349,793,556,474,269,205,263,141,122,116,73,43,162,112,50,66,45,21,21,14,7,192,103,89,55,36,19
26944,C4920,20,350,District-Deoghar,Urban,30-39,1170,677,493,423,242,181,223,121,102,102,55,47,131,88,43,48,25,23,24,19,5,181,100,81,38,27,11
26945,C4920,20,350,District-Deoghar,Urban,40-49,1020,624,396,341,187,154,191,118,73,84,53,31,154,106,48,44,35,9,18,12,6,142,88,54,46,25,21
26946,C4920,20,350,District-Deoghar,Urban,50-59,727,446,281,251,150,101,122,60,62,45,29,16,126,98,28,32,20,12,13,11,2,107,59,48,31,19,12
26947,C4920,20,350,District-Deoghar,Urban,60-69,637,399,238,245,146,99,122,73,49,38,23,15,123,83,40,10,8,2,6,5,1,58,40,18,35,21,14
26948,C4920,20,350,District-Deoghar,Urban,70-79,326,190,136,101,57,44,69,44,25,20,12,8,73,41,32,7,5,2,3,3,0,26,17,9,27,11,16
26949,C4920,20,350,District-Deoghar,Urban,80-89,124,71,53,49,25,24,22,14,8,4,1,3,23,18,5,1,1,0,0,0,0,12,4,8,13,8,5
26950,C4920,20,350,District-Deoghar,Urban,90+,28,15,13,7,3,4,4,3,1,2,1,1,7,3,4,0,0,0,0,0,0,1,0,1,7,5,2
26951,C4920,20,350,District-Deoghar,Urban,Age Not Stated,2,0,2,1,0,1,1,0,1,0,0,0,0,0,0,0,0,0,0,0,0,0,0,0,0,0,0
26952,C4920,20,351,District-Godda,Total,Total,51496,28127,23369,22578,11931,10647,8202,4394,3808,1996,1161,835,8464,4995,3469,1850,1067,783,645,376,269,4895,2705,2190,2866,1498,1368
26953,C4920,20,351,District-Godda,Total,0-4,4100,2112,1988,2353,1205,1148,705,375,330,49,29,20,260,134,126,130,67,63,13,7,6,480,241,239,110,54,56
26954,C4920,20,351,District-Godda,Total,5-9,5300,2777,2523,2769,1414,1355,896,454,442,300,157,143,381,226,155,218,116,102,43,20,23,453,240,213,240,150,90
26955,C4920,20,351,District-Godda,Total,10-19,9625,5361,4264,4429,2327,2102,1428,787,641,540,332,208,1245,764,481,460,274,186,116,68,48,891,500,391,516,309,207
26956,C4920,20,351,District-Godda,Total,20-29,6736,3730,3006,3068,1602,1466,1107,565,542,296,168,128,942,636,306,310,194,116,103,62,41,639,337,302,271,166,105
26957,C4920,20,351,District-Godda,Total,30-39,6430,3701,2729,2948,1602,1346,1042,586,456,302,178,124,781,528,253,298,165,133,128,80,48,730,438,292,201,124,77
26958,C4920,20,351,District-Godda,Total,40-49,5201,3098,2103,2381,1381,1000,880,511,369,217,124,93,768,517,251,191,117,74,88,46,42,513,304,209,163,98,65
26959,C4920,20,351,District-Godda,Total,50-59,4380,2491,1889,1801,1000,801,699,384,315,128,75,53,910,552,358,122,78,44,58,39,19,471,261,210,191,102,89
26960,C4920,20,351,District-Godda,Total,60-69,5376,2644,2732,1762,853,909,834,388,446,101,61,40,1635,833,802,88,39,49,67,36,31,464,254,210,425,180,245
26961,C4920,20,351,District-Godda,Total,70-79,3065,1572,1493,799,411,388,423,242,181,50,26,24,1104,579,525,21,12,9,21,13,8,200,103,97,447,186,261
26962,C4920,20,351,District-Godda,Total,80-89,987,497,490,211,109,102,139,75,64,8,6,2,350,185,165,10,4,6,6,3,3,35,16,19,228,99,129
26963,C4920,20,351,District-Godda,Total,90+,256,121,135,41,19,22,45,25,20,2,2,0,87,41,46,2,1,1,1,1,0,8,4,4,70,28,42
26964,C4920,20,351,District-Godda,Total,Age Not Stated,40,23,17,16,8,8,4,2,2,3,3,0,1,0,1,0,0,0,1,1,0,11,7,4,4,2,2
26965,C4920,20,351,District-Godda,Rural,Total,49925,27201,22724,22031,11628,10403,7996,4285,3711,1891,1102,789,8149,4784,3365,1793,1029,764,612,352,260,4698,2594,2104,2755,1427,1328
26966,C4920,20,351,District-Godda,Rural,0-4,4008,2067,1941,2306,1179,1127,688,370,318,46,27,19,254,130,124,128,65,63,13,7,6,468,237,231,105,52,53
26967,C4920,20,351,District-Godda,Rural,5-9,5157,2709,2448,2703,1381,1322,880,452,428,286,149,137,368,219,149,214,114,100,41,19,22,432,230,202,233,145,88
26968,C4920,20,351,District-Godda,Rural,10-19,9298,5163,4135,4290,2250,2040,1400,770,630,504,309,195,1203,731,472,445,265,180,110,66,44,856,479,377,490,293,197
26969,C4920,20,351,District-Godda,Rural,20-29,6500,3592,2908,3001,1569,1432,1073,547,526,285,163,122,887,598,289,300,187,113,97,57,40,605,321,284,252,150,102
26970,C4920,20,351,District-Godda,Rural,30-39,6226,3571,2655,2887,1570,1317,1014,568,446,284,168,116,740,496,244,286,156,130,122,75,47,704,424,280,189,114,75
26971,C4920,20,351,District-Godda,Rural,40-49,5016,2982,2034,2324,1350,974,846,488,358,207,119,88,733,494,239,181,110,71,84,43,41,485,285,200,156,93,63
26972,C4920,20,351,District-Godda,Rural,50-59,4257,2414,1843,1762,974,788,685,376,309,121,71,50,875,531,344,121,77,44,54,36,18,453,251,202,186,98,88
26973,C4920,20,351,District-Godda,Rural,60-69,5240,2563,2677,1721,828,893,813,380,433,96,59,37,1595,808,787,86,38,48,65,34,31,449,242,207,415,174,241
26974,C4920,20,351,District-Godda,Rural,70-79,2984,1520,1464,779,395,384,416,237,179,49,26,23,1068,558,510,21,12,9,19,11,8,197,100,97,435,181,254
26975,C4920,20,351,District-Godda,Rural,80-89,957,486,471,203,106,97,135,73,62,8,6,2,341,180,161,9,4,5,6,3,3,33,15,18,222,99,123
26976,C4920,20,351,District-Godda,Rural,90+,245,114,131,39,18,21,43,23,20,2,2,0,84,39,45,2,1,1,1,1,0,6,4,2,68,26,42
26977,C4920,20,351,District-Godda,Rural,Age Not Stated,37,20,17,16,8,8,3,1,2,3,3,0,1,0,1,0,0,0,0,0,0,10,6,4,4,2,2
26978,C4920,20,351,District-Godda,Urban,Total,1571,926,645,547,303,244,206,109,97,105,59,46,315,211,104,57,38,19,33,24,9,197,111,86,111,71,40
26979,C4920,20,351,District-Godda,Urban,0-4,92,45,47,47,26,21,17,5,12,3,2,1,6,4,2,2,2,0,0,0,0,12,4,8,5,2,3
26980,C4920,20,351,District-Godda,Urban,5-9,143,68,75,66,33,33,16,2,14,14,8,6,13,7,6,4,2,2,2,1,1,21,10,11,7,5,2
26981,C4920,20,351,District-Godda,Urban,10-19,327,198,129,139,77,62,28,17,11,36,23,13,42,33,9,15,9,6,6,2,4,35,21,14,26,16,10
26982,C4920,20,351,District-Godda,Urban,20-29,236,138,98,67,33,34,34,18,16,11,5,6,55,38,17,10,7,3,6,5,1,34,16,18,19,16,3
26983,C4920,20,351,District-Godda,Urban,30-39,204,130,74,61,32,29,28,18,10,18,10,8,41,32,9,12,9,3,6,5,1,26,14,12,12,10,2
26984,C4920,20,351,District-Godda,Urban,40-49,185,116,69,57,31,26,34,23,11,10,5,5,35,23,12,10,7,3,4,3,1,28,19,9,7,5,2
26985,C4920,20,351,District-Godda,Urban,50-59,123,77,46,39,26,13,14,8,6,7,4,3,35,21,14,1,1,0,4,3,1,18,10,8,5,4,1
26986,C4920,20,351,District-Godda,Urban,60-69,136,81,55,41,25,16,21,8,13,5,2,3,40,25,15,2,1,1,2,2,0,15,12,3,10,6,4
26987,C4920,20,351,District-Godda,Urban,70-79,81,52,29,20,16,4,7,5,2,1,0,1,36,21,15,0,0,0,2,2,0,3,3,0,12,5,7
26988,C4920,20,351,District-Godda,Urban,80-89,30,11,19,8,3,5,4,2,2,0,0,0,9,5,4,1,0,1,0,0,0,2,1,1,6,0,6
26989,C4920,20,351,District-Godda,Urban,90+,11,7,4,2,1,1,2,2,0,0,0,0,3,2,1,0,0,0,0,0,0,2,0,2,2,2,0
26990,C4920,20,351,District-Godda,Urban,Age Not Stated,3,3,0,0,0,0,1,1,0,0,0,0,0,0,0,0,0,0,1,1,0,1,1,0,0,0,0
26991,C4920,20,352,District-Sahibganj,Total,Total,36613,19549,17064,14312,7429,6883,7828,4021,3807,2416,1317,1099,4109,2519,1590,1724,957,767,486,257,229,4056,2221,1835,1682,828,854
26992,C4920,20,352,District-Sahibganj,Total,0-4,3573,1827,1746,1796,931,865,806,395,411,58,29,29,134,81,53,116,67,49,14,7,7,538,262,276,111,55,56
26993,C4920,20,352,District-Sahibganj,Total,5-9,4449,2305,2144,1972,1012,960,924,479,445,360,179,181,273,156,117,202,105,97,31,14,17,489,248,241,198,112,86
26994,C4920,20,352,District-Sahibganj,Total,10-19,7767,4166,3601,2928,1525,1403,1585,864,721,616,337,279,908,522,386,449,257,192,118,58,60,792,423,369,371,180,191
26995,C4920,20,352,District-Sahibganj,Total,20-29,5560,3008,2552,2155,1117,1038,1098,534,564,421,237,184,675,439,236,314,177,137,97,65,32,575,319,256,225,120,105
26996,C4920,20,352,District-Sahibganj,Total,30-39,4547,2555,1992,1753,914,839,1025,569,456,345,184,161,405,288,117,237,134,103,76,44,32,539,327,212,167,95,72
26997,C4920,20,352,District-Sahibganj,Total,40-49,3692,2123,1569,1360,766,594,787,412,375,266,161,105,454,318,136,187,106,81,64,29,35,466,273,193,108,58,50
26998,C4920,20,352,District-Sahibganj,Total,50-59,2687,1436,1251,990,502,488,585,296,289,166,96,70,422,258,164,111,58,53,43,22,21,262,156,106,108,48,60
26999,C4920,20,352,District-Sahibganj,Total,60-69,2563,1298,1265,832,407,425,617,282,335,105,54,51,496,288,208,72,32,40,26,12,14,239,132,107,176,91,85
27000,C4920,20,352,District-Sahibganj,Total,70-79,1139,525,614,341,162,179,267,121,146,44,24,20,238,122,116,20,13,7,11,4,7,79,36,43,139,43,96
27001,C4920,20,352,District-Sahibganj,Total,80-89,286,137,149,84,40,44,54,33,21,11,6,5,66,27,39,7,3,4,3,1,2,20,12,8,41,15,26
27002,C4920,20,352,District-Sahibganj,Total,90+,108,43,65,26,16,10,19,6,13,3,3,0,23,11,12,2,0,2,1,0,1,5,0,5,29,7,22
27003,C4920,20,352,District-Sahibganj,Total,Age Not Stated,242,126,116,75,37,38,61,30,31,21,7,14,15,9,6,7,5,2,2,1,1,52,33,19,9,4,5
27004,C4920,20,352,District-Sahibganj,Rural,Total,31673,16759,14914,12552,6459,6093,6870,3491,3379,2071,1124,947,3537,2166,1371,1469,788,681,383,192,191,3332,1831,1501,1459,708,751
27005,C4920,20,352,District-Sahibganj,Rural,0-4,3130,1610,1520,1613,830,783,705,349,356,48,27,21,115,70,45,102,62,40,9,5,4,438,217,221,100,50,50
27006,C4920,20,352,District-Sahibganj,Rural,5-9,3953,2047,1906,1759,899,860,824,431,393,325,163,162,244,141,103,181,90,91,29,13,16,415,211,204,176,99,77
27007,C4920,20,352,District-Sahibganj,Rural,10-19,6787,3614,3173,2577,1333,1244,1409,771,638,530,287,243,810,461,349,382,209,173,97,47,50,658,350,308,324,156,168
27008,C4920,20,352,District-Sahibganj,Rural,20-29,4707,2509,2198,1856,943,913,935,434,501,366,206,160,576,379,197,261,146,115,76,47,29,448,250,198,189,104,85
27009,C4920,20,352,District-Sahibganj,Rural,30-39,3964,2210,1754,1546,800,746,908,500,408,306,160,146,347,247,100,205,112,93,54,30,24,459,279,180,139,82,57
27010,C4920,20,352,District-Sahibganj,Rural,40-49,3142,1784,1358,1166,664,502,678,346,332,213,128,85,389,268,121,150,79,71,52,21,31,397,228,169,97,50,47
27011,C4920,20,352,District-Sahibganj,Rural,50-59,2301,1220,1081,865,437,428,519,259,260,136,79,57,348,211,137,92,46,46,28,14,14,220,134,86,93,40,53
27012,C4920,20,352,District-Sahibganj,Rural,60-69,2231,1108,1123,721,343,378,550,245,305,89,45,44,428,248,180,67,29,38,26,12,14,203,116,87,147,70,77
27013,C4920,20,352,District-Sahibganj,Rural,70-79,993,444,549,302,138,164,237,103,134,39,20,19,196,102,94,16,9,7,9,2,7,66,31,35,128,39,89
27014,C4920,20,352,District-Sahibganj,Rural,80-89,245,116,129,74,34,40,48,30,18,8,4,4,57,24,33,7,3,4,2,1,1,14,9,5,35,11,24
27015,C4920,20,352,District-Sahibganj,Rural,90+,90,37,53,22,14,8,17,6,11,2,2,0,20,11,9,2,0,2,1,0,1,2,0,2,24,4,20
27016,C4920,20,352,District-Sahibganj,Rural,Age Not Stated,130,60,70,51,24,27,40,17,23,9,3,6,7,4,3,4,3,1,0,0,0,12,6,6,7,3,4
27017,C4920,20,352,District-Sahibganj,Urban,Total,4940,2790,2150,1760,970,790,958,530,428,345,193,152,572,353,219,255,169,86,103,65,38,724,390,334,223,120,103
27018,C4920,20,352,District-Sahibganj,Urban,0-4,443,217,226,183,101,82,101,46,55,10,2,8,19,11,8,14,5,9,5,2,3,100,45,55,11,5,6
27019,C4920,20,352,District-Sahibganj,Urban,5-9,496,258,238,213,113,100,100,48,52,35,16,19,29,15,14,21,15,6,2,1,1,74,37,37,22,13,9
27020,C4920,20,352,District-Sahibganj,Urban,10-19,980,552,428,351,192,159,176,93,83,86,50,36,98,61,37,67,48,19,21,11,10,134,73,61,47,24,23
27021,C4920,20,352,District-Sahibganj,Urban,20-29,853,499,354,299,174,125,163,100,63,55,31,24,99,60,39,53,31,22,21,18,3,127,69,58,36,16,20
27022,C4920,20,352,District-Sahibganj,Urban,30-39,583,345,238,207,114,93,117,69,48,39,24,15,58,41,17,32,22,10,22,14,8,80,48,32,28,13,15
27023,C4920,20,352,District-Sahibganj,Urban,40-49,550,339,211,194,102,92,109,66,43,53,33,20,65,50,15,37,27,10,12,8,4,69,45,24,11,8,3
27024,C4920,20,352,District-Sahibganj,Urban,50-59,386,216,170,125,65,60,66,37,29,30,17,13,74,47,27,19,12,7,15,8,7,42,22,20,15,8,7
27025,C4920,20,352,District-Sahibganj,Urban,60-69,332,190,142,111,64,47,67,37,30,16,9,7,68,40,28,5,3,2,0,0,0,36,16,20,29,21,8
27026,C4920,20,352,District-Sahibganj,Urban,70-79,146,81,65,39,24,15,30,18,12,5,4,1,42,20,22,4,4,0,2,2,0,13,5,8,11,4,7
27027,C4920,20,352,District-Sahibganj,Urban,80-89,41,21,20,10,6,4,6,3,3,3,2,1,9,3,6,0,0,0,1,0,1,6,3,3,6,4,2
27028,C4920,20,352,District-Sahibganj,Urban,90+,18,6,12,4,2,2,2,0,2,1,1,0,3,0,3,0,0,0,0,0,0,3,0,3,5,3,2
27029,C4920,20,352,District-Sahibganj,Urban,Age Not Stated,112,66,46,24,13,11,21,13,8,12,4,8,8,5,3,3,2,1,2,1,1,40,27,13,2,1,1
27030,C4920,20,353,District-Pakur,Total,Total,20760,11056,9704,6317,3187,3130,3980,2042,1938,1316,743,573,3707,2178,1529,980,534,446,495,266,229,2595,1411,1184,1370,695,675
27031,C4920,20,353,District-Pakur,Total,0-4,1633,830,803,681,345,336,377,172,205,28,15,13,100,60,40,56,26,30,7,2,5,312,166,146,72,44,28
27032,C4920,20,353,District-Pakur,Total,5-9,2196,1158,1038,808,419,389,409,209,200,197,95,102,213,116,97,104,60,44,23,13,10,274,151,123,168,95,73
27033,C4920,20,353,District-Pakur,Total,10-19,4215,2256,1959,1171,606,565,722,380,342,338,190,148,777,462,315,262,136,126,90,44,46,549,282,267,306,156,150
27034,C4920,20,353,District-Pakur,Total,20-29,3028,1634,1394,863,428,435,527,280,247,251,136,115,531,326,205,182,108,74,95,48,47,399,219,180,180,89,91
27035,C4920,20,353,District-Pakur,Total,30-39,2472,1399,1073,720,383,337,450,256,194,201,124,77,381,244,137,151,82,69,100,56,44,337,188,149,132,66,66
27036,C4920,20,353,District-Pakur,Total,40-49,2225,1304,921,631,340,291,454,257,197,129,83,46,434,287,147,104,62,42,78,50,28,299,171,128,96,54,42
27037,C4920,20,353,District-Pakur,Total,50-59,1895,1057,838,562,290,272,402,211,191,79,42,37,448,289,159,56,31,25,58,29,29,187,111,76,103,54,49
27038,C4920,20,353,District-Pakur,Total,60-69,1904,905,999,576,247,329,378,163,215,63,39,24,493,260,233,47,22,25,27,15,12,158,81,77,162,78,84
27039,C4920,20,353,District-Pakur,Total,70-79,849,370,479,226,98,128,200,83,117,24,16,8,232,99,133,13,5,8,10,6,4,53,26,27,91,37,54
27040,C4920,20,353,District-Pakur,Total,80-89,245,103,142,56,25,31,45,23,22,4,2,2,79,27,52,1,0,1,6,2,4,15,8,7,39,16,23
27041,C4920,20,353,District-Pakur,Total,90+,67,24,43,14,3,11,11,7,4,2,1,1,17,6,11,3,2,1,1,1,0,2,0,2,17,4,13
27042,C4920,20,353,District-Pakur,Total,Age Not Stated,31,16,15,9,3,6,5,1,4,0,0,0,2,2,0,1,0,1,0,0,0,10,8,2,4,2,2
27043,C4920,20,353,District-Pakur,Rural,Total,19339,10282,9057,6044,3062,2982,3698,1900,1798,1208,679,529,3400,1985,1415,898,489,409,441,235,206,2386,1297,1089,1264,635,629
27044,C4920,20,353,District-Pakur,Rural,0-4,1542,781,761,669,339,330,339,156,183,26,13,13,95,58,37,54,25,29,5,1,4,284,147,137,70,42,28
27045,C4920,20,353,District-Pakur,Rural,5-9,2088,1102,986,784,408,376,385,199,186,181,88,93,199,108,91,98,55,43,20,11,9,259,143,116,162,90,72
27046,C4920,20,353,District-Pakur,Rural,10-19,3937,2116,1821,1126,589,537,664,352,312,319,180,139,709,422,287,246,125,121,83,39,44,502,261,241,288,148,140
27047,C4920,20,353,District-Pakur,Rural,20-29,2815,1520,1295,834,411,423,479,259,220,229,123,106,493,300,193,161,98,63,86,45,41,369,204,165,164,80,84
27048,C4920,20,353,District-Pakur,Rural,30-39,2295,1290,1005,690,366,324,418,234,184,179,112,67,345,222,123,139,76,63,89,49,40,318,176,142,117,55,62
27049,C4920,20,353,District-Pakur,Rural,40-49,2052,1194,858,597,325,272,430,240,190,110,68,42,394,259,135,92,54,38,71,46,25,273,156,117,85,46,39
27050,C4920,20,353,District-Pakur,Rural,50-59,1762,973,789,533,275,258,375,194,181,74,39,35,415,263,152,48,27,21,50,24,26,168,99,69,99,52,47
27051,C4920,20,353,District-Pakur,Rural,60-69,1765,839,926,529,230,299,364,157,207,62,38,24,455,237,218,45,22,23,23,13,10,144,75,69,143,67,76
27052,C4920,20,353,District-Pakur,Rural,70-79,776,340,436,208,91,117,189,80,109,22,15,7,212,89,123,10,5,5,8,4,4,45,21,24,82,35,47
27053,C4920,20,353,District-Pakur,Rural,80-89,215,88,127,52,22,30,39,21,18,4,2,2,67,20,47,1,0,1,5,2,3,12,7,5,35,14,21
27054,C4920,20,353,District-Pakur,Rural,90+,63,24,39,13,3,10,11,7,4,2,1,1,15,6,9,3,2,1,1,1,0,2,0,2,16,4,12
27055,C4920,20,353,District-Pakur,Rural,Age Not Stated,29,15,14,9,3,6,5,1,4,0,0,0,1,1,0,1,0,1,0,0,0,10,8,2,3,2,1
27056,C4920,20,353,District-Pakur,Urban,Total,1421,774,647,273,125,148,282,142,140,108,64,44,307,193,114,82,45,37,54,31,23,209,114,95,106,60,46
27057,C4920,20,353,District-Pakur,Urban,0-4,91,49,42,12,6,6,38,16,22,2,2,0,5,2,3,2,1,1,2,1,1,28,19,9,2,2,0
27058,C4920,20,353,District-Pakur,Urban,5-9,108,56,52,24,11,13,24,10,14,16,7,9,14,8,6,6,5,1,3,2,1,15,8,7,6,5,1
27059,C4920,20,353,District-Pakur,Urban,10-19,278,140,138,45,17,28,58,28,30,19,10,9,68,40,28,16,11,5,7,5,2,47,21,26,18,8,10
27060,C4920,20,353,District-Pakur,Urban,20-29,213,114,99,29,17,12,48,21,27,22,13,9,38,26,12,21,10,11,9,3,6,30,15,15,16,9,7
27061,C4920,20,353,District-Pakur,Urban,30-39,177,109,68,30,17,13,32,22,10,22,12,10,36,22,14,12,6,6,11,7,4,19,12,7,15,11,4
27062,C4920,20,353,District-Pakur,Urban,40-49,173,110,63,34,15,19,24,17,7,19,15,4,40,28,12,12,8,4,7,4,3,26,15,11,11,8,3
27063,C4920,20,353,District-Pakur,Urban,50-59,133,84,49,29,15,14,27,17,10,5,3,2,33,26,7,8,4,4,8,5,3,19,12,7,4,2,2
27064,C4920,20,353,District-Pakur,Urban,60-69,139,66,73,47,17,30,14,6,8,1,1,0,38,23,15,2,0,2,4,2,2,14,6,8,19,11,8
27065,C4920,20,353,District-Pakur,Urban,70-79,73,30,43,18,7,11,11,3,8,2,1,1,20,10,10,3,0,3,2,2,0,8,5,3,9,2,7
27066,C4920,20,353,District-Pakur,Urban,80-89,30,15,15,4,3,1,6,2,4,0,0,0,12,7,5,0,0,0,1,0,1,3,1,2,4,2,2
27067,C4920,20,353,District-Pakur,Urban,90+,4,0,4,1,0,1,0,0,0,0,0,0,2,0,2,0,0,0,0,0,0,0,0,0,1,0,1
27068,C4920,20,353,District-Pakur,Urban,Age Not Stated,2,1,1,0,0,0,0,0,0,0,0,0,1,1,0,0,0,0,0,0,0,0,0,0,1,0,1
27069,C4920,20,354,District-Dhanbad,Total,Total,67300,38086,29214,12754,6978,5776,16746,9221,7525,4676,2717,1959,10219,6356,3863,2822,1696,1126,1404,884,520,14655,7951,6704,4024,2283,1741
27070,C4920,20,354,District-Dhanbad,Total,0-4,4171,2232,1939,896,466,430,1159,609,550,100,53,47,294,185,109,115,54,61,23,18,5,1376,720,656,208,127,81
27071,C4920,20,354,District-Dhanbad,Total,5-9,5739,3099,2640,1163,604,559,1463,751,712,572,343,229,452,257,195,244,146,98,70,39,31,1367,721,646,408,238,170
27072,C4920,20,354,District-Dhanbad,Total,10-19,13589,7543,6046,2412,1292,1120,3132,1704,1428,1240,702,538,1883,1135,748,831,463,368,267,163,104,2889,1546,1343,935,538,397
27073,C4920,20,354,District-Dhanbad,Total,20-29,11035,6330,4705,1760,980,780,2552,1393,1159,840,478,362,1883,1185,698,584,368,216,303,193,110,2491,1364,1127,622,369,253
27074,C4920,20,354,District-Dhanbad,Total,30-39,8611,5100,3511,1452,846,606,2203,1262,941,711,437,274,1223,832,391,392,253,139,262,170,92,2045,1109,936,323,191,132
27075,C4920,20,354,District-Dhanbad,Total,40-49,7498,4539,2959,1411,845,566,1956,1166,790,497,291,206,1167,816,351,290,181,109,256,177,79,1605,872,733,316,191,125
27076,C4920,20,354,District-Dhanbad,Total,50-59,6252,3638,2614,1352,746,606,1613,928,685,328,198,130,1193,753,440,178,110,68,113,62,51,1176,676,500,299,165,134
27077,C4920,20,354,District-Dhanbad,Total,60-69,5567,3004,2563,1333,702,631,1407,730,677,186,107,79,1190,666,524,104,69,35,65,37,28,861,472,389,421,221,200
27078,C4920,20,354,District-Dhanbad,Total,70-79,2523,1367,1156,599,303,296,674,376,298,70,42,28,584,325,259,32,18,14,27,15,12,267,156,111,270,132,138
27079,C4920,20,354,District-Dhanbad,Total,80-89,759,383,376,174,90,84,192,95,97,20,12,8,170,88,82,7,3,4,4,2,2,71,40,31,121,53,68
27080,C4920,20,354,District-Dhanbad,Total,90+,228,120,108,45,21,24,61,30,31,6,3,3,43,23,20,5,5,0,0,0,0,24,14,10,44,24,20
27081,C4920,20,354,District-Dhanbad,Total,Age Not Stated,1328,731,597,157,83,74,334,177,157,106,51,55,137,91,46,40,26,14,14,8,6,483,261,222,57,34,23
27082,C4920,20,354,District-Dhanbad,Rural,Total,29339,16420,12919,5982,3288,2694,6752,3637,3115,2052,1195,857,4753,2892,1861,1247,742,505,680,422,258,5903,3136,2767,1970,1108,862
27083,C4920,20,354,District-Dhanbad,Rural,0-4,1848,996,852,435,236,199,464,238,226,36,17,19,167,108,59,57,27,30,9,7,2,572,299,273,108,64,44
27084,C4920,20,354,District-Dhanbad,Rural,5-9,2492,1329,1163,570,293,277,557,274,283,267,160,107,219,132,87,104,59,45,28,16,12,536,275,261,211,120,91
27085,C4920,20,354,District-Dhanbad,Rural,10-19,5752,3158,2594,1067,568,499,1165,628,537,563,319,244,830,470,360,396,226,170,114,71,43,1161,604,557,456,272,184
27086,C4920,20,354,District-Dhanbad,Rural,20-29,4555,2603,1952,799,458,341,915,502,413,379,213,166,816,516,300,243,148,95,145,92,53,965,513,452,293,161,132
27087,C4920,20,354,District-Dhanbad,Rural,30-39,3798,2281,1517,673,405,268,885,490,395,305,195,110,598,411,187,178,125,53,140,88,52,857,473,384,162,94,68
27088,C4920,20,354,District-Dhanbad,Rural,40-49,3175,1908,1267,623,377,246,749,430,319,198,116,82,532,367,165,123,78,45,135,88,47,651,351,300,164,101,63
27089,C4920,20,354,District-Dhanbad,Rural,50-59,2659,1488,1171,630,340,290,697,392,305,140,83,57,507,300,207,72,35,37,57,28,29,441,238,203,115,72,43
27090,C4920,20,354,District-Dhanbad,Rural,60-69,2868,1491,1377,713,367,346,765,379,386,93,49,44,620,338,282,41,25,16,34,21,13,391,207,184,211,105,106
27091,C4920,20,354,District-Dhanbad,Rural,70-79,1330,709,621,320,162,158,362,205,157,24,16,8,312,164,148,16,8,8,10,5,5,134,80,54,152,69,83
27092,C4920,20,354,District-Dhanbad,Rural,80-89,336,167,169,77,40,37,84,42,42,5,3,2,77,39,38,5,2,3,2,1,1,28,14,14,58,26,32
27093,C4920,20,354,District-Dhanbad,Rural,90+,90,50,40,18,8,10,21,13,8,2,1,1,17,10,7,3,3,0,0,0,0,7,4,3,22,11,11
27094,C4920,20,354,District-Dhanbad,Rural,Age Not Stated,436,240,196,57,34,23,88,44,44,40,23,17,58,37,21,9,6,3,6,5,1,160,78,82,18,13,5
27095,C4920,20,354,District-Dhanbad,Urban,Total,37961,21666,16295,6772,3690,3082,9994,5584,4410,2624,1522,1102,5466,3464,2002,1575,954,621,724,462,262,8752,4815,3937,2054,1175,879
27096,C4920,20,354,District-Dhanbad,Urban,0-4,2323,1236,1087,461,230,231,695,371,324,64,36,28,127,77,50,58,27,31,14,11,3,804,421,383,100,63,37
27097,C4920,20,354,District-Dhanbad,Urban,5-9,3247,1770,1477,593,311,282,906,477,429,305,183,122,233,125,108,140,87,53,42,23,19,831,446,385,197,118,79
27098,C4920,20,354,District-Dhanbad,Urban,10-19,7837,4385,3452,1345,724,621,1967,1076,891,677,383,294,1053,665,388,435,237,198,153,92,61,1728,942,786,479,266,213
27099,C4920,20,354,District-Dhanbad,Urban,20-29,6480,3727,2753,961,522,439,1637,891,746,461,265,196,1067,669,398,341,220,121,158,101,57,1526,851,675,329,208,121
27100,C4920,20,354,District-Dhanbad,Urban,30-39,4813,2819,1994,779,441,338,1318,772,546,406,242,164,625,421,204,214,128,86,122,82,40,1188,636,552,161,97,64
27101,C4920,20,354,District-Dhanbad,Urban,40-49,4323,2631,1692,788,468,320,1207,736,471,299,175,124,635,449,186,167,103,64,121,89,32,954,521,433,152,90,62
27102,C4920,20,354,District-Dhanbad,Urban,50-59,3593,2150,1443,722,406,316,916,536,380,188,115,73,686,453,233,106,75,31,56,34,22,735,438,297,184,93,91
27103,C4920,20,354,District-Dhanbad,Urban,60-69,2699,1513,1186,620,335,285,642,351,291,93,58,35,570,328,242,63,44,19,31,16,15,470,265,205,210,116,94
27104,C4920,20,354,District-Dhanbad,Urban,70-79,1193,658,535,279,141,138,312,171,141,46,26,20,272,161,111,16,10,6,17,10,7,133,76,57,118,63,55
27105,C4920,20,354,District-Dhanbad,Urban,80-89,423,216,207,97,50,47,108,53,55,15,9,6,93,49,44,2,1,1,2,1,1,43,26,17,63,27,36
27106,C4920,20,354,District-Dhanbad,Urban,90+,138,70,68,27,13,14,40,17,23,4,2,2,26,13,13,2,2,0,0,0,0,17,10,7,22,13,9
27107,C4920,20,354,District-Dhanbad,Urban,Age Not Stated,892,491,401,100,49,51,246,133,113,66,28,38,79,54,25,31,20,11,8,3,5,323,183,140,39,21,18
27108,C4920,20,355,District-Bokaro,Total,Total,70261,39427,30834,26593,14393,12200,12776,6971,5805,4017,2212,1805,9055,5667,3388,3522,1936,1586,1326,798,528,8865,5080,3785,4107,2370,1737
27109,C4920,20,355,District-Bokaro,Total,0-4,4518,2343,2175,2158,1106,1052,853,444,409,92,49,43,236,135,101,181,90,91,19,10,9,782,407,375,197,102,95
27110,C4920,20,355,District-Bokaro,Total,5-9,6218,3270,2948,2657,1366,1291,1127,561,566,471,248,223,437,268,169,338,175,163,69,35,34,694,365,329,425,252,173
27111,C4920,20,355,District-Bokaro,Total,10-19,14354,7796,6558,5543,2954,2589,2345,1254,1091,1053,561,492,1599,919,680,886,475,411,279,166,113,1690,908,782,959,559,400
27112,C4920,20,355,District-Bokaro,Total,20-29,11919,6754,5165,4270,2299,1971,1998,1077,921,809,451,358,1586,1043,543,793,435,358,275,163,112,1571,901,670,617,385,232
27113,C4920,20,355,District-Bokaro,Total,30-39,9826,5736,4090,3613,2004,1609,1817,1039,778,582,306,276,1200,800,400,542,304,238,263,179,84,1375,850,525,434,254,180
27114,C4920,20,355,District-Bokaro,Total,40-49,7812,4693,3119,2987,1772,1215,1477,844,633,414,240,174,1052,692,360,335,205,130,205,122,83,1075,646,429,267,172,95
27115,C4920,20,355,District-Bokaro,Total,50-59,6374,3655,2719,2267,1258,1009,1206,660,546,290,164,126,1151,715,436,246,138,108,110,49,61,793,489,304,311,182,129
27116,C4920,20,355,District-Bokaro,Total,60-69,5656,3247,2409,1941,1044,897,1156,661,495,214,143,71,1111,700,411,135,81,54,70,47,23,568,329,239,461,242,219
27117,C4920,20,355,District-Bokaro,Total,70-79,2328,1275,1053,762,382,380,506,281,225,60,31,29,470,287,183,43,20,23,28,23,5,185,106,79,274,145,129
27118,C4920,20,355,District-Bokaro,Total,80-89,655,344,311,201,106,95,156,84,72,13,7,6,128,69,59,5,3,2,4,1,3,43,23,20,105,51,54
27119,C4920,20,355,District-Bokaro,Total,90+,202,87,115,53,20,33,44,23,21,5,3,2,45,18,27,1,0,1,1,1,0,9,4,5,44,18,26
27120,C4920,20,355,District-Bokaro,Total,Age Not Stated,399,227,172,141,82,59,91,43,48,14,9,5,40,21,19,17,10,7,3,2,1,80,52,28,13,8,5
27121,C4920,20,355,District-Bokaro,Rural,Total,38280,21020,17260,14710,7825,6885,7188,3828,3360,2040,1085,955,4900,3021,1879,1856,974,882,725,432,293,4510,2575,1935,2351,1280,1071
27122,C4920,20,355,District-Bokaro,Rural,0-4,2664,1364,1300,1264,642,622,521,273,248,51,26,25,136,78,58,98,48,50,16,9,7,450,220,230,128,68,60
27123,C4920,20,355,District-Bokaro,Rural,5-9,3671,1892,1779,1589,810,779,662,328,334,272,136,136,254,155,99,218,111,107,38,20,18,386,197,189,252,135,117
27124,C4920,20,355,District-Bokaro,Rural,10-19,7997,4266,3731,3087,1612,1475,1352,694,658,565,306,259,903,520,383,491,249,242,147,87,60,901,488,413,551,310,241
27125,C4920,20,355,District-Bokaro,Rural,20-29,5897,3314,2583,2165,1159,1006,970,525,445,397,218,179,786,508,278,372,200,172,145,81,64,728,424,304,334,199,135
27126,C4920,20,355,District-Bokaro,Rural,30-39,5170,2976,2194,1939,1084,855,978,548,430,283,140,143,644,420,224,268,134,134,136,90,46,680,429,251,242,131,111
27127,C4920,20,355,District-Bokaro,Rural,40-49,4036,2425,1611,1503,883,620,795,452,343,187,103,84,594,392,202,169,99,70,122,73,49,522,333,189,144,90,54
27128,C4920,20,355,District-Bokaro,Rural,50-59,3147,1735,1412,1140,611,529,633,322,311,115,61,54,556,352,204,125,65,60,60,29,31,350,199,151,168,96,72
27129,C4920,20,355,District-Bokaro,Rural,60-69,3397,1837,1560,1234,623,611,735,393,342,118,70,48,615,368,247,76,48,28,45,29,16,300,174,126,274,132,142
27130,C4920,20,355,District-Bokaro,Rural,70-79,1527,809,718,535,262,273,360,201,159,31,12,19,289,172,117,28,13,15,12,11,1,121,68,53,151,70,81
27131,C4920,20,355,District-Bokaro,Rural,80-89,416,211,205,145,79,66,95,50,45,7,4,3,75,34,41,1,0,1,2,1,1,19,11,8,72,32,40
27132,C4920,20,355,District-Bokaro,Rural,90+,124,56,68,32,14,18,28,16,12,4,2,2,24,9,15,1,0,1,0,0,0,6,2,4,29,13,16
27133,C4920,20,355,District-Bokaro,Rural,Age Not Stated,234,135,99,77,46,31,59,26,33,10,7,3,24,13,11,9,7,2,2,2,0,47,30,17,6,4,2
27134,C4920,20,355,District-Bokaro,Urban,Total,31981,18407,13574,11883,6568,5315,5588,3143,2445,1977,1127,850,4155,2646,1509,1666,962,704,601,366,235,4355,2505,1850,1756,1090,666
27135,C4920,20,355,District-Bokaro,Urban,0-4,1854,979,875,894,464,430,332,171,161,41,23,18,100,57,43,83,42,41,3,1,2,332,187,145,69,34,35
27136,C4920,20,355,District-Bokaro,Urban,5-9,2547,1378,1169,1068,556,512,465,233,232,199,112,87,183,113,70,120,64,56,31,15,16,308,168,140,173,117,56
27137,C4920,20,355,District-Bokaro,Urban,10-19,6357,3530,2827,2456,1342,1114,993,560,433,488,255,233,696,399,297,395,226,169,132,79,53,789,420,369,408,249,159
27138,C4920,20,355,District-Bokaro,Urban,20-29,6022,3440,2582,2105,1140,965,1028,552,476,412,233,179,800,535,265,421,235,186,130,82,48,843,477,366,283,186,97
27139,C4920,20,355,District-Bokaro,Urban,30-39,4656,2760,1896,1674,920,754,839,491,348,299,166,133,556,380,176,274,170,104,127,89,38,695,421,274,192,123,69
27140,C4920,20,355,District-Bokaro,Urban,40-49,3776,2268,1508,1484,889,595,682,392,290,227,137,90,458,300,158,166,106,60,83,49,34,553,313,240,123,82,41
27141,C4920,20,355,District-Bokaro,Urban,50-59,3227,1920,1307,1127,647,480,573,338,235,175,103,72,595,363,232,121,73,48,50,20,30,443,290,153,143,86,57
27142,C4920,20,355,District-Bokaro,Urban,60-69,2259,1410,849,707,421,286,421,268,153,96,73,23,496,332,164,59,33,26,25,18,7,268,155,113,187,110,77
27143,C4920,20,355,District-Bokaro,Urban,70-79,801,466,335,227,120,107,146,80,66,29,19,10,181,115,66,15,7,8,16,12,4,64,38,26,123,75,48
27144,C4920,20,355,District-Bokaro,Urban,80-89,239,133,106,56,27,29,61,34,27,6,3,3,53,35,18,4,3,1,2,0,2,24,12,12,33,19,14
27145,C4920,20,355,District-Bokaro,Urban,90+,78,31,47,21,6,15,16,7,9,1,1,0,21,9,12,0,0,0,1,1,0,3,2,1,15,5,10
27146,C4920,20,355,District-Bokaro,Urban,Age Not Stated,165,92,73,64,36,28,32,17,15,4,2,2,16,8,8,8,3,5,1,0,1,33,22,11,7,4,3
27147,C4920,20,356,District-Lohardaga,Total,Total,8356,4568,3788,1107,583,524,1454,777,677,408,232,176,2514,1434,1080,576,314,262,340,198,142,1145,607,538,812,423,389
27148,C4920,20,356,District-Lohardaga,Total,0-4,362,206,156,60,32,28,92,42,50,11,6,5,72,38,34,21,13,8,3,3,0,66,40,26,37,32,5
27149,C4920,20,356,District-Lohardaga,Total,5-9,705,436,269,93,49,44,181,124,57,76,44,32,103,67,36,61,41,20,13,9,4,106,61,45,72,41,31
27150,C4920,20,356,District-Lohardaga,Total,10-19,1574,881,693,190,100,90,249,154,95,135,75,60,393,224,169,167,84,83,65,39,26,220,122,98,155,83,72
27151,C4920,20,356,District-Lohardaga,Total,20-29,1166,668,498,118,66,52,166,87,79,63,38,25,366,232,134,101,48,53,63,41,22,201,106,95,88,50,38
27152,C4920,20,356,District-Lohardaga,Total,30-39,925,503,422,108,61,47,143,69,74,40,22,18,275,165,110,85,48,37,61,31,30,160,77,83,53,30,23
27153,C4920,20,356,District-Lohardaga,Total,40-49,873,506,367,102,57,45,139,65,74,31,22,9,287,184,103,68,40,28,58,38,20,133,70,63,55,30,25
27154,C4920,20,356,District-Lohardaga,Total,50-59,780,411,369,115,61,54,118,57,61,19,9,10,282,158,124,37,23,14,35,17,18,104,50,54,70,36,34
27155,C4920,20,356,District-Lohardaga,Total,60-69,1088,500,588,188,84,104,199,86,113,17,9,8,392,185,207,28,12,16,29,13,16,104,54,50,131,57,74
27156,C4920,20,356,District-Lohardaga,Total,70-79,595,306,289,92,50,42,114,67,47,14,6,8,226,114,112,6,3,3,7,4,3,36,19,17,100,43,57
27157,C4920,20,356,District-Lohardaga,Total,80-89,234,125,109,34,20,14,44,22,22,2,1,1,96,55,41,1,1,0,4,2,2,13,6,7,40,18,22
27158,C4920,20,356,District-Lohardaga,Total,90+,51,24,27,7,3,4,9,4,5,0,0,0,20,11,9,0,0,0,2,1,1,2,2,0,11,3,8
27159,C4920,20,356,District-Lohardaga,Total,Age Not Stated,3,2,1,0,0,0,0,0,0,0,0,0,2,1,1,1,1,0,0,0,0,0,0,0,0,0,0
27160,C4920,20,356,District-Lohardaga,Rural,Total,7441,4048,3393,990,514,476,1348,720,628,340,197,143,2305,1307,998,435,242,193,293,168,125,1006,529,477,724,371,353
27161,C4920,20,356,District-Lohardaga,Rural,0-4,319,184,135,51,27,24,87,41,46,11,6,5,64,35,29,16,12,4,2,2,0,59,35,24,29,26,3
27162,C4920,20,356,District-Lohardaga,Rural,5-9,639,395,244,87,46,41,176,121,55,64,37,27,91,59,32,48,35,13,12,8,4,96,53,43,65,36,29
27163,C4920,20,356,District-Lohardaga,Rural,10-19,1419,793,626,177,92,85,232,144,88,113,66,47,365,204,161,139,69,70,59,37,22,198,109,89,136,72,64
27164,C4920,20,356,District-Lohardaga,Rural,20-29,981,560,421,99,55,44,145,76,69,51,31,20,326,209,117,75,33,42,52,33,19,161,81,80,72,42,30
27165,C4920,20,356,District-Lohardaga,Rural,30-39,788,430,358,90,48,42,134,65,69,29,17,12,246,147,99,52,35,17,50,25,25,140,67,73,47,26,21
27166,C4920,20,356,District-Lohardaga,Rural,40-49,765,436,329,88,47,41,117,49,68,29,20,9,256,165,91,54,31,23,51,31,20,121,66,55,49,27,22
27167,C4920,20,356,District-Lohardaga,Rural,50-59,701,370,331,102,55,47,107,52,55,15,7,8,267,150,117,24,14,10,31,15,16,91,45,46,64,32,32
27168,C4920,20,356,District-Lohardaga,Rural,60-69,997,451,546,174,77,97,187,82,105,15,7,8,364,166,198,21,9,12,25,11,14,92,47,45,119,52,67
27169,C4920,20,356,District-Lohardaga,Rural,70-79,557,285,272,83,45,38,111,64,47,11,5,6,213,108,105,5,3,2,6,3,3,34,18,16,94,39,55
27170,C4920,20,356,District-Lohardaga,Rural,80-89,223,119,104,32,19,13,44,22,22,2,1,1,91,52,39,1,1,0,3,2,1,12,6,6,38,16,22
27171,C4920,20,356,District-Lohardaga,Rural,90+,50,24,26,7,3,4,8,4,4,0,0,0,20,11,9,0,0,0,2,1,1,2,2,0,11,3,8
27172,C4920,20,356,District-Lohardaga,Rural,Age Not Stated,2,1,1,0,0,0,0,0,0,0,0,0,2,1,1,0,0,0,0,0,0,0,0,0,0,0,0
27173,C4920,20,356,District-Lohardaga,Urban,Total,915,520,395,117,69,48,106,57,49,68,35,33,209,127,82,141,72,69,47,30,17,139,78,61,88,52,36
27174,C4920,20,356,District-Lohardaga,Urban,0-4,43,22,21,9,5,4,5,1,4,0,0,0,8,3,5,5,1,4,1,1,0,7,5,2,8,6,2
27175,C4920,20,356,District-Lohardaga,Urban,5-9,66,41,25,6,3,3,5,3,2,12,7,5,12,8,4,13,6,7,1,1,0,10,8,2,7,5,2
27176,C4920,20,356,District-Lohardaga,Urban,10-19,155,88,67,13,8,5,17,10,7,22,9,13,28,20,8,28,15,13,6,2,4,22,13,9,19,11,8
27177,C4920,20,356,District-Lohardaga,Urban,20-29,185,108,77,19,11,8,21,11,10,12,7,5,40,23,17,26,15,11,11,8,3,40,25,15,16,8,8
27178,C4920,20,356,District-Lohardaga,Urban,30-39,137,73,64,18,13,5,9,4,5,11,5,6,29,18,11,33,13,20,11,6,5,20,10,10,6,4,2
27179,C4920,20,356,District-Lohardaga,Urban,40-49,108,70,38,14,10,4,22,16,6,2,2,0,31,19,12,14,9,5,7,7,0,12,4,8,6,3,3
27180,C4920,20,356,District-Lohardaga,Urban,50-59,79,41,38,13,6,7,11,5,6,4,2,2,15,8,7,13,9,4,4,2,2,13,5,8,6,4,2
27181,C4920,20,356,District-Lohardaga,Urban,60-69,91,49,42,14,7,7,12,4,8,2,2,0,28,19,9,7,3,4,4,2,2,12,7,5,12,5,7
27182,C4920,20,356,District-Lohardaga,Urban,70-79,38,21,17,9,5,4,3,3,0,3,1,2,13,6,7,1,0,1,1,1,0,2,1,1,6,4,2
27183,C4920,20,356,District-Lohardaga,Urban,80-89,11,6,5,2,1,1,0,0,0,0,0,0,5,3,2,0,0,0,1,0,1,1,0,1,2,2,0
27184,C4920,20,356,District-Lohardaga,Urban,90+,1,0,1,0,0,0,1,0,1,0,0,0,0,0,0,0,0,0,0,0,0,0,0,0,0,0,0
27185,C4920,20,356,District-Lohardaga,Urban,Age Not Stated,1,1,0,0,0,0,0,0,0,0,0,0,0,0,0,1,1,0,0,0,0,0,0,0,0,0,0
27186,C4920,20,357,District-Purbi Singhbhum,Total,Total,35838,19355,16483,5420,2776,2644,9169,4821,4348,2348,1248,1100,7863,4517,3346,1935,1083,852,1325,723,602,4240,2331,1909,3538,1856,1682
27187,C4920,20,357,District-Purbi Singhbhum,Total,0-4,1423,741,682,210,99,111,518,264,254,41,20,21,142,84,58,45,23,22,13,11,2,317,169,148,137,71,66
27188,C4920,20,357,District-Purbi Singhbhum,Total,5-9,2140,1165,975,273,160,113,595,291,304,285,164,121,252,149,103,142,81,61,34,23,11,268,135,133,291,162,129
27189,C4920,20,357,District-Purbi Singhbhum,Total,10-19,5322,2895,2427,663,334,329,1305,666,639,576,306,270,781,457,324,484,289,195,163,96,67,648,357,291,702,390,312
27190,C4920,20,357,District-Purbi Singhbhum,Total,20-29,5268,2919,2349,585,322,263,1277,664,613,462,235,227,1009,604,405,439,239,200,279,152,127,748,440,308,469,263,206
27191,C4920,20,357,District-Purbi Singhbhum,Total,30-39,4610,2638,1972,537,306,231,1183,622,561,350,187,163,948,620,328,337,201,136,280,161,119,632,350,282,343,191,152
27192,C4920,20,357,District-Purbi Singhbhum,Total,40-49,4537,2641,1896,627,362,265,1162,681,481,291,156,135,1102,686,416,232,132,100,265,136,129,577,324,253,281,164,117
27193,C4920,20,357,District-Purbi Singhbhum,Total,50-59,3907,2230,1677,658,356,302,1018,593,425,160,85,75,1101,674,427,149,82,67,159,87,72,404,220,184,258,133,125
27194,C4920,20,357,District-Purbi Singhbhum,Total,60-69,4492,2230,2262,993,459,534,1141,549,592,107,52,55,1290,701,589,63,22,41,92,41,51,400,214,186,406,192,214
27195,C4920,20,357,District-Purbi Singhbhum,Total,70-79,2869,1316,1553,640,282,358,673,331,342,59,34,25,859,375,484,33,9,24,30,12,18,176,86,90,399,187,212
27196,C4920,20,357,District-Purbi Singhbhum,Total,80-89,1006,468,538,198,84,114,246,136,110,15,7,8,291,131,160,7,2,5,9,4,5,56,31,25,184,73,111
27197,C4920,20,357,District-Purbi Singhbhum,Total,90+,246,103,143,36,12,24,47,22,25,2,2,0,83,34,49,3,2,1,1,0,1,7,2,5,67,29,38
27198,C4920,20,357,District-Purbi Singhbhum,Total,Age Not Stated,18,9,9,0,0,0,4,2,2,0,0,0,5,2,3,1,1,0,0,0,0,7,3,4,1,1,0
27199,C4920,20,357,District-Purbi Singhbhum,Rural,Total,18278,9709,8569,2958,1485,1473,4235,2233,2002,1136,586,550,4143,2360,1783,933,493,440,731,377,354,2071,1131,940,2071,1044,1027
27200,C4920,20,357,District-Purbi Singhbhum,Rural,0-4,636,353,283,85,44,41,174,95,79,21,11,10,77,50,27,30,15,15,3,3,0,164,91,73,82,44,38
27201,C4920,20,357,District-Purbi Singhbhum,Rural,5-9,1030,577,453,100,61,39,234,120,114,151,88,63,141,88,53,77,46,31,22,13,9,136,62,74,169,99,70
27202,C4920,20,357,District-Purbi Singhbhum,Rural,10-19,2582,1383,1199,284,145,139,521,262,259,290,146,144,459,272,187,243,132,111,79,44,35,330,184,146,376,198,178
27203,C4920,20,357,District-Purbi Singhbhum,Rural,20-29,2323,1286,1037,217,129,88,486,268,218,220,111,109,507,289,218,201,112,89,143,74,69,324,183,141,225,120,105
27204,C4920,20,357,District-Purbi Singhbhum,Rural,30-39,2046,1153,893,220,124,96,434,226,208,166,94,72,472,301,171,123,60,63,163,87,76,286,161,125,182,100,82
27205,C4920,20,357,District-Purbi Singhbhum,Rural,40-49,2255,1300,955,331,191,140,543,315,228,145,68,77,515,339,176,128,69,59,156,77,79,281,156,125,156,85,71
27206,C4920,20,357,District-Purbi Singhbhum,Rural,50-59,2035,1173,862,392,216,176,562,326,236,66,33,33,497,319,178,77,42,35,88,43,45,197,110,87,156,84,72
27207,C4920,20,357,District-Purbi Singhbhum,Rural,60-69,2787,1326,1461,708,307,401,716,336,380,46,23,23,736,388,348,36,11,25,56,25,31,214,115,99,275,121,154
27208,C4920,20,357,District-Purbi Singhbhum,Rural,70-79,1862,818,1044,469,206,263,416,201,215,22,7,15,530,215,315,13,3,10,15,7,8,106,52,54,291,127,164
27209,C4920,20,357,District-Purbi Singhbhum,Rural,80-89,576,276,300,130,55,75,123,71,52,9,5,4,157,73,84,3,2,1,5,4,1,26,15,11,123,51,72
27210,C4920,20,357,District-Purbi Singhbhum,Rural,90+,139,61,78,22,7,15,24,12,12,0,0,0,50,24,26,2,1,1,1,0,1,4,2,2,36,15,21
27211,C4920,20,357,District-Purbi Singhbhum,Rural,Age Not Stated,7,3,4,0,0,0,2,1,1,0,0,0,2,2,0,0,0,0,0,0,0,3,0,3,0,0,0
27212,C4920,20,357,District-Purbi Singhbhum,Urban,Total,17560,9646,7914,2462,1291,1171,4934,2588,2346,1212,662,550,3720,2157,1563,1002,590,412,594,346,248,2169,1200,969,1467,812,655
27213,C4920,20,357,District-Purbi Singhbhum,Urban,0-4,787,388,399,125,55,70,344,169,175,20,9,11,65,34,31,15,8,7,10,8,2,153,78,75,55,27,28
27214,C4920,20,357,District-Purbi Singhbhum,Urban,5-9,1110,588,522,173,99,74,361,171,190,134,76,58,111,61,50,65,35,30,12,10,2,132,73,59,122,63,59
27215,C4920,20,357,District-Purbi Singhbhum,Urban,10-19,2740,1512,1228,379,189,190,784,404,380,286,160,126,322,185,137,241,157,84,84,52,32,318,173,145,326,192,134
27216,C4920,20,357,District-Purbi Singhbhum,Urban,20-29,2945,1633,1312,368,193,175,791,396,395,242,124,118,502,315,187,238,127,111,136,78,58,424,257,167,244,143,101
27217,C4920,20,357,District-Purbi Singhbhum,Urban,30-39,2564,1485,1079,317,182,135,749,396,353,184,93,91,476,319,157,214,141,73,117,74,43,346,189,157,161,91,70
27218,C4920,20,357,District-Purbi Singhbhum,Urban,40-49,2282,1341,941,296,171,125,619,366,253,146,88,58,587,347,240,104,63,41,109,59,50,296,168,128,125,79,46
27219,C4920,20,357,District-Purbi Singhbhum,Urban,50-59,1872,1057,815,266,140,126,456,267,189,94,52,42,604,355,249,72,40,32,71,44,27,207,110,97,102,49,53
27220,C4920,20,357,District-Purbi Singhbhum,Urban,60-69,1705,904,801,285,152,133,425,213,212,61,29,32,554,313,241,27,11,16,36,16,20,186,99,87,131,71,60
27221,C4920,20,357,District-Purbi Singhbhum,Urban,70-79,1007,498,509,171,76,95,257,130,127,37,27,10,329,160,169,20,6,14,15,5,10,70,34,36,108,60,48
27222,C4920,20,357,District-Purbi Singhbhum,Urban,80-89,430,192,238,68,29,39,123,65,58,6,2,4,134,58,76,4,0,4,4,0,4,30,16,14,61,22,39
27223,C4920,20,357,District-Purbi Singhbhum,Urban,90+,107,42,65,14,5,9,23,10,13,2,2,0,33,10,23,1,1,0,0,0,0,3,0,3,31,14,17
27224,C4920,20,357,District-Purbi Singhbhum,Urban,Age Not Stated,11,6,5,0,0,0,2,1,1,0,0,0,3,0,3,1,1,0,0,0,0,4,3,1,1,1,0
27225,C4920,20,358,District-Palamu,Total,Total,57997,32613,25384,8751,4699,4052,11544,6100,5444,2551,1492,1059,14447,8709,5738,3048,1862,1186,2050,1193,857,9251,5120,4131,6355,3438,2917
27226,C4920,20,358,District-Palamu,Total,0-4,2532,1346,1186,333,165,168,847,449,398,64,37,27,304,179,125,89,44,45,20,13,7,681,351,330,194,108,86
27227,C4920,20,358,District-Palamu,Total,5-9,4424,2427,1997,550,303,247,1195,590,605,409,241,168,585,366,219,278,167,111,103,59,44,868,456,412,436,245,191
27228,C4920,20,358,District-Palamu,Total,10-19,9634,5483,4151,1142,627,515,2011,1047,964,751,445,306,1953,1174,779,840,516,324,343,197,146,1696,929,767,898,548,350
27229,C4920,20,358,District-Palamu,Total,20-29,7260,4358,2902,812,468,344,1471,784,687,374,230,144,1798,1218,580,537,334,203,400,247,153,1338,746,592,530,331,199
27230,C4920,20,358,District-Palamu,Total,30-39,6308,3747,2561,769,435,334,1378,753,625,312,175,137,1306,885,421,477,294,183,381,224,157,1268,719,549,417,262,155
27231,C4920,20,358,District-Palamu,Total,40-49,5800,3443,2357,841,510,331,1112,597,515,255,149,106,1326,840,486,393,255,138,349,221,128,1063,617,446,461,254,207
27232,C4920,20,358,District-Palamu,Total,50-59,5568,2998,2570,1031,532,499,1022,532,490,163,97,66,1584,903,681,223,133,90,203,101,102,840,435,405,502,265,237
27233,C4920,20,358,District-Palamu,Total,60-69,8378,4461,3917,1678,827,851,1384,719,665,132,71,61,2762,1578,1184,140,78,62,160,81,79,911,527,384,1211,580,631
27234,C4920,20,358,District-Palamu,Total,70-79,5399,2928,2471,1111,577,534,765,420,345,58,30,28,1853,1037,816,54,33,21,67,39,28,443,262,181,1048,530,518
27235,C4920,20,358,District-Palamu,Total,80-89,2059,1094,965,375,206,169,281,159,122,25,12,13,755,415,340,13,7,6,19,9,10,121,66,55,470,220,250
27236,C4920,20,358,District-Palamu,Total,90+,610,319,291,103,46,57,72,49,23,7,4,3,215,113,102,4,1,3,5,2,3,16,9,7,188,95,93
27237,C4920,20,358,District-Palamu,Total,Age Not Stated,25,9,16,6,3,3,6,1,5,1,1,0,6,1,5,0,0,0,0,0,0,6,3,3,0,0,0
27238,C4920,20,358,District-Palamu,Rural,Total,52698,29578,23120,8186,4399,3787,10316,5434,4882,2236,1313,923,13164,7907,5257,2743,1667,1076,1874,1076,798,8281,4593,3688,5898,3189,2709
27239,C4920,20,358,District-Palamu,Rural,0-4,2286,1211,1075,304,149,155,764,405,359,55,33,22,272,161,111,78,38,40,18,11,7,615,314,301,180,100,80
27240,C4920,20,358,District-Palamu,Rural,5-9,4038,2212,1826,507,280,227,1094,542,552,369,217,152,540,334,206,257,155,102,97,55,42,774,402,372,400,227,173
27241,C4920,20,358,District-Palamu,Rural,10-19,8722,4994,3728,1053,579,474,1820,945,875,666,396,270,1784,1075,709,774,473,301,316,179,137,1492,843,649,817,504,313
27242,C4920,20,358,District-Palamu,Rural,20-29,6469,3896,2573,749,434,315,1277,684,593,321,198,123,1618,1099,519,469,294,175,354,218,136,1192,668,524,489,301,188
27243,C4920,20,358,District-Palamu,Rural,30-39,5645,3338,2307,714,404,310,1214,653,561,260,148,112,1160,788,372,424,255,169,346,200,146,1137,644,493,390,246,144
27244,C4920,20,358,District-Palamu,Rural,40-49,5184,3079,2105,778,474,304,964,524,440,228,131,97,1183,746,437,340,218,122,320,201,119,939,548,391,432,237,195
27245,C4920,20,358,District-Palamu,Rural,50-59,5053,2680,2373,967,498,469,872,436,436,140,85,55,1447,814,633,205,123,82,186,90,96,769,395,374,467,239,228
27246,C4920,20,358,District-Palamu,Rural,60-69,7743,4107,3636,1597,786,811,1264,661,603,113,61,52,2534,1440,1094,130,71,59,149,73,76,831,474,357,1125,541,584
27247,C4920,20,358,District-Palamu,Rural,70-79,5040,2731,2309,1060,554,506,713,389,324,55,28,27,1714,955,759,50,32,18,66,39,27,402,235,167,980,499,481
27248,C4920,20,358,District-Palamu,Rural,80-89,1923,1025,898,353,195,158,261,150,111,23,12,11,710,390,320,12,7,5,17,8,9,109,59,50,438,204,234
27249,C4920,20,358,District-Palamu,Rural,90+,570,296,274,98,43,55,67,44,23,5,3,2,196,104,92,4,1,3,5,2,3,15,8,7,180,91,89
27250,C4920,20,358,District-Palamu,Rural,Age Not Stated,25,9,16,6,3,3,6,1,5,1,1,0,6,1,5,0,0,0,0,0,0,6,3,3,0,0,0
27251,C4920,20,358,District-Palamu,Urban,Total,5299,3035,2264,565,300,265,1228,666,562,315,179,136,1283,802,481,305,195,110,176,117,59,970,527,443,457,249,208
27252,C4920,20,358,District-Palamu,Urban,0-4,246,135,111,29,16,13,83,44,39,9,4,5,32,18,14,11,6,5,2,2,0,66,37,29,14,8,6
27253,C4920,20,358,District-Palamu,Urban,5-9,386,215,171,43,23,20,101,48,53,40,24,16,45,32,13,21,12,9,6,4,2,94,54,40,36,18,18
27254,C4920,20,358,District-Palamu,Urban,10-19,912,489,423,89,48,41,191,102,89,85,49,36,169,99,70,66,43,23,27,18,9,204,86,118,81,44,37
27255,C4920,20,358,District-Palamu,Urban,20-29,791,462,329,63,34,29,194,100,94,53,32,21,180,119,61,68,40,28,46,29,17,146,78,68,41,30,11
27256,C4920,20,358,District-Palamu,Urban,30-39,663,409,254,55,31,24,164,100,64,52,27,25,146,97,49,53,39,14,35,24,11,131,75,56,27,16,11
27257,C4920,20,358,District-Palamu,Urban,40-49,616,364,252,63,36,27,148,73,75,27,18,9,143,94,49,53,37,16,29,20,9,124,69,55,29,17,12
27258,C4920,20,358,District-Palamu,Urban,50-59,515,318,197,64,34,30,150,96,54,23,12,11,137,89,48,18,10,8,17,11,6,71,40,31,35,26,9
27259,C4920,20,358,District-Palamu,Urban,60-69,635,354,281,81,41,40,120,58,62,19,10,9,228,138,90,10,7,3,11,8,3,80,53,27,86,39,47
27260,C4920,20,358,District-Palamu,Urban,70-79,359,197,162,51,23,28,52,31,21,3,2,1,139,82,57,4,1,3,1,0,1,41,27,14,68,31,37
27261,C4920,20,358,District-Palamu,Urban,80-89,136,69,67,22,11,11,20,9,11,2,0,2,45,25,20,1,0,1,2,1,1,12,7,5,32,16,16
27262,C4920,20,358,District-Palamu,Urban,90+,40,23,17,5,3,2,5,5,0,2,1,1,19,9,10,0,0,0,0,0,0,1,1,0,8,4,4
27263,C4920,20,358,District-Palamu,Urban,Age Not Stated,0,0,0,0,0,0,0,0,0,0,0,0,0,0,0,0,0,0,0,0,0,0,0,0,0,0,0
27264,C4920,20,359,District-Latehar,Total,Total,15348,8438,6910,2671,1390,1281,3962,2142,1820,685,377,308,3340,1933,1407,593,344,249,396,219,177,2414,1383,1031,1287,650,637
27265,C4920,20,359,District-Latehar,Total,0-4,941,486,455,153,78,75,351,169,182,17,14,3,107,63,44,22,9,13,9,4,5,235,124,111,47,25,22
27266,C4920,20,359,District-Latehar,Total,5-9,1414,775,639,251,123,128,423,234,189,113,63,50,173,102,71,58,29,29,18,12,6,259,144,115,119,68,51
27267,C4920,20,359,District-Latehar,Total,10-19,3095,1690,1405,492,256,236,814,439,375,231,129,102,544,306,238,176,106,70,85,50,35,511,274,237,242,130,112
27268,C4920,20,359,District-Latehar,Total,20-29,1993,1103,890,285,145,140,548,285,263,101,56,45,433,261,172,108,68,40,74,40,34,321,182,139,123,66,57
27269,C4920,20,359,District-Latehar,Total,30-39,1634,941,693,254,134,120,439,232,207,73,37,36,319,215,104,82,48,34,83,49,34,315,185,130,69,41,28
27270,C4920,20,359,District-Latehar,Total,40-49,1574,945,629,259,154,105,400,242,158,61,34,27,351,222,129,69,37,32,47,19,28,301,183,118,86,54,32
27271,C4920,20,359,District-Latehar,Total,50-59,1376,792,584,262,147,115,327,179,148,32,20,12,388,223,165,37,22,15,43,27,16,194,127,67,93,47,46
27272,C4920,20,359,District-Latehar,Total,60-69,1835,947,888,427,202,225,381,212,169,35,16,19,546,293,253,29,18,11,31,14,17,173,101,72,213,91,122
27273,C4920,20,359,District-Latehar,Total,70-79,1001,523,478,209,107,102,200,107,93,16,5,11,324,175,149,9,6,3,4,3,1,71,44,27,168,76,92
27274,C4920,20,359,District-Latehar,Total,80-89,372,189,183,65,37,28,59,32,27,6,3,3,121,62,59,1,0,1,0,0,0,23,14,9,97,41,56
27275,C4920,20,359,District-Latehar,Total,90+,107,45,62,13,6,7,19,10,9,0,0,0,32,11,21,2,1,1,2,1,1,10,5,5,29,11,18
27276,C4920,20,359,District-Latehar,Total,Age Not Stated,6,2,4,1,1,0,1,1,0,0,0,0,2,0,2,0,0,0,0,0,0,1,0,1,1,0,1
27277,C4920,20,359,District-Latehar,Rural,Total,14035,7709,6326,2531,1308,1223,3477,1890,1587,627,348,279,3095,1782,1313,547,321,226,361,198,163,2234,1288,946,1163,574,589
27278,C4920,20,359,District-Latehar,Rural,0-4,870,460,410,149,77,72,312,154,158,15,13,2,99,59,40,20,8,12,9,4,5,223,121,102,43,24,19
27279,C4920,20,359,District-Latehar,Rural,5-9,1303,715,588,241,118,123,373,207,166,106,59,47,162,95,67,51,27,24,17,12,5,249,140,109,104,57,47
27280,C4920,20,359,District-Latehar,Rural,10-19,2850,1566,1284,468,244,224,696,378,318,213,121,92,517,289,228,170,103,67,81,48,33,490,267,223,215,116,99
27281,C4920,20,359,District-Latehar,Rural,20-29,1795,995,800,266,134,132,474,251,223,88,50,38,398,237,161,98,63,35,69,38,31,297,168,129,105,54,51
27282,C4920,20,359,District-Latehar,Rural,30-39,1458,833,625,233,121,112,379,198,181,66,32,34,285,193,92,77,46,31,71,41,30,288,170,118,59,32,27
27283,C4920,20,359,District-Latehar,Rural,40-49,1405,845,560,243,144,99,341,209,132,56,33,23,319,202,117,60,31,29,42,16,26,267,161,106,77,49,28
27284,C4920,20,359,District-Latehar,Rural,50-59,1244,707,537,245,134,111,286,155,131,31,19,12,358,204,154,34,21,13,37,22,15,175,116,59,78,36,42
27285,C4920,20,359,District-Latehar,Rural,60-69,1724,884,840,412,194,218,359,200,159,32,14,18,514,274,240,28,17,11,29,13,16,148,87,61,202,85,117
27286,C4920,20,359,District-Latehar,Rural,70-79,934,483,451,201,100,101,183,98,85,16,5,11,298,162,136,7,4,3,4,3,1,65,40,25,160,71,89
27287,C4920,20,359,District-Latehar,Rural,80-89,345,176,169,61,36,25,55,29,26,4,2,2,113,57,56,0,0,0,0,0,0,21,13,8,91,39,52
27288,C4920,20,359,District-Latehar,Rural,90+,101,43,58,11,5,6,18,10,8,0,0,0,30,10,20,2,1,1,2,1,1,10,5,5,28,11,17
27289,C4920,20,359,District-Latehar,Rural,Age Not Stated,6,2,4,1,1,0,1,1,0,0,0,0,2,0,2,0,0,0,0,0,0,1,0,1,1,0,1
27290,C4920,20,359,District-Latehar,Urban,Total,1313,729,584,140,82,58,485,252,233,58,29,29,245,151,94,46,23,23,35,21,14,180,95,85,124,76,48
27291,C4920,20,359,District-Latehar,Urban,0-4,71,26,45,4,1,3,39,15,24,2,1,1,8,4,4,2,1,1,0,0,0,12,3,9,4,1,3
27292,C4920,20,359,District-Latehar,Urban,5-9,111,60,51,10,5,5,50,27,23,7,4,3,11,7,4,7,2,5,1,0,1,10,4,6,15,11,4
27293,C4920,20,359,District-Latehar,Urban,10-19,245,124,121,24,12,12,118,61,57,18,8,10,27,17,10,6,3,3,4,2,2,21,7,14,27,14,13
27294,C4920,20,359,District-Latehar,Urban,20-29,198,108,90,19,11,8,74,34,40,13,6,7,35,24,11,10,5,5,5,2,3,24,14,10,18,12,6
27295,C4920,20,359,District-Latehar,Urban,30-39,176,108,68,21,13,8,60,34,26,7,5,2,34,22,12,5,2,3,12,8,4,27,15,12,10,9,1
27296,C4920,20,359,District-Latehar,Urban,40-49,169,100,69,16,10,6,59,33,26,5,1,4,32,20,12,9,6,3,5,3,2,34,22,12,9,5,4
27297,C4920,20,359,District-Latehar,Urban,50-59,132,85,47,17,13,4,41,24,17,1,1,0,30,19,11,3,1,2,6,5,1,19,11,8,15,11,4
27298,C4920,20,359,District-Latehar,Urban,60-69,111,63,48,15,8,7,22,12,10,3,2,1,32,19,13,1,1,0,2,1,1,25,14,11,11,6,5
27299,C4920,20,359,District-Latehar,Urban,70-79,67,40,27,8,7,1,17,9,8,0,0,0,26,13,13,2,2,0,0,0,0,6,4,2,8,5,3
27300,C4920,20,359,District-Latehar,Urban,80-89,27,13,14,4,1,3,4,3,1,2,1,1,8,5,3,1,0,1,0,0,0,2,1,1,6,2,4
27301,C4920,20,359,District-Latehar,Urban,90+,6,2,4,2,1,1,1,0,1,0,0,0,2,1,1,0,0,0,0,0,0,0,0,0,1,0,1
27302,C4920,20,359,District-Latehar,Urban,Age Not Stated,0,0,0,0,0,0,0,0,0,0,0,0,0,0,0,0,0,0,0,0,0,0,0,0,0,0,0
27303,C4920,20,360,District-Hazaribagh,Total,Total,35132,20069,15063,5023,2639,2384,8109,4319,3790,2154,1266,888,8633,5354,3279,2138,1314,824,1139,704,435,4369,2512,1857,3567,1961,1606
27304,C4920,20,360,District-Hazaribagh,Total,0-4,1468,808,660,198,100,98,475,264,211,47,30,17,208,110,98,48,27,21,24,12,12,322,181,141,146,84,62
27305,C4920,20,360,District-Hazaribagh,Total,5-9,2786,1565,1221,333,195,138,691,352,339,292,181,111,389,234,155,210,134,76,71,41,30,377,188,189,423,240,183
27306,C4920,20,360,District-Hazaribagh,Total,10-19,6951,3949,3002,780,447,333,1449,761,688,655,388,267,1435,855,580,680,399,281,256,154,102,871,473,398,825,472,353
27307,C4920,20,360,District-Hazaribagh,Total,20-29,4977,3011,1966,510,281,229,1027,558,469,360,215,145,1413,934,479,376,224,152,223,149,74,651,387,264,417,263,154
27308,C4920,20,360,District-Hazaribagh,Total,30-39,4242,2578,1664,467,268,199,1078,597,481,266,155,111,980,669,311,325,212,113,204,126,78,623,375,248,299,176,123
27309,C4920,20,360,District-Hazaribagh,Total,40-49,3700,2289,1411,524,297,227,897,512,385,203,120,83,890,625,265,240,150,90,173,108,65,545,332,213,228,145,83
27310,C4920,20,360,District-Hazaribagh,Total,50-59,3114,1771,1343,569,292,277,749,388,361,154,80,74,891,558,333,106,73,33,77,52,25,371,221,150,197,107,90
27311,C4920,20,360,District-Hazaribagh,Total,60-69,3913,2018,1895,778,348,430,943,464,479,102,58,44,1179,655,524,92,58,34,74,44,30,361,200,161,384,191,193
27312,C4920,20,360,District-Hazaribagh,Total,70-79,2691,1432,1259,592,290,302,571,301,270,51,23,28,812,478,334,52,30,22,31,15,16,186,115,71,396,180,216
27313,C4920,20,360,District-Hazaribagh,Total,80-89,937,470,467,187,76,111,174,92,82,21,14,7,334,186,148,6,4,2,5,2,3,48,30,18,162,66,96
27314,C4920,20,360,District-Hazaribagh,Total,90+,340,168,172,81,42,39,51,26,25,3,2,1,100,50,50,2,2,0,1,1,0,13,9,4,89,36,53
27315,C4920,20,360,District-Hazaribagh,Total,Age Not Stated,13,10,3,4,3,1,4,4,0,0,0,0,2,0,2,1,1,0,0,0,0,1,1,0,1,1,0
27316,C4920,20,360,District-Hazaribagh,Rural,Total,29563,16902,12661,4358,2294,2064,6245,3311,2934,1846,1079,767,7463,4649,2814,1850,1132,718,961,585,376,3731,2131,1600,3109,1721,1388
27317,C4920,20,360,District-Hazaribagh,Rural,0-4,1159,646,513,172,91,81,317,182,135,42,26,16,163,84,79,44,25,19,22,11,11,273,152,121,126,75,51
27318,C4920,20,360,District-Hazaribagh,Rural,5-9,2296,1284,1012,289,166,123,477,225,252,255,158,97,333,203,130,190,123,67,66,40,26,326,160,166,360,209,151
27319,C4920,20,360,District-Hazaribagh,Rural,10-19,5840,3318,2522,675,382,293,1108,572,536,562,336,226,1223,729,494,598,354,244,225,136,89,756,405,351,693,404,289
27320,C4920,20,360,District-Hazaribagh,Rural,20-29,4062,2513,1549,434,244,190,743,430,313,304,181,123,1188,790,398,317,190,127,183,123,60,542,328,214,351,227,124
27321,C4920,20,360,District-Hazaribagh,Rural,30-39,3413,2087,1326,390,229,161,703,392,311,226,130,96,863,589,274,272,174,98,167,99,68,533,320,213,259,154,105
27322,C4920,20,360,District-Hazaribagh,Rural,40-49,3060,1880,1180,445,259,186,695,383,312,172,99,73,760,534,226,203,125,78,142,86,56,450,274,176,193,120,73
27323,C4920,20,360,District-Hazaribagh,Rural,50-59,2668,1504,1164,495,252,243,637,331,306,131,65,66,765,476,289,89,58,31,62,41,21,317,186,131,172,95,77
27324,C4920,20,360,District-Hazaribagh,Rural,60-69,3477,1798,1679,683,305,378,839,415,424,91,51,40,1043,590,453,79,49,30,60,34,26,321,176,145,361,178,183
27325,C4920,20,360,District-Hazaribagh,Rural,70-79,2415,1276,1139,531,255,276,515,269,246,41,18,23,732,435,297,51,29,22,28,12,16,156,94,62,361,164,197
27326,C4920,20,360,District-Hazaribagh,Rural,80-89,843,427,416,165,68,97,160,84,76,20,13,7,300,172,128,4,2,2,5,2,3,44,27,17,145,59,86
27327,C4920,20,360,District-Hazaribagh,Rural,90+,320,160,160,75,40,35,48,25,23,2,2,0,93,47,46,2,2,0,1,1,0,12,8,4,87,35,52
27328,C4920,20,360,District-Hazaribagh,Rural,Age Not Stated,10,9,1,4,3,1,3,3,0,0,0,0,0,0,0,1,1,0,0,0,0,1,1,0,1,1,0
27329,C4920,20,360,District-Hazaribagh,Urban,Total,5569,3167,2402,665,345,320,1864,1008,856,308,187,121,1170,705,465,288,182,106,178,119,59,638,381,257,458,240,218
27330,C4920,20,360,District-Hazaribagh,Urban,0-4,309,162,147,26,9,17,158,82,76,5,4,1,45,26,19,4,2,2,2,1,1,49,29,20,20,9,11
27331,C4920,20,360,District-Hazaribagh,Urban,5-9,490,281,209,44,29,15,214,127,87,37,23,14,56,31,25,20,11,9,5,1,4,51,28,23,63,31,32
27332,C4920,20,360,District-Hazaribagh,Urban,10-19,1111,631,480,105,65,40,341,189,152,93,52,41,212,126,86,82,45,37,31,18,13,115,68,47,132,68,64
27333,C4920,20,360,District-Hazaribagh,Urban,20-29,915,498,417,76,37,39,284,128,156,56,34,22,225,144,81,59,34,25,40,26,14,109,59,50,66,36,30
27334,C4920,20,360,District-Hazaribagh,Urban,30-39,829,491,338,77,39,38,375,205,170,40,25,15,117,80,37,53,38,15,37,27,10,90,55,35,40,22,18
27335,C4920,20,360,District-Hazaribagh,Urban,40-49,640,409,231,79,38,41,202,129,73,31,21,10,130,91,39,37,25,12,31,22,9,95,58,37,35,25,10
27336,C4920,20,360,District-Hazaribagh,Urban,50-59,446,267,179,74,40,34,112,57,55,23,15,8,126,82,44,17,15,2,15,11,4,54,35,19,25,12,13
27337,C4920,20,360,District-Hazaribagh,Urban,60-69,436,220,216,95,43,52,104,49,55,11,7,4,136,65,71,13,9,4,14,10,4,40,24,16,23,13,10
27338,C4920,20,360,District-Hazaribagh,Urban,70-79,276,156,120,61,35,26,56,32,24,10,5,5,80,43,37,1,1,0,3,3,0,30,21,9,35,16,19
27339,C4920,20,360,District-Hazaribagh,Urban,80-89,94,43,51,22,8,14,14,8,6,1,1,0,34,14,20,2,2,0,0,0,0,4,3,1,17,7,10
27340,C4920,20,360,District-Hazaribagh,Urban,90+,20,8,12,6,2,4,3,1,2,1,0,1,7,3,4,0,0,0,0,0,0,1,1,0,2,1,1
27341,C4920,20,360,District-Hazaribagh,Urban,Age Not Stated,3,1,2,0,0,0,1,1,0,0,0,0,2,0,2,0,0,0,0,0,0,0,0,0,0,0,0
27342,C4920,20,361,District-Ramgarh,Total,Total,14034,7936,6098,2082,1077,1005,2123,1150,973,993,556,437,3994,2397,1597,941,525,416,551,288,263,2104,1229,875,1246,714,532
27343,C4920,20,361,District-Ramgarh,Total,0-4,536,300,236,82,41,41,92,55,37,12,10,2,113,68,45,22,13,9,4,3,1,143,74,69,68,36,32
27344,C4920,20,361,District-Ramgarh,Total,5-9,982,538,444,121,66,55,127,72,55,142,82,60,186,96,90,74,36,38,28,16,12,175,89,86,129,81,48
27345,C4920,20,361,District-Ramgarh,Total,10-19,2906,1566,1340,341,181,160,376,189,187,325,161,164,679,374,305,306,160,146,134,68,66,410,235,175,335,198,137
27346,C4920,20,361,District-Ramgarh,Total,20-29,2318,1389,929,230,136,94,281,160,121,165,88,77,741,476,265,197,106,91,127,70,57,388,238,150,189,115,74
27347,C4920,20,361,District-Ramgarh,Total,30-39,1725,1041,684,208,109,99,257,143,114,115,72,43,460,302,158,153,102,51,89,47,42,325,197,128,118,69,49
27348,C4920,20,361,District-Ramgarh,Total,40-49,1551,976,575,232,143,89,235,134,101,102,70,32,456,303,153,100,63,37,86,47,39,261,165,96,79,51,28
27349,C4920,20,361,District-Ramgarh,Total,50-59,1332,773,559,228,97,131,235,141,94,67,39,28,477,305,172,44,20,24,46,23,23,170,104,66,65,44,21
27350,C4920,20,361,District-Ramgarh,Total,60-69,1454,742,712,345,153,192,268,139,129,35,19,16,481,264,217,31,17,14,26,11,15,150,80,70,118,59,59
27351,C4920,20,361,District-Ramgarh,Total,70-79,843,418,425,203,104,99,171,81,90,21,11,10,302,150,152,10,5,5,9,2,7,49,28,21,78,37,41
27352,C4920,20,361,District-Ramgarh,Total,80-89,292,148,144,67,33,34,60,29,31,5,2,3,82,49,33,3,3,0,1,1,0,23,13,10,51,18,33
27353,C4920,20,361,District-Ramgarh,Total,90+,85,41,44,24,14,10,20,7,13,2,1,1,15,9,6,0,0,0,1,0,1,8,4,4,15,6,9
27354,C4920,20,361,District-Ramgarh,Total,Age Not Stated,10,4,6,1,0,1,1,0,1,2,1,1,2,1,1,1,0,1,0,0,0,2,2,0,1,0,1
27355,C4920,20,361,District-Ramgarh,Rural,Total,8385,4692,3693,1373,729,644,1288,693,595,572,313,259,2457,1457,1000,502,271,231,318,162,156,1136,648,488,739,419,320
27356,C4920,20,361,District-Ramgarh,Rural,0-4,329,181,148,47,25,22,57,34,23,7,6,1,73,41,32,14,9,5,3,2,1,88,43,45,40,21,19
27357,C4920,20,361,District-Ramgarh,Rural,5-9,607,330,277,83,48,35,77,44,33,83,43,40,118,61,57,45,20,25,18,11,7,100,49,51,83,54,29
27358,C4920,20,361,District-Ramgarh,Rural,10-19,1687,909,778,214,125,89,214,100,114,191,92,99,407,228,179,166,85,81,85,39,46,220,125,95,190,115,75
27359,C4920,20,361,District-Ramgarh,Rural,20-29,1290,769,521,149,90,59,157,90,67,88,41,47,449,296,153,97,48,49,70,36,34,183,111,72,97,57,40
27360,C4920,20,361,District-Ramgarh,Rural,30-39,981,577,404,126,64,62,148,83,65,68,42,26,274,170,104,89,54,35,48,30,18,168,101,67,60,33,27
27361,C4920,20,361,District-Ramgarh,Rural,40-49,889,572,317,147,94,53,140,81,59,60,45,15,259,169,90,47,31,16,52,30,22,131,85,46,53,37,16
27362,C4920,20,361,District-Ramgarh,Rural,50-59,782,448,334,147,62,85,138,84,54,30,18,12,295,189,106,21,10,11,23,10,13,92,52,40,36,23,13
27363,C4920,20,361,District-Ramgarh,Rural,60-69,997,503,494,242,111,131,200,104,96,28,17,11,316,165,151,18,11,7,14,4,10,98,52,46,81,39,42
27364,C4920,20,361,District-Ramgarh,Rural,70-79,589,287,302,159,79,80,110,52,58,12,6,6,207,103,104,5,3,2,5,0,5,33,17,16,58,27,31
27365,C4920,20,361,District-Ramgarh,Rural,80-89,181,91,90,45,23,22,37,19,18,2,1,1,50,30,20,0,0,0,0,0,0,15,8,7,32,10,22
27366,C4920,20,361,District-Ramgarh,Rural,90+,48,23,25,13,8,5,10,2,8,1,1,0,9,5,4,0,0,0,0,0,0,7,4,3,8,3,5
27367,C4920,20,361,District-Ramgarh,Rural,Age Not Stated,5,2,3,1,0,1,0,0,0,2,1,1,0,0,0,0,0,0,0,0,0,1,1,0,1,0,1
27368,C4920,20,361,District-Ramgarh,Urban,Total,5649,3244,2405,709,348,361,835,457,378,421,243,178,1537,940,597,439,254,185,233,126,107,968,581,387,507,295,212
27369,C4920,20,361,District-Ramgarh,Urban,0-4,207,119,88,35,16,19,35,21,14,5,4,1,40,27,13,8,4,4,1,1,0,55,31,24,28,15,13
27370,C4920,20,361,District-Ramgarh,Urban,5-9,375,208,167,38,18,20,50,28,22,59,39,20,68,35,33,29,16,13,10,5,5,75,40,35,46,27,19
27371,C4920,20,361,District-Ramgarh,Urban,10-19,1219,657,562,127,56,71,162,89,73,134,69,65,272,146,126,140,75,65,49,29,20,190,110,80,145,83,62
27372,C4920,20,361,District-Ramgarh,Urban,20-29,1028,620,408,81,46,35,124,70,54,77,47,30,292,180,112,100,58,42,57,34,23,205,127,78,92,58,34
27373,C4920,20,361,District-Ramgarh,Urban,30-39,744,464,280,82,45,37,109,60,49,47,30,17,186,132,54,64,48,16,41,17,24,157,96,61,58,36,22
27374,C4920,20,361,District-Ramgarh,Urban,40-49,662,404,258,85,49,36,95,53,42,42,25,17,197,134,63,53,32,21,34,17,17,130,80,50,26,14,12
27375,C4920,20,361,District-Ramgarh,Urban,50-59,550,325,225,81,35,46,97,57,40,37,21,16,182,116,66,23,10,13,23,13,10,78,52,26,29,21,8
27376,C4920,20,361,District-Ramgarh,Urban,60-69,457,239,218,103,42,61,68,35,33,7,2,5,165,99,66,13,6,7,12,7,5,52,28,24,37,20,17
27377,C4920,20,361,District-Ramgarh,Urban,70-79,254,131,123,44,25,19,61,29,32,9,5,4,95,47,48,5,2,3,4,2,2,16,11,5,20,10,10
27378,C4920,20,361,District-Ramgarh,Urban,80-89,111,57,54,22,10,12,23,10,13,3,1,2,32,19,13,3,3,0,1,1,0,8,5,3,19,8,11
27379,C4920,20,361,District-Ramgarh,Urban,90+,37,18,19,11,6,5,10,5,5,1,0,1,6,4,2,0,0,0,1,0,1,1,0,1,7,3,4
27380,C4920,20,361,District-Ramgarh,Urban,Age Not Stated,5,2,3,0,0,0,1,0,1,0,0,0,2,1,1,1,0,1,0,0,0,1,1,0,0,0,0
27381,C4920,20,362,District-Dumka,Total,Total,34686,19182,15504,9012,4774,4238,7650,4150,3500,2112,1183,929,5891,3573,2318,1623,925,698,688,378,310,5518,3013,2505,2192,1186,1006
27382,C4920,20,362,District-Dumka,Total,0-4,2262,1196,1066,737,377,360,601,307,294,42,20,22,144,88,56,91,48,43,9,5,4,525,287,238,113,64,49
27383,C4920,20,362,District-Dumka,Total,5-9,3159,1708,1451,927,485,442,705,365,340,282,148,134,265,163,102,180,99,81,34,23,11,532,291,241,234,134,100
27384,C4920,20,362,District-Dumka,Total,10-19,6263,3416,2847,1571,822,749,1239,694,545,514,276,238,989,547,442,382,226,156,118,57,61,960,534,426,490,260,230
27385,C4920,20,362,District-Dumka,Total,20-29,5079,2847,2232,1184,648,536,1044,567,477,384,228,156,878,538,340,300,157,143,130,75,55,865,464,401,294,170,124
27386,C4920,20,362,District-Dumka,Total,30-39,4619,2729,1890,1167,668,499,1005,579,426,313,175,138,738,495,243,250,155,95,136,76,60,800,446,354,210,135,75
27387,C4920,20,362,District-Dumka,Total,40-49,4112,2412,1700,1059,599,460,922,539,383,224,133,91,765,501,264,194,118,76,127,75,52,671,361,310,150,86,64
27388,C4920,20,362,District-Dumka,Total,50-59,3306,1882,1424,847,452,395,760,411,349,162,98,64,731,451,280,110,65,45,64,38,26,513,294,219,119,73,46
27389,C4920,20,362,District-Dumka,Total,60-69,3658,1860,1798,949,448,501,859,415,444,126,67,59,869,494,375,84,41,43,49,22,27,450,238,212,272,135,137
27390,C4920,20,362,District-Dumka,Total,70-79,1626,828,798,433,203,230,377,195,182,45,30,15,398,233,165,23,13,10,16,5,11,137,66,71,197,83,114
27391,C4920,20,362,District-Dumka,Total,80-89,435,223,212,106,57,49,101,56,45,11,4,7,91,51,40,5,2,3,4,2,2,33,16,17,84,35,49
27392,C4920,20,362,District-Dumka,Total,90+,112,50,62,20,8,12,22,12,10,5,3,2,21,11,10,0,0,0,1,0,1,15,5,10,28,11,17
27393,C4920,20,362,District-Dumka,Total,Age Not Stated,55,31,24,12,7,5,15,10,5,4,1,3,2,1,1,4,1,3,0,0,0,17,11,6,1,0,1
27394,C4920,20,362,District-Dumka,Rural,Total,32463,17858,14605,8539,4505,4034,7178,3850,3328,1865,1040,825,5545,3365,2180,1508,850,658,646,349,297,5138,2806,2332,2044,1093,951
27395,C4920,20,362,District-Dumka,Rural,0-4,2153,1144,1009,704,363,341,571,295,276,41,20,21,142,87,55,90,47,43,8,4,4,486,265,221,111,63,48
27396,C4920,20,362,District-Dumka,Rural,5-9,2988,1604,1384,890,461,429,660,336,324,256,136,120,250,155,95,174,95,79,32,22,10,503,272,231,223,127,96
27397,C4920,20,362,District-Dumka,Rural,10-19,5844,3166,2678,1481,775,706,1162,647,515,466,247,219,942,518,424,352,207,145,110,54,56,904,502,402,427,216,211
27398,C4920,20,362,District-Dumka,Rural,20-29,4693,2620,2073,1106,598,508,968,519,449,338,200,138,823,512,311,270,135,135,121,67,54,801,432,369,266,157,109
27399,C4920,20,362,District-Dumka,Rural,30-39,4283,2519,1764,1096,631,465,933,527,406,281,157,124,685,459,226,234,145,89,129,72,57,732,407,325,193,121,72
27400,C4920,20,362,District-Dumka,Rural,40-49,3814,2232,1582,993,563,430,855,494,361,190,116,74,709,461,248,180,109,71,116,65,51,628,341,287,143,83,60
27401,C4920,20,362,District-Dumka,Rural,50-59,3085,1740,1345,805,421,384,721,386,335,129,78,51,683,423,260,101,59,42,62,37,25,468,266,202,116,70,46
27402,C4920,20,362,District-Dumka,Rural,60-69,3501,1772,1729,913,429,484,821,393,428,111,55,56,835,474,361,80,39,41,48,21,27,429,229,200,264,132,132
27403,C4920,20,362,District-Dumka,Rural,70-79,1536,777,759,420,196,224,358,183,175,34,23,11,368,216,152,19,11,8,15,5,10,133,65,68,189,78,111
27404,C4920,20,362,District-Dumka,Rural,80-89,411,208,203,103,55,48,92,48,44,10,4,6,87,49,38,4,2,2,4,2,2,28,13,15,83,35,48
27405,C4920,20,362,District-Dumka,Rural,90+,103,47,56,17,7,10,22,12,10,5,3,2,19,10,9,0,0,0,1,0,1,11,4,7,28,11,17
27406,C4920,20,362,District-Dumka,Rural,Age Not Stated,52,29,23,11,6,5,15,10,5,4,1,3,2,1,1,4,1,3,0,0,0,15,10,5,1,0,1
27407,C4920,20,362,District-Dumka,Urban,Total,2223,1324,899,473,269,204,472,300,172,247,143,104,346,208,138,115,75,40,42,29,13,380,207,173,148,93,55
27408,C4920,20,362,District-Dumka,Urban,0-4,109,52,57,33,14,19,30,12,18,1,0,1,2,1,1,1,1,0,1,1,0,39,22,17,2,1,1
27409,C4920,20,362,District-Dumka,Urban,5-9,171,104,67,37,24,13,45,29,16,26,12,14,15,8,7,6,4,2,2,1,1,29,19,10,11,7,4
27410,C4920,20,362,District-Dumka,Urban,10-19,419,250,169,90,47,43,77,47,30,48,29,19,47,29,18,30,19,11,8,3,5,56,32,24,63,44,19
27411,C4920,20,362,District-Dumka,Urban,20-29,386,227,159,78,50,28,76,48,28,46,28,18,55,26,29,30,22,8,9,8,1,64,32,32,28,13,15
27412,C4920,20,362,District-Dumka,Urban,30-39,336,210,126,71,37,34,72,52,20,32,18,14,53,36,17,16,10,6,7,4,3,68,39,29,17,14,3
27413,C4920,20,362,District-Dumka,Urban,40-49,298,180,118,66,36,30,67,45,22,34,17,17,56,40,16,14,9,5,11,10,1,43,20,23,7,3,4
27414,C4920,20,362,District-Dumka,Urban,50-59,221,142,79,42,31,11,39,25,14,33,20,13,48,28,20,9,6,3,2,1,1,45,28,17,3,3,0
27415,C4920,20,362,District-Dumka,Urban,60-69,157,88,69,36,19,17,38,22,16,15,12,3,34,20,14,4,2,2,1,1,0,21,9,12,8,3,5
27416,C4920,20,362,District-Dumka,Urban,70-79,90,51,39,13,7,6,19,12,7,11,7,4,30,17,13,4,2,2,1,0,1,4,1,3,8,5,3
27417,C4920,20,362,District-Dumka,Urban,80-89,24,15,9,3,2,1,9,8,1,1,0,1,4,2,2,1,0,1,0,0,0,5,3,2,1,0,1
27418,C4920,20,362,District-Dumka,Urban,90+,9,3,6,3,1,2,0,0,0,0,0,0,2,1,1,0,0,0,0,0,0,4,1,3,0,0,0
27419,C4920,20,362,District-Dumka,Urban,Age Not Stated,3,2,1,1,1,0,0,0,0,0,0,0,0,0,0,0,0,0,0,0,0,2,1,1,0,0,0
27420,C4920,20,363,District-Jamtara,Total,Total,22045,12468,9577,5537,3058,2479,3933,2138,1795,1227,693,534,3770,2358,1412,1023,589,434,583,328,255,4378,2421,1957,1594,883,711
27421,C4920,20,363,District-Jamtara,Total,0-4,1390,729,661,473,248,225,227,118,109,32,17,15,110,64,46,50,35,15,5,4,1,407,196,211,86,47,39
27422,C4920,20,363,District-Jamtara,Total,5-9,2112,1174,938,624,325,299,359,182,177,203,106,97,203,133,70,108,65,43,27,19,8,420,246,174,168,98,70
27423,C4920,20,363,District-Jamtara,Total,10-19,4209,2348,1861,1040,562,478,713,384,329,371,207,164,542,320,222,257,139,118,83,43,40,815,466,349,388,227,161
27424,C4920,20,363,District-Jamtara,Total,20-29,3173,1759,1414,733,405,328,547,288,259,220,120,100,513,326,187,204,117,87,115,52,63,639,337,302,202,114,88
27425,C4920,20,363,District-Jamtara,Total,30-39,2920,1747,1173,665,407,258,535,314,221,157,96,61,483,323,160,141,87,54,114,69,45,648,354,294,177,97,80
27426,C4920,20,363,District-Jamtara,Total,40-49,2434,1481,953,567,347,220,425,246,179,103,62,41,512,328,184,114,69,45,109,68,41,484,273,211,120,88,32
27427,C4920,20,363,District-Jamtara,Total,50-59,2127,1261,866,529,313,216,401,231,170,47,30,17,506,336,170,77,40,37,67,33,34,387,212,175,113,66,47
27428,C4920,20,363,District-Jamtara,Total,60-69,2223,1226,997,562,289,273,429,226,203,56,35,21,555,347,208,41,22,19,49,32,17,374,209,165,157,66,91
27429,C4920,20,363,District-Jamtara,Total,70-79,967,504,463,248,121,127,203,111,92,24,12,12,235,130,105,18,9,9,12,7,5,105,65,40,122,49,73
27430,C4920,20,363,District-Jamtara,Total,80-89,276,117,159,58,25,33,61,23,38,6,3,3,71,27,44,7,3,4,1,1,0,32,17,15,40,18,22
27431,C4920,20,363,District-Jamtara,Total,90+,108,56,52,31,12,19,22,8,14,4,3,1,17,9,8,1,0,1,0,0,0,16,13,3,17,11,6
27432,C4920,20,363,District-Jamtara,Total,Age Not Stated,106,66,40,7,4,3,11,7,4,4,2,2,23,15,8,5,3,2,1,0,1,51,33,18,4,2,2
27433,C4920,20,363,District-Jamtara,Rural,Total,20468,11564,8904,5215,2884,2331,3729,2015,1714,1131,640,491,3419,2136,1283,962,558,404,543,307,236,4000,2215,1785,1469,809,660
27434,C4920,20,363,District-Jamtara,Rural,0-4,1319,688,631,455,239,216,219,114,105,28,15,13,102,58,44,48,33,15,5,4,1,380,181,199,82,44,38
27435,C4920,20,363,District-Jamtara,Rural,5-9,1986,1099,887,596,314,282,347,175,172,192,99,93,187,122,65,102,61,41,25,17,8,382,224,158,155,87,68
27436,C4920,20,363,District-Jamtara,Rural,10-19,3903,2192,1711,958,519,439,670,364,306,342,189,153,505,301,204,237,130,107,80,43,37,745,429,316,366,217,149
27437,C4920,20,363,District-Jamtara,Rural,20-29,2908,1605,1303,697,382,315,515,266,249,198,109,89,452,289,163,191,110,81,106,49,57,568,302,266,181,98,83
27438,C4920,20,363,District-Jamtara,Rural,30-39,2690,1619,1071,629,387,242,503,292,211,143,90,53,425,286,139,131,83,48,100,61,39,599,329,270,160,91,69
27439,C4920,20,363,District-Jamtara,Rural,40-49,2260,1365,895,539,331,208,407,236,171,97,57,40,457,289,168,112,68,44,105,65,40,438,245,193,105,74,31
27440,C4920,20,363,District-Jamtara,Rural,50-59,1953,1155,798,481,284,197,378,216,162,42,28,14,461,304,157,71,38,33,61,29,32,356,195,161,103,61,42
27441,C4920,20,363,District-Jamtara,Rural,60-69,2099,1150,949,536,278,258,411,213,198,54,34,20,512,317,195,39,20,19,48,31,17,350,195,155,149,62,87
27442,C4920,20,363,District-Jamtara,Rural,70-79,903,472,431,234,113,121,192,106,86,22,11,11,219,122,97,18,9,9,11,7,4,96,58,38,111,46,65
27443,C4920,20,363,District-Jamtara,Rural,80-89,251,107,144,54,22,32,58,20,38,5,3,2,62,25,37,7,3,4,1,1,0,27,16,11,37,17,20
27444,C4920,20,363,District-Jamtara,Rural,90+,99,50,49,30,12,18,18,6,12,4,3,1,16,8,8,1,0,1,0,0,0,14,11,3,16,10,6
27445,C4920,20,363,District-Jamtara,Rural,Age Not Stated,97,62,35,6,3,3,11,7,4,4,2,2,21,15,6,5,3,2,1,0,1,45,30,15,4,2,2
27446,C4920,20,363,District-Jamtara,Urban,Total,1577,904,673,322,174,148,204,123,81,96,53,43,351,222,129,61,31,30,40,21,19,378,206,172,125,74,51
27447,C4920,20,363,District-Jamtara,Urban,0-4,71,41,30,18,9,9,8,4,4,4,2,2,8,6,2,2,2,0,0,0,0,27,15,12,4,3,1
27448,C4920,20,363,District-Jamtara,Urban,5-9,126,75,51,28,11,17,12,7,5,11,7,4,16,11,5,6,4,2,2,2,0,38,22,16,13,11,2
27449,C4920,20,363,District-Jamtara,Urban,10-19,306,156,150,82,43,39,43,20,23,29,18,11,37,19,18,20,9,11,3,0,3,70,37,33,22,10,12
27450,C4920,20,363,District-Jamtara,Urban,20-29,265,154,111,36,23,13,32,22,10,22,11,11,61,37,24,13,7,6,9,3,6,71,35,36,21,16,5
27451,C4920,20,363,District-Jamtara,Urban,30-39,230,128,102,36,20,16,32,22,10,14,6,8,58,37,21,10,4,6,14,8,6,49,25,24,17,6,11
27452,C4920,20,363,District-Jamtara,Urban,40-49,174,116,58,28,16,12,18,10,8,6,5,1,55,39,16,2,1,1,4,3,1,46,28,18,15,14,1
27453,C4920,20,363,District-Jamtara,Urban,50-59,174,106,68,48,29,19,23,15,8,5,2,3,45,32,13,6,2,4,6,4,2,31,17,14,10,5,5
27454,C4920,20,363,District-Jamtara,Urban,60-69,124,76,48,26,11,15,18,13,5,2,1,1,43,30,13,2,2,0,1,1,0,24,14,10,8,4,4
27455,C4920,20,363,District-Jamtara,Urban,70-79,64,32,32,14,8,6,11,5,6,2,1,1,16,8,8,0,0,0,1,0,1,9,7,2,11,3,8
27456,C4920,20,363,District-Jamtara,Urban,80-89,25,10,15,4,3,1,3,3,0,1,0,1,9,2,7,0,0,0,0,0,0,5,1,4,3,1,2
27457,C4920,20,363,District-Jamtara,Urban,90+,9,6,3,1,0,1,4,2,2,0,0,0,1,1,0,0,0,0,0,0,0,2,2,0,1,1,0
27458,C4920,20,363,District-Jamtara,Urban,Age Not Stated,9,4,5,1,1,0,0,0,0,0,0,0,2,0,2,0,0,0,0,0,0,6,3,3,0,0,0
27459,C4920,20,364,District-Ranchi,Total,Total,64441,35315,29126,12788,6768,6020,16809,8918,7891,4908,2651,2257,10198,6040,4158,2974,1703,1271,2178,1376,802,10692,5751,4941,3894,2108,1786
27460,C4920,20,364,District-Ranchi,Total,0-4,3813,2010,1803,834,426,408,1217,628,589,98,62,36,256,156,100,123,73,50,15,6,9,1030,530,500,240,129,111
27461,C4920,20,364,District-Ranchi,Total,5-9,5198,2820,2378,1094,564,530,1500,820,680,524,290,234,450,258,192,280,157,123,71,41,30,884,465,419,395,225,170
27462,C4920,20,364,District-Ranchi,Total,10-19,11963,6365,5598,2391,1263,1128,3217,1663,1554,1091,536,555,1450,834,616,827,461,366,300,187,113,1891,979,912,796,442,354
27463,C4920,20,364,District-Ranchi,Total,20-29,10099,5608,4491,1738,922,816,2504,1349,1155,906,482,424,1523,921,602,545,318,227,560,377,183,1839,971,868,484,268,216
27464,C4920,20,364,District-Ranchi,Total,30-39,8755,4970,3785,1559,863,696,2402,1266,1136,733,407,326,1230,791,439,449,263,186,518,323,195,1511,843,668,353,214,139
27465,C4920,20,364,District-Ranchi,Total,40-49,7496,4413,3083,1478,842,636,1932,1088,844,634,339,295,1240,813,427,361,210,151,338,218,120,1222,730,492,291,173,118
27466,C4920,20,364,District-Ranchi,Total,50-59,5658,3205,2453,1168,622,546,1430,782,648,415,250,165,1133,701,432,187,112,75,182,104,78,881,476,405,262,158,104
27467,C4920,20,364,District-Ranchi,Total,60-69,5999,3107,2892,1365,656,709,1386,688,698,309,171,138,1535,851,684,122,59,63,122,67,55,763,427,336,397,188,209
27468,C4920,20,364,District-Ranchi,Total,70-79,3221,1633,1588,709,371,338,699,353,346,109,64,45,903,461,442,34,19,15,36,26,10,349,168,181,382,171,211
27469,C4920,20,364,District-Ranchi,Total,80-89,1068,559,509,213,116,97,231,119,112,27,18,9,306,167,139,12,7,5,6,4,2,94,44,50,179,84,95
27470,C4920,20,364,District-Ranchi,Total,90+,336,164,172,53,27,26,83,40,43,4,1,3,85,45,40,5,3,2,7,7,0,37,15,22,62,26,36
27471,C4920,20,364,District-Ranchi,Total,Age Not Stated,835,461,374,186,96,90,208,122,86,58,31,27,87,42,45,29,21,8,23,16,7,191,103,88,53,30,23
27472,C4920,20,364,District-Ranchi,Rural,Total,38571,20758,17813,7786,4061,3725,10599,5545,5054,2540,1349,1191,6447,3792,2655,1801,1006,795,877,473,404,6020,3214,2806,2501,1318,1183
27473,C4920,20,364,District-Ranchi,Rural,0-4,2423,1252,1171,518,254,264,807,403,404,59,32,27,175,109,66,76,44,32,8,2,6,617,318,299,163,90,73
27474,C4920,20,364,District-Ranchi,Rural,5-9,3336,1783,1553,706,357,349,995,529,466,313,169,144,303,176,127,190,108,82,46,26,20,528,275,253,255,143,112
27475,C4920,20,364,District-Ranchi,Rural,10-19,7318,3918,3400,1397,752,645,2044,1084,960,649,313,336,953,544,409,534,300,234,164,90,74,1077,567,510,500,268,232
27476,C4920,20,364,District-Ranchi,Rural,20-29,5407,2986,2421,946,502,444,1406,754,652,447,250,197,898,557,341,303,174,129,159,82,77,962,504,458,286,163,123
27477,C4920,20,364,District-Ranchi,Rural,30-39,4794,2664,2130,861,468,393,1438,746,692,321,173,148,748,486,262,242,130,112,168,86,82,812,444,368,204,131,73
27478,C4920,20,364,District-Ranchi,Rural,40-49,4328,2458,1870,925,519,406,1154,622,532,303,156,147,739,470,269,210,109,101,154,92,62,674,395,279,169,95,74
27479,C4920,20,364,District-Ranchi,Rural,50-59,3445,1927,1518,754,394,360,922,492,430,210,127,83,697,438,259,111,67,44,89,52,37,512,273,239,150,84,66
27480,C4920,20,364,District-Ranchi,Rural,60-69,3984,2016,1968,948,449,499,980,475,505,155,84,71,1019,561,458,78,37,41,59,27,32,460,261,199,285,122,163
27481,C4920,20,364,District-Ranchi,Rural,70-79,2204,1064,1140,462,224,238,526,267,259,56,29,27,600,284,316,26,14,12,19,10,9,224,105,119,291,131,160
27482,C4920,20,364,District-Ranchi,Rural,80-89,698,360,338,137,71,66,149,78,71,8,6,2,212,117,95,10,6,4,4,3,1,50,22,28,128,57,71
27483,C4920,20,364,District-Ranchi,Rural,90+,241,117,124,35,21,14,65,31,34,2,1,1,63,33,30,3,1,2,1,1,0,23,9,14,49,20,29
27484,C4920,20,364,District-Ranchi,Rural,Age Not Stated,393,213,180,97,50,47,113,64,49,17,9,8,40,17,23,18,16,2,6,2,4,81,41,40,21,14,7
27485,C4920,20,364,District-Ranchi,Urban,Total,25870,14557,11313,5002,2707,2295,6210,3373,2837,2368,1302,1066,3751,2248,1503,1173,697,476,1301,903,398,4672,2537,2135,1393,790,603
27486,C4920,20,364,District-Ranchi,Urban,0-4,1390,758,632,316,172,144,410,225,185,39,30,9,81,47,34,47,29,18,7,4,3,413,212,201,77,39,38
27487,C4920,20,364,District-Ranchi,Urban,5-9,1862,1037,825,388,207,181,505,291,214,211,121,90,147,82,65,90,49,41,25,15,10,356,190,166,140,82,58
27488,C4920,20,364,District-Ranchi,Urban,10-19,4645,2447,2198,994,511,483,1173,579,594,442,223,219,497,290,207,293,161,132,136,97,39,814,412,402,296,174,122
27489,C4920,20,364,District-Ranchi,Urban,20-29,4692,2622,2070,792,420,372,1098,595,503,459,232,227,625,364,261,242,144,98,401,295,106,877,467,410,198,105,93
27490,C4920,20,364,District-Ranchi,Urban,30-39,3961,2306,1655,698,395,303,964,520,444,412,234,178,482,305,177,207,133,74,350,237,113,699,399,300,149,83,66
27491,C4920,20,364,District-Ranchi,Urban,40-49,3168,1955,1213,553,323,230,778,466,312,331,183,148,501,343,158,151,101,50,184,126,58,548,335,213,122,78,44
27492,C4920,20,364,District-Ranchi,Urban,50-59,2213,1278,935,414,228,186,508,290,218,205,123,82,436,263,173,76,45,31,93,52,41,369,203,166,112,74,38
27493,C4920,20,364,District-Ranchi,Urban,60-69,2015,1091,924,417,207,210,406,213,193,154,87,67,516,290,226,44,22,22,63,40,23,303,166,137,112,66,46
27494,C4920,20,364,District-Ranchi,Urban,70-79,1017,569,448,247,147,100,173,86,87,53,35,18,303,177,126,8,5,3,17,16,1,125,63,62,91,40,51
27495,C4920,20,364,District-Ranchi,Urban,80-89,370,199,171,76,45,31,82,41,41,19,12,7,94,50,44,2,1,1,2,1,1,44,22,22,51,27,24
27496,C4920,20,364,District-Ranchi,Urban,90+,95,47,48,18,6,12,18,9,9,2,0,2,22,12,10,2,2,0,6,6,0,14,6,8,13,6,7
27497,C4920,20,364,District-Ranchi,Urban,Age Not Stated,442,248,194,89,46,43,95,58,37,41,22,19,47,25,22,11,5,6,17,14,3,110,62,48,32,16,16
27498,C4920,20,365,District-Khunti,Total,Total,8415,4630,3785,966,530,436,1786,974,812,376,204,172,2129,1223,906,465,231,234,353,193,160,1642,882,760,698,393,305
27499,C4920,20,365,District-Khunti,Total,0-4,393,206,187,32,20,12,107,51,56,9,6,3,58,31,27,19,11,8,4,3,1,136,69,67,28,15,13
27500,C4920,20,365,District-Khunti,Total,5-9,723,406,317,55,30,25,236,126,110,62,37,25,81,55,26,36,20,16,10,3,7,172,89,83,71,46,25
27501,C4920,20,365,District-Khunti,Total,10-19,1384,747,637,104,52,52,240,134,106,94,53,41,319,180,139,134,57,77,44,29,15,314,166,148,135,76,59
27502,C4920,20,365,District-Khunti,Total,20-29,1152,661,491,86,56,30,241,147,94,73,33,40,253,142,111,98,61,37,80,49,31,242,126,116,79,47,32
27503,C4920,20,365,District-Khunti,Total,30-39,1002,595,407,90,53,37,189,117,72,58,27,31,249,154,95,57,31,26,68,33,35,239,140,99,52,40,12
27504,C4920,20,365,District-Khunti,Total,40-49,1012,578,434,132,75,57,195,108,87,30,17,13,281,169,112,58,27,31,66,38,28,199,117,82,51,27,24
27505,C4920,20,365,District-Khunti,Total,50-59,842,461,381,115,57,58,167,80,87,24,17,7,285,180,105,23,11,12,39,16,23,128,69,59,61,31,30
27506,C4920,20,365,District-Khunti,Total,60-69,1126,602,524,214,116,98,240,129,111,16,9,7,350,197,153,26,9,17,35,18,17,142,72,70,103,52,51
27507,C4920,20,365,District-Khunti,Total,70-79,542,256,286,101,53,48,126,64,62,7,4,3,174,74,100,11,4,7,6,3,3,55,25,30,62,29,33
27508,C4920,20,365,District-Khunti,Total,80-89,194,97,97,31,17,14,41,16,25,3,1,2,63,36,27,2,0,2,0,0,0,11,6,5,43,21,22
27509,C4920,20,365,District-Khunti,Total,90+,39,18,21,5,1,4,3,1,2,0,0,0,15,5,10,0,0,0,1,1,0,2,1,1,13,9,4
27510,C4920,20,365,District-Khunti,Total,Age Not Stated,6,3,3,1,0,1,1,1,0,0,0,0,1,0,1,1,0,1,0,0,0,2,2,0,0,0,0
27511,C4920,20,365,District-Khunti,Rural,Total,7724,4241,3483,912,500,412,1656,902,754,351,193,158,1930,1112,818,419,208,211,306,168,138,1530,818,712,620,340,280
27512,C4920,20,365,District-Khunti,Rural,0-4,371,197,174,30,18,12,106,51,55,8,6,2,54,29,25,17,10,7,4,3,1,126,66,60,26,14,12
27513,C4920,20,365,District-Khunti,Rural,5-9,678,379,299,50,27,23,231,125,106,58,34,24,70,46,24,29,17,12,10,3,7,166,88,78,64,39,25
27514,C4920,20,365,District-Khunti,Rural,10-19,1286,691,595,98,49,49,225,125,100,89,50,39,297,166,131,127,54,73,37,25,12,295,157,138,118,65,53
27515,C4920,20,365,District-Khunti,Rural,20-29,1046,595,451,82,52,30,220,131,89,67,32,35,226,128,98,87,54,33,70,41,29,221,113,108,73,44,29
27516,C4920,20,365,District-Khunti,Rural,30-39,900,533,367,84,50,34,173,109,64,55,26,29,221,134,87,44,25,19,59,30,29,220,125,95,44,34,10
27517,C4920,20,365,District-Khunti,Rural,40-49,921,528,393,118,68,50,176,98,78,30,17,13,253,157,96,54,25,29,59,34,25,183,105,78,48,24,24
27518,C4920,20,365,District-Khunti,Rural,50-59,781,429,352,109,54,55,160,79,81,21,15,6,260,163,97,23,11,12,29,12,17,124,67,57,55,28,27
27519,C4920,20,365,District-Khunti,Rural,60-69,1043,554,489,207,111,96,216,111,105,15,9,6,321,185,136,25,8,17,33,17,16,131,67,64,95,46,49
27520,C4920,20,365,District-Khunti,Rural,70-79,486,228,258,98,53,45,112,59,53,5,3,2,156,65,91,10,4,6,4,2,2,51,21,30,50,21,29
27521,C4920,20,365,District-Khunti,Rural,80-89,173,87,86,31,17,14,34,12,22,3,1,2,59,34,25,2,0,2,0,0,0,9,6,3,35,17,18
27522,C4920,20,365,District-Khunti,Rural,90+,34,17,17,5,1,4,2,1,1,0,0,0,12,5,7,0,0,0,1,1,0,2,1,1,12,8,4
27523,C4920,20,365,District-Khunti,Rural,Age Not Stated,5,3,2,0,0,0,1,1,0,0,0,0,1,0,1,1,0,1,0,0,0,2,2,0,0,0,0
27524,C4920,20,365,District-Khunti,Urban,Total,691,389,302,54,30,24,130,72,58,25,11,14,199,111,88,46,23,23,47,25,22,112,64,48,78,53,25
27525,C4920,20,365,District-Khunti,Urban,0-4,22,9,13,2,2,0,1,0,1,1,0,1,4,2,2,2,1,1,0,0,0,10,3,7,2,1,1
27526,C4920,20,365,District-Khunti,Urban,5-9,45,27,18,5,3,2,5,1,4,4,3,1,11,9,2,7,3,4,0,0,0,6,1,5,7,7,0
27527,C4920,20,365,District-Khunti,Urban,10-19,98,56,42,6,3,3,15,9,6,5,3,2,22,14,8,7,3,4,7,4,3,19,9,10,17,11,6
27528,C4920,20,365,District-Khunti,Urban,20-29,106,66,40,4,4,0,21,16,5,6,1,5,27,14,13,11,7,4,10,8,2,21,13,8,6,3,3
27529,C4920,20,365,District-Khunti,Urban,30-39,102,62,40,6,3,3,16,8,8,3,1,2,28,20,8,13,6,7,9,3,6,19,15,4,8,6,2
27530,C4920,20,365,District-Khunti,Urban,40-49,91,50,41,14,7,7,19,10,9,0,0,0,28,12,16,4,2,2,7,4,3,16,12,4,3,3,0
27531,C4920,20,365,District-Khunti,Urban,50-59,61,32,29,6,3,3,7,1,6,3,2,1,25,17,8,0,0,0,10,4,6,4,2,2,6,3,3
27532,C4920,20,365,District-Khunti,Urban,60-69,83,48,35,7,5,2,24,18,6,1,0,1,29,12,17,1,1,0,2,1,1,11,5,6,8,6,2
27533,C4920,20,365,District-Khunti,Urban,70-79,56,28,28,3,0,3,14,5,9,2,1,1,18,9,9,1,0,1,2,1,1,4,4,0,12,8,4
27534,C4920,20,365,District-Khunti,Urban,80-89,21,10,11,0,0,0,7,4,3,0,0,0,4,2,2,0,0,0,0,0,0,2,0,2,8,4,4
27535,C4920,20,365,District-Khunti,Urban,90+,5,1,4,0,0,0,1,0,1,0,0,0,3,0,3,0,0,0,0,0,0,0,0,0,1,1,0
27536,C4920,20,365,District-Khunti,Urban,Age Not Stated,1,0,1,1,0,1,0,0,0,0,0,0,0,0,0,0,0,0,0,0,0,0,0,0,0,0,0
27537,C4920,20,366,District-Gumla,Total,Total,18977,10074,8903,2652,1399,1253,4104,1977,2127,879,455,424,5288,3075,2213,1078,566,512,708,350,358,2522,1375,1147,1746,877,869
27538,C4920,20,366,District-Gumla,Total,0-4,851,462,389,85,40,45,279,139,140,29,14,15,104,61,43,31,20,11,3,1,2,251,140,111,69,47,22
27539,C4920,20,366,District-Gumla,Total,5-9,1387,747,640,168,99,69,361,162,199,162,85,77,202,121,81,96,52,44,31,22,9,241,132,109,126,74,52
27540,C4920,20,366,District-Gumla,Total,10-19,3340,1747,1593,366,202,164,704,329,375,243,127,116,714,410,304,330,166,164,108,57,51,539,272,267,336,184,152
27541,C4920,20,366,District-Gumla,Total,20-29,2357,1275,1082,253,159,94,477,214,263,145,74,71,621,388,233,198,98,100,141,68,73,346,180,166,176,94,82
27542,C4920,20,366,District-Gumla,Total,30-39,1998,1120,878,235,125,110,439,212,227,103,54,49,530,331,199,159,91,68,143,75,68,276,161,115,113,71,42
27543,C4920,20,366,District-Gumla,Total,40-49,2037,1144,893,258,153,105,423,220,203,73,35,38,640,395,245,124,67,57,131,53,78,277,161,116,111,60,51
27544,C4920,20,366,District-Gumla,Total,50-59,1913,1058,855,292,145,147,381,194,187,53,30,23,662,409,253,67,39,28,84,38,46,242,144,98,132,59,73
27545,C4920,20,366,District-Gumla,Total,60-69,2647,1297,1350,506,243,263,572,260,312,49,22,27,956,519,437,48,18,30,50,25,25,222,109,113,244,101,143
27546,C4920,20,366,District-Gumla,Total,70-79,1729,852,877,351,157,194,364,195,169,15,10,5,597,297,300,16,11,5,13,8,5,98,61,37,275,113,162
27547,C4920,20,366,District-Gumla,Total,80-89,566,295,271,114,60,54,83,43,40,5,3,2,209,115,94,8,4,4,2,2,0,21,12,9,124,56,68
27548,C4920,20,366,District-Gumla,Total,90+,141,73,68,22,16,6,18,9,9,0,0,0,51,27,24,1,0,1,2,1,1,7,2,5,40,18,22
27549,C4920,20,366,District-Gumla,Total,Age Not Stated,11,4,7,2,0,2,3,0,3,2,1,1,2,2,0,0,0,0,0,0,0,2,1,1,0,0,0
27550,C4920,20,366,District-Gumla,Rural,Total,17846,9440,8406,2459,1284,1175,3937,1892,2045,825,424,401,4959,2893,2066,989,516,473,663,329,334,2386,1299,1087,1628,803,825
27551,C4920,20,366,District-Gumla,Rural,0-4,807,434,373,78,36,42,272,135,137,27,13,14,101,59,42,27,16,11,3,1,2,239,130,109,60,44,16
27552,C4920,20,366,District-Gumla,Rural,5-9,1314,701,613,153,87,66,350,157,193,156,81,75,197,119,78,90,49,41,30,21,9,225,122,103,113,65,48
27553,C4920,20,366,District-Gumla,Rural,10-19,3062,1602,1460,318,176,142,659,307,352,229,119,110,656,384,272,293,147,146,105,56,49,502,253,249,300,160,140
27554,C4920,20,366,District-Gumla,Rural,20-29,2170,1166,1004,233,142,91,454,202,252,135,68,67,554,351,203,179,87,92,130,62,68,327,171,156,158,83,75
27555,C4920,20,366,District-Gumla,Rural,30-39,1850,1036,814,216,116,100,416,201,215,94,48,46,484,302,182,146,84,62,130,68,62,262,153,109,102,64,38
27556,C4920,20,366,District-Gumla,Rural,40-49,1906,1066,840,230,135,95,406,210,196,68,32,36,606,374,232,116,63,53,124,52,72,256,148,108,100,52,48
27557,C4920,20,366,District-Gumla,Rural,50-59,1821,1003,818,279,139,140,366,186,180,47,27,20,628,385,243,65,37,28,77,35,42,235,140,95,124,54,70
27558,C4920,20,366,District-Gumla,Rural,60-69,2552,1245,1307,480,229,251,561,254,307,48,22,26,911,493,418,48,18,30,47,23,24,216,108,108,241,98,143
27559,C4920,20,366,District-Gumla,Rural,70-79,1681,828,853,344,152,192,352,190,162,14,10,4,575,287,288,16,11,5,13,8,5,96,59,37,271,111,160
27560,C4920,20,366,District-Gumla,Rural,80-89,539,286,253,108,58,50,80,41,39,5,3,2,198,112,86,8,4,4,2,2,0,19,12,7,119,54,65
27561,C4920,20,366,District-Gumla,Rural,90+,133,69,64,18,14,4,18,9,9,0,0,0,47,25,22,1,0,1,2,1,1,7,2,5,40,18,22
27562,C4920,20,366,District-Gumla,Rural,Age Not Stated,11,4,7,2,0,2,3,0,3,2,1,1,2,2,0,0,0,0,0,0,0,2,1,1,0,0,0
27563,C4920,20,366,District-Gumla,Urban,Total,1131,634,497,193,115,78,167,85,82,54,31,23,329,182,147,89,50,39,45,21,24,136,76,60,118,74,44
27564,C4920,20,366,District-Gumla,Urban,0-4,44,28,16,7,4,3,7,4,3,2,1,1,3,2,1,4,4,0,0,0,0,12,10,2,9,3,6
27565,C4920,20,366,District-Gumla,Urban,5-9,73,46,27,15,12,3,11,5,6,6,4,2,5,2,3,6,3,3,1,1,0,16,10,6,13,9,4
27566,C4920,20,366,District-Gumla,Urban,10-19,278,145,133,48,26,22,45,22,23,14,8,6,58,26,32,37,19,18,3,1,2,37,19,18,36,24,12
27567,C4920,20,366,District-Gumla,Urban,20-29,187,109,78,20,17,3,23,12,11,10,6,4,67,37,30,19,11,8,11,6,5,19,9,10,18,11,7
27568,C4920,20,366,District-Gumla,Urban,30-39,148,84,64,19,9,10,23,11,12,9,6,3,46,29,17,13,7,6,13,7,6,14,8,6,11,7,4
27569,C4920,20,366,District-Gumla,Urban,40-49,131,78,53,28,18,10,17,10,7,5,3,2,34,21,13,8,4,4,7,1,6,21,13,8,11,8,3
27570,C4920,20,366,District-Gumla,Urban,50-59,92,55,37,13,6,7,15,8,7,6,3,3,34,24,10,2,2,0,7,3,4,7,4,3,8,5,3
27571,C4920,20,366,District-Gumla,Urban,60-69,95,52,43,26,14,12,11,6,5,1,0,1,45,26,19,0,0,0,3,2,1,6,1,5,3,3,0
27572,C4920,20,366,District-Gumla,Urban,70-79,48,24,24,7,5,2,12,5,7,1,0,1,22,10,12,0,0,0,0,0,0,2,2,0,4,2,2
27573,C4920,20,366,District-Gumla,Urban,80-89,27,9,18,6,2,4,3,2,1,0,0,0,11,3,8,0,0,0,0,0,0,2,0,2,5,2,3
27574,C4920,20,366,District-Gumla,Urban,90+,8,4,4,4,2,2,0,0,0,0,0,0,4,2,2,0,0,0,0,0,0,0,0,0,0,0,0
27575,C4920,20,366,District-Gumla,Urban,Age Not Stated,0,0,0,0,0,0,0,0,0,0,0,0,0,0,0,0,0,0,0,0,0,0,0,0,0,0,0
27576,C4920,20,367,District-Simdega,Total,Total,10097,5407,4690,1056,528,528,2004,1065,939,463,238,225,2995,1736,1259,544,263,281,476,256,220,1518,790,728,1041,531,510
27577,C4920,20,367,District-Simdega,Total,0-4,386,212,174,33,17,16,121,75,46,13,7,6,65,33,32,13,7,6,3,1,2,99,52,47,39,20,19
27578,C4920,20,367,District-Simdega,Total,5-9,642,332,310,44,27,17,136,71,65,56,23,33,106,63,43,44,23,21,14,7,7,145,68,77,97,50,47
27579,C4920,20,367,District-Simdega,Total,10-19,1482,767,715,123,58,65,271,141,130,118,63,55,330,178,152,157,70,87,56,37,19,243,120,123,184,100,84
27580,C4920,20,367,District-Simdega,Total,20-29,1326,741,585,65,38,27,228,118,110,82,42,40,410,254,156,116,60,56,111,61,50,185,101,84,129,67,62
27581,C4920,20,367,District-Simdega,Total,30-39,1084,626,458,70,35,35,186,103,83,64,33,31,321,218,103,82,43,39,83,39,44,185,101,84,93,54,39
27582,C4920,20,367,District-Simdega,Total,40-49,1205,712,493,119,61,58,228,136,92,50,30,20,370,236,134,72,39,33,88,50,38,199,113,86,79,47,32
27583,C4920,20,367,District-Simdega,Total,50-59,1106,628,478,138,78,60,196,109,87,39,21,18,394,254,140,32,10,22,66,31,35,183,91,92,58,34,24
27584,C4920,20,367,District-Simdega,Total,60-69,1565,769,796,265,128,137,367,176,191,27,11,16,506,269,237,24,9,15,31,16,15,193,93,100,152,67,85
27585,C4920,20,367,District-Simdega,Total,70-79,943,453,490,136,58,78,201,101,100,9,6,3,354,163,191,3,1,2,19,13,6,71,44,27,150,67,83
27586,C4920,20,367,District-Simdega,Total,80-89,284,129,155,46,19,27,55,27,28,5,2,3,114,55,59,1,1,0,3,0,3,12,6,6,48,19,29
27587,C4920,20,367,District-Simdega,Total,90+,68,36,32,17,9,8,13,7,6,0,0,0,24,13,11,0,0,0,1,1,0,1,0,1,12,6,6
27588,C4920,20,367,District-Simdega,Total,Age Not Stated,6,2,4,0,0,0,2,1,1,0,0,0,1,0,1,0,0,0,1,0,1,2,1,1,0,0,0
27589,C4920,20,367,District-Simdega,Rural,Total,9576,5114,4462,1028,512,516,1933,1025,908,425,219,206,2804,1617,1187,502,243,259,449,241,208,1442,754,688,993,503,490
27590,C4920,20,367,District-Simdega,Rural,0-4,363,197,166,31,15,16,114,69,45,13,7,6,63,33,30,13,7,6,2,0,2,93,48,45,34,18,16
27591,C4920,20,367,District-Simdega,Rural,5-9,609,316,293,38,24,14,133,69,64,53,22,31,101,59,42,40,21,19,14,7,7,138,65,73,92,49,43
27592,C4920,20,367,District-Simdega,Rural,10-19,1386,721,665,121,58,63,257,135,122,106,56,50,312,169,143,142,63,79,51,35,16,230,117,113,167,88,79
27593,C4920,20,367,District-Simdega,Rural,20-29,1222,686,536,60,35,25,220,112,108,72,37,35,362,229,133,106,55,51,103,56,47,174,97,77,125,65,60
27594,C4920,20,367,District-Simdega,Rural,30-39,1017,578,439,68,34,34,183,100,83,61,31,30,292,195,97,75,39,36,76,35,41,173,93,80,89,51,38
27595,C4920,20,367,District-Simdega,Rural,40-49,1136,671,465,117,60,57,217,130,87,43,27,16,342,216,126,68,37,31,85,48,37,187,108,79,77,45,32
27596,C4920,20,367,District-Simdega,Rural,50-59,1055,597,458,133,74,59,185,104,81,39,21,18,372,238,134,31,10,21,63,30,33,174,86,88,58,34,24
27597,C4920,20,367,District-Simdega,Rural,60-69,1525,743,782,262,126,136,362,173,189,25,11,14,484,253,231,23,9,14,31,16,15,191,92,99,147,63,84
27598,C4920,20,367,District-Simdega,Rural,70-79,916,441,475,136,58,78,195,99,96,8,5,3,341,157,184,3,1,2,19,13,6,68,42,26,146,66,80
27599,C4920,20,367,District-Simdega,Rural,80-89,275,126,149,45,19,26,52,26,26,5,2,3,111,55,56,1,1,0,3,0,3,11,5,6,47,18,29
27600,C4920,20,367,District-Simdega,Rural,90+,66,36,30,17,9,8,13,7,6,0,0,0,23,13,10,0,0,0,1,1,0,1,0,1,11,6,5
27601,C4920,20,367,District-Simdega,Rural,Age Not Stated,6,2,4,0,0,0,2,1,1,0,0,0,1,0,1,0,0,0,1,0,1,2,1,1,0,0,0
27602,C4920,20,367,District-Simdega,Urban,Total,521,293,228,28,16,12,71,40,31,38,19,19,191,119,72,42,20,22,27,15,12,76,36,40,48,28,20
27603,C4920,20,367,District-Simdega,Urban,0-4,23,15,8,2,2,0,7,6,1,0,0,0,2,0,2,0,0,0,1,1,0,6,4,2,5,2,3
27604,C4920,20,367,District-Simdega,Urban,5-9,33,16,17,6,3,3,3,2,1,3,1,2,5,4,1,4,2,2,0,0,0,7,3,4,5,1,4
27605,C4920,20,367,District-Simdega,Urban,10-19,96,46,50,2,0,2,14,6,8,12,7,5,18,9,9,15,7,8,5,2,3,13,3,10,17,12,5
27606,C4920,20,367,District-Simdega,Urban,20-29,104,55,49,5,3,2,8,6,2,10,5,5,48,25,23,10,5,5,8,5,3,11,4,7,4,2,2
27607,C4920,20,367,District-Simdega,Urban,30-39,67,48,19,2,1,1,3,3,0,3,2,1,29,23,6,7,4,3,7,4,3,12,8,4,4,3,1
27608,C4920,20,367,District-Simdega,Urban,40-49,69,41,28,2,1,1,11,6,5,7,3,4,28,20,8,4,2,2,3,2,1,12,5,7,2,2,0
27609,C4920,20,367,District-Simdega,Urban,50-59,51,31,20,5,4,1,11,5,6,0,0,0,22,16,6,1,0,1,3,1,2,9,5,4,0,0,0
27610,C4920,20,367,District-Simdega,Urban,60-69,40,26,14,3,2,1,5,3,2,2,0,2,22,16,6,1,0,1,0,0,0,2,1,1,5,4,1
27611,C4920,20,367,District-Simdega,Urban,70-79,27,12,15,0,0,0,6,2,4,1,1,0,13,6,7,0,0,0,0,0,0,3,2,1,4,1,3
27612,C4920,20,367,District-Simdega,Urban,80-89,9,3,6,1,0,1,3,1,2,0,0,0,3,0,3,0,0,0,0,0,0,1,1,0,1,1,0
27613,C4920,20,367,District-Simdega,Urban,90+,2,0,2,0,0,0,0,0,0,0,0,0,1,0,1,0,0,0,0,0,0,0,0,0,1,0,1
27614,C4920,20,367,District-Simdega,Urban,Age Not Stated,0,0,0,0,0,0,0,0,0,0,0,0,0,0,0,0,0,0,0,0,0,0,0,0,0,0,0
27615,C4920,20,368,District-Pashchimi Singhbhum,Total,Total,19747,10182,9565,2502,1257,1245,3918,1905,2013,1151,602,549,6073,3199,2874,832,465,367,641,327,314,2769,1499,1270,1861,928,933
27616,C4920,20,368,District-Pashchimi Singhbhum,Total,0-4,773,413,360,65,30,35,208,105,103,16,9,7,154,97,57,24,12,12,8,5,3,213,108,105,85,47,38
27617,C4920,20,368,District-Pashchimi Singhbhum,Total,5-9,1374,724,650,103,57,46,326,167,159,176,94,82,219,112,107,83,49,34,20,10,10,273,141,132,174,94,80
27618,C4920,20,368,District-Pashchimi Singhbhum,Total,10-19,3190,1724,1466,256,139,117,619,310,309,339,182,157,763,403,360,222,138,84,96,54,42,528,287,241,367,211,156
27619,C4920,20,368,District-Pashchimi Singhbhum,Total,20-29,2409,1336,1073,193,111,82,416,209,207,211,99,112,703,416,287,148,81,67,144,73,71,397,226,171,197,121,76
27620,C4920,20,368,District-Pashchimi Singhbhum,Total,30-39,2102,1226,876,197,125,72,388,211,177,139,74,65,627,397,230,139,70,69,129,64,65,335,195,140,148,90,58
27621,C4920,20,368,District-Pashchimi Singhbhum,Total,40-49,2339,1369,970,276,167,109,408,225,183,132,75,57,804,498,306,104,57,47,116,59,57,355,207,148,144,81,63
27622,C4920,20,368,District-Pashchimi Singhbhum,Total,50-59,2223,1194,1029,370,187,183,467,216,251,76,40,36,781,454,327,65,31,34,67,39,28,277,159,118,120,68,52
27623,C4920,20,368,District-Pashchimi Singhbhum,Total,60-69,3050,1305,1745,615,272,343,645,274,371,45,21,24,1134,474,660,37,20,17,45,17,28,265,129,136,264,98,166
27624,C4920,20,368,District-Pashchimi Singhbhum,Total,70-79,1718,660,1058,344,137,207,336,138,198,13,7,6,666,260,406,6,4,2,12,5,7,106,39,67,235,70,165
27625,C4920,20,368,District-Pashchimi Singhbhum,Total,80-89,454,191,263,71,26,45,86,43,43,4,1,3,182,76,106,4,3,1,2,0,2,11,6,5,94,36,58
27626,C4920,20,368,District-Pashchimi Singhbhum,Total,90+,111,38,73,11,5,6,19,7,12,0,0,0,38,12,26,0,0,0,2,1,1,8,1,7,33,12,21
27627,C4920,20,368,District-Pashchimi Singhbhum,Total,Age Not Stated,4,2,2,1,1,0,0,0,0,0,0,0,2,0,2,0,0,0,0,0,0,1,1,0,0,0,0
27628,C4920,20,368,District-Pashchimi Singhbhum,Rural,Total,16459,8330,8129,2103,1031,1072,3477,1673,1804,965,501,464,5041,2593,2448,602,330,272,459,221,238,2333,1256,1077,1479,725,754
27629,C4920,20,368,District-Pashchimi Singhbhum,Rural,0-4,691,374,317,54,26,28,188,99,89,15,9,6,138,87,51,17,9,8,5,3,2,194,98,96,80,43,37
27630,C4920,20,368,District-Pashchimi Singhbhum,Rural,5-9,1205,641,564,86,48,38,306,158,148,151,82,69,185,90,95,68,39,29,14,7,7,253,134,119,142,83,59
27631,C4920,20,368,District-Pashchimi Singhbhum,Rural,10-19,2688,1445,1243,205,106,99,565,284,281,290,159,131,665,346,319,160,100,60,51,28,23,467,256,211,285,166,119
27632,C4920,20,368,District-Pashchimi Singhbhum,Rural,20-29,1948,1071,877,154,85,69,375,193,182,174,81,93,574,338,236,102,55,47,103,48,55,322,183,139,144,88,56
27633,C4920,20,368,District-Pashchimi Singhbhum,Rural,30-39,1691,966,725,154,96,58,338,175,163,116,58,58,504,318,186,94,43,51,103,50,53,272,160,112,110,66,44
27634,C4920,20,368,District-Pashchimi Singhbhum,Rural,40-49,1882,1088,794,237,143,94,356,195,161,109,61,48,639,396,243,74,38,36,87,39,48,274,156,118,106,60,46
27635,C4920,20,368,District-Pashchimi Singhbhum,Rural,50-59,1812,935,877,305,149,156,406,179,227,54,25,29,629,354,275,52,25,27,50,28,22,227,130,97,89,45,44
27636,C4920,20,368,District-Pashchimi Singhbhum,Rural,60-69,2681,1108,1573,547,236,311,586,245,341,40,18,22,990,395,595,28,16,12,37,14,23,222,102,120,231,82,149
27637,C4920,20,368,District-Pashchimi Singhbhum,Rural,70-79,1448,536,912,296,116,180,288,114,174,13,7,6,553,204,349,5,3,2,8,4,4,88,30,58,197,58,139
27638,C4920,20,368,District-Pashchimi Singhbhum,Rural,80-89,329,138,191,55,20,35,55,27,28,3,1,2,138,57,81,2,2,0,0,0,0,8,5,3,68,26,42
27639,C4920,20,368,District-Pashchimi Singhbhum,Rural,90+,80,26,54,9,5,4,14,4,10,0,0,0,24,8,16,0,0,0,1,0,1,5,1,4,27,8,19
27640,C4920,20,368,District-Pashchimi Singhbhum,Rural,Age Not Stated,4,2,2,1,1,0,0,0,0,0,0,0,2,0,2,0,0,0,0,0,0,1,1,0,0,0,0
27641,C4920,20,368,District-Pashchimi Singhbhum,Urban,Total,3288,1852,1436,399,226,173,441,232,209,186,101,85,1032,606,426,230,135,95,182,106,76,436,243,193,382,203,179
27642,C4920,20,368,District-Pashchimi Singhbhum,Urban,0-4,82,39,43,11,4,7,20,6,14,1,0,1,16,10,6,7,3,4,3,2,1,19,10,9,5,4,1
27643,C4920,20,368,District-Pashchimi Singhbhum,Urban,5-9,169,83,86,17,9,8,20,9,11,25,12,13,34,22,12,15,10,5,6,3,3,20,7,13,32,11,21
27644,C4920,20,368,District-Pashchimi Singhbhum,Urban,10-19,502,279,223,51,33,18,54,26,28,49,23,26,98,57,41,62,38,24,45,26,19,61,31,30,82,45,37
27645,C4920,20,368,District-Pashchimi Singhbhum,Urban,20-29,461,265,196,39,26,13,41,16,25,37,18,19,129,78,51,46,26,20,41,25,16,75,43,32,53,33,20
27646,C4920,20,368,District-Pashchimi Singhbhum,Urban,30-39,411,260,151,43,29,14,50,36,14,23,16,7,123,79,44,45,27,18,26,14,12,63,35,28,38,24,14
27647,C4920,20,368,District-Pashchimi Singhbhum,Urban,40-49,457,281,176,39,24,15,52,30,22,23,14,9,165,102,63,30,19,11,29,20,9,81,51,30,38,21,17
27648,C4920,20,368,District-Pashchimi Singhbhum,Urban,50-59,411,259,152,65,38,27,61,37,24,22,15,7,152,100,52,13,6,7,17,11,6,50,29,21,31,23,8
27649,C4920,20,368,District-Pashchimi Singhbhum,Urban,60-69,369,197,172,68,36,32,59,29,30,5,3,2,144,79,65,9,4,5,8,3,5,43,27,16,33,16,17
27650,C4920,20,368,District-Pashchimi Singhbhum,Urban,70-79,270,124,146,48,21,27,48,24,24,0,0,0,113,56,57,1,1,0,4,1,3,18,9,9,38,12,26
27651,C4920,20,368,District-Pashchimi Singhbhum,Urban,80-89,125,53,72,16,6,10,31,16,15,1,0,1,44,19,25,2,1,1,2,0,2,3,1,2,26,10,16
27652,C4920,20,368,District-Pashchimi Singhbhum,Urban,90+,31,12,19,2,0,2,5,3,2,0,0,0,14,4,10,0,0,0,1,1,0,3,0,3,6,4,2
27653,C4920,20,368,District-Pashchimi Singhbhum,Urban,Age Not Stated,0,0,0,0,0,0,0,0,0,0,0,0,0,0,0,0,0,0,0,0,0,0,0,0,0,0,0
27654,C4920,20,369,District-Saraikela-Kharsawan,Total,Total,27451,14734,12717,8265,4463,3802,7089,3627,3462,1198,657,541,3479,2003,1476,1275,711,564,506,291,215,3914,2075,1839,1725,907,818
27655,C4920,20,369,District-Saraikela-Kharsawan,Total,0-4,1758,895,863,641,322,319,494,245,249,29,14,15,81,49,32,81,42,39,6,5,1,337,167,170,89,51,38
27656,C4920,20,369,District-Saraikela-Kharsawan,Total,5-9,2352,1254,1098,760,396,364,640,319,321,163,90,73,134,82,52,134,74,60,14,11,3,351,183,168,156,99,57
27657,C4920,20,369,District-Saraikela-Kharsawan,Total,10-19,4663,2501,2162,1368,735,633,1176,633,543,322,176,146,378,191,187,309,172,137,79,46,33,682,361,321,349,187,162
27658,C4920,20,369,District-Saraikela-Kharsawan,Total,20-29,3977,2119,1858,1168,638,530,1033,502,531,209,115,94,456,267,189,231,127,104,81,53,28,581,303,278,218,114,104
27659,C4920,20,369,District-Saraikela-Kharsawan,Total,30-39,3619,2077,1542,1098,656,442,903,487,416,166,91,75,444,286,158,181,96,85,103,66,37,589,318,271,135,77,58
27660,C4920,20,369,District-Saraikela-Kharsawan,Total,40-49,3049,1815,1234,859,523,336,773,436,337,123,70,53,454,295,159,159,100,59,107,59,48,479,268,211,95,64,31
27661,C4920,20,369,District-Saraikela-Kharsawan,Total,50-59,2501,1370,1131,747,403,344,637,331,306,74,43,31,422,263,159,86,44,42,62,30,32,366,194,172,107,62,45
27662,C4920,20,369,District-Saraikela-Kharsawan,Total,60-69,3064,1533,1531,938,467,471,823,369,454,69,40,29,586,324,262,60,36,24,38,15,23,327,176,151,223,106,117
27663,C4920,20,369,District-Saraikela-Kharsawan,Total,70-79,1653,781,872,493,239,254,404,197,207,24,9,15,365,168,197,19,10,9,11,4,7,127,65,62,210,89,121
27664,C4920,20,369,District-Saraikela-Kharsawan,Total,80-89,570,271,299,145,61,84,148,76,72,11,5,6,125,63,62,7,6,1,3,1,2,26,12,14,105,47,58
27665,C4920,20,369,District-Saraikela-Kharsawan,Total,90+,168,70,98,35,13,22,39,20,19,4,2,2,31,13,18,6,4,2,0,0,0,18,7,11,35,11,24
27666,C4920,20,369,District-Saraikela-Kharsawan,Total,Age Not Stated,77,48,29,13,10,3,19,12,7,4,2,2,3,2,1,2,0,2,2,1,1,31,21,10,3,0,3
27667,C4920,20,369,District-Saraikela-Kharsawan,Rural,Total,20448,10784,9664,5982,3170,2812,5091,2575,2516,876,473,403,2806,1572,1234,971,529,442,377,214,163,2961,1542,1419,1384,709,675
27668,C4920,20,369,District-Saraikela-Kharsawan,Rural,0-4,1269,629,640,457,223,234,344,172,172,24,10,14,65,38,27,66,31,35,1,1,0,250,122,128,62,32,30
27669,C4920,20,369,District-Saraikela-Kharsawan,Rural,5-9,1677,879,798,530,273,257,428,210,218,131,68,63,105,62,43,107,60,47,8,6,2,246,125,121,122,75,47
27670,C4920,20,369,District-Saraikela-Kharsawan,Rural,10-19,3426,1817,1609,946,496,450,843,447,396,237,126,111,309,156,153,232,128,104,50,34,16,538,284,254,271,146,125
27671,C4920,20,369,District-Saraikela-Kharsawan,Rural,20-29,2673,1420,1253,733,390,343,645,317,328,148,81,67,353,203,150,162,89,73,61,40,21,409,214,195,162,86,76
27672,C4920,20,369,District-Saraikela-Kharsawan,Rural,30-39,2529,1417,1112,723,419,304,598,317,281,109,60,49,343,223,120,131,65,66,77,49,28,446,230,216,102,54,48
27673,C4920,20,369,District-Saraikela-Kharsawan,Rural,40-49,2233,1317,916,614,381,233,543,304,239,90,52,38,348,221,127,121,74,47,86,47,39,355,189,166,76,49,27
27674,C4920,20,369,District-Saraikela-Kharsawan,Rural,50-59,1957,1055,902,596,323,273,476,242,234,49,28,21,339,203,136,67,34,33,48,20,28,285,151,134,97,54,43
27675,C4920,20,369,District-Saraikela-Kharsawan,Rural,60-69,2593,1264,1329,798,392,406,701,310,391,53,30,23,496,261,235,56,33,23,35,13,22,266,139,127,188,86,102
27676,C4920,20,369,District-Saraikela-Kharsawan,Rural,70-79,1407,656,751,429,206,223,339,161,178,20,9,11,308,138,170,15,6,9,9,3,6,106,57,49,181,76,105
27677,C4920,20,369,District-Saraikela-Kharsawan,Rural,80-89,488,238,250,120,51,69,129,68,61,9,5,4,108,53,55,7,6,1,2,1,1,23,12,11,90,42,48
27678,C4920,20,369,District-Saraikela-Kharsawan,Rural,90+,141,57,84,28,10,18,30,15,15,2,2,0,29,12,17,5,3,2,0,0,0,17,6,11,30,9,21
27679,C4920,20,369,District-Saraikela-Kharsawan,Rural,Age Not Stated,55,35,20,8,6,2,15,12,3,4,2,2,3,2,1,2,0,2,0,0,0,20,13,7,3,0,3
27680,C4920,20,369,District-Saraikela-Kharsawan,Urban,Total,7003,3950,3053,2283,1293,990,1998,1052,946,322,184,138,673,431,242,304,182,122,129,77,52,953,533,420,341,198,143
27681,C4920,20,369,District-Saraikela-Kharsawan,Urban,0-4,489,266,223,184,99,85,150,73,77,5,4,1,16,11,5,15,11,4,5,4,1,87,45,42,27,19,8
27682,C4920,20,369,District-Saraikela-Kharsawan,Urban,5-9,675,375,300,230,123,107,212,109,103,32,22,10,29,20,9,27,14,13,6,5,1,105,58,47,34,24,10
27683,C4920,20,369,District-Saraikela-Kharsawan,Urban,10-19,1237,684,553,422,239,183,333,186,147,85,50,35,69,35,34,77,44,33,29,12,17,144,77,67,78,41,37
27684,C4920,20,369,District-Saraikela-Kharsawan,Urban,20-29,1304,699,605,435,248,187,388,185,203,61,34,27,103,64,39,69,38,31,20,13,7,172,89,83,56,28,28
27685,C4920,20,369,District-Saraikela-Kharsawan,Urban,30-39,1090,660,430,375,237,138,305,170,135,57,31,26,101,63,38,50,31,19,26,17,9,143,88,55,33,23,10
27686,C4920,20,369,District-Saraikela-Kharsawan,Urban,40-49,816,498,318,245,142,103,230,132,98,33,18,15,106,74,32,38,26,12,21,12,9,124,79,45,19,15,4
27687,C4920,20,369,District-Saraikela-Kharsawan,Urban,50-59,544,315,229,151,80,71,161,89,72,25,15,10,83,60,23,19,10,9,14,10,4,81,43,38,10,8,2
27688,C4920,20,369,District-Saraikela-Kharsawan,Urban,60-69,471,269,202,140,75,65,122,59,63,16,10,6,90,63,27,4,3,1,3,2,1,61,37,24,35,20,15
27689,C4920,20,369,District-Saraikela-Kharsawan,Urban,70-79,246,125,121,64,33,31,65,36,29,4,0,4,57,30,27,4,4,0,2,1,1,21,8,13,29,13,16
27690,C4920,20,369,District-Saraikela-Kharsawan,Urban,80-89,82,33,49,25,10,15,19,8,11,2,0,2,17,10,7,0,0,0,1,0,1,3,0,3,15,5,10
27691,C4920,20,369,District-Saraikela-Kharsawan,Urban,90+,27,13,14,7,3,4,9,5,4,2,0,2,2,1,1,1,1,0,0,0,0,1,1,0,5,2,3
27692,C4920,20,369,District-Saraikela-Kharsawan,Urban,Age Not Stated,22,13,9,5,4,1,4,0,4,0,0,0,0,0,0,0,0,0,2,1,1,11,8,3,0,0,0
